YEAR,DOY,Hour,Bartels_rotation_number,ID_for_IMF_spacecraft,ID_for_SW_Plasma_spacecraft,num_points_IMF_averages,num_points_Plasma_averages,Scalar_B_nT,Vector_B_Magnitude_nT,Lat_Angle_of_B_GSE,Long_Angle_of_B_GSE,BX_nT_GSE_GSM,BY_nT_GSE,BZ_nT_GSE,BY_nT_GSM,BZ_nT_GSM,RMS_magnitude_nT,RMS_field_vector_nT,RMS_BX_GSE_nT,RMS_BY_GSE_nT,RMS_BZ_GSE_nT,SW_Plasma_Temperature_K,SW_Proton_Density_N_cm3,SW_Plasma_Speed_km_s,SW_Plasma_flow_long_angle,SW_Plasma_flow_lat_angle,Alpha_Prot_ratio,sigma_T_K,sigma_n_N_cm3,sigma_V_km_s,sigma_phi_V_degrees,sigma_theta_V_degrees,sigma_ratio,Flow_pressure,E_electric_field,Plasma_Beta,Alfen_mach_number,Magnetosonic_Mach_number,Quasy_Invariant,Kp_index,R_Sunspot_No,Dst_index_nT,ap_index_nT,f10.7_index,AE_index_nT,AL_index_nT,AU_index_nT,pc_index,Lyman_alpha,Proton_flux_>1_Mev,Proton_flux_>2_Mev,Proton_flux_>4_Mev,Proton_flux_>10_Mev,Proton_flux_>30_Mev,Proton_flux_>60_Mev,Flux_FLAG,Timestamp
2019,218,22,2537,51,52,60,36,3.5,2.5,-32.8,104.1,-0.5,2.0,-1.3,1.8,-1.5,0.4,2.4,1.5,1.1,1.5,185887.0,2.3,627.0,0.5,-2.4,0.035,19868.0,0.1,10.0,1.0,1.0,0.004,1.72,0.94,2.45,13.6,7.7,0.0064,27,0,-24,12,70.1,435,-338,97,2.9,0.006087,999999.99,99999.99,99999.99,0.3,0.17,0.13,-1,2019-08-06 22:00:00
2019,218,23,2537,51,52,57,35,3.4,2.3,33.1,112.4,-0.7,1.8,1.3,1.9,1.1,0.2,2.4,1.7,0.7,1.6,168700.0,2.5,622.0,0.9,-3.3,0.032,13203.0,0.1,13.0,0.5,1.1,0.002,1.82,-0.68,2.67,14.5,7.9,0.0057,27,0,-23,12,70.1,325,-244,81,2.8,0.006087,999999.99,99999.99,99999.99,0.32,0.18,0.12,-1,2019-08-06 23:00:00
2019,219,0,2537,51,52,60,35,3.4,3.1,-21.1,172.4,-2.9,0.4,-1.1,0.2,-1.1,0.1,1.3,0.3,1.1,0.8,164156.0,2.4,601.0,1.6,-2.1,0.031,11562.0,0.1,3.0,0.8,0.7,0.003,1.63,0.66,2.53,13.7,7.7,0.0063,23,7,-26,9,69.9,150,-87,63,1.5,0.006125,999999.99,99999.99,99999.99,0.28,0.18,0.13,-1,2019-08-07 00:00:00
2019,219,1,2537,51,52,59,36,3.6,3.5,-8.3,167.9,-3.4,0.7,-0.5,0.6,-0.6,0.1,0.9,0.3,0.7,0.5,150168.0,2.3,592.0,1.0,-2.6,0.031,14529.0,0.2,5.0,0.6,0.6,0.003,1.51,0.36,2.06,12.5,7.5,0.0076,23,7,-30,9,69.9,124,-67,57,1.2,0.006125,999999.99,99999.99,99999.99,0.26,0.18,0.14,-1,2019-08-07 01:00:00
2019,219,2,2537,51,52,59,36,3.4,3.3,-1.6,158.5,-3.0,1.2,-0.1,1.2,-0.3,0.1,1.0,0.4,0.4,0.8,136073.0,2.3,585.0,0.3,-3.0,0.027,17124.0,0.1,5.0,0.4,0.8,0.003,1.46,0.18,2.19,13.0,7.7,0.007,23,7,-32,9,69.9,222,-154,68,1.3,0.006125,999999.99,99999.99,99999.99,0.29,0.17,0.13,-1,2019-08-07 02:00:00
2019,219,3,2537,51,52,58,34,3.5,3.4,-1.6,159.3,-3.2,1.2,-0.1,1.1,-0.4,0.1,0.8,0.3,0.7,0.3,120975.0,2.1,572.0,0.1,-2.3,0.026,25721.0,0.1,6.0,1.0,0.5,0.003,1.27,0.23,1.78,11.8,7.4,0.0085,17,7,-32,6,69.9,215,-138,77,1.2,0.006125,999999.99,99999.99,99999.99,0.28,0.18,0.14,-1,2019-08-07 03:00:00
2019,219,4,2537,51,52,59,36,3.6,3.6,1.9,176.0,-3.6,0.3,0.1,0.3,0.0,0.1,0.4,0.1,0.2,0.3,137547.0,1.8,559.0,1.2,-2.7,0.026,35747.0,0.2,4.0,0.4,0.3,0.004,1.04,-0.0,1.54,10.4,6.8,0.011,17,7,-28,6,69.9,105,-78,28,0.2,0.006125,999999.99,99999.99,99999.99,0.28,0.18,0.12,-1,2019-08-07 04:00:00
2019,219,5,2537,51,52,60,37,3.6,3.6,-8.1,167.8,-3.5,0.8,-0.5,0.6,-0.7,0.3,0.6,0.3,0.4,0.3,100149.0,2.1,560.0,0.8,-2.2,0.031,25503.0,0.2,5.0,0.7,0.6,0.007,1.24,0.39,1.54,11.3,7.4,0.0094,17,7,-23,6,69.9,214,-153,61,0.6,0.006125,999999.99,99999.99,99999.99,0.3,0.18,0.14,-1,2019-08-07 05:00:00
2019,219,6,2537,51,52,59,36,3.7,3.6,-2.1,164.9,-3.5,0.9,-0.1,0.8,-0.4,0.2,0.9,0.2,0.8,0.4,105551.0,1.9,551.0,-0.4,-2.6,0.028,21701.0,0.3,7.0,0.9,0.6,0.004,1.07,0.22,1.35,10.3,7.0,0.0113,10,7,-19,4,69.9,161,-115,46,0.6,0.006125,999999.99,99999.99,99999.99,0.28,0.17,0.13,-1,2019-08-07 06:00:00
2019,219,7,2537,51,52,59,33,4.0,3.9,2.8,161.5,-3.7,1.2,0.2,1.2,-0.3,0.1,0.8,0.2,0.4,0.6,75874.0,1.6,541.0,-0.7,-2.7,0.023,20680.0,0.2,4.0,0.6,0.6,0.002,0.85,0.16,0.85,8.6,6.5,0.0163,10,7,-22,4,69.9,62,-33,29,0.2,0.006125,999999.99,99999.99,99999.99,0.29,0.18,0.13,-1,2019-08-07 07:00:00
2019,219,8,2537,51,52,11,6,3.8,3.8,11.8,164.4,-3.6,1.0,0.8,1.2,0.3,0.1,0.6,0.2,0.5,0.2,84736.0,1.7,541.0,-0.3,-3.1,0.026,12954.0,0.1,4.0,0.2,0.3,0.001,0.92,-0.16,1.04,9.3,6.7,0.0138,10,7,-21,4,69.9,73,-47,26,0.6,0.006125,999999.99,99999.99,99999.99,0.28,0.18,0.14,-1,2019-08-07 08:00:00
2019,219,9,2537,51,52,40,22,3.9,3.8,9.2,160.1,-3.6,1.3,0.6,1.4,-0.0,0.1,0.5,0.2,0.4,0.2,79995.0,1.9,518.0,-1.2,-4.0,0.022,21858.0,0.2,6.0,0.7,0.4,0.001,0.93,0.0,1.08,9.2,6.6,0.0142,13,7,-20,5,69.9,67,-47,19,0.2,0.006125,999999.99,99999.99,99999.99,0.27,0.18,0.14,-1,2019-08-07 09:00:00
2019,219,10,2537,51,52,59,37,3.9,3.8,3.1,150.3,-3.3,1.9,0.2,1.8,-0.7,0.1,0.7,0.4,0.5,0.3,93296.0,2.3,524.0,-1.2,-3.7,0.026,16814.0,0.3,6.0,0.6,0.4,0.002,1.16,0.37,1.39,10.2,6.9,0.0115,13,7,-19,5,69.9,46,-26,20,0.7,0.006125,999999.99,99999.99,99999.99,0.28,0.18,0.14,-1,2019-08-07 10:00:00
2019,219,11,2537,51,52,58,35,4.3,4.2,-1.3,135.3,-3.0,2.9,-0.1,2.5,-1.4,0.2,1.0,0.7,0.5,0.5,91054.0,2.4,514.0,-2.0,-3.2,0.023,20459.0,0.3,11.0,0.8,0.5,0.004,1.16,0.72,1.18,9.3,6.5,0.0139,13,7,-21,5,69.9,71,-51,20,0.7,0.006125,999999.99,99999.99,99999.99,0.27,0.17,0.13,-1,2019-08-07 11:00:00
2019,219,12,2537,51,52,60,34,4.6,4.4,7.8,146.7,-3.7,2.4,0.6,2.4,-0.5,0.1,1.1,0.6,0.6,0.8,92279.0,2.6,507.0,-1.6,-4.5,0.021,20048.0,0.4,10.0,1.0,0.8,0.003,1.21,0.25,1.13,8.9,6.3,0.0151,10,7,-22,4,69.9,72,-44,28,0.4,0.006125,999999.99,99999.99,99999.99,0.25,0.18,0.13,-1,2019-08-07 12:00:00
2019,219,13,2537,51,52,59,35,4.3,3.9,21.4,135.3,-2.6,2.5,1.4,2.9,0.2,0.2,1.7,1.4,0.8,0.6,111863.0,3.0,514.0,-1.0,-5.2,0.022,19065.0,0.4,12.0,0.8,0.5,0.004,1.44,-0.1,1.62,10.4,6.7,0.0111,10,7,-20,4,69.9,101,-66,35,0.4,0.006125,999999.99,99999.99,99999.99,0.27,0.18,0.12,-1,2019-08-07 13:00:00
2019,219,14,2537,51,52,58,35,4.7,4.6,4.9,160.3,-4.3,1.6,0.4,1.6,-0.3,0.1,0.9,0.4,0.6,0.5,70887.0,2.3,485.0,-0.8,-4.4,0.015,12115.0,0.2,4.0,0.8,0.6,0.002,0.96,0.15,0.86,7.8,5.9,0.0194,10,7,-20,4,69.9,141,-103,38,1.0,0.006125,999999.99,99999.99,99999.99,0.27,0.18,0.13,-1,2019-08-07 14:00:00
2019,219,15,2537,51,52,59,35,4.6,4.5,-1.4,165.9,-4.4,1.1,-0.1,1.0,-0.5,0.1,0.5,0.1,0.4,0.3,69442.0,2.3,478.0,-1.0,-3.6,0.013,10275.0,0.1,3.0,0.5,0.4,0.001,0.92,0.24,0.89,7.9,5.9,0.0192,10,7,-20,4,69.9,52,-31,21,0.2,0.006125,999999.99,99999.99,99999.99,0.28,0.19,0.14,-1,2019-08-07 15:00:00
2019,219,16,2537,51,52,60,35,4.3,4.2,-2.6,162.0,-4.0,1.3,-0.2,1.2,-0.6,0.1,0.8,0.3,0.7,0.3,62783.0,2.3,475.0,-0.6,-3.3,0.013,9819.0,0.2,3.0,0.7,0.5,0.001,0.91,0.28,0.99,8.4,6.2,0.017,10,7,-19,4,69.9,99,-60,40,1.2,0.006125,999999.99,99999.99,99999.99,0.29,0.19,0.14,-1,2019-08-07 16:00:00
2019,219,17,2537,51,52,61,37,4.2,3.9,2.8,140.7,-3.1,2.5,0.2,2.5,-0.5,0.1,1.5,0.7,0.9,0.9,68255.0,2.6,479.0,-2.0,-3.4,0.013,8028.0,0.3,8.0,1.1,1.0,0.001,1.05,0.24,1.21,9.2,6.4,0.0141,10,7,-20,4,69.9,198,-155,43,0.6,0.006125,999999.99,99999.99,99999.99,0.27,0.17,0.11,-1,2019-08-07 17:00:00
2019,219,18,2537,51,52,62,37,4.0,3.5,12.3,118.7,-1.7,3.0,0.8,3.1,0.1,0.1,1.8,1.3,0.7,1.1,77316.0,2.6,488.0,-3.2,-4.1,0.017,13203.0,0.3,14.0,0.8,1.3,0.002,1.1,-0.05,1.39,9.8,6.6,0.0123,10,7,-19,4,69.9,112,-92,20,-0.1,0.006125,999999.99,99999.99,99999.99,0.27,0.18,0.13,-1,2019-08-07 18:00:00
2019,219,19,2537,51,52,56,35,3.7,3.1,7.9,132.3,-2.1,2.3,0.4,2.3,-0.0,0.2,2.0,1.1,1.0,1.3,95031.0,2.8,484.0,-1.9,-3.5,0.023,11195.0,0.4,11.0,1.0,1.5,0.003,1.2,0.0,1.9,10.9,6.7,0.0099,10,7,-19,4,69.9,73,-55,18,0.3,0.006125,999999.99,99999.99,99999.99,0.28,0.18,0.13,-1,2019-08-07 19:00:00
2019,219,20,2537,51,52,60,33,3.6,2.6,-53.7,112.1,-0.6,1.4,-2.1,1.1,-2.3,0.5,2.4,1.7,1.1,1.3,115414.0,2.9,495.0,-0.7,-0.9,0.019,24416.0,0.2,14.0,1.1,1.3,0.005,1.28,1.14,2.27,11.7,6.8,0.0087,10,7,-19,4,69.9,72,-42,30,1.1,0.006125,999999.99,99999.99,99999.99,0.27,0.2,0.15,-1,2019-08-07 20:00:00
2019,219,21,2537,51,52,58,34,4.0,3.2,-17.3,120.2,-1.6,2.7,-1.0,2.5,-1.4,0.2,2.2,2.0,0.5,1.0,95388.0,2.6,482.0,-2.7,-2.0,0.02,26324.0,0.5,17.0,1.0,1.2,0.004,1.09,0.67,1.51,9.7,6.4,0.0126,20,7,-21,7,69.9,289,-247,42,1.7,0.006125,999999.99,99999.99,99999.99,0.3,0.18,0.13,-1,2019-08-07 21:00:00
2019,219,22,2537,51,52,60,37,4.2,3.9,-16.7,151.9,-3.3,1.7,-1.1,1.5,-1.3,0.1,1.6,0.5,0.8,1.2,83725.0,2.4,466.0,-1.8,-2.0,0.021,19084.0,0.3,8.0,1.4,1.4,0.005,0.94,0.61,1.2,8.6,6.0,0.0161,20,7,-21,7,69.9,173,-137,36,1.3,0.006125,999999.99,99999.99,99999.99,0.26,0.18,0.14,-1,2019-08-07 22:00:00
2019,219,23,2537,51,52,60,35,4.0,3.5,-46.5,166.6,-2.4,0.6,-2.5,0.3,-2.6,0.1,1.9,1.5,0.4,1.1,83938.0,2.9,473.0,-0.4,-0.3,0.018,20289.0,0.4,17.0,0.6,1.2,0.003,1.16,1.23,1.6,10.1,6.5,0.0117,20,7,-21,7,69.9,63,-25,38,0.9,0.006125,999999.99,99999.99,99999.99,0.31,0.18,0.14,-1,2019-08-07 23:00:00
2019,220,0,2537,51,52,56,34,4.1,3.9,-21.7,178.2,-3.7,0.1,-1.5,-0.1,-1.5,0.1,1.0,0.3,0.7,0.7,62918.0,2.3,447.0,0.3,-0.5,0.02,10203.0,0.5,8.0,1.2,0.9,0.004,0.83,0.67,1.09,8.3,5.9,0.0174,13,0,-22,5,70.6,81,-48,33,1.0,0.006112,999999.99,99999.99,99999.99,0.29,0.18,0.13,-1,2019-08-08 00:00:00
2019,220,1,2537,51,52,62,35,3.8,2.9,4.4,148.5,-2.4,1.5,0.2,1.5,-0.1,0.2,2.5,1.1,2.2,0.4,82043.0,3.3,457.0,-1.1,-2.6,0.016,9057.0,0.7,12.0,2.3,0.5,0.003,1.22,0.05,2.0,10.9,6.6,0.01,13,0,-23,5,70.6,98,-60,37,1.2,0.006112,999999.99,99999.99,99999.99,0.3,0.17,0.13,-1,2019-08-08 01:00:00
2019,220,2,2537,51,52,59,35,4.1,3.4,9.4,140.9,-2.6,2.1,0.5,2.2,0.1,0.3,2.2,1.6,1.2,0.9,82328.0,3.2,454.0,-1.6,-3.0,0.019,19084.0,0.7,15.0,1.4,1.1,0.005,1.19,-0.05,1.67,9.9,6.3,0.0121,13,0,-23,5,70.6,123,-69,55,1.3,0.006112,999999.99,99999.99,99999.99,0.27,0.18,0.14,-1,2019-08-08 02:00:00
2019,220,3,2537,51,52,62,37,4.8,4.3,22.0,164.5,-3.8,1.1,1.6,1.4,1.3,0.2,1.9,0.6,1.1,1.5,79183.0,3.4,449.0,-1.6,-4.1,0.018,21326.0,0.7,9.0,1.4,1.8,0.003,1.23,-0.58,1.27,8.6,6.0,0.016,17,0,-21,6,70.6,68,-38,30,0.1,0.006112,999999.99,99999.99,99999.99,0.3,0.18,0.13,-1,2019-08-08 03:00:00
2019,220,4,2537,51,52,56,31,4.8,4.4,40.1,153.1,-3.0,1.5,2.8,2.2,2.3,0.3,1.9,1.1,1.4,0.7,90062.0,3.7,459.0,-1.9,-5.8,0.014,25482.0,0.6,12.0,1.5,0.9,0.002,1.37,-1.06,1.46,9.2,6.1,0.0141,17,0,-20,6,70.6,46,-22,24,0.1,0.006112,999999.99,99999.99,99999.99,0.3,0.19,0.14,-1,2019-08-08 04:00:00
2019,220,5,2537,51,52,62,37,4.7,3.5,-48.6,178.4,-2.3,0.1,-2.6,-0.7,-2.5,0.6,3.0,1.7,1.6,1.9,82079.0,2.7,461.0,-0.5,0.5,0.018,35598.0,0.7,20.0,2.6,2.1,0.007,1.03,1.15,1.07,8.1,5.8,0.0183,17,0,-19,6,70.6,66,-18,48,0.0,0.006112,999999.99,99999.99,99999.99,0.27,0.18,0.13,-1,2019-08-08 05:00:00
2019,220,6,2537,51,52,57,35,5.3,5.1,4.6,142.7,-4.0,3.1,0.4,3.0,-0.7,0.2,1.7,0.8,0.6,1.3,63775.0,2.6,438.0,-5.6,-4.2,0.017,13258.0,0.4,11.0,1.0,1.9,0.002,0.89,0.31,0.74,6.7,5.2,0.0268,13,0,-22,5,70.6,242,-148,94,1.3,0.006112,999999.99,99999.99,99999.99,0.28,0.17,0.13,-1,2019-08-08 06:00:00
2019,220,7,2537,51,52,58,34,4.9,4.8,-1.4,142.9,-3.8,2.9,-0.1,2.6,-1.2,0.2,0.9,0.3,0.5,0.7,54881.0,2.3,425.0,-6.4,-3.2,0.02,9755.0,0.4,7.0,0.7,1.0,0.004,0.75,0.51,0.73,6.6,5.2,0.0275,13,0,-21,5,70.6,195,-143,52,1.8,0.006112,999999.99,99999.99,99999.99,0.3,0.2,0.15,-1,2019-08-08 07:00:00
2019,220,8,2537,51,52,64,37,4.7,4.1,-6.5,188.3,-4.1,-0.6,-0.5,-0.8,-0.2,0.3,2.1,1.0,1.5,0.9,75698.0,2.3,422.0,-0.3,-1.9,0.026,15509.0,0.4,14.0,3.1,1.3,0.012,0.76,0.08,0.88,6.8,5.1,0.0257,13,0,-21,5,70.6,107,-65,42,0.6,0.006112,999999.99,99999.99,99999.99,0.26,0.17,0.13,-1,2019-08-08 08:00:00
2019,220,9,2537,51,52,57,34,5.1,4.7,26.7,211.5,-3.6,-2.2,2.1,-1.0,2.9,0.2,1.8,0.9,1.1,1.0,79175.0,2.5,440.0,3.7,-5.2,0.02,16168.0,0.5,13.0,1.7,1.7,0.006,0.87,-1.28,0.83,6.8,5.2,0.0256,10,0,-22,4,70.6,82,-40,42,-0.3,0.006112,999999.99,99999.99,99999.99,0.3,0.2,0.14,-1,2019-08-08 09:00:00
2019,220,10,2537,51,52,61,35,5.3,5.1,18.6,207.7,-4.3,-2.3,1.6,-1.3,2.5,0.3,1.1,0.5,0.7,0.7,61492.0,2.2,435.0,4.7,-5.3,0.022,9264.0,0.3,4.0,1.3,1.3,0.004,0.76,-1.09,0.62,6.1,4.9,0.0321,10,0,-20,4,70.6,43,-28,14,-0.6,0.006112,999999.99,99999.99,99999.99,0.27,0.17,0.12,-1,2019-08-08 10:00:00
2019,220,11,2537,51,52,71,40,5.2,4.2,14.7,215.8,-3.3,-2.4,1.1,-1.6,2.1,0.6,2.9,2.0,1.8,1.1,91069.0,2.6,460.0,3.4,-3.5,0.02,37506.0,0.5,30.0,2.5,1.9,0.005,0.99,-0.97,0.88,7.1,5.4,0.0234,10,0,-18,4,70.6,51,-26,25,0.0,0.006112,999999.99,99999.99,99999.99,0.26,0.17,0.13,-1,2019-08-08 11:00:00
2019,220,12,2537,51,52,59,34,5.2,1.9,13.0,149.6,-1.6,0.9,0.4,1.0,-0.0,0.4,4.9,2.8,3.7,1.4,92961.0,2.4,506.0,-1.7,-0.6,0.021,26341.0,0.6,22.0,2.6,1.2,0.009,1.11,0.0,0.82,7.5,5.8,0.0209,27,0,-17,12,70.6,66,-28,38,0.6,0.006112,999999.99,99999.99,99999.99,0.31,0.18,0.13,-1,2019-08-08 12:00:00
2019,220,13,2537,51,52,63,38,5.8,4.7,-27.6,99.2,-0.7,4.1,-2.2,2.8,-3.7,0.3,3.4,1.4,1.6,2.6,114696.0,2.8,544.0,-0.0,0.8,0.033,28833.0,0.3,13.0,1.6,1.3,0.005,1.57,2.01,0.84,7.8,6.0,0.0193,27,0,-18,12,70.6,246,-121,125,2.1,0.006112,999999.99,99999.99,99999.99,0.3,0.2,0.14,-1,2019-08-08 13:00:00
2019,220,14,2537,51,52,59,34,5.1,4.6,-6.9,121.5,-2.4,3.9,-0.6,3.3,-2.1,0.2,1.9,0.6,0.6,1.7,146415.0,2.6,544.0,-0.4,-0.2,0.041,16853.0,0.2,6.0,0.6,1.5,0.003,1.5,1.14,1.14,8.6,6.1,0.0161,27,0,-22,12,70.6,475,-348,127,2.0,0.006112,999999.99,99999.99,99999.99,0.29,0.19,0.14,-1,2019-08-08 14:00:00
2019,220,15,2537,51,52,61,33,4.8,3.9,22.9,140.7,-2.8,2.3,1.5,2.7,0.6,0.1,2.6,1.0,1.8,1.7,129250.0,2.3,542.0,-0.1,-2.0,0.038,22230.0,0.3,15.0,2.0,1.7,0.004,1.3,-0.33,1.07,8.6,6.2,0.0162,20,0,-23,7,70.6,285,-205,79,0.8,0.006112,999999.99,99999.99,99999.99,0.28,0.18,0.13,-1,2019-08-08 15:00:00
2019,220,16,2537,51,52,61,33,4.8,3.5,29.5,145.4,-2.5,1.7,1.7,2.2,1.1,0.1,3.2,1.1,2.4,1.8,133755.0,2.3,550.0,1.2,-2.6,0.035,18252.0,0.2,11.0,2.8,1.9,0.003,1.32,-0.6,1.09,8.7,6.2,0.0158,20,0,-20,7,70.6,107,-77,30,-0.7,0.006112,999999.99,99999.99,99999.99,0.27,0.18,0.12,-1,2019-08-08 16:00:00
2019,220,17,2537,51,52,55,14,5.0,4.8,18.4,139.6,-3.5,2.9,1.5,3.2,0.7,0.1,1.4,0.5,1.1,0.8,79812.0,2.0,543.0,-1.2,-1.4,0.036,8689.0,0.1,7.0,0.6,0.8,0.003,1.13,-0.38,0.69,7.7,6.1,0.0202,20,0,-17,7,70.6,119,-88,31,0.2,0.006112,999999.99,99999.99,99999.99,0.29,0.17,0.13,-1,2019-08-08 17:00:00
2019,220,18,2537,51,52,58,13,4.9,4.8,26.7,162.2,-4.1,1.3,2.1,1.7,1.7,0.1,0.9,0.3,0.5,0.7,75709.0,1.9,524.0,0.4,-2.8,0.029,7643.0,0.2,5.0,0.5,0.7,0.001,0.97,-0.89,0.67,7.4,5.9,0.0219,10,0,-19,4,70.6,174,-156,18,-0.3,0.006112,999999.99,99999.99,99999.99,0.27,0.18,0.13,-1,2019-08-08 18:00:00
2019,220,19,2537,51,52,62,35,4.7,4.7,2.7,155.9,-4.2,1.9,0.2,1.9,-0.2,0.2,0.9,0.3,0.5,0.7,78073.0,1.8,532.0,0.1,-0.5,0.04,13153.0,0.3,6.0,1.0,0.9,0.009,0.99,0.11,0.7,7.6,6.0,0.0206,10,0,-21,4,70.6,72,-46,25,0.1,0.006112,999999.99,99999.99,99999.99,0.28,0.18,0.13,-1,2019-08-08 19:00:00
2019,220,20,2537,51,52,59,36,5.0,4.9,5.7,167.0,-4.8,1.1,0.5,1.2,0.3,0.1,0.6,0.1,0.4,0.5,90024.0,1.7,534.0,1.8,-1.2,0.043,11337.0,0.2,3.0,1.0,0.5,0.007,0.95,-0.16,0.62,7.0,5.6,0.0245,10,0,-23,4,70.6,55,-33,23,0.3,0.006112,999999.99,99999.99,99999.99,0.3,0.18,0.13,-1,2019-08-08 20:00:00
2019,220,21,2537,51,52,60,36,4.9,4.9,4.8,164.1,-4.7,1.3,0.4,1.3,0.2,0.1,0.5,0.1,0.2,0.4,83628.0,1.9,527.0,0.7,-0.6,0.042,6772.0,0.2,4.0,0.3,0.5,0.006,1.03,-0.11,0.7,7.4,5.9,0.0216,7,0,-24,3,70.6,40,-27,14,0.3,0.006112,999999.99,99999.99,99999.99,0.27,0.18,0.14,-1,2019-08-08 21:00:00
2019,220,22,2537,51,52,30,16,4.9,4.8,9.9,171.6,-4.7,0.7,0.8,0.8,0.7,0.1,0.6,0.2,0.6,0.1,82119.0,2.0,520.0,0.4,-1.3,0.039,8516.0,0.2,6.0,0.7,0.2,0.008,1.04,-0.36,0.73,7.5,5.9,0.0211,7,0,-20,3,70.6,52,-32,19,0.2,0.006112,999999.99,99999.99,99999.99,0.29,0.19,0.14,-1,2019-08-08 22:00:00
2019,220,23,2537,51,71,8,15,5.2,5.2,18.6,164.5,-4.7,1.3,1.6,1.5,1.4,0.1,0.4,0.0,0.2,0.3,164539.0,1.6,521.0,1.1,-1.7,9.999,29525.0,0.2,4.0,0.2,0.4,9.999,1.03,-0.73,0.94,6.9,5.0,0.0296,7,0,-16,3,70.6,49,-21,28,0.0,0.006112,999999.99,99999.99,99999.99,0.29,0.18,0.14,-1,2019-08-08 23:00:00
2019,221,0,2537,51,71,23,15,5.2,5.0,26.3,178.5,-4.5,0.1,2.2,0.4,2.2,0.1,1.4,0.3,1.3,0.5,142747.0,1.5,519.0,1.3,-2.9,9.999,14941.0,0.1,3.0,0.3,0.4,9.999,0.97,-1.14,0.81,6.7,4.9,0.0318,0,0,-15,0,69.1,53,-22,31,-0.2,0.006112,999999.99,99999.99,99999.99,0.28,0.19,0.14,-1,2019-08-09 00:00:00
2019,221,1,2537,51,71,4,15,5.3,5.2,27.7,203.2,-4.2,-1.8,2.4,-1.4,2.7,0.1,0.8,0.2,0.8,0.2,138167.0,1.4,534.0,1.5,-3.5,9.999,30821.0,0.2,11.0,0.2,0.6,9.999,0.97,-1.44,0.72,6.6,4.9,0.0335,0,0,-14,0,69.1,56,-23,33,-0.8,0.006112,999999.99,99999.99,99999.99,0.34,0.19,0.13,-1,2019-08-09 01:00:00
2019,221,2,2537,51,71,27,15,5.3,5.3,41.5,193.5,-3.8,-0.9,3.5,-0.2,3.6,0.1,0.9,0.5,0.5,0.6,86996.0,2.3,516.0,1.1,-3.0,9.999,34829.0,0.1,9.0,0.2,0.8,9.999,1.49,-1.86,0.93,8.1,5.8,0.0218,0,0,-14,0,69.1,51,-24,27,-0.6,0.006112,999999.99,99999.99,99999.99,0.29,0.19,0.14,-1,2019-08-09 02:00:00
2019,221,3,2537,51,71,14,14,5.7,5.7,45.0,166.1,-3.9,1.0,4.0,1.9,3.6,0.2,0.6,0.3,0.5,0.3,80507.0,2.1,501.0,1.0,-3.5,9.999,9925.0,0.1,5.0,0.2,0.5,9.999,1.31,-1.8,0.72,7.1,5.2,0.0293,7,0,-15,3,69.1,35,-16,19,-0.7,0.006112,999999.99,99999.99,99999.99,0.29,0.18,0.13,-1,2019-08-09 03:00:00
2019,221,4,2537,51,71,5,15,5.6,5.1,28.9,123.9,-2.5,3.7,2.5,4.3,1.4,0.1,2.2,1.9,1.1,0.2,95982.0,2.2,504.0,1.3,-2.4,9.999,19247.0,0.2,8.0,0.4,0.5,9.999,1.37,-0.71,0.84,7.4,5.3,0.0267,7,0,-12,3,69.1,29,-11,18,-0.4,0.006112,999999.99,99999.99,99999.99,0.29,0.17,0.13,-1,2019-08-09 04:00:00
2019,221,5,2537,51,71,21,16,5.6,4.4,20.6,189.0,-4.1,-0.6,1.5,-0.1,1.6,0.2,3.5,0.8,3.1,1.5,105956.0,2.5,497.0,1.5,-2.8,9.999,16123.0,0.3,10.0,1.0,0.8,9.999,1.48,-0.8,0.98,7.7,5.4,0.0242,7,0,-8,3,69.1,28,-8,20,-0.2,0.006112,999999.99,99999.99,99999.99,0.28,0.19,0.14,-1,2019-08-09 05:00:00
2019,221,6,2537,51,71,13,14,5.6,5.5,17.4,223.1,-3.8,-3.6,1.7,-2.7,2.9,0.2,1.0,0.3,0.6,0.7,98375.0,2.9,499.0,2.2,-3.3,9.999,7615.0,0.2,5.0,0.8,0.5,9.999,1.74,-1.45,1.1,8.3,5.7,0.0207,13,0,-7,5,69.1,28,-15,13,-0.8,0.006112,999999.99,99999.99,99999.99,0.25,0.17,0.14,-1,2019-08-09 06:00:00
2019,221,7,2537,51,71,5,15,5.1,4.9,3.3,196.0,-4.7,-1.4,0.3,-1.2,0.8,0.2,1.3,0.1,0.7,1.1,117052.0,2.5,492.0,0.7,-0.6,9.999,13338.0,0.1,4.0,0.2,0.7,9.999,1.45,-0.39,1.25,8.4,5.6,0.0204,13,0,-10,5,69.1,49,-19,30,-0.1,0.006112,999999.99,99999.99,99999.99,0.28,0.18,0.13,-1,2019-08-09 07:00:00
2019,221,8,2537,51,71,7,15,4.6,4.5,-18.5,166.9,-4.2,1.0,-1.4,0.3,-1.7,0.1,0.7,0.3,0.5,0.4,121159.0,2.7,485.0,0.9,-1.0,9.999,8608.0,0.1,3.0,0.7,0.9,9.999,1.55,0.82,1.72,9.6,5.9,0.0159,13,0,-14,5,69.1,136,-83,54,0.3,0.006112,999999.99,99999.99,99999.99,0.27,0.17,0.13,-1,2019-08-09 08:00:00
2019,221,9,2537,51,71,15,15,4.3,4.2,14.8,194.6,-3.9,-1.0,1.1,-0.4,1.4,0.1,0.8,0.3,0.6,0.5,107385.0,2.8,483.0,2.5,-2.0,9.999,10646.0,0.1,5.0,1.1,0.7,9.999,1.59,-0.68,1.9,10.4,6.2,0.0135,17,0,-12,6,69.1,104,-74,30,-0.1,0.006112,999999.99,99999.99,99999.99,0.32,0.19,0.13,-1,2019-08-09 09:00:00
2019,221,10,2537,51,71,9,15,4.3,2.9,18.5,162.7,-2.6,0.8,0.9,1.1,0.4,0.2,3.1,2.0,2.1,0.9,101122.0,2.1,492.0,1.1,-1.8,9.999,20315.0,0.3,6.0,1.3,1.5,9.999,1.26,-0.2,1.41,9.2,6.0,0.0173,17,0,-9,6,69.1,101,-50,51,0.4,0.006112,999999.99,99999.99,99999.99,0.28,0.19,0.14,-1,2019-08-09 10:00:00
2019,221,11,2537,51,71,20,15,4.4,4.2,8.6,179.4,-4.2,0.0,0.6,0.3,0.5,0.3,1.1,0.3,0.8,0.7,97102.0,2.7,480.0,0.6,0.3,9.999,9030.0,0.4,5.0,0.6,1.1,9.999,1.52,-0.24,1.68,9.9,6.1,0.0148,17,0,-11,6,69.1,323,-210,113,1.2,0.006112,999999.99,99999.99,99999.99,0.27,0.18,0.13,-1,2019-08-09 11:00:00
2019,221,12,2537,51,71,27,15,4.4,4.1,6.9,156.1,-3.7,1.6,0.5,1.7,-0.3,0.2,1.5,0.4,0.8,1.2,100765.0,2.4,476.0,0.8,-0.6,9.999,10693.0,0.3,4.0,0.6,1.1,9.999,1.31,0.14,1.5,9.2,5.9,0.0169,13,0,-11,5,69.1,242,-162,80,1.1,0.006112,999999.99,99999.99,99999.99,0.29,0.18,0.13,-1,2019-08-09 12:00:00
2019,221,13,2537,51,71,8,15,4.4,3.3,29.0,154.7,-2.6,1.2,1.6,1.8,0.9,0.3,2.9,1.0,0.7,2.6,96218.0,2.4,479.0,0.7,-1.0,9.999,12777.0,0.4,5.0,0.4,1.7,9.999,1.33,-0.43,1.47,9.3,6.0,0.0167,13,0,-13,5,69.1,202,-99,103,1.2,0.006112,999999.99,99999.99,99999.99,0.26,0.17,0.13,-1,2019-08-09 13:00:00
2019,221,14,2537,51,71,15,15,4.9,4.0,44.4,158.3,-2.6,1.0,2.8,2.0,2.2,0.2,2.8,1.7,1.6,1.6,98442.0,999.9,490.0,1.2,-3.8,9.999,24895.0,999.9,6.0,0.7,1.4,9.999,99.99,-1.08,999.99,999.9,99.9,9.9999,13,0,-14,5,69.1,115,-41,74,-0.0,0.006112,999999.99,99999.99,99999.99,0.27,0.18,0.14,-1,2019-08-09 14:00:00
2019,221,15,2537,51,71,15,16,4.6,3.9,-0.3,125.7,-2.3,3.2,0.0,3.0,-1.2,0.3,2.4,0.6,1.5,1.7,101482.0,2.2,492.0,0.3,-0.1,9.999,22832.0,0.0,11.0,0.6,1.5,9.999,1.31,0.59,1.28,8.8,5.8,0.0189,20,0,-13,7,69.1,107,-45,62,-0.1,0.006112,999999.99,99999.99,99999.99,0.29,0.17,0.12,-1,2019-08-09 15:00:00
2019,221,16,2537,51,71,20,14,5.3,5.1,42.5,198.0,-3.6,-1.2,3.4,-0.0,3.6,0.4,1.5,0.5,1.1,0.8,103334.0,2.5,500.0,1.6,-3.8,9.999,14795.0,0.3,8.0,0.5,1.6,9.999,1.5,-1.8,1.08,8.2,5.7,0.0214,20,0,-12,7,69.1,180,-123,57,0.4,0.006112,999999.99,99999.99,99999.99,0.29,0.17,0.12,-1,2019-08-09 16:00:00
2019,221,17,2537,51,52,47,23,4.7,3.1,51.6,263.6,-0.2,-1.9,2.4,-1.2,2.8,0.6,3.5,2.9,1.8,0.8,154625.0,4.1,545.0,0.9,-2.4,0.04,25359.0,0.4,14.0,0.7,0.5,0.009,2.36,-1.53,2.19,11.7,6.9,0.0086,20,0,-8,7,69.1,129,-98,31,0.3,0.006112,999999.99,99999.99,99999.99,0.29,0.17,0.13,-1,2019-08-09 17:00:00
2019,221,18,2537,51,52,59,36,6.0,5.7,7.7,162.4,-5.4,1.7,0.8,1.8,0.4,0.5,1.9,0.4,1.6,1.0,145090.0,3.2,546.0,0.8,-2.6,0.057,18719.0,0.3,4.0,0.8,0.5,0.006,1.96,-0.22,1.01,8.1,5.9,0.018,17,0,-6,6,69.1,60,-39,21,1.6,0.006112,999999.99,99999.99,99999.99,0.26,0.16,0.12,-1,2019-08-09 18:00:00
2019,221,19,2537,51,52,60,35,6.7,6.0,8.6,172.9,-5.9,0.7,0.9,0.9,0.7,0.2,3.0,0.6,2.0,2.1,155532.0,3.2,546.0,1.0,-2.3,0.057,18526.0,0.2,7.0,0.9,0.8,0.008,1.96,-0.38,0.84,7.3,5.5,0.0224,17,0,-9,6,69.1,96,-57,39,0.8,0.006112,999999.99,99999.99,99999.99,0.28,0.16,0.12,-1,2019-08-09 19:00:00
2019,221,20,2537,51,52,65,38,6.1,5.4,17.2,144.8,-4.2,3.0,1.6,3.2,1.1,0.4,2.6,1.4,1.6,1.5,199279.0,3.7,562.0,0.6,-2.1,0.052,33152.0,0.3,18.0,1.2,1.0,0.006,2.36,-0.62,1.36,8.9,6.0,0.0151,17,0,-10,6,69.1,67,-43,23,-0.2,0.006112,999999.99,99999.99,99999.99,0.29,0.19,0.14,-1,2019-08-09 20:00:00
2019,221,21,2537,51,52,61,37,5.7,3.4,-12.1,209.9,-2.8,-1.6,-0.7,-1.7,-0.5,1.4,4.7,1.8,2.1,3.7,267088.0,4.2,608.0,3.5,-0.0,0.049,32896.0,0.5,7.0,0.9,1.0,0.008,3.1,0.3,2.13,10.9,6.5,0.01,27,0,-7,12,69.1,60,-33,27,-0.1,0.006112,999999.99,99999.99,99999.99,0.26,0.17,0.13,-1,2019-08-09 21:00:00
2019,221,22,2537,51,52,60,35,5.0,2.8,-32.2,102.7,-0.5,2.3,-1.5,2.1,-1.8,0.4,4.1,1.9,2.1,3.0,246288.0,3.5,627.0,4.0,0.3,0.046,26329.0,0.4,7.0,1.2,0.8,0.007,2.72,1.13,2.18,11.7,6.9,0.0086,27,0,-10,12,69.1,139,-69,70,1.1,0.006112,999999.99,99999.99,99999.99,0.27,0.18,0.13,-1,2019-08-09 22:00:00
2019,221,23,2537,51,52,60,35,4.6,4.3,15.2,145.8,-3.4,2.3,1.1,2.4,0.8,0.2,1.6,0.7,1.0,1.0,220791.0,3.8,624.0,4.0,-0.4,0.034,12830.0,0.2,4.0,0.7,0.6,0.002,2.81,-0.5,2.61,13.2,7.3,0.0068,27,0,-11,12,69.1,361,-263,98,0.9,0.006112,999999.99,99999.99,99999.99,0.28,0.18,0.14,-1,2019-08-09 23:00:00
2019,222,0,2537,51,52,62,37,4.3,3.3,-29.8,130.6,-1.9,2.2,-1.7,1.9,-2.0,0.2,2.5,1.0,0.9,2.1,194675.0,3.1,630.0,3.5,-0.2,0.032,20229.0,0.4,8.0,0.8,1.3,0.004,2.32,1.26,2.25,12.9,7.5,0.0071,27,0,-13,12,69.1,218,-136,82,2.1,0.006094,999999.99,99999.99,99999.99,0.26,0.16,0.12,-1,2019-08-10 00:00:00
2019,222,1,2537,51,52,58,35,3.8,3.6,-9.8,145.7,-2.9,2.0,-0.6,1.9,-0.9,0.2,1.2,0.7,0.5,0.9,152909.0,2.2,628.0,2.3,-0.6,0.034,15574.0,0.1,8.0,0.6,0.8,0.003,1.65,0.57,1.78,12.3,7.7,0.0079,27,0,-21,12,69.1,310,-198,112,2.0,0.006094,999999.99,99999.99,99999.99,0.25,0.16,0.12,-1,2019-08-10 01:00:00
2019,222,2,2537,51,52,59,35,4.0,3.9,-0.1,143.7,-3.1,2.3,0.0,2.2,-0.5,0.2,0.9,0.6,0.5,0.4,137258.0,2.1,618.0,2.5,-0.5,0.032,17620.0,0.2,6.0,0.4,0.3,0.004,1.51,0.31,1.45,11.2,7.5,0.0095,27,0,-17,12,69.1,331,-207,124,1.7,0.006094,999999.99,99999.99,99999.99,0.26,0.17,0.12,-1,2019-08-10 02:00:00
2019,222,3,2537,51,52,60,36,4.0,4.0,-9.8,155.5,-3.6,1.6,-0.7,1.4,-1.1,0.1,0.5,0.2,0.2,0.5,97739.0,1.6,603.0,1.6,-0.3,0.025,22201.0,0.3,4.0,0.4,0.3,0.004,1.07,0.66,0.94,9.5,7.1,0.0131,17,0,-18,6,69.1,169,-90,80,0.7,0.006094,999999.99,99999.99,99999.99,0.26,0.17,0.12,-1,2019-08-10 03:00:00
2019,222,4,2537,51,52,59,36,3.9,3.9,-12.2,153.4,-3.4,1.7,-0.8,1.4,-1.3,0.1,0.5,0.2,0.3,0.2,106527.0,1.6,594.0,1.3,-0.6,0.031,21053.0,0.2,9.0,0.5,0.5,0.004,1.06,0.77,1.03,9.6,7.0,0.0128,17,0,-16,6,69.1,213,-139,74,0.9,0.006094,999999.99,99999.99,99999.99,0.26,0.16,0.11,-1,2019-08-10 04:00:00
2019,222,5,2537,51,52,56,34,3.9,3.9,-12.8,152.7,-3.4,1.7,-0.9,1.3,-1.4,0.2,0.5,0.3,0.3,0.3,95200.0,1.5,575.0,1.3,-0.6,0.035,25916.0,0.3,10.0,0.6,0.4,0.004,0.94,0.81,0.92,9.0,6.7,0.0146,17,0,-17,6,69.1,250,-160,90,0.6,0.006094,999999.99,99999.99,99999.99,0.3,0.19,0.13,-1,2019-08-10 05:00:00
2019,222,6,2537,51,52,60,36,4.1,4.1,-5.6,142.4,-3.2,2.5,-0.4,2.2,-1.3,0.1,0.6,0.3,0.3,0.4,103756.0,1.5,563.0,0.4,-0.9,0.033,15072.0,0.1,7.0,0.8,0.6,0.004,0.9,0.73,0.86,8.4,6.4,0.0168,13,0,-20,5,69.1,415,-335,80,1.4,0.006094,999999.99,99999.99,99999.99,0.28,0.17,0.12,-1,2019-08-10 06:00:00
2019,222,7,2537,51,52,58,34,4.2,4.1,-5.1,141.0,-3.2,2.6,-0.4,2.2,-1.4,0.2,0.5,0.4,0.2,0.3,94735.0,1.4,544.0,-0.2,-0.9,0.034,31306.0,0.3,9.0,0.8,0.5,0.004,0.79,0.76,0.74,7.7,6.0,0.0203,13,0,-20,5,69.1,353,-285,69,1.5,0.006094,999999.99,99999.99,99999.99,0.26,0.17,0.13,-1,2019-08-10 07:00:00
2019,222,8,2537,51,52,58,34,4.2,4.0,-5.4,144.0,-3.2,2.3,-0.4,1.9,-1.3,0.2,1.1,0.7,0.8,0.3,101411.0,1.5,530.0,-1.1,-1.1,0.043,25101.0,0.2,10.0,0.8,0.6,0.004,0.82,0.69,0.81,7.7,5.9,0.0199,13,0,-22,5,69.1,250,-193,57,1.0,0.006094,999999.99,99999.99,99999.99,0.29,0.17,0.13,-1,2019-08-10 08:00:00
2019,222,9,2537,51,52,58,36,4.4,4.4,-0.4,154.3,-3.9,1.9,0.0,1.7,-0.9,0.2,0.5,0.2,0.3,0.4,83708.0,1.5,523.0,-0.8,-0.8,0.049,9787.0,0.1,5.0,0.7,0.5,0.006,0.82,0.47,0.68,7.3,5.8,0.0224,17,0,-23,6,69.1,288,-216,72,1.2,0.006094,999999.99,99999.99,99999.99,0.26,0.17,0.13,-1,2019-08-10 09:00:00
2019,222,10,2537,51,52,61,37,4.5,4.4,3.7,162.5,-4.1,1.3,0.3,1.3,-0.3,0.3,1.2,0.9,0.8,0.1,126752.0,1.6,511.0,-0.2,-1.4,0.038,14676.0,0.1,4.0,0.7,0.2,0.005,0.8,0.15,0.84,7.2,5.5,0.0231,17,0,-20,6,69.1,110,-70,39,0.7,0.006094,999999.99,99999.99,99999.99,0.27,0.18,0.13,-1,2019-08-10 10:00:00
2019,222,11,2537,51,52,61,36,3.7,3.3,6.3,153.5,-3.0,1.5,0.4,1.5,-0.3,0.1,1.6,0.9,1.2,0.2,118255.0,1.7,520.0,-1.0,-1.1,0.044,12125.0,0.2,5.0,0.9,0.4,0.005,0.9,0.16,1.27,9.2,6.3,0.0142,17,0,-19,6,69.1,58,-16,42,1.0,0.006094,999999.99,99999.99,99999.99,0.26,0.18,0.14,-1,2019-08-10 11:00:00
2019,222,12,2537,51,52,59,33,3.6,3.6,-0.6,174.6,-3.6,0.3,0.0,0.3,-0.1,0.1,0.3,0.1,0.2,0.2,106881.0,1.3,512.0,1.0,-0.4,0.056,21098.0,0.1,4.0,0.5,0.2,0.009,0.7,0.05,0.98,8.1,6.0,0.0181,17,0,-20,6,69.1,60,-35,25,0.4,0.006094,999999.99,99999.99,99999.99,0.27,0.18,0.12,-1,2019-08-10 12:00:00
2019,222,13,2537,51,52,57,33,2.9,2.5,-0.5,145.0,-2.1,1.4,0.0,1.3,-0.6,0.4,1.5,1.2,0.9,0.3,131398.0,1.8,515.0,-0.5,-0.4,0.039,12799.0,0.1,13.0,1.0,0.5,0.006,0.92,0.31,2.31,11.9,6.9,0.0084,17,0,-16,6,69.1,87,-34,53,0.8,0.006094,999999.99,99999.99,99999.99,0.25,0.16,0.12,-1,2019-08-10 13:00:00
2019,222,14,2537,51,52,61,9,2.9,2.8,-17.7,173.3,-2.6,0.3,-0.8,-0.0,-0.9,0.5,0.9,0.7,0.4,0.4,131941.0,1.8,496.0,1.0,0.5,0.035,25287.0,0.2,20.0,0.2,0.3,0.006,0.84,0.45,2.32,11.5,6.6,0.009,17,0,-15,6,69.1,169,-106,63,0.9,0.006094,999999.99,99999.99,99999.99,0.27,0.17,0.13,-1,2019-08-10 14:00:00
2019,222,15,2537,51,52,56,16,3.0,2.8,-21.8,169.0,-2.6,0.5,-1.1,0.1,-1.2,0.5,1.1,0.6,0.6,0.6,97495.0,1.9,479.0,1.7,1.1,0.034,28387.0,0.4,13.0,0.7,0.7,0.007,0.83,0.57,1.98,11.0,6.7,0.0098,10,0,-13,4,69.1,175,-132,44,1.1,0.006094,999999.99,99999.99,99999.99,0.27,0.17,0.12,-1,2019-08-10 15:00:00
2019,222,16,2537,51,52,61,12,3.4,3.3,1.7,173.1,-3.3,0.4,0.1,0.4,-0.0,0.4,0.6,0.4,0.4,0.3,94168.0,1.8,471.0,1.7,-0.2,0.041,41267.0,0.4,11.0,1.0,0.5,0.006,0.78,0.0,1.44,9.3,6.2,0.0138,10,0,-13,4,69.1,110,-61,50,0.9,0.006094,999999.99,99999.99,99999.99,0.24,0.17,0.12,-1,2019-08-10 16:00:00
2019,222,17,2537,51,52,60,23,3.5,3.4,6.4,195.3,-3.3,-0.9,0.4,-0.8,0.6,0.2,0.9,0.5,0.6,0.4,93725.0,2.2,469.0,3.3,0.8,0.029,15611.0,0.3,7.0,0.9,0.6,0.005,0.9,-0.28,1.66,9.9,6.4,0.012,10,0,-13,4,69.1,61,-37,24,1.4,0.006094,999999.99,99999.99,99999.99,0.29,0.18,0.13,-1,2019-08-10 17:00:00
2019,222,18,2537,51,52,63,12,2.5,1.6,27.5,178.4,-1.4,0.0,0.7,0.2,0.7,0.8,2.1,1.0,1.6,0.8,113573.0,2.8,486.0,2.9,1.0,0.025,26246.0,0.3,11.0,1.6,0.4,0.004,1.21,-0.34,4.51,16.3,7.4,0.0045,13,0,-15,5,69.1,65,-38,27,0.8,0.006094,999999.99,99999.99,99999.99,0.29,0.17,0.12,-1,2019-08-10 18:00:00
2019,222,19,2537,51,52,62,12,2.4,1.6,-23.9,80.4,0.2,1.4,-0.6,1.3,-0.9,0.5,1.8,1.4,0.6,0.9,138244.0,3.3,503.0,-0.1,-0.1,0.024,15706.0,0.2,7.0,0.4,0.4,0.002,1.53,0.45,6.35,19.0,7.5,0.0033,13,0,-15,5,69.1,72,-40,32,0.4,0.006094,999999.99,99999.99,99999.99,0.28,0.17,0.12,-1,2019-08-10 19:00:00
2019,222,20,2537,51,52,59,23,3.2,2.3,-16.8,51.6,1.4,1.8,-0.7,1.7,-1.0,0.4,2.2,1.5,1.2,1.1,129966.0,3.1,505.0,-0.1,-0.4,0.029,14617.0,0.2,11.0,0.8,0.4,0.006,1.47,0.51,3.25,13.9,7.1,0.0062,13,0,-17,5,69.1,171,-119,53,1.0,0.006094,999999.99,99999.99,99999.99,0.29,0.18,0.13,-1,2019-08-10 20:00:00
2019,222,21,2537,51,52,57,24,3.1,2.6,-15.9,58.8,1.3,2.1,-0.7,2.0,-1.0,0.5,1.8,1.3,0.8,1.0,101243.0,3.2,491.0,-0.3,-1.3,0.039,13752.0,0.4,14.0,0.9,1.2,0.005,1.49,0.49,3.18,14.2,7.3,0.0059,17,0,-18,6,69.1,253,-199,55,1.4,0.006094,999999.99,99999.99,99999.99,0.27,0.18,0.14,-1,2019-08-10 21:00:00
2019,222,22,2537,51,52,62,14,3.3,2.2,8.2,91.8,-0.1,2.2,0.3,2.2,-0.0,0.5,2.4,2.1,0.9,0.9,127669.0,2.8,510.0,0.3,-0.3,0.034,14063.0,0.2,13.0,0.9,0.5,0.003,1.38,0.0,2.74,12.9,7.0,0.0071,17,0,-20,6,69.1,130,-96,34,0.8,0.006094,999999.99,99999.99,99999.99,0.26,0.18,0.13,-1,2019-08-10 22:00:00
2019,222,23,2537,51,52,61,16,3.8,3.5,20.5,113.4,-1.3,3.0,1.2,3.1,0.8,0.2,1.4,1.2,0.5,0.6,111868.0,2.4,498.0,-0.2,0.1,0.037,10212.0,0.1,4.0,0.4,0.6,0.003,1.14,-0.4,1.66,10.2,6.5,0.0115,17,0,-17,6,69.1,98,-63,35,0.6,0.006094,999999.99,99999.99,99999.99,0.27,0.17,0.12,-1,2019-08-10 23:00:00
2019,223,0,2537,51,52,56,22,3.4,3.3,10.8,135.2,-2.3,2.3,0.6,2.4,0.2,0.2,0.6,0.3,0.5,0.3,97857.0,2.2,478.0,0.8,-0.1,0.039,24210.0,0.2,3.0,0.8,0.4,0.005,0.97,-0.1,1.79,10.4,6.5,0.0109,3,0,-17,2,69.5,52,-29,23,0.1,0.006045,999999.99,99999.99,99999.99,0.26,0.18,0.14,-1,2019-08-11 00:00:00
2019,223,1,2537,51,52,59,25,3.3,3.2,-0.2,125.1,-1.8,2.6,0.0,2.6,-0.5,0.3,1.0,0.7,0.3,0.6,77307.0,2.1,469.0,1.1,-0.1,0.035,6361.0,0.2,4.0,0.4,0.7,0.005,0.88,0.23,1.65,10.3,6.6,0.0112,3,0,-17,2,69.5,48,-25,23,0.5,0.006045,999999.99,99999.99,99999.99,0.29,0.17,0.12,-1,2019-08-11 01:00:00
2019,223,2,2537,51,52,58,13,2.8,2.7,-11.7,123.0,-1.4,2.2,-0.6,2.0,-1.1,0.3,0.8,0.7,0.4,0.3,77370.0,2.6,455.0,0.0,0.8,0.039,3092.0,0.3,5.0,0.5,0.4,0.004,1.04,0.5,2.84,13.1,7.1,0.0069,3,0,-19,2,69.5,53,-22,31,0.9,0.006045,999999.99,99999.99,99999.99,0.25,0.17,0.13,-1,2019-08-11 02:00:00
2019,223,3,2537,51,52,59,8,2.9,2.8,-1.1,149.7,-2.4,1.4,-0.1,1.3,-0.4,0.1,0.7,0.4,0.4,0.3,70027.0,2.7,446.0,0.2,0.2,0.043,3296.0,0.1,1.0,0.2,0.2,0.002,1.05,0.18,2.65,12.6,7.0,0.0075,10,0,-21,4,69.5,56,-17,40,0.7,0.006045,999999.99,99999.99,99999.99,0.27,0.17,0.13,-1,2019-08-11 03:00:00
2019,223,4,2537,51,52,62,31,3.0,2.3,-0.3,122.0,-1.2,2.0,0.0,1.9,-0.6,0.1,2.0,1.5,1.1,0.5,63082.0,2.9,450.0,-1.2,0.4,0.039,6101.0,0.2,5.0,1.3,0.4,0.004,1.13,0.27,2.57,12.8,7.1,0.0073,10,0,-18,4,69.5,66,-20,46,0.5,0.006045,999999.99,99999.99,99999.99,0.3,0.19,0.13,-1,2019-08-11 04:00:00
2019,223,5,2537,51,52,57,35,3.1,2.9,5.9,90.0,0.0,2.9,0.3,2.8,-0.7,0.1,1.0,0.9,0.2,0.6,60850.0,3.0,448.0,-2.1,0.8,0.038,5877.0,0.1,6.0,0.3,0.5,0.002,1.16,0.31,2.46,12.5,7.1,0.0076,10,0,-15,4,69.5,96,-32,63,0.8,0.006045,999999.99,99999.99,99999.99,0.3,0.18,0.13,-1,2019-08-11 05:00:00
2019,223,6,2537,51,52,59,36,2.9,2.5,-12.2,118.6,-1.2,2.1,-0.5,1.8,-1.2,0.2,1.4,0.5,0.6,1.2,61303.0,3.2,434.0,-1.2,0.9,0.041,5033.0,0.2,3.0,0.6,0.6,0.002,1.17,0.52,3.0,13.4,7.1,0.0066,10,0,-14,4,69.5,150,-78,72,0.6,0.006045,999999.99,99999.99,99999.99,0.29,0.19,0.13,-1,2019-08-11 06:00:00
2019,223,7,2537,51,52,59,35,3.2,3.0,4.1,144.9,-2.4,1.7,0.2,1.6,-0.5,0.2,1.0,0.5,0.5,0.7,60404.0,3.5,427.0,-1.0,0.3,0.04,2870.0,0.2,3.0,0.2,0.5,0.002,1.24,0.21,2.68,12.5,6.9,0.0076,10,0,-14,4,69.5,253,-200,53,0.8,0.006045,999999.99,99999.99,99999.99,0.28,0.19,0.14,-1,2019-08-11 07:00:00
2019,223,8,2537,51,52,64,39,3.5,2.4,7.6,121.5,-1.2,2.0,0.3,1.9,-0.6,0.4,2.6,1.9,0.8,1.5,73305.0,3.6,442.0,-0.2,0.4,0.041,16395.0,0.3,9.0,1.2,0.7,0.004,1.37,0.27,2.47,12.0,6.8,0.0083,10,0,-13,4,69.5,133,-92,40,0.6,0.006045,999999.99,99999.99,99999.99,0.27,0.17,0.13,-1,2019-08-11 08:00:00
2019,223,9,2537,51,52,64,37,4.1,3.3,9.1,126.9,-2.0,2.6,0.5,2.5,-0.7,0.6,2.5,1.5,0.8,1.8,88962.0,3.8,450.0,0.4,-0.2,0.042,12137.0,0.5,7.0,0.6,0.6,0.006,1.5,0.32,2.04,10.7,6.4,0.0104,17,0,-12,6,69.5,159,-136,23,0.9,0.006045,999999.99,99999.99,99999.99,0.27,0.19,0.14,-1,2019-08-11 09:00:00
2019,223,10,2537,51,52,59,35,4.4,4.3,-36.5,357.7,3.5,-0.1,-2.6,-1.3,-2.3,0.4,1.1,0.5,0.9,0.3,77260.0,5.2,471.0,1.8,-0.3,0.03,9842.0,0.4,4.0,0.4,0.4,0.003,2.16,1.08,2.3,12.2,7.1,0.008,17,0,-6,6,69.5,232,-160,73,1.4,0.006045,999999.99,99999.99,99999.99,0.29,0.17,0.13,-1,2019-08-11 10:00:00
2019,223,11,2537,51,52,58,36,4.3,4.2,-50.8,23.9,2.4,1.1,-3.2,-0.5,-3.3,0.3,1.1,0.6,0.8,0.5,68524.0,5.4,462.0,0.7,-0.4,0.033,3330.0,0.5,4.0,0.5,0.5,0.004,2.18,1.52,2.39,12.5,7.1,0.0076,17,0,-10,6,69.5,353,-246,108,1.8,0.006045,999999.99,99999.99,99999.99,0.27,0.17,0.14,-1,2019-08-11 11:00:00
2019,223,12,2537,51,52,59,35,4.0,3.5,-31.2,62.8,1.4,2.6,-1.8,1.5,-2.8,0.3,2.0,0.5,1.1,1.5,69997.0,6.4,455.0,0.1,0.3,0.033,4871.0,0.4,4.0,0.8,0.5,0.003,2.5,1.27,3.3,14.4,7.3,0.0057,23,0,-15,9,69.5,473,-346,127,2.0,0.006045,999999.99,99999.99,99999.99,0.27,0.18,0.13,-1,2019-08-11 12:00:00
2019,223,13,2537,51,52,61,37,3.2,1.4,-10.8,123.1,-0.8,1.2,-0.3,0.9,-0.8,0.7,2.9,1.6,2.0,1.4,80497.0,6.0,446.0,1.3,-0.8,0.033,14422.0,0.5,6.0,1.4,1.0,0.003,2.26,0.36,5.09,17.1,7.3,0.0041,23,0,-15,9,69.5,223,-99,124,1.2,0.006045,999999.99,99999.99,99999.99,0.31,0.2,0.14,-1,2019-08-11 13:00:00
2019,223,14,2537,51,52,61,35,4.2,4.0,11.1,218.1,-3.1,-2.4,0.8,-1.9,1.7,0.8,1.5,0.7,0.8,1.1,80652.0,5.4,459.0,0.8,-1.4,0.032,5028.0,0.6,5.0,1.1,0.4,0.004,2.14,-0.78,2.66,12.7,7.0,0.0074,23,0,-13,9,69.5,120,-96,25,0.4,0.006045,999999.99,99999.99,99999.99,0.27,0.18,0.13,-1,2019-08-11 14:00:00
2019,223,15,2537,51,52,59,36,5.7,5.7,22.1,214.6,-4.3,-3.0,2.1,-2.0,3.1,0.5,1.0,0.5,0.8,0.3,81698.0,4.7,462.0,-0.1,-1.3,0.035,4566.0,0.4,3.0,0.3,0.3,0.003,1.91,-1.43,1.26,8.8,6.1,0.0154,10,0,-11,4,69.5,52,-34,18,0.6,0.006045,999999.99,99999.99,99999.99,0.27,0.18,0.12,-1,2019-08-11 15:00:00
2019,223,16,2537,51,52,59,36,6.0,5.9,10.0,220.6,-4.4,-3.8,1.0,-3.3,2.2,0.3,0.8,0.3,0.5,0.4,80609.0,4.8,449.0,0.9,-1.5,0.033,5532.0,0.6,5.0,1.0,0.3,0.004,1.83,-0.99,1.16,8.2,5.8,0.0177,10,0,-9,4,69.5,84,-60,24,1.8,0.006045,999999.99,99999.99,99999.99,0.29,0.18,0.14,-1,2019-08-11 16:00:00
2019,223,17,2537,51,52,59,35,4.7,4.4,20.9,211.4,-3.5,-2.2,1.6,-1.7,2.2,0.9,1.7,0.9,1.3,0.5,87479.0,5.2,450.0,1.1,-1.9,0.035,8225.0,0.6,3.0,0.9,0.4,0.004,2.0,-0.99,2.11,10.9,6.5,0.01,10,0,-7,4,69.5,85,-65,20,0.8,0.006045,999999.99,99999.99,99999.99,0.27,0.17,0.12,-1,2019-08-11 17:00:00
2019,223,18,2537,51,52,58,35,4.6,4.4,18.1,158.4,-3.9,1.5,1.4,1.8,1.0,0.3,1.4,0.5,1.1,0.7,60286.0,3.3,441.0,-0.9,-2.8,0.032,5060.0,0.4,3.0,0.8,0.4,0.005,1.21,-0.44,1.22,8.7,6.1,0.0157,10,0,-12,4,69.5,44,-34,10,0.2,0.006045,999999.99,99999.99,99999.99,0.26,0.16,0.12,-1,2019-08-11 18:00:00
2019,223,19,2537,51,52,58,35,4.1,4.1,-4.2,135.1,-2.9,2.9,-0.3,2.8,-0.9,0.1,0.5,0.2,0.2,0.4,52060.0,3.8,430.0,-1.9,-1.9,0.027,2500.0,0.2,2.0,0.2,0.4,0.002,1.3,0.39,1.7,10.2,6.5,0.0114,10,0,-14,4,69.5,51,-28,23,0.1,0.006045,999999.99,99999.99,99999.99,0.27,0.18,0.14,-1,2019-08-11 19:00:00
2019,223,20,2537,51,52,62,38,3.9,3.9,-5.1,134.7,-2.7,2.8,-0.3,2.7,-0.8,0.2,0.6,0.3,0.3,0.4,48134.0,3.9,428.0,-2.3,-1.5,0.022,4845.0,0.3,3.0,0.5,0.4,0.003,1.3,0.34,1.88,10.8,6.7,0.0101,10,0,-16,4,69.5,93,-65,28,0.4,0.006045,999999.99,99999.99,99999.99,0.3,0.19,0.14,-1,2019-08-11 20:00:00
2019,223,21,2537,51,52,57,34,2.0,1.2,36.4,87.0,0.1,1.0,0.7,1.1,0.5,0.4,1.5,1.3,0.7,0.5,46658.0,6.4,422.0,-0.9,-0.6,0.017,3578.0,0.4,5.0,1.1,0.4,0.001,2.03,-0.21,11.65,26.7,8.0,0.0017,20,0,-10,7,69.5,207,-162,45,1.1,0.006045,999999.99,99999.99,99999.99,0.29,0.19,0.13,-1,2019-08-11 21:00:00
2019,223,22,2537,51,52,59,36,2.5,1.8,16.2,127.0,-1.0,1.4,0.5,1.5,0.3,0.6,1.7,1.5,0.6,0.6,52965.0,5.6,403.0,-1.8,0.5,0.019,5505.0,0.5,9.0,0.6,0.5,0.003,1.63,-0.12,6.76,19.1,7.3,0.0033,20,0,-7,7,69.5,60,-25,35,-0.1,0.006045,999999.99,99999.99,99999.99,0.29,0.17,0.13,-1,2019-08-11 22:00:00
2019,223,23,2537,51,52,61,37,3.3,2.6,-11.0,77.2,0.6,2.5,-0.5,2.4,-0.9,0.4,1.9,1.3,1.1,0.8,54015.0,5.4,410.0,-1.9,0.4,0.021,6677.0,0.5,8.0,0.9,0.7,0.003,1.64,0.37,3.76,14.4,7.0,0.0057,20,0,-6,7,69.5,44,-19,25,0.3,0.006045,999999.99,99999.99,99999.99,0.29,0.19,0.14,-1,2019-08-11 23:00:00
2019,224,0,2537,51,52,53,32,3.5,2.2,10.7,136.0,-1.6,1.5,0.4,1.5,0.2,0.2,2.8,2.2,1.6,0.5,54869.0,5.9,393.0,-1.5,0.5,0.021,6438.0,0.4,12.0,1.4,0.4,0.003,1.65,-0.08,3.67,13.6,6.7,0.0064,7,0,-9,3,69.0,60,-30,30,0.6,0.006035,999999.99,99999.99,99999.99,0.29,0.2,0.13,-1,2019-08-12 00:00:00
2019,224,1,2537,51,52,64,38,3.0,2.5,6.2,150.8,-2.1,1.2,0.3,1.2,0.1,0.3,1.8,0.9,1.4,0.5,46315.0,7.2,388.0,-1.4,0.2,0.016,5940.0,0.7,5.0,0.9,0.5,0.002,1.93,-0.04,5.81,17.4,7.1,0.004,7,0,-10,3,69.0,80,-50,31,1.0,0.006035,999999.99,99999.99,99999.99,0.29,0.16,0.12,-1,2019-08-12 01:00:00
2019,224,2,2537,51,52,59,36,2.8,2.3,-15.0,88.8,0.0,2.2,-0.6,2.0,-1.1,0.5,1.6,0.8,1.1,0.9,41761.0,9.6,397.0,-2.2,0.3,0.013,6440.0,1.7,2.0,0.5,0.8,0.003,2.66,0.44,8.67,22.0,7.5,0.0025,7,0,-9,3,69.0,60,-24,36,0.6,0.006035,999999.99,99999.99,99999.99,0.31,0.18,0.13,-1,2019-08-12 02:00:00
2019,224,3,2537,51,52,59,35,2.6,2.4,-44.8,106.3,-0.5,1.6,-1.7,1.1,-2.1,0.6,1.1,0.4,0.9,0.3,29129.0,12.8,388.0,-2.8,1.2,0.008,3023.0,1.0,2.0,0.4,0.3,0.001,3.32,0.81,12.41,26.7,7.8,0.0017,13,0,-9,5,69.0,61,-15,46,0.6,0.006035,999999.99,99999.99,99999.99,0.3,0.17,0.13,-1,2019-08-12 03:00:00
2019,224,4,2537,51,52,58,35,2.3,1.6,-12.8,311.9,1.1,-1.2,-0.4,-1.3,-0.0,1.0,1.9,1.1,1.3,0.8,27936.0,12.9,381.0,-3.1,1.5,0.007,3822.0,1.5,3.0,0.5,0.3,0.001,3.21,0.0,15.86,29.7,7.8,0.0013,13,0,-6,5,69.0,59,-16,43,0.1,0.006035,999999.99,99999.99,99999.99,0.25,0.17,0.12,-1,2019-08-12 04:00:00
2019,224,5,2537,51,52,61,36,2.7,2.6,-16.4,303.9,1.4,-2.1,-0.7,-2.2,0.0,0.6,0.9,0.5,0.6,0.5,32640.0,13.5,377.0,-3.1,0.4,0.006,1966.0,1.8,3.0,0.3,0.4,0.001,3.28,-0.0,12.4,25.7,7.5,0.0018,13,0,-2,5,69.0,56,-5,51,-0.2,0.006035,999999.99,99999.99,99999.99,0.27,0.17,0.13,-1,2019-08-12 05:00:00
2019,224,6,2537,51,52,59,36,4.3,4.1,-9.5,295.5,1.8,-3.7,-0.7,-3.7,0.7,0.6,1.2,0.5,0.8,0.8,27633.0,13.7,379.0,-2.8,-0.3,0.007,3927.0,1.2,3.0,0.4,0.4,0.001,3.38,-0.27,4.81,16.3,7.2,0.0045,10,0,0,4,69.0,92,-20,72,-0.1,0.006035,999999.99,99999.99,99999.99,0.28,0.17,0.13,-1,2019-08-12 06:00:00
2019,224,7,2537,51,52,60,36,4.7,4.6,16.6,279.1,0.7,-4.3,1.3,-3.4,2.9,0.5,1.2,0.8,0.6,0.7,25216.0,13.7,376.0,-2.0,-1.2,0.009,3331.0,1.3,2.0,0.4,0.4,0.002,3.35,-1.09,3.96,14.8,7.0,0.0054,10,0,2,4,69.0,108,-62,46,-0.2,0.006035,999999.99,99999.99,99999.99,0.26,0.17,0.12,-1,2019-08-12 07:00:00
2019,224,8,2537,51,52,62,38,5.1,3.9,-2.4,292.7,1.5,-3.6,-0.2,-3.3,1.4,1.1,3.4,2.4,1.3,2.1,34417.0,12.7,384.0,-2.5,-0.6,0.009,7767.0,1.7,4.0,0.9,0.4,0.003,3.24,-0.54,3.31,13.4,6.8,0.0066,10,0,2,4,69.0,97,-50,47,-0.1,0.006035,999999.99,99999.99,99999.99,0.28,0.18,0.13,-1,2019-08-12 08:00:00
2019,224,9,2537,51,52,64,38,5.2,2.5,7.6,283.5,0.6,-2.4,0.3,-2.0,1.4,1.5,4.8,2.3,3.0,2.9,64942.0,8.1,399.0,-0.9,0.0,0.016,18314.0,1.9,6.0,1.1,0.8,0.006,2.29,-0.56,2.41,10.9,6.2,0.01,13,0,0,5,69.0,64,-28,37,-0.2,0.006035,999999.99,99999.99,99999.99,0.27,0.18,0.12,-1,2019-08-12 09:00:00
2019,224,10,2537,51,52,66,39,3.8,2.4,-53.5,274.3,0.1,-1.4,-1.9,-2.1,-1.0,1.2,3.2,2.2,1.9,1.4,75240.0,8.6,434.0,0.8,0.9,0.019,16084.0,1.4,13.0,1.3,0.6,0.003,2.91,0.43,5.04,16.7,7.2,0.0042,13,0,2,5,69.0,50,-23,27,0.1,0.006035,999999.99,99999.99,99999.99,0.27,0.17,0.13,-1,2019-08-12 10:00:00
2019,224,11,2537,51,52,59,38,4.1,3.5,-17.1,327.0,2.8,-1.8,-1.0,-2.1,-0.0,1.1,2.3,1.6,1.6,0.5,73767.0,7.4,440.0,-0.2,-0.4,0.017,16078.0,2.3,9.0,1.2,0.5,0.004,2.56,0.0,3.7,14.6,7.1,0.0056,13,0,1,5,69.0,54,-32,23,0.6,0.006035,999999.99,99999.99,99999.99,0.28,0.18,0.13,-1,2019-08-12 11:00:00
2019,224,12,2537,51,52,62,36,4.7,4.3,10.0,188.2,-4.2,-0.6,0.8,-0.2,1.0,1.5,2.4,2.2,0.8,0.5,85334.0,5.8,448.0,-0.0,-0.4,0.024,9344.0,1.1,5.0,0.3,0.4,0.005,2.13,-0.45,2.33,11.5,6.6,0.009,13,0,-2,5,69.0,70,-27,44,0.6,0.006035,999999.99,99999.99,99999.99,0.26,0.17,0.13,-1,2019-08-12 12:00:00
2019,224,13,2537,51,52,59,33,4.7,4.4,9.4,165.7,-4.2,1.1,0.7,1.3,0.1,0.7,1.8,0.7,1.5,0.6,67809.0,5.8,457.0,-0.1,1.0,0.023,11836.0,0.4,7.0,0.6,0.6,0.005,2.21,-0.05,2.14,11.7,6.9,0.0087,13,0,-1,5,69.0,77,-29,48,0.4,0.006035,999999.99,99999.99,99999.99,0.26,0.17,0.13,-1,2019-08-12 13:00:00
2019,224,14,2537,51,52,61,36,5.0,4.9,5.8,151.0,-4.2,2.3,0.5,2.3,-0.5,0.3,1.1,0.6,0.7,0.5,71452.0,5.4,457.0,1.4,0.7,0.03,8794.0,0.7,6.0,1.1,0.3,0.008,2.11,0.23,1.8,10.6,6.6,0.0105,13,0,-9,5,69.0,79,-22,57,0.4,0.006035,999999.99,99999.99,99999.99,0.27,0.18,0.13,-1,2019-08-12 14:00:00
2019,224,15,2537,51,52,60,37,5.1,4.4,-3.1,159.1,-4.1,1.6,-0.2,1.4,-0.8,0.3,2.4,1.3,1.0,1.7,87664.0,4.5,467.0,0.6,1.3,0.042,7144.0,0.6,7.0,0.7,0.7,0.007,1.91,0.37,1.55,9.7,6.3,0.0126,10,0,-10,4,69.0,68,-39,28,0.2,0.006035,999999.99,99999.99,99999.99,0.3,0.19,0.14,-1,2019-08-12 15:00:00
2019,224,16,2537,51,52,59,36,4.9,4.7,1.7,181.4,-4.7,-0.1,0.1,-0.1,0.1,0.2,1.1,0.3,0.9,0.6,89517.0,4.5,464.0,1.4,1.1,0.046,12112.0,0.3,2.0,0.5,0.4,0.003,1.92,-0.05,1.7,10.0,6.4,0.0118,10,0,-8,4,69.0,63,-40,23,-0.0,0.006035,999999.99,99999.99,99999.99,0.29,0.19,0.14,-1,2019-08-12 16:00:00
2019,224,17,2537,51,52,61,36,4.7,4.4,-6.5,185.3,-4.3,-0.4,-0.5,-0.5,-0.4,0.2,1.6,0.3,0.6,1.4,78791.0,4.8,461.0,1.3,0.8,0.041,9737.0,0.2,4.0,0.4,1.2,0.008,1.98,0.18,1.87,10.7,6.6,0.0103,10,0,-5,4,69.0,60,-38,22,0.4,0.006035,999999.99,99999.99,99999.99,0.27,0.17,0.12,-1,2019-08-12 17:00:00
2019,224,18,2537,51,52,61,36,4.0,4.0,14.8,176.6,-3.8,0.2,1.0,0.4,0.9,0.6,0.8,0.6,0.4,0.4,86671.0,5.8,469.0,0.2,-0.6,0.029,9504.0,0.7,4.0,0.4,0.4,0.002,2.38,-0.42,3.24,14.1,7.2,0.006,10,0,0,4,69.0,59,-34,25,0.6,0.006035,999999.99,99999.99,99999.99,0.29,0.19,0.14,-1,2019-08-12 18:00:00
2019,224,19,2537,51,52,60,36,3.8,3.7,-0.2,165.0,-3.5,0.9,0.0,0.9,-0.2,0.2,0.8,0.2,0.3,0.7,82093.0,5.7,464.0,-0.9,0.3,0.031,8733.0,0.5,4.0,0.3,0.6,0.004,2.3,0.09,3.46,14.6,7.3,0.0056,10,0,-5,4,69.0,56,-36,21,0.4,0.006035,999999.99,99999.99,99999.99,0.27,0.18,0.13,-1,2019-08-12 19:00:00
2019,224,20,2537,51,52,59,36,3.9,3.9,4.7,176.5,-3.9,0.2,0.3,0.3,0.3,0.4,0.7,0.4,0.5,0.2,77337.0,6.2,461.0,-0.4,0.4,0.024,9376.0,0.5,2.0,0.4,0.2,0.002,2.41,-0.14,3.49,14.7,7.3,0.0055,10,0,-6,4,69.0,64,-43,21,0.1,0.006035,999999.99,99999.99,99999.99,0.3,0.17,0.13,-1,2019-08-12 20:00:00
2019,224,21,2537,51,52,58,34,4.0,3.9,-7.4,180.8,-3.8,-0.1,-0.5,-0.2,-0.5,0.4,1.0,0.3,0.8,0.6,63257.0,6.4,458.0,-0.1,0.4,0.021,7858.0,0.7,2.0,0.3,0.2,0.002,2.43,0.23,3.19,14.5,7.5,0.0057,17,0,-6,6,69.0,56,-36,20,0.2,0.006035,999999.99,99999.99,99999.99,0.3,0.18,0.13,-1,2019-08-12 21:00:00
2019,224,22,2537,51,52,60,36,3.5,3.3,-3.3,157.1,-3.1,1.3,-0.2,1.3,-0.4,0.5,1.1,0.5,0.5,0.9,58181.0,7.6,455.0,0.9,0.8,0.021,6406.0,1.1,3.0,0.3,0.5,0.002,2.85,0.18,4.81,17.9,7.9,0.0037,17,0,-3,6,69.0,163,-125,39,0.6,0.006035,999999.99,99999.99,99999.99,0.3,0.19,0.13,-1,2019-08-12 22:00:00
2019,224,23,2537,51,52,61,38,2.6,2.4,6.3,166.2,-2.3,0.6,0.3,0.6,0.2,0.6,1.1,0.7,0.5,0.7,60665.0,9.6,456.0,-0.4,1.5,0.02,3186.0,0.8,2.0,0.5,0.5,0.002,3.6,-0.09,11.17,27.2,8.3,0.0016,17,0,-3,6,69.0,172,-131,41,1.3,0.006035,999999.99,99999.99,99999.99,0.28,0.18,0.13,-1,2019-08-12 23:00:00
2019,225,0,2537,51,52,60,35,2.6,1.8,10.4,157.8,-1.7,0.7,0.3,0.7,0.2,1.3,2.2,1.5,1.2,1.2,66663.0,10.1,457.0,0.5,1.0,0.018,3917.0,1.1,5.0,0.4,0.4,0.002,3.78,-0.09,12.12,27.9,8.2,0.0015,17,0,-3,6,68.6,74,-32,42,0.2,0.006057,999999.99,99999.99,99999.99,0.25,0.17,0.13,-1,2019-08-13 00:00:00
2019,225,1,2537,51,52,56,33,5.3,5.1,15.1,162.1,-4.7,1.5,1.3,1.7,1.0,1.0,1.8,0.9,1.3,0.8,84538.0,6.1,448.0,0.1,1.6,0.03,9632.0,1.5,9.0,0.8,0.8,0.005,2.29,-0.45,1.92,10.4,6.4,0.0109,17,0,-5,6,68.6,52,-11,41,0.3,0.006057,999999.99,99999.99,99999.99,0.28,0.19,0.14,-1,2019-08-13 01:00:00
2019,225,2,2537,51,52,60,36,6.8,6.7,7.0,150.6,-5.8,3.3,0.8,3.4,0.1,0.1,0.9,0.2,0.5,0.8,71646.0,4.7,432.0,-0.3,1.8,0.039,3413.0,0.3,3.0,0.3,0.5,0.004,1.69,-0.04,0.85,6.9,5.2,0.0251,17,0,-12,6,68.6,51,-23,28,0.2,0.006057,999999.99,99999.99,99999.99,0.3,0.19,0.14,-1,2019-08-13 02:00:00
2019,225,3,2537,51,52,58,35,6.7,6.6,-0.1,138.9,-5.0,4.3,0.0,4.2,-1.1,0.2,1.2,0.3,0.3,1.1,73098.0,5.2,430.0,-0.7,1.6,0.039,4903.0,0.4,2.0,0.3,0.7,0.003,1.86,0.47,0.97,7.3,5.4,0.0222,13,0,-9,5,68.6,132,-66,66,1.0,0.006057,999999.99,99999.99,99999.99,0.29,0.18,0.14,-1,2019-08-13 03:00:00
2019,225,4,2537,51,52,62,37,6.4,6.2,9.9,143.3,-4.9,3.7,1.1,3.9,-0.1,0.2,1.4,0.9,1.0,0.4,66919.0,4.8,428.0,0.3,0.6,0.035,7542.0,0.3,4.0,0.7,0.4,0.003,1.67,0.04,0.95,7.3,5.4,0.0222,13,0,-7,5,68.6,107,-55,51,0.9,0.006057,999999.99,99999.99,99999.99,0.29,0.18,0.14,-1,2019-08-13 04:00:00
2019,225,5,2537,51,52,58,35,6.2,5.9,16.5,140.3,-4.4,3.6,1.7,4.0,0.4,0.2,1.8,0.7,1.2,1.1,56594.0,4.7,427.0,0.6,-0.1,0.034,8099.0,0.5,6.0,1.1,0.8,0.004,1.63,-0.17,0.94,7.5,5.5,0.0213,13,0,-6,5,68.6,84,-40,44,0.6,0.006057,999999.99,99999.99,99999.99,0.3,0.18,0.14,-1,2019-08-13 05:00:00
2019,225,6,2537,51,52,60,37,6.1,5.9,18.3,157.8,-5.2,2.1,1.9,2.7,1.0,0.1,1.6,0.6,1.1,1.1,51733.0,4.4,422.0,1.3,-1.0,0.03,6280.0,0.3,4.0,0.8,0.8,0.002,1.47,-0.42,0.89,7.3,5.5,0.0226,10,0,-4,4,68.6,100,-54,46,0.4,0.006057,999999.99,99999.99,99999.99,0.3,0.19,0.14,-1,2019-08-13 06:00:00
2019,225,7,2537,51,52,61,38,5.8,5.7,21.6,159.1,-5.0,1.9,2.1,2.6,1.1,0.4,0.9,0.5,0.6,0.5,49723.0,4.9,427.0,0.9,-1.4,0.033,5793.0,0.3,6.0,0.4,0.3,0.007,1.69,-0.47,1.08,8.1,5.9,0.0179,10,0,-2,4,68.6,98,-74,25,0.1,0.006057,999999.99,99999.99,99999.99,0.28,0.18,0.13,-1,2019-08-13 07:00:00
2019,225,8,2537,51,52,60,35,5.1,4.8,26.0,159.5,-4.1,1.5,2.1,2.3,1.2,0.4,1.7,0.5,1.3,0.9,61246.0,5.4,430.0,0.9,-1.4,0.043,11831.0,0.4,3.0,0.8,0.5,0.011,1.95,-0.52,1.64,9.8,6.3,0.0124,10,0,-2,4,68.6,56,-22,34,0.2,0.006057,999999.99,99999.99,99999.99,0.3,0.19,0.13,-1,2019-08-13 08:00:00
2019,225,9,2537,51,52,64,34,4.7,3.8,-17.0,95.1,-0.3,3.6,-1.1,2.7,-2.6,0.4,2.6,2.2,0.8,1.1,72067.0,5.2,450.0,0.8,-0.5,0.06,7942.0,0.4,16.0,0.8,1.0,0.006,2.18,1.17,1.96,10.9,6.6,0.01,20,0,0,7,68.6,61,-20,41,0.8,0.006057,999999.99,99999.99,99999.99,0.29,0.17,0.13,-1,2019-08-13 09:00:00
2019,225,10,2537,51,52,59,36,6.2,5.6,0.4,127.9,-3.5,4.4,0.0,3.9,-2.1,0.3,2.4,1.7,1.4,1.1,84956.0,4.4,452.0,-1.5,-0.0,0.048,9837.0,0.5,15.0,1.2,1.0,0.01,1.79,0.95,1.02,7.6,5.6,0.0203,20,0,-6,7,68.6,171,-95,76,1.2,0.006057,999999.99,99999.99,99999.99,0.3,0.18,0.13,-1,2019-08-13 10:00:00
2019,225,11,2537,51,52,62,37,6.8,6.5,30.8,161.0,-5.3,1.8,3.3,3.1,2.1,0.2,2.0,0.5,1.8,0.8,77296.0,3.7,453.0,1.0,-1.8,0.043,6473.0,0.3,3.0,1.4,0.6,0.004,1.49,-0.95,0.68,6.4,5.1,0.029,20,0,-11,7,68.6,288,-208,80,1.3,0.006057,999999.99,99999.99,99999.99,0.29,0.18,0.13,-1,2019-08-13 11:00:00
2019,225,12,2537,51,52,62,38,6.1,4.7,8.3,135.3,-3.3,3.3,0.7,3.2,-0.9,0.2,3.8,2.0,2.3,2.3,97732.0,4.3,455.0,2.2,-1.7,0.046,12232.0,0.4,9.0,1.4,1.1,0.006,1.76,0.41,1.09,7.7,5.6,0.0199,17,0,-7,6,68.6,57,-17,40,0.5,0.006057,999999.99,99999.99,99999.99,0.28,0.17,0.13,-1,2019-08-13 12:00:00
2019,225,13,2537,51,52,58,33,5.2,4.1,27.0,164.5,-3.5,1.0,1.8,1.7,1.2,0.7,3.2,2.3,1.4,1.8,112047.0,4.5,475.0,2.3,-1.2,0.059,19900.0,0.4,9.0,0.9,0.9,0.009,2.1,-0.57,1.66,9.7,6.2,0.0127,17,0,0,6,68.6,112,-32,80,0.6,0.006057,999999.99,99999.99,99999.99,0.32,0.19,0.14,-1,2019-08-13 13:00:00
2019,225,14,2537,51,52,60,36,4.4,4.1,-27.2,139.3,-2.7,2.4,-1.9,1.4,-2.7,0.6,1.8,1.2,0.8,1.0,118681.0,4.6,469.0,1.4,-0.2,0.061,8890.0,0.2,4.0,0.4,0.6,0.005,2.1,1.27,2.44,11.4,6.5,0.0091,17,0,-2,6,68.6,106,-63,43,0.7,0.006057,999999.99,99999.99,99999.99,0.27,0.16,0.12,-1,2019-08-13 14:00:00
2019,225,15,2537,51,52,64,39,4.1,2.3,-68.2,69.2,0.3,0.8,-2.1,-0.1,-2.2,0.5,3.4,2.6,1.2,1.9,110065.0,4.0,480.0,1.4,0.9,0.055,16728.0,0.2,10.0,0.8,1.1,0.007,1.88,1.06,2.36,11.7,6.7,0.0087,20,0,-5,7,68.6,145,-89,55,1.6,0.006057,999999.99,99999.99,99999.99,0.25,0.17,0.13,-1,2019-08-13 15:00:00
2019,225,16,2537,51,52,60,37,4.6,4.1,-42.3,56.2,1.7,2.5,-2.7,1.4,-3.4,1.0,2.3,1.0,1.8,1.1,103391.0,3.7,474.0,1.1,0.2,0.049,20909.0,0.5,10.0,0.9,0.9,0.006,1.66,1.61,1.69,9.9,6.3,0.0121,20,0,-9,7,68.6,371,-226,145,2.4,0.006057,999999.99,99999.99,99999.99,0.27,0.19,0.13,-1,2019-08-13 16:00:00
2019,225,17,2537,51,52,61,35,4.0,3.3,-24.7,80.0,0.5,3.0,-1.4,2.5,-2.2,0.3,2.1,1.7,0.9,0.7,96775.0,3.2,482.0,1.3,-0.7,0.052,15400.0,0.3,10.0,0.5,0.8,0.006,1.5,1.06,1.87,10.8,6.7,0.0102,20,0,-9,7,68.6,363,-271,93,1.8,0.006057,999999.99,99999.99,99999.99,0.31,0.19,0.13,-1,2019-08-13 17:00:00
2019,225,18,2537,51,52,58,36,3.1,2.2,-38.2,3.4,1.7,0.1,-1.3,-0.2,-1.3,0.5,2.3,1.1,1.7,0.9,95169.0,3.3,491.0,2.0,-1.0,0.043,14118.0,0.2,6.0,1.6,0.8,0.004,1.56,0.64,3.19,14.4,7.4,0.0057,13,0,-14,5,68.6,184,-116,68,1.2,0.006057,999999.99,99999.99,99999.99,0.29,0.18,0.12,-1,2019-08-13 18:00:00
2019,225,19,2537,51,52,59,35,3.0,1.2,-51.9,122.0,-0.4,0.6,-1.0,0.4,-1.1,0.4,2.7,2.0,1.6,0.9,94287.0,3.3,481.0,2.1,-1.6,0.048,8653.0,0.1,10.0,1.0,0.6,0.004,1.52,0.53,3.4,14.6,7.3,0.0056,13,0,-18,5,68.6,157,-111,46,1.5,0.006057,999999.99,99999.99,99999.99,0.27,0.18,0.13,-1,2019-08-13 19:00:00
2019,225,20,2537,51,52,64,39,2.2,1.5,-0.1,239.7,-0.8,-1.3,0.0,-1.3,0.2,0.8,1.7,1.3,0.9,0.7,99605.0,3.1,490.0,2.8,-2.0,0.045,16238.0,0.2,17.0,1.0,0.8,0.005,1.47,-0.1,6.07,19.6,7.8,0.0031,13,0,-21,5,68.6,75,-54,21,0.6,0.006057,999999.99,99999.99,99999.99,0.29,0.18,0.13,-1,2019-08-13 20:00:00
2019,225,21,2537,51,52,54,32,2.0,1.1,-11.9,199.5,-1.0,-0.4,-0.2,-0.4,-0.1,0.5,1.8,1.6,0.6,0.4,95860.0,3.1,481.0,2.0,-1.6,0.04,10184.0,0.1,15.0,0.5,0.6,0.003,1.39,0.05,7.23,21.2,7.9,0.0027,17,0,-18,6,68.6,68,-44,24,0.4,0.006057,999999.99,99999.99,99999.99,0.3,0.19,0.14,-1,2019-08-13 21:00:00
2019,225,22,2537,51,52,60,36,3.0,2.7,-25.6,161.2,-2.3,0.8,-1.2,0.6,-1.3,0.2,1.3,0.5,0.7,0.9,80193.0,3.4,465.0,1.2,-0.7,0.044,7185.0,0.2,3.0,0.3,0.7,0.004,1.44,0.6,3.28,14.3,7.3,0.0058,17,0,-14,6,68.6,145,-92,53,1.2,0.006057,999999.99,99999.99,99999.99,0.27,0.16,0.13,-1,2019-08-13 22:00:00
2019,225,23,2537,51,52,60,36,2.9,2.7,11.0,157.5,-2.4,1.0,0.5,1.1,0.3,0.2,1.1,0.3,0.8,0.7,83712.0,3.4,461.0,1.3,-2.1,0.043,6447.0,0.1,3.0,0.7,0.6,0.003,1.41,-0.14,3.57,14.7,7.3,0.0055,17,0,-14,6,68.6,165,-120,45,0.9,0.006057,999999.99,99999.99,99999.99,0.27,0.18,0.13,-1,2019-08-13 23:00:00
2019,226,0,2537,51,52,60,37,2.9,2.6,11.0,174.3,-2.5,0.2,0.5,0.3,0.5,0.1,1.3,0.4,1.0,0.7,84769.0,3.5,461.0,0.8,-2.2,0.045,5649.0,0.2,3.0,0.8,0.5,0.005,1.47,-0.23,3.69,14.9,7.3,0.0054,10,0,-14,4,69.1,118,-84,33,0.8,0.00608,999999.99,99999.99,99999.99,0.28,0.19,0.14,-1,2019-08-14 00:00:00
2019,226,1,2537,51,52,62,35,4.2,4.0,16.6,156.1,-3.5,1.6,1.1,1.8,0.8,0.7,1.5,0.8,1.0,0.7,88796.0,2.7,478.0,0.6,-2.7,0.043,11752.0,0.6,11.0,1.3,0.6,0.008,1.21,-0.38,1.38,9.4,6.3,0.0136,10,0,-17,4,69.1,64,-25,39,0.2,0.00608,999999.99,99999.99,99999.99,0.31,0.18,0.13,-1,2019-08-14 01:00:00
2019,226,2,2537,51,52,61,37,5.1,5.0,7.8,151.2,-4.3,2.4,0.7,2.5,0.1,0.1,0.8,0.2,0.5,0.5,94731.0,1.9,485.0,1.4,-2.4,0.056,25255.0,0.1,5.0,0.7,0.4,0.004,0.91,-0.05,0.68,6.6,5.2,0.0277,10,0,-19,4,69.1,46,-22,24,-0.0,0.00608,999999.99,99999.99,99999.99,0.28,0.19,0.14,-1,2019-08-14 02:00:00
2019,226,3,2537,51,52,58,34,4.9,4.8,-2.7,146.2,-4.0,2.7,-0.2,2.6,-0.9,0.2,0.7,0.3,0.5,0.4,100139.0,1.7,484.0,2.1,-2.1,0.058,25117.0,0.1,8.0,0.9,0.4,0.008,0.82,0.44,0.67,6.4,5.1,0.0287,10,0,-18,4,69.1,61,-18,43,0.4,0.00608,999999.99,99999.99,99999.99,0.29,0.18,0.13,-1,2019-08-14 03:00:00
2019,226,4,2537,51,52,59,36,4.9,4.8,-2.2,160.9,-4.6,1.6,-0.2,1.5,-0.7,0.1,0.5,0.2,0.4,0.4,41865.0,1.3,459.0,2.4,-1.6,0.058,14419.0,0.2,6.0,0.4,0.5,0.007,0.56,0.32,0.38,5.3,4.6,0.0417,10,0,-14,4,69.1,68,-31,37,0.3,0.00608,999999.99,99999.99,99999.99,0.25,0.17,0.13,-1,2019-08-14 04:00:00
2019,226,5,2537,51,52,60,37,4.7,4.6,-5.5,160.8,-4.3,1.5,-0.4,1.3,-0.9,0.1,0.8,0.3,0.5,0.6,57969.0,1.7,461.0,2.5,-1.0,0.055,14783.0,0.3,7.0,0.4,0.8,0.007,0.74,0.41,0.6,6.4,5.2,0.0291,10,0,-10,4,69.1,94,-44,50,0.3,0.00608,999999.99,99999.99,99999.99,0.27,0.18,0.14,-1,2019-08-14 05:00:00
2019,226,6,2537,51,52,59,35,4.7,4.6,-2.0,158.7,-4.3,1.7,-0.2,1.5,-0.8,0.0,0.3,0.1,0.2,0.3,67756.0,1.8,456.0,2.3,-1.6,0.06,12542.0,0.2,4.0,0.6,0.6,0.008,0.78,0.36,0.66,6.5,5.2,0.0281,10,0,-12,4,69.1,163,-98,66,0.6,0.00608,999999.99,99999.99,99999.99,0.29,0.18,0.14,-1,2019-08-14 06:00:00
2019,226,7,2537,51,52,60,36,4.6,4.5,-3.2,145.8,-3.8,2.5,-0.3,2.1,-1.3,0.2,0.9,0.4,0.7,0.4,69759.0,2.0,458.0,1.5,-1.1,0.056,12135.0,0.3,2.0,0.9,0.6,0.006,0.86,0.6,0.78,7.0,5.4,0.024,10,0,-13,4,69.1,139,-108,31,0.8,0.00608,999999.99,99999.99,99999.99,0.31,0.2,0.14,-1,2019-08-14 07:00:00
2019,226,8,2537,51,52,61,37,2.5,1.7,-16.4,76.7,0.4,1.6,-0.5,1.2,-1.2,0.7,1.9,1.8,0.6,0.4,104454.0,3.4,464.0,2.5,-1.3,0.045,11082.0,0.3,4.0,0.3,0.2,0.005,1.44,0.56,5.27,17.1,7.3,0.0041,10,0,-12,4,69.1,162,-130,31,1.0,0.00608,999999.99,99999.99,99999.99,0.29,0.2,0.14,-1,2019-08-14 08:00:00
2019,226,9,2537,51,52,60,36,2.3,2.2,-5.5,34.8,1.8,1.3,-0.2,1.1,-0.8,0.4,0.6,0.4,0.4,0.2,104837.0,3.2,464.0,2.6,-0.7,0.046,5282.0,0.2,4.0,0.4,0.2,0.003,1.36,0.37,5.87,18.0,7.3,0.0037,13,0,-12,5,69.1,125,-82,43,0.9,0.00608,999999.99,99999.99,99999.99,0.25,0.17,0.13,-1,2019-08-14 09:00:00
2019,226,10,2537,51,52,58,34,3.4,2.8,-4.0,132.8,-1.9,2.0,-0.2,1.7,-1.1,0.7,2.1,2.0,0.5,0.3,85333.0,2.6,456.0,2.3,-0.7,0.047,15167.0,0.4,4.0,0.6,0.3,0.006,1.07,0.5,2.0,10.8,6.5,0.0102,13,0,-14,5,69.1,122,-68,54,0.8,0.00608,999999.99,99999.99,99999.99,0.27,0.17,0.13,-1,2019-08-14 10:00:00
2019,226,11,2537,51,52,60,36,3.8,3.6,0.3,143.2,-2.9,2.2,0.0,1.9,-1.0,0.4,1.2,0.8,0.7,0.5,84035.0,2.5,449.0,1.9,-0.5,0.052,13378.0,0.3,5.0,0.5,0.4,0.005,1.02,0.45,1.53,9.3,6.1,0.0136,13,0,-8,5,69.1,244,-167,77,1.3,0.00608,999999.99,99999.99,99999.99,0.27,0.18,0.13,-1,2019-08-14 11:00:00
2019,226,12,2537,51,52,58,35,4.0,3.7,8.6,154.6,-3.3,1.5,0.5,1.6,-0.3,0.1,1.5,0.6,1.0,1.0,96677.0,2.7,446.0,2.0,-0.6,0.062,12140.0,0.2,4.0,0.4,0.3,0.008,1.12,0.13,1.58,9.2,6.0,0.0142,10,0,-3,4,69.1,61,-30,31,0.5,0.00608,999999.99,99999.99,99999.99,0.28,0.18,0.14,-1,2019-08-14 12:00:00
2019,226,13,2537,51,52,61,37,4.3,4.2,8.6,163.2,-4.0,1.2,0.6,1.3,-0.0,0.2,0.7,0.3,0.3,0.6,94330.0,2.5,444.0,1.4,-0.9,0.068,8465.0,0.2,4.0,0.8,0.4,0.008,1.05,0.0,1.25,8.2,5.7,0.0178,10,0,-1,4,69.1,61,-26,35,0.7,0.00608,999999.99,99999.99,99999.99,0.26,0.18,0.13,-1,2019-08-14 13:00:00
2019,226,14,2537,51,52,61,36,4.2,4.1,1.5,146.4,-3.4,2.3,0.1,2.1,-0.9,0.1,0.7,0.3,0.4,0.5,92798.0,2.7,452.0,0.6,-0.6,0.05,7655.0,0.1,3.0,0.6,0.7,0.005,1.11,0.41,1.41,8.8,5.9,0.0152,10,0,-1,4,69.1,81,-54,27,0.7,0.00608,999999.99,99999.99,99999.99,0.29,0.19,0.14,-1,2019-08-14 14:00:00
2019,226,15,2537,51,52,59,36,4.0,3.9,7.9,161.1,-3.7,1.3,0.5,1.4,-0.0,0.1,0.8,0.3,0.7,0.2,84687.0,2.7,447.0,1.5,-0.6,0.049,10388.0,0.1,2.0,0.4,0.2,0.004,1.08,0.0,1.5,9.2,6.1,0.0141,7,0,-3,3,69.1,115,-81,34,0.5,0.00608,999999.99,99999.99,99999.99,0.27,0.16,0.12,-1,2019-08-14 15:00:00
2019,226,16,2537,51,52,60,30,3.9,3.8,1.4,164.4,-3.7,1.0,0.1,1.0,-0.2,0.1,0.8,0.3,0.7,0.2,94713.0,2.6,441.0,2.0,-0.6,0.053,12974.0,0.1,2.0,0.2,0.2,0.006,1.02,0.09,1.59,9.1,5.9,0.0143,7,0,-3,3,69.1,64,-54,10,0.1,0.00608,999999.99,99999.99,99999.99,0.28,0.18,0.13,-1,2019-08-14 16:00:00
2019,226,17,2537,51,52,60,11,3.7,3.6,1.3,170.9,-3.5,0.6,0.1,0.6,-0.1,0.1,0.8,0.1,0.7,0.4,80971.0,2.8,443.0,1.9,-0.8,0.051,13422.0,0.2,4.0,0.4,0.2,0.004,1.1,0.04,1.78,10.0,6.3,0.0119,7,0,-2,3,69.1,47,-36,11,0.0,0.00608,999999.99,99999.99,99999.99,0.3,0.19,0.14,-1,2019-08-14 17:00:00
2019,226,18,2537,51,52,61,14,3.6,3.4,14.5,174.2,-3.3,0.3,0.9,0.5,0.8,0.2,1.1,0.3,0.6,0.9,96431.0,3.0,442.0,1.8,-1.3,0.047,9348.0,0.1,5.0,0.6,1.0,0.004,1.16,-0.35,2.16,10.6,6.3,0.0105,3,0,-2,2,69.1,49,-30,19,0.3,0.00608,999999.99,99999.99,99999.99,0.3,0.18,0.13,-1,2019-08-14 18:00:00
2019,226,19,2537,51,52,60,20,3.9,3.7,20.3,179.2,-3.5,0.1,1.3,0.4,1.2,0.3,1.1,0.4,0.8,0.7,78287.0,2.8,451.0,1.8,-2.1,0.041,11483.0,0.3,6.0,0.7,0.6,0.005,1.11,-0.54,1.58,9.7,6.3,0.0127,3,0,-5,2,69.1,57,-33,24,0.6,0.00608,999999.99,99999.99,99999.99,0.27,0.19,0.13,-1,2019-08-14 19:00:00
2019,226,20,2537,51,52,61,28,3.9,3.8,9.3,183.5,-3.7,-0.2,0.6,-0.1,0.6,0.4,0.9,0.5,0.3,0.7,73868.0,2.7,450.0,1.3,-1.0,0.04,16331.0,0.2,8.0,0.3,1.0,0.004,1.06,-0.27,1.49,9.5,6.3,0.0132,3,0,-7,2,69.1,56,-28,28,0.4,0.00608,999999.99,99999.99,99999.99,0.3,0.19,0.14,-1,2019-08-14 20:00:00
2019,226,21,2537,51,52,60,9,4.5,4.4,19.3,180.4,-4.2,0.0,1.5,0.3,1.5,0.1,0.6,0.3,0.3,0.4,68995.0,2.3,463.0,1.1,-0.9,0.047,12869.0,0.3,4.0,0.3,0.1,0.017,0.98,-0.69,0.93,7.8,5.8,0.0195,3,0,-7,2,69.1,49,-22,27,0.2,0.00608,999999.99,99999.99,99999.99,0.28,0.17,0.13,-1,2019-08-14 21:00:00
2019,226,22,2537,51,52,61,16,4.4,4.2,9.7,177.2,-4.2,0.2,0.7,0.3,0.7,0.1,1.0,0.3,0.5,0.8,100472.0,2.3,464.0,1.6,0.4,0.056,30595.0,0.2,12.0,0.5,1.1,0.005,1.01,-0.32,1.13,8.0,5.7,0.0186,3,0,-7,2,69.1,36,-16,20,0.1,0.00608,999999.99,99999.99,99999.99,0.27,0.17,0.13,-1,2019-08-14 22:00:00
2019,226,23,2537,51,52,60,19,4.1,3.9,14.5,172.9,-3.8,0.5,1.0,0.7,0.9,0.3,1.0,0.4,0.6,0.6,94365.0,2.3,459.0,0.5,-0.2,0.056,24011.0,0.3,10.0,1.0,0.9,0.007,0.99,-0.41,1.27,8.5,5.9,0.0165,3,0,-6,2,69.1,31,-18,13,-0.2,0.00608,999999.99,99999.99,99999.99,0.3,0.19,0.13,-1,2019-08-14 23:00:00
2019,227,0,2537,51,52,60,33,3.4,3.0,33.0,156.6,-2.3,1.0,1.6,1.3,1.4,0.3,1.6,1.3,0.7,0.6,89937.0,2.8,467.0,0.5,-0.7,0.057,15065.0,0.4,10.0,0.7,0.5,0.008,1.25,-0.65,2.2,11.5,6.7,0.009,0,0,-7,0,69.4,25,-17,8,-0.1,0.006088,999999.99,99999.99,99999.99,0.28,0.17,0.13,-1,2019-08-15 00:00:00
2019,227,1,2537,51,52,59,6,3.6,3.6,8.4,179.9,-3.6,0.0,0.5,0.1,0.5,0.1,0.3,0.1,0.3,0.2,91891.0,2.4,454.0,1.0,-0.6,0.061,7403.0,0.1,6.0,0.3,0.5,0.006,1.03,-0.23,1.7,9.8,6.2,0.0125,0,0,-9,0,69.4,29,-17,11,-0.1,0.006088,999999.99,99999.99,99999.99,0.25,0.17,0.13,-1,2019-08-15 01:00:00
2019,227,2,2537,51,52,60,15,3.5,3.4,12.2,178.2,-3.3,0.1,0.7,0.3,0.7,0.2,0.5,0.2,0.3,0.4,79532.0,2.3,455.0,1.3,-0.6,0.058,16982.0,0.1,4.0,0.3,0.6,0.005,0.98,-0.32,1.62,9.9,6.4,0.0122,0,0,-11,0,69.4,35,-18,17,-0.2,0.006088,999999.99,99999.99,99999.99,0.29,0.19,0.13,-1,2019-08-15 02:00:00
2019,227,3,2537,51,52,60,19,3.1,3.1,2.6,173.3,-3.1,0.4,0.1,0.4,-0.0,0.1,0.3,0.1,0.2,0.2,9999999.0,2.3,455.0,1.3,1.0,0.055,9999999.0,0.0,1.0,0.1,0.2,0.002,0.97,0.0,999.99,11.1,99.9,0.0096,7,0,-10,3,69.4,34,-18,16,-0.3,0.006088,999999.99,99999.99,99999.99,0.27,0.18,0.14,-1,2019-08-15 03:00:00
2019,227,4,2537,51,52,58,23,3.0,2.8,11.8,163.9,-2.7,0.8,0.6,0.9,0.3,0.1,0.8,0.3,0.6,0.5,78408.0,2.4,446.0,1.1,0.8,0.05,17796.0,0.1,5.0,0.4,0.4,0.007,0.96,-0.13,2.29,11.5,6.7,0.009,7,0,-5,3,69.4,35,-13,22,-0.3,0.006088,999999.99,99999.99,99999.99,0.29,0.21,0.15,-1,2019-08-15 04:00:00
2019,227,5,2537,51,52,60,17,2.8,2.6,4.3,153.5,-2.3,1.2,0.2,1.2,-0.2,0.3,1.1,0.5,0.3,0.9,73548.0,2.6,447.0,1.1,0.6,0.049,8424.0,0.2,5.0,0.6,0.8,0.004,1.04,0.09,2.79,12.9,7.0,0.0072,7,0,-3,3,69.4,28,-13,15,-0.2,0.006088,999999.99,99999.99,99999.99,0.26,0.17,0.13,-1,2019-08-15 05:00:00
2019,227,6,2537,51,52,60,14,3.0,2.7,12.7,154.9,-2.4,1.1,0.6,1.2,0.1,0.4,1.3,0.8,0.5,0.9,68782.0,2.6,440.0,0.7,-0.5,0.045,14054.0,0.3,5.0,0.5,0.9,0.01,0.99,-0.04,2.37,11.8,6.8,0.0085,7,0,-6,3,69.4,66,-34,32,0.0,0.006088,999999.99,99999.99,99999.99,0.29,0.18,0.13,-1,2019-08-15 06:00:00
2019,227,7,2537,51,52,58,18,2.8,2.6,16.7,130.4,-1.6,1.9,0.7,2.0,-0.2,0.3,1.1,0.7,0.5,0.7,87424.0,3.0,435.0,0.2,-1.7,0.044,10093.0,0.2,4.0,0.5,0.4,0.004,1.11,0.09,3.44,13.5,6.8,0.0066,7,0,-6,3,69.4,64,-40,24,-0.0,0.006088,999999.99,99999.99,99999.99,0.28,0.18,0.13,-1,2019-08-15 07:00:00
2019,227,8,2537,51,52,60,21,3.4,3.2,15.6,140.2,-2.4,2.0,0.9,2.2,-0.1,0.2,1.0,0.3,0.5,0.8,70805.0,2.9,432.0,-1.0,-1.0,0.038,12452.0,0.4,6.0,0.7,0.7,0.006,1.04,0.04,2.08,10.8,6.5,0.0102,7,0,-7,3,69.4,54,-30,24,0.1,0.006088,999999.99,99999.99,99999.99,0.29,0.18,0.13,-1,2019-08-15 08:00:00
2019,227,9,2537,51,52,58,17,3.2,2.9,-4.5,126.7,-1.7,2.3,-0.2,1.9,-1.3,0.4,1.4,0.7,0.7,1.0,74085.0,3.3,429.0,-1.8,-1.7,0.032,9304.0,0.3,5.0,0.4,0.5,0.002,1.14,0.56,2.71,12.2,6.7,0.008,7,0,-7,3,69.4,46,-34,12,0.5,0.006088,999999.99,99999.99,99999.99,0.3,0.19,0.13,-1,2019-08-15 09:00:00
2019,227,10,2537,51,52,60,21,3.8,3.7,16.6,138.3,-2.6,2.3,1.0,2.5,-0.2,0.1,0.8,0.3,0.5,0.5,67487.0,3.4,423.0,-1.3,-2.7,0.028,6045.0,0.2,2.0,0.4,0.5,0.004,1.13,0.08,1.92,10.3,6.3,0.0113,7,0,-9,3,69.4,70,-54,16,0.6,0.006088,999999.99,99999.99,99999.99,0.3,0.19,0.14,-1,2019-08-15 10:00:00
2019,227,11,2537,51,52,58,18,3.4,3.1,10.8,143.6,-2.5,1.8,0.6,1.9,-0.3,0.1,1.4,0.3,0.5,1.3,86627.0,3.5,419.0,-0.9,-2.4,0.03,44759.0,0.2,6.0,0.5,0.6,0.004,1.15,0.13,2.71,11.5,6.3,0.009,7,0,-9,3,69.4,52,-28,24,0.5,0.006088,999999.99,99999.99,99999.99,0.27,0.18,0.13,-1,2019-08-15 11:00:00
2019,227,12,2537,51,52,62,21,3.4,3.1,2.5,161.3,-3.0,1.0,0.1,0.9,-0.4,0.2,1.3,0.3,0.8,1.0,79943.0,3.3,416.0,-0.8,-2.2,0.032,8911.0,0.1,4.0,0.9,0.9,0.004,1.08,0.17,2.47,11.1,6.3,0.0096,10,0,-11,4,69.4,113,-60,53,0.6,0.006088,999999.99,99999.99,99999.99,0.27,0.18,0.13,-1,2019-08-15 12:00:00
2019,227,13,2537,51,52,61,18,3.6,3.2,22.8,190.8,-2.9,-0.6,1.2,0.0,1.3,0.2,1.7,0.2,1.3,1.1,75559.0,3.3,417.0,1.3,-2.3,0.032,7886.0,0.4,6.0,0.7,0.8,0.003,1.08,-0.54,2.16,10.5,6.2,0.0107,10,0,-11,4,69.4,107,-76,32,0.2,0.006088,999999.99,99999.99,99999.99,0.25,0.18,0.14,-1,2019-08-15 13:00:00
2019,227,14,2537,51,52,59,12,3.8,3.5,54.3,168.3,-2.0,0.4,2.9,1.6,2.5,0.2,1.4,0.8,1.1,0.4,70590.0,3.6,428.0,0.8,-1.5,0.035,5980.0,0.3,4.0,0.4,0.4,0.004,1.26,-1.07,2.06,10.7,6.4,0.0104,10,0,-10,4,69.4,35,-18,17,-0.3,0.006088,999999.99,99999.99,99999.99,0.27,0.18,0.13,-1,2019-08-15 14:00:00
2019,227,15,2537,51,52,60,36,3.8,3.3,27.0,169.3,-2.9,0.6,1.5,1.1,1.2,0.2,1.9,0.4,1.7,0.6,74974.0,3.7,423.0,0.8,-1.4,0.038,5595.0,0.1,2.0,0.7,0.3,0.004,1.27,-0.51,2.17,10.7,6.3,0.0104,7,0,-6,3,69.4,30,-20,10,-0.7,0.006088,999999.99,99999.99,99999.99,0.29,0.18,0.13,-1,2019-08-15 15:00:00
2019,227,16,2537,51,52,60,36,3.4,2.2,37.8,174.7,-1.7,0.2,1.3,0.6,1.2,0.3,2.6,0.9,2.3,0.9,78972.0,4.2,428.0,0.9,-1.5,0.045,8254.0,0.2,3.0,0.9,0.5,0.004,1.52,-0.51,3.13,12.9,6.7,0.0071,7,0,-3,3,69.4,39,-23,16,0.1,0.006088,999999.99,99999.99,99999.99,0.26,0.18,0.12,-1,2019-08-15 16:00:00
2019,227,17,2537,51,52,60,37,3.6,3.2,14.3,185.5,-3.1,-0.3,0.8,-0.0,0.9,0.2,1.6,0.7,1.4,0.5,76891.0,4.2,428.0,0.3,-1.1,0.051,5228.0,0.2,3.0,0.8,0.3,0.002,1.55,-0.39,2.77,12.2,6.6,0.008,7,0,-3,3,69.4,42,-23,19,0.9,0.006088,999999.99,99999.99,99999.99,0.29,0.17,0.12,-1,2019-08-15 17:00:00
2019,227,18,2537,51,52,61,37,3.8,3.6,19.2,184.5,-3.4,-0.3,1.2,0.0,1.2,0.2,1.0,0.3,0.7,0.6,74889.0,4.3,427.0,0.1,-1.2,0.053,4694.0,0.2,3.0,0.6,0.4,0.002,1.59,-0.51,2.52,11.7,6.5,0.0088,13,0,-2,5,69.4,53,-31,22,0.7,0.006088,999999.99,99999.99,99999.99,0.27,0.17,0.13,-1,2019-08-15 18:00:00
2019,227,19,2537,51,52,59,36,4.0,3.7,3.7,195.7,-3.5,-1.0,0.2,-0.9,0.4,0.1,1.6,0.3,1.0,1.2,75072.0,4.7,428.0,0.9,-1.0,0.055,4274.0,0.3,3.0,0.7,0.7,0.004,1.75,-0.17,2.49,11.6,6.5,0.0088,13,0,-2,5,69.4,72,-43,30,0.6,0.006088,999999.99,99999.99,99999.99,0.28,0.17,0.12,-1,2019-08-15 19:00:00
2019,227,20,2537,51,52,60,36,4.0,3.8,-1.0,209.5,-3.3,-1.9,-0.1,-1.9,0.3,0.1,1.1,0.4,0.6,0.7,78584.0,5.2,429.0,0.9,-0.6,0.06,4146.0,0.2,2.0,0.4,0.5,0.003,1.98,-0.13,2.8,12.2,6.6,0.008,13,0,-3,5,69.4,76,-49,28,0.7,0.006088,999999.99,99999.99,99999.99,0.26,0.16,0.12,-1,2019-08-15 20:00:00
2019,227,21,2537,51,52,60,35,4.2,3.6,41.7,199.0,-2.5,-0.9,2.4,-0.5,2.5,0.5,2.2,1.1,1.4,1.2,79385.0,5.9,426.0,0.7,-2.2,0.053,7480.0,0.3,2.0,0.5,0.8,0.006,2.17,-1.06,2.89,12.3,6.6,0.0078,10,0,-3,4,69.4,62,-39,24,0.1,0.006088,999999.99,99999.99,99999.99,0.27,0.17,0.13,-1,2019-08-15 21:00:00
2019,227,22,2537,51,52,60,37,5.2,4.7,19.2,112.0,-1.7,4.1,1.5,4.3,0.8,0.7,2.4,1.1,1.0,1.8,80965.0,6.2,424.0,-0.5,-1.5,0.057,8873.0,0.5,2.0,0.6,0.4,0.006,2.29,-0.34,2.0,10.2,6.1,0.0115,10,0,-3,4,69.4,49,-25,24,-0.0,0.006088,999999.99,99999.99,99999.99,0.28,0.18,0.13,-1,2019-08-15 22:00:00
2019,227,23,2537,51,52,60,36,3.4,2.6,-40.4,111.1,-0.7,1.8,-1.7,1.5,-2.0,0.6,2.1,1.2,1.0,1.5,91490.0,5.8,423.0,0.3,-0.5,0.066,7980.0,0.3,4.0,0.7,0.7,0.005,2.19,0.85,4.59,15.0,6.7,0.0053,10,0,-5,4,69.4,72,-39,32,0.5,0.006088,999999.99,99999.99,99999.99,0.26,0.18,0.13,-1,2019-08-15 23:00:00
2019,228,0,2537,51,52,63,38,3.0,1.0,-61.9,94.6,0.0,0.4,-0.8,0.3,-0.9,0.4,2.8,2.1,1.6,1.1,86189.0,5.2,425.0,0.2,-1.7,0.064,6281.0,0.2,12.0,1.0,0.9,0.004,1.97,0.38,5.16,16.2,6.9,0.0046,13,0,-9,5,69.2,96,-58,37,0.6,0.006066,999999.99,99999.99,99999.99,0.26,0.17,0.13,-1,2019-08-16 00:00:00
2019,228,1,2537,51,52,56,33,3.3,2.8,13.6,148.9,-2.3,1.4,0.6,1.5,0.3,0.2,1.8,1.2,0.9,1.1,76773.0,5.1,411.0,-1.4,-3.1,0.061,5103.0,0.2,8.0,0.7,1.0,0.003,1.79,-0.12,4.0,14.1,6.7,0.006,13,0,-8,5,69.2,58,-36,22,0.4,0.006066,999999.99,99999.99,99999.99,0.26,0.17,0.12,-1,2019-08-16 01:00:00
2019,228,2,2537,51,52,58,34,3.0,2.8,34.1,171.9,-2.3,0.3,1.6,0.7,1.5,0.5,1.0,0.4,0.7,0.5,71190.0,5.3,407.0,-0.2,-3.8,0.057,5640.0,0.2,4.0,0.4,0.5,0.004,1.8,-0.61,4.89,15.6,6.8,0.0049,13,0,-5,5,69.2,51,-26,25,0.2,0.006066,999999.99,99999.99,99999.99,0.32,0.19,0.13,-1,2019-08-16 02:00:00
2019,228,3,2537,51,52,60,35,3.2,2.6,35.1,147.8,-1.8,1.1,1.5,1.5,1.1,0.3,1.8,1.5,0.6,0.9,64880.0,4.9,408.0,-0.6,-2.9,0.055,4669.0,0.3,3.0,0.4,0.9,0.004,1.66,-0.45,3.85,14.1,6.8,0.006,7,0,-4,3,69.2,47,-24,23,0.2,0.006066,999999.99,99999.99,99999.99,0.26,0.17,0.13,-1,2019-08-16 03:00:00
2019,228,4,2537,51,52,65,40,3.6,3.1,46.3,159.2,-2.0,0.8,2.3,1.5,1.9,0.1,1.8,1.3,0.6,1.1,61574.0,5.1,408.0,-1.0,-3.1,0.052,3455.0,0.3,9.0,0.6,0.8,0.004,1.71,-0.78,3.11,12.8,6.7,0.0073,7,0,-2,3,69.2,34,-18,16,-0.0,0.006066,999999.99,99999.99,99999.99,0.27,0.18,0.13,-1,2019-08-16 04:00:00
2019,228,5,2537,51,52,59,34,3.6,2.5,18.8,66.5,0.9,2.1,0.8,2.2,0.0,0.3,2.6,1.6,1.1,1.8,74079.0,4.7,425.0,-1.6,-2.2,0.053,8439.0,0.4,4.0,0.5,0.6,0.006,1.72,-0.0,3.05,12.8,6.7,0.0073,7,0,0,3,69.2,59,-19,41,0.4,0.006066,999999.99,99999.99,99999.99,0.31,0.18,0.13,-1,2019-08-16 05:00:00
2019,228,6,2537,51,52,59,36,3.4,1.8,-2.0,197.0,-1.7,-0.5,-0.1,-0.5,0.1,0.5,2.8,1.5,1.6,1.8,75585.0,4.5,418.0,-0.2,-1.2,0.053,7689.0,0.4,7.0,1.1,0.6,0.004,1.59,-0.04,3.3,13.0,6.6,0.007,13,0,0,5,69.2,116,-71,46,0.1,0.006066,999999.99,99999.99,99999.99,0.32,0.2,0.14,-1,2019-08-16 06:00:00
2019,228,7,2537,51,52,61,34,2.4,0.7,-34.3,88.3,0.0,0.6,-0.4,0.4,-0.6,0.4,2.2,1.5,1.2,1.1,84244.0,5.2,424.0,-0.4,-2.4,0.056,6293.0,0.3,7.0,0.7,0.7,0.004,1.91,0.25,7.98,20.1,7.2,0.0029,13,0,-2,5,69.2,184,-146,38,0.2,0.006066,999999.99,99999.99,99999.99,0.3,0.18,0.13,-1,2019-08-16 07:00:00
2019,228,8,2537,51,52,61,37,3.2,2.6,-34.5,73.3,0.6,2.1,-1.5,1.2,-2.3,0.2,1.8,0.8,0.9,1.3,68809.0,5.0,431.0,-1.3,-0.6,0.052,5842.0,0.2,4.0,0.6,1.3,0.004,1.87,0.99,4.01,15.1,7.1,0.0052,13,0,-6,5,69.2,109,-78,32,1.0,0.006066,999999.99,99999.99,99999.99,0.31,0.18,0.13,-1,2019-08-16 08:00:00
2019,228,9,2537,51,52,58,35,3.2,2.9,-73.6,254.6,-0.2,-0.8,-2.8,-2.0,-2.1,0.2,1.2,0.9,0.6,0.4,63534.0,4.3,424.0,0.6,0.3,0.052,7825.0,0.2,7.0,0.6,0.5,0.004,1.56,0.89,3.35,13.7,7.0,0.0063,20,0,-14,7,69.2,406,-313,93,1.5,0.006066,999999.99,99999.99,99999.99,0.29,0.19,0.13,-1,2019-08-16 09:00:00
2019,228,10,2537,51,52,58,34,2.7,2.1,-23.9,205.1,-1.8,-0.8,-0.9,-1.1,-0.4,0.4,1.6,0.6,0.9,1.2,69359.0,4.6,410.0,0.7,-1.4,0.055,6055.0,0.3,4.0,0.7,0.8,0.006,1.58,0.16,5.19,16.3,7.0,0.0045,20,0,-14,7,69.2,254,-177,77,1.2,0.006066,999999.99,99999.99,99999.99,0.29,0.2,0.14,-1,2019-08-16 10:00:00
2019,228,11,2537,51,52,57,35,3.1,2.3,-25.2,156.6,-1.9,0.8,-1.0,0.2,-1.3,0.3,2.1,0.7,1.6,1.0,59285.0,4.3,404.0,-0.1,-1.3,0.051,4962.0,0.2,5.0,0.9,0.5,0.005,1.41,0.53,3.49,13.5,6.7,0.0065,20,0,-14,7,69.2,85,-34,50,0.9,0.006066,999999.99,99999.99,99999.99,0.28,0.18,0.13,-1,2019-08-16 11:00:00
2019,228,12,2537,51,52,61,37,2.7,2.2,-8.8,141.1,-1.7,1.4,-0.3,1.1,-0.9,0.3,1.5,0.8,1.1,0.7,61028.0,4.3,401.0,-0.4,-0.9,0.055,4923.0,0.3,4.0,1.1,0.7,0.004,1.41,0.36,4.65,15.4,6.9,0.005,10,0,-14,4,69.2,87,-36,51,1.4,0.006066,999999.99,99999.99,99999.99,0.27,0.18,0.14,-1,2019-08-16 12:00:00
2019,228,13,2537,51,52,59,36,2.2,2.1,-21.9,179.1,-2.0,0.0,-0.8,-0.4,-0.7,0.1,0.6,0.2,0.5,0.3,61351.0,4.5,399.0,0.7,-0.7,0.051,3303.0,0.1,2.0,0.4,0.3,0.002,1.44,0.28,7.34,19.2,7.1,0.0032,10,0,-14,4,69.2,71,-21,50,0.8,0.006066,999999.99,99999.99,99999.99,0.27,0.18,0.13,-1,2019-08-16 13:00:00
2019,228,14,2537,51,52,61,37,2.3,2.2,-15.8,151.8,-1.9,1.0,-0.6,0.6,-1.0,0.1,0.6,0.2,0.4,0.4,57089.0,4.3,394.0,0.1,-0.7,0.05,2980.0,0.2,1.0,0.3,0.4,0.002,1.34,0.39,6.27,17.8,7.0,0.0038,10,0,-14,4,69.2,72,-38,33,0.6,0.006066,999999.99,99999.99,99999.99,0.27,0.18,0.13,-1,2019-08-16 14:00:00
2019,228,15,2537,51,52,57,35,2.9,2.7,-28.8,137.9,-1.7,1.6,-1.3,1.0,-1.8,0.2,1.1,0.4,0.3,1.0,47112.0,3.6,392.0,-0.4,0.4,0.048,4304.0,0.2,5.0,0.4,0.9,0.003,1.1,0.71,3.12,12.8,6.7,0.0072,7,0,-12,3,69.2,173,-143,30,0.9,0.006066,999999.99,99999.99,99999.99,0.27,0.17,0.12,-1,2019-08-16 15:00:00
2019,228,16,2537,51,52,60,36,2.9,2.9,-15.4,143.3,-2.2,1.7,-0.8,1.3,-1.3,0.1,0.3,0.2,0.2,0.2,41650.0,3.3,385.0,-0.7,0.3,0.044,2646.0,0.1,2.0,0.3,0.3,0.003,0.96,0.5,2.78,12.1,6.5,0.0082,7,0,-12,3,69.2,201,-176,25,0.8,0.006066,999999.99,99999.99,99999.99,0.28,0.17,0.12,-1,2019-08-16 16:00:00
2019,228,17,2537,51,52,61,36,2.9,2.8,-11.1,140.0,-2.1,1.8,-0.5,1.6,-1.0,0.1,0.6,0.4,0.3,0.3,38798.0,3.2,383.0,-0.6,0.1,0.04,1441.0,0.1,2.0,0.4,0.4,0.002,0.91,0.38,2.65,11.8,6.5,0.0085,7,0,-12,3,69.2,150,-122,27,0.4,0.006066,999999.99,99999.99,99999.99,0.26,0.17,0.12,-1,2019-08-16 17:00:00
2019,228,18,2537,51,52,57,32,2.7,2.7,-4.7,140.7,-2.1,1.7,-0.2,1.6,-0.6,0.1,0.5,0.2,0.3,0.4,38509.0,3.2,381.0,-0.6,-0.4,0.036,1861.0,0.1,4.0,0.3,0.4,0.003,0.89,0.23,3.05,12.6,6.6,0.0075,7,0,-16,3,69.2,131,-104,27,0.2,0.006066,999999.99,99999.99,99999.99,0.27,0.18,0.13,-1,2019-08-16 18:00:00
2019,228,19,2537,51,52,59,36,2.8,2.7,-6.5,166.6,-2.7,0.6,-0.3,0.5,-0.4,0.0,0.5,0.1,0.4,0.3,39363.0,3.1,370.0,0.1,-0.1,0.038,3512.0,0.1,2.0,0.4,0.4,0.004,0.82,0.15,2.76,11.6,6.3,0.0088,7,0,-19,3,69.2,136,-111,25,0.3,0.006066,999999.99,99999.99,99999.99,0.27,0.18,0.13,-1,2019-08-16 19:00:00
2019,228,20,2537,51,52,59,36,2.8,2.8,-15.3,154.6,-2.4,1.2,-0.7,1.0,-0.9,0.0,0.3,0.1,0.2,0.1,39898.0,3.3,369.0,-0.3,0.2,0.037,1618.0,0.2,1.0,0.2,0.2,0.003,0.86,0.33,2.95,12.0,6.4,0.0083,7,0,-17,3,69.2,90,-59,30,0.6,0.006066,999999.99,99999.99,99999.99,0.26,0.17,0.13,-1,2019-08-16 20:00:00
2019,228,21,2537,51,52,60,37,3.0,3.0,-15.8,154.1,-2.6,1.3,-0.8,1.1,-1.0,0.1,0.2,0.1,0.1,0.1,39553.0,3.4,368.0,0.1,0.2,0.035,1390.0,0.1,1.0,0.2,0.2,0.002,0.88,0.37,2.64,11.3,6.2,0.0093,3,0,-15,2,69.2,85,-61,24,0.7,0.006066,999999.99,99999.99,99999.99,0.28,0.18,0.13,-1,2019-08-16 21:00:00
2019,228,22,2537,51,52,60,36,2.8,2.4,11.1,98.8,-0.4,2.3,0.5,2.4,0.1,0.1,1.4,1.3,0.5,0.5,42236.0,3.9,377.0,-0.2,-0.2,0.038,4476.0,0.2,7.0,0.5,0.4,0.003,1.07,-0.04,3.53,13.3,6.6,0.0067,3,0,-11,2,69.2,41,-27,14,0.4,0.006066,999999.99,99999.99,99999.99,0.28,0.17,0.12,-1,2019-08-16 22:00:00
2019,228,23,2537,51,52,60,35,2.9,2.8,11.9,133.7,-1.9,2.0,0.6,2.1,0.3,0.2,0.9,0.6,0.3,0.6,42286.0,3.9,367.0,-0.3,-0.0,0.036,2804.0,0.2,4.0,0.3,0.5,0.002,1.0,-0.11,3.29,12.5,6.4,0.0076,3,0,-8,2,69.2,29,-14,15,0.3,0.006066,999999.99,99999.99,99999.99,0.29,0.19,0.14,-1,2019-08-16 23:00:00
2019,229,0,2537,51,52,60,36,3.4,3.1,14.6,134.9,-2.1,2.2,0.8,2.3,0.4,0.4,1.2,0.5,0.6,0.9,40789.0,4.2,366.0,-0.8,-0.3,0.034,2803.0,0.3,3.0,0.5,1.0,0.003,1.07,-0.15,2.56,11.0,6.2,0.0098,13,0,-7,5,69.7,29,-16,13,0.3,0.006082,999999.99,99999.99,99999.99,0.25,0.16,0.12,-1,2019-08-17 00:00:00
2019,229,1,2537,51,52,61,36,4.0,3.0,-2.6,101.0,-0.6,3.0,-0.1,2.9,-0.7,0.2,2.5,2.3,0.3,0.9,37159.0,5.2,370.0,-1.7,-1.0,0.028,4674.0,0.4,5.0,0.5,0.6,0.005,1.32,0.26,2.24,10.5,6.2,0.0107,13,0,-7,5,69.7,35,-20,15,0.4,0.006082,999999.99,99999.99,99999.99,0.29,0.17,0.12,-1,2019-08-17 01:00:00
2019,229,2,2537,51,52,58,34,4.4,4.3,-10.8,57.4,2.3,3.6,-0.8,3.3,-1.6,0.5,1.2,0.5,0.6,0.9,32992.0,5.5,368.0,-1.0,-0.7,0.02,3541.0,0.4,3.0,0.4,0.3,0.004,1.34,0.59,1.91,9.8,6.0,0.0124,13,0,-8,5,69.7,68,-30,38,0.9,0.006082,999999.99,99999.99,99999.99,0.27,0.18,0.13,-1,2019-08-17 02:00:00
2019,229,3,2537,51,52,60,36,4.6,4.3,-41.1,42.8,2.4,2.2,-2.9,1.3,-3.4,0.6,1.6,0.3,1.5,0.5,32788.0,6.1,365.0,-0.9,0.3,0.021,2835.0,0.5,3.0,0.6,0.5,0.002,1.47,1.24,1.93,9.8,6.0,0.0124,20,0,-12,7,69.7,200,-87,113,1.6,0.006082,999999.99,99999.99,99999.99,0.27,0.18,0.12,-1,2019-08-17 03:00:00
2019,229,4,2537,51,52,61,36,3.9,2.7,-29.8,74.7,0.6,2.3,-1.4,1.7,-2.1,0.4,2.8,2.1,1.3,1.1,43629.0,7.1,362.0,-1.3,-1.6,0.022,5433.0,1.5,7.0,1.1,0.7,0.005,1.69,0.76,3.34,12.4,6.3,0.0078,20,0,-14,7,69.7,270,-127,143,2.1,0.006082,999999.99,99999.99,99999.99,0.29,0.18,0.13,-1,2019-08-17 04:00:00
2019,229,5,2537,51,52,59,35,3.6,3.3,4.6,137.5,-2.4,2.2,0.3,2.2,-0.5,0.2,1.5,0.7,1.0,0.9,42225.0,9.7,362.0,-1.8,-2.6,0.014,3192.0,0.3,2.0,0.5,0.4,0.001,2.24,0.18,5.31,15.7,6.6,0.0049,20,0,-10,7,69.7,152,-52,100,1.3,0.006082,999999.99,99999.99,99999.99,0.3,0.19,0.14,-1,2019-08-17 05:00:00
2019,229,6,2537,51,52,60,37,4.2,3.8,21.5,148.2,-3.0,1.8,1.4,2.2,0.6,0.3,1.9,0.6,1.4,1.1,48448.0,8.7,361.0,-1.4,-3.1,0.021,4505.0,0.8,3.0,0.6,0.6,0.004,2.05,-0.22,3.63,12.7,6.2,0.0074,7,0,-7,3,69.7,82,-35,47,0.7,0.006082,999999.99,99999.99,99999.99,0.3,0.18,0.13,-1,2019-08-17 06:00:00
2019,229,7,2537,51,52,62,37,4.5,3.0,18.0,140.4,-2.2,1.8,0.9,2.0,0.0,0.3,3.4,2.1,1.7,2.0,53704.0,7.7,364.0,-1.8,-2.7,0.028,5584.0,0.3,4.0,0.8,0.7,0.004,1.89,-0.0,2.88,11.2,6.0,0.0094,7,0,-6,3,69.7,120,-65,55,0.6,0.006082,999999.99,99999.99,99999.99,0.29,0.18,0.13,-1,2019-08-17 07:00:00
2019,229,8,2537,51,52,60,37,4.0,3.3,-10.9,40.2,2.5,2.1,-0.6,1.6,-1.5,0.2,2.1,1.4,1.1,1.1,57045.0,7.5,374.0,-2.8,-1.4,0.029,4130.0,0.2,3.0,0.5,0.5,0.002,1.96,0.56,3.62,12.8,6.3,0.0073,7,0,-6,3,69.7,171,-136,35,1.2,0.006082,999999.99,99999.99,99999.99,0.29,0.18,0.13,-1,2019-08-17 08:00:00
2019,229,9,2537,51,52,57,34,3.7,3.2,11.0,134.5,-2.2,2.2,0.6,2.2,-0.5,0.1,1.7,1.1,0.8,1.1,59559.0,7.2,363.0,-3.3,-2.0,0.029,4795.0,0.2,4.0,0.6,0.7,0.002,1.77,0.18,4.11,13.2,6.2,0.0069,10,0,-9,4,69.7,179,-127,52,1.5,0.006082,999999.99,99999.99,99999.99,0.31,0.18,0.13,-1,2019-08-17 09:00:00
2019,229,10,2537,51,52,60,36,3.8,3.6,-2.0,129.2,-2.3,2.8,-0.1,2.4,-1.4,0.1,1.3,1.0,0.6,0.6,65251.0,7.5,360.0,-3.1,-2.6,0.026,4659.0,0.2,2.0,0.4,0.3,0.003,1.79,0.5,4.18,13.0,6.0,0.0071,10,0,-8,4,69.7,61,-33,27,1.3,0.006082,999999.99,99999.99,99999.99,0.29,0.19,0.13,-1,2019-08-17 10:00:00
2019,229,11,2537,51,52,56,33,3.6,2.9,-2.8,118.8,-1.4,2.5,-0.1,2.1,-1.3,0.2,2.1,1.7,0.8,0.9,58347.0,7.4,354.0,-2.1,-2.7,0.022,6399.0,0.3,3.0,0.5,0.6,0.004,1.68,0.46,4.43,13.4,6.1,0.0066,10,0,-9,4,69.7,50,-25,25,0.9,0.006082,999999.99,99999.99,99999.99,0.24,0.17,0.12,-1,2019-08-17 11:00:00
2019,229,12,2537,51,52,63,39,2.8,2.5,-16.4,189.9,-2.4,-0.4,-0.7,-0.7,-0.4,0.2,1.2,0.3,1.1,0.5,52985.0,7.5,350.0,0.4,-2.3,0.021,5215.0,0.2,3.0,0.6,0.5,0.002,1.66,0.14,7.22,17.1,6.4,0.0041,10,0,-7,4,69.7,58,-35,23,0.3,0.006082,999999.99,99999.99,99999.99,0.27,0.18,0.13,-1,2019-08-17 12:00:00
2019,229,13,2537,51,52,58,35,3.2,3.1,-14.5,201.4,-2.8,-1.1,-0.8,-1.3,-0.2,0.1,0.7,0.3,0.4,0.5,43780.0,7.2,349.0,0.5,-1.7,0.02,2612.0,0.3,3.0,0.4,0.4,0.002,1.58,0.07,5.04,14.6,6.3,0.0056,10,0,-6,4,69.7,69,-36,34,0.2,0.006082,999999.99,99999.99,99999.99,0.27,0.18,0.13,-1,2019-08-17 13:00:00
2019,229,14,2537,51,52,60,36,3.8,3.7,-19.4,205.0,-3.2,-1.5,-1.2,-1.9,-0.4,0.3,0.8,0.3,0.3,0.7,39061.0,7.5,346.0,0.8,-1.3,0.017,2169.0,0.2,1.0,0.2,0.5,0.002,1.6,0.14,3.62,12.5,6.1,0.0077,10,0,-5,4,69.7,72,-41,31,0.8,0.006082,999999.99,99999.99,99999.99,0.28,0.18,0.13,-1,2019-08-17 14:00:00
2019,229,15,2537,51,52,61,34,4.6,4.5,-18.1,191.5,-4.2,-0.9,-1.4,-1.4,-0.9,0.2,1.1,0.2,0.8,0.6,34138.0,7.1,346.0,-0.2,-0.7,0.015,2422.0,0.3,1.0,0.6,0.4,0.001,1.5,0.31,2.27,10.0,5.8,0.0118,7,0,-6,3,69.7,86,-57,29,0.9,0.006082,999999.99,99999.99,99999.99,0.27,0.17,0.12,-1,2019-08-17 15:00:00
2019,229,16,2537,51,52,57,34,4.6,4.5,-10.7,189.1,-4.4,-0.7,-0.8,-0.9,-0.5,0.1,0.6,0.1,0.6,0.1,27956.0,8.6,341.0,-0.2,-0.6,0.014,3580.0,0.9,3.0,0.4,0.2,0.002,1.76,0.17,2.64,10.9,6.0,0.0101,7,0,-4,3,69.7,112,-79,33,0.7,0.006082,999999.99,99999.99,99999.99,0.28,0.18,0.13,-1,2019-08-17 16:00:00
2019,229,17,2537,51,52,59,36,4.7,4.7,-4.9,174.5,-4.7,0.4,-0.4,0.3,-0.5,0.2,0.4,0.2,0.2,0.3,24744.0,9.3,335.0,-0.4,-0.5,0.012,1717.0,0.4,2.0,0.5,0.2,0.001,1.83,0.17,2.68,10.9,6.0,0.0101,7,0,-3,3,69.7,54,-29,25,0.3,0.006082,999999.99,99999.99,99999.99,0.25,0.17,0.13,-1,2019-08-17 17:00:00
2019,229,18,2537,51,52,61,37,5.5,5.5,7.0,184.5,-5.4,-0.4,0.7,-0.2,0.8,0.5,1.0,0.4,0.7,0.5,28850.0,9.6,335.0,0.1,-1.5,0.014,3653.0,1.1,2.0,0.6,0.8,0.002,1.9,-0.27,2.08,9.4,5.6,0.0134,3,0,-3,2,69.7,49,-25,25,0.2,0.006082,999999.99,99999.99,99999.99,0.28,0.19,0.14,-1,2019-08-17 18:00:00
2019,229,19,2537,51,52,62,37,6.1,6.0,15.3,175.1,-5.8,0.5,1.6,0.9,1.4,0.1,1.0,0.1,0.9,0.2,29113.0,7.2,340.0,-1.3,-2.0,0.019,6361.0,1.4,3.0,1.0,0.5,0.003,1.5,-0.48,1.27,7.5,5.2,0.0213,3,0,-4,2,69.7,40,-19,20,0.2,0.006082,999999.99,99999.99,99999.99,0.3,0.18,0.13,-1,2019-08-17 19:00:00
2019,229,20,2537,51,52,61,36,6.1,6.0,19.4,164.0,-5.5,1.6,2.0,2.0,1.6,0.2,0.9,0.4,0.8,0.2,36244.0,7.2,346.0,-2.4,-1.1,0.02,9396.0,1.5,7.0,0.4,0.6,0.002,1.55,-0.55,1.33,7.6,5.2,0.0205,3,0,-1,2,69.7,42,-21,22,-0.2,0.006082,999999.99,99999.99,99999.99,0.28,0.18,0.13,-1,2019-08-17 20:00:00
2019,229,21,2537,51,52,59,36,6.2,5.8,22.9,180.2,-5.3,0.0,2.3,0.4,2.3,0.2,2.2,0.5,2.1,0.5,52305.0,7.5,356.0,-1.3,-0.6,0.029,4491.0,0.6,2.0,1.2,0.4,0.005,1.77,-0.82,1.47,7.9,5.2,0.0192,3,0,1,2,69.7,37,-17,20,0.0,0.006082,999999.99,99999.99,99999.99,0.27,0.17,0.13,-1,2019-08-17 21:00:00
2019,229,22,2537,51,52,61,36,6.6,6.1,25.7,175.6,-5.5,0.4,2.7,0.9,2.6,0.3,2.3,0.4,1.9,1.2,55633.0,7.8,356.0,-2.3,-1.0,0.034,4206.0,0.5,2.0,0.9,0.5,0.002,1.88,-0.93,1.37,7.5,5.1,0.021,3,0,3,2,69.7,33,-16,17,0.1,0.006082,999999.99,99999.99,99999.99,0.29,0.18,0.13,-1,2019-08-17 22:00:00
2019,229,23,2537,51,52,59,36,6.5,6.3,15.5,153.3,-5.5,2.7,1.7,3.0,1.2,0.2,1.1,0.3,0.5,0.9,58095.0,9.3,354.0,-3.0,-1.5,0.035,2936.0,0.5,2.0,0.4,0.3,0.002,2.22,-0.42,1.71,8.3,5.3,0.0172,3,0,7,2,69.7,35,-13,22,0.1,0.006082,999999.99,99999.99,99999.99,0.31,0.2,0.14,-1,2019-08-17 23:00:00
2019,230,0,2537,51,52,63,38,6.8,6.1,-19.5,151.3,-5.0,2.8,-2.0,2.4,-2.5,0.2,3.0,0.8,0.8,2.8,62114.0,11.0,358.0,-2.3,-0.2,0.032,3833.0,0.7,4.0,0.6,1.0,0.003,2.66,0.9,1.89,8.7,5.4,0.0156,27,0,7,12,69.2,42,-14,27,0.4,0.006112,999999.99,99999.99,99999.99,0.28,0.17,0.13,-1,2019-08-18 00:00:00
2019,230,1,2537,51,52,58,33,6.0,5.5,-32.4,150.6,-4.1,2.3,-3.0,1.6,-3.4,0.4,2.1,0.7,0.8,1.7,67424.0,12.4,355.0,-2.0,0.3,0.037,3455.0,0.6,4.0,0.5,0.9,0.006,3.0,1.21,2.81,10.4,5.6,0.011,27,0,1,12,69.2,178,-109,69,1.3,0.006112,999999.99,99999.99,99999.99,0.27,0.17,0.13,-1,2019-08-18 01:00:00
2019,230,2,2537,51,52,58,33,5.3,4.1,6.4,122.5,-2.2,3.4,0.5,3.4,-0.3,0.4,3.3,2.2,1.6,1.9,58607.0,13.7,352.0,-2.4,-1.2,0.02,6606.0,0.7,5.0,0.8,0.8,0.005,3.06,0.11,3.79,12.3,5.9,0.0079,27,0,-3,12,69.2,184,-131,54,1.5,0.006112,999999.99,99999.99,99999.99,0.27,0.18,0.13,-1,2019-08-18 02:00:00
2019,230,3,2537,51,52,58,35,5.6,4.1,2.0,189.9,-4.0,-0.7,0.1,-0.6,0.3,0.3,3.8,2.2,1.6,2.6,59262.0,14.4,344.0,0.6,-1.2,0.023,6649.0,1.4,7.0,0.8,1.5,0.004,3.11,-0.1,3.58,11.7,5.8,0.0088,17,0,-5,6,69.2,107,-40,67,0.9,0.006112,999999.99,99999.99,99999.99,0.28,0.17,0.13,-1,2019-08-18 03:00:00
2019,230,4,2537,51,52,67,40,5.7,2.3,13.3,215.5,-1.8,-1.3,0.5,-1.1,0.9,0.6,5.2,3.3,3.5,1.8,59711.0,11.5,352.0,-0.2,-1.5,0.032,10457.0,1.1,12.0,1.3,1.8,0.006,2.68,-0.32,2.77,10.5,5.7,0.0108,17,0,-3,6,69.2,56,-15,41,0.2,0.006112,999999.99,99999.99,99999.99,0.28,0.18,0.13,-1,2019-08-18 04:00:00
2019,230,5,2537,51,52,59,34,5.5,1.2,-17.4,59.6,0.6,1.0,-0.4,0.8,-0.7,1.1,5.4,3.9,2.0,3.2,54949.0,11.5,359.0,1.2,0.2,0.036,15784.0,1.6,5.0,0.9,0.5,0.012,2.83,0.25,2.9,11.1,5.9,0.0097,17,0,-5,6,69.2,215,-104,111,1.2,0.006112,999999.99,99999.99,99999.99,0.29,0.19,0.13,-1,2019-08-18 05:00:00
2019,230,6,2537,51,52,58,33,6.5,6.2,32.3,151.3,-4.6,2.5,3.3,3.6,2.0,0.9,2.0,0.8,1.7,0.7,54789.0,11.2,354.0,1.5,0.7,0.049,4068.0,0.6,3.0,0.4,0.4,0.005,2.8,-0.71,2.02,9.1,5.5,0.0143,13,0,-5,5,69.2,312,-236,76,1.2,0.006112,999999.99,99999.99,99999.99,0.27,0.17,0.12,-1,2019-08-18 06:00:00
2019,230,7,2537,51,52,58,35,7.8,6.7,-15.8,149.7,-5.6,3.3,-1.8,2.2,-3.0,0.5,3.9,1.1,3.2,2.0,55887.0,10.1,350.0,1.0,1.5,0.046,5943.0,1.0,3.0,0.5,0.4,0.005,2.45,1.05,1.27,7.1,4.9,0.0234,13,0,-7,5,69.2,204,-132,73,1.0,0.006112,999999.99,99999.99,99999.99,0.29,0.2,0.14,-1,2019-08-18 07:00:00
2019,230,8,2537,51,52,59,36,4.7,3.7,-29.6,214.4,-2.7,-1.8,-1.9,-2.5,-0.9,0.9,3.0,2.5,0.6,1.5,52618.0,8.4,349.0,1.6,2.3,0.046,4916.0,0.7,4.0,0.4,0.7,0.003,2.02,0.31,2.86,10.8,5.8,0.0103,13,0,-7,5,69.2,66,-31,35,0.4,0.006112,999999.99,99999.99,99999.99,0.28,0.18,0.13,-1,2019-08-18 08:00:00
2019,230,9,2537,51,52,59,36,3.6,3.0,-14.4,234.0,-1.7,-2.3,-0.7,-2.4,0.5,0.2,1.9,1.5,0.6,1.0,71817.0,5.6,339.0,2.9,2.3,0.049,9770.0,1.1,3.0,1.0,0.9,0.005,1.29,-0.17,3.6,11.1,5.5,0.0096,7,0,-10,3,69.2,54,-37,17,0.1,0.006112,999999.99,99999.99,99999.99,0.28,0.18,0.14,-1,2019-08-18 09:00:00
2019,230,10,2537,51,52,64,38,2.8,2.2,-27.1,260.0,-0.3,-1.9,-1.0,-2.1,0.1,0.5,1.7,1.0,0.9,1.1,87029.0,5.0,357.0,2.4,3.6,0.046,11302.0,0.3,7.0,1.0,0.6,0.004,1.26,-0.04,5.71,14.3,5.9,0.0059,7,0,-7,3,69.2,115,-93,22,0.2,0.006112,999999.99,99999.99,99999.99,0.28,0.17,0.13,-1,2019-08-18 10:00:00
2019,230,11,2537,51,52,61,37,3.2,2.9,-0.3,225.6,-2.1,-2.1,0.0,-1.8,1.0,0.7,1.4,1.0,0.7,0.7,79802.0,5.0,364.0,0.7,2.6,0.046,7708.0,0.4,3.0,0.8,0.8,0.003,1.31,-0.36,4.23,12.7,5.9,0.0074,7,0,-5,3,69.2,62,-38,23,0.2,0.006112,999999.99,99999.99,99999.99,0.27,0.17,0.13,-1,2019-08-18 11:00:00
2019,230,12,2537,51,52,61,36,2.4,2.1,0.9,218.6,-1.7,-1.3,0.0,-1.1,0.6,0.4,1.1,0.6,0.5,0.8,79439.0,5.1,367.0,1.4,2.1,0.042,5127.0,0.2,2.0,0.7,0.4,0.002,1.34,-0.22,7.65,17.3,6.3,0.004,7,0,-5,3,69.2,48,-31,17,0.3,0.006112,999999.99,99999.99,99999.99,0.29,0.2,0.14,-1,2019-08-18 12:00:00
2019,230,13,2537,51,52,60,37,2.3,2.0,-24.1,301.0,1.0,-1.6,-0.8,-1.8,0.0,0.4,1.2,0.8,0.8,0.3,68956.0,5.5,362.0,0.9,3.0,0.04,3220.0,0.3,3.0,0.3,0.3,0.002,1.4,-0.0,8.53,18.5,6.4,0.0035,7,0,-4,3,69.2,51,-43,8,0.4,0.006112,999999.99,99999.99,99999.99,0.27,0.17,0.12,-1,2019-08-18 13:00:00
2019,230,14,2537,51,52,56,33,3.0,2.2,-67.4,334.4,0.8,-0.4,-2.1,-1.3,-1.7,0.4,2.0,0.8,1.5,1.0,61163.0,5.5,360.0,-0.1,2.5,0.037,5495.0,0.3,4.0,0.5,0.6,0.003,1.37,0.61,4.82,14.1,6.2,0.006,7,0,-6,3,69.2,47,-39,8,1.0,0.006112,999999.99,99999.99,99999.99,0.27,0.17,0.13,-1,2019-08-18 14:00:00
2019,230,15,2537,51,52,63,36,2.9,2.2,-14.9,292.6,0.8,-1.9,-0.6,-2.0,0.2,0.4,2.0,0.6,1.7,0.8,44105.0,5.6,361.0,1.4,1.5,0.032,5995.0,0.4,3.0,0.7,0.5,0.004,1.37,-0.07,4.78,14.7,6.5,0.0055,10,0,-8,4,69.2,85,-68,17,0.9,0.006112,999999.99,99999.99,99999.99,0.27,0.18,0.13,-1,2019-08-18 15:00:00
2019,230,16,2537,51,52,61,36,2.7,2.4,-45.1,22.2,1.5,0.6,-1.7,-0.0,-1.8,0.2,1.4,0.3,1.3,0.3,43163.0,5.4,364.0,-0.2,2.2,0.033,2058.0,0.3,2.0,0.4,0.4,0.003,1.35,0.66,5.29,15.7,6.6,0.0048,10,0,-7,4,69.2,80,-58,21,0.9,0.006112,999999.99,99999.99,99999.99,0.27,0.18,0.13,-1,2019-08-18 16:00:00
2019,230,17,2537,51,52,59,36,2.9,2.7,-29.9,331.1,2.1,-1.1,-1.4,-1.5,-1.0,0.2,0.9,0.3,0.8,0.3,33946.0,5.5,362.0,-0.4,1.8,0.022,4807.0,0.2,2.0,0.2,0.3,0.004,1.31,0.36,4.42,14.6,6.7,0.0056,10,0,-6,4,69.2,234,-191,43,0.6,0.006112,999999.99,99999.99,99999.99,0.28,0.19,0.14,-1,2019-08-18 17:00:00
2019,230,18,2537,51,52,58,33,3.2,2.4,-49.3,345.7,1.5,-0.4,-1.9,-0.9,-1.7,0.2,2.1,0.5,1.9,0.7,28797.0,5.4,360.0,-0.3,1.8,0.02,2694.0,0.4,2.0,0.5,0.3,0.003,1.26,0.61,3.45,13.1,6.6,0.007,13,0,-5,5,69.2,163,-126,36,0.9,0.006112,999999.99,99999.99,99999.99,0.28,0.17,0.13,-1,2019-08-18 18:00:00
2019,230,19,2537,51,52,60,36,3.5,3.2,-27.2,66.8,1.1,2.6,-1.5,2.2,-2.1,0.1,1.2,0.3,0.7,1.0,32616.0,5.4,359.0,-0.6,1.6,0.022,1306.0,0.2,1.0,0.4,0.3,0.001,1.26,0.75,2.95,11.9,6.3,0.0084,13,0,-7,5,69.2,93,-55,37,0.6,0.006112,999999.99,99999.99,99999.99,0.27,0.18,0.13,-1,2019-08-18 19:00:00
2019,230,20,2537,51,52,59,36,3.3,2.9,1.6,86.4,0.2,2.9,0.1,2.9,-0.5,0.3,1.5,0.5,0.6,1.3,35929.0,5.6,359.0,-0.6,1.0,0.022,4666.0,0.3,2.0,0.7,0.7,0.003,1.31,0.18,3.51,12.9,6.4,0.0072,13,0,-8,5,69.2,91,-64,27,0.1,0.006112,999999.99,99999.99,99999.99,0.29,0.19,0.14,-1,2019-08-18 20:00:00
2019,230,21,2537,51,52,62,37,3.8,3.5,-46.0,63.5,1.1,2.2,-2.5,1.7,-2.9,0.3,1.5,0.7,0.5,1.2,30961.0,5.1,361.0,-0.1,1.0,0.02,4451.0,0.3,2.0,0.2,0.6,0.002,1.2,1.05,2.34,10.7,6.2,0.0103,10,0,-7,4,69.2,257,-223,34,1.0,0.006112,999999.99,99999.99,99999.99,0.29,0.2,0.14,-1,2019-08-18 21:00:00
2019,230,22,2537,51,52,59,35,3.7,3.6,-66.4,0.3,1.4,0.0,-3.3,-0.6,-3.2,0.3,1.0,0.4,0.9,0.2,35711.0,5.6,361.0,-0.4,1.2,0.024,3793.0,0.5,2.0,0.3,0.4,0.003,1.34,1.16,2.79,11.5,6.3,0.0089,10,0,-6,4,69.2,290,-231,59,1.6,0.006112,999999.99,99999.99,99999.99,0.26,0.18,0.14,-1,2019-08-18 22:00:00
2019,230,23,2537,51,52,60,37,3.2,2.2,-67.9,115.8,-0.4,0.7,-2.0,0.3,-2.1,0.3,2.3,0.7,2.0,0.8,41918.0,6.3,361.0,-0.2,0.6,0.026,4478.0,0.4,2.0,0.5,0.4,0.002,1.51,0.76,4.36,14.2,6.5,0.0059,10,0,-3,4,69.2,180,-130,50,1.3,0.006112,999999.99,99999.99,99999.99,0.29,0.18,0.14,-1,2019-08-18 23:00:00
2019,231,0,2537,51,52,60,36,2.4,2.3,-51.4,133.0,-1.0,1.0,-1.8,0.6,-2.0,0.2,0.8,0.4,0.6,0.4,43970.0,7.0,361.0,0.6,0.2,0.027,2284.0,0.2,1.0,0.2,0.2,0.002,1.69,0.72,8.71,19.9,6.8,0.003,7,0,-2,3,69.3,73,-32,41,0.9,0.006123,999999.99,99999.99,99999.99,0.29,0.19,0.14,-1,2019-08-19 00:00:00
2019,231,1,2537,51,52,61,36,2.6,2.2,34.5,185.7,-1.8,-0.2,1.2,0.1,1.2,0.4,1.3,0.6,0.6,1.1,43624.0,7.0,363.0,0.2,-0.1,0.03,2173.0,0.2,2.0,0.5,0.5,0.001,1.73,-0.44,7.41,18.5,6.8,0.0035,7,0,-4,3,69.3,55,-18,37,0.6,0.006123,999999.99,99999.99,99999.99,0.27,0.17,0.14,-1,2019-08-19 01:00:00
2019,231,2,2537,51,52,60,36,2.9,2.4,36.2,153.7,-1.7,0.9,1.4,1.2,1.1,0.5,1.5,0.6,1.1,0.9,40963.0,6.9,368.0,-0.7,0.7,0.026,5041.0,0.4,3.0,0.7,0.4,0.004,1.72,-0.4,5.78,16.7,6.8,0.0043,7,0,-4,3,69.3,48,-18,30,0.3,0.006123,999999.99,99999.99,99999.99,0.28,0.2,0.14,-1,2019-08-19 02:00:00
2019,231,3,2537,51,52,61,36,3.0,2.0,-26.4,84.7,0.2,1.7,-0.9,1.4,-1.3,0.3,2.3,1.5,0.8,1.6,34025.0,6.5,369.0,0.4,0.2,0.022,3224.0,0.5,2.0,0.3,0.5,0.002,1.61,0.48,4.88,15.7,6.9,0.0048,10,0,-4,4,69.3,50,-16,35,0.4,0.006123,999999.99,99999.99,99999.99,0.29,0.18,0.13,-1,2019-08-19 03:00:00
2019,231,4,2537,51,52,61,37,2.8,2.1,21.2,147.5,-1.7,1.1,0.8,1.3,0.4,0.3,1.8,1.0,0.7,1.2,31141.0,7.0,375.0,0.5,0.9,0.023,1515.0,0.3,3.0,0.2,0.5,0.002,1.8,-0.15,5.92,17.7,7.2,0.0038,10,0,-2,4,69.3,160,-94,66,1.0,0.006123,999999.99,99999.99,99999.99,0.29,0.18,0.14,-1,2019-08-19 04:00:00
2019,231,5,2537,51,52,61,37,3.0,2.9,36.6,158.2,-2.2,0.9,1.8,1.5,1.4,0.5,0.9,0.3,0.5,0.6,31711.0,6.8,376.0,0.5,0.4,0.021,2841.0,0.7,2.0,0.3,0.2,0.003,1.74,-0.53,5.03,16.3,7.1,0.0045,10,0,-1,4,69.3,123,-106,17,0.5,0.006123,999999.99,99999.99,99999.99,0.29,0.19,0.15,-1,2019-08-19 05:00:00
2019,231,6,2537,51,52,56,31,2.1,1.9,42.3,173.4,-1.4,0.2,1.3,0.7,1.1,0.3,0.8,0.3,0.6,0.3,19973.0,9.2,371.0,0.3,-0.4,0.01,2090.0,0.6,4.0,0.3,0.4,0.002,2.2,-0.41,12.87,26.8,7.7,0.0017,3,0,1,2,69.3,39,-21,18,0.2,0.006123,999999.99,99999.99,99999.99,0.3,0.19,0.13,-1,2019-08-19 06:00:00
2019,231,7,2537,51,52,59,36,1.4,1.3,46.1,193.9,-0.9,-0.2,0.9,0.2,0.9,0.2,0.5,0.2,0.4,0.2,17904.0,10.1,366.0,-0.1,-0.7,0.012,666.0,0.2,1.0,0.2,0.2,0.001,2.37,-0.33,31.36,41.5,7.8,0.0007,3,0,4,2,69.3,45,-30,16,0.1,0.006123,999999.99,99999.99,99999.99,0.32,0.19,0.14,-1,2019-08-19 07:00:00
2019,231,8,2537,51,52,59,36,2.3,2.0,-19.9,162.1,-1.8,0.6,-0.7,0.2,-0.9,0.4,1.2,0.2,0.3,1.1,20068.0,9.8,364.0,-0.9,-0.1,0.015,549.0,0.2,1.0,0.2,0.3,0.002,2.3,0.33,11.44,24.8,7.5,0.0019,3,0,4,2,69.3,54,-35,20,0.2,0.006123,999999.99,99999.99,99999.99,0.26,0.17,0.13,-1,2019-08-19 08:00:00
2019,231,9,2537,51,52,61,37,2.8,2.5,-43.7,212.1,-1.6,-1.0,-1.8,-1.7,-1.1,0.2,1.0,0.4,0.8,0.5,18267.0,10.1,363.0,-0.3,0.1,0.014,1469.0,0.6,2.0,0.2,0.3,0.003,2.35,0.4,7.86,20.6,7.4,0.0028,7,0,6,3,69.3,52,-23,29,0.4,0.006123,999999.99,99999.99,99999.99,0.27,0.19,0.13,-1,2019-08-19 09:00:00
2019,231,10,2537,51,52,59,34,2.4,2.4,-24.1,238.9,-1.1,-1.9,-1.0,-2.1,0.1,0.2,0.5,0.2,0.3,0.3,15618.0,10.9,361.0,-0.0,0.1,0.013,788.0,0.2,1.0,0.2,0.1,0.001,2.5,-0.04,11.33,24.8,7.6,0.0019,7,0,6,3,69.3,83,-60,23,0.3,0.006123,999999.99,99999.99,99999.99,0.31,0.19,0.14,-1,2019-08-19 10:00:00
2019,231,11,2537,51,52,59,35,2.3,2.2,-0.2,248.4,-0.8,-2.1,0.0,-1.8,1.0,0.1,0.5,0.2,0.2,0.4,16098.0,10.2,358.0,-0.2,-0.5,0.012,660.0,0.4,1.0,0.2,0.2,0.001,2.29,-0.36,11.59,24.9,7.5,0.0019,7,0,6,3,69.3,68,-47,21,0.2,0.006123,999999.99,99999.99,99999.99,0.26,0.18,0.13,-1,2019-08-19 11:00:00
2019,231,12,2537,51,52,61,37,2.2,2.1,10.6,226.7,-1.4,-1.5,0.4,-1.1,1.1,0.2,0.8,0.2,0.5,0.6,19093.0,10.0,358.0,-0.7,-0.2,0.01,928.0,0.6,2.0,0.5,0.3,0.001,2.23,-0.39,12.67,25.7,7.4,0.0018,7,0,6,3,69.3,47,-28,19,0.1,0.006123,999999.99,99999.99,99999.99,0.3,0.19,0.14,-1,2019-08-19 12:00:00
2019,231,13,2537,51,52,60,37,2.3,2.0,16.1,222.7,-1.4,-1.3,0.5,-0.9,1.0,0.4,1.3,0.4,0.8,0.9,24768.0,9.9,363.0,-1.2,0.1,0.009,2682.0,0.8,3.0,1.1,0.3,0.001,2.26,-0.36,11.92,24.8,7.4,0.0019,7,0,9,3,69.3,40,-24,16,0.2,0.006123,999999.99,99999.99,99999.99,0.28,0.18,0.14,-1,2019-08-19 13:00:00
2019,231,14,2537,51,52,61,34,2.2,1.9,-3.4,255.9,-0.5,-1.8,-0.1,-1.7,0.7,0.2,1.1,0.8,0.3,0.7,25791.0,10.3,363.0,-0.7,0.1,0.008,1207.0,0.4,1.0,0.4,0.2,0.001,2.34,-0.25,13.65,26.5,7.4,0.0017,7,0,7,3,69.3,34,-22,12,0.3,0.006123,999999.99,99999.99,99999.99,0.3,0.18,0.13,-1,2019-08-19 14:00:00
2019,231,15,2537,51,52,57,35,1.7,1.4,0.5,290.4,0.5,-1.3,0.0,-1.2,0.5,0.7,1.1,0.8,0.4,0.7,30020.0,9.8,361.0,-0.2,-0.1,0.007,3119.0,1.0,4.0,0.4,0.4,0.001,2.19,-0.18,22.34,33.2,7.4,0.0011,10,0,2,4,69.3,35,-28,7,0.8,0.006123,999999.99,99999.99,99999.99,0.3,0.19,0.15,-1,2019-08-19 15:00:00
2019,231,16,2537,51,52,63,37,4.1,3.6,21.9,312.8,2.3,-2.4,1.3,-1.8,2.1,0.2,2.0,0.9,1.2,1.3,27805.0,6.5,350.0,-2.5,1.3,0.006,2800.0,0.5,4.0,1.1,1.0,0.001,1.36,-0.73,2.51,10.9,6.1,0.01,10,0,0,4,69.3,30,-24,5,0.2,0.006123,999999.99,99999.99,99999.99,0.3,0.19,0.14,-1,2019-08-19 16:00:00
2019,231,17,2537,51,52,58,35,4.4,4.1,-7.8,293.2,1.6,-3.8,-0.6,-3.8,0.6,0.2,1.5,1.1,0.4,1.0,24030.0,5.4,348.0,-4.2,0.6,0.006,6192.0,0.8,9.0,0.9,1.3,0.001,1.12,-0.21,1.77,9.2,5.8,0.0141,10,0,-2,4,69.3,52,-37,15,1.6,0.006123,999999.99,99999.99,99999.99,0.25,0.17,0.13,-1,2019-08-19 17:00:00
2019,231,18,2537,51,52,58,34,4.6,4.5,1.9,300.5,2.3,-3.9,0.1,-3.7,1.2,0.1,0.8,0.3,0.2,0.7,20287.0,5.2,343.0,-5.0,0.9,0.006,4767.0,0.8,3.0,0.2,0.7,0.001,1.05,-0.41,1.52,8.5,5.6,0.0165,3,0,-5,2,69.3,54,-37,17,1.3,0.006123,999999.99,99999.99,99999.99,0.33,0.19,0.14,-1,2019-08-19 18:00:00
2019,231,19,2537,51,52,58,36,4.5,4.3,13.5,296.5,1.9,-3.8,1.0,-3.5,1.9,0.1,0.9,0.4,0.2,0.8,22908.0,6.0,345.0,-5.1,1.6,0.005,1911.0,0.2,3.0,0.5,0.8,0.0,1.22,-0.66,1.86,9.4,5.8,0.0135,3,0,-6,2,69.3,52,-36,15,0.6,0.006123,999999.99,99999.99,99999.99,0.28,0.19,0.13,-1,2019-08-19 19:00:00
2019,231,20,2537,51,52,62,37,4.6,4.3,46.1,306.2,1.8,-2.4,3.1,-1.7,3.5,0.2,1.6,0.6,1.0,1.1,23406.0,6.0,344.0,-3.3,2.5,0.005,3414.0,0.4,3.0,1.0,0.7,0.0,1.21,-1.2,1.79,9.2,5.7,0.0142,3,0,-7,2,69.3,43,-28,15,-0.1,0.006123,999999.99,99999.99,99999.99,0.27,0.2,0.14,-1,2019-08-19 20:00:00
2019,231,21,2537,51,52,60,36,3.9,3.5,65.0,352.5,1.5,-0.2,3.1,0.4,3.1,0.4,1.7,0.9,1.3,0.7,37094.0,7.0,341.0,-2.3,3.4,0.006,7939.0,0.7,5.0,0.8,1.0,0.001,1.39,-1.06,3.17,11.6,6.0,0.0089,7,0,-3,3,69.3,44,-25,19,-0.5,0.006123,999999.99,99999.99,99999.99,0.29,0.18,0.13,-1,2019-08-19 21:00:00
2019,231,22,2537,51,52,57,33,3.5,3.0,-40.4,313.0,1.6,-1.7,-2.0,-2.0,-1.7,0.3,1.8,0.8,0.8,1.3,40714.0,6.7,337.0,-4.4,-2.4,0.007,6544.0,0.8,5.0,1.0,1.1,0.002,1.31,0.57,3.85,12.5,6.0,0.0077,7,0,-1,3,69.3,61,-32,29,0.3,0.006123,999999.99,99999.99,99999.99,0.27,0.18,0.13,-1,2019-08-19 22:00:00
2019,231,23,2537,51,52,60,34,4.1,3.5,-26.3,315.9,2.3,-2.2,-1.6,-2.5,-1.2,0.3,2.0,0.5,0.6,1.8,33467.0,5.5,330.0,-6.2,-2.0,0.009,7612.0,1.6,6.0,1.5,1.2,0.004,1.04,0.4,2.2,9.4,5.5,0.0134,7,0,-2,3,69.3,53,-29,24,-0.0,0.006123,999999.99,99999.99,99999.99,0.29,0.18,0.13,-1,2019-08-19 23:00:00
2019,232,0,2537,51,52,57,32,5.0,4.2,-3.7,324.6,3.4,-2.4,-0.3,-2.4,0.2,0.2,2.7,0.5,0.7,2.5,29040.0,5.4,328.0,-6.6,-0.3,0.012,7341.0,0.9,4.0,1.1,2.3,0.002,1.02,-0.07,1.41,7.6,5.1,0.0205,17,0,-4,6,68.9,75,-53,22,0.3,0.006127,999999.99,99999.99,99999.99,0.26,0.18,0.14,-1,2019-08-20 00:00:00
2019,232,1,2537,51,52,59,36,5.2,5.1,32.8,340.0,4.1,-1.5,2.8,-0.9,3.1,0.1,0.8,0.4,0.6,0.4,24395.0,4.9,319.0,-5.3,3.6,0.016,4534.0,0.6,4.0,0.9,0.7,0.002,0.89,-0.99,1.15,6.8,4.8,0.0258,17,0,-3,6,68.9,33,-21,13,0.0,0.006127,999999.99,99999.99,99999.99,0.28,0.18,0.13,-1,2019-08-20 01:00:00
2019,232,2,2537,51,52,72,42,7.8,6.5,-4.3,319.2,4.9,-4.2,-0.5,-4.2,0.6,1.0,4.4,1.7,1.8,3.6,30090.0,7.7,344.0,-5.7,2.7,0.009,8706.0,1.9,13.0,0.7,1.6,0.003,1.58,-0.21,0.83,6.1,4.7,0.0318,17,0,3,6,68.9,46,-18,28,0.2,0.006127,999999.99,99999.99,99999.99,0.28,0.18,0.12,-1,2019-08-20 02:00:00
2019,232,3,2537,51,52,59,36,8.0,6.9,-22.8,303.3,3.5,-5.3,-2.7,-5.8,-1.1,0.5,4.0,1.8,0.9,3.5,40845.0,12.1,365.0,-3.9,3.1,0.006,5851.0,1.6,3.0,1.0,2.7,0.001,2.76,0.4,1.33,7.9,5.4,0.0189,13,0,4,5,68.9,108,-23,85,0.6,0.006127,999999.99,99999.99,99999.99,0.3,0.18,0.13,-1,2019-08-20 03:00:00
2019,232,4,2537,51,52,63,38,7.1,5.9,12.6,324.5,4.7,-3.4,1.3,-2.8,2.3,1.0,3.9,1.9,1.0,3.3,37725.0,13.8,372.0,-2.9,4.0,0.005,5935.0,2.5,7.0,0.8,0.6,0.002,3.25,-0.86,1.89,9.7,6.0,0.0126,13,0,4,5,68.9,79,-20,59,0.3,0.006127,999999.99,99999.99,99999.99,0.28,0.18,0.13,-1,2019-08-20 04:00:00
2019,232,5,2537,51,52,57,35,8.6,8.5,24.7,327.0,6.5,-4.2,3.6,-2.6,4.9,0.1,1.3,0.3,0.9,0.9,41210.0,10.9,368.0,-2.2,4.8,0.005,5051.0,0.6,7.0,0.3,0.4,0.001,2.51,-1.8,1.04,7.1,5.1,0.0238,13,0,3,5,68.9,66,-23,43,-0.1,0.006127,999999.99,99999.99,99999.99,0.28,0.17,0.13,-1,2019-08-20 05:00:00
2019,232,6,2537,51,52,58,34,8.7,8.6,6.4,305.0,4.9,-7.0,1.0,-6.0,3.7,0.2,1.3,0.8,0.6,0.9,48543.0,10.2,365.0,-3.5,4.4,0.006,3513.0,0.9,4.0,0.7,0.6,0.001,2.32,-1.35,0.99,6.7,4.9,0.0265,7,0,5,3,68.9,47,-26,21,-0.3,0.006127,999999.99,99999.99,99999.99,0.27,0.17,0.13,-1,2019-08-20 06:00:00
2019,232,7,2537,51,52,64,39,8.4,8.1,8.5,312.3,5.4,-5.9,1.2,-4.8,3.7,0.7,2.1,0.9,0.9,1.6,58077.0,10.0,365.0,-2.9,5.4,0.01,13308.0,2.7,8.0,1.2,0.9,0.006,2.31,-1.35,1.1,6.9,4.9,0.0252,7,0,4,3,68.9,49,-32,17,-0.4,0.006127,999999.99,99999.99,99999.99,0.31,0.17,0.12,-1,2019-08-20 07:00:00
2019,232,8,2537,51,52,61,36,9.7,9.4,15.6,306.6,5.4,-7.3,2.5,-5.3,5.6,0.6,2.5,1.2,1.9,1.1,44571.0,3.9,382.0,0.2,4.2,0.015,15598.0,1.0,4.0,0.8,0.7,0.003,1.01,-2.14,0.3,3.9,3.5,0.0787,7,0,-2,3,68.9,45,-33,12,-0.3,0.006127,999999.99,99999.99,99999.99,0.29,0.18,0.13,-1,2019-08-20 08:00:00
2019,232,9,2537,51,52,62,38,9.4,9.3,3.6,290.5,3.2,-8.7,0.6,-7.3,4.7,0.3,1.2,1.0,0.2,0.7,63613.0,4.9,388.0,0.0,3.4,0.018,11245.0,1.0,6.0,1.5,0.8,0.005,1.32,-1.82,0.44,4.6,3.9,0.057,7,0,-2,3,68.9,43,-25,18,-0.4,0.006127,999999.99,99999.99,99999.99,0.27,0.18,0.13,-1,2019-08-20 09:00:00
2019,232,10,2537,51,52,60,35,8.1,8.1,0.7,291.5,2.9,-7.5,0.1,-6.5,3.8,0.4,0.9,0.4,0.4,0.7,99979.0,5.3,392.0,3.6,3.2,0.029,15018.0,0.4,4.0,0.9,0.5,0.003,1.52,-1.49,0.77,5.6,4.3,0.0383,7,0,2,3,68.9,46,-27,19,-0.3,0.006127,999999.99,99999.99,99999.99,0.29,0.17,0.13,-1,2019-08-20 10:00:00
2019,232,11,2537,51,52,61,37,5.7,5.3,-6.9,299.3,2.6,-4.6,-0.6,-4.3,1.8,1.2,2.3,0.6,1.6,1.5,144140.0,5.8,398.0,4.9,3.0,0.026,35879.0,0.7,4.0,1.3,0.7,0.003,1.69,-0.72,2.02,8.4,5.1,0.0168,7,0,4,3,68.9,58,-35,23,-0.1,0.006127,999999.99,99999.99,99999.99,0.25,0.17,0.12,-1,2019-08-20 11:00:00
2019,232,12,2537,51,52,63,38,5.6,5.1,9.4,348.7,5.0,-1.0,0.8,-0.5,1.2,0.3,2.2,0.5,1.2,1.8,157893.0,5.2,404.0,4.6,1.2,0.025,14596.0,0.7,7.0,0.6,1.2,0.004,1.56,-0.48,1.97,8.2,5.0,0.0176,13,0,4,5,68.9,68,-37,31,1.0,0.006127,999999.99,99999.99,99999.99,0.28,0.18,0.13,-1,2019-08-20 12:00:00
2019,232,13,2537,51,52,57,34,4.2,2.3,19.3,8.3,2.2,0.3,0.8,0.6,0.6,0.6,3.5,1.9,2.3,1.8,144104.0,4.9,402.0,3.4,0.4,0.025,13347.0,0.5,6.0,0.9,0.9,0.006,1.45,-0.24,3.15,10.6,5.5,0.0106,13,0,2,5,68.9,58,-33,25,0.4,0.006127,999999.99,99999.99,99999.99,0.28,0.17,0.12,-1,2019-08-20 13:00:00
2019,232,14,2537,51,52,22,13,3.9,3.7,-17.8,335.2,3.2,-1.5,-1.1,-1.8,-0.3,0.2,0.9,0.4,0.8,0.4,130361.0,5.6,397.0,3.7,-0.0,0.023,8685.0,0.4,2.0,0.7,0.8,0.002,1.61,0.12,3.96,12.0,5.7,0.0082,13,0,-2,5,68.9,96,-72,24,0.8,0.006127,999999.99,99999.99,99999.99,0.29,0.18,0.13,-1,2019-08-20 14:00:00
2019,232,15,2537,71,71,15,15,4.3,4.3,7.4,342.7,4.1,-1.3,0.6,-0.9,1.1,0.2,0.4,0.2,0.3,0.3,127643.0,3.3,406.0,4.3,-1.1,9.999,2986.0,0.2,2.0,0.1,0.3,9.999,1.35,-0.45,2.53,9.6,5.3,0.0162,7,0,-3,3,68.9,140,-113,27,0.7,0.006127,999999.99,99999.99,99999.99,0.3,0.17,0.13,-1,2019-08-20 15:00:00
2019,232,16,2537,71,71,7,7,4.6,4.6,0.8,346.7,4.5,-1.1,0.1,-1.0,0.5,0.2,0.3,0.2,0.1,0.2,109467.0,4.2,409.0,2.4,-1.9,9.999,13138.0,0.8,1.0,1.0,0.3,9.999,1.74,-0.2,2.57,10.1,5.5,0.0143,7,0,-2,3,68.9,69,-49,20,0.7,0.006127,999999.99,99999.99,99999.99,0.27,0.17,0.13,-1,2019-08-20 16:00:00
2019,232,17,2537,51,71,2,15,4.3,4.3,-13.7,348.8,4.1,-0.8,-1.0,-1.1,-0.7,0.0,0.1,0.0,0.1,0.1,101720.0,4.3,408.0,1.9,-2.8,9.999,5360.0,0.1,1.0,0.2,0.3,9.999,1.76,0.29,2.88,10.9,5.8,0.0123,7,0,-1,3,68.9,44,-30,14,0.6,0.006127,999999.99,99999.99,99999.99,0.27,0.18,0.13,-1,2019-08-20 17:00:00
2019,232,18,2537,51,71,2,15,4.5,4.4,-16.7,331.0,3.7,-2.1,-1.3,-2.4,-0.7,0.0,0.5,0.2,0.2,0.4,103644.0,4.3,409.0,2.0,-3.0,9.999,5520.0,0.1,1.0,0.1,0.1,9.999,1.77,0.29,2.66,10.5,5.7,0.0134,7,0,-4,3,68.9,69,-49,20,0.4,0.006127,999999.99,99999.99,99999.99,0.28,0.18,0.13,-1,2019-08-20 18:00:00
2019,232,19,2537,51,71,25,15,4.2,4.1,-2.1,350.4,4.1,-0.7,-0.2,-0.7,-0.0,0.2,0.8,0.3,0.6,0.5,97384.0,4.1,408.0,2.0,-3.7,9.999,6420.0,0.1,1.0,0.2,0.5,9.999,1.7,0.0,2.85,11.0,5.8,0.0123,7,0,-4,3,68.9,53,-36,17,-0.6,0.006127,999999.99,99999.99,99999.99,0.28,0.18,0.14,-1,2019-08-20 19:00:00
2019,232,20,2537,51,71,39,15,4.2,3.9,-1.1,348.3,3.8,-0.8,-0.1,-0.8,0.1,0.1,1.6,0.3,1.3,0.8,72994.0,4.1,415.0,1.2,-4.6,9.999,23894.0,0.1,6.0,0.7,0.7,9.999,1.76,-0.04,2.49,11.2,6.1,0.0119,7,0,-5,3,68.9,58,-37,21,-0.1,0.006127,999999.99,99999.99,99999.99,0.3,0.18,0.12,-1,2019-08-20 20:00:00
2019,232,21,2537,51,71,49,15,4.5,4.3,0.6,356.2,4.3,-0.3,0.0,-0.3,0.1,0.1,1.2,0.2,0.7,1.0,88639.0,4.3,408.0,1.8,-2.9,9.999,8122.0,0.2,1.0,0.3,0.6,9.999,1.76,-0.04,2.46,10.4,5.8,0.0135,10,0,-5,4,68.9,45,-26,19,0.2,0.006127,999999.99,99999.99,99999.99,0.28,0.18,0.13,-1,2019-08-20 21:00:00
2019,232,22,2537,51,71,49,16,4.7,4.5,-0.5,343.8,4.4,-1.3,0.0,-1.3,0.2,0.2,1.1,0.3,0.5,0.9,71535.0,4.5,407.0,1.6,-3.3,9.999,10760.0,0.4,3.0,0.5,0.3,9.999,1.86,-0.08,2.17,10.2,5.9,0.0141,10,0,-4,4,68.9,42,-21,21,0.1,0.006127,999999.99,99999.99,99999.99,0.28,0.19,0.14,-1,2019-08-20 22:00:00
2019,232,23,2537,51,71,51,14,4.3,4.1,-31.7,331.6,3.1,-1.7,-2.2,-2.1,-1.8,0.1,0.9,0.4,0.5,0.6,56898.0,5.5,414.0,2.8,-3.3,9.999,12566.0,0.5,6.0,0.4,0.7,9.999,2.33,0.75,2.88,12.6,6.5,0.0093,10,0,-4,4,68.9,66,-30,36,0.6,0.006127,999999.99,99999.99,99999.99,0.28,0.18,0.13,-1,2019-08-20 23:00:00
2019,233,0,2537,51,71,34,15,4.6,4.5,-6.4,321.5,3.5,-2.8,-0.5,-2.8,0.1,0.2,0.8,0.3,0.3,0.7,53267.0,5.2,404.0,2.3,-3.0,9.999,15157.0,0.6,3.0,0.2,0.6,9.999,2.06,-0.04,2.28,11.0,6.2,0.0119,10,0,-11,4,68.4,93,-49,43,1.2,0.006125,999999.99,99999.99,99999.99,0.29,0.19,0.14,-1,2019-08-21 00:00:00
2019,233,1,2537,51,71,15,15,4.7,4.6,-30.7,310.5,2.5,-3.0,-2.3,-3.4,-1.6,0.1,1.1,0.5,0.4,0.8,33878.0,5.9,399.0,1.8,-3.0,9.999,2971.0,0.2,4.0,0.4,0.4,9.999,2.07,0.64,1.99,10.8,6.4,0.0112,10,0,-11,4,68.4,99,-43,56,1.4,0.006125,999999.99,99999.99,99999.99,0.29,0.18,0.14,-1,2019-08-21 01:00:00
2019,233,2,2537,71,71,15,15,4.9,4.7,-2.9,307.6,2.9,-3.7,-0.2,-3.6,0.7,0.2,1.2,0.3,0.7,0.9,32539.0,5.8,392.0,1.6,-2.6,9.999,4182.0,0.6,1.0,0.4,0.3,9.999,1.84,-0.27,1.67,9.8,6.2,0.0128,10,0,-11,4,68.4,68,-25,43,0.6,0.006125,999999.99,99999.99,99999.99,0.28,0.19,0.14,-1,2019-08-21 02:00:00
2019,233,3,2537,71,71,14,14,4.6,4.2,-20.5,342.3,3.8,-1.2,-1.5,-1.6,-1.1,0.2,1.5,0.7,0.7,1.1,53824.0,7.0,391.0,1.4,-2.7,9.999,7370.0,0.3,2.0,0.2,0.4,9.999,2.2,0.43,2.62,11.4,6.3,0.0094,13,0,-6,5,68.4,107,-26,82,0.8,0.006125,999999.99,99999.99,99999.99,0.28,0.18,0.13,-1,2019-08-21 03:00:00
2019,233,4,2537,71,71,15,15,4.7,4.3,-17.4,336.6,3.8,-1.6,-1.3,-1.9,-0.7,0.3,1.7,0.6,1.1,1.2,53110.0,7.3,388.0,1.2,-3.1,9.999,7121.0,0.5,2.0,0.3,0.6,9.999,2.26,0.27,2.6,11.3,6.3,0.0096,13,0,-3,5,68.4,110,-34,76,0.9,0.006125,999999.99,99999.99,99999.99,0.3,0.19,0.14,-1,2019-08-21 04:00:00
2019,233,5,2537,71,71,15,15,5.4,5.3,-9.2,324.8,4.3,-3.0,-0.8,-3.1,0.4,0.3,0.5,0.1,0.4,0.2,45696.0,6.7,386.0,0.4,-3.0,9.999,5158.0,0.7,2.0,0.3,0.2,9.999,2.06,-0.15,1.73,9.4,5.9,0.0139,13,0,-2,5,68.4,89,-24,65,0.8,0.006125,999999.99,99999.99,99999.99,0.32,0.2,0.15,-1,2019-08-21 05:00:00
2019,233,6,2537,71,71,15,15,4.6,4.6,-3.5,316.3,3.3,-3.2,-0.3,-3.0,1.0,0.7,0.7,0.6,0.4,0.1,38973.0,7.5,387.0,0.5,-3.0,9.999,2204.0,1.2,5.0,0.7,0.2,9.999,2.31,-0.39,2.54,11.7,6.5,0.009,10,0,-1,4,68.4,81,-21,59,0.4,0.006125,999999.99,99999.99,99999.99,0.29,0.19,0.14,-1,2019-08-21 06:00:00
2019,233,7,2537,51,71,1,15,2.7,2.7,15.2,320.4,2.0,-1.7,0.7,-1.2,1.4,0.0,0.0,0.0,0.0,0.0,36678.0,8.6,386.0,1.0,-3.7,9.999,3007.0,0.9,1.0,0.4,0.1,9.999,2.62,-0.54,8.31,21.2,7.4,0.0027,10,0,0,4,68.4,51,-21,30,-0.0,0.006125,999999.99,99999.99,99999.99,0.3,0.18,0.13,-1,2019-08-21 07:00:00
2019,233,8,2537,51,71,3,15,1.5,1.4,21.1,324.3,1.1,-0.8,0.5,-0.5,0.8,0.7,0.7,0.5,0.5,0.2,30223.0,9.7,381.0,1.4,-3.3,9.999,1991.0,0.4,2.0,0.2,0.3,9.999,2.87,-0.3,28.98,40.0,7.8,0.0008,10,0,4,4,68.4,50,-25,25,-0.0,0.006125,999999.99,99999.99,99999.99,0.29,0.2,0.14,-1,2019-08-21 08:00:00
2019,233,9,2537,51,71,6,15,1.7,1.7,1.4,179.3,-1.7,0.0,0.0,0.0,0.0,0.1,0.3,0.1,0.2,0.2,28612.0,9.3,375.0,1.1,-2.9,9.999,1292.0,0.2,2.0,0.2,0.3,9.999,2.67,-0.0,21.41,34.0,7.7,0.0011,3,0,2,2,68.4,47,-26,21,0.2,0.006125,999999.99,99999.99,99999.99,0.28,0.19,0.14,-1,2019-08-21 09:00:00
2019,233,10,2537,51,71,3,14,2.1,2.1,-4.8,190.9,-2.1,-0.4,-0.2,-0.4,0.0,0.0,0.0,0.0,0.0,0.0,27915.0,9.1,372.0,1.4,-2.5,9.999,2146.0,0.2,2.0,0.2,0.1,9.999,2.57,-0.0,13.67,27.0,7.5,0.0017,3,0,5,2,68.4,45,-29,16,0.3,0.006125,999999.99,99999.99,99999.99,0.33,0.2,0.14,-1,2019-08-21 10:00:00
2019,233,11,2537,71,71,15,15,1.4,1.2,-22.6,314.5,0.8,-0.8,-0.5,-0.9,-0.0,0.7,1.0,0.9,0.3,0.2,26920.0,9.1,365.0,1.6,-2.3,9.999,1007.0,0.4,1.0,0.1,0.1,9.999,2.48,0.0,30.55,39.8,7.6,0.0008,3,0,9,2,68.4,45,-29,15,0.3,0.006125,999999.99,99999.99,99999.99,0.27,0.19,0.14,-1,2019-08-21 11:00:00
2019,233,12,2537,71,71,15,15,3.1,3.1,-4.1,339.1,2.8,-1.1,-0.2,-1.1,0.4,0.2,0.4,0.2,0.3,0.2,22229.0,8.9,362.0,1.3,-2.3,9.999,1073.0,0.2,0.0,0.2,0.1,9.999,2.39,-0.14,5.9,17.6,7.1,0.0039,7,0,7,3,68.4,49,-31,18,0.4,0.006125,999999.99,99999.99,99999.99,0.3,0.18,0.13,-1,2019-08-21 12:00:00
2019,233,13,2537,51,52,27,9,2.5,2.4,-2.7,344.4,2.3,-0.7,-0.1,-0.7,0.2,0.1,0.4,0.1,0.1,0.3,22557.0,9.2,362.0,1.7,-1.7,0.008,2120.0,0.2,0.0,0.1,0.1,0.0,2.08,-0.07,9.24,22.0,7.3,0.0025,7,0,3,3,68.4,80,-47,33,0.4,0.006125,999999.99,99999.99,99999.99,0.28,0.18,0.13,-1,2019-08-21 13:00:00
2019,233,14,2537,51,52,46,23,2.8,2.7,11.0,2.8,2.7,0.1,0.5,0.3,0.4,0.2,0.5,0.2,0.4,0.2,20837.0,8.0,358.0,1.1,-1.6,0.007,606.0,0.5,2.0,0.2,0.1,0.001,1.76,-0.14,6.33,18.1,7.1,0.0036,7,0,-3,3,68.4,56,-30,25,0.2,0.006125,999999.99,99999.99,99999.99,0.29,0.2,0.14,-1,2019-08-21 14:00:00
2019,233,15,2537,51,52,42,15,2.8,2.7,11.5,11.9,2.6,0.5,0.5,0.7,0.3,0.2,0.5,0.2,0.2,0.5,20564.0,8.7,360.0,1.5,-1.6,0.009,730.0,0.9,3.0,0.2,0.1,0.002,1.95,-0.11,6.88,19.0,7.2,0.0033,13,0,0,5,68.4,85,-60,25,0.3,0.006125,999999.99,99999.99,99999.99,0.31,0.18,0.14,-1,2019-08-21 15:00:00
2019,233,16,2537,51,52,58,17,2.7,2.6,6.2,15.5,2.5,0.7,0.3,0.8,0.0,0.3,0.7,0.3,0.2,0.6,19460.0,9.4,361.0,1.8,-1.8,0.01,4567.0,1.2,2.0,0.3,0.3,0.003,2.13,-0.0,7.93,20.5,7.3,0.0028,13,0,2,5,68.4,40,-23,17,0.3,0.006125,999999.99,99999.99,99999.99,0.3,0.19,0.14,-1,2019-08-21 16:00:00
2019,233,17,2537,51,52,61,14,2.7,2.7,-5.6,352.1,2.7,-0.4,-0.3,-0.5,-0.2,0.2,0.5,0.2,0.3,0.4,24360.0,10.1,357.0,1.5,-1.8,0.009,6568.0,1.2,4.0,0.4,0.3,0.001,2.23,0.07,8.8,21.0,7.2,0.0027,13,0,2,5,68.4,36,-17,19,0.1,0.006125,999999.99,99999.99,99999.99,0.27,0.19,0.14,-1,2019-08-21 17:00:00
2019,233,18,2537,51,52,59,29,3.0,3.0,3.0,355.1,3.0,-0.3,0.2,-0.2,0.3,0.3,0.5,0.3,0.3,0.2,27017.0,11.0,358.0,1.4,-1.3,0.008,3554.0,0.7,3.0,0.2,0.1,0.001,2.43,-0.11,7.9,19.8,7.1,0.003,10,0,5,4,68.4,43,-22,21,0.0,0.006125,999999.99,99999.99,99999.99,0.31,0.19,0.13,-1,2019-08-21 18:00:00
2019,233,19,2537,51,52,59,33,3.4,3.4,11.8,353.8,3.3,-0.4,0.7,-0.2,0.8,0.1,0.3,0.1,0.2,0.1,19884.0,9.8,354.0,0.9,-1.2,0.007,3454.0,0.7,3.0,0.3,0.1,0.0,2.11,-0.28,5.23,16.3,6.9,0.0045,10,0,2,4,68.4,43,-26,17,0.1,0.006125,999999.99,99999.99,99999.99,0.26,0.18,0.13,-1,2019-08-21 19:00:00
2019,233,20,2537,51,52,59,26,3.2,3.2,9.3,342.6,3.0,-0.9,0.5,-0.8,0.7,0.1,0.2,0.1,0.1,0.2,17987.0,8.8,350.0,0.5,-0.9,0.007,763.0,0.3,2.0,0.1,0.1,0.0,1.85,-0.24,5.23,16.2,6.9,0.0045,10,0,3,4,68.4,47,-31,15,0.2,0.006125,999999.99,99999.99,99999.99,0.26,0.18,0.13,-1,2019-08-21 20:00:00
2019,233,21,2537,51,52,60,34,3.0,2.9,3.2,330.6,2.5,-1.4,0.2,-1.3,0.5,0.1,0.8,0.3,0.3,0.6,18551.0,8.4,347.0,0.1,-1.1,0.007,887.0,0.1,1.0,0.2,0.3,0.001,1.74,-0.17,5.7,16.8,6.9,0.0042,3,0,5,2,68.4,44,-26,18,0.2,0.006125,999999.99,99999.99,99999.99,0.29,0.19,0.14,-1,2019-08-21 21:00:00
2019,233,22,2537,51,52,60,32,3.3,3.3,-4.9,323.7,2.6,-1.9,-0.3,-1.9,0.1,0.1,0.5,0.3,0.2,0.3,20065.0,7.7,347.0,-0.4,-1.4,0.007,618.0,0.3,1.0,0.2,0.3,0.0,1.59,-0.03,4.37,14.6,6.7,0.0056,3,0,4,2,68.4,51,-24,27,0.3,0.006125,999999.99,99999.99,99999.99,0.28,0.19,0.14,-1,2019-08-21 22:00:00
2019,233,23,2537,51,52,61,30,3.5,3.5,-8.7,321.3,2.7,-2.1,-0.5,-2.2,-0.1,0.2,0.6,0.2,0.3,0.4,21405.0,8.3,349.0,-0.4,-1.7,0.007,1113.0,0.5,1.0,0.2,0.2,0.0,1.74,0.03,4.22,14.4,6.7,0.0058,3,0,3,2,68.4,39,-17,22,0.3,0.006125,999999.99,99999.99,99999.99,0.3,0.17,0.13,-1,2019-08-21 23:00:00
2019,234,0,2537,51,52,61,24,2.2,2.2,-10.3,322.9,1.7,-1.3,-0.4,-1.4,-0.1,0.6,0.8,0.4,0.6,0.4,21456.0,10.9,352.0,0.0,-1.1,0.01,1715.0,1.6,3.0,0.5,0.5,0.002,2.35,0.04,14.04,26.4,7.3,0.0017,13,0,2,5,67.3,39,-22,17,0.3,0.006131,999999.99,99999.99,99999.99,0.31,0.19,0.14,-1,2019-08-22 00:00:00
2019,234,1,2537,51,52,58,1,2.1,2.1,18.3,320.5,1.6,-1.3,0.7,-1.1,1.0,0.2,0.4,0.2,0.1,0.2,17076.0,12.0,354.0,0.6,-0.4,0.014,0.0,0.0,0.0,0.0,0.0,0.0,2.65,-0.35,16.46,29.2,7.5,0.0014,13,0,-1,5,67.3,36,-19,17,0.3,0.006131,999999.99,99999.99,99999.99,0.27,0.17,0.13,-1,2019-08-22 01:00:00
2019,234,2,2537,51,71,51,15,2.2,2.1,21.9,336.1,1.8,-0.8,0.8,-0.6,1.0,0.2,0.6,0.3,0.4,0.3,16035.0,11.5,348.0,0.1,-1.7,9.999,451.0,0.3,1.0,0.1,0.2,9.999,2.83,-0.35,14.41,27.1,7.3,0.0017,13,0,-1,5,67.3,51,-22,28,0.2,0.006131,999999.99,99999.99,99999.99,0.28,0.19,0.14,-1,2019-08-22 02:00:00
2019,234,3,2537,51,71,41,15,2.0,1.8,44.8,323.0,1.0,-0.8,1.3,-0.4,1.5,0.3,0.8,0.3,0.6,0.3,16871.0,11.4,346.0,0.4,-1.3,9.999,494.0,0.5,0.0,0.1,0.2,9.999,2.78,-0.52,17.39,29.5,7.3,0.0014,10,0,2,4,67.3,50,-25,26,0.1,0.006131,999999.99,99999.99,99999.99,0.32,0.21,0.15,-1,2019-08-22 03:00:00
2019,234,4,2537,51,71,25,15,2.0,2.0,56.8,315.5,0.8,-0.7,1.6,-0.1,1.7,0.2,0.5,0.2,0.4,0.2,17606.0,11.8,346.0,0.2,-1.3,9.999,1012.0,0.2,0.0,0.0,0.2,9.999,2.87,-0.59,18.09,30.0,7.3,0.0013,10,0,9,4,67.3,44,-17,26,0.0,0.006131,999999.99,99999.99,99999.99,0.29,0.18,0.13,-1,2019-08-22 04:00:00
2019,234,5,2537,51,71,21,16,2.4,2.0,36.5,315.3,1.2,-1.1,1.2,-0.6,1.5,0.7,1.4,1.0,0.9,0.3,21180.0,10.4,347.0,0.0,-1.9,9.999,1742.0,1.5,4.0,0.8,0.3,9.999,2.55,-0.52,11.38,23.5,7.1,0.0022,10,0,7,4,67.3,34,-9,24,-0.0,0.006131,999999.99,99999.99,99999.99,0.31,0.19,0.14,-1,2019-08-22 05:00:00
2019,234,6,2537,51,71,14,14,3.0,2.8,-4.6,134.8,-2.0,2.0,-0.2,1.7,-1.0,0.8,1.2,0.5,0.9,0.7,19683.0,8.7,347.0,-0.3,-2.2,9.999,1877.0,1.0,1.0,0.4,0.2,9.999,2.14,0.35,6.05,17.3,6.9,0.0041,10,0,7,4,67.3,43,-14,29,0.1,0.006131,999999.99,99999.99,99999.99,0.28,0.18,0.14,-1,2019-08-22 06:00:00
2019,234,7,2537,51,71,39,15,2.5,1.8,-22.0,122.5,-0.9,1.4,-0.7,0.9,-1.2,0.5,1.8,1.0,1.3,0.7,17255.0,11.2,346.0,-0.5,-2.0,9.999,1856.0,0.6,1.0,0.3,0.2,9.999,2.73,0.42,10.97,23.4,7.2,0.0022,10,0,5,4,67.3,66,-25,41,0.4,0.006131,999999.99,99999.99,99999.99,0.31,0.19,0.14,-1,2019-08-22 07:00:00
2019,234,8,2537,51,71,31,15,1.6,1.4,16.0,145.9,-1.1,0.8,0.4,0.9,-0.0,1.0,1.2,0.6,1.0,0.2,14817.0,12.2,347.0,-0.2,-2.0,9.999,1053.0,1.2,2.0,0.4,0.2,9.999,2.99,0.0,28.63,38.2,7.5,0.0008,10,0,4,4,67.3,80,-57,24,0.5,0.006131,999999.99,99999.99,99999.99,0.3,0.18,0.13,-1,2019-08-22 08:00:00
2019,234,9,2537,51,71,31,16,2.7,2.1,8.9,131.9,-1.4,1.5,0.3,1.5,-0.5,1.3,2.1,0.5,1.6,1.3,17456.0,14.2,349.0,-0.9,-2.7,9.999,3478.0,2.2,3.0,0.3,0.7,9.999,3.51,0.17,11.9,24.5,7.3,0.002,13,0,8,5,67.3,112,-78,33,0.5,0.006131,999999.99,99999.99,99999.99,0.26,0.18,0.13,-1,2019-08-22 09:00:00
2019,234,10,2537,51,71,38,15,2.2,1.0,-5.2,314.5,0.7,-0.7,-0.1,-0.7,0.3,0.8,2.1,1.3,1.1,1.1,27923.0,15.0,356.0,0.1,-3.5,9.999,5207.0,2.5,2.0,0.9,0.4,9.999,3.85,-0.11,20.36,31.5,7.3,0.0012,13,0,12,5,67.3,91,-65,26,0.5,0.006131,999999.99,99999.99,99999.99,0.29,0.18,0.13,-1,2019-08-22 10:00:00
2019,234,11,2537,51,71,35,15,3.3,3.2,30.1,133.8,-1.9,2.0,1.6,2.5,0.4,0.5,0.9,0.4,0.6,0.5,33691.0,11.5,360.0,0.3,-3.4,9.999,1994.0,0.7,1.0,0.2,0.4,9.999,3.03,-0.14,7.25,18.7,6.9,0.0035,13,0,10,5,67.3,77,-50,27,0.4,0.006131,999999.99,99999.99,99999.99,0.29,0.19,0.14,-1,2019-08-22 11:00:00
2019,234,12,2537,51,52,57,28,3.8,3.8,19.1,135.6,-2.6,2.5,1.2,2.8,-0.2,0.2,0.6,0.4,0.3,0.4,42289.0,10.0,359.0,0.2,-2.2,0.031,1846.0,0.4,2.0,0.2,0.3,0.003,2.42,0.07,4.92,14.9,6.5,0.0053,7,0,10,3,67.3,49,-22,27,0.4,0.006131,999999.99,99999.99,99999.99,0.27,0.19,0.13,-1,2019-08-22 12:00:00
2019,234,13,2537,51,52,61,37,3.7,3.2,3.1,138.4,-2.4,2.1,0.2,1.9,-0.8,0.2,1.8,0.6,0.7,1.6,41061.0,10.0,359.0,-0.2,-2.2,0.029,1747.0,0.5,2.0,0.3,0.5,0.002,2.4,0.29,5.15,15.3,6.6,0.0051,7,0,10,3,67.3,75,-22,53,0.5,0.006131,999999.99,99999.99,99999.99,0.26,0.18,0.13,-1,2019-08-22 13:00:00
2019,234,14,2537,51,52,60,7,3.6,3.5,15.6,133.4,-2.3,2.4,0.9,2.6,-0.3,0.1,0.9,0.3,0.4,0.8,41181.0,9.8,359.0,-0.4,-2.9,0.031,1508.0,0.3,1.0,0.1,0.2,0.003,2.37,0.11,5.33,15.6,6.6,0.0049,7,0,8,3,67.3,97,-47,50,0.2,0.006131,999999.99,99999.99,99999.99,0.25,0.17,0.14,-1,2019-08-22 14:00:00
2019,234,15,2537,51,52,58,18,3.9,3.7,15.1,145.2,-3.0,2.1,1.0,2.3,0.1,0.6,1.1,0.4,0.8,0.5,44325.0,8.5,355.0,-0.8,-2.8,0.03,3213.0,1.1,4.0,0.6,0.2,0.002,2.0,-0.04,4.01,13.3,6.3,0.0068,7,0,7,3,67.3,101,-57,44,-0.1,0.006131,999999.99,99999.99,99999.99,0.3,0.19,0.14,-1,2019-08-22 15:00:00
2019,234,16,2537,51,52,61,16,4.3,3.7,-24.6,135.8,-2.4,2.3,-1.5,1.6,-2.2,0.3,2.2,1.2,0.5,1.7,36442.0,9.0,354.0,-0.9,-1.5,0.02,5254.0,1.1,3.0,0.3,1.0,0.006,2.03,0.78,3.34,12.3,6.3,0.0078,7,0,5,3,67.3,77,-58,19,-0.0,0.006131,999999.99,99999.99,99999.99,0.3,0.2,0.14,-1,2019-08-22 16:00:00
2019,234,17,2537,51,52,58,23,4.2,4.2,-42.0,155.1,-2.8,1.3,-2.8,0.3,-3.1,0.2,0.7,0.5,0.3,0.4,33129.0,9.3,350.0,-0.5,-0.6,0.015,1365.0,0.4,3.0,0.3,0.2,0.002,2.02,1.08,3.54,12.7,6.3,0.0074,7,0,1,3,67.3,135,-107,28,0.9,0.006131,999999.99,99999.99,99999.99,0.29,0.18,0.13,-1,2019-08-22 17:00:00
2019,234,18,2537,51,52,61,28,3.8,3.5,-20.0,151.4,-2.9,1.6,-1.2,1.2,-1.6,1.3,2.1,1.5,0.5,1.3,33723.0,10.7,349.0,-0.2,-1.1,0.015,4156.0,2.9,4.0,0.3,0.2,0.003,2.31,0.56,5.0,15.0,6.5,0.0053,23,0,-6,9,67.3,231,-187,44,1.0,0.006131,999999.99,99999.99,99999.99,0.26,0.18,0.13,-1,2019-08-22 18:00:00
2019,234,19,2537,51,52,57,26,2.5,2.3,23.9,119.0,-1.0,1.8,0.9,2.0,0.4,1.3,1.6,1.0,1.1,0.6,30522.0,14.6,355.0,-0.0,-1.2,0.013,6821.0,2.8,5.0,0.7,0.4,0.002,3.23,-0.14,15.44,27.1,7.2,0.0016,23,0,-6,9,67.3,198,-142,55,0.4,0.006131,999999.99,99999.99,99999.99,0.29,0.19,0.13,-1,2019-08-22 19:00:00
2019,234,20,2537,51,52,63,35,3.7,3.0,-9.1,136.7,-2.1,2.0,-0.5,1.8,-0.9,1.4,2.6,1.5,1.6,1.4,33849.0,12.5,351.0,-0.5,-0.1,0.014,6487.0,3.6,5.0,0.9,0.8,0.005,2.72,0.32,6.16,16.8,6.7,0.0042,23,0,-5,9,67.3,114,-73,41,0.5,0.006131,999999.99,99999.99,99999.99,0.28,0.18,0.14,-1,2019-08-22 20:00:00
2019,234,21,2537,51,52,60,36,4.2,3.6,1.1,266.5,-0.2,-3.6,0.1,-3.5,0.8,0.5,2.2,0.9,1.0,1.8,23230.0,12.6,359.0,-1.3,0.2,0.005,2138.0,1.8,3.0,0.8,1.2,0.001,2.77,-0.29,4.5,15.2,6.9,0.0052,17,0,1,6,67.3,129,-89,40,0.5,0.006131,999999.99,99999.99,99999.99,0.28,0.17,0.13,-1,2019-08-22 21:00:00
2019,234,22,2537,51,52,63,35,3.9,3.9,11.5,286.2,1.1,-3.6,0.8,-3.4,1.5,0.4,0.7,0.3,0.5,0.4,22729.0,12.5,360.0,0.6,-1.2,0.007,4783.0,1.6,5.0,0.5,0.9,0.002,2.78,-0.54,5.17,16.3,7.0,0.0045,17,0,6,6,67.3,115,-74,42,1.0,0.006131,999999.99,99999.99,99999.99,0.28,0.18,0.13,-1,2019-08-22 22:00:00
2019,234,23,2537,51,52,59,35,3.7,3.5,-1.6,277.4,0.4,-3.5,-0.1,-3.5,0.6,0.5,1.2,0.5,0.6,1.0,36104.0,12.9,365.0,2.4,-1.9,0.017,7628.0,1.0,2.0,0.8,0.4,0.004,3.07,-0.22,6.45,17.7,6.9,0.0038,17,0,9,6,67.3,78,-35,43,0.8,0.006131,999999.99,99999.99,99999.99,0.27,0.19,0.14,-1,2019-08-22 23:00:00
2019,235,0,2537,51,52,60,36,3.2,3.0,55.0,292.0,0.6,-1.6,2.4,-1.1,2.7,0.4,1.2,0.4,1.0,0.6,34029.0,12.9,362.0,2.1,-2.3,0.02,1768.0,0.4,1.0,0.4,0.2,0.001,3.05,-0.98,8.51,20.3,7.0,0.0029,7,0,6,3,68.0,46,-17,29,-0.1,0.006114,999999.99,99999.99,99999.99,0.29,0.19,0.14,-1,2019-08-23 00:00:00
2019,235,1,2537,51,52,61,34,2.9,2.1,33.6,38.1,1.4,1.1,1.2,1.3,0.9,1.0,2.1,0.9,1.4,1.4,37101.0,12.0,367.0,1.2,-2.6,0.013,4376.0,1.2,5.0,0.5,0.8,0.004,2.84,-0.33,9.82,21.9,7.1,0.0025,7,0,5,3,68.0,46,-23,23,0.1,0.006114,999999.99,99999.99,99999.99,0.29,0.17,0.13,-1,2019-08-23 01:00:00
2019,235,2,2537,51,52,64,36,3.2,1.4,26.7,301.1,0.7,-1.1,0.6,-0.9,0.9,0.6,2.9,0.8,1.5,2.3,40076.0,12.2,377.0,0.7,-3.4,0.01,3546.0,1.2,4.0,0.5,1.0,0.003,3.01,-0.34,8.35,20.6,7.2,0.0028,7,0,6,3,68.0,51,-23,28,0.3,0.006114,999999.99,99999.99,99999.99,0.28,0.17,0.13,-1,2019-08-23 02:00:00
2019,235,3,2537,51,52,57,33,4.4,4.1,-49.6,83.6,0.3,2.7,-3.2,1.6,-3.9,1.1,1.8,0.5,0.8,1.5,42548.0,11.7,375.0,0.7,-2.5,0.013,5596.0,2.6,3.0,0.6,1.2,0.005,2.89,1.46,4.3,14.6,6.7,0.0056,17,0,3,6,68.0,146,-55,91,1.1,0.006114,999999.99,99999.99,99999.99,0.27,0.18,0.13,-1,2019-08-23 03:00:00
2019,235,4,2537,51,52,59,32,3.5,3.2,10.8,142.3,-2.5,1.9,0.6,2.0,-0.1,0.5,1.6,1.3,0.6,0.7,46164.0,12.5,371.0,1.7,-4.6,0.013,4877.0,1.1,2.0,0.5,0.5,0.002,3.02,0.04,7.41,18.7,6.9,0.0034,17,0,1,6,68.0,210,-132,78,1.7,0.006114,999999.99,99999.99,99999.99,0.29,0.18,0.13,-1,2019-08-23 04:00:00
2019,235,5,2537,51,52,59,34,3.5,2.4,14.4,169.1,-2.3,0.4,0.6,0.6,0.4,0.3,2.5,1.1,2.1,0.9,54672.0,9.8,369.0,2.2,-3.3,0.019,7496.0,1.3,3.0,0.7,0.5,0.006,2.4,-0.15,6.09,16.5,6.6,0.0044,17,0,0,6,68.0,37,-12,26,0.4,0.006114,999999.99,99999.99,99999.99,0.3,0.2,0.14,-1,2019-08-23 05:00:00
2019,235,6,2537,51,52,60,33,3.4,2.7,4.9,238.6,-1.4,-2.3,0.2,-2.0,1.1,0.4,2.1,1.0,1.2,1.4,58124.0,7.0,370.0,2.6,-3.0,0.023,8816.0,0.9,4.0,0.6,0.8,0.005,1.75,-0.41,4.7,14.4,6.4,0.0057,10,0,-1,4,68.0,35,-16,19,-0.1,0.006114,999999.99,99999.99,99999.99,0.28,0.18,0.13,-1,2019-08-23 06:00:00
2019,235,7,2537,51,52,63,37,2.4,1.3,-51.0,151.6,-0.7,0.4,-1.0,-0.1,-1.1,0.5,2.1,1.1,1.0,1.4,68764.0,5.9,372.0,1.6,-2.2,0.025,7308.0,0.3,5.0,0.9,1.1,0.003,1.5,0.41,8.4,18.8,6.6,0.0034,10,0,0,4,68.0,58,-23,35,0.1,0.006114,999999.99,99999.99,99999.99,0.28,0.19,0.14,-1,2019-08-23 07:00:00
2019,235,8,2537,51,52,57,32,3.0,2.7,-51.0,162.6,-1.6,0.5,-2.1,-0.6,-2.1,0.4,1.4,1.2,0.5,0.6,53361.0,5.4,369.0,1.9,-1.6,0.019,6055.0,0.5,4.0,0.4,0.6,0.003,1.32,0.77,4.54,14.3,6.4,0.0058,10,0,-5,4,68.0,78,-50,28,0.3,0.006114,999999.99,99999.99,99999.99,0.32,0.19,0.14,-1,2019-08-23 08:00:00
2019,235,9,2537,51,52,61,35,3.0,2.7,-17.7,202.2,-2.4,-1.0,-0.8,-1.3,-0.2,0.3,1.2,0.8,0.9,0.3,50447.0,4.0,368.0,1.7,-2.0,0.022,5143.0,0.4,7.0,0.4,0.5,0.003,0.98,0.07,3.31,12.3,6.2,0.0079,13,0,-7,5,68.0,120,-93,27,0.4,0.006114,999999.99,99999.99,99999.99,0.31,0.19,0.14,-1,2019-08-23 09:00:00
2019,235,10,2537,51,52,63,33,2.6,2.5,-38.3,182.6,-2.0,-0.1,-1.6,-0.9,-1.3,0.5,0.9,0.7,0.5,0.3,47220.0,3.8,364.0,2.2,-1.6,0.018,2858.0,0.6,8.0,1.3,0.4,0.002,0.9,0.47,4.11,13.6,6.4,0.0064,13,0,-6,5,68.0,59,-32,27,0.4,0.006114,999999.99,99999.99,99999.99,0.32,0.2,0.14,-1,2019-08-23 10:00:00
2019,235,11,2537,51,52,59,36,3.0,3.0,-15.2,185.6,-2.9,-0.3,-0.8,-0.7,-0.5,0.1,0.3,0.1,0.2,0.2,38623.0,2.9,377.0,1.6,-1.0,0.018,3520.0,0.2,2.0,0.2,0.3,0.001,0.74,0.19,2.24,10.7,6.2,0.0104,13,0,-6,5,68.0,56,-32,24,0.5,0.006114,999999.99,99999.99,99999.99,0.29,0.19,0.15,-1,2019-08-23 11:00:00
2019,235,12,2537,51,52,56,35,2.5,2.5,-3.3,185.0,-2.5,-0.2,-0.1,-0.2,0.0,0.3,0.4,0.3,0.3,0.2,43884.0,2.8,370.0,2.0,-1.4,0.021,7452.0,0.2,4.0,0.2,0.2,0.002,0.69,-0.0,3.21,12.4,6.4,0.0078,3,0,-5,2,68.0,43,-33,10,0.2,0.006114,999999.99,99999.99,99999.99,0.3,0.18,0.13,-1,2019-08-23 12:00:00
2019,235,13,2537,51,52,63,32,2.0,2.0,7.4,170.8,-1.9,0.3,0.3,0.4,0.1,0.1,0.5,0.1,0.3,0.3,39737.0,3.1,363.0,2.1,-1.0,0.022,5591.0,0.2,3.0,0.2,0.3,0.002,0.74,-0.04,5.42,16.0,6.7,0.0047,3,0,-4,2,68.0,36,-25,11,0.2,0.006114,999999.99,99999.99,99999.99,0.28,0.19,0.14,-1,2019-08-23 13:00:00
2019,235,14,2537,51,52,60,10,2.5,2.5,2.7,164.3,-2.4,0.7,0.1,0.7,-0.2,0.3,0.4,0.3,0.2,0.2,46004.0,3.1,367.0,2.3,-1.8,0.031,27264.0,0.2,5.0,0.2,0.3,0.004,0.78,0.07,3.6,12.9,6.4,0.0071,3,0,-5,2,68.0,37,-21,15,0.2,0.006114,999999.99,99999.99,99999.99,0.28,0.18,0.13,-1,2019-08-23 14:00:00
2019,235,15,2537,51,52,61,11,3.1,3.0,-6.5,151.2,-2.6,1.5,-0.3,1.2,-0.9,0.2,0.5,0.3,0.2,0.4,50022.0,3.7,379.0,3.3,-2.1,0.027,2616.0,0.3,3.0,0.5,0.2,0.003,0.98,0.34,2.86,11.8,6.3,0.0086,3,0,-6,2,68.0,50,-27,22,0.1,0.006114,999999.99,99999.99,99999.99,0.29,0.18,0.13,-1,2019-08-23 15:00:00
2019,235,16,2537,51,52,57,23,2.4,2.3,-2.1,143.4,-1.8,1.4,-0.1,1.3,-0.6,0.4,0.8,0.4,0.3,0.6,43804.0,4.8,366.0,1.2,-2.2,0.019,6350.0,0.4,4.0,0.5,0.3,0.003,1.16,0.22,5.97,16.7,6.7,0.0043,3,0,-5,2,68.0,55,-29,26,0.3,0.006114,999999.99,99999.99,99999.99,0.3,0.19,0.13,-1,2019-08-23 16:00:00
2019,235,17,2537,51,52,61,28,2.7,2.7,20.2,137.0,-1.8,1.7,0.9,1.9,0.3,0.4,0.6,0.5,0.3,0.2,36623.0,5.1,365.0,0.3,-2.0,0.018,5053.0,0.2,6.0,0.4,0.3,0.003,1.22,-0.11,4.8,15.3,6.7,0.0051,3,0,-4,2,68.0,82,-63,19,-0.2,0.006114,999999.99,99999.99,99999.99,0.28,0.18,0.13,-1,2019-08-23 17:00:00
2019,235,18,2537,51,52,59,9,2.9,2.8,11.2,142.7,-2.2,1.6,0.5,1.7,0.0,0.2,1.0,0.2,0.5,0.8,33042.0,6.0,361.0,-0.5,-1.7,0.014,1102.0,0.1,1.0,0.4,0.4,0.002,1.38,-0.0,4.79,15.2,6.7,0.0051,7,0,-5,3,68.0,33,-13,19,-0.2,0.006114,999999.99,99999.99,99999.99,0.3,0.19,0.13,-1,2019-08-23 18:00:00
2019,235,19,2537,51,52,59,17,2.9,2.7,-19.6,133.1,-1.8,1.9,-0.9,1.6,-1.3,0.2,0.9,0.5,0.5,0.6,31522.0,6.5,358.0,-0.3,-1.9,0.012,2212.0,0.4,3.0,0.4,0.7,0.002,1.46,0.47,5.14,15.7,6.7,0.0048,7,0,-7,3,68.0,42,-21,21,0.1,0.006114,999999.99,99999.99,99999.99,0.27,0.19,0.13,-1,2019-08-23 19:00:00
2019,235,20,2537,51,52,60,24,3.1,2.9,-21.1,145.5,-2.2,1.5,-1.0,1.2,-1.3,0.1,1.0,0.4,0.5,0.7,28781.0,6.3,356.0,-0.4,-1.4,0.012,1833.0,0.3,1.0,0.4,0.5,0.001,1.4,0.46,4.29,14.4,6.6,0.0057,7,0,-9,3,68.0,52,-31,21,0.0,0.006114,999999.99,99999.99,99999.99,0.29,0.18,0.13,-1,2019-08-23 20:00:00
2019,235,21,2537,51,52,60,24,2.9,2.6,-8.4,136.5,-1.8,1.7,-0.4,1.6,-0.7,0.1,1.3,0.7,0.7,0.8,29414.0,6.6,356.0,-0.3,-1.6,0.011,1964.0,0.2,1.0,0.3,0.3,0.002,1.46,0.25,5.15,15.8,6.8,0.0048,7,0,-8,3,68.0,36,-15,20,0.2,0.006114,999999.99,99999.99,99999.99,0.3,0.19,0.13,-1,2019-08-23 21:00:00
2019,235,22,2537,51,52,61,6,2.1,2.0,-16.1,117.0,-0.9,1.7,-0.6,1.6,-0.9,0.7,1.0,0.5,0.6,0.6,28550.0,9.0,359.0,1.6,-1.6,0.011,14923.0,0.8,3.0,1.7,0.1,0.001,2.02,0.32,13.32,25.6,7.3,0.0018,7,0,-6,3,68.0,39,-16,23,0.5,0.006114,999999.99,99999.99,99999.99,0.29,0.19,0.14,-1,2019-08-23 22:00:00
2019,235,23,2537,51,52,59,22,2.0,1.6,-15.7,139.5,-1.2,1.0,-0.4,0.9,-0.6,0.4,1.2,0.6,0.5,1.0,25976.0,9.2,360.0,1.0,-1.1,0.009,2340.0,0.6,4.0,0.3,0.2,0.001,2.06,0.22,14.77,27.3,7.4,0.0016,7,0,-4,3,68.0,50,-32,18,0.6,0.006114,999999.99,99999.99,99999.99,0.29,0.18,0.13,-1,2019-08-23 23:00:00
2019,236,0,2537,51,52,59,36,1.8,1.0,-2.7,197.8,-1.0,-0.3,0.0,-0.3,0.1,0.5,1.6,1.2,0.7,0.8,31283.0,7.6,359.0,1.0,-0.9,0.014,3377.0,0.8,4.0,0.5,0.4,0.002,1.73,-0.04,15.58,27.5,7.2,0.0016,20,0,-4,7,67.8,54,-24,30,0.4,0.006105,999999.99,99999.99,99999.99,0.26,0.18,0.14,-1,2019-08-24 00:00:00
2019,236,1,2537,51,52,59,34,2.4,2.3,14.3,200.5,-2.1,-0.8,0.6,-0.6,0.8,0.3,0.6,0.3,0.3,0.5,30668.0,6.8,353.0,1.1,-0.7,0.014,1994.0,0.3,2.0,0.2,0.3,0.001,1.49,-0.28,7.81,19.2,6.9,0.0032,20,0,-2,7,67.8,55,-28,27,0.6,0.006105,999999.99,99999.99,99999.99,0.31,0.2,0.14,-1,2019-08-24 01:00:00
2019,236,2,2537,51,52,61,37,2.2,1.9,-36.1,172.2,-1.5,0.2,-1.1,-0.1,-1.1,0.4,1.1,0.6,0.6,0.7,35098.0,6.4,355.0,0.6,-0.0,0.02,3425.0,0.2,2.0,0.3,0.4,0.003,1.45,0.39,8.99,20.4,6.9,0.0029,20,0,-1,7,67.8,78,-26,52,0.3,0.006105,999999.99,99999.99,99999.99,0.29,0.18,0.13,-1,2019-08-24 02:00:00
2019,236,3,2537,51,52,60,36,2.6,2.4,-20.4,156.1,-2.1,0.9,-0.8,0.6,-1.0,0.2,0.9,0.5,0.3,0.6,32979.0,6.0,354.0,0.6,-0.7,0.024,1055.0,0.2,1.0,0.2,0.2,0.003,1.38,0.35,5.96,16.7,6.7,0.0043,13,0,-1,5,67.8,76,-38,38,0.9,0.006105,999999.99,99999.99,99999.99,0.31,0.18,0.14,-1,2019-08-24 03:00:00
2019,236,4,2537,51,52,59,36,2.3,2.3,-18.8,165.0,-2.1,0.6,-0.7,0.3,-0.9,0.1,0.5,0.3,0.2,0.3,32509.0,6.6,350.0,0.5,-0.8,0.018,1414.0,0.1,1.0,0.2,0.2,0.002,1.45,0.32,8.35,19.5,6.8,0.0031,13,0,2,5,67.8,83,-38,45,0.9,0.006105,999999.99,99999.99,99999.99,0.28,0.18,0.13,-1,2019-08-24 04:00:00
2019,236,5,2537,51,52,61,36,2.8,2.6,-12.4,190.6,-2.5,-0.5,-0.6,-0.7,-0.4,0.1,1.1,0.3,1.0,0.3,31324.0,7.0,352.0,1.1,-1.1,0.017,2057.0,0.2,1.0,0.6,0.2,0.002,1.55,0.14,5.93,16.6,6.7,0.0043,13,0,4,5,67.8,43,-17,27,0.6,0.006105,999999.99,99999.99,99999.99,0.27,0.19,0.14,-1,2019-08-24 05:00:00
2019,236,6,2537,51,52,59,36,2.9,2.8,-17.2,201.8,-2.5,-1.0,-0.8,-1.2,-0.3,0.1,0.9,0.4,0.7,0.4,30522.0,7.0,351.0,0.9,-1.3,0.015,1886.0,0.1,2.0,0.2,0.3,0.002,1.53,0.11,5.5,16.0,6.7,0.0046,3,0,5,2,67.8,39,-17,22,0.1,0.006105,999999.99,99999.99,99999.99,0.28,0.2,0.14,-1,2019-08-24 06:00:00
2019,236,7,2537,51,52,59,36,2.9,2.7,-33.3,194.0,-2.2,-0.6,-1.5,-1.2,-1.1,0.2,0.9,0.3,0.6,0.5,29895.0,6.7,349.0,1.2,-0.5,0.017,1764.0,0.3,2.0,0.5,0.4,0.002,1.46,0.38,5.24,15.6,6.6,0.0049,3,0,2,2,67.8,46,-29,17,-0.1,0.006105,999999.99,99999.99,99999.99,0.29,0.18,0.13,-1,2019-08-24 07:00:00
2019,236,8,2537,51,52,60,36,2.4,2.3,-22.5,161.0,-2.0,0.7,-0.9,0.2,-1.1,0.2,0.7,0.5,0.4,0.3,25683.0,7.2,344.0,0.5,-0.7,0.015,1511.0,0.2,1.0,0.2,0.1,0.002,1.51,0.38,8.01,19.2,6.8,0.0032,3,0,1,2,67.8,68,-34,34,0.1,0.006105,999999.99,99999.99,99999.99,0.29,0.18,0.14,-1,2019-08-24 08:00:00
2019,236,9,2537,51,52,59,34,2.7,2.3,-60.6,106.1,-0.3,1.1,-2.0,-0.0,-2.3,0.2,1.4,1.1,0.6,0.6,23689.0,6.6,345.0,0.3,-0.5,0.015,2798.0,0.3,2.0,0.2,0.3,0.004,1.39,0.79,5.73,16.4,6.7,0.0044,13,0,0,5,67.8,75,-49,26,0.5,0.006105,999999.99,99999.99,99999.99,0.29,0.19,0.14,-1,2019-08-24 09:00:00
2019,236,10,2537,51,52,61,36,2.4,2.2,-3.6,132.6,-1.5,1.6,-0.1,1.3,-0.9,0.1,0.8,0.3,0.3,0.7,28727.0,6.3,342.0,-0.2,-1.0,0.024,1486.0,0.2,2.0,0.2,0.5,0.002,1.35,0.31,7.15,17.9,6.7,0.0037,13,0,2,5,67.8,255,-209,45,0.9,0.006105,999999.99,99999.99,99999.99,0.3,0.18,0.13,-1,2019-08-24 10:00:00
2019,236,11,2537,51,52,59,36,2.5,1.7,17.4,139.6,-1.2,1.1,0.5,1.2,-0.1,0.1,1.8,0.6,0.5,1.6,27681.0,6.1,342.0,0.1,-1.1,0.024,2227.0,0.2,3.0,0.9,1.0,0.005,1.31,0.03,6.34,16.9,6.6,0.0042,13,0,4,5,67.8,68,-34,33,0.4,0.006105,999999.99,99999.99,99999.99,0.28,0.19,0.14,-1,2019-08-24 11:00:00
2019,236,12,2537,51,52,60,37,2.7,2.3,19.4,201.1,-2.1,-0.8,0.8,-0.3,1.1,0.3,1.3,0.4,1.1,0.7,29932.0,5.7,341.0,0.7,-0.9,0.028,2229.0,0.4,4.0,0.7,0.7,0.003,1.23,-0.38,5.15,15.1,6.5,0.0052,3,0,2,2,67.8,63,-50,13,0.1,0.006105,999999.99,99999.99,99999.99,0.26,0.17,0.13,-1,2019-08-24 12:00:00
2019,236,13,2537,51,52,59,36,2.9,2.8,36.0,178.0,-2.3,0.1,1.6,0.8,1.4,0.1,0.5,0.3,0.4,0.2,31007.0,5.5,340.0,0.4,-1.5,0.027,1357.0,0.2,1.0,0.2,0.2,0.003,1.18,-0.48,4.34,13.7,6.3,0.0063,3,0,1,2,67.8,31,-23,8,0.1,0.006105,999999.99,99999.99,99999.99,0.28,0.18,0.13,-1,2019-08-24 13:00:00
2019,236,14,2537,51,52,58,32,2.8,2.7,26.9,186.1,-2.4,-0.3,1.2,0.3,1.2,0.1,0.7,0.3,0.2,0.6,31021.0,5.9,337.0,0.6,-1.2,0.03,2287.0,0.2,2.0,0.4,0.5,0.004,1.25,-0.4,4.99,14.6,6.3,0.0056,3,0,2,2,67.8,26,-17,9,0.2,0.006105,999999.99,99999.99,99999.99,0.27,0.19,0.15,-1,2019-08-24 14:00:00
2019,236,15,2537,51,52,61,37,3.0,2.8,-22.2,180.7,-2.6,0.0,-1.1,-0.5,-1.0,0.1,0.9,0.3,0.3,0.8,30169.0,6.2,335.0,0.2,0.5,0.036,2373.0,0.2,1.0,0.2,0.6,0.002,1.33,0.34,4.54,13.9,6.3,0.0062,10,0,1,4,67.8,31,-18,14,0.6,0.006105,999999.99,99999.99,99999.99,0.29,0.18,0.14,-1,2019-08-24 15:00:00
2019,236,16,2537,51,52,61,37,2.6,2.0,-37.1,159.3,-1.5,0.6,-1.2,0.1,-1.3,0.2,1.6,0.9,0.8,1.1,29346.0,6.7,338.0,-0.3,0.3,0.028,4151.0,0.4,3.0,0.6,0.8,0.004,1.42,0.44,6.5,16.8,6.5,0.0042,10,0,2,4,67.8,50,-29,21,0.7,0.006105,999999.99,99999.99,99999.99,0.29,0.19,0.14,-1,2019-08-24 16:00:00
2019,236,17,2537,51,52,60,36,2.5,2.0,-54.0,102.1,-0.2,1.2,-1.6,0.6,-1.9,0.1,1.3,0.6,0.7,1.0,25099.0,7.1,341.0,-0.6,0.6,0.021,2679.0,0.2,2.0,0.4,0.8,0.002,1.49,0.65,7.25,18.2,6.7,0.0036,10,0,2,4,67.8,105,-83,22,0.6,0.006105,999999.99,99999.99,99999.99,0.3,0.19,0.14,-1,2019-08-24 17:00:00
2019,236,18,2537,51,52,57,35,2.4,2.1,-9.7,175.0,-2.0,0.2,-0.4,0.1,-0.4,0.1,1.1,0.6,0.4,0.8,25031.0,6.7,330.0,0.1,-0.2,0.019,1487.0,0.2,3.0,0.3,0.5,0.002,1.31,0.13,7.42,17.8,6.5,0.0038,7,0,-4,3,67.8,106,-88,18,0.5,0.006105,999999.99,99999.99,99999.99,0.28,0.19,0.13,-1,2019-08-24 18:00:00
2019,236,19,2537,51,52,62,37,2.3,1.9,-20.0,138.9,-1.3,1.2,-0.6,1.0,-0.9,0.3,1.2,0.6,0.6,0.9,22206.0,6.6,332.0,-0.2,0.7,0.02,2020.0,0.5,3.0,0.4,0.6,0.004,1.31,0.3,7.81,18.5,6.7,0.0035,7,0,-6,3,67.8,114,-101,13,0.2,0.006105,999999.99,99999.99,99999.99,0.27,0.19,0.14,-1,2019-08-24 19:00:00
2019,236,20,2537,51,52,54,32,2.7,2.7,7.9,128.9,-1.7,2.1,0.4,2.1,-0.1,0.1,0.4,0.2,0.2,0.3,19995.0,5.5,335.0,0.1,0.8,0.027,882.0,0.1,1.0,0.2,0.2,0.001,1.14,0.03,4.66,14.5,6.5,0.0056,7,0,-5,3,67.8,34,-23,11,0.1,0.006105,999999.99,99999.99,99999.99,0.29,0.19,0.14,-1,2019-08-24 20:00:00
2019,236,21,2537,51,52,55,33,2.7,2.6,9.4,143.9,-2.1,1.5,0.4,1.6,0.1,0.1,0.5,0.2,0.2,0.3,21161.0,5.4,334.0,0.4,0.4,0.028,967.0,0.2,1.0,0.2,0.2,0.003,1.12,-0.03,4.61,14.4,6.4,0.0058,0,0,-4,0,67.8,38,-23,15,0.2,0.006105,999999.99,99999.99,99999.99,0.28,0.19,0.15,-1,2019-08-24 21:00:00
2019,236,22,2537,51,52,60,35,2.7,2.7,19.5,149.8,-2.2,1.3,0.9,1.5,0.6,0.1,0.4,0.2,0.2,0.3,22784.0,5.5,336.0,0.3,0.5,0.03,1438.0,0.1,1.0,0.1,0.1,0.001,1.16,-0.2,4.74,14.6,6.5,0.0056,0,0,-4,0,67.8,32,-15,17,0.1,0.006105,999999.99,99999.99,99999.99,0.32,0.2,0.15,-1,2019-08-24 22:00:00
2019,236,23,2537,51,52,60,37,1.9,1.4,-8.3,159.6,-1.3,0.5,-0.2,0.5,-0.3,0.6,1.4,1.0,0.6,0.9,22116.0,6.4,336.0,0.2,0.8,0.023,1831.0,0.5,2.0,0.5,0.4,0.007,1.32,0.1,11.1,22.4,6.9,0.0024,0,0,-2,0,67.8,28,-12,16,-0.0,0.006105,999999.99,99999.99,99999.99,0.32,0.19,0.13,-1,2019-08-24 23:00:00
2019,237,0,2538,51,52,60,36,1.4,1.0,-40.8,1.4,0.8,0.0,-0.7,-0.1,-0.7,0.5,1.1,0.7,0.5,0.7,24445.0,6.7,333.0,0.1,1.1,0.019,2378.0,0.3,3.0,0.2,0.3,0.006,1.34,0.23,21.73,30.8,6.9,0.0013,10,0,-2,4,67.4,30,-17,13,0.0,0.006094,999999.99,99999.99,99999.99,0.3,0.19,0.14,-1,2019-08-25 00:00:00
2019,237,1,2538,51,52,61,36,1.8,1.7,-32.9,126.0,-0.8,1.1,-0.9,0.9,-1.1,0.2,0.7,0.4,0.2,0.5,23509.0,7.0,337.0,0.6,0.8,0.032,2162.0,0.2,1.0,0.2,0.6,0.002,1.5,0.37,13.65,24.8,6.9,0.0019,10,0,1,4,67.4,36,-22,15,0.4,0.006094,999999.99,99999.99,99999.99,0.28,0.19,0.14,-1,2019-08-25 01:00:00
2019,237,2,2538,51,52,59,34,1.9,1.5,-44.2,188.9,-1.1,-0.2,-1.1,-0.5,-1.0,0.1,1.0,0.5,0.8,0.4,26383.0,6.8,336.0,1.4,0.2,0.039,3896.0,0.4,5.0,0.5,0.3,0.005,1.48,0.34,12.13,23.1,6.8,0.0022,10,0,2,4,67.4,51,-25,26,0.6,0.006094,999999.99,99999.99,99999.99,0.26,0.18,0.13,-1,2019-08-25 02:00:00
2019,237,3,2538,51,52,60,36,2.3,2.1,-45.1,195.0,-1.5,-0.4,-1.5,-0.8,-1.3,0.3,0.9,0.3,0.6,0.6,26719.0,6.8,334.0,1.1,-0.0,0.037,2028.0,0.1,1.0,0.5,0.3,0.004,1.45,0.43,8.29,18.9,6.6,0.0033,10,0,5,4,67.4,52,-19,33,0.3,0.006094,999999.99,99999.99,99999.99,0.31,0.18,0.13,-1,2019-08-25 03:00:00
2019,237,4,2538,51,52,60,36,2.9,2.7,-75.5,181.2,-0.7,0.0,-2.6,-0.9,-2.4,0.3,1.2,0.5,1.0,0.4,28055.0,6.8,333.0,0.8,0.1,0.038,3285.0,0.5,1.0,0.3,0.3,0.003,1.45,0.8,5.26,15.0,6.4,0.0053,10,0,4,4,67.4,60,-11,49,0.4,0.006094,999999.99,99999.99,99999.99,0.32,0.19,0.14,-1,2019-08-25 04:00:00
2019,237,5,2538,51,52,60,37,3.5,3.4,-77.3,116.4,-0.3,0.7,-3.3,-0.6,-3.3,0.4,0.8,0.4,0.6,0.3,32147.0,7.0,332.0,0.2,-0.1,0.039,2833.0,0.2,1.0,0.2,0.3,0.003,1.49,1.1,3.82,12.5,6.1,0.0076,10,0,-1,4,67.4,176,-79,97,1.3,0.006094,999999.99,99999.99,99999.99,0.28,0.18,0.14,-1,2019-08-25 05:00:00
2019,237,6,2538,51,52,59,34,3.6,3.5,-20.8,118.5,-1.6,2.9,-1.2,2.1,-2.3,0.2,1.0,0.5,0.4,0.8,26973.0,7.3,329.0,-0.5,0.8,0.044,913.0,0.3,1.0,0.2,0.2,0.003,1.55,0.76,3.64,12.3,6.1,0.0078,17,0,-4,6,67.4,278,-176,102,2.2,0.006094,999999.99,99999.99,99999.99,0.3,0.19,0.14,-1,2019-08-25 06:00:00
2019,237,7,2538,51,52,60,36,3.5,3.2,-5.8,98.6,-0.5,3.2,-0.3,2.7,-1.7,0.3,1.5,0.3,0.8,1.2,27266.0,7.0,331.0,-0.4,0.3,0.042,1923.0,0.5,1.0,0.4,0.2,0.005,1.5,0.56,3.7,12.5,6.1,0.0076,17,0,-4,6,67.4,226,-93,133,1.5,0.006094,999999.99,99999.99,99999.99,0.28,0.18,0.14,-1,2019-08-25 07:00:00
2019,237,8,2538,51,52,59,36,3.2,2.6,-11.6,151.8,-2.3,1.2,-0.5,0.8,-1.0,0.3,1.8,1.0,0.9,1.2,33076.0,7.3,330.0,-0.0,-0.5,0.035,1871.0,0.3,2.0,0.2,0.3,0.004,1.51,0.33,4.79,13.9,6.1,0.0061,17,0,-3,6,67.4,85,-38,46,0.5,0.006094,999999.99,99999.99,99999.99,0.31,0.19,0.14,-1,2019-08-25 08:00:00
2019,237,9,2538,51,52,60,36,3.3,2.9,6.1,112.2,-1.1,2.6,0.3,2.4,-1.0,0.2,1.6,0.6,1.0,1.1,30659.0,6.8,328.0,0.0,-0.4,0.037,1965.0,0.3,1.0,0.4,0.5,0.002,1.4,0.33,4.13,13.0,6.1,0.0071,3,0,-1,2,67.4,44,-20,24,0.6,0.006094,999999.99,99999.99,99999.99,0.29,0.19,0.14,-1,2019-08-25 09:00:00
2019,237,10,2538,51,52,59,36,3.2,3.1,39.4,109.4,-0.8,2.3,2.0,3.0,0.6,0.2,0.6,0.3,0.4,0.3,29182.0,6.7,325.0,-0.3,-0.4,0.037,2521.0,0.2,1.0,0.3,0.2,0.002,1.36,-0.2,4.29,13.1,6.1,0.0069,3,0,0,2,67.4,38,-24,15,0.7,0.006094,999999.99,99999.99,99999.99,0.3,0.19,0.14,-1,2019-08-25 10:00:00
2019,237,11,2538,51,52,59,33,2.5,1.8,-45.4,133.5,-0.9,0.9,-1.3,0.1,-1.6,0.3,1.8,0.4,0.9,1.5,15520.0,8.3,324.0,0.2,-1.0,0.02,3968.0,0.7,2.0,0.5,0.2,0.006,1.57,0.52,7.95,18.7,6.7,0.0034,3,0,1,2,67.4,47,-30,18,0.8,0.006094,999999.99,99999.99,99999.99,0.27,0.18,0.13,-1,2019-08-25 11:00:00
2019,237,12,2538,51,52,60,37,2.9,2.9,-25.5,288.6,0.8,-2.5,-1.3,-2.8,0.1,0.3,0.5,0.2,0.4,0.3,15781.0,7.1,324.0,0.1,-1.3,0.006,1238.0,0.4,2.0,0.4,0.4,0.002,1.27,-0.03,5.06,14.9,6.4,0.0054,3,0,-4,2,67.4,35,-21,14,0.6,0.006094,999999.99,99999.99,99999.99,0.31,0.2,0.14,-1,2019-08-25 12:00:00
2019,237,13,2538,51,52,60,36,3.1,3.1,-26.6,286.3,0.8,-2.7,-1.4,-3.0,0.1,0.1,0.4,0.4,0.1,0.1,16116.0,7.0,321.0,0.3,-1.1,0.004,1528.0,0.4,3.0,0.2,0.2,0.0,1.22,-0.03,4.38,13.7,6.3,0.0063,3,0,-6,2,67.4,40,-19,20,0.7,0.006094,999999.99,99999.99,99999.99,0.28,0.18,0.13,-1,2019-08-25 13:00:00
2019,237,14,2538,51,52,59,36,3.1,3.1,-17.0,295.0,1.3,-2.7,-0.9,-2.8,0.4,0.1,0.4,0.2,0.1,0.3,15297.0,7.2,318.0,-0.1,-0.7,0.004,1056.0,0.3,1.0,0.2,0.2,0.0,1.24,-0.13,4.48,13.8,6.2,0.0063,3,0,-9,2,67.4,67,-38,29,1.0,0.006094,999999.99,99999.99,99999.99,0.3,0.2,0.15,-1,2019-08-25 14:00:00
2019,237,15,2538,51,52,61,35,2.8,2.7,2.8,306.1,1.6,-2.2,0.1,-2.0,1.0,0.2,0.7,0.3,0.4,0.5,14846.0,7.7,313.0,-0.1,-0.1,0.004,1516.0,0.5,3.0,0.9,0.4,0.0,1.28,-0.31,5.85,15.5,6.3,0.0049,3,0,-7,2,67.4,107,-81,26,0.8,0.006094,999999.99,99999.99,99999.99,0.29,0.19,0.14,-1,2019-08-25 15:00:00
2019,237,16,2538,51,52,59,36,3.2,3.1,-18.7,294.4,1.2,-2.7,-1.0,-2.9,0.1,0.3,0.6,0.4,0.2,0.4,12546.0,7.2,317.0,-0.6,-0.9,0.003,1358.0,0.7,1.0,0.3,0.3,0.0,1.22,-0.03,4.12,13.3,6.2,0.0067,3,0,-4,2,67.4,35,-24,10,1.0,0.006094,999999.99,99999.99,99999.99,0.29,0.19,0.14,-1,2019-08-25 16:00:00
2019,237,17,2538,51,52,60,36,2.9,2.9,-12.2,296.0,1.2,-2.5,-0.6,-2.6,0.3,0.2,0.5,0.3,0.2,0.4,12400.0,7.8,314.0,-0.9,-0.4,0.003,846.0,0.6,2.0,0.4,0.3,0.001,1.3,-0.09,5.43,15.1,6.3,0.0052,3,0,-3,2,67.4,40,-26,14,1.1,0.006094,999999.99,99999.99,99999.99,0.3,0.19,0.13,-1,2019-08-25 17:00:00
2019,237,18,2538,51,52,61,37,2.9,2.8,-22.6,296.5,1.1,-2.3,-1.1,-2.5,-0.4,0.3,1.0,0.5,0.2,0.9,10784.0,8.3,315.0,-1.0,-0.6,0.003,1148.0,0.4,2.0,0.7,0.5,0.001,1.39,0.13,5.71,15.6,6.4,0.0049,3,0,-5,2,67.4,35,-25,10,0.8,0.006094,999999.99,99999.99,99999.99,0.32,0.19,0.14,-1,2019-08-25 18:00:00
2019,237,19,2538,51,52,60,36,3.6,3.6,-50.9,300.4,1.1,-1.9,-2.8,-2.5,-2.2,0.3,0.9,0.3,0.5,0.7,10695.0,8.3,319.0,-0.0,-0.5,0.003,826.0,0.6,1.0,0.4,0.3,0.0,1.43,0.7,3.7,12.8,6.2,0.0073,3,0,-7,2,67.4,59,-35,24,1.0,0.006094,999999.99,99999.99,99999.99,0.28,0.19,0.13,-1,2019-08-25 19:00:00
2019,237,20,2538,51,52,60,37,4.4,4.3,-26.9,294.9,1.6,-3.5,-1.9,-3.8,-1.1,0.2,1.1,0.3,0.7,0.8,12646.0,7.9,319.0,-1.1,-0.2,0.003,894.0,0.5,1.0,0.4,0.5,0.0,1.36,0.35,2.39,10.2,5.8,0.0115,3,0,-11,2,67.4,71,-45,26,0.7,0.006094,999999.99,99999.99,99999.99,0.28,0.19,0.14,-1,2019-08-25 20:00:00
2019,237,21,2538,51,52,60,36,4.4,4.3,-3.2,294.0,1.8,-3.9,-0.2,-3.9,0.6,0.3,0.6,0.2,0.3,0.5,12071.0,9.4,319.0,-1.5,0.4,0.003,846.0,0.9,1.0,0.2,0.4,0.0,1.62,-0.19,2.84,11.1,6.0,0.0096,7,0,-11,3,67.4,97,-73,24,0.3,0.006094,999999.99,99999.99,99999.99,0.27,0.18,0.13,-1,2019-08-25 21:00:00
2019,237,22,2538,51,52,63,36,4.4,3.4,10.7,291.5,1.2,-3.1,0.6,-2.9,1.2,0.4,2.9,0.7,0.7,2.7,14655.0,12.4,325.0,-1.5,-0.3,0.007,2714.0,1.2,3.0,0.5,1.1,0.003,2.25,-0.39,3.81,13.0,6.3,0.007,7,0,-3,3,67.4,43,-16,27,-0.1,0.006094,999999.99,99999.99,99999.99,0.28,0.18,0.14,-1,2019-08-25 22:00:00
2019,237,23,2538,51,52,59,36,5.2,5.1,-36.9,280.5,0.7,-4.0,-3.1,-4.5,-2.2,0.2,1.0,0.4,0.6,0.6,12058.0,11.2,329.0,-0.5,-2.3,0.002,737.0,0.6,1.0,0.2,0.3,0.0,2.04,0.72,2.42,10.6,6.0,0.0106,7,0,0,3,67.4,71,-30,41,0.5,0.006094,999999.99,99999.99,99999.99,0.3,0.21,0.15,-1,2019-08-25 23:00:00
2019,238,0,2538,51,52,59,36,5.5,5.4,-18.2,281.4,1.0,-5.0,-1.7,-5.2,-0.6,0.2,0.8,0.3,0.3,0.7,12602.0,11.8,325.0,-0.4,-2.1,0.002,966.0,0.6,2.0,0.3,0.3,0.0,2.1,0.2,2.29,10.1,5.9,0.0115,13,0,0,5,67.2,101,-53,47,0.4,0.006092,999999.99,99999.99,99999.99,0.3,0.18,0.14,-1,2019-08-26 00:00:00
2019,238,1,2538,51,52,60,35,5.2,5.1,5.1,276.8,0.6,-5.0,0.5,-4.7,1.7,0.5,1.4,0.4,0.6,1.1,13326.0,11.9,322.0,-0.7,-2.8,0.003,1940.0,1.2,2.0,0.3,0.5,0.001,2.09,-0.55,2.59,10.7,5.9,0.0104,13,0,-1,5,67.2,82,-34,48,0.4,0.006092,999999.99,99999.99,99999.99,0.29,0.2,0.14,-1,2019-08-26 01:00:00
2019,238,2,2538,51,52,59,36,4.8,4.7,-2.1,272.3,0.2,-4.7,-0.2,-4.6,1.1,0.1,1.0,0.8,0.1,0.6,15965.0,12.3,319.0,-0.6,-4.4,0.003,851.0,0.6,1.0,0.2,0.3,0.0,2.12,-0.35,3.21,11.7,6.0,0.0088,13,0,2,5,67.2,45,-22,23,0.1,0.006092,999999.99,99999.99,99999.99,0.32,0.18,0.14,-1,2019-08-26 02:00:00
2019,238,3,2538,51,52,62,36,4.6,4.3,17.0,271.5,0.1,-4.2,1.3,-3.6,2.5,0.2,1.5,0.7,0.6,1.2,17774.0,13.3,323.0,-0.7,-4.2,0.004,2169.0,0.7,2.0,0.3,0.3,0.002,2.35,-0.81,3.82,12.8,6.2,0.0073,3,0,6,2,67.2,49,-19,31,-0.0,0.006092,999999.99,99999.99,99999.99,0.31,0.2,0.15,-1,2019-08-26 03:00:00
2019,238,4,2538,51,52,57,35,3.6,3.3,61.4,183.6,-1.6,-0.1,2.9,0.9,2.8,0.4,1.3,0.7,1.1,0.3,17353.0,14.3,319.0,-1.5,-4.0,0.005,1004.0,0.6,2.0,0.4,0.4,0.002,2.48,-0.89,6.69,16.8,6.4,0.0042,3,0,8,2,67.2,38,-12,26,-0.1,0.006092,999999.99,99999.99,99999.99,0.28,0.19,0.14,-1,2019-08-26 04:00:00
2019,238,5,2538,51,52,61,37,3.7,3.4,22.4,132.9,-2.1,2.3,1.3,2.6,0.3,0.3,1.7,0.2,1.4,0.9,11919.0,13.2,319.0,-1.9,-3.7,0.015,884.0,0.6,1.0,0.4,0.5,0.002,2.38,-0.1,5.63,15.7,6.5,0.0048,3,0,8,2,67.2,32,-7,24,0.2,0.006092,999999.99,99999.99,99999.99,0.29,0.19,0.13,-1,2019-08-26 05:00:00
2019,238,6,2538,51,52,59,35,3.5,3.4,-4.0,120.7,-1.7,2.9,-0.2,2.5,-1.4,0.4,0.9,0.2,0.5,0.7,13472.0,13.9,316.0,-2.6,-3.4,0.013,1383.0,0.9,2.0,0.3,0.5,0.004,2.44,0.44,6.7,16.8,6.5,0.0042,10,0,8,4,67.2,46,-13,33,0.6,0.006092,999999.99,99999.99,99999.99,0.28,0.19,0.14,-1,2019-08-26 06:00:00
2019,238,7,2538,51,52,60,37,3.7,3.1,-0.2,128.4,-1.9,2.4,0.0,2.1,-1.1,0.3,1.9,0.5,0.5,1.8,17340.0,12.6,317.0,-2.1,-5.6,0.018,1250.0,1.1,1.0,0.5,1.2,0.003,2.27,0.35,5.58,15.2,6.3,0.0051,10,0,6,4,67.2,64,-27,37,0.5,0.006092,999999.99,99999.99,99999.99,0.28,0.19,0.14,-1,2019-08-26 07:00:00
2019,238,8,2538,51,52,64,38,4.2,2.8,-53.4,77.4,0.4,1.6,-2.3,0.3,-2.8,0.3,3.0,1.6,2.2,1.4,17475.0,10.6,323.0,-2.1,-2.8,0.017,1269.0,0.7,5.0,1.4,1.4,0.001,1.97,0.9,3.65,12.5,6.1,0.0076,10,0,2,4,67.2,124,-95,28,0.6,0.006092,999999.99,99999.99,99999.99,0.29,0.19,0.14,-1,2019-08-26 08:00:00
2019,238,9,2538,51,52,60,34,4.7,2.6,-34.7,342.0,2.0,-0.7,-1.5,-1.4,-0.9,0.4,3.9,1.3,3.2,1.6,23543.0,6.9,331.0,-0.1,-1.6,0.028,6464.0,1.9,3.0,0.9,0.5,0.014,1.4,0.3,1.97,9.2,5.6,0.0139,20,0,-6,7,67.2,132,-101,30,0.3,0.006092,999999.99,99999.99,99999.99,0.27,0.17,0.14,-1,2019-08-26 09:00:00
2019,238,10,2538,51,52,60,36,4.9,4.9,-47.3,78.5,0.7,3.3,-3.6,1.0,-4.8,0.2,0.4,0.2,0.2,0.3,22012.0,4.9,328.0,-0.8,-0.9,0.045,999.0,0.1,2.0,0.2,0.2,0.002,1.04,1.57,1.28,7.4,5.1,0.0217,20,0,-9,7,67.2,290,-193,97,1.4,0.006092,999999.99,99999.99,99999.99,0.28,0.19,0.14,-1,2019-08-26 10:00:00
2019,238,11,2538,51,52,61,37,4.2,4.2,-44.1,80.4,0.5,3.0,-2.9,1.1,-4.0,0.3,0.7,0.2,0.5,0.4,27664.0,5.9,328.0,-0.4,-1.1,0.036,3313.0,0.7,2.0,0.5,0.6,0.006,1.21,1.31,2.17,9.5,5.6,0.0132,20,0,-9,7,67.2,459,-304,155,2.9,0.006092,999999.99,99999.99,99999.99,0.28,0.18,0.13,-1,2019-08-26 11:00:00
2019,238,12,2538,51,52,57,35,3.5,3.3,-43.5,101.7,-0.5,2.4,-2.3,0.9,-3.2,0.4,1.2,0.5,0.9,0.6,28235.0,8.0,325.0,-0.3,-0.9,0.019,5082.0,1.4,3.0,0.7,0.6,0.008,1.52,1.04,4.25,13.1,6.1,0.0069,10,0,-9,4,67.2,110,-53,56,1.9,0.006092,999999.99,99999.99,99999.99,0.28,0.18,0.13,-1,2019-08-26 12:00:00
2019,238,13,2538,51,52,60,36,3.7,3.5,-24.8,268.5,-0.1,-3.2,-1.5,-3.5,0.2,0.4,1.3,0.5,0.9,0.6,14711.0,8.3,319.0,-0.2,-0.7,0.006,4500.0,1.0,2.0,0.6,0.6,0.004,1.44,-0.06,3.61,12.4,6.1,0.0077,10,0,-8,4,67.2,62,-31,31,1.1,0.006092,999999.99,99999.99,99999.99,0.29,0.19,0.14,-1,2019-08-26 13:00:00
2019,238,14,2538,51,52,59,36,3.6,3.5,-17.0,275.3,0.3,-3.3,-1.0,-3.4,0.6,0.2,0.9,0.4,0.3,0.8,12838.0,8.1,319.0,0.1,-0.9,0.003,1435.0,0.5,3.0,0.9,0.6,0.0,1.39,-0.19,3.67,12.6,6.2,0.0075,10,0,-5,4,67.2,43,-32,11,1.3,0.006092,999999.99,99999.99,99999.99,0.28,0.19,0.14,-1,2019-08-26 14:00:00
2019,238,15,2538,51,52,58,35,3.5,3.4,-5.9,266.2,-0.2,-3.4,-0.4,-3.3,1.1,0.3,0.9,0.3,0.3,0.8,14049.0,8.2,314.0,-0.1,-2.0,0.003,2394.0,0.6,1.0,0.5,0.7,0.001,1.37,-0.35,3.97,12.8,6.1,0.0072,10,0,-4,4,67.2,28,-25,3,1.0,0.006092,999999.99,99999.99,99999.99,0.26,0.18,0.14,-1,2019-08-26 15:00:00
2019,238,16,2538,51,52,60,37,4.3,4.2,-2.2,260.9,-0.7,-4.1,-0.2,-3.9,1.4,0.3,0.7,0.4,0.2,0.6,11921.0,8.0,312.0,-0.5,-2.9,0.003,1443.0,0.4,1.0,0.3,0.3,0.0,1.32,-0.44,2.53,10.3,5.8,0.0113,10,0,-4,4,67.2,32,-29,3,1.4,0.006092,999999.99,99999.99,99999.99,0.31,0.2,0.14,-1,2019-08-26 16:00:00
2019,238,17,2538,51,52,62,37,3.9,3.8,22.3,244.4,-1.5,-3.2,1.5,-2.5,2.5,0.2,0.7,0.4,0.4,0.4,15141.0,11.1,313.0,-0.0,-2.8,0.003,1166.0,0.8,3.0,0.2,0.2,0.0,1.84,-0.78,4.36,13.4,6.1,0.0067,10,0,-2,4,67.2,35,-27,8,1.1,0.006092,999999.99,99999.99,99999.99,0.31,0.19,0.14,-1,2019-08-26 17:00:00
2019,238,18,2538,51,52,65,37,4.4,3.3,15.5,271.0,0.1,-3.2,0.9,-2.8,1.8,0.6,2.9,2.2,0.9,1.6,31075.0,17.5,334.0,-1.9,-2.4,0.013,8120.0,2.1,8.0,1.0,1.0,0.008,3.43,-0.6,6.0,15.9,6.4,0.0047,13,0,4,5,67.2,49,-26,23,0.7,0.006092,999999.99,99999.99,99999.99,0.3,0.2,0.14,-1,2019-08-26 18:00:00
2019,238,19,2538,51,52,61,37,3.9,2.9,-21.8,304.1,1.5,-2.2,-1.1,-2.4,-0.5,1.0,2.8,1.7,1.2,1.9,47312.0,16.4,336.0,-2.1,-1.7,0.025,11041.0,1.9,2.0,0.6,0.4,0.008,3.4,0.17,7.88,17.4,6.2,0.0039,13,0,1,5,67.2,66,-36,30,0.7,0.006092,999999.99,99999.99,99999.99,0.32,0.19,0.14,-1,2019-08-26 19:00:00
2019,238,20,2538,51,52,59,36,4.5,4.0,-21.6,73.7,1.0,3.6,-1.5,3.2,-2.3,1.1,2.2,1.4,1.3,1.2,52158.0,14.1,340.0,-0.1,0.5,0.038,7872.0,0.8,2.0,0.5,0.6,0.008,3.14,0.78,5.23,14.2,6.0,0.0059,13,0,-2,5,67.2,67,-34,33,0.3,0.006092,999999.99,99999.99,99999.99,0.32,0.2,0.15,-1,2019-08-26 20:00:00
2019,238,21,2538,51,52,61,38,4.6,4.2,-9.4,89.8,0.0,4.1,-0.7,3.9,-1.5,0.7,1.9,0.4,0.7,1.7,42254.0,15.4,340.0,-0.1,0.5,0.026,6046.0,0.5,2.0,0.8,0.8,0.007,3.28,0.51,5.17,14.5,6.2,0.0057,23,0,-5,9,67.2,222,-167,55,0.9,0.006092,999999.99,99999.99,99999.99,0.29,0.19,0.14,-1,2019-08-26 21:00:00
2019,238,22,2538,51,52,59,34,5.2,4.3,-45.5,298.6,1.5,-2.7,-3.1,-3.3,-2.5,0.9,2.9,0.8,2.7,0.8,29983.0,16.5,343.0,-2.1,-0.4,0.006,4892.0,0.9,3.0,1.2,0.4,0.008,3.32,0.86,4.02,13.4,6.3,0.0066,23,0,-4,9,67.2,280,-225,55,1.5,0.006092,999999.99,99999.99,99999.99,0.3,0.19,0.13,-1,2019-08-26 22:00:00
2019,238,23,2538,51,52,60,37,5.1,4.4,-31.6,269.9,0.0,-3.7,-2.3,-4.1,-1.5,1.4,2.9,1.5,1.5,1.9,27584.0,19.0,341.0,-2.4,-0.1,0.005,2525.0,3.9,2.0,0.9,0.4,0.002,3.76,0.51,4.74,14.6,6.5,0.0056,23,0,-3,9,67.2,204,-136,68,1.3,0.006092,999999.99,99999.99,99999.99,0.32,0.2,0.14,-1,2019-08-26 23:00:00
2019,239,0,2538,51,52,62,37,6.0,5.5,-38.9,255.6,-1.1,-4.1,-3.4,-4.7,-2.4,1.7,2.9,1.3,2.0,1.6,22114.0,25.0,345.0,-2.2,0.6,0.005,2844.0,1.6,4.0,0.3,0.5,0.004,5.07,0.83,4.35,14.4,6.6,0.0058,27,0,1,12,67.5,129,-54,75,1.5,0.006096,999999.99,99999.99,99999.99,0.27,0.18,0.12,-1,2019-08-27 00:00:00
2019,239,1,2538,51,52,60,36,7.2,5.9,-15.5,250.8,-1.9,-5.4,-1.6,-5.6,-0.3,0.9,4.1,1.1,1.8,3.5,28814.0,27.7,345.0,-1.7,-0.6,0.006,5597.0,2.9,3.0,1.4,1.0,0.005,5.64,0.1,3.49,12.6,6.3,0.0075,27,0,0,12,67.5,152,-50,102,0.8,0.006096,999999.99,99999.99,99999.99,0.29,0.19,0.14,-1,2019-08-27 01:00:00
2019,239,2,2538,51,52,63,37,9.6,6.8,58.4,219.4,-2.8,-2.3,5.8,-0.6,6.2,1.4,6.8,1.6,2.5,6.1,36599.0,38.1,358.0,-3.5,0.0,0.007,3433.0,8.6,7.0,1.3,0.8,0.002,8.38,-2.22,2.84,11.5,6.2,0.009,27,0,7,12,67.5,192,-56,136,1.2,0.006096,999999.99,99999.99,99999.99,0.32,0.2,0.14,-1,2019-08-27 02:00:00
2019,239,3,2538,51,52,60,36,6.9,6.8,69.3,268.9,0.0,-2.4,6.3,-0.3,6.7,0.6,1.5,1.1,0.7,0.7,35664.0,48.5,358.0,-3.8,-0.2,0.006,4947.0,1.9,2.0,0.3,0.7,0.001,10.63,-2.4,6.95,18.1,6.8,0.0036,30,0,13,15,67.5,111,-7,104,0.5,0.006096,999999.99,99999.99,99999.99,0.29,0.2,0.14,-1,2019-08-27 03:00:00
2019,239,4,2538,51,52,58,34,8.3,6.2,-49.5,320.3,3.1,-2.6,-4.7,-4.1,-3.5,2.8,6.2,2.5,2.2,5.3,37248.0,31.7,353.0,-6.0,0.2,0.004,7149.0,12.3,4.0,1.3,0.9,0.002,6.7,1.24,3.17,12.0,6.2,0.0083,30,0,7,15,67.5,216,-95,120,0.8,0.006096,999999.99,99999.99,99999.99,0.28,0.18,0.13,-1,2019-08-27 04:00:00
2019,239,5,2538,51,52,71,43,9.6,7.5,18.4,305.0,4.1,-5.8,2.4,-4.4,4.5,1.0,6.0,1.7,1.6,5.5,87735.0,18.0,374.0,-3.7,-2.7,0.021,55007.0,13.9,20.0,3.9,1.7,0.013,4.56,-1.68,1.76,8.3,5.2,0.0174,30,0,-7,15,67.5,197,-123,74,0.7,0.006096,999999.99,99999.99,99999.99,0.29,0.19,0.14,-1,2019-08-27 05:00:00
2019,239,6,2538,51,52,68,39,6.5,3.1,70.9,312.1,0.7,-0.7,2.9,0.6,2.9,1.5,5.6,3.6,3.2,2.9,197004.0,8.6,455.0,4.7,5.3,0.029,46546.0,0.9,16.0,1.4,1.4,0.005,3.32,-1.32,2.76,10.3,5.6,0.0113,20,0,-6,7,67.5,272,-203,69,1.1,0.006096,999999.99,99999.99,99999.99,0.27,0.18,0.13,-1,2019-08-27 06:00:00
2019,239,7,2538,51,52,64,38,6.3,5.2,69.0,46.8,1.3,1.4,4.8,3.4,3.6,1.1,3.6,2.2,2.0,2.0,213860.0,6.7,473.0,6.2,5.2,0.04,31466.0,1.0,14.0,0.8,0.7,0.008,2.9,-1.7,2.4,9.7,5.5,0.0126,20,0,-5,7,67.5,84,-45,39,0.8,0.006096,999999.99,99999.99,99999.99,0.29,0.2,0.14,-1,2019-08-27 07:00:00
2019,239,8,2538,51,52,61,37,5.9,3.4,58.0,334.1,1.6,-0.8,2.9,0.7,2.9,1.0,4.7,2.4,2.8,2.9,254378.0,5.5,493.0,7.3,5.0,0.05,37925.0,0.6,17.0,1.0,0.9,0.017,2.68,-1.43,2.52,9.8,5.5,0.0124,20,0,-6,7,67.5,51,-22,30,0.6,0.006096,999999.99,99999.99,99999.99,0.29,0.17,0.13,-1,2019-08-27 08:00:00
2019,239,9,2538,51,52,59,36,8.0,7.0,-26.3,322.4,5.0,-3.8,-3.1,-4.8,-0.8,0.7,3.5,1.7,2.1,2.2,195608.0,3.0,502.0,7.7,4.0,0.057,66557.0,0.6,15.0,2.8,2.9,0.028,1.55,0.4,0.63,5.4,4.4,0.0403,30,0,-8,15,67.5,258,-171,87,0.5,0.006096,999999.99,99999.99,99999.99,0.3,0.2,0.14,-1,2019-08-27 09:00:00
2019,239,10,2538,51,52,64,36,7.3,5.9,-52.6,303.8,2.0,-3.0,-4.7,-5.0,-2.5,0.1,3.7,2.6,1.8,1.9,237772.0,3.8,514.0,8.0,2.8,0.058,58469.0,0.7,24.0,2.4,1.9,0.014,2.07,1.28,1.09,6.9,4.9,0.0253,30,0,-12,15,67.5,439,-276,163,1.1,0.006096,999999.99,99999.99,99999.99,0.28,0.19,0.13,-1,2019-08-27 10:00:00
2019,239,11,2538,51,52,57,34,7.1,6.3,-38.2,300.8,2.5,-4.2,-3.9,-5.6,-1.2,0.9,3.2,2.2,1.8,1.6,220843.0,4.4,496.0,9.3,3.0,0.076,32748.0,0.6,14.0,1.7,1.5,0.02,2.36,0.6,1.27,7.3,5.1,0.0222,30,0,-13,15,67.5,726,-534,192,2.6,0.006096,999999.99,99999.99,99999.99,0.28,0.18,0.14,-1,2019-08-27 11:00:00
2019,239,12,2538,51,52,31,15,6.6,6.2,-35.1,292.9,2.0,-4.7,-3.6,-5.9,-0.8,0.3,1.9,0.9,0.9,1.5,168563.0,5.7,480.0,6.1,1.0,0.052,19507.0,0.8,8.0,2.0,1.3,0.012,2.65,0.38,1.62,8.7,5.6,0.0158,20,0,-15,7,67.5,396,-242,153,2.6,0.006096,999999.99,99999.99,99999.99,0.29,0.19,0.14,-1,2019-08-27 12:00:00
2019,239,13,2538,51,52,25,11,6.6,5.7,2.6,289.9,1.9,-5.3,0.3,-4.5,2.8,0.3,3.3,0.9,0.8,3.1,154572.0,6.3,473.0,4.5,1.8,0.053,10290.0,0.3,5.0,0.8,1.7,0.009,2.85,-1.32,1.7,9.0,5.7,0.0147,20,0,-13,7,67.5,195,-63,132,0.8,0.006096,999999.99,99999.99,99999.99,0.26,0.18,0.13,-1,2019-08-27 13:00:00
2019,239,14,2538,71,71,14,14,6.0,5.3,25.9,300.8,2.5,-4.1,2.3,-2.6,3.9,0.7,2.1,0.7,1.0,1.7,98430.0,9.1,450.0,6.4,2.6,9.999,6980.0,1.1,2.0,0.4,1.2,9.999,4.54,-1.75,3.08,12.5,6.5,0.0093,20,0,-7,7,67.5,79,-15,63,-0.3,0.006096,999999.99,99999.99,99999.99,0.27,0.17,0.13,-1,2019-08-27 14:00:00
2019,239,15,2538,71,71,8,8,5.3,4.4,4.9,304.8,2.5,-3.6,0.4,-3.1,1.9,0.6,2.8,0.6,0.5,2.7,103378.0,10.8,444.0,5.8,0.1,9.999,14745.0,1.5,4.0,0.9,0.9,9.999,5.24,-0.84,4.8,15.3,6.7,0.0063,17,0,-5,6,67.5,71,-42,29,0.8,0.006096,999999.99,99999.99,99999.99,0.27,0.18,0.13,-1,2019-08-27 15:00:00
2019,239,16,2538,71,71,15,15,5.2,2.0,21.0,243.6,-0.8,-1.7,0.7,-1.3,1.3,0.7,4.5,2.9,1.6,3.0,96668.0,11.9,445.0,4.8,-0.4,9.999,8645.0,1.1,6.0,0.8,1.1,9.999,5.78,-0.58,5.29,16.3,6.9,0.0055,17,0,-7,6,67.5,96,-73,23,0.7,0.006096,999999.99,99999.99,99999.99,0.27,0.18,0.13,-1,2019-08-27 16:00:00
2019,239,17,2538,71,71,15,15,5.3,2.2,17.5,256.7,-0.5,-2.0,0.6,-1.7,1.2,0.6,4.6,2.8,1.9,3.2,80236.0,9.2,442.0,3.5,-0.9,9.999,9929.0,0.9,6.0,0.2,1.3,9.999,4.42,-0.53,3.61,14.0,6.8,0.0074,17,0,-11,6,67.5,113,-84,29,0.3,0.006096,999999.99,99999.99,99999.99,0.28,0.17,0.13,-1,2019-08-27 17:00:00
2019,239,18,2538,71,71,15,15,5.1,2.7,-28.8,202.7,-2.2,-0.9,-1.3,-1.2,-1.0,0.5,4.2,2.0,2.0,3.1,78549.0,8.3,442.0,2.7,-1.6,9.999,10416.0,0.4,5.0,0.8,1.0,9.999,3.99,0.44,3.49,13.8,6.8,0.0076,23,0,-18,9,67.5,231,-171,59,1.2,0.006096,999999.99,99999.99,99999.99,0.27,0.18,0.13,-1,2019-08-27 18:00:00
2019,239,19,2538,71,71,15,15,3.1,2.7,44.2,326.4,1.6,-1.1,1.8,-0.6,2.0,0.5,1.5,0.6,1.4,0.4,78431.0,8.0,432.0,2.2,-1.2,9.999,4668.0,0.5,1.0,0.7,0.2,9.999,3.66,-0.86,9.07,21.8,7.4,0.0031,23,0,-19,9,67.5,174,-144,30,0.2,0.006096,999999.99,99999.99,99999.99,0.28,0.18,0.13,-1,2019-08-27 19:00:00
2019,239,20,2538,51,52,38,14,2.9,2.1,36.3,334.8,1.5,-0.7,1.2,-0.4,1.3,0.5,2.0,1.5,0.9,1.0,90495.0,6.5,440.0,0.4,-0.5,0.048,6089.0,0.1,4.0,0.6,0.2,0.001,2.51,-0.57,7.04,19.3,7.3,0.0032,23,0,-19,9,67.5,60,-37,24,0.1,0.006096,999999.99,99999.99,99999.99,0.3,0.18,0.13,-1,2019-08-27 20:00:00
2019,239,21,2538,51,52,60,34,3.2,2.9,-7.2,223.0,-2.1,-1.9,-0.4,-1.9,0.0,0.5,1.4,0.9,0.9,0.7,86323.0,6.0,449.0,-0.3,-1.4,0.048,5687.0,0.3,4.0,1.1,0.4,0.003,2.41,-0.0,5.23,17.2,7.3,0.004,20,0,-18,7,67.5,62,-31,31,0.4,0.006096,999999.99,99999.99,99999.99,0.28,0.18,0.13,-1,2019-08-27 21:00:00
2019,239,22,2538,51,52,61,37,4.1,3.9,-25.4,229.6,-2.3,-2.7,-1.7,-3.0,-1.1,0.5,1.2,0.8,0.6,0.8,71922.0,5.4,451.0,-1.6,-1.5,0.044,6316.0,0.4,4.0,0.4,0.4,0.003,2.16,0.5,2.68,12.8,7.0,0.0073,20,0,-18,7,67.5,87,-48,39,0.4,0.006096,999999.99,99999.99,99999.99,0.28,0.18,0.13,-1,2019-08-27 22:00:00
2019,239,23,2538,51,52,57,35,3.5,2.4,-48.7,272.2,0.1,-1.6,-1.8,-1.9,-1.4,0.4,2.5,1.8,1.3,1.1,81002.0,4.9,443.0,-1.3,-1.6,0.05,8276.0,0.5,6.0,0.7,0.7,0.006,1.93,0.62,3.48,14.0,7.0,0.0061,20,0,-14,7,67.5,266,-193,72,1.4,0.006096,999999.99,99999.99,99999.99,0.26,0.18,0.13,-1,2019-08-27 23:00:00
2019,240,0,2538,51,52,61,37,4.2,2.7,-8.1,296.7,1.2,-2.4,-0.4,-2.4,0.1,0.5,3.2,1.3,2.3,1.8,83158.0,4.7,443.0,-0.6,-0.9,0.047,7652.0,0.5,4.0,0.5,1.0,0.005,1.83,-0.04,2.34,11.4,6.6,0.0091,20,0,-7,7,67.2,147,-94,53,1.2,0.006109,999999.99,99999.99,99999.99,0.28,0.18,0.13,-1,2019-08-28 00:00:00
2019,240,1,2538,51,52,66,37,4.3,3.4,14.5,286.0,0.9,-3.2,0.9,-2.9,1.7,0.4,2.6,1.8,1.1,1.5,92959.0,4.5,455.0,-1.2,-0.3,0.042,9343.0,0.4,8.0,0.8,1.0,0.004,1.82,-0.77,2.24,11.2,6.6,0.0094,20,0,-1,7,67.2,49,-17,32,0.2,0.006109,999999.99,99999.99,99999.99,0.28,0.19,0.14,-1,2019-08-28 01:00:00
2019,240,2,2538,51,52,58,36,5.1,3.5,-31.6,212.8,-2.5,-1.6,-1.8,-2.0,-1.3,0.4,3.8,2.7,1.6,2.1,78933.0,3.7,470.0,0.2,-2.4,0.041,13371.0,0.5,8.0,0.6,1.0,0.006,1.59,0.61,1.23,8.9,6.2,0.0151,20,0,-2,7,67.2,121,-39,82,0.8,0.006109,999999.99,99999.99,99999.99,0.29,0.17,0.13,-1,2019-08-28 02:00:00
2019,240,3,2538,51,52,61,37,4.9,4.3,17.1,314.1,2.9,-2.9,1.3,-2.4,2.1,0.4,2.2,0.8,1.3,1.6,100916.0,3.2,469.0,1.6,-1.4,0.047,22214.0,0.4,7.0,1.5,1.4,0.006,1.4,-0.98,1.27,8.6,5.9,0.0162,17,0,-3,6,67.2,109,-48,61,0.7,0.006109,999999.99,99999.99,99999.99,0.29,0.18,0.14,-1,2019-08-28 03:00:00
2019,240,4,2538,51,52,59,36,3.9,3.1,-2.3,310.2,2.0,-2.4,-0.1,-2.3,0.7,0.3,2.2,1.2,1.1,1.5,141516.0,3.4,487.0,2.4,-2.5,0.049,13101.0,0.2,10.0,0.9,1.5,0.006,1.61,-0.34,2.51,11.5,6.5,0.009,17,0,-1,6,67.2,73,-21,52,0.5,0.006109,999999.99,99999.99,99999.99,0.27,0.18,0.13,-1,2019-08-28 04:00:00
2019,240,5,2538,51,52,63,36,3.7,1.6,-27.3,316.5,1.0,-1.0,-0.7,-1.2,-0.3,0.4,3.2,1.8,1.9,2.0,142535.0,3.5,493.0,3.1,-3.2,0.041,12684.0,0.2,12.0,1.5,1.6,0.006,1.65,0.15,2.88,12.5,6.7,0.0077,17,0,-3,6,67.2,64,-12,52,0.4,0.006109,999999.99,99999.99,99999.99,0.25,0.16,0.12,-1,2019-08-28 05:00:00
2019,240,6,2538,51,52,59,35,3.7,2.3,53.2,328.4,1.2,-0.7,1.9,0.2,2.0,0.6,2.8,1.0,1.5,2.1,142846.0,3.5,496.0,3.4,-1.1,0.036,17937.0,0.2,5.0,1.0,1.3,0.004,1.65,-0.99,2.88,12.5,6.7,0.0076,13,0,-7,5,67.2,71,-25,46,0.1,0.006109,999999.99,99999.99,99999.99,0.28,0.17,0.13,-1,2019-08-28 06:00:00
2019,240,7,2538,51,52,61,37,3.7,2.6,-32.9,283.0,0.5,-2.2,-1.4,-2.6,-0.2,0.5,2.6,0.9,1.7,1.7,151229.0,3.6,500.0,2.2,-2.2,0.038,10457.0,0.3,5.0,0.8,0.8,0.004,1.73,0.1,3.06,12.8,6.7,0.0072,13,0,-8,5,67.2,62,-24,38,0.3,0.006109,999999.99,99999.99,99999.99,0.27,0.17,0.12,-1,2019-08-28 07:00:00
2019,240,8,2538,51,52,59,36,3.9,3.3,36.0,298.3,1.3,-2.4,2.0,-1.1,2.9,0.4,2.0,0.8,1.6,0.9,129265.0,3.0,493.0,1.5,-0.5,0.043,13290.0,0.3,5.0,1.0,0.7,0.006,1.43,-1.43,2.11,10.9,6.5,0.0099,13,0,-11,5,67.2,61,-41,21,-0.1,0.006109,999999.99,99999.99,99999.99,0.26,0.17,0.12,-1,2019-08-28 08:00:00
2019,240,9,2538,51,52,59,36,3.7,3.1,39.0,330.3,2.1,-1.2,1.9,-0.1,2.2,0.1,2.0,1.0,1.5,0.8,121965.0,2.8,489.0,3.1,-0.3,0.042,14060.0,0.2,4.0,0.9,0.7,0.005,1.31,-1.08,2.13,11.1,6.6,0.0097,7,0,-9,3,67.2,39,-22,17,0.1,0.006109,999999.99,99999.99,99999.99,0.29,0.19,0.14,-1,2019-08-28 09:00:00
2019,240,10,2538,51,52,23,9,3.5,3.3,37.5,8.5,2.6,0.4,2.0,1.4,1.5,0.2,1.0,0.4,0.7,0.6,104986.0,2.5,489.0,4.4,0.7,0.038,5129.0,0.2,4.0,0.9,0.7,0.003,1.15,-0.73,1.98,11.0,6.7,0.0097,7,0,-9,3,67.2,50,-31,19,0.5,0.006109,999999.99,99999.99,99999.99,0.28,0.19,0.14,-1,2019-08-28 10:00:00
2019,240,11,2538,51,52,61,36,3.1,3.0,53.3,21.8,1.6,0.7,2.4,1.8,1.7,0.1,0.9,0.7,0.4,0.4,97519.0,2.3,495.0,5.1,2.4,0.036,5306.0,0.1,7.0,0.5,0.4,0.003,1.08,-0.84,2.25,12.1,7.1,0.0081,7,0,-11,3,67.2,37,-23,14,0.6,0.006109,999999.99,99999.99,99999.99,0.3,0.18,0.13,-1,2019-08-28 11:00:00
2019,240,12,2538,51,52,59,36,3.1,2.8,33.7,352.7,2.3,-0.3,1.6,0.5,1.5,0.1,1.4,0.9,0.4,1.0,90770.0,2.0,485.0,4.4,1.6,0.035,22144.0,0.2,10.0,0.5,0.9,0.003,0.9,-0.73,1.9,11.1,6.8,0.0097,10,0,-13,4,67.2,49,-34,15,0.4,0.006109,999999.99,99999.99,99999.99,0.29,0.18,0.13,-1,2019-08-28 12:00:00
2019,240,13,2538,51,52,57,35,3.1,2.7,41.2,354.3,2.0,-0.2,1.8,0.7,1.7,0.2,1.4,0.5,0.9,0.9,82462.0,2.2,481.0,5.0,1.6,0.034,11356.0,0.1,7.0,1.2,1.4,0.005,0.97,-0.82,2.01,11.5,7.0,0.009,10,0,-13,4,67.2,42,-22,21,0.3,0.006109,999999.99,99999.99,99999.99,0.29,0.17,0.12,-1,2019-08-28 13:00:00
2019,240,14,2538,51,52,59,35,3.5,3.5,46.2,349.7,2.4,-0.4,2.5,0.8,2.4,0.1,0.7,0.4,0.5,0.3,61424.0,2.1,467.0,4.7,2.4,0.023,5265.0,0.1,6.0,0.7,0.8,0.002,0.84,-1.12,1.35,9.7,6.6,0.0127,10,0,-13,4,67.2,41,-26,15,-0.2,0.006109,999999.99,99999.99,99999.99,0.3,0.2,0.14,-1,2019-08-28 14:00:00
2019,240,15,2538,51,52,58,34,3.6,3.4,15.7,342.9,3.2,-1.0,0.9,-0.5,1.2,0.0,1.1,0.5,0.4,0.9,51095.0,1.9,449.0,4.3,0.4,0.023,12576.0,0.2,8.0,0.7,1.5,0.002,0.7,-0.54,1.09,8.6,6.2,0.0161,7,0,-13,3,67.2,31,-21,11,-0.2,0.006109,999999.99,99999.99,99999.99,0.3,0.2,0.14,-1,2019-08-28 15:00:00
2019,240,16,2538,51,52,8,4,3.6,3.6,4.0,347.0,3.5,-0.8,0.3,-0.6,0.6,0.0,0.2,0.0,0.1,0.1,48629.0,1.9,442.0,4.6,-0.6,0.023,858.0,0.1,0.0,0.2,0.1,0.001,0.68,-0.27,1.08,8.5,6.1,0.0166,7,0,-14,3,67.2,30,-25,5,0.7,0.006109,999999.99,99999.99,99999.99,0.27,0.18,0.13,-1,2019-08-28 16:00:00
2019,240,17,2538,71,71,15,15,3.6,3.6,-5.2,336.9,3.3,-1.4,-0.3,-1.4,0.2,0.1,0.2,0.1,0.1,0.1,80283.0,2.1,455.0,4.6,-1.7,9.999,6988.0,0.1,1.0,0.2,0.1,9.999,1.08,-0.09,1.8,10.2,6.2,0.0142,7,0,-14,3,67.2,33,-29,4,0.7,0.006109,999999.99,99999.99,99999.99,0.29,0.19,0.13,-1,2019-08-28 17:00:00
2019,240,18,2538,71,71,14,14,3.7,3.7,-2.6,338.7,3.4,-1.3,-0.2,-1.3,0.2,0.0,0.1,0.1,0.1,0.1,87344.0,1.9,454.0,4.6,-1.9,9.999,4227.0,0.0,0.0,0.1,0.1,9.999,0.95,-0.09,1.57,9.3,5.9,0.0166,7,0,-15,3,67.2,70,-58,12,0.8,0.006109,999999.99,99999.99,99999.99,0.28,0.18,0.13,-1,2019-08-28 18:00:00
2019,240,19,2538,71,71,15,15,3.6,3.5,-2.8,335.8,3.2,-1.5,-0.2,-1.5,0.2,0.2,0.3,0.2,0.2,0.1,77369.0,1.9,446.0,4.4,-2.2,9.999,10772.0,0.2,4.0,0.2,0.1,9.999,0.92,-0.09,1.57,9.4,5.9,0.0163,7,0,-14,3,67.2,82,-66,16,0.6,0.006109,999999.99,99999.99,99999.99,0.26,0.17,0.13,-1,2019-08-28 19:00:00
2019,240,20,2538,51,51,11,2,3.1,3.1,-2.3,327.0,2.6,-1.7,-0.1,-1.7,0.3,0.0,0.2,0.0,0.1,0.1,56190.0,2.0,446.0,6.4,-0.8,9.999,2176.0,0.1,1.0,0.6,0.7,9.999,0.8,-0.13,1.6,10.2,6.6,0.0115,7,0,-13,3,67.2,53,-31,23,0.4,0.006109,999999.99,99999.99,99999.99,0.28,0.18,0.14,-1,2019-08-28 20:00:00
2019,240,21,2538,51,52,58,31,2.9,2.9,-0.3,321.8,2.3,-1.8,0.0,-1.8,0.4,0.1,0.5,0.2,0.2,0.3,62850.0,1.9,440.0,5.2,-3.3,0.025,7819.0,0.1,3.0,0.5,0.4,0.003,0.68,-0.18,1.8,10.5,6.5,0.0109,3,0,-13,2,67.2,53,-28,25,0.4,0.006109,999999.99,99999.99,99999.99,0.28,0.19,0.14,-1,2019-08-28 21:00:00
2019,240,22,2538,51,52,59,35,2.9,2.9,-0.3,317.2,2.1,-2.0,0.0,-2.0,0.4,0.1,0.3,0.1,0.1,0.3,46588.0,1.7,429.0,4.1,-3.2,0.021,7694.0,0.1,3.0,0.9,0.3,0.002,0.57,-0.17,1.47,9.6,6.4,0.0128,3,0,-13,2,67.2,48,-24,23,0.1,0.006109,999999.99,99999.99,99999.99,0.29,0.18,0.14,-1,2019-08-28 22:00:00
2019,240,23,2538,51,52,58,33,2.8,2.7,-17.5,321.5,2.0,-1.6,-0.8,-1.7,-0.4,0.4,0.9,0.4,0.4,0.7,60234.0,1.7,421.0,3.6,-2.6,0.031,11511.0,0.2,6.0,0.8,0.7,0.004,0.57,0.17,1.7,9.8,6.2,0.0124,3,0,-12,2,67.2,50,-26,24,0.1,0.006109,999999.99,99999.99,99999.99,0.3,0.18,0.13,-1,2019-08-28 23:00:00
2019,241,0,2538,51,52,59,36,2.9,2.9,-5.5,327.2,2.4,-1.5,-0.3,-1.5,0.0,0.1,0.4,0.1,0.1,0.3,56139.0,1.5,420.0,3.2,-2.0,0.03,6203.0,0.1,4.0,0.5,0.3,0.002,0.49,-0.0,1.37,8.9,6.0,0.0151,7,0,-13,3,67.2,41,-23,18,0.1,0.006105,999999.99,99999.99,99999.99,0.27,0.18,0.13,-1,2019-08-29 00:00:00
2019,241,1,2538,51,52,59,34,2.7,2.7,-14.9,323.8,2.1,-1.5,-0.7,-1.6,-0.3,0.1,0.2,0.1,0.1,0.1,62846.0,1.6,408.0,1.9,-1.9,0.035,8152.0,0.1,3.0,0.3,0.3,0.006,0.51,0.12,1.75,9.6,6.0,0.013,7,0,-11,3,67.2,38,-19,19,0.3,0.006105,999999.99,99999.99,99999.99,0.29,0.19,0.13,-1,2019-08-29 01:00:00
2019,241,2,2538,51,52,59,36,2.5,2.5,-19.6,330.3,2.0,-1.1,-0.8,-1.3,-0.5,0.2,0.4,0.1,0.3,0.2,54319.0,1.7,401.0,1.4,-1.6,0.043,9585.0,0.2,5.0,0.3,0.5,0.006,0.54,0.2,2.07,10.5,6.3,0.0109,7,0,-9,3,67.2,35,-14,21,0.3,0.006105,999999.99,99999.99,99999.99,0.28,0.18,0.13,-1,2019-08-29 02:00:00
2019,241,3,2538,51,52,60,36,2.1,2.0,-21.3,334.9,1.7,-0.8,-0.7,-1.0,-0.4,0.3,0.5,0.3,0.3,0.2,44723.0,2.2,395.0,1.3,-1.4,0.044,4338.0,0.2,2.0,0.2,0.3,0.003,0.67,0.16,3.59,13.9,6.9,0.0061,0,0,-6,0,67.2,26,-10,16,0.0,0.006105,999999.99,99999.99,99999.99,0.3,0.19,0.14,-1,2019-08-29 03:00:00
2019,241,4,2538,51,52,59,35,2.1,2.1,-24.4,327.6,1.6,-1.0,-0.9,-1.3,-0.5,0.1,0.4,0.2,0.3,0.2,36111.0,2.6,389.0,1.0,-1.3,0.025,3766.0,0.1,3.0,0.3,0.2,0.004,0.72,0.19,4.03,14.9,7.1,0.0053,0,0,-6,0,67.2,22,-8,14,-0.0,0.006105,999999.99,99999.99,99999.99,0.27,0.17,0.13,-1,2019-08-29 04:00:00
2019,241,5,2538,51,52,57,34,2.4,2.3,-10.4,327.6,1.9,-1.2,-0.4,-1.3,0.1,0.1,0.3,0.1,0.1,0.2,28013.0,2.8,382.0,0.3,-1.4,0.017,8016.0,0.3,5.0,0.5,0.3,0.005,0.73,-0.04,3.16,13.3,6.9,0.0067,0,0,-7,0,67.2,20,-12,8,-0.2,0.006105,999999.99,99999.99,99999.99,0.27,0.18,0.13,-1,2019-08-29 05:00:00
2019,241,6,2538,51,52,60,37,2.6,2.6,-12.7,327.5,2.1,-1.4,-0.6,-1.5,0.1,0.1,0.3,0.1,0.2,0.2,14950.0,3.4,371.0,-0.5,-0.8,0.01,2163.0,0.3,1.0,0.2,0.2,0.002,0.81,-0.04,3.0,13.2,6.9,0.0069,0,0,-6,0,67.2,28,-17,11,-0.3,0.006105,999999.99,99999.99,99999.99,0.28,0.2,0.14,-1,2019-08-29 06:00:00
2019,241,7,2538,51,52,57,34,2.7,2.7,-11.5,330.5,2.3,-1.3,-0.5,-1.4,0.2,0.2,0.4,0.2,0.3,0.2,13710.0,3.8,369.0,-0.7,-0.2,0.007,1679.0,0.3,4.0,0.3,0.4,0.001,0.89,-0.07,3.08,13.3,7.0,0.0067,0,0,-5,0,67.2,34,-17,17,-0.3,0.006105,999999.99,99999.99,99999.99,0.29,0.2,0.15,-1,2019-08-29 07:00:00
2019,241,8,2538,51,52,59,34,2.3,2.3,-16.2,330.8,1.9,-1.1,-0.6,-1.3,0.0,0.2,0.4,0.2,0.3,0.3,15515.0,4.5,357.0,-1.6,-0.8,0.011,1136.0,0.3,4.0,0.4,0.7,0.002,1.0,-0.0,5.09,16.5,7.1,0.0044,0,0,-4,0,67.2,33,-16,17,-0.2,0.006105,999999.99,99999.99,99999.99,0.31,0.18,0.12,-1,2019-08-29 08:00:00
2019,241,9,2538,51,52,34,19,2.2,2.1,-23.8,345.3,1.8,-0.5,-0.8,-0.8,-0.4,0.2,0.8,0.3,0.4,0.7,15044.0,5.6,352.0,-1.5,-1.3,0.013,1374.0,0.4,2.0,0.3,0.5,0.001,1.22,0.14,6.9,18.9,7.2,0.0033,7,0,-2,3,67.2,43,-21,22,0.0,0.006105,999999.99,99999.99,99999.99,0.3,0.19,0.14,-1,2019-08-29 09:00:00
2019,241,10,2538,51,52,59,36,2.2,2.2,-3.8,346.3,2.1,-0.5,-0.1,-0.5,0.2,0.1,0.4,0.1,0.3,0.2,12795.0,6.5,349.0,-1.8,-0.6,0.011,1043.0,0.3,1.0,0.2,0.2,0.002,1.38,-0.07,7.89,20.2,7.2,0.0029,7,0,-1,3,67.2,50,-21,29,0.3,0.006105,999999.99,99999.99,99999.99,0.31,0.19,0.13,-1,2019-08-29 10:00:00
2019,241,11,2538,51,52,62,36,2.5,2.4,-9.4,11.7,2.3,0.5,-0.4,0.2,-0.6,0.2,0.9,0.2,0.3,0.8,14347.0,6.7,351.0,-1.4,-0.8,0.011,1697.0,0.3,3.0,0.4,0.5,0.001,1.44,0.21,6.36,18.2,7.1,0.0036,7,0,-1,3,67.2,46,-31,15,0.4,0.006105,999999.99,99999.99,99999.99,0.28,0.17,0.12,-1,2019-08-29 11:00:00
2019,241,12,2538,51,52,62,37,2.5,2.4,-44.0,35.8,1.4,1.0,-1.6,0.1,-1.9,0.6,1.0,0.4,0.8,0.4,14890.0,9.0,358.0,-1.3,-1.6,0.006,1677.0,1.0,4.0,0.4,0.4,0.003,1.97,0.68,8.58,21.5,7.4,0.0026,17,0,2,6,67.2,50,-25,25,1.0,0.006105,999999.99,99999.99,99999.99,0.28,0.19,0.14,-1,2019-08-29 12:00:00
2019,241,13,2538,51,52,59,36,2.3,2.2,-3.6,11.8,2.2,0.5,-0.1,0.4,-0.3,0.2,0.7,0.2,0.3,0.6,15155.0,11.8,357.0,-1.1,-0.7,0.005,510.0,0.5,2.0,0.4,0.6,0.001,2.56,0.11,13.32,26.7,7.5,0.0017,17,0,3,6,67.2,83,-26,57,0.9,0.006105,999999.99,99999.99,99999.99,0.28,0.19,0.14,-1,2019-08-29 13:00:00
2019,241,14,2538,51,52,59,35,3.0,2.6,13.9,332.8,2.3,-1.2,0.6,-0.8,1.1,0.3,1.3,0.9,0.9,0.3,14939.0,13.3,358.0,-3.0,0.2,0.005,773.0,0.6,5.0,0.6,0.3,0.001,2.9,-0.39,8.81,21.8,7.4,0.0025,17,0,4,6,67.2,74,-34,40,0.6,0.006105,999999.99,99999.99,99999.99,0.28,0.18,0.13,-1,2019-08-29 14:00:00
2019,241,15,2538,51,52,63,38,3.6,2.9,43.3,341.1,2.0,-0.7,2.0,0.2,2.1,0.5,2.1,0.4,2.0,0.5,18255.0,12.7,359.0,-2.8,0.9,0.011,5124.0,2.4,4.0,1.2,0.5,0.005,2.85,-0.75,5.98,17.8,7.2,0.0038,10,0,4,4,67.2,77,-44,33,0.3,0.006105,999999.99,99999.99,99999.99,0.28,0.17,0.13,-1,2019-08-29 15:00:00
2019,241,16,2538,51,52,61,37,4.6,3.9,6.1,276.8,0.5,-3.9,0.4,-3.4,1.9,0.4,2.4,0.9,1.2,1.9,37063.0,8.3,374.0,-2.0,-1.4,0.027,7670.0,0.6,3.0,0.9,1.0,0.004,2.15,-0.71,2.7,11.7,6.4,0.0087,10,0,1,4,67.2,38,-22,16,0.9,0.006105,999999.99,99999.99,99999.99,0.29,0.19,0.15,-1,2019-08-29 16:00:00
2019,241,17,2538,51,52,59,36,4.9,4.6,55.8,316.4,1.9,-1.8,3.8,-0.4,4.2,0.2,1.5,0.5,1.2,0.8,46369.0,7.1,374.0,-0.6,-1.1,0.036,3669.0,0.5,2.0,0.4,0.6,0.003,1.9,-1.57,2.15,10.2,6.0,0.0115,10,0,-1,4,67.2,35,-23,13,0.5,0.006105,999999.99,99999.99,99999.99,0.31,0.19,0.14,-1,2019-08-29 17:00:00
2019,241,18,2538,51,52,59,33,5.1,2.9,49.8,347.3,1.8,-0.4,2.2,0.3,2.2,0.5,4.2,1.3,3.4,2.0,50998.0,7.1,376.0,0.4,-1.4,0.039,7490.0,0.9,5.0,1.0,1.5,0.005,1.94,-0.83,2.04,9.8,5.9,0.0123,7,0,-1,3,67.2,31,-19,12,0.4,0.006105,999999.99,99999.99,99999.99,0.3,0.18,0.14,-1,2019-08-29 18:00:00
2019,241,19,2538,51,52,62,38,4.7,2.5,41.4,308.3,1.2,-1.5,1.7,-1.0,2.0,1.1,4.0,1.1,3.3,2.1,56955.0,6.9,374.0,2.1,-1.2,0.048,17037.0,0.7,5.0,1.4,1.2,0.01,1.92,-0.75,2.41,10.5,6.0,0.0109,7,0,-2,3,67.2,43,-27,16,0.1,0.006105,999999.99,99999.99,99999.99,0.28,0.19,0.14,-1,2019-08-29 19:00:00
2019,241,20,2538,51,52,61,36,4.4,3.1,40.1,29.0,2.1,1.2,2.0,1.6,1.7,0.5,3.0,0.9,2.7,1.0,62464.0,6.7,380.0,1.8,-1.6,0.052,6544.0,0.5,2.0,1.0,0.6,0.004,1.95,-0.65,2.75,11.2,6.1,0.0095,7,0,-6,3,67.2,44,-28,16,0.3,0.006105,999999.99,99999.99,99999.99,0.27,0.19,0.14,-1,2019-08-29 20:00:00
2019,241,21,2538,51,52,58,36,4.8,3.9,20.1,340.1,3.5,-1.3,1.3,-1.0,1.6,0.3,2.7,1.3,2.1,0.9,64901.0,7.2,381.0,0.4,-1.0,0.053,4757.0,0.5,4.0,0.6,0.6,0.004,2.12,-0.61,2.51,10.6,6.0,0.0105,7,0,-8,3,67.2,41,-19,22,0.1,0.006105,999999.99,99999.99,99999.99,0.32,0.19,0.14,-1,2019-08-29 21:00:00
2019,241,22,2538,51,52,59,35,3.9,3.7,23.5,302.8,1.8,-2.8,1.5,-2.4,2.1,0.1,1.1,0.6,0.6,0.6,67452.0,7.8,373.0,-0.3,-0.8,0.052,2874.0,0.2,3.0,0.4,0.4,0.003,2.19,-0.78,4.18,13.4,6.2,0.0067,7,0,-6,3,67.2,38,-18,21,0.1,0.006105,999999.99,99999.99,99999.99,0.3,0.19,0.14,-1,2019-08-29 22:00:00
2019,241,23,2538,51,52,62,37,4.1,4.0,32.8,327.6,2.8,-1.8,2.1,-1.3,2.4,0.2,1.1,0.3,0.6,0.9,57632.0,6.7,377.0,1.1,-1.0,0.051,3686.0,0.4,3.0,0.3,0.5,0.003,1.91,-0.9,3.08,11.9,6.2,0.0084,7,0,-5,3,67.2,33,-17,16,-0.1,0.006105,999999.99,99999.99,99999.99,0.27,0.18,0.13,-1,2019-08-29 23:00:00
2019,242,0,2538,51,52,63,38,4.0,3.0,24.3,304.8,1.5,-2.2,1.2,-1.9,1.7,0.4,2.7,1.3,1.1,2.1,58318.0,6.5,383.0,1.0,-1.4,0.053,3636.0,0.2,5.0,0.5,0.4,0.008,1.93,-0.65,3.15,12.2,6.3,0.008,7,0,-3,3,67.8,40,-17,23,-0.3,0.006049,999999.99,99999.99,99999.99,0.31,0.18,0.13,-1,2019-08-30 00:00:00
2019,242,1,2538,51,52,59,35,3.6,3.1,-13.0,284.3,0.8,-3.0,-0.7,-3.1,0.1,0.3,1.7,1.0,0.5,1.3,63698.0,6.3,389.0,0.9,-2.0,0.066,2811.0,0.3,2.0,0.6,0.4,0.004,2.01,-0.04,3.88,13.6,6.5,0.0065,7,0,-3,3,67.8,42,-16,26,0.1,0.006049,999999.99,99999.99,99999.99,0.31,0.2,0.14,-1,2019-08-30 01:00:00
2019,242,2,2538,51,52,60,36,3.2,2.3,-44.2,56.5,0.9,1.4,-1.6,0.9,-1.9,0.4,2.2,1.3,1.2,1.3,59811.0,6.1,388.0,-0.3,-1.1,0.064,3253.0,0.4,2.0,0.6,0.6,0.003,1.93,0.74,4.66,15.0,6.7,0.0053,7,0,-3,3,67.8,62,-16,46,0.6,0.006049,999999.99,99999.99,99999.99,0.28,0.19,0.14,-1,2019-08-30 02:00:00
2019,242,3,2538,51,52,59,35,3.3,3.0,-13.6,322.2,2.3,-1.8,-0.7,-1.9,-0.1,0.1,1.3,0.6,0.9,0.7,59671.0,6.1,388.0,-1.1,-1.1,0.064,3212.0,0.2,4.0,0.2,0.3,0.005,1.93,0.04,4.38,14.5,6.6,0.0056,10,0,-4,4,67.8,68,-15,53,0.5,0.006049,999999.99,99999.99,99999.99,0.28,0.18,0.14,-1,2019-08-30 03:00:00
2019,242,4,2538,51,52,62,38,2.6,2.1,14.7,312.4,1.4,-1.5,0.5,-1.2,1.0,0.8,1.7,1.1,1.2,0.4,55510.0,5.0,386.0,-1.2,-0.9,0.059,2741.0,0.2,3.0,0.5,0.3,0.003,1.54,-0.39,5.66,16.6,6.8,0.0043,10,0,-2,4,67.8,55,-6,49,-0.2,0.006049,999999.99,99999.99,99999.99,0.28,0.18,0.13,-1,2019-08-30 04:00:00
2019,242,5,2538,51,52,59,35,1.3,0.7,-41.1,18.1,0.5,0.2,-0.5,-0.0,-0.5,0.4,1.2,1.0,0.4,0.5,52105.0,5.4,384.0,-0.6,-1.1,0.056,3358.0,0.3,3.0,0.3,0.2,0.004,1.63,0.19,23.99,34.3,7.4,0.001,10,0,-1,4,67.8,42,-7,35,0.0,0.006049,999999.99,99999.99,99999.99,0.28,0.18,0.13,-1,2019-08-30 05:00:00
2019,242,6,2538,51,52,59,34,1.8,1.5,-39.4,188.0,-1.2,-0.2,-1.0,-0.6,-0.8,0.5,1.1,0.6,0.4,0.8,46000.0,5.6,386.0,-1.0,-0.9,0.05,3851.0,0.1,2.0,0.3,0.4,0.003,1.67,0.31,12.54,25.4,7.4,0.0018,10,0,-1,4,67.8,72,-17,55,-0.0,0.006049,999999.99,99999.99,99999.99,0.27,0.18,0.13,-1,2019-08-30 06:00:00
2019,242,7,2538,51,52,58,35,2.4,1.2,-73.5,185.4,-0.3,0.0,-1.2,-0.6,-1.1,0.8,2.1,1.3,1.5,0.9,45142.0,5.5,383.0,-0.9,-0.5,0.049,7032.0,0.5,4.0,0.6,0.4,0.004,1.61,0.42,6.89,18.7,7.1,0.0034,10,0,-2,4,67.8,102,-72,30,0.1,0.006049,999999.99,99999.99,99999.99,0.31,0.19,0.14,-1,2019-08-30 07:00:00
2019,242,8,2538,51,52,60,36,2.6,2.4,15.3,18.9,2.2,0.7,0.6,0.9,0.2,0.5,1.0,0.6,0.6,0.6,45836.0,5.9,379.0,-0.8,-0.1,0.054,3213.0,0.2,2.0,1.0,0.3,0.002,1.72,-0.08,6.32,17.7,7.0,0.0038,10,0,-2,4,67.8,71,-46,25,0.3,0.006049,999999.99,99999.99,99999.99,0.27,0.18,0.13,-1,2019-08-30 08:00:00
2019,242,9,2538,51,52,60,37,3.0,2.6,-3.0,356.5,2.6,-0.2,-0.1,-0.2,0.0,0.2,1.4,0.5,0.9,0.9,47642.0,6.3,379.0,-1.1,-1.0,0.06,3473.0,0.3,2.0,0.6,0.4,0.004,1.87,-0.0,5.13,15.9,6.8,0.0047,13,0,0,5,67.8,51,-29,22,0.4,0.006049,999999.99,99999.99,99999.99,0.31,0.19,0.14,-1,2019-08-30 09:00:00
2019,242,10,2538,51,52,62,37,2.6,2.3,6.5,311.8,1.5,-1.7,0.3,-1.3,1.1,0.8,1.4,1.1,0.5,0.6,52971.0,7.8,386.0,-3.0,-1.3,0.059,3578.0,1.0,5.0,0.6,0.5,0.005,2.4,-0.42,8.7,20.7,7.1,0.0028,13,0,2,5,67.8,54,-22,32,-0.0,0.006049,999999.99,99999.99,99999.99,0.31,0.21,0.15,-1,2019-08-30 10:00:00
2019,242,11,2538,51,52,61,36,3.3,3.0,-25.0,203.4,-2.5,-1.1,-1.3,-1.6,-0.5,0.6,1.4,0.7,0.6,1.1,46986.0,10.5,390.0,-4.1,-0.4,0.052,3871.0,0.6,5.0,0.3,0.2,0.004,3.22,0.2,7.03,19.1,7.2,0.0032,13,0,2,5,67.8,156,-67,89,0.7,0.006049,999999.99,99999.99,99999.99,0.3,0.19,0.14,-1,2019-08-30 11:00:00
2019,242,12,2538,51,52,60,37,6.3,4.4,-20.5,320.0,3.2,-2.7,-1.6,-3.1,-0.0,1.1,4.5,2.4,1.3,3.6,51218.0,13.0,394.0,-6.1,-1.7,0.041,6633.0,0.9,3.0,0.7,0.9,0.014,3.92,0.0,2.45,11.3,6.4,0.0094,27,0,6,12,67.8,281,-156,125,1.0,0.006049,999999.99,99999.99,99999.99,0.28,0.2,0.14,-1,2019-08-30 12:00:00
2019,242,13,2538,51,52,63,37,6.6,4.4,-38.4,326.8,2.9,-1.9,-2.7,-3.0,-1.4,0.8,5.0,2.6,1.5,4.0,33425.0,19.1,394.0,-7.5,-3.5,0.015,6697.0,3.5,4.0,0.6,0.7,0.004,5.25,0.55,2.95,13.0,6.9,0.007,27,0,9,12,67.8,272,-149,124,1.7,0.006049,999999.99,99999.99,99999.99,0.28,0.18,0.12,-1,2019-08-30 13:00:00
2019,242,14,2538,51,52,60,37,8.8,8.4,9.5,148.2,-7.0,4.4,1.4,4.6,-0.8,1.2,2.7,1.3,1.0,2.1,49851.0,14.7,414.0,-6.1,-2.4,0.018,6982.0,4.7,6.0,1.0,1.4,0.005,4.51,0.33,1.41,9.0,6.1,0.0146,27,0,6,12,67.8,141,-26,115,1.1,0.006049,999999.99,99999.99,99999.99,0.26,0.17,0.13,-1,2019-08-30 14:00:00
2019,242,15,2538,51,52,62,38,10.5,10.2,14.2,153.8,-8.9,4.4,2.5,5.0,0.4,0.9,2.5,0.8,0.8,2.2,59112.0,10.2,426.0,-6.0,-0.8,0.018,9890.0,2.6,7.0,0.8,1.2,0.006,3.31,-0.17,0.72,6.5,5.1,0.0283,27,0,1,12,67.8,122,-42,80,0.3,0.006049,999999.99,99999.99,99999.99,0.28,0.19,0.13,-1,2019-08-30 15:00:00
2019,242,16,2538,51,52,63,38,10.0,8.7,-10.3,149.9,-7.4,4.3,-1.5,3.4,-3.0,0.9,4.8,2.3,0.8,4.2,103110.0,7.8,442.0,-5.0,-0.4,0.029,32483.0,1.0,11.0,0.7,2.5,0.003,2.84,1.33,0.75,6.2,4.8,0.0312,27,0,2,12,67.8,355,-245,111,1.1,0.006049,999999.99,99999.99,99999.99,0.28,0.19,0.13,-1,2019-08-30 16:00:00
2019,242,17,2538,51,52,60,23,8.8,8.0,-27.3,139.6,-5.4,4.6,-3.7,3.0,-5.1,0.3,3.6,2.1,1.0,2.7,130069.0,9.6,446.0,-5.3,0.3,0.031,15167.0,0.7,8.0,0.8,0.9,0.002,3.58,2.27,1.33,7.9,5.4,0.0193,27,0,-7,12,67.8,595,-440,155,2.9,0.006049,999999.99,99999.99,99999.99,0.3,0.19,0.14,-1,2019-08-30 17:00:00
2019,242,18,2538,51,52,65,11,8.6,7.5,8.1,147.9,-6.3,4.0,1.1,4.1,-0.2,0.7,4.1,2.6,0.7,3.1,165863.0,8.1,465.0,-2.4,-1.4,0.055,22631.0,1.0,15.0,1.1,0.9,0.012,3.57,0.09,1.34,7.7,5.2,0.0201,33,0,-13,18,67.8,558,-398,161,2.4,0.006049,999999.99,99999.99,99999.99,0.27,0.18,0.13,-1,2019-08-30 18:00:00
2019,242,19,2538,51,52,62,21,9.0,8.1,24.1,150.6,-6.5,3.6,3.3,4.4,2.2,0.4,3.7,1.0,1.9,3.1,159157.0,8.0,487.0,-0.6,1.3,0.055,15627.0,0.4,8.0,0.6,0.8,0.009,3.87,-1.07,1.18,7.7,5.4,0.0203,33,0,-9,18,67.8,149,-83,66,0.2,0.006049,999999.99,99999.99,99999.99,0.27,0.18,0.13,-1,2019-08-30 19:00:00
2019,242,20,2538,51,52,60,27,8.5,7.5,32.6,138.2,-4.7,4.2,4.0,5.0,2.9,0.7,4.0,1.1,2.3,3.1,183191.0,9.5,486.0,-0.7,-1.1,0.041,17602.0,0.9,5.0,1.1,0.9,0.004,4.36,-1.41,1.7,8.8,5.6,0.0153,33,0,-8,18,67.8,120,-58,62,0.9,0.006049,999999.99,99999.99,99999.99,0.31,0.19,0.14,-1,2019-08-30 20:00:00
2019,242,21,2538,51,52,62,17,10.1,8.4,2.6,129.5,-5.4,6.5,0.4,6.4,-1.0,0.7,5.5,1.7,1.8,4.9,212192.0,9.0,489.0,-0.8,-0.9,0.046,15568.0,0.6,8.0,0.9,1.4,0.005,4.26,0.49,1.25,7.3,5.0,0.0226,30,0,-7,15,67.8,121,-61,60,1.1,0.006049,999999.99,99999.99,99999.99,0.27,0.18,0.13,-1,2019-08-30 21:00:00
2019,242,22,2538,51,52,65,13,9.4,8.7,1.8,129.0,-5.5,6.8,0.3,6.7,-1.2,1.2,3.4,1.6,1.9,2.3,268064.0,8.3,540.0,2.5,-3.4,0.052,39281.0,0.9,14.0,0.7,0.9,0.01,4.88,0.65,1.55,8.3,5.4,0.0174,30,0,-13,15,67.8,349,-225,124,1.8,0.006049,999999.99,99999.99,99999.99,0.27,0.18,0.13,-1,2019-08-30 22:00:00
2019,242,23,2538,51,52,59,26,9.3,9.0,7.7,114.0,-3.7,8.2,1.2,8.3,-0.6,0.5,2.0,1.3,0.8,1.3,240819.0,8.6,563.0,1.2,-5.9,0.045,26712.0,0.4,16.0,0.4,0.6,0.006,5.37,0.34,1.53,8.9,5.8,0.0151,30,0,-16,15,67.8,422,-216,206,2.0,0.006049,999999.99,99999.99,99999.99,0.26,0.17,0.13,-1,2019-08-30 23:00:00
2019,243,0,2538,51,52,61,32,9.6,8.7,2.2,121.0,-4.5,7.4,0.3,7.3,-1.4,0.4,3.9,1.2,1.0,3.5,251089.0,9.0,555.0,1.2,-5.2,0.056,17921.0,1.0,5.0,0.7,1.2,0.009,5.67,0.78,1.54,8.7,5.7,0.0158,37,0,-16,22,67.7,519,-313,206,3.2,0.006043,999999.99,99999.99,99999.99,0.26,0.17,0.13,-1,2019-08-31 00:00:00
2019,243,1,2538,51,52,60,24,8.5,6.7,-36.7,101.4,-1.1,5.3,-4.0,4.1,-5.2,1.1,5.2,3.6,2.1,3.0,279692.0,9.1,556.0,1.1,-4.3,0.074,20936.0,1.2,7.0,0.5,1.3,0.015,6.09,2.89,2.14,9.9,5.8,0.0122,37,0,-16,22,67.7,685,-440,245,5.5,0.006043,999999.99,99999.99,99999.99,0.28,0.18,0.13,-1,2019-08-31 01:00:00
2019,243,2,2538,51,52,61,9,7.5,4.5,-39.5,145.9,-2.9,2.0,-2.9,1.1,-3.3,0.7,5.7,2.8,3.7,3.2,323300.0,8.7,564.0,1.8,-2.3,0.073,40430.0,0.9,12.0,1.1,0.5,0.011,5.97,1.86,2.91,11.1,5.9,0.0097,37,0,-28,22,67.7,798,-564,234,4.5,0.006043,999999.99,99999.99,99999.99,0.29,0.17,0.13,-1,2019-08-31 02:00:00
2019,243,3,2538,51,52,60,22,8.1,6.7,29.5,130.7,-3.8,4.4,3.3,5.2,1.7,1.2,4.5,2.0,2.3,3.3,348050.0,8.1,581.0,2.1,-1.7,0.047,34781.0,0.7,10.0,0.9,1.3,0.007,5.42,-0.99,2.45,10.2,5.8,0.0114,47,0,-31,39,67.7,479,-311,168,1.9,0.006043,999999.99,99999.99,99999.99,0.31,0.19,0.14,-1,2019-08-31 03:00:00
2019,243,4,2538,51,52,65,17,8.8,7.3,13.8,142.1,-5.6,4.3,1.7,4.6,0.0,0.9,4.8,2.9,2.2,3.1,323772.0,6.3,588.0,2.1,-1.4,0.04,36569.0,1.0,18.0,1.5,1.4,0.007,4.22,-0.0,1.53,8.4,5.5,0.0169,47,0,-25,39,67.7,511,-280,231,1.6,0.006043,999999.99,99999.99,99999.99,0.28,0.16,0.13,-1,2019-08-31 04:00:00
2019,243,5,2538,51,52,60,15,7.9,7.3,-9.8,111.4,-2.6,6.7,-1.2,5.7,-3.8,1.3,3.0,1.2,1.4,2.4,254115.0,5.8,634.0,0.1,2.2,0.038,33256.0,0.9,11.0,0.8,2.0,0.006,4.49,2.41,1.48,9.7,6.4,0.0127,47,0,-24,39,67.7,686,-520,166,2.5,0.006043,999999.99,99999.99,99999.99,0.3,0.18,0.13,-1,2019-08-31 05:00:00
2019,243,6,2538,51,52,61,8,6.6,5.6,2.7,102.6,-1.2,5.5,0.3,5.1,-2.1,0.2,2.9,2.3,1.2,1.3,262914.0,4.6,657.0,-0.7,1.0,0.05,39151.0,0.6,7.0,0.6,1.0,0.006,3.98,1.38,1.72,10.7,6.8,0.0104,40,0,-33,27,67.7,833,-654,179,3.7,0.006043,999999.99,99999.99,99999.99,0.27,0.17,0.13,-1,2019-08-31 06:00:00
2019,243,7,2538,51,52,58,16,7.1,5.3,42.8,118.0,-1.8,3.4,3.6,4.7,1.6,0.3,4.2,2.3,2.7,2.4,297782.0,5.6,651.0,0.5,-0.1,0.046,40573.0,0.7,16.0,1.8,1.9,0.008,4.69,-1.04,1.97,10.8,6.6,0.0101,40,0,-36,27,67.7,505,-357,148,3.1,0.006043,999999.99,99999.99,99999.99,0.3,0.18,0.13,-1,2019-08-31 07:00:00
2019,243,8,2538,51,52,62,19,7.2,5.5,27.2,141.3,-3.8,3.1,2.5,3.9,0.6,0.4,4.4,1.9,2.7,2.9,314126.0,5.5,629.0,1.6,-0.8,0.049,41733.0,0.6,14.0,1.8,1.4,0.007,4.35,-0.38,1.95,10.2,6.2,0.0113,40,0,-29,27,67.7,250,-131,119,2.4,0.006043,999999.99,99999.99,99999.99,0.27,0.17,0.13,-1,2019-08-31 08:00:00
2019,243,9,2538,51,52,57,20,7.7,4.7,-15.1,125.5,-2.6,3.7,-1.2,2.6,-2.9,0.6,5.9,2.6,2.8,4.5,331685.0,6.6,640.0,1.0,1.4,0.045,41382.0,0.6,19.0,1.5,2.5,0.007,5.33,1.86,2.13,10.7,6.3,0.0104,53,0,-25,56,67.7,939,-702,237,3.2,0.006043,999999.99,99999.99,99999.99,0.26,0.16,0.12,-1,2019-08-31 09:00:00
2019,243,10,2538,51,52,59,7,8.2,6.5,9.3,153.0,-5.7,2.9,1.1,3.0,-0.6,0.4,4.6,1.6,2.8,3.3,358674.0,7.3,620.0,1.4,2.3,0.044,36251.0,1.0,16.0,1.3,2.5,0.006,5.51,0.37,2.2,10.2,6.0,0.0114,53,0,-19,56,67.7,1030,-799,231,3.1,0.006043,999999.99,99999.99,99999.99,0.28,0.17,0.13,-1,2019-08-31 10:00:00
2019,243,11,2538,51,52,60,31,9.6,7.7,-35.1,135.8,-4.5,4.4,-4.4,1.5,-6.0,0.6,5.4,2.8,3.2,3.3,333401.0,7.4,632.0,2.3,4.5,0.041,47510.0,1.0,14.0,1.6,1.1,0.014,5.75,3.79,1.54,9.0,5.9,0.0148,53,0,-27,56,67.7,658,-412,246,3.3,0.006043,999999.99,99999.99,99999.99,0.27,0.18,0.13,-1,2019-08-31 11:00:00
2019,243,12,2538,51,52,64,38,8.0,6.2,-0.2,131.7,-4.1,4.7,0.0,4.0,-2.4,1.2,4.7,1.9,2.9,3.2,343853.0,4.9,661.0,2.0,1.7,0.055,50513.0,0.7,18.0,1.7,2.0,0.013,4.36,1.59,1.5,9.1,6.0,0.0142,57,0,-32,67,67.7,1095,-749,346,6.0,0.006043,999999.99,99999.99,99999.99,0.29,0.17,0.12,-1,2019-08-31 12:00:00
2019,243,13,2538,51,52,61,38,5.8,4.2,-14.2,235.5,-2.3,-3.3,-1.0,-3.4,0.7,0.8,3.7,1.7,2.1,2.5,357394.0,5.1,704.0,5.2,0.8,0.038,49346.0,0.8,15.0,1.0,1.1,0.006,4.86,-0.49,3.06,13.7,7.2,0.0063,57,0,-26,67,67.7,369,-255,114,2.2,0.006043,999999.99,99999.99,99999.99,0.28,0.17,0.12,-1,2019-08-31 13:00:00
2019,243,14,2538,51,52,60,37,5.6,4.0,-46.4,189.0,-2.7,-0.4,-2.9,-1.7,-2.4,0.5,3.8,1.8,2.4,2.3,317181.0,3.9,721.0,2.9,0.7,0.042,19719.0,0.2,6.0,1.2,1.3,0.004,3.95,1.73,2.31,12.7,7.3,0.0074,57,0,-32,67,67.7,519,-337,182,2.5,0.006043,999999.99,99999.99,99999.99,0.28,0.16,0.11,-1,2019-08-31 14:00:00
2019,243,15,2538,51,52,59,37,5.0,3.1,22.8,186.1,-2.8,-0.3,1.2,0.2,1.2,0.7,3.7,1.3,2.0,2.9,319213.0,3.6,715.0,2.7,-1.6,0.049,26455.0,0.2,12.0,1.1,1.6,0.005,3.68,-0.86,2.68,13.6,7.4,0.0065,40,0,-34,27,67.7,482,-308,174,2.1,0.006043,999999.99,99999.99,99999.99,0.27,0.17,0.12,-1,2019-08-31 15:00:00
2019,243,16,2538,51,52,61,37,5.2,3.7,1.9,183.0,-3.7,-0.2,0.1,-0.1,0.2,0.3,3.5,1.0,2.4,2.3,315043.0,3.4,707.0,3.1,-0.8,0.053,22607.0,0.2,11.0,1.6,1.5,0.005,3.44,-0.14,2.32,12.5,7.2,0.0076,40,0,-30,27,67.7,390,-295,96,1.1,0.006043,999999.99,99999.99,99999.99,0.26,0.16,0.12,-1,2019-08-31 16:00:00
2019,243,17,2538,51,52,60,37,5.3,4.0,0.5,133.7,-2.7,2.9,0.0,2.7,-1.0,0.2,3.4,1.3,1.8,2.6,274379.0,2.9,720.0,0.4,-1.5,0.049,27264.0,0.3,14.0,1.8,2.1,0.004,3.0,0.72,1.73,11.6,7.3,0.0089,40,0,-36,27,67.7,487,-357,130,2.3,0.006043,999999.99,99999.99,99999.99,0.28,0.18,0.13,-1,2019-08-31 17:00:00
2019,243,18,2538,51,52,61,37,5.4,4.1,-17.9,163.4,-3.7,1.1,-1.3,0.7,-1.6,0.1,3.3,1.0,1.6,2.7,259113.0,2.8,710.0,1.1,-0.8,0.048,24225.0,0.2,12.0,1.4,2.2,0.005,2.81,1.14,1.55,11.0,7.2,0.0098,43,0,-37,32,67.7,750,-601,149,3.3,0.006043,999999.99,99999.99,99999.99,0.27,0.17,0.12,-1,2019-08-31 18:00:00
2019,243,19,2538,51,52,58,36,5.5,4.4,7.2,166.0,-4.2,1.0,0.5,1.1,0.2,0.1,3.0,1.1,2.2,1.8,271855.0,2.8,700.0,1.1,-2.5,0.046,26490.0,0.3,14.0,2.0,1.7,0.004,2.71,-0.14,1.54,10.6,7.0,0.0105,43,0,-38,32,67.7,458,-339,119,2.5,0.006043,999999.99,99999.99,99999.99,0.26,0.18,0.13,-1,2019-08-31 19:00:00
2019,243,20,2538,51,52,59,36,5.5,5.2,-2.2,206.2,-4.6,-2.3,-0.2,-2.3,0.4,0.1,1.6,0.7,1.0,1.0,233682.0,2.6,692.0,4.1,-1.4,0.044,24732.0,0.2,10.0,0.8,1.3,0.004,2.45,-0.28,1.29,10.1,7.0,0.0116,43,0,-40,32,67.7,280,-194,85,1.3,0.006043,999999.99,99999.99,99999.99,0.28,0.18,0.13,-1,2019-08-31 20:00:00
2019,243,21,2538,51,52,60,35,5.8,4.7,-15.8,155.3,-4.1,1.9,-1.3,1.6,-1.7,0.4,3.3,1.7,1.7,2.3,203358.0,2.4,692.0,-0.1,-0.1,0.035,19587.0,0.2,23.0,1.4,2.1,0.003,2.19,1.18,0.98,9.2,6.8,0.0139,43,0,-41,32,67.7,497,-355,142,2.3,0.006043,999999.99,99999.99,99999.99,0.28,0.17,0.14,-1,2019-08-31 21:00:00
2019,243,22,2538,51,52,60,36,6.4,6.0,-32.5,139.5,-3.8,3.3,-3.2,2.5,-3.8,0.1,2.0,0.9,1.4,1.1,172013.0,2.5,694.0,-1.0,1.9,0.035,21730.0,0.2,11.0,1.4,1.0,0.002,2.29,2.64,0.76,8.6,6.7,0.0162,43,0,-43,32,67.7,1024,-764,260,5.4,0.006043,999999.99,99999.99,99999.99,0.27,0.18,0.13,-1,2019-08-31 22:00:00
2019,243,23,2538,51,52,61,36,6.6,5.9,-16.6,147.2,-4.8,3.1,-1.7,2.7,-2.3,0.1,2.6,1.1,1.3,1.9,195091.0,2.5,679.0,-0.6,0.3,0.036,22322.0,0.2,16.0,1.3,1.9,0.003,2.2,1.56,0.77,8.1,6.3,0.018,43,0,-45,32,67.7,735,-537,198,4.3,0.006043,999999.99,99999.99,99999.99,0.29,0.2,0.14,-1,2019-08-31 23:00:00
2019,244,0,2538,51,52,59,35,6.6,6.3,-13.6,144.5,-5.0,3.5,-1.5,3.1,-2.3,0.1,1.8,0.6,1.4,1.0,217585.0,2.8,681.0,0.5,-0.4,0.034,26482.0,0.2,11.0,1.2,1.2,0.004,2.46,1.57,0.93,8.6,6.4,0.016,47,14,-43,39,68.3,761,-582,179,4.3,0.006054,999999.99,99999.99,99999.99,0.27,0.17,0.13,-1,2019-09-01 00:00:00
2019,244,1,2538,51,52,63,38,6.0,5.0,-17.3,140.8,-3.7,3.0,-1.5,2.5,-2.2,0.4,3.0,1.6,1.9,1.8,295864.0,3.2,722.0,1.7,-0.7,0.052,44643.0,0.3,24.0,1.3,1.4,0.009,3.37,1.59,1.57,10.8,7.0,0.0103,47,14,-40,39,68.3,629,-464,165,3.8,0.006054,999999.99,99999.99,99999.99,0.26,0.17,0.12,-1,2019-09-01 01:00:00
2019,244,2,2538,51,52,62,39,5.4,3.5,39.1,137.1,-2.0,1.9,2.2,2.4,1.6,0.4,3.9,1.4,2.9,2.3,316471.0,3.3,752.0,2.4,-2.9,0.052,22300.0,0.3,15.0,1.9,1.5,0.007,3.76,-1.2,2.09,12.6,7.5,0.0074,47,14,-36,39,68.3,415,-270,144,1.4,0.006054,999999.99,99999.99,99999.99,0.28,0.18,0.13,-1,2019-09-01 02:00:00
2019,244,3,2538,51,52,59,34,5.9,5.4,-24.3,126.6,-2.9,3.9,-2.2,3.0,-3.3,0.2,2.1,1.0,0.9,1.6,290587.0,3.1,739.0,0.8,0.1,0.05,28160.0,0.2,14.0,0.6,1.3,0.006,3.39,2.44,1.55,11.0,7.2,0.0098,47,14,-33,39,68.3,822,-624,198,3.1,0.006054,999999.99,99999.99,99999.99,0.27,0.17,0.13,-1,2019-09-01 03:00:00
2019,244,4,2538,51,52,60,37,5.8,5.3,-35.5,130.6,-2.8,3.2,-3.1,1.9,-4.0,0.1,2.2,1.3,1.3,1.3,259526.0,3.0,746.0,0.8,2.1,0.042,26980.0,0.2,15.0,1.2,1.4,0.005,3.26,2.98,1.44,11.1,7.4,0.0096,47,14,-38,39,68.3,1075,-870,205,5.3,0.006054,999999.99,99999.99,99999.99,0.27,0.17,0.12,-1,2019-09-01 04:00:00
2019,244,5,2538,51,52,61,38,5.7,5.1,-29.0,132.2,-3.0,3.3,-2.5,2.0,-3.6,0.1,2.2,1.5,1.0,1.2,220387.0,2.7,743.0,0.5,2.9,0.042,24384.0,0.2,19.0,1.0,1.2,0.004,2.91,2.67,1.21,10.7,7.5,0.0104,47,14,-50,39,68.3,981,-815,165,5.0,0.006054,999999.99,99999.99,99999.99,0.25,0.16,0.12,-1,2019-09-01 05:00:00
2019,244,6,2538,51,52,58,36,5.8,4.5,-9.3,117.5,-2.0,3.9,-0.7,3.2,-2.3,0.1,3.5,2.4,1.4,2.1,226808.0,2.7,743.0,-0.2,2.0,0.038,50225.0,0.3,31.0,1.1,2.2,0.005,2.87,1.71,1.19,10.5,7.4,0.0107,53,14,-57,56,68.3,805,-559,246,4.3,0.006054,999999.99,99999.99,99999.99,0.27,0.17,0.12,-1,2019-09-01 06:00:00
2019,244,7,2538,51,52,59,35,5.5,4.7,-10.1,137.1,-3.4,3.2,-0.8,2.4,-2.2,0.2,2.7,1.4,1.4,1.8,286252.0,2.8,727.0,0.6,3.0,0.042,42748.0,0.2,15.0,1.3,1.5,0.004,2.89,1.6,1.6,11.1,7.2,0.0097,53,14,-53,56,68.3,1001,-732,269,4.0,0.006054,999999.99,99999.99,99999.99,0.28,0.17,0.12,-1,2019-09-01 07:00:00
2019,244,8,2538,51,52,62,37,5.9,5.0,-14.2,127.5,-3.0,3.9,-1.2,2.8,-3.0,0.4,2.9,1.9,1.6,1.5,287825.0,3.2,723.0,0.5,3.4,0.039,48902.0,0.3,23.0,1.1,1.2,0.004,3.23,2.17,1.59,11.0,7.1,0.0099,53,14,-45,56,68.3,468,-294,174,2.3,0.006054,999999.99,99999.99,99999.99,0.26,0.17,0.12,-1,2019-09-01 08:00:00
2019,244,9,2538,51,52,57,34,6.3,5.7,-34.8,110.6,-1.6,4.4,-3.3,2.1,-5.1,0.3,2.4,1.9,1.0,1.1,289614.0,3.4,726.0,0.4,4.7,0.038,30461.0,0.3,17.0,0.7,0.9,0.004,3.45,3.7,1.49,10.6,7.0,0.0105,50,14,-37,48,68.3,1532,-1219,313,4.3,0.006054,999999.99,99999.99,99999.99,0.28,0.17,0.13,-1,2019-09-01 09:00:00
2019,244,10,2538,51,52,57,35,6.3,5.1,7.7,157.1,-4.7,2.0,0.7,2.1,-0.4,0.5,3.3,1.9,2.1,1.7,283672.0,3.6,673.0,2.8,1.5,0.039,48748.0,0.3,16.0,2.0,1.5,0.01,3.15,0.27,1.55,10.1,6.6,0.0116,50,14,-47,48,68.3,676,-490,186,2.5,0.006054,999999.99,99999.99,99999.99,0.33,0.18,0.12,-1,2019-09-01 10:00:00
2019,244,11,2538,51,52,62,33,7.0,6.1,-14.9,117.6,-2.7,5.2,-1.6,3.6,-4.1,0.2,3.1,2.2,1.5,1.6,222197.0,3.7,679.0,-0.2,4.2,0.04,47680.0,0.5,18.0,1.2,1.3,0.01,3.3,2.78,1.1,9.3,6.7,0.0137,50,14,-44,48,68.3,962,-694,268,3.0,0.006054,999999.99,99999.99,99999.99,0.27,0.17,0.13,-1,2019-09-01 11:00:00
2019,244,12,2538,51,52,56,33,7.1,6.3,-0.3,112.2,-2.4,5.8,0.0,5.0,-3.0,0.2,2.9,1.9,1.3,1.8,218054.0,4.1,666.0,-0.0,2.4,0.047,23212.0,0.4,20.0,0.9,1.5,0.005,3.61,2.0,1.17,9.5,6.7,0.0132,53,14,-40,56,68.3,867,-621,246,5.2,0.006054,999999.99,99999.99,99999.99,0.28,0.17,0.12,-1,2019-09-01 12:00:00
2019,244,13,2538,51,52,61,31,7.3,5.1,16.1,159.9,-4.6,1.7,1.4,2.2,0.4,0.3,4.9,1.6,2.7,3.8,240641.0,4.2,643.0,2.6,1.5,0.045,32142.0,0.3,14.0,1.8,2.3,0.007,3.42,-0.26,1.21,9.0,6.3,0.0146,53,14,-43,56,68.3,477,-332,145,2.4,0.006054,999999.99,99999.99,99999.99,0.28,0.17,0.12,-1,2019-09-01 13:00:00
2019,244,14,2538,51,52,60,35,7.4,6.5,-2.9,133.7,-4.5,4.7,-0.3,4.0,-2.4,0.2,3.2,1.4,1.9,2.2,272145.0,4.4,648.0,1.2,2.5,0.046,34481.0,0.3,13.0,2.0,2.0,0.01,3.65,1.56,1.34,9.2,6.3,0.0141,53,14,-43,56,68.3,581,-362,219,2.8,0.006054,999999.99,99999.99,99999.99,0.26,0.18,0.13,-1,2019-09-01 14:00:00
2019,244,15,2538,51,52,60,37,7.5,6.0,11.6,167.7,-5.7,1.2,1.2,1.6,0.6,0.4,4.3,1.2,3.0,2.9,286920.0,4.6,637.0,3.5,2.0,0.051,34951.0,0.4,11.0,2.1,2.5,0.01,3.75,-0.38,1.41,9.1,6.1,0.0143,43,14,-48,32,68.3,571,-344,228,1.6,0.006054,999999.99,99999.99,99999.99,0.28,0.17,0.13,-1,2019-09-01 15:00:00
2019,244,16,2538,51,52,62,37,6.0,5.3,7.1,148.9,-4.5,2.7,0.7,2.8,-0.4,0.8,2.7,1.4,1.6,1.7,231183.0,3.6,667.0,1.3,0.4,0.045,32635.0,0.5,16.0,1.7,1.6,0.005,3.16,0.27,1.5,10.5,7.0,0.0107,43,14,-44,32,68.3,383,-238,144,0.7,0.006054,999999.99,99999.99,99999.99,0.26,0.17,0.13,-1,2019-09-01 16:00:00
2019,244,17,2538,51,52,60,37,5.6,4.6,1.1,129.9,-2.9,3.5,0.1,3.3,-1.1,0.2,3.0,1.1,1.2,2.6,235307.0,3.5,682.0,0.2,-0.2,0.046,20431.0,0.3,11.0,0.9,2.1,0.003,3.22,0.75,1.69,11.4,7.3,0.0092,43,14,-45,32,68.3,582,-386,196,1.9,0.006054,999999.99,99999.99,99999.99,0.25,0.17,0.13,-1,2019-09-01 17:00:00
2019,244,18,2538,51,52,62,36,6.1,5.4,-30.2,110.8,-1.7,4.4,-2.7,3.4,-3.9,0.4,2.5,1.4,0.8,1.9,244321.0,3.4,692.0,-0.1,2.1,0.045,29841.0,0.3,14.0,0.6,1.7,0.007,3.21,2.7,1.42,10.5,7.0,0.0109,47,14,-45,39,68.3,888,-658,231,4.4,0.006054,999999.99,99999.99,99999.99,0.25,0.16,0.12,-1,2019-09-01 18:00:00
2019,244,19,2538,51,52,58,36,6.4,4.9,-29.2,113.5,-1.7,3.9,-2.4,3.1,-3.4,0.3,3.8,1.8,1.6,3.0,259528.0,3.5,697.0,0.3,1.7,0.046,44881.0,0.3,19.0,1.6,2.4,0.005,3.36,2.37,1.38,10.2,6.9,0.0115,47,14,-52,39,68.3,978,-759,219,5.3,0.006054,999999.99,99999.99,99999.99,0.26,0.17,0.13,-1,2019-09-01 19:00:00
2019,244,20,2538,51,52,60,34,6.5,5.9,30.8,166.0,-4.9,1.2,3.0,1.9,2.6,0.2,2.4,1.0,1.8,1.2,255941.0,3.6,660.0,2.0,-2.3,0.042,29290.0,0.2,9.0,1.8,1.0,0.005,3.06,-1.72,1.36,9.6,6.5,0.0128,47,14,-59,39,68.3,537,-374,162,2.6,0.006054,999999.99,99999.99,99999.99,0.29,0.18,0.13,-1,2019-09-01 20:00:00
2019,244,21,2538,51,52,61,37,6.2,4.3,36.1,174.5,-3.5,0.3,2.6,0.9,2.5,0.3,4.2,1.3,3.5,1.7,266211.0,3.6,670.0,2.3,-1.6,0.046,36620.0,0.3,16.0,3.0,1.8,0.008,3.2,-1.68,1.54,10.3,6.7,0.0113,47,14,-52,39,68.3,194,-105,88,1.2,0.006054,999999.99,99999.99,99999.99,0.25,0.17,0.13,-1,2019-09-01 21:00:00
2019,244,22,2538,51,52,63,37,5.4,2.5,11.7,152.2,-2.1,1.1,0.5,1.2,0.2,0.5,4.5,2.4,2.5,2.8,274521.0,3.5,688.0,1.3,-1.1,0.041,54790.0,0.5,30.0,2.1,2.6,0.005,3.22,-0.14,2.01,11.9,7.2,0.0084,47,14,-46,39,68.3,175,-106,69,1.2,0.006054,999999.99,99999.99,99999.99,0.29,0.18,0.13,-1,2019-09-01 22:00:00
2019,244,23,2538,51,52,59,35,5.5,4.1,-74.1,19.0,1.1,0.4,-3.9,-0.5,-3.9,0.4,3.6,1.6,2.8,1.6,193782.0,2.8,728.0,1.8,0.8,0.036,34290.0,0.4,20.0,2.0,1.5,0.006,2.84,2.84,1.24,11.1,7.7,0.0097,47,14,-46,39,68.3,727,-517,210,4.0,0.006054,999999.99,99999.99,99999.99,0.27,0.18,0.13,-1,2019-09-01 23:00:00
2019,245,0,2538,51,52,60,34,5.5,4.5,-35.2,85.7,0.3,3.6,-2.6,2.9,-3.4,0.4,3.0,1.7,1.0,2.3,199030.0,2.9,716.0,-0.0,0.2,0.04,39420.0,0.2,17.0,0.8,2.0,0.004,2.88,2.43,1.31,11.1,7.6,0.0097,50,14,-54,48,70.0,936,-718,217,6.6,0.006106,999999.99,99999.99,99999.99,0.27,0.18,0.13,-1,2019-09-02 00:00:00
2019,245,1,2538,51,52,58,35,5.0,3.5,-21.6,137.5,-2.4,2.2,-1.3,1.8,-1.8,0.3,3.3,1.9,2.4,1.3,251094.0,3.1,686.0,1.0,-0.5,0.047,24830.0,0.2,18.0,2.1,1.1,0.008,2.89,1.23,1.96,12.1,7.4,0.0082,50,14,-55,48,70.0,685,-513,172,3.2,0.006106,999999.99,99999.99,99999.99,0.25,0.17,0.12,-1,2019-09-02 01:00:00
2019,245,2,2538,51,52,59,36,5.3,3.1,13.4,119.2,-1.4,2.6,0.7,2.7,-0.1,0.3,4.2,1.6,3.2,2.2,223775.0,3.1,700.0,0.7,-2.0,0.042,25033.0,0.3,20.0,3.0,1.8,0.004,2.96,0.07,1.62,11.6,7.5,0.0088,50,14,-45,48,70.0,452,-302,150,2.1,0.006106,999999.99,99999.99,99999.99,0.26,0.16,0.12,-1,2019-09-02 02:00:00
2019,245,3,2538,51,52,61,37,5.0,3.7,23.9,156.3,-3.1,1.3,1.5,1.7,1.0,0.7,3.2,1.0,2.1,2.2,228082.0,3.2,681.0,1.3,-2.4,0.044,44676.0,0.3,13.0,2.1,2.2,0.006,2.91,-0.68,1.9,12.2,7.5,0.008,40,14,-39,27,70.0,330,-226,104,0.9,0.006106,999999.99,99999.99,99999.99,0.29,0.16,0.12,-1,2019-09-02 03:00:00
2019,245,4,2538,51,52,60,36,5.0,4.1,12.1,112.9,-1.6,3.7,0.9,3.8,-0.5,0.2,2.6,1.0,1.2,2.1,226507.0,3.1,691.0,-0.0,-1.3,0.043,25395.0,0.3,11.0,1.1,1.7,0.005,2.9,0.35,1.83,12.2,7.6,0.008,40,14,-40,27,70.0,640,-498,142,2.0,0.006106,999999.99,99999.99,99999.99,0.3,0.18,0.13,-1,2019-09-02 04:00:00
2019,245,5,2538,51,52,61,36,4.8,4.3,13.6,109.7,-1.4,3.9,1.0,4.0,-0.7,0.1,1.9,1.2,0.8,1.2,234287.0,2.7,689.0,1.1,-1.2,0.045,22868.0,0.2,12.0,0.6,1.1,0.004,2.53,0.48,1.77,11.8,7.4,0.0086,40,14,-40,27,70.0,487,-384,103,2.4,0.006106,999999.99,99999.99,99999.99,0.28,0.18,0.13,-1,2019-09-02 05:00:00
2019,245,6,2538,51,52,59,37,4.4,2.8,45.9,111.3,-0.7,1.8,2.0,2.5,1.0,0.5,3.2,1.3,2.6,1.4,232476.0,2.5,702.0,2.1,-1.6,0.042,24698.0,0.2,14.0,1.6,1.0,0.006,2.4,-0.7,1.94,12.6,7.7,0.0075,37,14,-42,22,70.0,485,-360,125,2.0,0.006106,999999.99,99999.99,99999.99,0.29,0.17,0.12,-1,2019-09-02 06:00:00
2019,245,7,2538,51,52,61,38,3.5,2.5,7.0,194.0,-2.4,-0.6,0.3,-0.4,0.5,0.4,2.4,1.6,1.2,1.2,200132.0,2.1,709.0,3.8,-1.7,0.038,32301.0,0.3,16.0,0.9,1.0,0.006,2.03,-0.35,2.34,14.7,8.4,0.0055,37,14,-35,22,70.0,385,-286,98,1.3,0.006106,999999.99,99999.99,99999.99,0.3,0.18,0.13,-1,2019-09-02 07:00:00
2019,245,8,2538,51,52,61,36,3.2,2.8,26.7,159.7,-2.4,0.9,1.3,1.4,0.7,0.1,1.4,0.5,0.4,1.2,168520.0,1.8,703.0,1.8,-1.9,0.037,13444.0,0.1,6.0,0.7,1.0,0.004,1.71,-0.49,2.17,14.7,8.7,0.0055,37,14,-34,22,70.0,110,-61,49,0.6,0.006106,999999.99,99999.99,99999.99,0.31,0.18,0.13,-1,2019-09-02 08:00:00
2019,245,9,2538,51,52,58,36,3.0,2.5,27.6,142.4,-1.7,1.3,1.1,1.7,0.3,0.4,1.6,1.4,0.6,0.6,174870.0,1.8,695.0,0.3,-1.7,0.039,25123.0,0.2,9.0,0.6,0.7,0.004,1.68,-0.21,2.52,15.5,8.7,0.0049,27,14,-32,12,70.0,212,-159,53,0.9,0.006106,999999.99,99999.99,99999.99,0.27,0.17,0.13,-1,2019-09-02 09:00:00
2019,245,10,2538,51,52,61,35,3.2,1.2,19.7,139.1,-0.8,0.7,0.4,0.8,-0.0,0.3,2.9,2.3,1.5,1.0,178237.0,2.0,677.0,0.6,-1.5,0.036,49233.0,0.1,20.0,1.2,0.8,0.005,1.75,0.0,2.49,15.0,8.4,0.0053,27,14,-28,12,70.0,262,-207,55,1.1,0.006106,999999.99,99999.99,99999.99,0.27,0.17,0.12,-1,2019-09-02 10:00:00
2019,245,11,2538,51,52,59,36,3.3,1.8,27.2,89.8,0.0,1.6,0.8,1.8,-0.2,0.3,2.7,1.8,1.4,1.5,155838.0,2.1,675.0,-0.4,-2.0,0.03,25211.0,0.2,13.0,1.0,1.0,0.005,1.79,0.14,2.28,14.8,8.6,0.0054,27,14,-31,12,70.0,228,-136,91,1.2,0.006106,999999.99,99999.99,99999.99,0.27,0.17,0.13,-1,2019-09-02 11:00:00
2019,245,12,2538,51,52,60,37,3.4,3.0,12.0,81.5,0.4,2.9,0.6,2.8,-1.0,0.1,1.5,1.2,0.6,0.8,154484.0,2.2,672.0,-1.3,-2.3,0.029,18974.0,0.1,10.0,0.6,0.7,0.003,1.85,0.67,2.24,14.7,8.6,0.0055,20,14,-30,7,70.0,489,-360,129,1.9,0.006106,999999.99,99999.99,99999.99,0.26,0.16,0.13,-1,2019-09-02 12:00:00
2019,245,13,2538,51,52,59,35,3.7,3.0,17.7,87.0,0.1,2.8,0.9,2.9,-0.6,0.6,2.0,1.2,1.0,1.2,179014.0,2.1,677.0,-0.9,-2.7,0.035,28106.0,0.3,10.0,0.9,0.8,0.006,1.83,0.41,1.96,13.3,8.1,0.0068,20,14,-30,7,70.0,385,-263,122,1.8,0.006106,999999.99,99999.99,99999.99,0.28,0.17,0.13,-1,2019-09-02 13:00:00
2019,245,14,2538,51,52,61,36,3.9,3.1,5.3,65.6,1.3,2.8,0.3,2.6,-1.0,0.4,2.3,1.2,1.0,1.8,179967.0,2.2,679.0,-0.7,-2.0,0.034,33692.0,0.2,11.0,1.0,1.3,0.005,1.92,0.68,1.86,12.9,8.0,0.0071,20,14,-30,7,70.0,357,-263,95,2.3,0.006106,999999.99,99999.99,99999.99,0.27,0.18,0.13,-1,2019-09-02 14:00:00
2019,245,15,2538,51,52,58,35,4.0,1.3,31.0,105.4,-0.3,1.1,0.7,1.3,0.2,0.2,3.7,2.6,1.9,1.7,160636.0,2.1,673.0,0.6,-2.3,0.035,13450.0,0.2,18.0,2.2,1.7,0.007,1.81,-0.13,1.58,12.2,7.9,0.008,27,14,-33,12,70.0,227,-156,71,1.2,0.006106,999999.99,99999.99,99999.99,0.28,0.18,0.13,-1,2019-09-02 15:00:00
2019,245,16,2538,51,52,60,36,3.9,2.8,18.6,154.1,-2.4,1.2,0.9,1.5,0.4,0.3,2.6,1.3,1.2,2.0,175211.0,1.9,660.0,-0.3,-3.0,0.044,21716.0,0.2,13.0,1.3,1.8,0.004,1.63,-0.26,1.58,11.7,7.6,0.0087,27,14,-34,12,70.0,121,-77,44,0.4,0.006106,999999.99,99999.99,99999.99,0.3,0.19,0.14,-1,2019-09-02 16:00:00
2019,245,17,2538,51,52,59,35,4.1,3.9,-31.3,130.3,-2.2,2.6,-2.0,1.7,-2.8,0.1,1.1,0.6,0.6,0.7,152694.0,1.9,661.0,-1.5,0.0,0.029,14652.0,0.1,9.0,0.9,0.7,0.003,1.55,1.85,1.32,11.1,7.6,0.0096,27,14,-37,12,70.0,370,-253,117,1.8,0.006106,999999.99,99999.99,99999.99,0.3,0.2,0.14,-1,2019-09-02 17:00:00
2019,245,18,2538,51,52,61,36,4.1,3.8,-25.5,115.7,-1.5,3.1,-1.6,2.5,-2.5,0.1,1.2,0.9,0.6,0.6,173066.0,2.2,667.0,-1.7,-0.8,0.027,16681.0,0.1,10.0,0.4,0.5,0.003,1.81,1.67,1.64,12.1,7.8,0.0082,40,14,-42,27,70.0,604,-481,123,2.8,0.006106,999999.99,99999.99,99999.99,0.28,0.17,0.12,-1,2019-09-02 18:00:00
2019,245,19,2538,51,52,61,36,4.3,3.9,-14.8,108.7,-1.2,3.6,-1.0,3.2,-1.9,0.1,1.5,1.0,0.5,1.0,163980.0,2.3,670.0,-1.9,-1.8,0.027,11495.0,0.2,14.0,0.5,1.1,0.002,1.91,1.27,1.51,11.8,7.8,0.0085,40,14,-44,27,70.0,524,-387,137,2.6,0.006106,999999.99,99999.99,99999.99,0.26,0.17,0.13,-1,2019-09-02 19:00:00
2019,245,20,2538,51,52,59,32,4.2,3.4,-14.4,108.0,-1.0,3.2,-0.9,2.9,-1.7,0.1,2.2,1.2,0.9,1.6,180489.0,2.5,668.0,-1.1,-1.9,0.027,16683.0,0.3,12.0,1.1,1.5,0.003,2.06,1.14,1.82,12.6,7.8,0.0075,40,14,-44,27,70.0,702,-529,173,4.2,0.006106,999999.99,99999.99,99999.99,0.25,0.18,0.13,-1,2019-09-02 20:00:00
2019,245,21,2538,51,52,61,36,4.2,3.2,46.8,113.9,-0.9,2.0,2.3,2.5,1.8,0.2,2.5,1.0,1.6,1.6,171885.0,2.8,664.0,-0.1,-4.3,0.024,29419.0,0.2,12.0,1.4,1.6,0.003,2.26,-1.2,1.98,13.2,8.0,0.0068,33,14,-39,18,70.0,330,-248,82,2.4,0.006106,999999.99,99999.99,99999.99,0.3,0.2,0.15,-1,2019-09-02 21:00:00
2019,245,22,2538,51,52,59,36,3.6,2.8,46.4,92.5,-0.1,1.9,2.0,2.3,1.5,0.4,2.1,0.9,1.6,1.1,203694.0,2.6,667.0,0.3,-3.6,0.032,22945.0,0.2,9.0,1.2,0.8,0.004,2.18,-1.0,2.77,14.9,8.1,0.0053,33,14,-34,18,70.0,59,-26,33,0.2,0.006106,999999.99,99999.99,99999.99,0.28,0.18,0.13,-1,2019-09-02 22:00:00
2019,245,23,2538,51,52,60,37,3.6,2.4,58.0,144.4,-1.0,0.7,2.0,1.1,1.8,0.5,2.6,1.1,1.4,1.8,203293.0,2.5,660.0,0.5,-3.3,0.034,31004.0,0.1,11.0,1.3,1.3,0.005,2.07,-1.19,2.66,14.5,8.0,0.0057,33,14,-30,18,70.0,69,-27,42,0.2,0.006106,999999.99,99999.99,99999.99,0.28,0.18,0.14,-1,2019-09-02 23:00:00
2019,246,0,2538,51,52,59,33,3.7,2.6,22.3,110.7,-0.9,2.3,1.0,2.5,0.4,0.2,2.5,1.4,1.4,1.6,191156.0,2.3,659.0,-0.5,-2.1,0.031,15379.0,0.1,13.0,0.8,1.4,0.002,1.87,-0.26,2.23,13.5,7.9,0.0065,30,5,-26,15,69.8,90,-58,32,0.4,0.006095,999999.99,99999.99,99999.99,0.26,0.16,0.13,-1,2019-09-03 00:00:00
2019,246,1,2538,51,52,61,36,3.2,2.3,-16.3,197.4,-2.1,-0.7,-0.6,-0.8,-0.4,0.4,2.1,0.8,1.6,1.1,219713.0,2.2,656.0,2.3,-0.7,0.034,26088.0,0.1,10.0,1.3,0.9,0.004,1.8,0.26,3.11,15.2,7.9,0.0051,30,5,-26,15,69.8,160,-105,55,0.7,0.006095,999999.99,99999.99,99999.99,0.27,0.17,0.12,-1,2019-09-03 01:00:00
2019,246,2,2538,51,52,60,37,3.4,2.7,-44.1,222.3,-1.4,-1.3,-1.9,-1.8,-1.4,0.3,2.0,0.6,1.7,0.8,200214.0,2.2,662.0,2.5,0.2,0.032,22974.0,0.1,6.0,1.4,0.7,0.003,1.82,0.93,2.6,14.4,8.0,0.0057,30,5,-24,15,69.8,508,-375,134,2.0,0.006095,999999.99,99999.99,99999.99,0.27,0.18,0.13,-1,2019-09-03 02:00:00
2019,246,3,2538,51,52,59,35,3.4,2.7,9.9,94.6,-0.2,2.7,0.5,2.7,-0.4,0.2,1.8,1.1,1.0,1.1,208012.0,2.0,664.0,-0.5,-1.1,0.034,24949.0,0.2,11.0,1.0,1.0,0.004,1.67,0.27,2.42,13.8,7.9,0.0062,27,5,-26,12,69.8,242,-151,92,1.3,0.006095,999999.99,99999.99,99999.99,0.27,0.16,0.12,-1,2019-09-03 03:00:00
2019,246,4,2538,51,52,60,36,3.5,2.8,25.8,100.1,-0.4,2.4,1.2,2.7,0.2,0.3,2.0,1.0,0.7,1.7,203137.0,1.9,654.0,-0.4,-1.7,0.035,31873.0,0.1,10.0,0.8,1.3,0.005,1.55,-0.13,2.14,12.9,7.6,0.0072,27,5,-27,12,69.8,219,-127,92,1.5,0.006095,999999.99,99999.99,99999.99,0.26,0.17,0.12,-1,2019-09-03 04:00:00
2019,246,5,2538,51,52,60,35,3.6,2.9,14.6,93.4,-0.2,2.8,0.7,2.8,-0.5,0.2,2.1,1.4,0.7,1.4,172792.0,1.8,657.0,-1.1,-1.1,0.034,13865.0,0.1,15.0,0.8,1.2,0.004,1.47,0.33,1.74,12.2,7.7,0.0079,27,5,-27,12,69.8,211,-148,64,1.4,0.006095,999999.99,99999.99,99999.99,0.28,0.17,0.12,-1,2019-09-03 05:00:00
2019,246,6,2538,51,52,57,34,3.6,2.1,-5.0,141.8,-1.6,1.3,-0.2,1.1,-0.8,0.2,2.8,1.5,1.0,2.2,149915.0,1.9,637.0,0.0,0.3,0.033,19899.0,0.1,15.0,1.0,2.2,0.004,1.46,0.51,1.7,12.2,7.8,0.008,23,5,-25,9,69.8,398,-324,74,1.6,0.006095,999999.99,99999.99,99999.99,0.26,0.17,0.12,-1,2019-09-03 06:00:00
2019,246,7,2538,51,52,60,35,3.6,3.5,-6.1,175.0,-3.4,0.3,-0.4,0.1,-0.5,0.1,1.0,0.2,0.8,0.7,178102.0,1.7,611.0,0.8,0.4,0.041,29996.0,0.1,5.0,1.3,1.2,0.005,1.23,0.31,1.67,11.1,7.1,0.0097,23,5,-29,9,69.8,418,-341,78,1.4,0.006095,999999.99,99999.99,99999.99,0.3,0.17,0.12,-1,2019-09-03 07:00:00
2019,246,8,2538,51,52,60,36,3.7,3.5,-7.9,164.5,-3.4,0.9,-0.5,0.5,-0.9,0.1,1.2,0.3,0.6,1.0,145064.0,1.7,607.0,-0.7,0.3,0.037,22867.0,0.1,6.0,0.7,1.6,0.004,1.2,0.55,1.41,10.7,7.2,0.0104,23,5,-30,9,69.8,428,-309,119,1.8,0.006095,999999.99,99999.99,99999.99,0.26,0.17,0.12,-1,2019-09-03 08:00:00
2019,246,9,2538,51,52,60,35,3.9,3.3,14.5,186.0,-3.2,-0.3,0.8,0.2,0.8,0.1,1.9,0.2,1.1,1.6,138275.0,1.9,609.0,0.9,-1.6,0.034,13588.0,0.1,5.0,1.3,1.9,0.002,1.34,-0.49,1.39,10.8,7.3,0.0103,20,5,-27,7,69.8,438,-364,74,1.0,0.006095,999999.99,99999.99,99999.99,0.27,0.17,0.12,-1,2019-09-03 09:00:00
2019,246,10,2538,51,52,60,36,3.6,3.1,8.6,177.5,-3.1,0.1,0.5,0.3,0.4,0.1,1.8,0.4,1.0,1.4,136257.0,1.9,608.0,0.0,-0.8,0.038,13623.0,0.1,4.0,1.2,1.7,0.003,1.35,-0.24,1.61,11.6,7.5,0.0088,20,5,-24,7,69.8,137,-85,52,1.2,0.006095,999999.99,99999.99,99999.99,0.29,0.18,0.13,-1,2019-09-03 10:00:00
2019,246,11,2538,51,52,59,36,3.7,2.9,26.3,144.4,-2.1,1.5,1.3,2.0,0.3,0.3,2.2,1.0,1.6,1.1,141835.0,1.9,610.0,-1.6,-1.5,0.038,10672.0,0.1,10.0,1.4,0.9,0.007,1.36,-0.18,1.56,11.4,7.4,0.0092,20,5,-25,7,69.8,112,-53,59,1.5,0.006095,999999.99,99999.99,99999.99,0.26,0.17,0.13,-1,2019-09-03 11:00:00
2019,246,12,2538,51,52,61,35,3.8,2.8,38.1,122.9,-1.2,1.9,1.8,2.6,0.6,0.2,2.4,1.0,2.1,0.8,153030.0,2.1,612.0,-2.0,-1.0,0.036,25331.0,0.2,9.0,2.0,1.0,0.006,1.5,-0.37,1.7,11.7,7.4,0.0087,17,5,-27,6,69.8,188,-109,79,1.5,0.006095,999999.99,99999.99,99999.99,0.3,0.2,0.15,-1,2019-09-03 12:00:00
2019,246,13,2538,51,52,60,37,3.7,2.9,54.9,123.5,-0.9,1.4,2.3,2.4,1.3,0.4,2.3,1.6,1.5,0.6,165129.0,2.2,621.0,-1.6,-1.6,0.038,21321.0,0.1,10.0,1.3,0.7,0.004,1.63,-0.81,1.96,12.4,7.6,0.0077,17,5,-28,6,69.8,263,-199,64,1.5,0.006095,999999.99,99999.99,99999.99,0.3,0.18,0.13,-1,2019-09-03 13:00:00
2019,246,14,2538,51,52,60,36,4.4,4.2,24.9,198.0,-3.6,-1.2,1.8,-0.2,2.2,0.3,1.5,0.4,1.0,1.1,146594.0,2.0,610.0,-0.1,-1.5,0.048,15153.0,0.2,7.0,0.7,0.7,0.008,1.48,-1.34,1.18,9.8,6.9,0.0124,17,5,-30,6,69.8,65,-26,39,0.7,0.006095,999999.99,99999.99,99999.99,0.27,0.18,0.13,-1,2019-09-03 14:00:00
2019,246,15,2538,51,52,59,35,3.6,3.2,0.3,179.2,-3.2,0.0,0.0,-0.0,0.0,0.5,1.6,0.8,1.1,1.0,166442.0,2.1,612.0,-1.1,-1.2,0.046,25016.0,0.2,9.0,0.9,0.9,0.004,1.56,-0.0,1.99,12.3,7.5,0.0078,13,5,-30,5,69.8,50,-23,27,0.4,0.006095,999999.99,99999.99,99999.99,0.29,0.2,0.14,-1,2019-09-03 15:00:00
2019,246,16,2538,51,52,59,34,4.0,3.7,-1.4,188.1,-3.7,-0.5,-0.1,-0.5,0.1,0.1,1.4,0.4,0.8,1.1,126697.0,1.7,594.0,0.2,-2.2,0.054,16690.0,0.2,6.0,0.9,1.2,0.01,1.22,-0.06,1.13,9.7,6.9,0.0127,13,5,-30,5,69.8,58,-34,24,0.5,0.006095,999999.99,99999.99,99999.99,0.28,0.2,0.15,-1,2019-09-03 16:00:00
2019,246,17,2538,51,52,60,36,4.1,3.9,4.9,197.4,-3.7,-1.2,0.3,-1.0,0.7,0.1,1.1,0.3,0.7,0.9,138944.0,2.0,593.0,0.3,-2.7,0.048,23600.0,0.2,6.0,1.1,0.9,0.007,1.4,-0.42,1.32,10.2,7.0,0.0114,13,5,-28,5,69.8,65,-45,20,1.2,0.006095,999999.99,99999.99,99999.99,0.25,0.17,0.13,-1,2019-09-03 17:00:00
2019,246,18,2538,51,52,59,36,4.3,2.7,-6.5,128.9,-1.7,2.1,-0.3,1.9,-0.9,0.5,3.3,2.4,2.1,1.1,158439.0,2.2,600.0,-1.2,-2.2,0.047,19496.0,0.2,10.0,0.7,0.7,0.006,1.57,0.54,1.42,10.3,6.9,0.0111,17,5,-26,6,69.8,131,-94,38,1.3,0.006095,999999.99,99999.99,99999.99,0.31,0.21,0.16,-1,2019-09-03 18:00:00
2019,246,19,2538,51,52,60,36,4.0,2.7,29.1,160.3,-2.3,0.8,1.3,1.1,1.0,0.5,2.9,1.2,2.1,1.6,139662.0,2.5,582.0,-0.7,-2.3,0.038,28280.0,0.3,10.0,1.3,1.3,0.006,1.63,-0.58,1.74,11.5,7.3,0.009,17,5,-29,6,69.8,185,-144,42,0.5,0.006095,999999.99,99999.99,99999.99,0.26,0.18,0.13,-1,2019-09-03 19:00:00
2019,246,20,2538,51,52,60,35,4.6,4.0,49.7,213.4,-2.2,-1.4,3.1,-0.6,3.4,0.6,2.3,0.8,1.6,1.5,135647.0,2.8,580.0,0.8,-2.2,0.034,14639.0,0.3,4.0,0.7,0.6,0.003,1.79,-1.97,1.45,10.5,7.0,0.0107,17,5,-29,6,69.8,104,-82,21,0.6,0.006095,999999.99,99999.99,99999.99,0.27,0.2,0.14,-1,2019-09-03 20:00:00
2019,246,21,2538,51,52,61,37,4.3,3.5,22.1,98.7,-0.5,3.2,1.3,3.4,0.5,0.5,2.5,1.0,0.7,2.2,149978.0,2.6,582.0,-0.9,-1.7,0.042,13173.0,0.2,6.0,0.6,1.2,0.005,1.72,-0.29,1.63,10.9,7.0,0.01,17,5,-30,6,69.8,69,-42,26,0.6,0.006095,999999.99,99999.99,99999.99,0.26,0.18,0.14,-1,2019-09-03 21:00:00
2019,246,22,2538,51,52,60,36,3.8,2.4,8.6,118.9,-1.1,2.1,0.4,2.1,-0.1,0.2,2.8,1.7,1.0,2.0,147630.0,2.5,578.0,-0.6,-1.4,0.042,18425.0,0.2,11.0,0.6,1.4,0.005,1.63,0.06,1.99,12.0,7.3,0.0082,17,5,-30,6,69.8,128,-88,40,1.0,0.006095,999999.99,99999.99,99999.99,0.28,0.18,0.14,-1,2019-09-03 22:00:00
2019,246,23,2538,51,52,61,37,3.3,2.3,64.2,124.3,-0.6,0.8,2.1,1.3,1.9,0.4,2.3,1.2,1.8,0.8,136215.0,2.4,586.0,0.1,-2.3,0.038,18459.0,0.1,10.0,1.4,0.9,0.004,1.59,-1.11,2.43,13.8,7.8,0.0063,17,5,-29,6,69.8,111,-80,30,0.4,0.006095,999999.99,99999.99,99999.99,0.27,0.18,0.14,-1,2019-09-03 23:00:00
2019,247,0,2538,51,52,59,34,3.6,3.3,5.4,95.1,-0.3,3.3,0.3,3.3,-0.5,0.2,1.3,1.0,0.4,0.7,131443.0,2.6,585.0,-1.6,-0.8,0.033,11130.0,0.2,10.0,0.3,0.7,0.003,1.68,0.29,2.17,13.1,7.7,0.0069,30,0,-26,15,69.8,132,-81,52,1.2,0.006085,999999.99,99999.99,99999.99,0.28,0.19,0.14,-1,2019-09-04 00:00:00
2019,247,1,2538,51,52,60,36,3.6,3.3,-10.0,74.3,0.9,3.1,-0.6,2.8,-1.4,0.5,1.4,1.2,0.6,0.5,130659.0,2.7,581.0,-1.4,-0.6,0.03,23712.0,0.2,7.0,0.6,0.5,0.003,1.7,0.81,2.24,13.3,7.7,0.0068,30,0,-25,15,69.8,318,-233,85,1.8,0.006085,999999.99,99999.99,99999.99,0.26,0.18,0.14,-1,2019-09-04 01:00:00
2019,247,2,2538,51,52,56,34,3.8,3.5,21.3,162.8,-3.1,1.0,1.3,1.3,1.0,0.3,1.5,0.8,1.1,0.6,142278.0,2.7,545.0,0.3,-2.4,0.037,15001.0,0.2,7.0,1.1,0.5,0.003,1.54,-0.55,2.11,11.8,7.0,0.0086,30,0,-21,15,69.8,278,-180,98,1.5,0.006085,999999.99,99999.99,99999.99,0.27,0.16,0.13,-1,2019-09-04 02:00:00
2019,247,3,2538,51,52,61,37,4.0,3.5,-12.8,178.4,-3.4,0.1,-0.8,-0.2,-0.8,0.1,1.9,0.7,1.4,1.0,131531.0,2.5,538.0,0.9,-0.3,0.036,21898.0,0.3,6.0,1.2,0.8,0.006,1.38,0.43,1.69,10.6,6.8,0.0105,27,0,-21,12,69.8,62,-17,45,0.4,0.006085,999999.99,99999.99,99999.99,0.27,0.18,0.13,-1,2019-09-04 03:00:00
2019,247,4,2538,51,52,57,32,3.7,2.5,1.2,133.6,-1.7,1.8,0.1,1.7,-0.6,0.4,2.6,1.1,2.2,0.9,139222.0,2.8,546.0,-0.8,-1.2,0.034,10072.0,0.3,8.0,1.8,0.8,0.003,1.58,0.33,2.28,12.3,7.2,0.0078,27,0,-21,12,69.8,265,-156,109,0.8,0.006085,999999.99,99999.99,99999.99,0.26,0.17,0.13,-1,2019-09-04 04:00:00
2019,247,5,2538,51,52,63,38,3.0,1.5,-1.9,131.4,-1.0,1.1,0.0,1.0,-0.4,0.4,2.6,1.5,1.9,0.9,148712.0,2.8,551.0,-0.1,-1.2,0.03,17513.0,0.1,9.0,1.2,0.8,0.002,1.59,0.22,3.59,15.4,7.6,0.005,27,0,-21,12,69.8,230,-182,48,0.6,0.006085,999999.99,99999.99,99999.99,0.27,0.17,0.13,-1,2019-09-04 05:00:00
2019,247,6,2538,51,52,57,35,3.4,2.9,-13.0,101.0,-0.5,2.8,-0.7,2.2,-1.9,0.3,1.7,1.0,0.8,1.1,137809.0,2.8,550.0,-1.2,-0.8,0.028,14275.0,0.1,9.0,0.8,0.9,0.002,1.57,1.04,2.68,13.5,7.4,0.0065,27,0,-24,12,69.8,291,-221,69,1.2,0.006085,999999.99,99999.99,99999.99,0.3,0.19,0.14,-1,2019-09-04 06:00:00
2019,247,7,2538,51,52,64,38,4.0,3.5,-12.3,102.7,-0.8,3.4,-0.8,2.6,-2.3,0.2,1.7,1.3,0.6,0.9,125028.0,2.7,547.0,-2.7,-0.7,0.024,15995.0,0.2,13.0,0.5,0.9,0.003,1.48,1.26,1.78,11.2,7.1,0.0094,27,0,-23,12,69.8,432,-375,57,2.0,0.006085,999999.99,99999.99,99999.99,0.3,0.17,0.14,-1,2019-09-04 07:00:00
2019,247,8,2538,51,52,61,34,4.2,3.7,-13.8,48.1,2.4,2.7,-0.9,1.9,-2.1,0.2,1.9,1.2,1.0,1.1,111738.0,2.5,575.0,-1.9,-0.8,0.024,14713.0,0.2,11.0,0.9,1.1,0.003,1.51,1.21,1.42,10.8,7.3,0.0102,27,0,-26,12,69.8,520,-414,106,2.3,0.006085,999999.99,99999.99,99999.99,0.32,0.2,0.15,-1,2019-09-04 08:00:00
2019,247,9,2538,51,52,48,28,4.8,3.4,1.5,163.4,-3.2,1.0,0.1,0.9,-0.4,0.3,3.4,2.7,1.6,1.3,79275.0,1.8,501.0,-0.9,-2.9,0.02,30057.0,0.4,37.0,2.0,2.1,0.003,0.81,0.2,0.67,7.0,5.6,0.0243,20,0,-33,7,69.8,377,-273,103,1.6,0.006085,999999.99,99999.99,99999.99,0.26,0.18,0.13,-1,2019-09-04 09:00:00
2019,247,10,2538,51,52,60,36,5.1,5.0,9.9,174.0,-4.9,0.5,0.9,0.9,0.5,0.1,0.6,0.2,0.4,0.4,63890.0,1.9,478.0,-1.0,-4.4,0.018,10287.0,0.1,4.0,0.8,0.9,0.001,0.78,-0.24,0.58,6.5,5.3,0.0285,20,0,-29,7,69.8,140,-84,55,0.7,0.006085,999999.99,99999.99,99999.99,0.26,0.17,0.12,-1,2019-09-04 10:00:00
2019,247,11,2538,51,52,59,36,5.5,5.4,7.9,162.4,-5.1,1.6,0.7,1.7,-0.2,0.1,1.0,0.3,0.9,0.3,56002.0,1.7,475.0,-4.5,-3.4,0.017,9646.0,0.2,4.0,1.9,0.6,0.003,0.68,0.1,0.43,5.6,4.8,0.0375,20,0,-26,7,69.8,36,-7,28,0.7,0.006085,999999.99,99999.99,99999.99,0.26,0.18,0.14,-1,2019-09-04 11:00:00
2019,247,12,2538,51,52,56,33,5.3,5.1,8.7,130.7,-3.3,3.8,0.8,3.7,-1.3,0.1,1.4,0.8,1.0,0.5,63043.0,2.2,462.0,-8.0,-5.2,0.018,11669.0,0.3,13.0,0.9,1.2,0.004,0.84,0.6,0.62,6.5,5.2,0.0285,23,0,-26,9,69.8,179,-115,64,1.3,0.006085,999999.99,99999.99,99999.99,0.29,0.2,0.15,-1,2019-09-04 12:00:00
2019,247,13,2538,51,52,60,34,5.5,5.2,27.1,180.7,-4.6,-0.1,2.3,1.1,2.0,0.2,1.7,0.4,1.3,1.0,46041.0,2.2,437.0,-2.4,-9.3,0.018,8534.0,0.5,10.0,2.3,1.9,0.003,0.75,-0.87,0.53,5.9,4.9,0.0343,23,0,-25,9,69.8,175,-131,44,0.6,0.006085,999999.99,99999.99,99999.99,0.28,0.18,0.14,-1,2019-09-04 13:00:00
2019,247,14,2538,51,52,63,37,5.9,5.6,29.9,145.3,-4.0,2.8,2.8,3.8,1.2,0.3,1.6,0.8,1.2,0.9,50784.0,2.8,449.0,-5.2,-10.3,0.018,14742.0,0.5,15.0,1.3,1.1,0.003,1.01,-0.54,0.6,6.4,5.2,0.0293,23,0,-24,9,69.8,56,-16,39,-0.2,0.006085,999999.99,99999.99,99999.99,0.27,0.18,0.14,-1,2019-09-04 14:00:00
2019,247,15,2538,51,52,63,36,6.3,5.2,14.1,126.5,-3.0,4.0,1.3,4.2,-0.6,0.1,3.6,0.9,2.4,2.6,83237.0,3.6,474.0,-5.9,-7.0,0.018,17776.0,0.4,7.0,2.7,2.2,0.002,1.45,0.28,0.8,7.1,5.5,0.0233,20,0,-23,7,69.8,97,-45,52,0.6,0.006085,999999.99,99999.99,99999.99,0.3,0.21,0.16,-1,2019-09-04 15:00:00
2019,247,16,2538,51,52,64,38,4.8,1.9,51.1,159.4,-1.1,0.4,1.5,1.0,1.2,0.9,4.4,2.8,2.0,2.8,132235.0,3.4,489.0,-1.5,-6.2,0.035,30460.0,0.6,11.0,1.4,1.6,0.02,1.55,-0.59,1.6,9.4,6.1,0.0135,20,0,-18,7,69.8,177,-153,25,0.2,0.006085,999999.99,99999.99,99999.99,0.34,0.22,0.17,-1,2019-09-04 16:00:00
2019,247,17,2538,51,52,61,37,4.2,3.3,-43.1,78.2,0.5,2.4,-2.3,1.4,-3.0,0.4,2.4,1.6,1.7,0.8,135435.0,2.9,516.0,-1.1,-3.6,0.073,15456.0,0.5,6.0,0.7,0.6,0.006,1.67,1.55,1.8,10.5,6.5,0.0109,20,0,-20,7,69.8,308,-246,62,2.0,0.006085,999999.99,99999.99,99999.99,0.29,0.2,0.15,-1,2019-09-04 17:00:00
2019,247,18,2538,51,52,58,36,3.6,2.7,-36.8,112.5,-0.8,2.0,-1.6,1.4,-2.1,0.5,2.3,1.0,1.7,1.3,135058.0,3.5,519.0,-0.5,-2.6,0.066,14212.0,0.3,5.0,0.6,0.8,0.006,1.99,1.09,2.96,13.5,7.1,0.0065,30,0,-30,15,69.8,425,-308,118,2.0,0.006085,999999.99,99999.99,99999.99,0.29,0.2,0.15,-1,2019-09-04 18:00:00
2019,247,19,2538,51,52,63,38,3.6,1.4,-1.9,196.0,-1.3,-0.4,0.0,-0.4,0.1,0.6,3.4,2.0,1.4,2.3,151657.0,3.4,521.0,-0.4,-3.6,0.063,15606.0,0.3,16.0,0.8,0.9,0.01,1.93,-0.05,3.06,13.3,7.0,0.0067,30,0,-29,15,69.8,489,-385,103,3.3,0.006085,999999.99,99999.99,99999.99,0.26,0.17,0.13,-1,2019-09-04 19:00:00
2019,247,20,2538,51,52,63,37,4.6,3.4,-16.4,98.2,-0.5,3.2,-1.0,2.8,-1.8,0.5,3.1,1.8,1.3,2.2,128772.0,4.1,554.0,1.1,-1.8,0.057,14848.0,0.7,11.0,1.3,0.8,0.007,2.58,1.0,2.07,12.2,7.3,0.008,30,0,-27,15,69.8,279,-202,77,2.4,0.006085,999999.99,99999.99,99999.99,0.27,0.19,0.14,-1,2019-09-04 20:00:00
2019,247,21,2538,51,52,58,34,4.1,2.2,2.0,133.5,-1.5,1.6,0.1,1.6,-0.3,0.8,3.5,2.2,1.2,2.4,130608.0,4.2,555.0,2.4,-1.9,0.051,12164.0,0.5,8.0,0.6,0.9,0.005,2.6,0.17,2.69,13.9,7.6,0.0062,20,0,-30,7,69.8,257,-181,76,2.0,0.006085,999999.99,99999.99,99999.99,0.31,0.19,0.15,-1,2019-09-04 21:00:00
2019,247,22,2538,51,52,60,37,4.3,3.9,23.7,159.9,-3.4,1.2,1.6,1.5,1.3,0.4,1.6,0.6,1.1,1.0,119246.0,4.0,541.0,1.8,-3.4,0.047,9065.0,0.3,6.0,0.6,0.6,0.006,2.32,-0.7,2.23,12.6,7.4,0.0075,20,0,-31,7,69.8,168,-125,42,1.2,0.006085,999999.99,99999.99,99999.99,0.31,0.22,0.16,-1,2019-09-04 22:00:00
2019,247,23,2538,51,52,59,35,4.7,4.6,39.4,153.6,-3.2,1.6,2.9,2.2,2.5,0.1,0.9,0.4,0.7,0.3,114850.0,4.3,543.0,1.5,-3.7,0.04,6168.0,0.2,3.0,0.5,0.3,0.003,2.46,-1.36,1.97,12.0,7.3,0.0083,20,0,-27,7,69.8,58,-21,37,0.4,0.006085,999999.99,99999.99,99999.99,0.28,0.19,0.14,-1,2019-09-04 23:00:00
2019,248,0,2538,51,52,61,34,4.9,4.1,23.8,104.3,-0.9,3.7,1.7,4.0,0.8,0.3,2.6,2.1,0.8,1.3,122081.0,4.3,548.0,0.7,-3.1,0.046,9319.0,0.3,11.0,0.5,0.9,0.006,2.55,-0.44,1.87,11.6,7.2,0.0088,33,0,-25,18,69.4,58,-9,49,0.6,0.006107,999999.99,99999.99,99999.99,0.26,0.18,0.13,-1,2019-09-05 00:00:00
2019,248,1,2538,51,52,59,36,5.2,4.9,-25.9,84.2,0.4,4.4,-2.1,3.7,-3.2,0.1,1.7,0.9,0.7,1.2,110340.0,3.7,545.0,-0.0,-1.0,0.043,11217.0,0.2,7.0,0.3,0.6,0.004,2.15,1.74,1.36,10.1,6.8,0.0117,33,0,-28,18,69.4,248,-177,71,1.8,0.006107,999999.99,99999.99,99999.99,0.29,0.18,0.14,-1,2019-09-05 01:00:00
2019,248,2,2538,51,52,61,37,4.7,4.5,-50.8,87.5,0.1,2.8,-3.5,1.7,-4.2,0.2,1.4,0.6,0.9,0.8,105565.0,3.6,538.0,-0.1,-0.6,0.037,11374.0,0.2,3.0,0.9,0.6,0.003,2.0,2.26,1.59,10.9,7.1,0.0101,33,0,-36,18,69.4,560,-415,145,3.7,0.006107,999999.99,99999.99,99999.99,0.26,0.17,0.13,-1,2019-09-05 02:00:00
2019,248,3,2538,51,52,59,36,5.3,4.5,-22.3,90.6,0.0,4.1,-1.7,3.3,-3.0,0.5,2.9,0.8,1.2,2.5,84833.0,3.6,539.0,-0.5,-1.6,0.034,14459.0,0.5,3.0,0.5,0.9,0.005,1.98,1.62,1.14,9.6,6.9,0.0128,40,0,-43,27,69.4,627,-441,187,3.7,0.006107,999999.99,99999.99,99999.99,0.28,0.17,0.13,-1,2019-09-05 03:00:00
2019,248,4,2538,51,52,61,35,4.5,4.2,-79.2,59.0,0.4,0.7,-4.2,-0.9,-4.2,0.5,1.4,0.8,0.9,0.6,94404.0,3.4,540.0,-0.1,-0.3,0.035,14864.0,0.3,4.0,0.7,0.5,0.004,1.89,2.27,1.56,11.1,7.2,0.0097,40,0,-45,27,69.4,666,-508,157,3.0,0.006107,999999.99,99999.99,99999.99,0.29,0.17,0.13,-1,2019-09-05 04:00:00
2019,248,5,2538,51,52,57,34,4.0,3.6,-74.3,251.7,-0.3,-0.9,-3.5,-2.3,-2.8,0.2,1.5,0.8,1.1,0.6,121326.0,2.5,537.0,0.3,-1.7,0.046,8268.0,0.2,8.0,1.1,0.7,0.005,1.43,1.5,1.62,10.6,6.8,0.0106,40,0,-51,27,69.4,652,-505,147,3.0,0.006107,999999.99,99999.99,99999.99,0.28,0.18,0.13,-1,2019-09-05 05:00:00
2019,248,6,2538,51,52,61,36,4.7,3.9,-66.3,182.9,-1.6,-0.1,-3.6,-1.7,-3.2,0.4,2.6,1.7,1.9,0.5,119651.0,2.2,526.0,0.2,-2.4,0.052,18394.0,0.4,8.0,0.6,0.9,0.01,1.23,1.68,1.03,8.3,6.0,0.0173,30,0,-46,15,69.4,595,-402,193,2.5,0.006107,999999.99,99999.99,99999.99,0.28,0.18,0.13,-1,2019-09-05 06:00:00
2019,248,7,2538,51,52,58,36,4.1,3.4,-9.5,142.4,-2.7,2.1,-0.6,1.6,-1.5,0.1,2.1,1.3,0.8,1.4,122461.0,2.0,517.0,-0.7,-4.2,0.056,21683.0,0.1,7.0,0.5,0.5,0.005,1.09,0.78,1.24,8.9,6.2,0.015,30,0,-43,15,69.4,408,-210,198,1.6,0.006107,999999.99,99999.99,99999.99,0.27,0.18,0.14,-1,2019-09-05 07:00:00
2019,248,8,2538,51,52,60,36,3.7,3.4,31.9,175.7,-2.9,0.2,1.8,1.1,1.5,0.4,1.4,0.6,1.0,0.8,110965.0,2.0,518.0,-0.7,-4.4,0.047,20088.0,0.2,6.0,0.6,0.5,0.007,1.06,-0.78,1.45,9.9,6.6,0.0121,30,0,-38,15,69.4,119,-50,69,0.6,0.006107,999999.99,99999.99,99999.99,0.27,0.18,0.14,-1,2019-09-05 08:00:00
2019,248,9,2538,51,52,61,36,3.3,3.0,-1.2,145.3,-2.4,1.7,-0.1,1.4,-1.0,0.1,1.4,0.9,0.8,0.7,84493.0,1.6,520.0,-0.7,-2.5,0.037,18200.0,0.3,8.0,0.7,0.7,0.005,0.83,0.52,1.3,10.0,6.8,0.012,27,0,-35,12,69.4,85,-50,35,0.8,0.006107,999999.99,99999.99,99999.99,0.28,0.18,0.13,-1,2019-09-05 09:00:00
2019,248,10,2538,51,52,59,36,3.2,3.1,-25.7,125.0,-1.6,2.3,-1.3,1.3,-2.3,0.2,0.9,0.4,0.3,0.7,88341.0,1.8,520.0,-1.5,-2.2,0.029,13595.0,0.2,3.0,0.7,0.6,0.003,0.91,1.2,1.58,10.9,7.1,0.01,27,0,-34,12,69.4,450,-344,106,1.8,0.006107,999999.99,99999.99,99999.99,0.28,0.19,0.14,-1,2019-09-05 10:00:00
2019,248,11,2538,51,52,61,36,2.4,2.0,-1.9,76.5,0.5,1.9,-0.1,1.6,-1.1,0.5,1.3,0.9,0.3,0.9,100304.0,2.8,520.0,-0.9,-3.1,0.034,5824.0,0.4,3.0,0.4,0.7,0.003,1.44,0.57,4.62,18.1,8.1,0.0036,27,0,-28,12,69.4,423,-325,98,2.0,0.006107,999999.99,99999.99,99999.99,0.28,0.17,0.13,-1,2019-09-05 11:00:00
2019,248,12,2538,51,52,61,38,4.1,3.8,-49.1,13.9,2.4,0.6,-2.9,-1.0,-2.8,0.3,1.6,1.2,1.1,0.4,92250.0,2.5,527.0,-0.9,-2.1,0.033,11838.0,0.2,6.0,0.5,0.6,0.004,1.31,1.48,1.36,10.2,6.9,0.0115,17,0,-28,6,69.4,171,-102,69,1.6,0.006107,999999.99,99999.99,99999.99,0.27,0.18,0.13,-1,2019-09-05 12:00:00
2019,248,13,2538,51,52,58,32,3.8,3.6,-20.8,346.0,3.3,-0.8,-1.3,-1.3,-0.7,0.2,1.0,0.5,0.7,0.4,93883.0,3.2,528.0,-0.4,-2.5,0.026,17777.0,0.5,5.0,0.5,0.7,0.004,1.64,0.37,2.05,12.4,7.5,0.0077,17,0,-24,6,69.4,213,-136,77,1.6,0.006107,999999.99,99999.99,99999.99,0.26,0.18,0.14,-1,2019-09-05 13:00:00
2019,248,14,2538,51,52,55,31,4.0,3.9,-19.5,285.2,1.0,-3.5,-1.3,-3.7,0.5,0.2,0.9,0.6,0.4,0.5,121919.0,2.3,526.0,-1.1,-2.7,0.035,9150.0,0.2,4.0,0.5,0.3,0.003,1.21,-0.26,1.5,10.0,6.6,0.012,17,0,-27,6,69.4,130,-76,54,1.7,0.006107,999999.99,99999.99,99999.99,0.27,0.19,0.14,-1,2019-09-05 14:00:00
2019,248,15,2538,51,52,17,1,4.5,4.4,1.4,221.8,-3.3,-3.0,0.1,-2.7,1.4,0.7,1.0,0.9,0.3,0.3,73268.0,1.5,489.0,1.2,-3.8,0.028,0.0,0.0,0.0,0.0,0.0,0.0,0.67,-0.68,0.62,6.7,5.4,0.0269,13,0,-27,5,69.4,74,-46,29,1.7,0.006107,999999.99,99999.99,99999.99,0.3,0.18,0.13,-1,2019-09-05 15:00:00
2019,248,16,2538,51,52,60,36,3.6,3.1,14.8,237.3,-1.6,-2.5,0.8,-2.0,1.7,0.7,1.9,1.2,1.2,1.0,102786.0,3.0,504.0,-0.0,-2.3,0.03,19918.0,0.8,7.0,1.2,0.4,0.004,1.43,-0.86,2.23,12.1,7.1,0.0081,13,0,-25,5,69.4,160,-138,23,1.7,0.006107,999999.99,99999.99,99999.99,0.27,0.17,0.13,-1,2019-09-05 16:00:00
2019,248,17,2538,51,52,61,37,2.9,2.0,-21.9,312.9,1.3,-1.4,-0.7,-1.6,-0.2,0.5,2.1,1.5,0.8,1.1,98290.0,4.9,493.0,1.2,-1.2,0.028,8119.0,0.3,6.0,0.5,0.5,0.002,2.21,0.1,5.49,18.8,7.8,0.0034,13,0,-20,5,69.4,124,-88,35,1.2,0.006107,999999.99,99999.99,99999.99,0.27,0.18,0.13,-1,2019-09-05 17:00:00
2019,248,18,2538,51,52,59,35,3.7,3.5,-13.3,342.6,3.3,-1.0,-0.8,-1.2,-0.4,0.3,0.9,0.2,0.5,0.7,85505.0,5.2,494.0,0.6,-1.2,0.025,6629.0,0.3,3.0,0.9,0.3,0.001,2.33,0.2,3.38,15.2,7.7,0.0051,20,0,-22,7,69.4,68,-39,29,1.0,0.006107,999999.99,99999.99,99999.99,0.31,0.19,0.14,-1,2019-09-05 18:00:00
2019,248,19,2538,51,52,59,35,3.8,1.5,29.2,150.7,-1.2,0.7,0.7,0.9,0.5,0.5,3.4,2.5,1.7,1.5,99781.0,5.2,478.0,-0.3,-1.8,0.029,14230.0,0.3,12.0,0.7,0.8,0.003,2.21,-0.24,3.42,14.3,7.2,0.0058,20,0,-25,7,69.4,92,-58,35,1.1,0.006107,999999.99,99999.99,99999.99,0.29,0.18,0.13,-1,2019-09-05 19:00:00
2019,248,20,2538,51,52,61,37,3.9,1.8,3.1,218.6,-1.4,-1.1,0.1,-1.0,0.4,0.9,3.5,2.2,2.0,1.8,165514.0,4.3,501.0,-1.3,-1.2,0.033,21001.0,1.0,11.0,1.3,0.8,0.004,2.04,-0.2,3.46,13.3,6.7,0.0067,20,0,-27,7,69.4,129,-87,42,1.0,0.006107,999999.99,99999.99,99999.99,0.32,0.2,0.14,-1,2019-09-05 20:00:00
2019,248,21,2538,51,52,63,38,4.3,3.2,-14.6,318.8,2.3,-2.0,-0.8,-2.1,-0.3,0.8,2.9,2.4,1.0,1.3,166835.0,4.1,522.0,-1.8,-0.4,0.026,30757.0,0.5,11.0,0.8,1.1,0.003,2.06,0.16,2.72,12.3,6.7,0.0079,23,0,-25,9,69.4,203,-170,33,1.1,0.006107,999999.99,99999.99,99999.99,0.28,0.18,0.13,-1,2019-09-05 21:00:00
2019,248,22,2538,51,52,56,32,4.0,1.4,7.5,237.3,-0.8,-1.2,0.2,-1.1,0.5,0.8,3.7,3.0,1.2,1.8,168103.0,3.8,484.0,-2.8,-2.0,0.028,24866.0,0.5,21.0,1.2,2.0,0.004,1.65,-0.24,2.93,11.8,6.3,0.0086,23,0,-27,9,69.4,121,-92,29,0.9,0.006107,999999.99,99999.99,99999.99,0.3,0.19,0.13,-1,2019-09-05 22:00:00
2019,248,23,2538,51,52,57,34,3.1,2.1,23.7,284.7,0.5,-1.8,0.8,-1.6,1.2,0.4,2.2,1.9,0.9,0.7,141032.0,3.5,492.0,-1.3,-1.3,0.02,23459.0,0.3,21.0,1.7,1.1,0.003,1.53,-0.59,4.08,14.8,7.0,0.0054,23,0,-25,9,69.4,46,-21,25,0.6,0.006107,999999.99,99999.99,99999.99,0.25,0.17,0.12,-1,2019-09-05 23:00:00
2019,249,0,2538,51,52,60,35,3.6,3.3,18.3,241.6,-1.5,-2.7,1.0,-2.4,1.6,0.4,1.4,1.0,0.6,0.7,103071.0,3.4,472.0,1.3,-1.4,0.026,13575.0,0.4,6.0,0.6,0.8,0.003,1.4,-0.76,2.53,12.1,6.8,0.0081,17,0,-21,6,70.0,65,-43,22,0.3,0.006126,999999.99,99999.99,99999.99,0.27,0.17,0.12,-1,2019-09-06 00:00:00
2019,249,1,2538,51,52,63,38,3.9,2.8,-11.6,282.9,0.6,-2.6,-0.6,-2.7,0.1,0.4,2.7,2.1,1.3,1.1,109464.0,3.8,485.0,2.0,-0.2,0.024,18349.0,0.3,15.0,1.2,1.1,0.004,1.64,-0.05,2.47,12.1,6.8,0.0081,17,0,-16,6,70.0,51,-21,30,0.2,0.006126,999999.99,99999.99,99999.99,0.27,0.18,0.13,-1,2019-09-06 01:00:00
2019,249,2,2538,51,52,56,32,4.0,3.4,-8.3,289.7,1.1,-3.1,-0.5,-3.1,0.4,0.6,2.2,1.5,1.0,1.2,116095.0,4.7,496.0,2.5,-0.7,0.02,17089.0,0.3,12.0,0.8,0.9,0.002,2.09,-0.2,2.99,13.4,7.1,0.0066,17,0,-14,6,70.0,62,-14,47,0.4,0.006126,999999.99,99999.99,99999.99,0.27,0.17,0.13,-1,2019-09-06 02:00:00
2019,249,3,2538,51,52,67,40,5.0,2.3,-16.0,101.9,-0.4,2.1,-0.6,1.8,-1.3,0.5,4.4,2.1,3.4,2.0,128376.0,3.3,514.0,1.7,-0.5,0.031,34679.0,0.9,24.0,1.2,2.1,0.009,1.64,0.67,1.41,9.3,6.3,0.0136,33,0,-16,18,70.0,101,-25,75,0.6,0.006126,999999.99,99999.99,99999.99,0.28,0.17,0.13,-1,2019-09-06 03:00:00
2019,249,4,2538,51,52,60,35,4.6,4.4,-12.8,89.2,0.1,4.3,-1.0,3.6,-2.5,0.3,1.1,0.7,0.4,0.7,141905.0,3.1,541.0,1.6,1.1,0.041,14690.0,0.2,5.0,0.6,0.9,0.005,1.76,1.35,1.65,10.4,6.7,0.0111,33,0,-22,18,70.0,391,-258,133,1.9,0.006126,999999.99,99999.99,99999.99,0.33,0.21,0.15,-1,2019-09-06 04:00:00
2019,249,5,2538,51,52,39,22,4.3,4.2,6.3,95.5,-0.4,4.1,0.5,3.9,-1.2,0.2,0.9,0.3,0.3,0.8,157063.0,3.2,528.0,1.1,0.1,0.04,7726.0,0.1,5.0,0.6,0.9,0.003,1.73,0.63,2.05,11.0,6.6,0.0099,33,0,-23,18,70.0,608,-512,96,3.8,0.006126,999999.99,99999.99,99999.99,0.29,0.19,0.15,-1,2019-09-06 05:00:00
2019,249,6,2538,51,52,6,3,4.6,4.6,-36.3,99.1,-0.6,3.7,-2.7,2.1,-4.1,0.0,0.3,0.3,0.1,0.1,164677.0,3.7,524.0,1.4,1.1,0.031,4806.0,0.1,2.0,0.1,0.2,0.001,1.91,2.15,2.13,11.0,6.5,0.0099,20,0,-20,7,70.0,207,-122,85,1.5,0.006126,999999.99,99999.99,99999.99,0.29,0.18,0.13,-1,2019-09-06 06:00:00
2019,249,7,2538,51,52,60,36,4.6,4.0,1.8,116.8,-1.8,3.6,0.1,3.2,-1.6,0.3,2.2,1.3,1.4,1.2,153889.0,3.5,516.0,0.9,0.3,0.034,9826.0,0.2,7.0,0.7,0.5,0.003,1.77,0.83,1.94,10.5,6.4,0.0108,20,0,-23,7,70.0,272,-196,76,2.3,0.006126,999999.99,99999.99,99999.99,0.28,0.18,0.14,-1,2019-09-06 07:00:00
2019,249,8,2538,51,52,58,35,4.7,3.8,4.1,154.7,-3.4,1.6,0.3,1.5,-0.5,0.4,2.6,0.9,1.5,1.9,158367.0,3.4,506.0,2.0,-0.1,0.036,20685.0,0.2,6.0,1.5,1.2,0.004,1.66,0.25,1.84,9.9,6.2,0.0121,20,0,-24,7,70.0,281,-195,85,2.0,0.006126,999999.99,99999.99,99999.99,0.27,0.18,0.14,-1,2019-09-06 08:00:00
2019,249,9,2538,51,52,60,36,5.2,4.9,-3.9,169.4,-4.8,0.9,-0.3,0.6,-0.7,0.1,1.7,0.4,1.2,1.2,135670.0,3.5,497.0,1.4,0.4,0.035,8577.0,0.2,3.0,0.8,0.7,0.004,1.65,0.35,1.42,8.9,6.0,0.0149,27,0,-26,12,70.0,405,-301,104,1.5,0.006126,999999.99,99999.99,99999.99,0.3,0.19,0.13,-1,2019-09-06 09:00:00
2019,249,10,2538,51,52,60,37,5.2,5.1,1.5,175.5,-5.1,0.4,0.1,0.4,-0.1,0.1,1.2,0.3,0.9,0.7,121147.0,3.2,498.0,1.1,0.6,0.034,12496.0,0.2,3.0,0.6,0.7,0.003,1.51,0.05,1.23,8.6,6.0,0.0162,27,0,-28,12,70.0,371,-235,136,2.2,0.006126,999999.99,99999.99,99999.99,0.3,0.18,0.13,-1,2019-09-06 10:00:00
2019,249,11,2538,51,52,61,37,5.4,5.3,4.1,168.0,-5.2,1.1,0.4,1.1,-0.2,0.1,0.6,0.1,0.5,0.3,102485.0,2.5,501.0,1.0,0.2,0.042,13374.0,0.2,2.0,0.4,0.4,0.005,1.22,0.1,0.82,7.3,5.6,0.0221,27,0,-29,12,70.0,112,-49,63,1.0,0.006126,999999.99,99999.99,99999.99,0.31,0.19,0.14,-1,2019-09-06 11:00:00
2019,249,12,2538,51,52,59,35,5.7,5.6,9.9,164.3,-5.3,1.5,1.0,1.8,0.1,0.1,0.8,0.2,0.6,0.4,120533.0,2.1,503.0,1.2,0.1,0.042,21205.0,0.2,4.0,0.9,0.5,0.006,1.04,-0.05,0.67,6.4,5.1,0.0291,7,0,-29,3,70.0,59,-24,35,0.7,0.006126,999999.99,99999.99,99999.99,0.31,0.19,0.14,-1,2019-09-06 12:00:00
2019,249,13,2538,51,52,60,36,5.7,5.7,17.5,181.2,-5.5,-0.1,1.7,0.8,1.5,0.1,0.4,0.1,0.4,0.1,115987.0,2.1,501.0,4.0,-0.9,0.042,15307.0,0.2,7.0,0.5,0.7,0.006,1.03,-0.75,0.66,6.4,5.1,0.0293,7,0,-27,3,70.0,53,-27,26,0.1,0.006126,999999.99,99999.99,99999.99,0.29,0.2,0.13,-1,2019-09-06 13:00:00
2019,249,14,2538,51,52,59,36,5.5,5.4,22.3,179.6,-5.0,0.0,2.1,1.0,1.9,0.1,0.9,0.3,0.6,0.6,98585.0,2.5,502.0,4.4,-1.4,0.037,11665.0,0.3,5.0,0.8,0.7,0.006,1.21,-0.95,0.78,7.2,5.6,0.0228,7,0,-25,3,70.0,38,-23,15,0.0,0.006126,999999.99,99999.99,99999.99,0.28,0.19,0.14,-1,2019-09-06 14:00:00
2019,249,15,2538,51,52,59,31,5.3,5.3,2.0,172.7,-5.2,0.7,0.2,0.7,-0.1,0.0,0.8,0.1,0.6,0.6,89456.0,1.5,481.0,4.3,0.7,0.048,21770.0,0.4,7.0,1.1,1.2,0.007,0.69,0.05,0.48,5.6,4.7,0.0385,3,0,-26,2,70.0,29,-18,11,-0.1,0.006126,999999.99,99999.99,99999.99,0.29,0.2,0.15,-1,2019-09-06 15:00:00
2019,249,16,2538,51,52,60,32,5.3,5.2,1.6,146.6,-4.4,2.9,0.1,2.7,-1.1,0.1,0.7,0.3,0.3,0.6,96074.0,1.8,482.0,1.2,1.2,0.041,21372.0,0.4,6.0,0.9,0.9,0.005,0.81,0.53,0.6,6.1,5.0,0.032,3,0,-25,2,70.0,78,-47,31,0.5,0.006126,999999.99,99999.99,99999.99,0.28,0.19,0.14,-1,2019-09-06 16:00:00
2019,249,17,2538,51,52,61,36,4.8,4.7,-0.3,132.8,-3.2,3.4,0.0,3.2,-1.2,0.1,0.8,0.4,0.3,0.6,138148.0,2.5,493.0,1.4,1.8,0.036,19754.0,0.2,6.0,0.5,1.0,0.003,1.16,0.59,1.2,8.1,5.7,0.018,3,0,-26,2,70.0,197,-148,49,0.6,0.006126,999999.99,99999.99,99999.99,0.29,0.2,0.14,-1,2019-09-06 17:00:00
2019,249,18,2538,51,52,61,35,5.3,5.1,13.2,158.6,-4.7,1.8,1.2,2.1,0.6,0.2,1.2,0.4,1.0,0.5,87625.0,1.7,479.0,3.2,1.0,0.034,25119.0,0.3,10.0,1.1,0.6,0.005,0.74,-0.29,0.54,5.9,4.9,0.0343,17,0,-31,6,70.0,203,-149,54,0.5,0.006126,999999.99,99999.99,99999.99,0.28,0.18,0.14,-1,2019-09-06 18:00:00
2019,249,19,2538,51,52,60,33,5.5,5.4,12.6,182.4,-5.3,-0.2,1.2,0.1,1.2,0.1,0.6,0.1,0.5,0.3,56314.0,1.4,486.0,4.6,1.7,0.027,5443.0,0.2,3.0,0.3,0.2,0.002,0.61,-0.58,0.36,5.2,4.6,0.0435,17,0,-31,6,70.0,134,-97,37,0.5,0.006126,999999.99,99999.99,99999.99,0.28,0.19,0.14,-1,2019-09-06 19:00:00
2019,249,20,2538,51,52,56,29,5.4,5.2,9.1,172.5,-5.1,0.7,0.8,0.9,0.6,0.2,1.3,0.4,1.2,0.4,66775.0,1.5,478.0,3.9,1.3,0.033,15627.0,0.5,9.0,1.3,0.4,0.005,0.65,-0.29,0.42,5.4,4.6,0.0405,17,0,-30,6,70.0,39,-17,21,0.7,0.006126,999999.99,99999.99,99999.99,0.3,0.19,0.14,-1,2019-09-06 20:00:00
2019,249,21,2538,51,52,61,37,5.0,4.6,6.8,127.6,-2.8,3.6,0.5,3.6,-0.4,0.1,2.0,1.3,1.2,0.9,123264.0,2.3,469.0,1.4,0.8,0.048,27259.0,0.5,9.0,0.7,0.7,0.008,1.01,0.19,0.96,7.1,5.3,0.0235,7,0,-26,3,70.0,55,-33,22,0.8,0.006126,999999.99,99999.99,99999.99,0.28,0.19,0.14,-1,2019-09-06 21:00:00
2019,249,22,2538,51,52,61,38,5.2,5.1,20.2,174.2,-4.7,0.5,1.7,0.9,1.5,0.2,1.0,0.4,0.9,0.2,123300.0,2.7,481.0,2.4,1.0,0.04,12455.0,0.2,6.0,0.7,0.6,0.005,1.21,-0.72,1.05,7.6,5.5,0.0206,7,0,-24,3,70.0,66,-46,20,0.6,0.006126,999999.99,99999.99,99999.99,0.27,0.17,0.13,-1,2019-09-06 22:00:00
2019,249,23,2538,51,52,61,36,5.5,5.3,12.4,180.3,-5.2,0.0,1.1,0.3,1.1,0.2,1.4,0.2,1.0,0.9,116411.0,2.2,491.0,1.7,1.8,0.051,11417.0,0.3,5.0,0.6,0.5,0.009,1.07,-0.54,0.74,6.6,5.2,0.0271,7,0,-24,3,70.0,26,-14,13,0.3,0.006126,999999.99,99999.99,99999.99,0.27,0.18,0.13,-1,2019-09-06 23:00:00
2019,250,0,2538,51,52,61,37,5.2,5.0,-9.5,186.0,-5.0,-0.5,-0.8,-0.7,-0.7,0.5,1.2,0.6,0.7,0.7,118894.0,2.2,487.0,1.5,3.1,0.05,22075.0,0.4,14.0,0.7,0.9,0.012,1.05,0.34,0.84,6.9,5.3,0.0247,3,0,-20,2,75.0,25,-2,23,0.3,0.006101,999999.99,99999.99,99999.99,0.28,0.19,0.14,-1,2019-09-07 00:00:00
2019,250,1,2538,51,52,58,35,5.4,5.3,-0.2,190.1,-5.2,-0.9,0.0,-0.9,0.2,0.2,1.1,0.3,0.6,0.9,111209.0,2.2,488.0,2.6,1.8,0.052,22930.0,0.3,11.0,0.9,0.9,0.009,1.06,-0.1,0.75,6.7,5.2,0.0265,3,0,-19,2,75.0,25,-2,22,0.2,0.006101,999999.99,99999.99,99999.99,0.26,0.18,0.14,-1,2019-09-07 01:00:00
2019,250,2,2538,51,52,59,36,5.6,5.2,-19.4,194.0,-4.7,-1.2,-1.7,-1.7,-1.3,0.1,2.1,0.8,0.9,1.7,90983.0,2.5,491.0,3.0,3.6,0.052,17315.0,0.5,12.0,1.2,1.6,0.007,1.22,0.64,0.73,6.9,5.4,0.0248,3,0,-17,2,75.0,40,-7,33,0.1,0.006101,999999.99,99999.99,99999.99,0.3,0.21,0.15,-1,2019-09-07 02:00:00
2019,250,3,2538,51,52,60,34,5.4,5.2,-4.4,168.2,-5.1,1.1,-0.4,0.9,-0.7,0.2,1.1,0.4,0.9,0.6,89256.0,2.0,475.0,-0.0,2.1,0.061,21601.0,0.2,5.0,2.3,1.2,0.016,0.94,0.33,0.62,6.2,5.0,0.0307,13,0,-17,5,75.0,53,-22,31,0.2,0.006101,999999.99,99999.99,99999.99,0.28,0.19,0.14,-1,2019-09-07 03:00:00
2019,250,4,2538,51,52,60,35,5.1,5.0,6.9,154.7,-4.5,2.1,0.6,2.2,-0.2,0.1,1.0,0.5,0.7,0.5,92715.0,2.3,469.0,-1.1,1.1,0.054,16291.0,0.2,6.0,1.0,0.8,0.007,1.03,0.09,0.81,7.0,5.3,0.0245,13,0,-16,5,75.0,43,-16,28,-0.0,0.006101,999999.99,99999.99,99999.99,0.3,0.18,0.13,-1,2019-09-07 04:00:00
2019,250,5,2538,51,52,59,36,4.6,4.0,13.6,139.2,-2.9,2.5,0.9,2.6,-0.2,0.3,2.3,1.6,1.2,1.1,106364.0,3.0,472.0,-1.0,0.6,0.046,13367.0,0.4,7.0,0.9,0.7,0.006,1.32,0.09,1.38,8.9,6.0,0.0151,13,0,-14,5,75.0,50,-15,35,0.2,0.006101,999999.99,99999.99,99999.99,0.26,0.18,0.13,-1,2019-09-07 05:00:00
2019,250,6,2538,51,52,59,36,4.4,3.7,-14.4,86.1,0.2,3.5,-0.9,2.7,-2.4,0.4,2.3,1.8,0.8,1.2,111693.0,3.2,476.0,-1.7,0.9,0.044,16041.0,0.2,10.0,0.7,0.7,0.004,1.42,1.14,1.65,9.7,6.2,0.0127,23,0,-16,9,75.0,230,-166,65,1.0,0.006101,999999.99,99999.99,99999.99,0.28,0.18,0.12,-1,2019-09-07 06:00:00
2019,250,7,2538,51,52,63,37,4.1,3.5,13.0,162.3,-3.3,1.0,0.8,1.3,0.2,0.5,2.2,1.5,1.3,0.8,110146.0,2.9,457.0,-0.3,-0.2,0.05,12589.0,0.1,6.0,1.0,0.7,0.005,1.21,-0.09,1.71,9.5,6.0,0.0132,23,0,-17,9,75.0,327,-277,50,1.3,0.006101,999999.99,99999.99,99999.99,0.26,0.18,0.13,-1,2019-09-07 07:00:00
2019,250,8,2538,51,52,57,35,3.6,2.8,-7.2,157.2,-2.5,1.1,-0.3,0.8,-0.8,0.3,2.3,1.3,1.5,1.2,106341.0,2.8,461.0,-0.3,0.8,0.05,8850.0,0.2,7.0,1.3,1.1,0.005,1.19,0.37,2.11,10.7,6.4,0.0104,23,0,-14,9,75.0,77,-32,45,0.1,0.006101,999999.99,99999.99,99999.99,0.29,0.19,0.15,-1,2019-09-07 08:00:00
2019,250,9,2538,51,52,63,37,3.6,2.3,-19.7,104.4,-0.5,2.1,-0.8,1.4,-1.8,0.2,2.6,1.9,1.5,1.0,114022.0,2.9,477.0,-1.5,0.4,0.048,13343.0,0.2,12.0,1.4,0.9,0.005,1.31,0.86,2.26,11.3,6.6,0.0093,13,0,-14,5,75.0,133,-92,41,0.7,0.006101,999999.99,99999.99,99999.99,0.3,0.19,0.15,-1,2019-09-07 09:00:00
2019,250,10,2538,51,52,59,36,3.6,2.3,-33.4,63.6,0.9,1.7,-1.3,0.7,-2.0,0.3,2.7,1.1,1.3,2.0,108133.0,3.1,486.0,-0.9,0.3,0.039,14313.0,0.2,7.0,1.2,1.7,0.005,1.41,0.97,2.35,11.9,6.8,0.0084,13,0,-17,5,75.0,241,-170,71,1.1,0.006101,999999.99,99999.99,99999.99,0.29,0.19,0.14,-1,2019-09-07 10:00:00
2019,250,11,2538,51,52,57,35,3.8,3.1,42.0,141.7,-1.8,1.4,2.1,2.3,1.0,0.1,2.1,1.5,0.6,1.3,107229.0,3.0,470.0,-0.6,-2.5,0.043,11056.0,0.2,13.0,0.5,1.3,0.003,1.3,-0.47,2.04,10.7,6.4,0.0104,13,0,-22,5,75.0,261,-195,66,0.8,0.006101,999999.99,99999.99,99999.99,0.29,0.19,0.14,-1,2019-09-07 11:00:00
2019,250,12,2538,51,52,65,38,3.3,1.6,-6.3,107.6,-0.5,1.5,-0.2,1.2,-1.0,0.5,2.8,2.3,0.9,1.3,111345.0,3.2,475.0,-0.6,-1.3,0.038,13793.0,0.2,15.0,0.9,1.1,0.004,1.39,0.47,2.93,12.9,6.9,0.0072,13,0,-25,5,75.0,114,-51,63,0.7,0.006101,999999.99,99999.99,99999.99,0.27,0.19,0.13,-1,2019-09-07 12:00:00
2019,250,13,2538,51,52,59,36,3.8,3.2,26.0,99.4,-0.5,2.9,1.4,3.2,-0.2,0.2,1.8,0.9,0.7,1.4,95197.0,3.4,474.0,-1.7,-2.3,0.033,10470.0,0.2,7.0,0.7,1.2,0.003,1.44,0.09,2.19,11.5,6.8,0.009,13,0,-25,5,75.0,127,-47,80,1.0,0.006101,999999.99,99999.99,99999.99,0.29,0.18,0.13,-1,2019-09-07 13:00:00
2019,250,14,2538,51,52,60,36,3.8,3.3,26.8,67.2,1.2,2.7,1.5,3.1,0.0,0.1,1.7,0.6,0.6,1.4,88292.0,3.3,482.0,-1.9,-2.4,0.032,6194.0,0.1,4.0,0.5,1.0,0.001,1.44,-0.0,2.06,11.5,6.9,0.009,13,0,-23,5,75.0,147,-94,53,0.4,0.006101,999999.99,99999.99,99999.99,0.3,0.19,0.14,-1,2019-09-07 14:00:00
2019,250,15,2538,51,52,57,35,3.5,3.0,61.1,98.8,-0.2,1.4,2.6,2.4,1.7,0.2,1.6,1.3,0.8,0.6,85915.0,3.3,472.0,-1.2,-3.4,0.033,9413.0,0.2,9.0,0.8,0.5,0.003,1.39,-0.8,2.4,12.2,7.0,0.0079,17,0,-22,6,75.0,89,-57,32,-0.1,0.006101,999999.99,99999.99,99999.99,0.28,0.18,0.13,-1,2019-09-07 15:00:00
2019,250,16,2538,51,52,59,35,3.4,3.1,-3.8,158.8,-2.9,1.1,-0.2,0.9,-0.6,0.2,1.5,0.3,1.1,0.9,79310.0,3.1,453.0,-1.1,-1.1,0.035,6962.0,0.2,4.0,1.1,0.9,0.002,1.21,0.27,2.32,11.7,6.8,0.0086,17,0,-21,6,75.0,70,-41,28,0.5,0.006101,999999.99,99999.99,99999.99,0.25,0.17,0.12,-1,2019-09-07 16:00:00
2019,250,17,2538,51,52,58,36,3.5,3.0,-32.7,166.1,-2.5,0.6,-1.6,-0.0,-1.7,0.2,1.6,0.7,1.1,0.9,82940.0,3.6,453.0,-0.4,0.1,0.035,6735.0,0.2,6.0,1.1,1.0,0.003,1.41,0.77,2.58,12.3,6.8,0.0079,17,0,-23,6,75.0,219,-172,48,1.2,0.006101,999999.99,99999.99,99999.99,0.32,0.2,0.15,-1,2019-09-07 17:00:00
2019,250,18,2538,51,52,63,37,3.9,3.4,0.6,156.6,-3.1,1.4,0.0,1.3,-0.4,0.1,1.9,1.0,1.4,0.7,84784.0,3.8,446.0,-1.0,-1.5,0.036,11584.0,0.2,5.0,1.1,0.7,0.003,1.44,0.18,2.22,11.1,6.5,0.0096,17,0,-20,6,75.0,188,-155,33,0.8,0.006101,999999.99,99999.99,99999.99,0.28,0.18,0.13,-1,2019-09-07 18:00:00
2019,250,19,2538,51,52,57,36,4.0,3.8,-2.2,124.1,-2.1,3.1,-0.1,2.9,-1.0,0.1,1.2,0.9,0.7,0.3,87522.0,4.3,452.0,-1.9,-1.7,0.034,3836.0,0.2,5.0,0.5,0.3,0.002,1.67,0.45,2.41,11.7,6.7,0.0087,17,0,-17,6,75.0,72,-44,28,0.9,0.006101,999999.99,99999.99,99999.99,0.32,0.19,0.14,-1,2019-09-07 19:00:00
2019,250,20,2538,51,52,60,34,4.1,3.8,0.2,162.5,-3.6,1.1,0.0,1.1,-0.3,0.1,1.5,0.6,1.3,0.5,80577.0,4.0,445.0,-0.8,-1.5,0.037,12526.0,0.2,4.0,0.9,0.5,0.003,1.52,0.13,2.07,10.9,6.5,0.0101,17,0,-20,6,75.0,59,-35,24,0.5,0.006101,999999.99,99999.99,99999.99,0.3,0.18,0.13,-1,2019-09-07 20:00:00
2019,250,21,2538,51,52,59,36,4.0,3.8,-8.5,148.1,-3.2,2.0,-0.6,1.8,-1.1,0.2,1.1,0.5,0.6,0.7,79682.0,4.2,442.0,-1.3,-1.0,0.036,6664.0,0.2,3.0,0.6,0.6,0.002,1.57,0.49,2.27,11.3,6.6,0.0093,23,0,-19,9,75.0,56,-31,26,0.9,0.006101,999999.99,99999.99,99999.99,0.28,0.18,0.14,-1,2019-09-07 21:00:00
2019,250,22,2538,51,52,60,35,4.0,3.6,-12.7,135.7,-2.5,2.4,-0.8,2.2,-1.3,0.1,1.7,0.9,0.4,1.4,71234.0,4.3,435.0,-1.6,-1.5,0.029,5196.0,0.1,7.0,0.4,1.1,0.002,1.52,0.57,2.23,11.3,6.6,0.0094,23,0,-18,9,75.0,265,-224,41,2.0,0.006101,999999.99,99999.99,99999.99,0.29,0.19,0.15,-1,2019-09-07 22:00:00
2019,250,23,2538,51,52,57,35,4.1,3.8,-7.9,142.3,-3.0,2.3,-0.5,2.1,-1.0,0.5,1.5,1.2,0.5,0.7,69858.0,4.4,427.0,-1.9,-3.2,0.03,5837.0,0.3,6.0,0.3,0.4,0.002,1.5,0.43,2.16,10.9,6.5,0.01,23,0,-18,9,75.0,181,-133,48,2.6,0.006101,999999.99,99999.99,99999.99,0.29,0.19,0.13,-1,2019-09-07 23:00:00
2019,251,0,2538,51,52,60,34,4.8,4.3,-38.2,156.5,-3.1,1.3,-2.6,0.6,-2.8,0.4,2.1,0.7,1.2,1.5,63737.0,5.2,421.0,-1.6,-3.2,0.027,5527.0,0.4,3.0,0.5,0.6,0.003,1.71,1.18,1.8,10.0,6.3,0.0119,17,0,-20,6,68.5,198,-126,72,2.0,0.006093,999999.99,99999.99,99999.99,0.29,0.19,0.14,-1,2019-09-08 00:00:00
2019,251,1,2538,51,52,60,36,5.2,4.4,11.0,148.0,-3.7,2.3,0.8,2.4,0.2,0.3,2.6,0.8,2.4,0.8,74202.0,5.7,419.0,-1.1,-2.9,0.028,6886.0,0.3,6.0,0.8,0.3,0.002,1.86,-0.08,1.78,9.6,6.0,0.0129,17,0,-20,6,68.5,152,-95,57,1.3,0.006093,999999.99,99999.99,99999.99,0.32,0.2,0.15,-1,2019-09-08 01:00:00
2019,251,2,2538,51,52,63,38,5.1,4.7,23.9,158.6,-4.0,1.6,1.9,2.1,1.3,0.5,2.0,0.9,1.6,0.7,76722.0,5.6,422.0,-0.9,-3.0,0.03,10332.0,0.5,4.0,0.9,0.7,0.003,1.87,-0.55,1.84,9.8,6.1,0.0124,17,0,-17,6,68.5,76,-29,47,0.4,0.006093,999999.99,99999.99,99999.99,0.28,0.18,0.13,-1,2019-09-08 02:00:00
2019,251,3,2538,51,52,59,35,4.3,3.8,22.1,166.6,-3.5,0.8,1.4,1.2,1.1,0.2,1.9,0.7,1.1,1.4,80197.0,6.2,425.0,-0.9,-1.8,0.031,4424.0,0.2,3.0,0.6,0.7,0.002,2.1,-0.47,2.91,12.3,6.6,0.0079,20,0,-13,7,68.5,73,-22,51,0.2,0.006093,999999.99,99999.99,99999.99,0.27,0.18,0.14,-1,2019-09-08 03:00:00
2019,251,4,2538,51,52,61,36,4.9,4.3,-3.8,102.4,-0.9,4.2,-0.3,3.8,-1.9,0.4,2.2,1.3,1.0,1.5,73827.0,6.6,430.0,-2.0,-1.4,0.026,10513.0,0.4,5.0,0.6,0.7,0.003,2.25,0.82,2.31,11.3,6.5,0.0094,20,0,-13,7,68.5,143,-77,65,0.8,0.006093,999999.99,99999.99,99999.99,0.33,0.19,0.14,-1,2019-09-08 04:00:00
2019,251,5,2538,51,52,60,37,4.9,4.5,-17.5,83.6,0.5,4.3,-1.4,3.3,-3.1,0.4,1.9,1.0,0.8,1.3,63109.0,7.1,430.0,-1.9,-1.6,0.024,7030.0,0.4,5.0,0.3,0.5,0.002,2.4,1.33,2.36,11.7,6.7,0.0087,20,0,-18,7,68.5,378,-255,123,1.8,0.006093,999999.99,99999.99,99999.99,0.28,0.17,0.13,-1,2019-09-08 05:00:00
2019,251,6,2538,51,52,59,35,5.0,4.6,-15.7,56.7,2.5,3.7,-1.3,2.7,-2.8,0.2,1.7,0.5,0.4,1.6,53408.0,6.6,428.0,-1.6,-1.2,0.023,2939.0,0.4,3.0,0.3,0.6,0.002,2.2,1.2,2.0,11.0,6.7,0.0098,23,0,-23,9,68.5,487,-385,103,2.4,0.006093,999999.99,99999.99,99999.99,0.28,0.18,0.13,-1,2019-09-08 06:00:00
2019,251,7,2538,51,52,56,30,4.0,3.6,-48.6,76.0,0.6,2.3,-2.7,0.7,-3.5,0.6,1.7,1.2,0.9,0.8,61722.0,6.0,421.0,-1.4,-0.9,0.028,9965.0,0.4,6.0,0.6,0.7,0.003,1.97,1.47,2.97,12.9,6.8,0.0072,23,0,-25,9,68.5,472,-347,125,2.7,0.006093,999999.99,99999.99,99999.99,0.3,0.2,0.14,-1,2019-09-08 07:00:00
2019,251,8,2538,51,52,59,35,3.3,2.7,-23.4,91.1,0.0,2.5,-1.1,1.6,-2.2,0.4,1.7,1.2,0.6,0.9,67983.0,5.6,417.0,-2.8,-1.1,0.029,9693.0,0.4,8.0,0.6,0.9,0.002,1.81,0.92,4.2,15.0,6.9,0.0053,23,0,-27,9,68.5,437,-271,166,2.1,0.006093,999999.99,99999.99,99999.99,0.3,0.19,0.14,-1,2019-09-08 08:00:00
2019,251,9,2538,51,52,63,38,2.4,1.0,-36.2,123.6,-0.5,0.7,-0.6,0.3,-0.9,0.5,2.2,1.9,0.9,0.8,83676.0,4.8,410.0,-0.2,-1.0,0.032,8828.0,0.5,13.0,0.7,0.6,0.004,1.52,0.37,7.35,18.7,6.9,0.0034,17,0,-26,6,68.5,280,-175,106,1.2,0.006093,999999.99,99999.99,99999.99,0.3,0.19,0.14,-1,2019-09-08 09:00:00
2019,251,10,2538,51,52,59,36,3.4,2.4,1.8,148.6,-2.1,1.3,0.1,1.2,-0.6,0.5,2.3,1.7,1.0,1.2,77624.0,3.8,416.0,-0.8,-0.5,0.045,9162.0,0.4,6.0,0.8,0.6,0.006,1.3,0.25,2.82,11.9,6.4,0.0084,17,0,-26,6,68.5,166,-89,77,0.8,0.006093,999999.99,99999.99,99999.99,0.31,0.19,0.14,-1,2019-09-08 10:00:00
2019,251,11,2538,51,52,64,38,3.7,3.1,17.7,125.8,-1.7,2.4,0.9,2.5,-0.5,0.4,2.1,1.4,1.1,1.2,91032.0,3.9,428.0,-1.6,-0.3,0.044,10228.0,0.4,10.0,0.8,0.5,0.006,1.4,0.21,2.6,11.4,6.3,0.0091,17,0,-22,6,68.5,165,-116,49,0.9,0.006093,999999.99,99999.99,99999.99,0.31,0.19,0.13,-1,2019-09-08 11:00:00
2019,251,12,2538,51,52,64,38,3.7,2.6,-11.9,101.2,-0.5,2.5,-0.5,1.9,-1.7,0.5,2.5,1.6,1.0,1.7,110617.0,4.1,443.0,-1.6,0.0,0.039,21405.0,0.4,14.0,0.8,1.0,0.007,1.55,0.75,2.98,12.1,6.4,0.0081,17,0,-23,6,68.5,165,-65,100,1.7,0.006093,999999.99,99999.99,99999.99,0.3,0.18,0.13,-1,2019-09-08 12:00:00
2019,251,13,2538,51,52,60,36,3.3,2.9,-15.0,63.1,1.3,2.5,-0.8,1.8,-1.9,0.7,1.5,1.4,0.3,0.4,124631.0,3.2,466.0,-0.2,-0.2,0.04,25858.0,0.4,5.0,0.9,0.5,0.004,1.35,0.89,3.09,12.6,6.6,0.0075,17,0,-25,6,68.5,284,-198,86,1.4,0.006093,999999.99,99999.99,99999.99,0.28,0.18,0.12,-1,2019-09-08 13:00:00
2019,251,14,2538,51,52,61,36,4.0,3.6,-22.0,39.2,2.6,2.1,-1.3,1.2,-2.1,0.8,1.9,1.8,0.7,0.4,105290.0,3.4,464.0,0.1,-0.3,0.032,23901.0,0.7,5.0,0.7,0.6,0.004,1.38,0.97,2.07,10.7,6.4,0.0104,17,0,-26,6,68.5,199,-128,71,1.8,0.006093,999999.99,99999.99,99999.99,0.27,0.17,0.13,-1,2019-09-08 14:00:00
2019,251,15,2538,51,52,59,35,5.0,4.7,-14.8,25.2,4.1,1.9,-1.2,1.2,-1.9,0.2,1.6,1.4,0.8,0.4,102633.0,3.2,454.0,0.1,-0.6,0.031,15012.0,0.2,8.0,0.6,0.5,0.003,1.24,0.86,1.23,8.1,5.7,0.018,23,0,-27,9,68.5,251,-183,68,1.5,0.006093,999999.99,99999.99,99999.99,0.29,0.19,0.14,-1,2019-09-08 15:00:00
2019,251,16,2538,51,52,60,37,4.7,4.3,4.5,130.2,-2.8,3.3,0.3,3.1,-1.0,0.5,1.9,1.7,0.6,0.8,106739.0,3.3,456.0,-1.3,0.8,0.043,26569.0,0.3,7.0,0.7,0.4,0.006,1.34,0.46,1.46,8.8,5.9,0.0153,23,0,-27,9,68.5,330,-249,81,1.2,0.006093,999999.99,99999.99,99999.99,0.3,0.2,0.14,-1,2019-09-08 16:00:00
2019,251,17,2538,51,52,58,34,5.4,5.2,13.1,140.2,-3.9,3.2,1.2,3.4,-0.0,0.2,1.2,0.8,0.6,0.6,83040.0,2.6,450.0,-0.8,0.8,0.042,25793.0,0.4,8.0,1.3,0.7,0.006,1.03,0.0,0.78,6.7,5.2,0.0264,23,0,-26,9,68.5,133,-95,38,0.2,0.006093,999999.99,99999.99,99999.99,0.28,0.18,0.13,-1,2019-09-08 17:00:00
2019,251,18,2538,51,52,56,33,5.1,4.8,9.7,132.4,-3.2,3.5,0.8,3.6,-0.4,0.4,1.7,0.5,0.9,1.4,107036.0,3.3,426.0,-1.3,0.1,0.039,9411.0,0.4,7.0,0.9,0.6,0.005,1.16,0.17,1.24,7.6,5.3,0.0207,23,0,-22,9,68.5,96,-63,32,0.4,0.006093,999999.99,99999.99,99999.99,0.29,0.19,0.14,-1,2019-09-08 18:00:00
2019,251,19,2538,51,52,61,37,5.6,5.0,-22.4,136.8,-3.4,3.2,-1.9,2.5,-2.7,0.3,2.3,0.7,1.4,1.8,114081.0,3.9,421.0,-1.2,-0.7,0.039,9804.0,0.3,2.0,0.7,0.5,0.005,1.33,1.14,1.25,7.4,5.1,0.0216,23,0,-23,9,68.5,256,-194,62,1.8,0.006093,999999.99,99999.99,99999.99,0.3,0.19,0.13,-1,2019-09-08 19:00:00
2019,251,20,2538,51,52,58,35,5.4,5.3,-29.8,161.7,-4.4,1.4,-2.6,0.7,-2.9,0.1,1.1,0.5,0.8,0.5,112192.0,3.9,421.0,-0.5,-0.8,0.04,8588.0,0.4,5.0,0.7,1.0,0.005,1.34,1.22,1.34,7.7,5.2,0.0201,23,0,-30,9,68.5,423,-327,97,2.8,0.006093,999999.99,99999.99,99999.99,0.28,0.19,0.13,-1,2019-09-08 20:00:00
2019,251,21,2538,51,52,60,33,4.8,4.6,-4.0,175.6,-4.5,0.4,-0.3,0.3,-0.4,0.2,1.4,0.2,1.0,1.0,108214.0,4.2,407.0,0.6,-1.7,0.034,10000.0,0.5,5.0,1.0,0.9,0.003,1.32,0.16,1.79,8.7,5.4,0.0158,27,0,-35,12,68.5,250,-167,84,1.9,0.006093,999999.99,99999.99,99999.99,0.27,0.19,0.14,-1,2019-09-08 21:00:00
2019,251,22,2538,51,52,58,35,4.6,4.6,-2.3,168.0,-4.5,1.0,-0.2,0.9,-0.4,0.2,0.6,0.2,0.3,0.4,93980.0,3.0,399.0,0.1,-1.7,0.033,9697.0,0.4,6.0,0.7,0.9,0.003,0.9,0.16,1.31,7.5,5.1,0.0211,27,0,-30,12,68.5,266,-162,104,1.8,0.006093,999999.99,99999.99,99999.99,0.27,0.17,0.13,-1,2019-09-08 22:00:00
2019,251,23,2538,51,52,64,40,4.6,3.8,-41.6,140.2,-2.2,1.8,-2.5,1.2,-2.9,0.2,2.7,1.9,0.9,1.6,91013.0,4.5,406.0,-1.1,-1.2,0.03,10869.0,0.9,13.0,0.7,0.8,0.003,1.39,1.18,1.94,9.4,5.7,0.0136,27,0,-34,12,68.5,505,-335,170,2.4,0.006093,999999.99,99999.99,99999.99,0.29,0.19,0.14,-1,2019-09-08 23:00:00
2019,252,0,2538,51,52,57,34,4.0,3.6,-26.9,135.0,-2.2,2.2,-1.6,1.7,-2.1,0.2,1.7,1.3,0.8,0.7,87346.0,4.4,405.0,-1.2,-2.0,0.028,11837.0,0.4,8.0,0.9,0.6,0.003,1.34,0.85,2.47,10.6,6.0,0.0105,30,0,-38,15,69.8,532,-395,137,2.5,0.006087,999999.99,99999.99,99999.99,0.27,0.17,0.12,-1,2019-09-09 00:00:00
2019,252,1,2538,51,52,59,32,3.6,3.2,-22.0,168.0,-2.9,0.6,-1.2,0.3,-1.3,0.2,1.6,0.6,1.3,0.5,81607.0,4.2,401.0,0.3,-2.3,0.028,9104.0,0.2,3.0,1.2,0.4,0.002,1.25,0.52,2.83,11.4,6.1,0.0091,30,0,-36,15,69.8,283,-196,87,1.4,0.006087,999999.99,99999.99,99999.99,0.3,0.19,0.14,-1,2019-09-09 01:00:00
2019,252,2,2538,51,52,59,35,4.3,4.1,-19.8,157.6,-3.6,1.5,-1.4,1.0,-1.8,0.5,1.1,0.4,0.7,0.7,76220.0,4.0,400.0,-0.7,-1.7,0.03,5246.0,0.3,2.0,0.8,1.0,0.003,1.2,0.72,1.84,9.3,5.8,0.0137,30,0,-31,15,69.8,187,-119,68,0.7,0.006087,999999.99,99999.99,99999.99,0.26,0.18,0.14,-1,2019-09-09 02:00:00
2019,252,3,2538,51,52,63,39,4.7,4.0,-2.1,150.0,-3.5,2.0,-0.1,1.8,-0.8,0.5,2.3,1.5,0.8,1.6,70191.0,3.8,401.0,-2.1,-2.1,0.029,14640.0,1.0,14.0,1.5,2.1,0.002,1.14,0.32,1.42,8.3,5.6,0.0172,23,0,-28,9,69.8,173,-91,82,0.8,0.006087,999999.99,99999.99,99999.99,0.29,0.18,0.14,-1,2019-09-09 03:00:00
2019,252,4,2538,51,52,64,38,4.5,3.2,-14.5,141.1,-2.4,1.9,-0.8,1.5,-1.5,0.4,3.1,1.5,2.2,1.7,87694.0,6.0,423.0,-0.4,-2.1,0.028,12804.0,0.8,9.0,1.5,1.3,0.003,1.99,0.63,2.66,11.5,6.3,0.009,23,0,-23,9,69.8,264,-149,116,1.3,0.006087,999999.99,99999.99,99999.99,0.27,0.18,0.13,-1,2019-09-09 04:00:00
2019,252,5,2538,51,52,58,33,4.9,4.5,-8.5,107.9,-1.4,4.3,-0.7,3.6,-2.4,0.6,1.7,1.0,0.8,1.1,80667.0,6.6,431.0,-2.5,-1.9,0.028,9310.0,0.6,4.0,0.6,0.7,0.003,2.28,1.03,2.39,11.3,6.5,0.0093,23,0,-25,9,69.8,248,-180,69,1.6,0.006087,999999.99,99999.99,99999.99,0.31,0.2,0.14,-1,2019-09-09 05:00:00
2019,252,6,2538,51,52,62,37,5.1,4.3,-29.0,57.7,2.0,3.2,-2.1,1.9,-3.3,0.7,2.7,1.9,1.4,1.4,71472.0,6.7,446.0,-1.5,-1.1,0.036,13136.0,1.3,10.0,0.6,0.9,0.005,2.55,1.47,2.14,11.3,6.7,0.0093,30,0,-24,15,69.8,570,-449,122,2.7,0.006087,999999.99,99999.99,99999.99,0.36,0.2,0.14,-1,2019-09-09 06:00:00
2019,252,7,2538,51,52,61,37,4.7,4.1,-1.7,134.7,-2.9,2.9,-0.1,2.5,-1.5,0.8,2.3,1.9,0.5,1.2,94962.0,6.6,438.0,-1.3,-1.0,0.043,14367.0,1.0,13.0,0.8,0.6,0.008,2.48,0.66,2.78,12.0,6.5,0.0083,30,0,-21,15,69.8,566,-462,103,2.7,0.006087,999999.99,99999.99,99999.99,0.28,0.2,0.14,-1,2019-09-09 07:00:00
2019,252,8,2538,51,52,65,40,6.3,5.7,10.6,140.9,-4.4,3.6,1.1,3.7,-0.9,0.7,2.6,1.7,1.6,1.2,108984.0,5.7,470.0,-1.3,-0.7,0.051,20470.0,0.6,13.0,1.3,0.4,0.005,2.53,0.42,1.42,8.9,6.0,0.015,30,0,-18,15,69.8,266,-169,97,2.3,0.006087,999999.99,99999.99,99999.99,0.27,0.19,0.14,-1,2019-09-09 08:00:00
2019,252,9,2538,51,52,63,36,6.8,2.9,-4.4,138.2,-2.1,1.9,-0.2,1.5,-1.2,1.2,6.3,2.6,3.8,4.2,158975.0,5.5,515.0,2.0,0.9,0.048,24830.0,0.8,9.0,1.0,0.8,0.006,2.9,0.62,1.42,8.9,5.9,0.0151,33,0,-16,18,69.8,228,-129,99,1.9,0.006087,999999.99,99999.99,99999.99,0.27,0.18,0.13,-1,2019-09-09 09:00:00
2019,252,10,2538,51,52,59,36,6.1,5.1,-65.3,210.2,-1.8,-1.1,-4.6,-3.4,-3.3,1.9,3.6,1.7,2.3,2.3,196707.0,5.7,519.0,2.9,1.7,0.057,25820.0,0.5,5.0,0.7,0.8,0.009,3.15,1.71,2.07,10.2,6.1,0.0115,33,0,-22,18,69.8,611,-484,126,2.5,0.006087,999999.99,99999.99,99999.99,0.28,0.19,0.14,-1,2019-09-09 10:00:00
2019,252,11,2538,51,52,59,36,5.3,2.7,-42.5,124.3,-1.1,1.6,-1.8,0.4,-2.4,0.6,4.5,3.0,2.3,2.4,172433.0,4.9,512.0,2.0,2.2,0.059,18558.0,0.7,7.0,0.8,1.0,0.006,2.65,1.23,2.18,10.7,6.3,0.0104,33,0,-31,18,69.8,713,-472,241,3.3,0.006087,999999.99,99999.99,99999.99,0.28,0.17,0.13,-1,2019-09-09 11:00:00
2019,252,12,2538,51,52,61,36,6.3,5.7,0.4,103.7,-1.4,5.5,0.0,4.7,-2.9,0.6,2.7,2.0,0.8,1.6,155150.0,4.7,508.0,0.9,1.1,0.054,14646.0,0.3,7.0,0.5,0.5,0.005,2.46,1.47,1.4,8.7,5.9,0.0156,30,0,-32,15,69.8,525,-302,223,3.9,0.006087,999999.99,99999.99,99999.99,0.29,0.18,0.13,-1,2019-09-09 12:00:00
2019,252,13,2538,51,52,61,36,4.5,3.7,-22.1,357.7,3.4,-0.1,-1.4,-0.8,-1.2,0.5,2.6,0.9,2.3,0.6,175106.0,4.6,517.0,1.3,1.7,0.045,13010.0,0.3,6.0,1.0,0.5,0.004,2.42,0.62,2.87,12.3,6.6,0.0078,30,0,-30,15,69.8,417,-266,151,1.8,0.006087,999999.99,99999.99,99999.99,0.28,0.17,0.13,-1,2019-09-09 13:00:00
2019,252,14,2538,51,52,58,35,3.2,2.4,-15.3,86.6,0.1,2.3,-0.6,1.7,-1.6,0.5,2.1,1.6,1.1,0.9,166107.0,4.6,505.0,1.0,1.1,0.048,12448.0,0.2,5.0,0.5,0.4,0.003,2.34,0.81,5.5,16.9,7.1,0.0042,30,0,-28,15,69.8,318,-190,128,1.7,0.006087,999999.99,99999.99,99999.99,0.29,0.19,0.13,-1,2019-09-09 14:00:00
2019,252,15,2538,51,52,60,37,3.6,3.0,-10.2,103.8,-0.7,2.9,-0.5,2.4,-1.7,0.4,2.0,1.5,0.6,1.1,153770.0,4.2,503.0,1.6,0.5,0.05,8845.0,0.2,7.0,0.7,0.5,0.003,2.13,0.86,3.8,14.3,6.9,0.0058,33,0,-26,18,69.8,406,-278,127,1.4,0.006087,999999.99,99999.99,99999.99,0.31,0.19,0.13,-1,2019-09-09 15:00:00
2019,252,16,2538,51,52,60,36,4.2,4.1,-31.3,97.9,-0.5,3.5,-2.1,2.4,-3.3,0.2,0.7,0.4,0.2,0.5,146927.0,4.0,505.0,1.5,1.1,0.054,9215.0,0.2,2.0,0.3,0.4,0.002,2.07,1.67,2.6,12.0,6.7,0.0082,33,0,-23,18,69.8,579,-463,116,2.9,0.006087,999999.99,99999.99,99999.99,0.28,0.19,0.15,-1,2019-09-09 16:00:00
2019,252,17,2538,51,52,58,35,3.8,2.9,-45.3,97.3,-0.3,2.0,-2.1,1.1,-2.7,0.4,2.4,2.0,0.7,1.1,128605.0,4.2,500.0,2.4,1.2,0.046,6851.0,0.3,4.0,1.2,0.8,0.003,2.08,1.35,3.11,13.5,7.0,0.0065,33,0,-28,18,69.8,470,-389,82,2.5,0.006087,999999.99,99999.99,99999.99,0.29,0.19,0.13,-1,2019-09-09 17:00:00
2019,252,18,2538,51,52,60,36,4.3,4.3,-3.1,179.1,-4.3,0.1,-0.2,0.0,-0.2,0.3,0.8,0.3,0.6,0.3,128631.0,3.8,491.0,4.0,-0.2,0.054,8890.0,0.1,2.0,0.4,0.3,0.004,1.86,0.1,2.2,11.1,6.5,0.0096,17,0,-34,6,69.8,157,-121,35,1.1,0.006087,999999.99,99999.99,99999.99,0.28,0.2,0.15,-1,2019-09-09 18:00:00
2019,252,19,2538,51,52,61,36,3.7,3.4,-7.5,192.6,-3.3,-0.7,-0.4,-0.8,-0.2,1.1,1.8,1.4,0.9,0.5,117034.0,3.4,494.0,4.0,-0.8,0.041,19780.0,0.4,7.0,0.6,0.4,0.006,1.61,0.1,2.54,12.3,6.9,0.0078,17,0,-32,6,69.8,86,-40,45,1.2,0.006087,999999.99,99999.99,99999.99,0.31,0.18,0.13,-1,2019-09-09 19:00:00
2019,252,20,2538,51,52,59,36,2.6,2.2,-30.7,243.1,-0.9,-1.7,-1.1,-1.9,-0.6,0.6,1.4,1.2,0.5,0.5,112882.0,3.9,490.0,4.7,0.4,0.042,10105.0,0.2,4.0,0.4,0.5,0.005,1.83,0.29,5.79,18.6,7.6,0.0034,17,0,-32,6,69.8,82,-58,25,1.5,0.006087,999999.99,99999.99,99999.99,0.3,0.19,0.14,-1,2019-09-09 20:00:00
2019,252,21,2538,51,52,61,36,4.2,3.6,-41.1,227.1,-1.8,-2.0,-2.4,-2.5,-1.8,0.5,2.2,1.3,1.3,1.1,104029.0,3.4,486.0,3.5,0.3,0.043,8671.0,0.4,3.0,0.4,0.5,0.005,1.57,0.87,1.86,10.7,6.6,0.0105,23,0,-33,9,69.8,150,-107,43,1.1,0.006087,999999.99,99999.99,99999.99,0.3,0.2,0.14,-1,2019-09-09 21:00:00
2019,252,22,2538,51,52,57,35,4.5,4.4,-30.1,179.5,-3.8,0.0,-2.2,-0.5,-2.1,0.3,0.9,0.4,0.6,0.5,92489.0,2.4,478.0,2.7,-0.1,0.054,15301.0,0.3,8.0,0.5,0.7,0.006,1.11,1.0,1.09,8.2,5.9,0.0176,23,0,-36,9,69.8,259,-159,100,1.7,0.006087,999999.99,99999.99,99999.99,0.31,0.19,0.14,-1,2019-09-09 22:00:00
2019,252,23,2538,51,52,59,36,4.6,4.5,-16.8,186.4,-4.3,-0.5,-1.3,-0.8,-1.1,0.2,0.7,0.3,0.6,0.3,92463.0,2.7,475.0,2.2,-0.1,0.05,8887.0,0.2,7.0,0.4,0.4,0.007,1.22,0.52,1.17,8.5,6.0,0.0165,23,0,-34,9,69.8,365,-234,132,2.9,0.006087,999999.99,99999.99,99999.99,0.26,0.18,0.13,-1,2019-09-09 23:00:00
2019,253,0,2538,51,52,59,24,4.7,4.7,-0.7,181.4,-4.7,-0.1,-0.1,-0.1,-0.1,0.2,0.6,0.2,0.4,0.5,83302.0,2.3,456.0,2.3,0.1,0.053,16082.0,0.4,4.0,0.4,0.4,0.007,0.97,0.05,0.92,7.4,5.5,0.022,13,0,-30,5,70.9,117,-65,52,1.0,0.006077,999999.99,99999.99,99999.99,0.29,0.19,0.14,-1,2019-09-10 00:00:00
2019,253,1,2538,51,52,61,13,4.8,4.7,4.4,171.1,-4.7,0.7,0.4,0.8,0.2,0.2,0.9,0.2,0.6,0.6,80041.0,2.4,447.0,-0.0,-0.8,0.047,20627.0,0.4,7.0,0.6,0.7,0.014,0.95,-0.09,0.9,7.2,5.4,0.0229,13,0,-26,5,70.9,43,-12,32,0.6,0.006077,999999.99,99999.99,99999.99,0.33,0.21,0.15,-1,2019-09-10 01:00:00
2019,253,2,2538,51,52,64,21,5.2,5.0,11.7,165.1,-4.7,1.3,1.0,1.5,0.6,0.4,1.6,0.4,1.2,0.9,99017.0,2.2,464.0,-1.7,-0.8,0.041,26544.0,0.5,17.0,1.5,0.9,0.012,0.92,-0.28,0.77,6.6,5.1,0.0272,13,0,-23,5,70.9,29,-3,27,0.0,0.006077,999999.99,99999.99,99999.99,0.29,0.19,0.14,-1,2019-09-10 02:00:00
2019,253,3,2538,51,52,61,20,5.2,5.1,3.4,159.5,-4.8,1.8,0.3,1.8,-0.3,0.2,0.7,0.2,0.4,0.6,99172.0,2.1,489.0,0.2,-0.6,0.056,17306.0,0.3,6.0,0.7,0.6,0.012,1.03,0.15,0.74,6.8,5.3,0.0256,13,0,-21,5,70.9,39,-4,36,0.5,0.006077,999999.99,99999.99,99999.99,0.3,0.19,0.14,-1,2019-09-10 03:00:00
2019,253,4,2538,51,52,60,19,5.3,5.2,2.9,154.2,-4.7,2.3,0.3,2.2,-0.6,0.2,0.9,0.2,0.5,0.7,96033.0,2.2,487.0,0.6,-1.5,0.045,26369.0,0.3,13.0,0.6,1.3,0.008,1.03,0.29,0.73,6.8,5.3,0.0256,13,0,-20,5,70.9,82,-22,60,0.5,0.006077,999999.99,99999.99,99999.99,0.28,0.19,0.14,-1,2019-09-10 04:00:00
2019,253,5,2538,51,52,59,10,5.8,5.6,14.1,154.2,-4.9,2.4,1.4,2.8,0.3,0.1,1.1,0.4,0.8,0.8,140098.0,2.0,499.0,0.8,-0.9,0.035,12751.0,0.1,2.0,0.4,0.4,0.006,0.95,-0.15,0.66,6.1,4.8,0.0321,13,0,-22,5,70.9,164,-101,63,1.0,0.006077,999999.99,99999.99,99999.99,0.29,0.18,0.13,-1,2019-09-10 05:00:00
2019,253,6,2538,51,52,60,13,6.0,5.7,39.1,181.3,-4.5,-0.1,3.6,1.5,3.3,0.2,1.7,0.6,1.3,0.8,94053.0,2.7,501.0,0.5,-2.8,0.029,20742.0,0.3,4.0,0.7,0.7,0.002,1.26,-1.65,0.69,6.9,5.4,0.0253,7,0,-18,3,70.9,70,-36,34,0.4,0.006077,999999.99,99999.99,99999.99,0.27,0.18,0.13,-1,2019-09-10 06:00:00
2019,253,7,2538,51,52,60,23,6.3,6.2,28.9,161.4,-5.1,1.7,3.0,2.9,1.8,0.1,0.7,0.1,0.5,0.5,83502.0,2.6,489.0,-1.2,-2.8,0.027,12082.0,0.1,3.0,0.5,0.6,0.003,1.15,-0.88,0.58,6.3,5.1,0.0304,7,0,-14,3,70.9,40,-11,29,0.3,0.006077,999999.99,99999.99,99999.99,0.31,0.2,0.14,-1,2019-09-10 07:00:00
2019,253,8,2538,51,52,59,23,5.8,5.5,11.4,154.6,-4.9,2.3,1.1,2.5,-0.2,0.4,1.6,0.5,1.0,1.1,78023.0,2.4,486.0,-2.4,-0.9,0.026,17017.0,0.2,4.0,1.0,1.1,0.003,1.05,0.1,0.61,6.5,5.2,0.0282,7,0,-13,3,70.9,64,-28,36,0.8,0.006077,999999.99,99999.99,99999.99,0.29,0.2,0.14,-1,2019-09-10 08:00:00
2019,253,9,2538,51,52,60,6,4.6,4.3,15.1,154.7,-3.7,1.8,1.1,2.1,-0.0,0.1,1.7,0.6,1.2,0.9,102125.0,2.9,491.0,-2.6,-1.8,0.026,12709.0,0.2,9.0,0.8,0.9,0.002,1.29,0.0,1.31,9.1,6.2,0.0144,20,0,-14,7,70.9,115,-86,29,0.6,0.006077,999999.99,99999.99,99999.99,0.29,0.19,0.14,-1,2019-09-10 09:00:00
2019,253,10,2538,51,52,61,14,4.5,4.5,18.2,170.1,-4.2,0.7,1.4,1.3,0.8,0.0,0.7,0.1,0.5,0.4,87402.0,2.2,484.0,-1.2,-2.6,0.027,20176.0,0.4,5.0,0.5,0.5,0.001,0.95,-0.39,0.98,8.0,5.9,0.0187,20,0,-15,7,70.9,92,-66,26,0.4,0.006077,999999.99,99999.99,99999.99,0.28,0.19,0.14,-1,2019-09-10 10:00:00
2019,253,11,2538,51,52,61,29,4.6,4.2,3.0,154.0,-3.8,1.9,0.2,1.7,-0.8,0.1,1.9,0.5,0.9,1.6,105049.0,2.8,500.0,-1.7,-1.6,0.029,6732.0,0.1,7.0,1.0,1.8,0.002,1.3,0.4,1.28,9.1,6.3,0.0144,20,0,-16,7,70.9,103,-45,58,0.9,0.006077,999999.99,99999.99,99999.99,0.26,0.17,0.14,-1,2019-09-10 11:00:00
2019,253,12,2538,51,52,59,24,4.5,4.4,-20.4,127.1,-2.5,3.3,-1.5,2.0,-3.0,0.1,0.9,0.6,0.5,0.4,114787.0,2.8,509.0,-2.7,0.2,0.032,6311.0,0.1,7.0,0.7,0.4,0.002,1.37,1.53,1.4,9.5,6.4,0.0133,17,0,-18,6,70.9,443,-330,113,1.7,0.006077,999999.99,99999.99,99999.99,0.28,0.18,0.13,-1,2019-09-10 12:00:00
2019,253,13,2538,51,52,60,6,4.6,4.2,-0.6,162.1,-4.0,1.3,0.0,1.1,-0.7,0.2,1.9,0.7,1.4,1.2,81067.0,2.2,496.0,-0.3,-1.0,0.029,22395.0,0.3,3.0,1.7,1.3,0.007,1.01,0.35,0.91,8.0,6.0,0.0186,17,0,-26,6,70.9,304,-161,143,0.9,0.006077,999999.99,99999.99,99999.99,0.31,0.19,0.13,-1,2019-09-10 13:00:00
2019,253,14,2538,51,52,59,14,4.7,4.7,12.8,179.5,-4.6,0.0,1.0,0.5,0.9,0.1,0.2,0.1,0.1,0.2,58123.0,2.0,494.0,1.2,-2.0,0.024,7637.0,0.2,6.0,0.1,0.3,0.003,0.89,-0.44,0.7,7.4,5.9,0.0215,17,0,-24,6,70.9,134,-68,66,0.3,0.006077,999999.99,99999.99,99999.99,0.31,0.19,0.14,-1,2019-09-10 14:00:00
2019,253,15,2538,51,52,58,14,4.7,4.7,10.6,181.3,-4.6,-0.1,0.9,0.3,0.9,0.1,0.4,0.1,0.3,0.2,45071.0,1.5,485.0,1.8,-1.7,0.023,11841.0,0.3,4.0,0.5,0.3,0.005,0.64,-0.44,0.49,6.3,5.3,0.0298,3,0,-22,2,70.9,58,-21,37,0.5,0.006077,999999.99,99999.99,99999.99,0.29,0.18,0.14,-1,2019-09-10 15:00:00
2019,253,16,2538,51,52,60,20,4.8,4.8,7.2,183.4,-4.7,-0.3,0.6,-0.0,0.7,0.0,0.2,0.0,0.1,0.2,49910.0,1.7,479.0,1.7,-1.0,0.028,10782.0,0.4,5.0,0.4,0.2,0.007,0.72,-0.34,0.55,6.5,5.4,0.0281,3,0,-21,2,70.9,39,-30,9,0.5,0.006077,999999.99,99999.99,99999.99,0.27,0.18,0.14,-1,2019-09-10 16:00:00
2019,253,17,2538,51,52,61,4,4.6,4.6,7.9,182.2,-4.5,-0.2,0.6,0.0,0.6,0.1,0.3,0.1,0.3,0.2,64380.0,1.5,474.0,1.1,-0.7,0.025,27170.0,0.3,7.0,0.3,0.2,0.0,0.62,-0.28,0.57,6.3,5.2,0.0299,3,0,-22,2,70.9,43,-31,12,0.4,0.006077,999999.99,99999.99,99999.99,0.29,0.19,0.13,-1,2019-09-10 17:00:00
2019,253,18,2538,51,52,57,16,4.4,4.4,4.2,183.1,-4.3,-0.2,0.3,-0.1,0.3,0.1,0.4,0.1,0.2,0.3,58182.0,1.7,476.0,1.4,-0.3,0.028,14041.0,0.3,4.0,0.9,0.3,0.001,0.72,-0.14,0.68,7.1,5.6,0.0239,0,0,-23,0,70.9,27,-21,6,0.4,0.006077,999999.99,99999.99,99999.99,0.29,0.19,0.13,-1,2019-09-10 18:00:00
2019,253,19,2538,51,52,60,18,4.3,4.3,-1.5,186.8,-4.2,-0.5,-0.1,-0.5,0.0,0.0,0.3,0.0,0.2,0.2,52568.0,1.7,473.0,1.7,-0.2,0.029,12918.0,0.2,6.0,0.5,0.3,0.003,0.71,-0.0,0.69,7.2,5.7,0.0231,0,0,-25,0,70.9,22,-11,11,0.2,0.006077,999999.99,99999.99,99999.99,0.3,0.2,0.14,-1,2019-09-10 19:00:00
2019,253,20,2538,51,52,60,29,4.5,4.4,4.6,185.1,-4.4,-0.4,0.4,-0.3,0.5,0.1,0.5,0.1,0.5,0.2,48832.0,1.3,468.0,2.0,-1.1,0.025,11425.0,0.2,4.0,0.7,0.4,0.002,0.52,-0.23,0.47,5.9,5.0,0.0338,0,0,-27,0,70.9,25,-12,13,0.1,0.006077,999999.99,99999.99,99999.99,0.33,0.2,0.14,-1,2019-09-10 20:00:00
2019,253,21,2538,51,52,60,9,4.4,4.3,5.3,184.4,-4.3,-0.3,0.4,-0.2,0.5,0.0,0.4,0.1,0.3,0.3,51663.0,1.3,464.0,1.8,-0.6,0.027,10400.0,0.2,5.0,0.4,0.4,0.001,0.52,-0.23,0.5,6.0,5.0,0.0329,3,0,-28,2,70.9,24,-10,14,-0.0,0.006077,999999.99,99999.99,99999.99,0.27,0.18,0.13,-1,2019-09-10 21:00:00
2019,253,22,2538,51,52,59,36,4.2,4.1,9.5,171.8,-4.0,0.6,0.7,0.7,0.5,0.1,0.6,0.2,0.5,0.3,60049.0,1.3,461.0,0.3,-0.9,0.031,26737.0,0.2,5.0,0.9,0.8,0.003,0.52,-0.23,0.58,6.3,5.1,0.0304,3,0,-25,2,70.9,26,-8,17,0.0,0.006077,999999.99,99999.99,99999.99,0.29,0.19,0.14,-1,2019-09-10 22:00:00
2019,253,23,2538,51,52,59,35,3.9,3.9,2.1,170.6,-3.8,0.6,0.1,0.6,-0.0,0.1,0.3,0.1,0.2,0.2,87104.0,1.1,455.0,0.1,0.8,0.034,33711.0,0.2,5.0,0.3,0.5,0.006,0.43,0.0,0.65,6.1,4.9,0.0318,3,0,-24,2,70.9,18,-5,13,0.3,0.006077,999999.99,99999.99,99999.99,0.27,0.18,0.14,-1,2019-09-10 23:00:00
2019,254,0,2538,51,52,59,32,4.2,4.2,7.7,178.4,-4.2,0.1,0.6,0.2,0.6,0.3,0.5,0.3,0.3,0.3,80843.0,1.2,449.0,1.1,0.5,0.032,35681.0,0.3,4.0,0.5,0.5,0.004,0.46,-0.27,0.59,5.9,4.8,0.0347,7,0,-19,3,69.0,49,-16,33,0.3,0.006052,999999.99,99999.99,99999.99,0.31,0.19,0.13,-1,2019-09-11 00:00:00
2019,254,1,2538,51,52,60,32,4.7,4.5,5.2,171.1,-4.4,0.7,0.4,0.8,0.2,0.1,1.3,0.4,0.9,0.9,74449.0,1.7,455.0,0.1,0.2,0.03,17573.0,0.3,8.0,1.6,1.2,0.001,0.66,-0.09,0.65,6.3,5.1,0.0299,7,0,-15,3,69.0,43,-5,38,-0.1,0.006052,999999.99,99999.99,99999.99,0.31,0.2,0.15,-1,2019-09-11 01:00:00
2019,254,2,2538,51,52,60,35,4.5,4.5,-1.8,182.0,-4.5,-0.2,-0.1,-0.2,-0.0,0.3,0.6,0.3,0.4,0.3,95735.0,2.1,453.0,1.2,0.7,0.033,25364.0,0.4,8.0,0.6,0.6,0.004,0.81,0.0,0.97,7.3,5.4,0.0224,7,0,-14,3,69.0,44,-6,38,-0.2,0.006052,999999.99,99999.99,99999.99,0.3,0.2,0.14,-1,2019-09-11 02:00:00
2019,254,3,2538,51,52,59,37,4.0,4.0,2.7,177.8,-4.0,0.2,0.2,0.3,0.1,0.2,0.3,0.2,0.1,0.2,138662.0,2.1,452.0,1.5,0.7,0.033,28054.0,0.3,7.0,0.2,0.3,0.003,0.81,-0.05,1.46,8.2,5.4,0.0177,10,0,-14,4,69.0,40,-6,34,-0.3,0.006052,999999.99,99999.99,99999.99,0.28,0.19,0.14,-1,2019-09-11 03:00:00
2019,254,4,2538,51,52,61,35,3.3,1.8,-20.3,118.9,-0.8,1.4,-0.6,1.1,-1.1,0.6,2.9,2.3,1.5,1.0,121008.0,2.4,447.0,1.3,1.3,0.031,19839.0,0.2,7.0,0.8,0.5,0.003,0.9,0.49,2.29,10.5,6.1,0.0108,10,0,-15,4,69.0,40,-7,33,-0.2,0.006052,999999.99,99999.99,99999.99,0.31,0.19,0.14,-1,2019-09-11 04:00:00
2019,254,5,2538,51,52,58,35,4.0,3.4,-12.2,94.6,-0.3,3.3,-0.7,2.7,-2.0,0.3,1.9,1.4,0.6,1.2,112398.0,2.6,440.0,0.5,0.8,0.028,16090.0,0.2,10.0,1.2,1.4,0.003,0.93,0.88,1.63,8.9,5.7,0.0151,10,0,-17,4,69.0,78,-16,62,0.8,0.006052,999999.99,99999.99,99999.99,0.31,0.21,0.15,-1,2019-09-11 05:00:00
2019,254,6,2538,51,52,61,34,4.2,3.9,-13.4,90.6,0.0,3.8,-0.9,3.0,-2.5,0.2,1.6,1.1,0.5,1.0,98601.0,2.4,441.0,-0.4,2.1,0.027,11186.0,0.3,7.0,0.7,0.8,0.004,0.86,1.1,1.28,8.1,5.6,0.018,20,0,-24,7,69.0,247,-205,41,1.5,0.006052,999999.99,99999.99,99999.99,0.33,0.2,0.14,-1,2019-09-11 06:00:00
2019,254,7,2538,51,52,60,36,4.3,4.1,1.3,132.7,-2.8,3.0,0.1,2.7,-1.4,0.2,1.1,0.7,0.4,0.7,82752.0,2.1,444.0,-0.1,1.4,0.025,19553.0,0.4,6.0,0.9,0.5,0.003,0.76,0.62,1.0,7.5,5.5,0.0212,20,0,-28,7,69.0,297,-241,56,1.9,0.006052,999999.99,99999.99,99999.99,0.29,0.2,0.14,-1,2019-09-11 07:00:00
2019,254,8,2538,51,52,60,32,4.3,4.2,1.3,143.0,-3.4,2.5,0.1,2.2,-1.2,0.1,0.7,0.2,0.3,0.6,75069.0,1.9,440.0,1.0,1.0,0.029,22882.0,0.5,4.0,0.8,0.6,0.002,0.69,0.53,0.87,7.1,5.3,0.0239,20,0,-25,7,69.0,264,-205,59,1.0,0.006052,999999.99,99999.99,99999.99,0.29,0.19,0.14,-1,2019-09-11 08:00:00
2019,254,9,2538,51,52,60,35,3.9,3.6,0.2,136.1,-2.6,2.5,0.0,2.1,-1.3,0.6,1.4,0.4,0.8,1.1,89622.0,2.4,444.0,1.2,0.2,0.031,11144.0,0.5,3.0,0.7,0.7,0.005,0.89,0.58,1.43,8.8,5.9,0.0153,17,0,-23,6,69.0,320,-244,76,2.0,0.006052,999999.99,99999.99,99999.99,0.28,0.2,0.15,-1,2019-09-11 09:00:00
2019,254,10,2538,51,52,61,37,2.9,2.2,-8.4,133.6,-1.5,1.6,-0.3,1.2,-1.1,0.2,1.7,1.0,0.7,1.3,94264.0,2.8,448.0,1.9,-0.4,0.037,6119.0,0.2,3.0,0.3,0.3,0.002,1.08,0.49,3.08,12.9,6.8,0.0071,17,0,-22,6,69.0,134,-82,53,1.5,0.006052,999999.99,99999.99,99999.99,0.28,0.2,0.15,-1,2019-09-11 10:00:00
2019,254,11,2538,51,52,60,37,2.7,2.5,-1.1,100.7,-0.5,2.5,0.0,2.1,-1.3,0.2,1.0,0.4,0.3,0.9,92822.0,2.4,450.0,1.5,-0.2,0.036,5813.0,0.2,4.0,0.4,0.3,0.003,0.93,0.58,3.03,12.9,6.8,0.0071,17,0,-23,6,69.0,175,-98,78,1.5,0.006052,999999.99,99999.99,99999.99,0.29,0.2,0.15,-1,2019-09-11 11:00:00
2019,254,12,2538,51,52,59,35,2.7,2.0,-24.6,122.1,-1.0,1.5,-0.8,0.9,-1.5,0.1,1.7,0.7,1.0,1.3,88244.0,2.6,450.0,2.0,0.2,0.034,5656.0,0.1,2.0,0.4,0.5,0.003,1.0,0.68,3.21,13.4,6.9,0.0066,10,0,-25,4,69.0,208,-120,89,1.2,0.006052,999999.99,99999.99,99999.99,0.27,0.18,0.14,-1,2019-09-11 12:00:00
2019,254,13,2538,51,52,59,34,2.6,2.4,-51.3,201.8,-1.4,-0.6,-1.9,-1.5,-1.3,0.2,1.1,0.7,0.3,0.8,83444.0,2.5,441.0,2.9,0.4,0.035,5536.0,0.1,3.0,0.3,0.4,0.003,0.93,0.57,3.26,13.4,6.9,0.0066,10,0,-30,4,69.0,159,-78,81,1.1,0.006052,999999.99,99999.99,99999.99,0.31,0.19,0.13,-1,2019-09-11 13:00:00
2019,254,14,2538,51,52,61,37,2.3,1.6,-40.4,143.3,-1.0,0.7,-1.1,0.1,-1.3,0.3,1.6,1.0,0.7,1.0,86948.0,2.4,441.0,2.2,0.2,0.033,6160.0,0.1,2.0,0.7,0.2,0.003,0.88,0.57,4.06,14.9,7.0,0.0054,10,0,-30,4,69.0,107,-59,48,1.3,0.006052,999999.99,99999.99,99999.99,0.29,0.18,0.14,-1,2019-09-11 14:00:00
2019,254,15,2538,51,52,59,23,2.7,2.4,-9.4,134.7,-1.7,1.7,-0.4,1.3,-1.1,0.1,1.2,0.7,0.4,0.9,72302.0,2.2,437.0,1.3,-0.3,0.031,4694.0,0.1,5.0,0.5,0.6,0.003,0.79,0.48,2.52,12.0,6.7,0.0083,10,0,-26,4,69.0,217,-146,72,1.1,0.006052,999999.99,99999.99,99999.99,0.29,0.19,0.14,-1,2019-09-11 15:00:00
2019,254,16,2538,51,52,59,5,2.7,2.4,3.5,146.4,-2.0,1.3,0.1,1.2,-0.4,0.1,1.1,0.4,0.3,1.0,67253.0,2.2,433.0,0.8,0.0,0.03,1037.0,0.1,4.0,0.3,0.7,0.002,0.77,0.17,2.46,11.9,6.7,0.0084,10,0,-23,4,69.0,90,-66,23,0.3,0.006052,999999.99,99999.99,99999.99,0.28,0.19,0.14,-1,2019-09-11 16:00:00
2019,254,17,2538,51,52,59,19,2.8,2.6,9.5,144.8,-2.1,1.5,0.4,1.5,-0.2,0.1,0.9,0.2,0.2,0.9,64869.0,2.0,430.0,0.2,-0.7,0.03,10169.0,0.2,8.0,0.4,0.7,0.004,0.69,0.09,2.05,10.9,6.5,0.0101,10,0,-23,4,69.0,43,-26,17,0.2,0.006052,999999.99,99999.99,99999.99,0.28,0.18,0.13,-1,2019-09-11 17:00:00
2019,254,18,2538,51,52,60,28,2.6,2.5,2.3,154.9,-2.2,1.0,0.1,1.0,-0.2,0.2,0.8,0.3,0.4,0.7,65847.0,2.1,419.0,0.2,-0.8,0.027,8293.0,0.3,6.0,0.5,0.9,0.002,0.68,0.08,2.51,11.7,6.6,0.0087,7,0,-23,3,69.0,89,-77,12,0.1,0.006052,999999.99,99999.99,99999.99,0.27,0.18,0.13,-1,2019-09-11 18:00:00
2019,254,19,2538,51,52,59,29,2.8,2.8,-7.1,158.0,-2.5,1.0,-0.3,0.9,-0.6,0.2,0.5,0.2,0.3,0.3,42976.0,2.0,415.0,1.0,0.2,0.022,10556.0,0.3,6.0,0.8,0.6,0.003,0.63,0.25,1.82,10.5,6.5,0.0108,7,0,-24,3,69.0,100,-87,14,0.5,0.006052,999999.99,99999.99,99999.99,0.3,0.19,0.14,-1,2019-09-11 19:00:00
2019,254,20,2538,51,52,58,8,3.0,3.0,10.5,160.1,-2.8,1.0,0.5,1.1,0.2,0.1,0.4,0.2,0.3,0.3,39628.0,2.0,401.0,0.0,-0.8,0.018,6401.0,0.2,4.0,0.4,0.3,0.002,0.58,-0.08,1.55,9.5,6.2,0.0133,7,0,-25,3,69.0,60,-44,16,0.2,0.006052,999999.99,99999.99,99999.99,0.29,0.19,0.14,-1,2019-09-11 20:00:00
2019,254,21,2538,51,52,60,10,3.1,3.1,13.3,177.6,-3.0,0.1,0.7,0.3,0.7,0.1,0.7,0.1,0.6,0.2,36283.0,2.1,393.0,0.6,-1.4,0.019,7875.0,0.1,3.0,1.0,0.3,0.002,0.58,-0.28,1.5,9.2,6.1,0.0141,3,0,-25,2,69.0,34,-8,26,0.1,0.006052,999999.99,99999.99,99999.99,0.3,0.19,0.14,-1,2019-09-11 21:00:00
2019,254,22,2538,51,52,60,20,3.1,2.7,-7.6,176.9,-2.7,0.1,-0.4,0.0,-0.4,0.1,1.4,0.5,1.2,0.5,41501.0,2.3,400.0,0.6,-0.5,0.023,6980.0,0.2,6.0,1.5,0.4,0.003,0.67,0.16,1.69,9.8,6.2,0.0124,3,0,-23,2,69.0,32,-7,25,0.4,0.006052,999999.99,99999.99,99999.99,0.31,0.19,0.14,-1,2019-09-11 22:00:00
2019,254,23,2538,51,52,59,32,3.1,2.8,-8.9,148.7,-2.4,1.4,-0.4,1.3,-0.7,0.1,1.1,0.6,0.4,0.9,48101.0,2.4,399.0,-0.1,-0.1,0.02,21855.0,0.2,5.0,1.0,1.1,0.002,0.69,0.28,1.83,10.0,6.2,0.012,3,0,-20,2,69.0,25,-6,20,0.4,0.006052,999999.99,99999.99,99999.99,0.28,0.18,0.13,-1,2019-09-11 23:00:00
2019,255,0,2538,51,52,60,9,2.7,2.6,-15.3,142.5,-2.0,1.5,-0.7,1.3,-1.1,0.1,0.8,0.3,0.3,0.6,46027.0,2.6,398.0,-1.2,1.0,0.019,7904.0,0.1,6.0,0.2,0.3,0.002,0.74,0.44,2.59,11.9,6.6,0.0084,13,0,-20,5,70.3,31,-13,18,0.4,0.006063,999999.99,99999.99,99999.99,0.31,0.2,0.14,-1,2019-09-12 00:00:00
2019,255,1,2538,51,52,60,16,3.0,2.8,6.4,154.4,-2.5,1.2,0.3,1.2,-0.0,0.2,1.1,0.5,0.5,0.8,49658.0,2.7,392.0,-0.8,-1.3,0.024,7707.0,0.2,9.0,0.7,1.4,0.003,0.76,0.0,2.22,10.7,6.3,0.0103,13,0,-17,5,70.3,19,-9,10,0.4,0.006063,999999.99,99999.99,99999.99,0.28,0.19,0.14,-1,2019-09-12 01:00:00
2019,255,2,2538,51,52,62,18,3.1,2.8,6.9,117.5,-1.3,2.5,0.3,2.5,-0.5,0.1,1.3,0.9,0.8,0.6,56480.0,3.3,397.0,-1.6,-1.7,0.019,5767.0,0.2,6.0,0.4,0.7,0.002,0.93,0.2,2.64,11.6,6.4,0.0088,13,0,-12,5,70.3,28,-4,24,0.2,0.006063,999999.99,99999.99,99999.99,0.31,0.2,0.15,-1,2019-09-12 02:00:00
2019,255,3,2538,51,52,58,27,2.9,1.9,1.6,105.0,-0.5,1.8,0.1,1.7,-0.5,0.1,2.1,1.4,1.3,0.9,56371.0,3.4,404.0,-1.6,-1.2,0.019,6296.0,0.2,6.0,0.8,0.8,0.002,1.0,0.2,3.11,12.8,6.7,0.0072,7,0,-12,3,70.3,39,-5,34,0.5,0.006063,999999.99,99999.99,99999.99,0.29,0.18,0.14,-1,2019-09-12 03:00:00
2019,255,4,2538,51,52,59,10,3.2,3.0,21.1,186.0,-2.7,-0.3,1.1,0.1,1.1,0.1,1.0,0.5,0.7,0.7,54104.0,3.4,396.0,-0.0,-2.4,0.02,3361.0,0.1,4.0,1.0,0.4,0.002,0.96,-0.44,2.52,11.4,6.4,0.0091,7,0,-14,3,70.3,25,-8,18,0.1,0.006063,999999.99,99999.99,99999.99,0.33,0.21,0.15,-1,2019-09-12 04:00:00
2019,255,5,2538,51,52,62,17,3.1,2.1,-2.7,130.8,-1.4,1.6,-0.1,1.4,-0.8,0.1,2.3,1.1,1.8,0.9,57431.0,3.9,401.0,-2.3,-1.4,0.018,2991.0,0.2,10.0,1.0,0.7,0.002,1.12,0.32,3.14,12.8,6.6,0.0073,7,0,-13,3,70.3,27,-5,21,0.1,0.006063,999999.99,99999.99,99999.99,0.27,0.19,0.14,-1,2019-09-12 05:00:00
2019,255,6,2538,51,52,57,10,3.2,2.4,4.5,108.0,-0.8,2.3,0.2,2.1,-0.9,0.1,2.1,1.7,1.0,0.6,58808.0,4.1,394.0,-2.2,-2.4,0.02,3929.0,0.2,7.0,1.0,0.6,0.003,1.15,0.35,3.12,12.5,6.5,0.0077,17,0,-13,6,70.3,108,-59,49,0.7,0.006063,999999.99,99999.99,99999.99,0.3,0.18,0.13,-1,2019-09-12 06:00:00
2019,255,7,2538,51,52,62,35,3.8,2.7,-22.5,112.8,-1.0,2.3,-1.0,1.5,-2.0,0.5,2.6,1.5,1.5,1.5,54565.0,4.0,400.0,-1.7,-1.4,0.018,6701.0,0.3,9.0,0.8,1.3,0.005,1.15,0.8,2.11,10.5,6.3,0.0107,17,0,-13,6,70.3,218,-183,36,0.7,0.006063,999999.99,99999.99,99999.99,0.3,0.19,0.14,-1,2019-09-12 07:00:00
2019,255,8,2538,51,52,61,36,4.2,3.7,-8.2,78.2,0.7,3.6,-0.5,2.8,-2.3,0.2,1.8,0.5,0.5,1.7,52854.0,4.5,411.0,-0.9,-2.7,0.014,4673.0,0.4,4.0,1.0,1.5,0.002,1.34,0.95,1.92,10.4,6.4,0.011,17,0,-16,6,70.3,266,-208,58,1.5,0.006063,999999.99,99999.99,99999.99,0.27,0.18,0.13,-1,2019-09-12 08:00:00
2019,255,9,2538,51,52,61,37,4.1,3.9,-41.7,80.3,0.5,2.9,-2.6,1.1,-3.7,0.2,1.3,1.1,0.5,0.7,53251.0,4.5,410.0,-0.8,-1.2,0.014,6513.0,0.3,9.0,0.5,1.1,0.002,1.33,1.52,2.02,10.6,6.4,0.0106,20,0,-19,7,70.3,447,-334,113,2.3,0.006063,999999.99,99999.99,99999.99,0.26,0.18,0.13,-1,2019-09-12 09:00:00
2019,255,10,2538,51,52,60,36,4.3,1.4,9.4,99.2,-0.2,1.4,0.2,1.3,-0.6,0.4,4.0,2.0,2.5,2.4,48872.0,5.1,413.0,-0.3,-2.4,0.018,7037.0,0.5,5.0,1.3,1.0,0.005,1.56,0.25,2.03,10.8,6.5,0.0101,20,0,-24,7,70.3,523,-355,168,2.3,0.006063,999999.99,99999.99,99999.99,0.29,0.19,0.14,-1,2019-09-12 10:00:00
2019,255,11,2538,51,52,60,37,4.3,3.0,45.7,171.5,-2.1,0.3,2.2,1.4,1.7,0.2,3.0,1.3,2.6,0.6,51583.0,5.4,412.0,0.6,-2.6,0.022,6501.0,0.3,2.0,0.4,0.4,0.007,1.67,-0.7,2.19,11.1,6.6,0.0096,20,0,-22,7,70.3,224,-115,109,1.4,0.006063,999999.99,99999.99,99999.99,0.31,0.19,0.14,-1,2019-09-12 11:00:00
2019,255,12,2538,51,52,59,36,4.4,4.3,24.6,131.5,-2.6,2.9,1.8,3.4,0.0,0.2,1.1,0.6,0.7,0.6,57313.0,5.4,416.0,0.3,-1.9,0.026,5027.0,0.3,3.0,0.5,0.5,0.002,1.72,-0.0,2.15,11.0,6.5,0.0099,13,0,-16,5,70.3,66,-15,51,1.0,0.006063,999999.99,99999.99,99999.99,0.29,0.18,0.13,-1,2019-09-12 12:00:00
2019,255,13,2538,51,52,62,35,5.0,4.8,43.5,164.7,-3.3,0.9,3.3,2.4,2.4,0.4,1.6,0.7,1.3,0.7,59251.0,5.2,413.0,0.3,-2.1,0.019,9373.0,0.5,4.0,0.5,0.6,0.002,1.59,-0.99,1.62,9.4,6.1,0.0134,13,0,-14,5,70.3,59,-24,35,0.2,0.006063,999999.99,99999.99,99999.99,0.29,0.18,0.13,-1,2019-09-12 13:00:00
2019,255,14,2538,51,52,60,36,4.5,3.7,0.3,172.4,-3.6,0.5,0.0,0.4,-0.2,0.4,2.6,0.9,1.9,1.6,67308.0,6.3,415.0,1.1,-2.2,0.022,7579.0,0.5,4.0,0.6,1.2,0.003,1.97,0.08,2.53,11.6,6.5,0.0089,13,0,-13,5,70.3,81,-50,32,0.9,0.006063,999999.99,99999.99,99999.99,0.26,0.18,0.13,-1,2019-09-12 14:00:00
2019,255,15,2538,51,52,58,35,4.9,4.4,-8.6,143.4,-3.5,2.6,-0.7,2.0,-1.8,0.4,2.0,0.3,1.2,1.5,66993.0,6.5,410.0,-0.6,-3.3,0.02,7958.0,0.4,4.0,1.1,0.6,0.003,1.97,0.74,2.2,10.7,6.3,0.0105,17,0,-15,6,70.3,140,-110,31,1.3,0.006063,999999.99,99999.99,99999.99,0.27,0.18,0.13,-1,2019-09-12 15:00:00
2019,255,16,2538,51,52,58,36,5.0,4.5,13.6,124.9,-2.5,3.6,1.1,3.7,-0.4,0.4,2.1,1.0,1.3,1.4,63184.0,6.4,411.0,-1.3,-4.3,0.014,8722.0,0.8,6.0,1.1,1.1,0.003,1.91,0.16,2.04,10.4,6.3,0.011,17,0,-14,6,70.3,233,-198,34,0.4,0.006063,999999.99,99999.99,99999.99,0.28,0.19,0.13,-1,2019-09-12 16:00:00
2019,255,17,2538,51,52,61,36,4.6,3.9,-28.1,171.7,-3.4,0.5,-1.8,-0.2,-1.9,0.2,2.3,0.8,1.3,1.8,58158.0,8.0,404.0,1.3,-2.3,0.009,17080.0,0.7,7.0,1.1,1.3,0.002,2.26,0.77,2.93,12.4,6.6,0.0077,17,0,-14,6,70.3,187,-152,35,0.8,0.006063,999999.99,99999.99,99999.99,0.26,0.18,0.13,-1,2019-09-12 17:00:00
2019,255,18,2538,51,52,61,36,5.2,4.9,-13.5,182.5,-4.8,-0.2,-1.2,-0.6,-1.1,0.4,1.5,0.6,1.1,0.9,51866.0,10.3,404.0,2.3,-3.1,0.008,3886.0,0.8,2.0,0.8,0.5,0.001,2.9,0.44,2.86,12.5,6.7,0.0077,13,0,-18,5,70.3,237,-176,61,1.0,0.006063,999999.99,99999.99,99999.99,0.32,0.2,0.14,-1,2019-09-12 18:00:00
2019,255,19,2538,51,52,59,36,5.4,5.3,13.3,183.8,-5.2,-0.3,1.2,0.1,1.2,0.3,0.9,0.2,0.5,0.7,47679.0,11.1,402.0,1.7,-4.7,0.007,3075.0,0.5,2.0,0.4,0.4,0.001,3.08,-0.48,2.79,12.4,6.7,0.0077,13,0,-20,5,70.3,167,-105,62,0.6,0.006063,999999.99,99999.99,99999.99,0.27,0.17,0.12,-1,2019-09-12 19:00:00
2019,255,20,2538,51,52,62,38,6.3,6.0,22.8,181.6,-5.5,-0.2,2.3,0.4,2.3,0.4,1.9,0.5,1.7,0.7,47426.0,9.4,408.0,-0.3,-5.1,0.014,7165.0,1.7,9.0,1.4,0.3,0.008,2.76,-0.94,1.73,9.9,6.3,0.0121,13,0,-18,5,70.3,51,-26,24,0.2,0.006063,999999.99,99999.99,99999.99,0.29,0.18,0.13,-1,2019-09-12 20:00:00
2019,255,21,2538,51,52,62,36,7.3,7.2,32.1,181.4,-6.1,-0.2,3.8,0.7,3.7,0.2,1.1,0.3,0.9,0.5,50837.0,6.7,419.0,-0.7,-5.0,0.03,3888.0,0.5,3.0,1.1,0.7,0.005,2.2,-1.55,0.94,7.4,5.5,0.0216,10,0,-21,4,70.3,50,-17,34,-0.1,0.006063,999999.99,99999.99,99999.99,0.26,0.18,0.14,-1,2019-09-12 21:00:00
2019,255,22,2538,51,52,60,37,7.4,6.9,34.6,190.7,-5.6,-1.1,3.9,-0.1,4.0,0.2,2.3,1.1,2.0,0.5,61045.0,8.0,426.0,-0.3,-4.6,0.038,7429.0,1.1,7.0,1.1,0.6,0.005,2.79,-1.7,1.15,8.1,5.8,0.0179,10,0,-17,4,70.3,50,-11,39,-0.0,0.006063,999999.99,99999.99,99999.99,0.29,0.19,0.14,-1,2019-09-12 22:00:00
2019,255,23,2538,51,52,62,37,6.8,6.5,45.8,193.2,-4.4,-1.0,4.7,0.2,4.8,0.4,1.7,0.3,1.5,0.5,73288.0,9.6,438.0,-0.7,-4.6,0.044,10538.0,0.5,5.0,0.8,0.7,0.007,3.62,-2.1,1.74,10.0,6.3,0.0119,10,0,-12,4,70.3,39,-4,34,0.1,0.006063,999999.99,99999.99,99999.99,0.3,0.19,0.14,-1,2019-09-12 23:00:00
2019,256,0,2538,51,52,61,36,6.5,5.6,48.9,194.2,-3.6,-0.9,4.2,0.2,4.3,0.7,3.2,1.9,2.3,1.0,104866.0,7.5,453.0,-0.3,-2.8,0.068,28650.0,1.2,15.0,1.2,1.3,0.014,3.27,-1.95,1.72,9.5,6.0,0.0131,20,0,-6,7,69.1,29,2,31,0.1,0.006066,999999.99,99999.99,99999.99,0.31,0.19,0.14,-1,2019-09-13 00:00:00
2019,256,1,2538,51,52,60,34,7.0,3.8,8.0,130.4,-2.4,2.9,0.5,2.9,-0.3,0.9,5.8,3.4,1.6,4.5,137574.0,5.5,453.0,-0.6,-1.8,0.079,30025.0,0.8,8.0,0.6,1.5,0.01,2.48,0.14,1.24,7.6,5.3,0.0207,20,0,-5,7,69.1,67,-18,49,0.7,0.006066,999999.99,99999.99,99999.99,0.28,0.18,0.13,-1,2019-09-13 01:00:00
2019,256,2,2538,51,52,63,38,6.3,5.3,22.2,141.9,-3.9,3.0,2.0,3.5,1.0,0.7,3.3,1.7,1.6,2.3,142095.0,6.7,450.0,-0.4,-1.5,0.068,20514.0,0.4,7.0,0.6,0.9,0.009,2.88,-0.45,1.9,9.2,5.7,0.0139,20,0,-6,7,69.1,147,-89,58,0.9,0.006066,999999.99,99999.99,99999.99,0.3,0.19,0.14,-1,2019-09-13 02:00:00
2019,256,3,2538,51,52,59,36,6.5,4.2,10.7,61.4,2.0,3.6,0.8,3.7,-0.5,0.9,4.9,3.4,1.6,3.1,169284.0,6.9,464.0,0.5,-0.8,0.058,21240.0,0.5,5.0,0.8,0.9,0.008,3.06,0.23,2.02,9.4,5.7,0.0135,27,0,-3,12,69.1,80,-30,50,0.7,0.006066,999999.99,99999.99,99999.99,0.29,0.2,0.14,-1,2019-09-13 03:00:00
2019,256,4,2538,51,52,62,37,6.0,4.4,-4.2,132.9,-3.0,3.2,-0.3,2.8,-1.5,0.6,3.8,2.1,2.0,2.5,190177.0,7.3,471.0,0.3,0.7,0.062,15589.0,0.4,7.0,0.9,1.3,0.005,3.38,0.71,2.69,10.6,5.8,0.0106,27,0,-7,12,69.1,181,-92,89,1.5,0.006066,999999.99,99999.99,99999.99,0.31,0.18,0.14,-1,2019-09-13 04:00:00
2019,256,5,2538,51,52,57,35,5.6,4.7,26.1,166.9,-4.1,1.0,2.1,1.8,1.5,0.9,3.0,1.4,1.4,2.2,183858.0,7.6,469.0,0.7,-0.5,0.058,15555.0,0.5,7.0,0.8,1.5,0.004,3.44,-0.7,3.15,11.5,6.0,0.0089,27,0,-8,12,69.1,262,-196,66,0.7,0.006066,999999.99,99999.99,99999.99,0.28,0.19,0.14,-1,2019-09-13 05:00:00
2019,256,6,2538,51,52,63,37,6.4,4.8,14.6,159.1,-4.3,1.7,1.2,2.1,0.3,0.3,4.1,1.8,2.2,3.0,179321.0,7.5,467.0,-0.3,-0.2,0.057,13295.0,0.3,11.0,1.3,1.9,0.007,3.35,-0.14,2.34,10.0,5.7,0.0119,27,0,-4,12,69.1,417,-358,59,1.7,0.006066,999999.99,99999.99,99999.99,0.28,0.19,0.14,-1,2019-09-13 06:00:00
2019,256,7,2538,51,52,60,36,7.8,6.0,35.8,160.2,-4.6,1.6,3.5,3.1,2.3,0.4,4.9,2.1,3.0,3.3,156589.0,6.8,477.0,1.1,-0.8,0.046,12634.0,0.6,7.0,2.5,1.9,0.005,3.06,-1.1,1.32,8.0,5.4,0.0187,27,0,-1,12,69.1,190,-90,100,1.1,0.006066,999999.99,99999.99,99999.99,0.27,0.18,0.14,-1,2019-09-13 07:00:00
2019,256,8,2538,51,52,59,35,8.0,7.7,27.1,164.5,-6.6,1.8,3.5,3.3,2.1,0.2,2.0,0.4,1.5,1.3,148133.0,6.1,467.0,1.1,-1.2,0.044,9807.0,0.5,4.0,1.5,1.1,0.004,2.61,-0.98,1.1,7.2,5.2,0.0229,27,0,0,12,69.1,51,-14,37,0.5,0.006066,999999.99,99999.99,99999.99,0.28,0.18,0.13,-1,2019-09-13 08:00:00
2019,256,9,2538,51,52,62,33,7.8,7.4,39.5,167.8,-5.6,1.2,4.7,3.5,3.3,1.1,2.6,0.7,0.8,2.3,148155.0,6.2,481.0,1.7,-0.4,0.047,24121.0,0.7,8.0,0.7,1.8,0.008,2.85,-1.59,1.17,7.7,5.4,0.0202,17,0,-1,6,69.1,93,-38,55,0.7,0.006066,999999.99,99999.99,99999.99,0.26,0.18,0.14,-1,2019-09-13 09:00:00
2019,256,10,2538,51,52,60,37,7.3,7.0,21.6,160.3,-6.1,2.2,2.6,3.3,1.0,1.2,2.2,0.9,0.8,1.9,161599.0,5.8,475.0,0.4,0.8,0.047,29781.0,1.1,8.0,1.1,1.3,0.005,2.6,-0.47,1.31,7.8,5.4,0.0194,17,0,-5,6,69.1,77,-34,43,0.3,0.006066,999999.99,99999.99,99999.99,0.28,0.19,0.14,-1,2019-09-13 10:00:00
2019,256,11,2538,51,52,58,35,8.5,8.4,36.8,161.4,-6.4,2.1,5.0,4.5,3.1,0.4,1.1,0.6,0.4,0.8,111994.0,4.2,480.0,1.2,0.8,0.043,15293.0,0.3,5.0,0.4,0.5,0.006,1.89,-1.49,0.58,5.8,4.7,0.0355,17,0,-8,6,69.1,61,-25,35,0.3,0.006066,999999.99,99999.99,99999.99,0.3,0.2,0.14,-1,2019-09-13 11:00:00
2019,256,12,2538,51,52,60,36,6.8,6.6,10.3,183.3,-6.4,-0.4,1.2,0.3,1.2,1.2,2.1,1.2,1.4,1.0,170948.0,5.1,479.0,2.7,3.3,0.051,30355.0,0.6,8.0,0.7,0.6,0.01,2.35,-0.57,1.37,8.0,5.4,0.0188,17,0,-9,6,69.1,111,-42,69,0.4,0.006066,999999.99,99999.99,99999.99,0.31,0.19,0.13,-1,2019-09-13 12:00:00
2019,256,13,2538,51,52,61,35,8.2,8.0,26.8,166.2,-6.9,1.7,3.6,3.3,2.2,0.3,1.6,0.6,1.1,0.9,149249.0,4.2,476.0,2.1,2.3,0.049,22889.0,0.6,10.0,1.5,1.6,0.017,1.9,-1.05,0.72,5.9,4.7,0.0336,17,0,-13,6,69.1,108,-45,62,0.3,0.006066,999999.99,99999.99,99999.99,0.28,0.18,0.12,-1,2019-09-13 13:00:00
2019,256,14,2538,51,52,59,36,6.8,6.5,17.4,152.9,-5.5,2.8,1.9,3.4,0.3,0.8,2.1,1.0,1.2,1.4,176693.0,4.8,472.0,2.1,4.7,0.066,33718.0,0.4,6.0,1.0,1.1,0.015,2.26,-0.14,1.32,7.6,5.2,0.0206,17,0,-12,6,69.1,62,-22,40,0.3,0.006066,999999.99,99999.99,99999.99,0.3,0.18,0.13,-1,2019-09-13 14:00:00
2019,256,15,2538,51,52,60,36,8.1,7.9,32.7,169.2,-6.5,1.2,4.3,3.0,3.3,0.7,1.8,0.8,1.3,0.8,147784.0,4.1,470.0,-0.2,4.2,0.042,17190.0,0.5,13.0,1.5,0.8,0.01,1.77,-1.55,0.72,5.9,4.6,0.0345,10,0,-10,4,69.1,101,-74,27,-0.1,0.006066,999999.99,99999.99,99999.99,0.3,0.18,0.13,-1,2019-09-13 15:00:00
2019,256,16,2538,51,52,63,38,8.1,6.3,2.6,134.3,-4.4,4.5,0.3,4.2,-1.5,0.9,5.1,2.7,3.0,3.1,149955.0,3.8,469.0,-4.0,3.4,0.048,31079.0,0.6,16.0,1.4,1.5,0.012,1.66,0.7,0.67,5.6,4.5,0.0373,10,0,-9,4,69.1,130,-103,27,-0.2,0.006066,999999.99,99999.99,99999.99,0.3,0.19,0.14,-1,2019-09-13 16:00:00
2019,256,17,2538,51,52,59,33,5.8,4.9,17.5,175.8,-4.7,0.3,1.5,0.8,1.3,1.6,3.2,1.4,1.4,2.6,96381.0,2.0,467.0,-0.6,0.7,0.05,43070.0,0.7,18.0,2.5,2.3,0.016,0.87,-0.61,0.56,5.7,4.7,0.0367,10,0,-10,4,69.1,75,-59,16,-0.4,0.006066,999999.99,99999.99,99999.99,0.27,0.17,0.12,-1,2019-09-13 17:00:00
2019,256,18,2538,51,52,60,36,4.1,4.0,-3.1,169.1,-4.0,0.8,-0.2,0.7,-0.4,0.1,0.4,0.1,0.3,0.2,53505.0,1.3,481.0,1.6,-0.6,0.035,8983.0,0.1,1.0,0.4,0.5,0.003,0.57,0.19,0.59,6.7,5.5,0.0266,13,0,-15,5,69.1,47,-33,14,0.3,0.006066,999999.99,99999.99,99999.99,0.3,0.19,0.14,-1,2019-09-13 18:00:00
2019,256,19,2538,51,52,68,41,3.9,2.8,16.4,163.3,-2.6,0.8,0.8,1.0,0.5,0.2,2.7,2.2,1.4,0.6,69167.0,1.4,501.0,1.5,-2.4,0.044,30231.0,0.2,30.0,2.4,1.0,0.009,0.69,-0.25,0.76,7.6,5.9,0.0206,13,0,-19,5,69.1,77,-56,21,0.3,0.006066,999999.99,99999.99,99999.99,0.28,0.18,0.12,-1,2019-09-13 19:00:00
2019,256,20,2538,51,52,58,35,3.7,2.7,48.3,125.7,-1.1,1.5,2.0,2.0,1.5,0.1,2.4,1.9,1.2,0.7,94607.0,1.7,524.0,-0.0,-4.3,0.05,12463.0,0.1,24.0,1.6,1.1,0.005,0.94,-0.79,1.15,9.2,6.5,0.014,13,0,-20,5,69.1,68,-51,17,0.2,0.006066,999999.99,99999.99,99999.99,0.31,0.19,0.14,-1,2019-09-13 20:00:00
2019,256,21,2538,51,52,60,35,3.8,3.6,52.3,84.6,0.2,2.2,2.9,2.8,2.3,0.3,1.0,0.8,0.3,0.4,85496.0,1.7,541.0,-0.7,-4.0,0.043,20617.0,0.1,11.0,0.4,0.4,0.004,0.97,-1.24,1.05,9.3,6.7,0.0138,10,0,-21,4,69.1,42,-15,27,0.2,0.006066,999999.99,99999.99,99999.99,0.27,0.19,0.14,-1,2019-09-13 21:00:00
2019,256,22,2538,51,52,57,35,3.9,2.8,55.9,129.5,-1.0,1.2,2.3,1.7,1.9,0.2,2.7,2.1,1.3,1.0,75984.0,1.6,518.0,0.7,-3.2,0.047,15945.0,0.2,23.0,1.5,1.1,0.006,0.85,-0.98,0.89,8.4,6.3,0.0169,10,0,-19,4,69.1,28,-1,27,-0.3,0.006066,999999.99,99999.99,99999.99,0.28,0.18,0.14,-1,2019-09-13 22:00:00
2019,256,23,2538,51,52,60,36,3.6,3.5,42.2,162.5,-2.4,0.8,2.3,1.3,2.0,0.1,0.9,0.4,0.7,0.4,98703.0,1.5,514.0,0.7,-3.8,0.05,12670.0,0.1,5.0,1.2,0.7,0.005,0.79,-1.03,1.09,8.7,6.3,0.0156,10,0,-17,4,69.1,24,1,25,-0.2,0.006066,999999.99,99999.99,99999.99,0.28,0.18,0.13,-1,2019-09-13 23:00:00
2019,257,0,2538,51,52,59,33,3.4,3.3,31.1,178.3,-2.8,0.1,1.7,0.5,1.6,0.0,0.8,0.2,0.6,0.5,94002.0,1.4,506.0,1.4,-4.0,0.044,9968.0,0.1,5.0,1.0,1.1,0.005,0.7,-0.81,1.12,8.8,6.3,0.0153,0,0,-13,0,69.4,25,0,26,-0.4,0.006102,999999.99,99999.99,99999.99,0.28,0.19,0.14,-1,2019-09-14 00:00:00
2019,257,1,2538,51,52,59,35,3.2,3.1,25.2,174.1,-2.8,0.3,1.3,0.6,1.2,0.1,0.9,0.4,0.5,0.5,83090.0,1.4,495.0,0.7,-3.1,0.047,19478.0,0.2,9.0,1.1,0.8,0.006,0.68,-0.59,1.2,9.2,6.4,0.0142,0,0,-12,0,69.4,22,-5,17,-0.2,0.006102,999999.99,99999.99,99999.99,0.27,0.18,0.13,-1,2019-09-14 01:00:00
2019,257,2,2538,51,52,58,34,3.3,3.3,4.0,164.4,-3.1,0.9,0.2,0.9,-0.1,0.0,0.6,0.1,0.4,0.4,57894.0,1.3,483.0,-0.5,-1.2,0.047,16311.0,0.2,8.0,0.9,0.8,0.01,0.6,0.05,0.92,8.3,6.2,0.0171,0,0,-10,0,69.4,21,-10,12,0.0,0.006102,999999.99,99999.99,99999.99,0.27,0.17,0.13,-1,2019-09-14 02:00:00
2019,257,3,2538,51,52,62,38,3.4,3.3,-16.6,168.6,-3.1,0.6,-1.0,0.2,-1.1,0.2,0.7,0.3,0.4,0.4,55881.0,1.2,478.0,-0.3,-0.1,0.033,13067.0,0.2,11.0,0.5,0.9,0.003,0.52,0.53,0.8,7.7,5.9,0.0201,20,0,-10,7,69.4,23,-9,14,0.1,0.006102,999999.99,99999.99,99999.99,0.31,0.21,0.15,-1,2019-09-14 03:00:00
2019,257,4,2538,51,52,61,37,3.7,3.5,-19.5,177.7,-3.3,0.1,-1.2,-0.4,-1.1,0.1,1.3,0.4,0.5,1.2,77353.0,1.5,486.0,0.9,-0.8,0.032,7539.0,0.1,6.0,1.3,1.4,0.003,0.67,0.53,0.94,8.0,6.0,0.0184,20,0,-13,7,69.4,61,-34,27,0.1,0.006102,999999.99,99999.99,99999.99,0.31,0.19,0.14,-1,2019-09-14 04:00:00
2019,257,5,2538,51,52,59,35,3.8,3.6,-48.6,175.1,-2.4,0.2,-2.7,-1.0,-2.5,0.1,1.2,0.5,1.1,0.3,71195.0,1.7,489.0,0.8,1.9,0.032,6468.0,0.2,5.0,1.2,0.6,0.003,0.77,1.22,0.98,8.4,6.2,0.0169,20,0,-11,7,69.4,119,-80,39,0.5,0.006102,999999.99,99999.99,99999.99,0.27,0.19,0.14,-1,2019-09-14 05:00:00
2019,257,6,2538,51,52,59,35,3.7,3.6,-37.7,196.7,-2.7,-0.8,-2.2,-1.7,-1.6,0.1,0.9,0.5,0.4,0.6,72423.0,1.6,479.0,2.1,1.2,0.034,8946.0,0.1,7.0,0.4,0.7,0.005,0.7,0.77,0.98,8.2,6.0,0.0177,17,0,-13,6,69.4,141,-115,25,1.1,0.006102,999999.99,99999.99,99999.99,0.3,0.19,0.14,-1,2019-09-14 06:00:00
2019,257,7,2538,51,52,59,36,3.7,3.5,-16.9,196.7,-3.3,-1.0,-1.0,-1.4,-0.4,0.1,0.8,0.3,0.6,0.6,69781.0,1.7,474.0,2.4,-0.0,0.034,12862.0,0.2,6.0,0.8,1.0,0.004,0.72,0.19,1.02,8.4,6.1,0.0171,17,0,-15,6,69.4,120,-95,25,1.0,0.006102,999999.99,99999.99,99999.99,0.28,0.17,0.13,-1,2019-09-14 07:00:00
2019,257,8,2538,51,52,60,35,3.6,3.4,-24.4,184.6,-3.0,-0.2,-1.4,-0.9,-1.1,0.1,1.3,0.4,0.9,0.8,61612.0,2.0,476.0,1.2,0.0,0.027,6776.0,0.3,6.0,1.2,1.2,0.007,0.84,0.52,1.22,9.3,6.5,0.0136,17,0,-14,6,69.4,92,-41,51,0.7,0.006102,999999.99,99999.99,99999.99,0.32,0.19,0.13,-1,2019-09-14 08:00:00
2019,257,9,2538,51,52,59,6,3.7,3.7,-4.5,174.9,-3.6,0.3,-0.3,0.1,-0.4,0.0,0.7,0.1,0.3,0.7,81932.0,2.2,465.0,-0.3,-1.6,0.026,0.0,0.1,1.0,0.1,0.4,0.004,0.88,0.19,1.41,9.3,6.3,0.0137,17,0,-13,6,69.4,99,-84,15,0.7,0.006102,999999.99,99999.99,99999.99,0.32,0.2,0.15,-1,2019-09-14 09:00:00
2019,257,10,2538,51,52,60,5,3.8,3.5,5.6,169.6,-3.4,0.6,0.3,0.7,-0.1,0.1,1.5,0.2,0.6,1.3,56401.0,2.4,465.0,0.4,-3.5,0.02,8613.0,0.1,2.0,0.6,0.9,0.003,0.94,0.05,1.28,9.5,6.5,0.0132,17,0,-9,6,69.4,124,-83,41,1.0,0.006102,999999.99,99999.99,99999.99,0.3,0.2,0.14,-1,2019-09-14 10:00:00
2019,257,11,2538,51,52,60,14,3.8,3.6,-22.5,176.4,-3.4,0.2,-1.4,-0.6,-1.3,0.2,0.9,0.3,0.7,0.4,43197.0,2.6,456.0,-0.0,-0.8,0.018,13769.0,0.3,6.0,1.0,0.5,0.003,0.97,0.59,1.29,9.7,6.7,0.0127,17,0,-13,6,69.4,65,-41,24,0.6,0.006102,999999.99,99999.99,99999.99,0.33,0.2,0.15,-1,2019-09-14 11:00:00
2019,257,12,2538,51,52,61,28,3.3,2.7,-28.8,213.5,-1.9,-1.3,-1.3,-1.8,-0.4,0.2,1.9,1.0,1.3,0.9,46690.0,3.3,461.0,1.6,-1.4,0.018,19856.0,0.4,11.0,1.7,0.8,0.003,1.26,0.18,2.21,12.7,7.4,0.0074,10,0,-15,4,69.4,72,-51,21,0.8,0.006102,999999.99,99999.99,99999.99,0.29,0.19,0.14,-1,2019-09-14 12:00:00
2019,257,13,2538,51,52,58,8,3.3,3.0,-9.8,193.0,-2.9,-0.7,-0.5,-0.9,-0.1,0.2,1.3,0.7,0.9,0.6,45286.0,3.3,457.0,1.4,-1.6,0.019,6795.0,0.2,7.0,0.7,0.5,0.002,1.24,0.05,2.19,12.6,7.4,0.0075,10,0,-16,4,69.4,67,-45,22,0.7,0.006102,999999.99,99999.99,99999.99,0.28,0.18,0.13,-1,2019-09-14 13:00:00
2019,257,14,2538,51,52,60,19,3.7,3.4,3.8,181.4,-3.4,-0.1,0.2,0.0,0.2,0.1,1.4,0.3,0.8,1.0,43370.0,3.3,451.0,1.1,-2.1,0.021,8246.0,0.3,2.0,0.6,1.0,0.002,1.22,-0.09,1.72,11.1,7.0,0.0097,10,0,-16,4,69.4,45,-20,26,1.0,0.006102,999999.99,99999.99,99999.99,0.29,0.2,0.14,-1,2019-09-14 14:00:00
2019,257,15,2538,51,52,60,25,4.0,3.2,19.6,208.4,-2.7,-1.4,1.1,-0.8,1.6,0.2,2.2,0.8,1.5,1.5,41959.0,3.9,452.0,2.1,-2.8,0.018,5901.0,0.3,6.0,1.3,1.7,0.002,1.43,-0.72,1.73,11.2,7.1,0.0096,7,0,-15,3,69.4,68,-31,37,1.0,0.006102,999999.99,99999.99,99999.99,0.3,0.19,0.14,-1,2019-09-14 15:00:00
2019,257,16,2538,51,52,59,28,4.0,3.8,9.5,224.7,-2.7,-2.6,0.6,-2.1,1.6,0.1,1.2,0.6,0.9,0.7,41632.0,3.6,447.0,2.1,-2.4,0.019,4765.0,0.3,8.0,0.6,0.8,0.002,1.29,-0.72,1.59,10.6,6.9,0.0106,7,0,-13,3,69.4,36,-18,18,0.9,0.006102,999999.99,99999.99,99999.99,0.3,0.18,0.13,-1,2019-09-14 16:00:00
2019,257,17,2538,51,52,62,6,4.0,2.9,11.1,141.2,-2.3,1.8,0.6,1.9,-0.1,0.1,2.7,1.4,2.1,1.0,49098.0,3.4,445.0,-0.3,-2.7,0.02,18981.0,0.2,4.0,0.9,0.4,0.003,1.21,0.04,1.57,10.3,6.7,0.0113,7,0,-11,3,69.4,38,-20,18,0.7,0.006102,999999.99,99999.99,99999.99,0.27,0.18,0.14,-1,2019-09-14 17:00:00
2019,257,18,2538,51,52,58,14,3.9,3.7,-2.0,96.8,-0.4,3.6,-0.1,3.4,-1.3,0.1,1.2,0.5,0.2,1.0,48745.0,2.9,454.0,-2.9,-2.1,0.032,6607.0,0.1,5.0,0.3,0.6,0.005,1.13,0.59,1.4,9.9,6.7,0.0121,17,0,-12,6,69.4,70,-40,29,0.3,0.006102,999999.99,99999.99,99999.99,0.3,0.19,0.13,-1,2019-09-14 18:00:00
2019,257,19,2538,51,52,57,19,3.8,3.7,-2.0,120.2,-1.9,3.2,-0.1,3.0,-1.0,0.1,0.9,0.7,0.5,0.4,46650.0,2.9,441.0,-1.6,-1.5,0.029,6419.0,0.3,7.0,0.9,0.3,0.005,1.05,0.44,1.46,9.9,6.6,0.0122,17,0,-16,6,69.4,266,-231,35,0.8,0.006102,999999.99,99999.99,99999.99,0.28,0.19,0.14,-1,2019-09-14 19:00:00
2019,257,20,2538,51,52,61,30,3.6,3.1,-10.3,159.7,-2.9,1.1,-0.6,0.9,-0.9,0.1,1.8,0.4,1.7,0.4,47154.0,3.4,434.0,-0.7,-1.4,0.026,4953.0,0.3,4.0,0.9,0.3,0.005,1.18,0.39,1.92,11.1,6.8,0.0096,17,0,-19,6,69.4,105,-91,14,0.8,0.006102,999999.99,99999.99,99999.99,0.27,0.19,0.14,-1,2019-09-14 20:00:00
2019,257,21,2538,51,52,59,12,3.6,3.4,-27.1,155.0,-2.7,1.3,-1.5,0.9,-1.8,0.1,1.1,0.4,0.6,0.8,46641.0,3.7,429.0,-0.8,-0.3,0.021,22518.0,0.2,12.0,1.6,0.5,0.002,1.23,0.77,2.08,11.5,6.9,0.0091,20,0,-19,7,69.4,112,-78,34,1.4,0.006102,999999.99,99999.99,99999.99,0.31,0.19,0.14,-1,2019-09-14 21:00:00
2019,257,22,2538,51,52,60,35,3.5,3.2,-2.8,175.0,-3.1,0.3,-0.2,0.2,-0.3,0.1,1.5,0.2,1.1,1.1,40781.0,3.7,427.0,-0.5,-1.9,0.024,4903.0,0.1,2.0,1.1,1.2,0.002,1.23,0.13,2.13,11.7,7.0,0.0086,20,0,-22,7,69.4,170,-126,45,1.0,0.006102,999999.99,99999.99,99999.99,0.29,0.18,0.14,-1,2019-09-14 22:00:00
2019,257,23,2538,51,52,59,36,3.5,2.9,8.1,198.2,-2.7,-0.9,0.4,-0.8,0.6,0.1,1.9,0.5,1.8,0.3,39840.0,3.5,421.0,-0.0,-2.5,0.024,5661.0,0.2,6.0,1.6,0.2,0.004,1.14,-0.25,2.0,11.3,6.8,0.0094,20,0,-20,7,69.4,94,-72,22,0.5,0.006102,999999.99,99999.99,99999.99,0.29,0.19,0.13,-1,2019-09-14 23:00:00
2019,258,0,2538,51,52,61,35,3.5,3.2,-12.4,169.4,-3.1,0.6,-0.7,0.4,-0.8,0.2,1.4,0.3,1.0,1.0,43118.0,3.9,421.0,-1.5,-1.6,0.028,8959.0,0.5,8.0,1.0,0.6,0.002,1.28,0.34,2.27,11.9,6.9,0.0084,10,0,-14,4,68.4,50,-13,37,0.2,0.005918,999999.99,99999.99,99999.99,0.26,0.17,0.13,-1,2019-09-15 00:00:00
2019,258,1,2538,51,52,59,36,3.9,3.6,-12.6,173.2,-3.5,0.4,-0.8,0.2,-0.9,0.1,1.3,0.3,0.8,1.0,46151.0,4.6,425.0,-1.2,-2.1,0.03,4612.0,0.1,2.0,0.6,0.9,0.002,1.55,0.38,2.2,11.7,6.9,0.0087,10,0,-10,4,68.4,65,-17,48,0.3,0.005918,999999.99,99999.99,99999.99,0.29,0.19,0.15,-1,2019-09-15 01:00:00
2019,258,2,2538,51,52,60,37,3.7,3.4,4.6,156.8,-3.1,1.3,0.3,1.3,-0.1,0.1,1.5,0.5,1.3,0.5,48666.0,4.5,423.0,-2.1,-2.7,0.03,6168.0,0.2,4.0,0.8,0.4,0.002,1.51,0.04,2.42,12.1,6.9,0.0081,10,0,-7,4,68.4,64,-20,44,0.4,0.005918,999999.99,99999.99,99999.99,0.3,0.19,0.14,-1,2019-09-15 02:00:00
2019,258,3,2538,51,52,59,35,3.8,3.7,-7.1,148.4,-3.1,1.9,-0.5,1.6,-1.1,0.1,0.8,0.4,0.5,0.5,50114.0,5.1,423.0,-1.9,-1.9,0.029,5067.0,0.3,2.0,0.5,0.4,0.002,1.7,0.47,2.62,12.6,7.0,0.0075,27,0,-6,12,68.4,201,-108,93,1.5,0.005918,999999.99,99999.99,99999.99,0.29,0.19,0.14,-1,2019-09-15 03:00:00
2019,258,4,2538,51,52,61,36,4.3,3.7,-4.0,137.9,-2.8,2.5,-0.3,2.2,-1.2,0.3,2.0,0.8,1.1,1.6,50175.0,5.6,426.0,-2.1,-2.7,0.027,5262.0,0.3,5.0,1.0,1.1,0.003,1.88,0.51,2.25,11.7,6.8,0.0087,27,0,-9,12,68.4,325,-230,95,1.9,0.005918,999999.99,99999.99,99999.99,0.27,0.17,0.13,-1,2019-09-15 04:00:00
2019,258,5,2538,51,52,60,36,3.9,3.8,-5.6,158.3,-3.5,1.4,-0.4,1.1,-1.0,0.2,1.0,0.3,0.6,0.6,51213.0,5.9,420.0,-1.5,-2.6,0.032,6649.0,0.3,4.0,0.5,0.6,0.003,1.96,0.42,2.9,13.1,7.0,0.007,27,0,-9,12,68.4,220,-137,83,1.7,0.005918,999999.99,99999.99,99999.99,0.27,0.19,0.15,-1,2019-09-15 05:00:00
2019,258,6,2538,51,52,59,36,4.3,3.8,2.6,155.2,-3.4,1.6,0.2,1.5,-0.6,0.1,1.9,0.6,1.4,1.2,48321.0,6.9,425.0,-1.5,-3.3,0.029,5926.0,0.5,4.0,0.9,1.1,0.002,2.32,0.26,2.74,13.0,7.1,0.0071,20,0,-8,7,68.4,149,-52,97,1.1,0.005918,999999.99,99999.99,99999.99,0.29,0.19,0.13,-1,2019-09-15 06:00:00
2019,258,7,2538,51,52,63,38,4.9,4.5,0.9,141.4,-3.5,2.8,0.1,2.5,-1.3,0.2,1.9,1.0,1.5,0.6,46144.0,7.3,425.0,-2.4,-3.2,0.032,8005.0,0.5,6.0,1.1,0.5,0.002,2.48,0.55,2.21,11.7,6.9,0.0087,20,0,-9,7,68.4,253,-185,68,1.9,0.005918,999999.99,99999.99,99999.99,0.26,0.17,0.13,-1,2019-09-15 07:00:00
2019,258,8,2538,51,52,60,36,6.1,5.5,21.0,166.7,-5.0,1.2,2.0,2.1,1.1,0.6,2.4,1.1,2.0,0.8,50328.0,5.5,428.0,-1.1,-4.1,0.033,10956.0,1.6,8.0,1.7,0.6,0.006,1.9,-0.47,1.1,8.2,5.9,0.0176,20,0,-12,7,68.4,171,-115,57,1.4,0.005918,999999.99,99999.99,99999.99,0.27,0.18,0.13,-1,2019-09-15 08:00:00
2019,258,9,2538,51,52,61,37,6.3,6.1,13.1,151.3,-5.2,2.8,1.4,3.1,-0.3,0.2,1.4,0.7,1.1,0.4,78578.0,4.6,445.0,-2.0,-3.0,0.041,11050.0,0.4,7.0,1.4,0.7,0.005,1.77,0.13,1.0,7.6,5.6,0.0207,13,0,-11,5,68.4,117,-79,38,1.1,0.005918,999999.99,99999.99,99999.99,0.29,0.18,0.13,-1,2019-09-15 09:00:00
2019,258,10,2538,51,52,60,36,6.6,6.5,11.5,179.5,-6.4,0.1,1.3,0.8,1.0,0.1,1.0,0.1,1.0,0.4,73356.0,5.1,446.0,1.8,-2.1,0.038,7210.0,0.5,4.0,1.0,0.4,0.002,1.95,-0.45,0.98,7.6,5.6,0.0204,13,0,-9,5,68.4,199,-147,52,0.8,0.005918,999999.99,99999.99,99999.99,0.29,0.17,0.13,-1,2019-09-15 10:00:00
2019,258,11,2538,51,52,60,36,6.5,6.5,13.8,171.1,-6.2,1.0,1.5,1.6,0.7,0.1,0.8,0.2,0.7,0.3,72936.0,5.2,441.0,1.4,-2.1,0.036,7881.0,0.2,2.0,0.8,0.3,0.004,1.93,-0.31,1.03,7.7,5.6,0.0199,13,0,-9,5,68.4,105,-61,44,0.6,0.005918,999999.99,99999.99,99999.99,0.26,0.17,0.13,-1,2019-09-15 11:00:00
2019,258,12,2538,51,52,58,32,6.3,6.1,15.4,162.6,-5.6,1.8,1.6,2.4,0.4,0.5,1.9,0.3,1.7,0.6,66070.0,5.6,438.0,0.1,-1.9,0.037,11904.0,0.5,6.0,0.5,0.4,0.004,2.06,-0.18,1.14,8.2,5.8,0.0176,13,0,-8,5,68.4,43,-16,27,0.5,0.005918,999999.99,99999.99,99999.99,0.28,0.18,0.14,-1,2019-09-15 12:00:00
2019,258,13,2538,51,52,63,38,5.6,5.2,3.5,209.0,-4.5,-2.5,0.3,-2.0,1.5,0.4,1.8,1.3,0.8,1.0,86150.0,6.1,442.0,1.6,-0.8,0.043,18933.0,0.3,12.0,0.6,1.1,0.004,2.33,-0.66,1.74,9.7,6.2,0.0125,13,0,-10,5,68.4,60,-19,41,0.3,0.005918,999999.99,99999.99,99999.99,0.29,0.18,0.13,-1,2019-09-15 13:00:00
2019,258,14,2538,51,52,62,38,4.9,4.3,5.1,213.8,-3.5,-2.4,0.4,-1.9,1.5,0.8,2.3,1.6,1.0,1.4,116350.0,6.5,461.0,2.1,0.3,0.047,10741.0,0.5,10.0,0.4,0.5,0.005,2.74,-0.69,2.76,12.0,6.5,0.0083,13,0,-10,5,68.4,55,-22,34,0.5,0.005918,999999.99,99999.99,99999.99,0.31,0.19,0.13,-1,2019-09-15 14:00:00
2019,258,15,2538,51,52,60,37,5.5,5.3,9.1,166.5,-5.1,1.2,0.8,1.4,0.2,0.2,1.5,0.4,1.4,0.6,122633.0,7.1,470.0,1.6,1.1,0.044,9287.0,0.3,2.0,0.5,0.4,0.002,3.08,-0.09,2.45,11.4,6.4,0.0092,17,0,-6,6,68.4,57,-28,29,0.9,0.005918,999999.99,99999.99,99999.99,0.29,0.17,0.13,-1,2019-09-15 15:00:00
2019,258,16,2538,51,52,60,35,5.0,4.5,1.8,180.9,-4.5,-0.1,0.1,-0.1,0.1,0.5,2.0,0.9,1.7,0.7,122046.0,7.6,468.0,1.9,1.0,0.045,11538.0,0.4,2.0,0.4,0.4,0.004,3.28,-0.05,3.17,12.9,6.7,0.0071,17,0,-5,6,68.4,129,-84,45,0.8,0.005918,999999.99,99999.99,99999.99,0.29,0.17,0.12,-1,2019-09-15 16:00:00
2019,258,17,2538,51,52,59,35,5.6,4.6,-48.2,279.9,0.5,-3.0,-3.4,-4.0,-2.1,0.9,3.3,2.1,2.1,1.3,98618.0,7.3,464.0,2.1,1.2,0.043,11035.0,0.8,4.0,0.5,0.6,0.005,3.08,0.97,2.2,11.2,6.6,0.0095,17,0,-7,6,68.4,228,-150,78,1.3,0.005918,999999.99,99999.99,99999.99,0.28,0.19,0.14,-1,2019-09-15 17:00:00
2019,258,18,2538,51,52,59,36,5.7,5.4,-34.3,16.4,4.3,1.3,-3.1,0.2,-3.4,0.3,1.8,0.5,1.3,1.2,89357.0,5.8,455.0,1.9,0.7,0.054,6543.0,0.7,4.0,0.3,0.4,0.005,2.44,1.55,1.62,9.6,6.2,0.0129,20,0,-13,7,68.4,351,-236,115,1.7,0.005918,999999.99,99999.99,99999.99,0.28,0.18,0.13,-1,2019-09-15 18:00:00
2019,258,19,2538,51,52,61,37,6.0,5.9,-3.2,40.3,4.5,3.8,-0.3,3.5,-1.4,0.2,1.0,0.3,0.4,0.9,99529.0,5.2,450.0,1.6,1.2,0.059,3392.0,0.4,4.0,0.5,0.4,0.004,2.17,0.63,1.37,8.6,5.8,0.0163,20,0,-23,7,68.4,422,-251,171,2.1,0.005918,999999.99,99999.99,99999.99,0.28,0.2,0.14,-1,2019-09-15 19:00:00
2019,258,20,2538,51,52,61,34,4.8,3.0,8.5,68.6,1.1,2.8,0.4,2.8,-0.4,0.5,3.7,3.0,1.3,1.8,111257.0,6.6,461.0,0.5,0.8,0.051,12382.0,0.6,5.0,1.2,0.7,0.004,2.82,0.18,2.86,12.3,6.6,0.0078,20,0,-25,7,68.4,299,-194,106,1.7,0.005918,999999.99,99999.99,99999.99,0.29,0.18,0.13,-1,2019-09-15 20:00:00
2019,258,21,2538,51,52,60,37,4.9,4.7,16.5,132.4,-3.1,3.4,1.3,3.6,0.4,0.3,1.4,0.7,0.8,1.0,107606.0,7.1,466.0,-0.5,0.3,0.051,4412.0,0.2,3.0,0.5,0.5,0.002,3.1,-0.19,2.9,12.7,6.8,0.0074,30,0,-22,15,68.4,448,-339,110,2.2,0.005918,999999.99,99999.99,99999.99,0.26,0.17,0.13,-1,2019-09-15 21:00:00
2019,258,22,2538,51,52,60,36,4.8,3.6,-13.3,36.8,2.8,2.1,-0.8,1.8,-1.3,0.4,3.2,3.0,0.6,0.9,97918.0,6.6,459.0,-0.8,0.8,0.047,11248.0,0.6,5.0,0.4,0.2,0.003,2.76,0.6,2.7,12.3,6.7,0.0079,30,0,-17,15,68.4,95,-61,33,0.8,0.005918,999999.99,99999.99,99999.99,0.26,0.18,0.13,-1,2019-09-15 22:00:00
2019,258,23,2538,51,52,59,36,4.5,3.9,-35.0,49.9,2.1,2.4,-2.2,1.8,-2.7,0.7,2.2,1.6,1.4,0.7,90767.0,6.1,452.0,-0.4,0.4,0.046,9091.0,0.7,4.0,0.5,0.5,0.004,2.46,1.22,2.75,12.4,6.8,0.0077,30,0,-11,15,68.4,116,-80,35,1.1,0.005918,999999.99,99999.99,99999.99,0.28,0.18,0.13,-1,2019-09-15 23:00:00
2019,259,0,2538,51,52,61,36,4.8,4.1,2.3,157.9,-3.8,1.6,0.2,1.6,-0.2,0.3,2.4,1.7,1.1,1.2,108199.0,6.1,462.0,-0.3,1.1,0.047,12021.0,0.4,4.0,0.6,0.5,0.005,2.58,0.09,2.61,11.9,6.6,0.0084,37,0,-15,22,69.4,133,-103,30,0.9,0.005889,999999.99,99999.99,99999.99,0.31,0.19,0.13,-1,2019-09-16 00:00:00
2019,259,1,2538,51,52,61,37,4.3,3.9,-47.7,21.0,2.4,0.9,-2.9,0.1,-3.0,0.3,1.9,1.2,1.3,0.6,100564.0,6.9,470.0,0.6,1.2,0.044,6069.0,0.5,5.0,1.1,0.3,0.006,2.99,1.41,3.55,14.4,7.1,0.0058,37,0,-15,22,69.4,325,-228,97,1.8,0.005889,999999.99,99999.99,99999.99,0.31,0.19,0.14,-1,2019-09-16 01:00:00
2019,259,2,2538,51,52,58,35,4.2,3.3,-41.3,72.4,0.8,2.4,-2.2,1.6,-2.8,0.4,2.4,1.4,1.6,1.1,100925.0,7.1,472.0,-0.0,1.4,0.047,6417.0,0.5,4.0,0.8,0.4,0.005,3.14,1.32,3.84,15.0,7.2,0.0053,37,0,-16,22,69.4,691,-551,140,2.6,0.005889,999999.99,99999.99,99999.99,0.29,0.18,0.13,-1,2019-09-16 02:00:00
2019,259,3,2538,51,52,59,36,5.1,4.8,3.1,148.8,-4.1,2.5,0.3,2.4,-0.6,0.4,1.5,0.5,0.9,1.0,88107.0,5.8,455.0,0.0,0.7,0.055,5743.0,0.3,3.0,0.7,0.4,0.004,2.45,0.27,2.01,10.7,6.5,0.0103,40,0,-18,27,69.4,494,-345,149,2.7,0.005889,999999.99,99999.99,99999.99,0.27,0.19,0.14,-1,2019-09-16 03:00:00
2019,259,4,2538,51,52,59,35,5.2,4.7,0.1,139.2,-3.6,3.1,0.0,2.9,-1.2,0.3,2.2,1.1,1.4,1.2,85218.0,6.0,451.0,-0.7,1.7,0.048,6752.0,0.4,7.0,0.9,0.8,0.005,2.43,0.54,1.97,10.6,6.5,0.0105,40,0,-16,27,69.4,285,-143,142,1.6,0.005889,999999.99,99999.99,99999.99,0.27,0.18,0.13,-1,2019-09-16 04:00:00
2019,259,5,2538,51,52,59,34,5.5,5.5,28.8,161.0,-4.5,1.6,2.6,2.6,1.7,0.1,0.8,0.3,0.5,0.5,83144.0,5.6,436.0,0.2,0.3,0.051,3802.0,0.1,2.0,0.3,0.4,0.002,2.14,-0.74,1.63,9.4,6.0,0.0135,40,0,-14,27,69.4,264,-217,47,0.7,0.005889,999999.99,99999.99,99999.99,0.26,0.17,0.13,-1,2019-09-16 05:00:00
2019,259,6,2538,51,52,62,38,4.9,4.3,31.1,197.9,-3.5,-1.1,2.2,0.0,2.5,0.4,2.4,1.6,1.7,0.6,78483.0,6.2,434.0,1.2,0.6,0.044,7067.0,0.8,7.0,0.6,0.4,0.013,2.29,-1.08,2.22,11.0,6.5,0.0098,13,0,-9,5,69.4,107,-66,40,0.6,0.005889,999999.99,99999.99,99999.99,0.31,0.19,0.13,-1,2019-09-16 06:00:00
2019,259,7,2538,51,52,61,37,3.8,3.7,15.8,270.6,0.0,-3.6,1.0,-2.6,2.6,0.4,0.8,0.5,0.4,0.5,62434.0,6.5,450.0,1.2,0.4,0.021,5526.0,0.5,4.0,0.6,0.4,0.002,2.38,-1.17,3.57,15.1,7.5,0.0052,13,0,-5,5,69.4,22,3,24,0.2,0.005889,999999.99,99999.99,99999.99,0.26,0.17,0.13,-1,2019-09-16 07:00:00
2019,259,8,2538,51,52,60,36,3.3,3.2,15.4,258.7,-0.6,-3.1,0.9,-2.2,2.4,0.1,0.5,0.4,0.2,0.4,56807.0,6.2,452.0,-0.1,0.6,0.023,2789.0,0.2,2.0,0.2,0.3,0.002,2.31,-1.08,4.39,17.1,7.8,0.0041,13,0,-5,5,69.4,23,2,24,0.3,0.005889,999999.99,99999.99,99999.99,0.29,0.19,0.13,-1,2019-09-16 08:00:00
2019,259,9,2538,51,52,59,35,2.6,1.2,-10.4,219.8,-0.9,-0.8,-0.2,-0.8,0.3,0.7,2.3,0.6,2.1,0.7,65735.0,6.2,449.0,0.6,-0.0,0.026,10042.0,0.4,4.0,0.7,0.5,0.004,2.3,-0.13,7.41,21.5,7.9,0.0026,10,0,-6,4,69.4,52,-14,38,0.6,0.005889,999999.99,99999.99,99999.99,0.28,0.18,0.12,-1,2019-09-16 09:00:00
2019,259,10,2538,51,52,61,37,3.3,3.2,-7.3,229.1,-2.1,-2.4,-0.4,-2.2,1.0,0.4,1.0,0.5,0.6,0.6,71537.0,5.3,450.0,0.8,-0.5,0.036,5892.0,0.6,4.0,0.6,0.4,0.007,2.05,-0.45,4.05,15.7,7.4,0.0048,10,0,-9,4,69.4,46,-18,27,0.6,0.005889,999999.99,99999.99,99999.99,0.28,0.18,0.13,-1,2019-09-16 10:00:00
2019,259,11,2538,51,52,58,35,3.3,2.8,-11.3,260.4,-0.5,-2.7,-0.5,-2.5,1.0,0.3,1.7,1.5,0.7,0.4,48895.0,7.0,453.0,0.9,-0.7,0.019,12606.0,0.8,6.0,0.8,0.3,0.008,2.58,-0.45,4.74,18.2,8.0,0.0036,10,0,-11,4,69.4,63,-23,40,0.4,0.005889,999999.99,99999.99,99999.99,0.29,0.19,0.15,-1,2019-09-16 11:00:00
2019,259,12,2538,51,52,61,37,4.1,4.1,-0.7,281.9,0.8,-4.0,-0.1,-3.5,2.0,0.2,0.5,0.3,0.2,0.3,48274.0,5.9,447.0,0.7,-0.7,0.017,7784.0,0.9,2.0,0.4,0.2,0.005,2.1,-0.89,2.58,13.2,7.4,0.0068,7,0,-14,3,69.4,108,-44,64,0.5,0.005889,999999.99,99999.99,99999.99,0.28,0.18,0.13,-1,2019-09-16 12:00:00
2019,259,13,2538,51,52,63,36,3.7,3.5,-0.7,261.3,-0.5,-3.5,0.0,-3.0,1.8,0.3,1.0,0.8,0.5,0.3,43981.0,6.7,456.0,0.3,-0.7,0.015,4292.0,0.4,6.0,0.3,0.2,0.004,2.47,-0.82,3.51,16.0,7.9,0.0047,7,0,-14,3,69.4,140,-81,59,0.6,0.005889,999999.99,99999.99,99999.99,0.29,0.17,0.13,-1,2019-09-16 13:00:00
2019,259,14,2538,51,52,58,36,3.2,3.1,3.6,205.2,-2.8,-1.3,0.2,-1.0,0.8,0.6,0.8,0.6,0.5,0.2,61464.0,6.2,460.0,-0.5,-1.0,0.035,7504.0,1.1,4.0,1.0,0.3,0.011,2.5,-0.37,4.78,17.9,7.9,0.0037,7,0,-11,3,69.4,100,-51,49,0.7,0.005889,999999.99,99999.99,99999.99,0.29,0.2,0.14,-1,2019-09-16 14:00:00
2019,259,15,2538,51,52,60,36,3.6,2.5,-2.1,135.9,-1.8,1.7,-0.1,1.5,-0.8,0.2,2.5,1.6,1.9,0.4,72408.0,5.3,454.0,-1.3,-0.9,0.044,9196.0,0.3,4.0,0.4,0.2,0.007,2.15,0.36,3.42,14.5,7.3,0.0056,20,0,-14,7,69.4,97,-52,45,0.8,0.005889,999999.99,99999.99,99999.99,0.26,0.18,0.13,-1,2019-09-16 15:00:00
2019,259,16,2538,51,52,57,35,3.7,2.7,5.9,137.6,-2.0,1.8,0.3,1.8,-0.5,0.6,2.5,1.9,1.6,0.6,63414.0,5.7,449.0,-1.7,-0.7,0.041,5842.0,1.2,4.0,0.6,0.3,0.015,2.23,0.22,3.32,14.5,7.4,0.0057,20,0,-15,7,69.4,196,-150,46,0.5,0.005889,999999.99,99999.99,99999.99,0.28,0.18,0.13,-1,2019-09-16 16:00:00
2019,259,17,2538,51,52,61,37,4.2,4.1,-0.4,165.6,-4.0,1.0,0.0,0.9,-0.4,0.1,0.8,0.3,0.6,0.4,69911.0,4.5,445.0,-1.4,0.2,0.063,8817.0,0.2,2.0,0.6,0.5,0.007,1.86,0.18,2.1,11.2,6.7,0.0094,20,0,-16,7,69.4,201,-152,49,0.4,0.005889,999999.99,99999.99,99999.99,0.3,0.19,0.13,-1,2019-09-16 17:00:00
2019,259,18,2538,51,52,60,36,4.1,3.9,-8.0,160.6,-3.6,1.3,-0.5,1.1,-0.9,0.2,1.1,0.3,0.6,0.8,66943.0,5.5,447.0,-1.4,-0.2,0.048,6969.0,0.5,3.0,0.5,0.3,0.007,2.19,0.4,2.66,12.8,7.0,0.0073,20,0,-11,7,69.4,161,-117,44,0.5,0.005889,999999.99,99999.99,99999.99,0.27,0.18,0.13,-1,2019-09-16 18:00:00
2019,259,19,2538,51,52,58,35,3.3,0.3,-12.5,68.4,0.1,0.2,-0.1,0.2,-0.2,0.8,3.3,1.8,2.6,0.8,59815.0,8.5,435.0,-0.8,0.4,0.021,13164.0,1.5,5.0,0.7,0.4,0.01,2.91,0.09,6.11,19.2,7.7,0.0032,20,0,-7,7,69.4,139,-96,44,0.2,0.005889,999999.99,99999.99,99999.99,0.3,0.2,0.14,-1,2019-09-16 19:00:00
2019,259,20,2538,51,52,61,36,4.8,4.7,-7.3,135.8,-3.4,3.3,-0.6,3.0,-1.5,0.2,0.7,0.2,0.4,0.5,68651.0,6.5,440.0,-1.0,1.2,0.05,4755.0,0.3,3.0,1.2,0.6,0.005,2.52,0.66,2.31,11.7,6.7,0.0087,20,0,-8,7,69.4,225,-172,53,0.9,0.005889,999999.99,99999.99,99999.99,0.29,0.19,0.14,-1,2019-09-16 20:00:00
2019,259,21,2538,51,52,58,36,5.4,4.9,24.5,137.8,-3.3,3.0,2.0,3.4,1.2,0.3,2.1,1.0,0.8,1.7,79136.0,6.8,437.0,-0.0,1.8,0.057,6122.0,0.2,2.0,0.5,0.6,0.003,2.66,-0.52,2.01,10.6,6.4,0.0107,20,0,-8,7,69.4,227,-193,35,0.7,0.005889,999999.99,99999.99,99999.99,0.29,0.19,0.14,-1,2019-09-16 21:00:00
2019,259,22,2538,51,52,61,36,4.7,4.3,23.5,137.3,-2.9,2.7,1.7,3.0,1.0,0.3,1.8,0.5,1.4,1.0,69434.0,6.8,429.0,0.2,1.6,0.039,7188.0,0.8,3.0,0.4,0.3,0.014,2.42,-0.43,2.53,11.9,6.7,0.0084,20,0,-10,7,69.4,53,-28,25,0.4,0.005889,999999.99,99999.99,99999.99,0.29,0.17,0.13,-1,2019-09-16 22:00:00
2019,259,23,2538,51,52,59,35,5.1,5.0,0.3,131.8,-3.3,3.7,0.0,3.6,-0.9,0.2,0.8,0.3,0.3,0.6,53481.0,6.5,424.0,0.9,0.9,0.024,8599.0,0.8,2.0,0.3,0.3,0.006,2.14,0.38,1.89,10.6,6.5,0.0106,20,0,-10,7,69.4,54,-35,19,0.5,0.005889,999999.99,99999.99,99999.99,0.29,0.18,0.13,-1,2019-09-16 23:00:00
2019,260,0,2538,51,52,60,34,3.5,3.0,-35.3,133.6,-1.7,1.8,-1.7,1.3,-2.1,1.4,2.3,1.5,1.6,0.9,52794.0,8.3,423.0,1.3,1.1,0.016,4897.0,1.6,4.0,0.6,0.3,0.006,2.64,0.89,5.11,17.4,7.5,0.0039,33,0,-12,18,68.2,196,-152,44,1.1,0.006121,999999.99,99999.99,99999.99,0.25,0.16,0.12,-1,2019-09-17 00:00:00
2019,260,1,2538,51,52,58,36,2.1,1.8,2.6,325.2,1.5,-1.0,0.1,-0.9,0.4,0.5,1.1,0.3,0.5,0.9,42401.0,11.9,414.0,-0.0,1.1,0.003,3178.0,0.8,3.0,0.4,0.2,0.001,3.45,-0.17,19.17,34.0,8.1,0.001,33,0,-7,18,68.2,164,-122,42,1.9,0.006121,999999.99,99999.99,99999.99,0.26,0.17,0.13,-1,2019-09-17 01:00:00
2019,260,2,2538,51,52,60,36,3.2,3.2,-7.3,328.8,2.7,-1.6,-0.4,-1.6,0.1,0.5,0.7,0.5,0.3,0.4,37045.0,12.2,408.0,-0.6,0.7,0.002,1216.0,0.7,2.0,0.2,0.2,0.0,3.42,-0.04,8.2,22.3,7.8,0.0024,33,0,-3,18,68.2,49,-4,45,0.3,0.006121,999999.99,99999.99,99999.99,0.29,0.19,0.15,-1,2019-09-17 02:00:00
2019,260,3,2538,51,52,59,36,2.3,2.3,-1.1,337.7,2.1,-0.9,0.0,-0.8,0.3,0.3,0.4,0.3,0.2,0.1,42514.0,15.3,407.0,-0.2,1.2,0.004,2148.0,0.4,2.0,0.2,0.4,0.001,4.3,-0.12,20.56,34.6,8.0,0.001,13,0,3,5,68.2,31,3,34,0.2,0.006121,999999.99,99999.99,99999.99,0.3,0.19,0.14,-1,2019-09-17 03:00:00
2019,260,4,2538,51,52,59,34,2.0,2.0,-10.2,334.0,1.7,-0.8,-0.3,-0.9,0.0,0.1,0.3,0.2,0.2,0.2,44292.0,14.8,403.0,0.3,2.1,0.006,888.0,0.2,1.0,0.2,0.3,0.0,4.11,-0.0,26.58,38.8,7.9,0.0008,13,0,2,5,68.2,24,4,27,0.1,0.006121,999999.99,99999.99,99999.99,0.3,0.18,0.13,-1,2019-09-17 04:00:00
2019,260,5,2538,51,52,58,35,3.1,3.0,-19.0,307.4,1.7,-2.3,-1.0,-2.5,0.1,0.6,0.9,0.5,0.6,0.5,34895.0,13.9,391.0,0.2,2.7,0.003,3632.0,0.6,5.0,0.3,0.4,0.001,3.59,-0.04,9.82,23.5,7.6,0.0022,13,0,0,5,68.2,35,-1,34,0.2,0.006121,999999.99,99999.99,99999.99,0.29,0.18,0.12,-1,2019-09-17 05:00:00
2019,260,6,2538,51,52,60,37,3.8,3.6,-12.2,296.3,1.5,-3.1,-0.8,-3.1,0.7,0.4,1.3,0.8,0.9,0.5,33151.0,11.7,386.0,-0.1,1.8,0.002,4190.0,0.9,5.0,0.5,0.2,0.001,2.93,-0.27,5.44,17.4,7.3,0.0039,7,0,-2,3,68.2,42,-6,36,0.0,0.006121,999999.99,99999.99,99999.99,0.29,0.19,0.13,-1,2019-09-17 06:00:00
2019,260,7,2538,51,52,56,34,5.1,4.7,-16.8,271.1,0.1,-4.5,-1.4,-4.6,1.0,0.3,2.0,1.6,0.8,0.7,56143.0,5.7,386.0,-1.3,0.4,0.006,10827.0,1.2,10.0,0.8,0.9,0.003,1.45,-0.39,1.68,9.0,5.8,0.0146,7,0,-4,3,68.2,90,-52,38,0.1,0.006121,999999.99,99999.99,99999.99,0.27,0.18,0.13,-1,2019-09-17 07:00:00
2019,260,8,2538,51,52,63,37,4.5,4.2,-14.5,317.2,3.0,-2.8,-1.1,-3.0,0.5,0.8,1.9,1.0,0.9,1.3,63823.0,7.3,378.0,0.3,0.2,0.008,7669.0,1.7,8.0,0.5,1.0,0.002,1.8,-0.19,2.88,11.3,6.1,0.0092,7,0,-2,3,68.2,53,-24,29,0.1,0.006121,999999.99,99999.99,99999.99,0.28,0.18,0.13,-1,2019-09-17 08:00:00
2019,260,9,2538,51,52,59,35,5.0,4.6,34.5,304.3,2.1,-3.2,2.6,-1.3,3.9,0.7,2.0,0.8,1.1,1.5,74630.0,8.5,384.0,-0.3,1.3,0.007,6204.0,1.2,4.0,0.7,0.5,0.002,2.15,-1.5,2.87,11.2,6.0,0.0095,7,0,-3,3,68.2,47,-26,21,0.4,0.006121,999999.99,99999.99,99999.99,0.31,0.18,0.13,-1,2019-09-17 09:00:00
2019,260,10,2538,51,52,61,36,5.4,5.2,-2.2,306.0,3.1,-4.2,-0.2,-3.6,2.1,0.5,1.3,0.9,0.5,0.8,75945.0,6.3,380.0,-1.0,0.8,0.011,7217.0,0.9,5.0,1.2,0.8,0.003,1.59,-0.8,1.84,8.8,5.5,0.0153,7,0,-6,3,68.2,56,-35,22,0.3,0.006121,999999.99,99999.99,99999.99,0.29,0.18,0.13,-1,2019-09-17 10:00:00
2019,260,11,2538,51,52,61,34,4.4,4.1,5.8,284.6,1.0,-3.9,0.4,-3.1,2.4,0.3,1.5,1.3,0.7,0.3,67818.0,7.9,380.0,0.1,-0.5,0.007,5854.0,0.8,10.0,0.3,0.4,0.001,1.96,-0.91,3.33,12.1,6.2,0.0081,7,0,-7,3,68.2,36,-21,15,0.4,0.006121,999999.99,99999.99,99999.99,0.31,0.19,0.14,-1,2019-09-17 11:00:00
2019,260,12,2538,51,52,54,30,4.8,4.5,8.0,280.1,0.8,-4.4,0.6,-3.4,2.8,0.2,1.5,1.3,0.5,0.5,69355.0,7.3,379.0,0.3,-0.3,0.005,9446.0,0.7,7.0,0.5,0.5,0.001,1.79,-1.06,2.61,10.7,5.9,0.0105,3,0,-9,2,68.2,37,-23,14,0.6,0.006121,999999.99,99999.99,99999.99,0.26,0.17,0.13,-1,2019-09-17 12:00:00
2019,260,13,2538,51,52,58,35,5.1,4.7,11.5,307.5,2.8,-3.7,1.0,-2.7,2.7,0.3,1.7,1.5,0.8,0.4,61327.0,5.2,358.0,-0.1,1.3,0.009,17179.0,1.3,14.0,0.8,0.7,0.0,1.15,-0.97,1.58,8.0,5.2,0.0186,3,0,-13,2,68.2,42,-27,16,0.3,0.006121,999999.99,99999.99,99999.99,0.3,0.19,0.14,-1,2019-09-17 13:00:00
2019,260,14,2538,51,52,62,38,5.1,5.1,20.2,320.0,3.6,-3.0,1.7,-1.8,2.9,0.2,0.9,0.5,0.6,0.5,53490.0,4.8,353.0,-0.8,3.1,0.014,8482.0,0.6,5.0,1.1,0.8,0.0,1.05,-1.02,1.4,7.6,5.1,0.0207,3,0,-14,2,68.2,50,-29,21,0.1,0.006121,999999.99,99999.99,99999.99,0.29,0.2,0.15,-1,2019-09-17 14:00:00
2019,260,15,2538,51,52,59,35,5.3,5.2,1.9,303.4,2.9,-4.3,0.2,-3.8,2.1,0.1,1.0,0.6,0.5,0.7,59562.0,5.0,359.0,-0.7,0.7,0.01,10999.0,0.7,7.0,0.8,1.0,0.0,1.12,-0.75,1.39,7.6,5.1,0.0207,7,0,-14,3,68.2,51,-34,17,0.7,0.006121,999999.99,99999.99,99999.99,0.28,0.19,0.13,-1,2019-09-17 15:00:00
2019,260,16,2538,51,52,60,34,5.0,4.7,-22.2,324.6,3.6,-2.5,-1.8,-3.0,-0.6,0.2,1.6,0.4,1.2,0.9,48827.0,4.5,350.0,-0.0,-2.8,0.025,11950.0,0.8,5.0,1.5,1.5,0.0,1.01,0.21,1.33,7.4,5.1,0.0216,7,0,-13,3,68.2,57,-35,22,1.6,0.006121,999999.99,99999.99,99999.99,0.29,0.2,0.14,-1,2019-09-17 16:00:00
2019,260,17,2538,51,52,64,40,4.7,4.5,-13.3,326.8,3.6,-2.4,-1.0,-2.6,-0.1,0.4,1.4,0.6,1.1,0.7,50238.0,3.6,353.0,-0.4,-0.9,0.016,8105.0,0.6,8.0,1.8,1.5,0.0,0.8,0.04,1.21,7.1,5.0,0.0234,7,0,-14,3,68.2,50,-34,16,0.9,0.006121,999999.99,99999.99,99999.99,0.26,0.17,0.13,-1,2019-09-17 17:00:00
2019,260,18,2538,51,52,66,38,4.8,2.3,-45.9,302.8,0.9,-1.4,-1.7,-1.9,-1.1,0.8,4.2,2.1,2.4,2.7,74610.0,6.3,392.0,0.7,-1.9,0.013,20049.0,2.1,19.0,2.9,2.6,0.007,1.7,0.43,2.31,10.2,5.9,0.0113,23,0,-7,9,68.2,76,-51,26,1.1,0.006121,999999.99,99999.99,99999.99,0.29,0.19,0.13,-1,2019-09-17 18:00:00
2019,260,19,2538,51,52,61,37,5.1,4.2,-40.0,273.0,0.2,-3.2,-2.7,-3.9,-1.6,1.1,2.9,1.2,1.8,2.0,68711.0,8.4,403.0,0.8,-3.6,0.006,11960.0,2.2,7.0,1.7,1.4,0.001,2.33,0.64,2.65,11.5,6.3,0.0091,23,0,-9,9,68.2,140,-91,48,1.1,0.006121,999999.99,99999.99,99999.99,0.28,0.18,0.13,-1,2019-09-17 19:00:00
2019,260,20,2538,51,52,59,36,4.8,3.5,44.2,220.7,-1.9,-1.7,2.5,-1.0,2.9,0.7,3.2,1.4,2.0,2.0,36446.0,15.9,413.0,0.0,-1.2,0.006,9127.0,4.0,3.0,0.8,1.1,0.002,4.64,-1.2,4.73,17.2,7.6,0.004,23,0,-8,9,68.2,141,-83,58,0.4,0.006121,999999.99,99999.99,99999.99,0.28,0.18,0.13,-1,2019-09-17 20:00:00
2019,260,21,2538,51,52,62,34,6.2,6.0,-34.8,67.4,1.9,4.6,-3.4,3.6,-4.4,1.0,1.8,0.9,0.9,1.3,61924.0,3.3,409.0,1.8,-0.8,0.059,14053.0,0.6,3.0,0.4,1.3,0.008,1.14,1.8,0.68,6.0,4.8,0.0331,37,0,-13,22,68.2,126,-76,50,0.9,0.006121,999999.99,99999.99,99999.99,0.27,0.18,0.13,-1,2019-09-17 21:00:00
2019,260,22,2538,51,52,62,38,3.8,3.6,-2.4,155.6,-3.2,1.5,-0.1,1.4,-0.5,0.5,1.5,0.6,0.8,1.1,76227.0,5.5,433.0,1.7,-1.0,0.057,6656.0,0.2,4.0,0.4,0.7,0.004,2.11,0.22,3.24,13.4,6.9,0.0067,37,0,-17,22,68.2,377,-311,66,1.8,0.006121,999999.99,99999.99,99999.99,0.28,0.19,0.14,-1,2019-09-17 22:00:00
2019,260,23,2538,51,52,60,37,3.0,2.7,11.3,138.1,-1.9,1.7,0.5,1.8,0.1,0.5,1.5,1.2,0.7,0.6,76201.0,5.3,431.0,1.1,-0.3,0.051,6675.0,0.2,3.0,0.6,0.5,0.003,1.98,-0.04,5.01,16.5,7.2,0.0043,37,0,-19,22,68.2,184,-136,47,1.1,0.006121,999999.99,99999.99,99999.99,0.29,0.19,0.14,-1,2019-09-17 23:00:00
2019,261,0,2538,51,52,63,36,3.1,2.4,-53.7,98.2,-0.2,1.4,-2.0,0.8,-2.3,0.6,1.9,0.6,1.4,1.1,75436.0,4.9,436.0,1.4,-0.7,0.048,7918.0,0.3,8.0,0.6,0.5,0.005,1.85,1.0,4.32,15.6,7.2,0.0049,27,0,-18,12,66.9,143,-94,50,1.2,0.006109,999999.99,99999.99,99999.99,0.31,0.19,0.14,-1,2019-09-18 00:00:00
2019,261,1,2538,51,52,57,32,3.3,3.1,-9.6,104.0,-0.8,3.0,-0.5,2.7,-1.3,0.4,1.0,0.8,0.4,0.4,67157.0,4.7,446.0,1.4,-1.0,0.04,7114.0,0.3,5.0,0.3,0.2,0.007,1.81,0.58,3.51,14.7,7.3,0.0055,27,0,-19,12,66.9,273,-176,96,1.1,0.006109,999999.99,99999.99,99999.99,0.28,0.18,0.13,-1,2019-09-18 01:00:00
2019,261,2,2538,51,52,59,36,3.7,3.5,0.4,167.0,-3.4,0.8,0.0,0.8,-0.2,0.3,1.1,0.4,0.5,0.8,60564.0,4.5,434.0,2.0,-0.9,0.051,6167.0,0.3,2.0,0.3,0.4,0.006,1.7,0.09,2.58,12.4,6.9,0.0077,27,0,-19,12,66.9,197,-123,74,1.5,0.006109,999999.99,99999.99,99999.99,0.28,0.19,0.13,-1,2019-09-18 02:00:00
2019,261,3,2538,51,52,59,36,2.5,2.2,15.1,119.0,-1.0,1.8,0.6,1.9,-0.1,0.3,1.1,0.5,0.6,0.8,63662.0,5.4,420.0,1.7,0.7,0.033,3659.0,0.3,4.0,0.4,0.6,0.003,1.8,0.04,6.9,19.5,7.4,0.0031,17,0,-17,6,66.9,83,-22,61,0.4,0.006109,999999.99,99999.99,99999.99,0.29,0.19,0.14,-1,2019-09-18 03:00:00
2019,261,4,2538,51,52,58,34,2.5,2.4,-11.7,112.3,-0.9,2.2,-0.5,1.8,-1.3,0.3,0.8,0.5,0.3,0.5,52344.0,6.8,408.0,0.6,0.3,0.019,6831.0,0.5,7.0,0.5,0.4,0.008,2.03,0.53,8.18,21.3,7.5,0.0026,17,0,-15,6,66.9,97,-29,68,0.6,0.006109,999999.99,99999.99,99999.99,0.29,0.18,0.13,-1,2019-09-18 04:00:00
2019,261,5,2538,51,52,57,33,2.6,2.5,-27.5,105.5,-0.6,2.1,-1.1,1.4,-1.9,0.2,0.8,0.7,0.2,0.3,45374.0,7.3,402.0,0.1,0.6,0.011,5443.0,0.5,3.0,0.3,0.4,0.003,2.06,0.76,7.8,20.9,7.5,0.0027,17,0,-15,6,66.9,160,-98,62,1.0,0.006109,999999.99,99999.99,99999.99,0.3,0.19,0.14,-1,2019-09-18 05:00:00
2019,261,6,2538,51,52,60,36,2.4,1.9,-38.6,67.9,0.5,1.3,-1.2,0.6,-1.7,0.6,1.5,1.1,0.7,0.8,26364.0,11.8,398.0,0.3,1.0,0.006,3452.0,1.5,4.0,0.4,0.7,0.002,3.2,0.68,13.19,28.5,8.1,0.0015,20,0,-13,7,66.9,220,-164,56,1.4,0.006109,999999.99,99999.99,99999.99,0.29,0.21,0.16,-1,2019-09-18 06:00:00
2019,261,7,2538,51,52,62,38,3.7,2.3,-41.0,24.0,1.6,0.7,-1.5,-0.1,-1.7,0.6,3.0,1.5,2.2,1.3,37056.0,8.8,397.0,1.1,0.3,0.015,13405.0,3.0,6.0,1.1,0.6,0.013,2.46,0.67,4.42,15.9,7.2,0.0047,20,0,-14,7,66.9,308,-238,70,1.7,0.006109,999999.99,99999.99,99999.99,0.29,0.19,0.14,-1,2019-09-18 07:00:00
2019,261,8,2538,51,52,62,37,3.6,2.8,-29.8,318.3,1.8,-1.6,-1.4,-2.1,-0.4,0.9,2.4,0.6,1.9,1.3,53006.0,5.7,411.0,1.6,-0.4,0.032,8921.0,0.7,3.0,0.6,0.5,0.007,1.81,0.16,3.32,13.6,6.9,0.0064,20,0,-16,7,66.9,266,-185,81,1.5,0.006109,999999.99,99999.99,99999.99,0.28,0.19,0.14,-1,2019-09-18 08:00:00
2019,261,9,2538,51,52,60,36,4.3,4.0,31.0,285.9,0.9,-3.3,2.1,-1.7,3.5,0.6,1.6,1.4,0.6,0.5,41475.0,6.3,414.0,1.5,-0.9,0.025,8535.0,1.5,2.0,0.5,0.6,0.01,1.98,-1.45,2.41,12.1,6.9,0.0081,20,0,-12,7,66.9,110,-61,49,0.5,0.006109,999999.99,99999.99,99999.99,0.3,0.18,0.13,-1,2019-09-18 09:00:00
2019,261,10,2538,51,52,60,37,4.4,4.1,-11.9,279.3,0.6,-3.9,-0.8,-3.7,1.4,0.3,1.7,0.5,0.5,1.5,47524.0,5.6,419.0,1.6,-1.1,0.034,5524.0,0.7,2.0,0.4,0.4,0.005,1.87,-0.59,2.12,11.3,6.7,0.0094,20,0,-8,7,66.9,52,-18,34,0.6,0.006109,999999.99,99999.99,99999.99,0.28,0.18,0.13,-1,2019-09-18 10:00:00
2019,261,11,2538,51,52,59,36,4.1,3.4,-84.4,65.3,0.1,0.3,-3.4,-1.6,-3.0,0.7,2.4,1.0,1.9,0.9,57103.0,5.0,417.0,1.3,-0.2,0.047,10928.0,0.5,3.0,1.3,0.9,0.007,1.72,1.25,2.29,11.4,6.6,0.0092,20,0,-10,7,66.9,113,-48,65,1.4,0.006109,999999.99,99999.99,99999.99,0.28,0.2,0.14,-1,2019-09-18 11:00:00
2019,261,12,2538,51,52,60,36,3.6,3.4,-22.6,148.0,-2.7,1.7,-1.3,0.8,-2.0,0.3,1.1,0.5,0.6,0.7,59569.0,4.9,412.0,0.9,-0.3,0.052,2861.0,0.3,4.0,0.4,0.3,0.003,1.68,0.82,2.96,12.7,6.7,0.0074,30,0,-16,15,66.9,433,-314,119,1.8,0.006109,999999.99,99999.99,99999.99,0.28,0.18,0.13,-1,2019-09-18 12:00:00
2019,261,13,2538,51,52,60,36,3.4,2.9,14.8,130.3,-1.8,2.2,0.8,2.3,-0.4,0.1,1.6,0.6,0.7,1.3,63119.0,4.8,413.0,0.6,-0.6,0.056,3288.0,0.1,2.0,0.3,0.4,0.003,1.67,0.17,3.31,13.3,6.8,0.0067,30,0,-18,15,66.9,406,-296,110,1.5,0.006109,999999.99,99999.99,99999.99,0.31,0.19,0.15,-1,2019-09-18 13:00:00
2019,261,14,2538,51,52,60,36,2.8,2.4,2.5,119.3,-1.2,2.1,0.1,1.9,-0.9,0.4,1.5,0.5,0.5,1.3,64427.0,4.5,412.0,0.8,-0.2,0.056,4715.0,0.2,2.0,0.4,0.6,0.003,1.56,0.37,4.6,15.6,7.0,0.0049,30,0,-17,15,66.9,137,-65,72,1.1,0.006109,999999.99,99999.99,99999.99,0.3,0.21,0.15,-1,2019-09-18 14:00:00
2019,261,15,2538,51,52,60,35,2.7,2.1,-0.6,113.5,-0.8,1.9,0.0,1.7,-0.8,0.2,1.7,1.0,1.0,0.9,63299.0,4.4,412.0,1.3,-0.2,0.054,3433.0,0.1,2.0,0.4,0.3,0.002,1.52,0.33,4.81,16.0,7.0,0.0046,10,0,-16,4,66.9,58,-30,29,0.6,0.006109,999999.99,99999.99,99999.99,0.28,0.18,0.13,-1,2019-09-18 15:00:00
2019,261,16,2538,51,52,59,35,2.6,2.0,-13.8,117.4,-0.9,1.7,-0.5,1.3,-1.1,0.2,1.6,0.9,0.3,1.2,60149.0,4.2,407.0,1.3,0.0,0.055,4326.0,0.2,3.0,0.3,0.7,0.003,1.42,0.45,4.87,16.0,7.0,0.0046,10,0,-17,4,66.9,107,-88,19,0.4,0.006109,999999.99,99999.99,99999.99,0.27,0.18,0.13,-1,2019-09-18 16:00:00
2019,261,17,2538,51,52,59,36,2.9,2.7,-7.1,123.1,-1.4,2.2,-0.3,1.9,-1.1,0.2,1.2,0.5,0.7,0.7,54160.0,4.0,401.0,0.8,-0.2,0.052,3011.0,0.1,5.0,0.6,0.6,0.004,1.3,0.44,3.61,13.8,6.8,0.0062,10,0,-15,4,66.9,135,-110,25,0.3,0.006109,999999.99,99999.99,99999.99,0.28,0.19,0.14,-1,2019-09-18 17:00:00
2019,261,18,2538,51,52,59,36,2.6,2.5,16.1,130.4,-1.5,1.8,0.7,1.9,0.1,0.1,0.8,0.4,0.4,0.6,52720.0,3.6,394.0,1.7,-1.6,0.047,2526.0,0.1,2.0,0.6,0.7,0.002,1.11,-0.04,4.01,14.4,6.8,0.0058,13,0,-14,5,66.9,128,-104,24,0.1,0.006109,999999.99,99999.99,99999.99,0.3,0.2,0.15,-1,2019-09-18 18:00:00
2019,261,19,2538,51,52,59,34,2.9,2.8,0.2,147.6,-2.4,1.5,0.0,1.4,-0.4,0.1,0.4,0.2,0.2,0.3,47446.0,3.3,388.0,2.4,-1.5,0.051,2548.0,0.1,3.0,0.8,0.2,0.003,1.0,0.16,2.87,12.2,6.5,0.0081,13,0,-12,5,66.9,102,-82,19,0.5,0.006109,999999.99,99999.99,99999.99,0.29,0.19,0.13,-1,2019-09-18 19:00:00
2019,261,20,2538,51,52,60,37,2.7,2.6,-14.8,140.4,-1.9,1.6,-0.7,1.4,-1.1,0.1,0.7,0.3,0.2,0.6,49285.0,3.5,389.0,2.5,-1.3,0.044,2517.0,0.1,1.0,0.3,0.3,0.004,1.04,0.43,3.55,13.5,6.7,0.0065,13,0,-12,5,66.9,42,-21,21,0.4,0.006109,999999.99,99999.99,99999.99,0.29,0.19,0.14,-1,2019-09-18 20:00:00
2019,261,21,2538,51,52,60,36,2.4,2.3,-32.1,161.6,-1.8,0.6,-1.2,0.3,-1.3,0.1,0.8,0.5,0.4,0.6,51497.0,3.7,388.0,3.0,-1.5,0.042,3883.0,0.1,3.0,0.2,0.5,0.002,1.09,0.5,4.81,15.5,6.9,0.0049,13,0,-14,5,66.9,45,-15,30,0.1,0.006109,999999.99,99999.99,99999.99,0.31,0.19,0.14,-1,2019-09-18 21:00:00
2019,261,22,2538,51,52,60,36,2.4,2.3,2.6,168.2,-2.2,0.5,0.1,0.5,-0.0,0.1,0.8,0.2,0.7,0.4,50128.0,3.7,387.0,2.5,-2.3,0.041,4443.0,0.1,1.0,0.7,0.2,0.004,1.08,0.0,4.77,15.5,6.9,0.0049,13,0,-16,5,66.9,45,-21,24,0.5,0.006109,999999.99,99999.99,99999.99,0.29,0.19,0.15,-1,2019-09-18 22:00:00
2019,261,23,2538,51,52,62,37,2.8,2.6,14.4,158.2,-2.4,0.9,0.7,1.0,0.5,0.4,0.9,0.4,0.3,0.7,50670.0,3.4,389.0,1.0,-2.0,0.035,3337.0,0.3,3.0,0.4,0.5,0.005,0.98,-0.19,3.23,12.8,6.6,0.0072,13,0,-15,5,66.9,45,-28,17,0.5,0.006109,999999.99,99999.99,99999.99,0.3,0.18,0.13,-1,2019-09-18 23:00:00
2019,262,0,2538,51,52,59,34,3.0,3.0,40.8,166.5,-2.2,0.5,1.9,1.0,1.7,0.1,0.4,0.2,0.3,0.2,43898.0,3.2,388.0,0.7,-2.6,0.031,2427.0,0.1,2.0,0.8,0.3,0.003,0.9,-0.66,2.55,11.6,6.5,0.0089,10,0,-16,4,67.7,41,-15,26,0.2,0.006119,999999.99,99999.99,99999.99,0.28,0.18,0.13,-1,2019-09-19 00:00:00
2019,262,1,2538,51,52,62,38,3.0,2.0,44.7,171.7,-1.4,0.2,1.4,0.6,1.3,0.2,2.1,1.0,0.8,1.7,46624.0,3.1,390.0,0.4,-2.0,0.031,4736.0,0.1,6.0,0.5,1.4,0.003,0.89,-0.51,2.51,11.4,6.4,0.0091,10,0,-15,4,67.7,40,-10,30,0.4,0.006119,999999.99,99999.99,99999.99,0.29,0.18,0.12,-1,2019-09-19 01:00:00
2019,262,2,2538,51,52,55,33,2.8,2.4,-10.0,156.1,-2.2,1.0,-0.4,0.8,-0.7,0.2,1.2,0.9,0.4,0.7,46123.0,2.9,384.0,-0.0,-0.3,0.04,7627.0,0.4,11.0,0.5,1.0,0.004,0.83,0.27,2.68,11.7,6.4,0.0087,10,0,-15,4,67.7,50,-20,30,0.5,0.006119,999999.99,99999.99,99999.99,0.31,0.19,0.13,-1,2019-09-19 02:00:00
2019,262,3,2538,51,52,61,36,3.1,3.0,0.1,166.5,-2.9,0.7,0.0,0.7,-0.2,0.1,0.7,0.2,0.1,0.6,42927.0,2.7,376.0,-0.5,-1.0,0.036,6716.0,0.2,3.0,0.2,1.0,0.003,0.73,0.08,2.0,10.0,6.0,0.012,3,0,-12,2,67.7,39,-10,29,0.2,0.006119,999999.99,99999.99,99999.99,0.26,0.19,0.14,-1,2019-09-19 03:00:00
2019,262,4,2538,51,52,61,37,3.2,3.2,17.3,162.9,-2.9,0.9,0.9,1.2,0.5,0.1,0.3,0.1,0.2,0.2,44010.0,2.8,377.0,-0.6,-2.3,0.033,4648.0,0.2,2.0,0.3,0.3,0.002,0.75,-0.19,1.96,9.9,6.0,0.0122,3,0,-11,2,67.7,26,-2,25,0.0,0.006119,999999.99,99999.99,99999.99,0.29,0.18,0.14,-1,2019-09-19 04:00:00
2019,262,5,2538,51,52,58,35,3.2,3.1,16.3,172.6,-3.0,0.4,0.9,0.7,0.6,0.1,0.3,0.1,0.2,0.2,44068.0,3.0,373.0,0.2,-2.4,0.034,4399.0,0.2,2.0,0.3,0.3,0.002,0.79,-0.22,2.1,10.1,6.0,0.0117,3,0,-11,2,67.7,18,-5,13,-0.2,0.006119,999999.99,99999.99,99999.99,0.31,0.2,0.15,-1,2019-09-19 05:00:00
2019,262,6,2538,51,52,59,36,3.0,3.0,0.0,163.6,-2.8,0.8,0.0,0.7,-0.4,0.2,0.4,0.2,0.2,0.2,43099.0,3.3,372.0,0.0,-1.7,0.032,5821.0,0.4,6.0,0.5,0.4,0.002,0.86,0.15,2.62,11.3,6.2,0.0094,7,0,-11,3,67.7,28,-14,14,-0.1,0.006119,999999.99,99999.99,99999.99,0.32,0.18,0.13,-1,2019-09-19 06:00:00
2019,262,7,2538,51,52,62,37,2.7,2.7,-9.2,149.5,-2.3,1.3,-0.4,0.9,-1.0,0.3,0.6,0.3,0.5,0.2,45720.0,3.5,377.0,0.4,-1.6,0.03,5351.0,0.3,4.0,0.5,0.3,0.002,0.93,0.38,3.48,13.1,6.5,0.007,7,0,-11,3,67.7,75,-45,30,0.2,0.006119,999999.99,99999.99,99999.99,0.32,0.2,0.15,-1,2019-09-19 07:00:00
2019,262,8,2538,51,52,60,36,2.4,2.2,-3.9,204.5,-2.0,-0.9,-0.1,-0.8,0.4,0.1,0.9,0.3,0.7,0.4,46731.0,3.8,380.0,1.6,-2.0,0.032,3379.0,0.1,2.0,0.6,0.3,0.002,1.03,-0.15,4.81,15.4,6.8,0.005,7,0,-8,3,67.7,70,-54,16,0.2,0.006119,999999.99,99999.99,99999.99,0.29,0.18,0.13,-1,2019-09-19 08:00:00
2019,262,9,2538,51,52,60,36,2.5,2.4,-6.0,201.8,-2.2,-0.9,-0.2,-0.9,0.3,0.2,0.7,0.2,0.4,0.5,45771.0,4.0,379.0,1.4,-2.2,0.031,2539.0,0.1,2.0,0.5,0.5,0.003,1.08,-0.11,4.64,15.2,6.8,0.0052,7,0,-6,3,67.7,50,-27,22,0.0,0.006119,999999.99,99999.99,99999.99,0.28,0.19,0.13,-1,2019-09-19 09:00:00
2019,262,10,2538,51,52,60,37,2.8,2.6,16.4,182.9,-2.5,-0.1,0.7,0.3,0.6,0.1,0.9,0.3,0.7,0.5,43387.0,4.0,374.0,0.8,-2.7,0.03,3300.0,0.1,3.0,0.6,0.5,0.003,1.05,-0.22,3.65,13.4,6.6,0.0067,7,0,-7,3,67.7,39,-26,14,0.1,0.006119,999999.99,99999.99,99999.99,0.3,0.18,0.13,-1,2019-09-19 10:00:00
2019,262,11,2538,51,52,60,33,2.4,2.3,-0.9,148.8,-2.0,1.2,0.0,1.0,-0.6,0.1,0.7,0.2,0.3,0.5,45938.0,4.1,375.0,0.0,-2.2,0.029,2075.0,0.3,2.0,0.4,0.3,0.003,1.07,0.23,5.16,15.8,6.8,0.0048,7,0,-9,3,67.7,49,-37,12,0.3,0.006119,999999.99,99999.99,99999.99,0.27,0.17,0.12,-1,2019-09-19 11:00:00
2019,262,12,2538,51,52,58,35,2.1,2.1,14.1,174.1,-2.0,0.2,0.5,0.4,0.3,0.3,0.5,0.4,0.2,0.2,48516.0,4.6,377.0,0.8,-2.2,0.026,2512.0,0.2,4.0,0.2,0.3,0.003,1.21,-0.11,7.68,19.3,7.0,0.0032,7,0,-8,3,67.7,69,-45,24,0.4,0.006119,999999.99,99999.99,99999.99,0.26,0.17,0.13,-1,2019-09-19 12:00:00
2019,262,13,2538,51,52,62,37,2.0,1.9,-23.3,34.4,1.5,1.0,-0.8,0.5,-1.2,0.7,0.8,0.7,0.4,0.3,26029.0,5.4,374.0,0.8,-2.3,0.015,9902.0,0.3,6.0,0.3,0.5,0.003,1.34,0.45,8.67,21.7,7.5,0.0025,7,0,-10,3,67.7,81,-39,42,0.7,0.006119,999999.99,99999.99,99999.99,0.29,0.19,0.14,-1,2019-09-19 13:00:00
2019,262,14,2538,51,52,58,35,1.9,0.9,-25.0,46.0,0.6,0.6,-0.4,0.3,-0.6,0.4,1.7,1.6,0.6,0.3,35417.0,5.2,375.0,0.5,-2.4,0.02,6757.0,0.2,6.0,0.3,0.2,0.004,1.32,0.23,9.81,22.5,7.3,0.0023,7,0,-10,3,67.7,161,-106,55,0.6,0.006119,999999.99,99999.99,99999.99,0.32,0.2,0.14,-1,2019-09-19 14:00:00
2019,262,15,2538,51,52,60,37,1.9,1.5,-26.1,140.3,-1.0,0.8,-0.6,0.4,-0.9,0.6,1.3,1.0,0.6,0.6,39063.0,5.5,364.0,0.5,-2.5,0.019,5622.0,0.3,3.0,0.3,0.3,0.003,1.31,0.33,10.61,22.5,7.0,0.0024,3,0,-9,2,67.7,128,-99,29,0.6,0.006119,999999.99,99999.99,99999.99,0.28,0.18,0.13,-1,2019-09-19 15:00:00
2019,262,16,2538,51,52,59,36,2.5,2.4,-19.2,166.1,-2.2,0.5,-0.8,0.1,-0.9,0.4,0.9,0.4,0.8,0.4,41358.0,4.8,362.0,0.9,-2.3,0.024,3311.0,0.3,2.0,0.4,0.3,0.004,1.15,0.33,5.42,15.9,6.7,0.0047,3,0,-9,2,67.7,60,-46,14,0.3,0.006119,999999.99,99999.99,99999.99,0.29,0.18,0.13,-1,2019-09-19 16:00:00
2019,262,17,2538,51,52,59,34,2.9,2.9,3.6,167.1,-2.8,0.6,0.2,0.6,-0.0,0.2,0.6,0.3,0.3,0.4,44004.0,4.4,356.0,0.7,-2.6,0.023,5803.0,0.2,5.0,0.3,0.4,0.002,1.02,0.0,3.75,12.9,6.3,0.0072,3,0,-5,2,67.7,45,-28,17,0.6,0.006119,999999.99,99999.99,99999.99,0.28,0.18,0.14,-1,2019-09-19 17:00:00
2019,262,18,2538,51,52,59,36,2.4,2.4,2.2,171.5,-2.4,0.4,0.1,0.4,-0.0,0.5,0.7,0.6,0.3,0.1,48291.0,4.9,352.0,0.9,-2.5,0.024,3784.0,0.4,3.0,0.2,0.1,0.003,1.11,0.0,6.25,16.2,6.4,0.0045,13,0,-4,5,67.7,30,-14,17,0.3,0.006119,999999.99,99999.99,99999.99,0.29,0.19,0.14,-1,2019-09-19 18:00:00
2019,262,19,2538,51,52,60,36,2.4,2.0,-5.1,148.1,-1.7,1.1,-0.2,1.0,-0.5,0.3,1.3,0.9,0.8,0.5,45175.0,5.0,351.0,0.5,-2.3,0.033,5114.0,0.3,2.0,0.6,0.4,0.005,1.16,0.18,6.27,16.4,6.5,0.0044,13,0,-8,5,67.7,116,-100,15,0.4,0.006119,999999.99,99999.99,99999.99,0.29,0.18,0.14,-1,2019-09-19 19:00:00
2019,262,20,2538,51,52,59,36,2.8,2.7,9.1,169.4,-2.6,0.5,0.4,0.6,0.3,0.1,0.7,0.1,0.6,0.2,41393.0,4.7,350.0,0.3,-1.5,0.038,3546.0,0.1,1.0,0.3,0.3,0.003,1.11,-0.1,4.23,13.5,6.3,0.0065,13,0,-8,5,67.7,82,-72,10,0.3,0.006119,999999.99,99999.99,99999.99,0.31,0.19,0.14,-1,2019-09-19 20:00:00
2019,262,21,2538,51,52,59,36,2.9,2.7,15.5,159.1,-2.4,0.9,0.7,1.0,0.5,0.1,1.1,0.2,0.5,1.0,43603.0,4.6,349.0,0.9,-1.6,0.037,2931.0,0.2,2.0,0.2,0.3,0.003,1.07,-0.17,3.91,12.9,6.2,0.0071,3,0,-10,2,67.7,32,-10,22,0.0,0.006119,999999.99,99999.99,99999.99,0.3,0.21,0.15,-1,2019-09-19 21:00:00
2019,262,22,2538,51,52,61,36,2.8,2.8,-9.8,178.0,-2.7,0.1,-0.5,-0.0,-0.5,0.1,0.6,0.2,0.2,0.5,48670.0,4.5,347.0,0.5,-1.1,0.041,5105.0,0.1,1.0,0.2,0.3,0.002,1.05,0.17,4.23,13.1,6.1,0.0069,3,0,-12,2,67.7,25,-11,14,0.0,0.006119,999999.99,99999.99,99999.99,0.27,0.18,0.13,-1,2019-09-19 22:00:00
2019,262,23,2538,51,52,63,37,3.1,2.7,-32.2,179.7,-2.3,0.0,-1.5,-0.4,-1.5,0.2,1.5,0.4,1.2,0.9,45713.0,4.6,350.0,0.5,-0.3,0.034,3489.0,0.2,4.0,0.6,0.6,0.003,1.07,0.53,3.47,12.1,6.1,0.0081,3,0,-10,2,67.7,24,-11,13,-0.0,0.006119,999999.99,99999.99,99999.99,0.32,0.17,0.13,-1,2019-09-19 23:00:00
2019,263,0,2538,51,52,61,37,3.3,3.2,-47.6,220.2,-1.6,-1.4,-2.4,-2.0,-2.0,0.3,0.9,0.7,0.3,0.4,42749.0,4.8,359.0,1.0,0.1,0.035,5760.0,0.2,3.0,0.2,0.3,0.003,1.18,0.72,3.14,11.9,6.2,0.0084,10,0,-7,4,67.7,25,-8,18,-0.2,0.006144,999999.99,99999.99,99999.99,0.33,0.21,0.15,-1,2019-09-20 00:00:00
2019,263,1,2538,51,52,55,32,2.9,2.6,-40.0,208.3,-1.7,-0.9,-1.7,-1.3,-1.4,0.4,1.3,1.0,0.4,0.8,48893.0,4.8,354.0,0.6,-0.2,0.039,2910.0,0.2,6.0,0.3,0.5,0.004,1.16,0.5,4.21,13.4,6.2,0.0067,10,0,-4,4,67.7,47,-11,36,0.2,0.006144,999999.99,99999.99,99999.99,0.3,0.18,0.13,-1,2019-09-20 01:00:00
2019,263,2,2538,51,52,60,36,3.5,3.3,-4.7,182.8,-3.3,-0.2,-0.3,-0.3,-0.2,0.1,0.9,0.2,0.6,0.6,42107.0,4.5,343.0,0.6,-0.3,0.032,3926.0,0.1,1.0,0.5,0.2,0.003,1.0,0.07,2.61,10.4,5.8,0.011,10,0,-6,4,67.7,47,-14,33,0.6,0.006144,999999.99,99999.99,99999.99,0.25,0.17,0.13,-1,2019-09-20 02:00:00
2019,263,3,2538,51,52,59,36,3.3,3.3,-20.9,176.8,-3.1,0.2,-1.2,-0.2,-1.2,0.1,0.6,0.2,0.4,0.3,43638.0,4.3,343.0,0.3,0.2,0.029,2834.0,0.2,2.0,0.2,0.2,0.003,0.94,0.41,2.83,10.8,5.8,0.0102,3,0,-8,2,67.7,69,-16,53,0.8,0.006144,999999.99,99999.99,99999.99,0.3,0.18,0.14,-1,2019-09-20 03:00:00
2019,263,4,2538,51,52,60,36,3.2,3.2,-23.9,186.5,-2.9,-0.3,-1.3,-0.8,-1.1,0.1,0.4,0.1,0.3,0.2,43851.0,4.5,340.0,-0.2,0.7,0.029,2788.0,0.1,1.0,0.3,0.3,0.002,0.97,0.37,3.15,11.3,5.8,0.0094,3,0,-8,2,67.7,32,-7,25,0.3,0.006144,999999.99,99999.99,99999.99,0.3,0.19,0.14,-1,2019-09-20 04:00:00
2019,263,5,2538,51,52,60,35,3.1,3.0,-23.3,191.4,-2.7,-0.5,-1.2,-1.0,-0.9,0.1,0.5,0.2,0.3,0.3,39685.0,5.0,339.0,-0.2,0.8,0.025,2056.0,0.1,1.0,0.1,0.2,0.001,1.06,0.31,3.64,12.2,6.0,0.008,3,0,-10,2,67.7,42,-5,38,0.1,0.006144,999999.99,99999.99,99999.99,0.31,0.2,0.14,-1,2019-09-20 05:00:00
2019,263,6,2538,51,52,58,36,3.1,3.0,-34.9,176.7,-2.4,0.1,-1.7,-0.7,-1.6,0.1,0.8,0.2,0.6,0.4,35723.0,5.2,341.0,-0.8,0.5,0.025,2108.0,0.1,2.0,0.3,0.3,0.001,1.11,0.55,3.69,12.5,6.1,0.0076,3,0,-9,2,67.7,93,-49,44,0.3,0.006144,999999.99,99999.99,99999.99,0.29,0.17,0.13,-1,2019-09-20 06:00:00
2019,263,7,2538,51,52,59,36,3.2,3.1,-30.2,174.0,-2.7,0.3,-1.6,-0.5,-1.5,0.0,0.6,0.2,0.4,0.4,32694.0,5.4,337.0,-1.0,0.1,0.024,2180.0,0.1,2.0,0.3,0.3,0.002,1.12,0.51,3.53,12.2,6.1,0.0079,3,0,-9,2,67.7,93,-37,55,0.4,0.006144,999999.99,99999.99,99999.99,0.28,0.19,0.13,-1,2019-09-20 07:00:00
2019,263,8,2538,51,52,60,34,3.1,3.1,-20.0,172.4,-2.8,0.4,-1.0,-0.2,-1.1,0.0,0.4,0.1,0.3,0.2,27533.0,5.8,333.0,-0.5,0.3,0.019,1269.0,0.2,5.0,1.3,0.3,0.002,1.16,0.37,3.91,12.9,6.2,0.0071,3,0,-8,2,67.7,74,-32,41,0.4,0.006144,999999.99,99999.99,99999.99,0.29,0.2,0.15,-1,2019-09-20 08:00:00
2019,263,9,2538,51,52,59,36,3.0,3.0,-15.3,171.4,-2.8,0.4,-0.8,-0.1,-0.9,0.1,0.5,0.1,0.3,0.3,26789.0,5.6,329.0,-0.5,0.1,0.019,2197.0,0.2,2.0,0.1,0.2,0.001,1.09,0.3,4.02,13.0,6.1,0.0071,3,0,-7,2,67.7,51,-30,21,0.2,0.006144,999999.99,99999.99,99999.99,0.3,0.19,0.14,-1,2019-09-20 09:00:00
2019,263,10,2538,51,52,58,36,2.9,2.5,-37.2,212.2,-1.7,-1.1,-1.5,-1.7,-0.7,0.1,1.4,0.7,1.1,0.5,22160.0,6.1,321.0,-0.3,0.9,0.013,3373.0,0.3,4.0,0.3,0.3,0.003,1.1,0.22,4.54,13.7,6.2,0.0064,3,0,-7,2,67.7,43,-28,15,0.2,0.006144,999999.99,99999.99,99999.99,0.3,0.18,0.13,-1,2019-09-20 10:00:00
2019,263,11,2538,51,52,59,35,3.0,2.8,-18.7,177.7,-2.7,0.1,-0.9,-0.4,-0.8,0.1,1.1,0.2,0.9,0.5,23317.0,6.6,321.0,-0.5,0.0,0.016,3636.0,0.4,4.0,0.7,0.4,0.003,1.21,0.26,4.63,13.7,6.1,0.0063,3,0,-9,2,67.7,48,-26,21,0.5,0.006144,999999.99,99999.99,99999.99,0.28,0.18,0.14,-1,2019-09-20 11:00:00
2019,263,12,2538,51,52,60,36,3.1,3.0,-11.7,196.0,-2.9,-0.8,-0.6,-1.0,-0.1,0.1,0.5,0.2,0.3,0.4,19456.0,7.3,315.0,0.1,-0.2,0.01,591.0,0.2,1.0,0.2,0.2,0.001,1.26,0.03,4.67,13.7,6.1,0.0063,7,0,-10,3,67.7,49,-21,29,0.4,0.006144,999999.99,99999.99,99999.99,0.31,0.19,0.13,-1,2019-09-20 12:00:00
2019,263,13,2538,51,52,59,35,2.9,2.8,-13.5,185.9,-2.8,-0.3,-0.7,-0.6,-0.5,0.1,0.4,0.1,0.2,0.3,17633.0,8.1,315.0,-0.3,-0.5,0.01,1499.0,0.3,2.0,0.2,0.2,0.001,1.4,0.16,5.85,15.5,6.3,0.005,7,0,-9,3,67.7,41,-24,17,0.3,0.006144,999999.99,99999.99,99999.99,0.32,0.21,0.15,-1,2019-09-20 13:00:00
2019,263,14,2538,51,52,59,36,2.9,2.8,-2.8,190.1,-2.8,-0.5,-0.1,-0.5,0.2,0.1,0.3,0.1,0.2,0.2,17304.0,7.8,310.0,-0.2,-1.2,0.011,1312.0,0.4,2.0,0.9,0.4,0.001,1.31,-0.06,5.62,14.9,6.2,0.0053,7,0,-9,3,67.7,59,-31,29,0.4,0.006144,999999.99,99999.99,99999.99,0.29,0.19,0.14,-1,2019-09-20 14:00:00
2019,263,15,2538,51,52,60,36,3.1,2.9,-3.9,196.6,-2.7,-0.8,-0.2,-0.8,0.2,0.3,1.2,0.3,1.0,0.6,19501.0,7.0,310.0,0.0,-1.5,0.013,2251.0,0.8,3.0,0.9,0.4,0.004,1.18,-0.06,4.48,13.2,6.0,0.0068,3,0,-6,2,67.7,43,-24,18,0.2,0.006144,999999.99,99999.99,99999.99,0.28,0.19,0.14,-1,2019-09-20 15:00:00
2019,263,16,2538,51,52,63,38,3.0,2.8,-21.4,231.9,-1.6,-2.0,-1.0,-2.2,-0.1,0.4,1.3,1.1,0.3,0.5,23546.0,8.2,314.0,0.6,-1.5,0.012,2506.0,1.1,7.0,0.3,0.5,0.001,1.41,0.03,5.76,15.0,6.1,0.0053,3,0,-3,2,67.7,43,-25,19,0.6,0.006144,999999.99,99999.99,99999.99,0.26,0.17,0.13,-1,2019-09-20 16:00:00
2019,263,17,2538,51,52,57,34,2.5,2.0,-19.8,217.1,-1.5,-1.2,-0.7,-1.4,-0.2,0.1,1.4,0.8,1.1,0.3,21893.0,9.9,313.0,0.1,-1.7,0.011,4173.0,0.5,5.0,0.9,0.4,0.002,1.69,0.06,9.9,19.7,6.4,0.0031,3,0,-5,2,67.7,37,-24,13,0.5,0.006144,999999.99,99999.99,99999.99,0.3,0.2,0.13,-1,2019-09-20 17:00:00
2019,263,18,2538,51,52,60,36,2.4,2.3,-5.1,176.1,-2.3,0.2,-0.2,0.1,-0.3,0.1,0.7,0.1,0.5,0.4,17510.0,10.5,306.0,-0.7,-2.0,0.012,1368.0,0.2,1.0,0.4,0.4,0.001,1.72,0.09,11.06,20.7,6.4,0.0028,7,0,-4,3,67.7,43,-26,17,0.4,0.006144,999999.99,99999.99,99999.99,0.32,0.2,0.14,-1,2019-09-20 18:00:00
2019,263,19,2538,51,52,59,36,2.4,2.3,-15.5,186.5,-2.2,-0.2,-0.6,-0.4,-0.5,0.1,0.6,0.2,0.3,0.5,16778.0,10.4,305.0,-0.3,-1.5,0.014,1086.0,0.2,1.0,0.3,0.4,0.002,1.71,0.15,10.9,20.5,6.4,0.0028,7,0,-5,3,67.7,26,-15,11,-0.0,0.006144,999999.99,99999.99,99999.99,0.29,0.19,0.14,-1,2019-09-20 19:00:00
2019,263,20,2538,51,52,60,36,2.3,2.3,-16.7,195.9,-2.1,-0.6,-0.7,-0.8,-0.5,0.1,0.4,0.2,0.2,0.3,15004.0,10.9,304.0,-0.0,-1.2,0.016,1272.0,0.4,1.0,0.1,0.3,0.002,1.79,0.15,12.29,21.8,6.4,0.0025,7,0,-3,3,67.7,33,-16,16,0.1,0.006144,999999.99,99999.99,99999.99,0.29,0.2,0.15,-1,2019-09-20 20:00:00
2019,263,21,2538,51,52,61,36,2.5,2.4,-44.6,200.1,-1.6,-0.6,-1.7,-1.0,-1.5,0.1,0.8,0.5,0.1,0.6,14266.0,11.5,304.0,-0.5,-0.1,0.013,959.0,0.4,2.0,0.3,0.4,0.002,1.87,0.46,10.92,20.6,6.4,0.0028,7,0,-3,3,67.7,31,-16,15,0.1,0.006144,999999.99,99999.99,99999.99,0.29,0.19,0.14,-1,2019-09-20 21:00:00
2019,263,22,2538,51,52,58,34,2.6,2.4,-44.2,173.1,-1.7,0.2,-1.7,-0.2,-1.7,0.1,0.9,0.6,0.7,0.4,14342.0,10.9,302.0,-1.8,-0.3,0.011,512.0,0.6,3.0,0.7,0.5,0.002,1.73,0.51,9.57,19.2,6.3,0.0032,7,0,-4,3,67.7,37,-23,14,0.3,0.006144,999999.99,99999.99,99999.99,0.31,0.2,0.15,-1,2019-09-20 22:00:00
2019,263,23,2538,51,52,58,35,2.8,2.7,-30.3,151.6,-2.0,1.1,-1.3,0.7,-1.5,0.1,0.8,0.3,0.3,0.7,13759.0,10.3,298.0,-3.0,-0.5,0.012,606.0,0.4,2.0,0.2,0.5,0.003,1.6,0.45,7.77,17.1,6.2,0.0041,7,0,-3,3,67.7,24,-11,13,0.3,0.006144,999999.99,99999.99,99999.99,0.31,0.19,0.14,-1,2019-09-20 23:00:00
2019,264,0,2539,51,52,61,37,2.8,2.8,-8.6,147.5,-2.3,1.5,-0.4,1.3,-0.8,0.1,0.6,0.2,0.4,0.4,13211.0,10.9,295.0,-3.1,-0.7,0.016,797.0,0.7,1.0,0.3,0.4,0.003,1.69,0.24,8.19,17.4,6.1,0.0039,23,0,0,9,68.2,30,-17,13,0.4,0.006108,999999.99,99999.99,99999.99,0.27,0.18,0.14,-1,2019-09-21 00:00:00
2019,264,1,2539,51,52,59,33,2.6,2.5,-26.2,147.7,-1.9,1.2,-1.1,0.8,-1.4,0.1,0.5,0.2,0.4,0.3,13552.0,12.3,296.0,-2.9,0.2,0.01,562.0,0.6,1.0,0.4,0.3,0.004,1.87,0.41,10.74,20.0,6.2,0.003,23,0,1,9,68.2,23,-12,11,0.6,0.006108,999999.99,99999.99,99999.99,0.36,0.21,0.15,-1,2019-09-21 01:00:00
2019,264,2,2539,51,52,60,36,2.5,2.4,-27.5,172.0,-2.1,0.3,-1.1,-0.1,-1.1,0.1,0.7,0.2,0.5,0.4,14732.0,12.9,295.0,-2.4,-0.2,0.006,918.0,0.5,1.0,0.4,0.4,0.002,1.92,0.32,12.29,21.2,6.2,0.0026,23,0,-1,9,68.2,29,-12,18,0.6,0.006108,999999.99,99999.99,99999.99,0.3,0.19,0.14,-1,2019-09-21 02:00:00
2019,264,3,2539,51,52,62,38,3.0,2.9,-58.9,138.1,-1.1,1.0,-2.5,0.1,-2.7,0.2,0.6,0.3,0.4,0.4,14631.0,13.7,300.0,-2.8,0.4,0.009,826.0,0.8,2.0,0.3,0.2,0.002,2.13,0.81,9.06,18.5,6.2,0.0035,20,0,0,7,68.2,41,-6,34,0.4,0.006108,999999.99,99999.99,99999.99,0.29,0.2,0.14,-1,2019-09-21 03:00:00
2019,264,4,2539,51,52,60,36,3.1,3.0,-50.1,135.6,-1.4,1.3,-2.3,0.3,-2.6,0.4,0.7,0.3,0.5,0.4,14978.0,14.9,300.0,-3.1,0.3,0.005,661.0,0.7,2.0,0.3,0.2,0.003,2.28,0.78,9.25,18.7,6.2,0.0034,20,0,0,7,68.2,32,-1,30,0.4,0.006108,999999.99,99999.99,99999.99,0.29,0.18,0.14,-1,2019-09-21 04:00:00
2019,264,5,2539,51,52,61,35,4.1,3.9,-67.7,120.8,-0.8,1.3,-3.6,-0.4,-3.8,0.6,1.3,0.9,0.6,0.8,17584.0,15.9,304.0,-3.6,-0.0,0.005,2900.0,1.6,3.0,0.5,0.5,0.002,2.5,1.16,5.74,14.8,6.1,0.0054,20,0,0,7,68.2,97,-43,54,0.8,0.006108,999999.99,99999.99,99999.99,0.27,0.18,0.12,-1,2019-09-21 05:00:00
2019,264,6,2539,51,52,65,39,4.6,1.8,1.6,305.2,1.0,-1.4,0.0,-1.2,0.6,1.1,4.3,2.5,1.6,3.1,22378.0,20.0,318.0,-2.2,-1.2,0.009,9208.0,5.0,9.0,1.5,1.2,0.004,3.5,-0.19,5.93,15.5,6.3,0.005,23,0,3,9,68.2,231,-143,88,1.8,0.006108,999999.99,99999.99,99999.99,0.3,0.19,0.14,-1,2019-09-21 06:00:00
2019,264,7,2539,51,52,65,39,6.3,5.8,-57.7,340.7,2.9,-1.0,-4.9,-3.3,-3.8,0.5,2.5,1.1,1.6,1.6,33721.0,11.7,353.0,2.2,-1.4,0.024,5705.0,2.0,13.0,2.2,1.0,0.008,2.67,1.34,1.99,9.6,5.8,0.013,23,0,2,9,68.2,163,-77,86,1.2,0.006108,999999.99,99999.99,99999.99,0.29,0.18,0.13,-1,2019-09-21 07:00:00
2019,264,8,2539,51,52,58,35,6.1,4.7,-48.1,106.5,-0.9,3.0,-3.5,0.7,-4.5,0.2,3.9,2.5,2.3,1.9,43661.0,9.3,344.0,1.4,-2.6,0.035,7231.0,0.6,10.0,1.5,0.8,0.004,2.1,1.55,1.79,8.6,5.4,0.0161,23,0,-6,9,68.2,307,-227,80,1.8,0.006108,999999.99,99999.99,99999.99,0.28,0.19,0.13,-1,2019-09-21 08:00:00
2019,264,9,2539,51,52,61,36,5.7,4.6,-53.4,74.5,0.7,2.6,-3.7,0.2,-4.5,0.2,3.3,1.8,1.9,2.0,53178.0,8.9,347.0,2.3,-2.6,0.043,9680.0,0.7,6.0,0.6,1.1,0.006,2.1,1.56,2.07,9.1,5.4,0.0144,20,0,-14,7,68.2,410,-267,144,2.2,0.006108,999999.99,99999.99,99999.99,0.32,0.18,0.14,-1,2019-09-21 09:00:00
2019,264,10,2539,51,52,59,36,5.4,4.0,-30.7,81.2,0.5,3.4,-2.1,1.7,-3.6,0.5,3.6,1.4,2.5,2.2,50450.0,8.6,346.0,2.2,-1.5,0.041,5746.0,0.6,5.0,1.8,0.9,0.005,2.0,1.25,2.19,9.4,5.5,0.0135,20,0,-20,7,68.2,439,-284,155,2.6,0.006108,999999.99,99999.99,99999.99,0.29,0.19,0.14,-1,2019-09-21 10:00:00
2019,264,11,2539,51,52,57,34,5.8,4.8,17.4,104.7,-1.2,4.4,1.4,4.5,-1.2,0.4,3.2,1.2,1.5,2.5,43165.0,7.8,339.0,0.2,-3.4,0.037,7526.0,0.8,4.0,1.7,1.4,0.003,1.72,0.41,1.65,8.2,5.2,0.0179,20,0,-20,7,68.2,315,-179,136,1.6,0.006108,999999.99,99999.99,99999.99,0.3,0.18,0.13,-1,2019-09-21 11:00:00
2019,264,12,2539,51,52,61,36,5.6,5.2,25.0,92.2,-0.2,4.7,2.2,5.2,-0.6,0.2,1.8,0.7,0.6,1.6,43129.0,8.0,337.0,-0.5,-4.3,0.034,6585.0,0.4,2.0,0.4,0.6,0.005,1.72,0.2,1.82,8.5,5.3,0.0164,13,0,-17,5,68.2,321,-239,82,0.9,0.006108,999999.99,99999.99,99999.99,0.3,0.18,0.13,-1,2019-09-21 12:00:00
2019,264,13,2539,51,52,60,36,5.0,4.9,15.5,79.9,0.8,4.6,1.3,4.6,-1.2,0.2,0.9,0.5,0.4,0.6,40404.0,8.5,337.0,-1.4,-4.1,0.033,4236.0,0.3,2.0,0.5,0.5,0.004,1.82,0.4,2.39,9.8,5.6,0.0123,13,0,-15,5,68.2,191,-140,51,0.9,0.006108,999999.99,99999.99,99999.99,0.33,0.19,0.14,-1,2019-09-21 13:00:00
2019,264,14,2539,51,52,59,36,4.1,3.7,20.3,114.3,-1.4,3.2,1.3,3.4,-0.4,0.3,1.7,1.1,0.9,0.9,47563.0,8.4,334.0,-0.8,-2.9,0.039,4269.0,0.4,2.0,0.6,0.5,0.003,1.81,0.13,3.66,11.8,5.8,0.0085,13,0,-15,5,68.2,159,-129,30,0.5,0.006108,999999.99,99999.99,99999.99,0.28,0.19,0.14,-1,2019-09-21 14:00:00
2019,264,15,2539,51,52,61,36,4.1,3.3,-23.2,98.2,-0.4,3.0,-1.3,2.1,-2.5,0.4,2.4,1.1,0.8,1.9,48926.0,7.3,332.0,-0.9,-1.4,0.043,4216.0,0.4,3.0,0.5,0.6,0.005,1.57,0.83,3.2,10.9,5.6,0.0099,10,0,-17,4,68.2,149,-111,37,0.6,0.006108,999999.99,99999.99,99999.99,0.27,0.17,0.12,-1,2019-09-21 15:00:00
2019,264,16,2539,51,52,60,36,3.4,2.8,-32.0,109.0,-0.8,2.2,-1.5,1.4,-2.3,0.3,2.0,1.0,1.1,1.2,52443.0,7.2,335.0,-0.1,-1.3,0.045,4368.0,0.3,2.0,0.7,0.4,0.004,1.59,0.77,4.68,13.2,5.9,0.0068,10,0,-18,4,68.2,156,-115,40,0.5,0.006108,999999.99,99999.99,99999.99,0.31,0.21,0.15,-1,2019-09-21 16:00:00
2019,264,17,2539,51,52,61,37,2.9,2.0,-37.1,135.8,-1.2,1.1,-1.2,0.6,-1.5,0.4,2.1,1.6,0.6,1.2,53003.0,7.0,340.0,-0.9,-0.0,0.046,4425.0,0.3,3.0,0.3,0.3,0.004,1.6,0.51,6.28,15.5,6.1,0.0049,10,0,-14,4,68.2,237,-194,43,0.8,0.006108,999999.99,99999.99,99999.99,0.31,0.19,0.14,-1,2019-09-21 17:00:00
2019,264,18,2539,51,52,61,36,3.5,2.0,-66.2,91.3,0.0,0.8,-1.8,0.2,-2.0,0.3,2.8,1.4,1.9,1.6,42762.0,6.3,345.0,-1.2,-0.1,0.036,4975.0,0.3,2.0,0.7,0.4,0.004,1.43,0.69,3.66,12.4,6.1,0.0078,10,0,-14,4,68.2,194,-137,57,0.8,0.006108,999999.99,99999.99,99999.99,0.3,0.19,0.13,-1,2019-09-21 18:00:00
2019,264,19,2539,51,52,59,35,4.1,3.8,-68.9,7.8,1.4,0.2,-3.6,-0.9,-3.5,0.1,1.4,0.6,1.2,0.3,41725.0,6.1,344.0,-1.3,-0.0,0.031,3528.0,0.3,2.0,0.3,0.5,0.002,1.35,1.2,2.57,10.4,5.8,0.0111,10,0,-15,4,68.2,151,-113,38,1.1,0.006108,999999.99,99999.99,99999.99,0.28,0.19,0.14,-1,2019-09-21 19:00:00
2019,264,20,2539,51,52,60,37,3.4,3.1,-34.7,76.3,0.6,2.5,-1.8,1.9,-2.4,0.4,1.4,0.9,0.7,0.8,40402.0,5.7,342.0,-1.1,0.6,0.032,3389.0,0.3,2.0,0.5,0.3,0.002,1.26,0.82,3.46,12.0,6.0,0.0082,10,0,-19,4,68.2,188,-131,57,1.4,0.006108,999999.99,99999.99,99999.99,0.3,0.19,0.14,-1,2019-09-21 20:00:00
2019,264,21,2539,51,52,61,34,3.3,3.2,-38.9,108.5,-0.8,2.3,-2.0,1.7,-2.5,0.1,1.0,0.7,0.4,0.6,35782.0,5.5,341.0,-0.9,0.5,0.026,2845.0,0.2,2.0,0.3,0.3,0.003,1.18,0.85,3.45,12.1,6.1,0.0081,13,0,-21,5,68.2,173,-129,44,1.1,0.006108,999999.99,99999.99,99999.99,0.29,0.19,0.13,-1,2019-09-21 21:00:00
2019,264,22,2539,51,52,58,36,3.5,3.2,-57.2,117.3,-0.8,1.6,-2.7,0.9,-3.0,0.1,1.3,1.0,0.5,0.6,25806.0,5.8,342.0,-1.0,0.6,0.02,2647.0,0.2,3.0,0.5,0.5,0.002,1.22,1.03,3.04,11.8,6.2,0.0086,13,0,-22,5,68.2,322,-263,60,1.9,0.006108,999999.99,99999.99,99999.99,0.31,0.2,0.14,-1,2019-09-21 22:00:00
2019,264,23,2539,51,52,61,37,4.2,4.1,-39.8,126.9,-1.9,2.5,-2.6,1.8,-3.1,0.3,1.0,0.7,0.4,0.5,15599.0,5.2,341.0,-0.3,0.6,0.017,4499.0,0.9,3.0,0.7,0.6,0.002,1.08,1.06,1.77,9.3,5.8,0.0139,13,0,-24,5,68.2,269,-193,76,1.9,0.006108,999999.99,99999.99,99999.99,0.3,0.19,0.14,-1,2019-09-21 23:00:00
2019,265,0,2539,51,52,59,35,3.7,3.7,-17.6,135.9,-2.6,2.5,-1.1,2.1,-1.7,0.0,0.3,0.1,0.1,0.2,14708.0,4.7,339.0,-0.3,0.7,0.018,1021.0,0.1,1.0,0.1,0.2,0.001,0.97,0.58,2.04,9.9,6.0,0.0121,23,0,-24,9,68.8,157,-85,71,1.3,0.006074,999999.99,99999.99,99999.99,0.29,0.19,0.14,-1,2019-09-22 00:00:00
2019,265,1,2539,51,52,60,35,3.6,3.6,-11.1,139.5,-2.7,2.3,-0.7,2.0,-1.3,0.1,0.3,0.1,0.1,0.3,14853.0,4.8,336.0,-0.2,0.4,0.019,1154.0,0.1,1.0,0.1,0.3,0.001,0.97,0.44,2.21,10.2,6.0,0.0114,23,0,-23,9,68.8,149,-100,50,1.0,0.006074,999999.99,99999.99,99999.99,0.3,0.18,0.13,-1,2019-09-22 01:00:00
2019,265,2,2539,51,52,60,37,3.7,3.6,-4.1,141.0,-2.8,2.3,-0.3,2.1,-1.0,0.1,0.4,0.1,0.1,0.3,16412.0,4.9,337.0,-0.0,0.2,0.017,3141.0,0.4,3.0,0.4,0.5,0.003,0.99,0.34,2.16,10.1,6.0,0.0117,23,0,-22,9,68.8,89,-41,49,0.7,0.006074,999999.99,99999.99,99999.99,0.27,0.19,0.14,-1,2019-09-22 02:00:00
2019,265,3,2539,51,52,60,36,3.7,3.7,-7.3,141.2,-2.8,2.3,-0.5,2.0,-1.3,0.1,0.2,0.1,0.1,0.2,19200.0,4.9,338.0,-0.1,0.3,0.017,3356.0,0.1,1.0,0.2,0.3,0.001,1.0,0.44,2.2,10.1,5.9,0.0116,10,0,-21,4,68.8,54,-22,32,0.6,0.006074,999999.99,99999.99,99999.99,0.27,0.18,0.14,-1,2019-09-22 03:00:00
2019,265,4,2539,51,52,60,36,3.4,3.4,-1.6,149.6,-2.9,1.7,-0.1,1.5,-0.8,0.2,0.5,0.2,0.4,0.3,18586.0,4.6,336.0,-0.3,0.0,0.016,5293.0,0.8,3.0,0.3,0.2,0.004,0.92,0.27,2.43,10.6,6.0,0.0106,10,0,-20,4,68.8,102,-70,32,0.5,0.006074,999999.99,99999.99,99999.99,0.3,0.18,0.13,-1,2019-09-22 04:00:00
2019,265,5,2539,51,52,61,36,3.8,3.7,25.0,152.9,-3.0,1.5,1.6,2.0,0.8,0.1,0.6,0.2,0.1,0.5,17809.0,4.7,338.0,-0.3,-0.4,0.011,3838.0,0.2,2.0,0.1,0.2,0.002,0.94,-0.27,1.98,9.6,5.9,0.0128,10,0,-14,4,68.8,84,-62,22,0.4,0.006074,999999.99,99999.99,99999.99,0.31,0.18,0.14,-1,2019-09-22 05:00:00
2019,265,6,2539,51,52,61,37,3.9,3.9,30.4,150.0,-2.9,1.7,2.0,2.4,1.0,0.1,0.4,0.2,0.1,0.3,28471.0,4.6,343.0,-0.3,-0.6,0.014,5598.0,0.4,1.0,0.5,0.4,0.002,0.95,-0.34,1.97,9.4,5.7,0.0134,3,0,-10,2,68.8,17,-4,13,0.1,0.006074,999999.99,99999.99,99999.99,0.29,0.2,0.15,-1,2019-09-22 06:00:00
2019,265,7,2539,51,52,59,34,4.3,4.3,33.9,150.6,-3.1,1.7,2.4,2.7,1.2,0.3,0.7,0.5,0.5,0.2,30261.0,4.9,347.0,-0.6,-1.0,0.014,7718.0,0.4,2.0,0.3,0.4,0.003,1.04,-0.42,1.75,8.9,5.6,0.0149,3,0,-6,2,68.8,18,-7,11,0.1,0.006074,999999.99,99999.99,99999.99,0.32,0.21,0.15,-1,2019-09-22 07:00:00
2019,265,8,2539,51,52,61,37,4.7,4.7,33.3,175.2,-3.9,0.3,2.6,1.6,2.1,0.1,0.7,0.2,0.6,0.2,29734.0,4.6,343.0,0.0,-1.6,0.018,7279.0,0.5,1.0,0.4,0.2,0.003,0.97,-0.72,1.37,7.8,5.3,0.0194,3,0,-5,2,68.8,25,-13,12,0.1,0.006074,999999.99,99999.99,99999.99,0.29,0.2,0.14,-1,2019-09-22 08:00:00
2019,265,9,2539,51,52,58,33,4.6,4.4,34.5,193.9,-3.6,-0.9,2.5,0.6,2.6,0.1,1.0,0.4,0.7,0.5,25622.0,5.6,342.0,0.4,-2.2,0.019,3104.0,0.3,3.0,0.3,0.5,0.002,1.18,-0.89,1.7,8.8,5.6,0.0154,3,0,-4,2,68.8,28,-16,12,0.1,0.006074,999999.99,99999.99,99999.99,0.32,0.21,0.15,-1,2019-09-22 09:00:00
2019,265,10,2539,51,52,63,38,4.4,4.3,35.2,194.9,-3.4,-0.9,2.5,0.6,2.6,0.1,1.1,0.3,1.0,0.4,22195.0,6.7,344.0,0.1,-2.4,0.016,1860.0,0.6,5.0,0.8,0.3,0.003,1.41,-0.89,2.17,10.1,6.0,0.0116,3,0,-1,2,68.8,32,-17,15,0.2,0.006074,999999.99,99999.99,99999.99,0.31,0.2,0.14,-1,2019-09-22 10:00:00
2019,265,11,2539,51,52,59,35,4.8,4.6,32.0,168.6,-3.8,0.8,2.4,2.0,1.6,0.2,1.6,0.6,1.4,0.5,23263.0,8.6,348.0,-1.3,-2.6,0.015,1613.0,0.4,2.0,1.2,0.6,0.002,1.84,-0.56,2.35,10.6,6.1,0.0105,3,0,1,2,68.8,32,-14,18,0.5,0.006074,999999.99,99999.99,99999.99,0.31,0.21,0.14,-1,2019-09-22 11:00:00
2019,265,12,2539,51,52,61,36,4.8,4.6,37.1,183.8,-3.7,-0.2,2.8,1.3,2.5,0.1,1.4,0.6,1.0,0.8,24315.0,8.4,344.0,-1.3,-2.8,0.016,2586.0,0.3,3.0,1.0,0.9,0.002,1.77,-0.86,2.32,10.4,6.0,0.011,3,0,0,2,68.8,30,-18,12,0.5,0.006074,999999.99,99999.99,99999.99,0.3,0.19,0.14,-1,2019-09-22 12:00:00
2019,265,13,2539,51,52,60,37,4.1,3.9,58.2,184.7,-2.0,-0.2,3.3,1.5,2.9,0.2,1.1,0.5,0.9,0.4,21606.0,9.6,350.0,-1.1,-2.6,0.018,1300.0,0.5,2.0,0.8,0.5,0.002,2.11,-1.01,3.56,13.2,6.6,0.0068,3,0,-1,2,68.8,33,-23,10,0.2,0.006074,999999.99,99999.99,99999.99,0.29,0.19,0.13,-1,2019-09-22 13:00:00
2019,265,14,2539,51,52,59,36,3.9,3.8,57.4,198.4,-1.9,-0.6,3.2,1.0,3.1,0.2,0.8,0.5,0.6,0.3,20692.0,10.1,349.0,-0.4,-3.0,0.02,1373.0,0.4,2.0,0.3,0.4,0.003,2.22,-1.08,4.12,14.2,6.7,0.0059,3,0,-2,2,68.8,32,-24,9,0.1,0.006074,999999.99,99999.99,99999.99,0.33,0.21,0.16,-1,2019-09-22 14:00:00
2019,265,15,2539,51,52,61,36,3.6,3.4,59.5,214.2,-1.4,-1.0,3.0,0.4,3.1,0.3,1.2,0.5,0.9,0.6,23448.0,10.7,347.0,-0.5,-3.8,0.021,2317.0,0.9,3.0,0.5,0.6,0.009,2.33,-1.08,5.21,15.8,6.7,0.0048,7,0,0,3,68.8,27,-19,9,-0.1,0.006074,999999.99,99999.99,99999.99,0.3,0.19,0.14,-1,2019-09-22 15:00:00
2019,265,16,2539,51,52,59,36,5.2,4.1,8.7,304.7,2.3,-3.3,0.6,-2.8,1.9,0.9,3.3,2.2,1.5,1.9,20845.0,8.4,346.0,-0.5,-4.7,0.01,4256.0,1.5,4.0,1.0,0.9,0.004,1.75,-0.66,1.93,9.6,5.9,0.0128,7,0,-1,3,68.8,29,-18,11,0.7,0.006074,999999.99,99999.99,99999.99,0.3,0.2,0.14,-1,2019-09-22 16:00:00
2019,265,17,2539,51,52,61,36,5.6,5.4,13.3,322.4,4.2,-3.2,1.3,-2.5,2.4,0.2,1.3,0.3,0.6,1.1,16749.0,10.6,347.0,0.6,-4.3,0.005,1633.0,1.1,2.0,0.3,0.3,0.001,2.17,-0.83,2.04,10.1,6.1,0.0117,7,0,3,3,68.8,28,-13,15,0.6,0.006074,999999.99,99999.99,99999.99,0.28,0.19,0.14,-1,2019-09-22 17:00:00
2019,265,18,2539,51,52,57,34,4.8,4.3,28.7,318.3,2.8,-2.5,2.1,-1.7,2.8,0.3,2.0,0.7,1.4,1.2,16710.0,10.0,343.0,0.7,-3.5,0.009,2024.0,1.5,6.0,0.8,0.4,0.004,2.04,-0.96,2.62,11.3,6.3,0.0093,7,0,3,3,68.8,32,-18,14,-0.1,0.006074,999999.99,99999.99,99999.99,0.31,0.2,0.14,-1,2019-09-22 18:00:00
2019,265,19,2539,51,52,60,36,4.3,3.5,7.3,302.5,1.9,-2.9,0.4,-2.7,1.2,0.2,2.4,1.2,1.0,1.8,14594.0,10.6,339.0,0.0,-3.6,0.007,2493.0,0.7,5.0,0.6,0.8,0.001,2.09,-0.41,3.41,12.8,6.5,0.0072,7,0,1,3,68.8,34,-18,16,0.3,0.006074,999999.99,99999.99,99999.99,0.27,0.17,0.13,-1,2019-09-22 19:00:00
2019,265,20,2539,51,52,59,36,4.3,4.2,-10.3,310.5,2.7,-3.2,-0.8,-3.3,0.1,0.1,0.5,0.2,0.2,0.4,11962.0,10.4,333.0,-0.4,-4.3,0.007,679.0,0.5,1.0,0.2,0.2,0.001,1.98,-0.03,3.28,12.5,6.4,0.0076,7,0,-1,3,68.8,71,-52,19,0.5,0.006074,999999.99,99999.99,99999.99,0.28,0.19,0.13,-1,2019-09-22 20:00:00
2019,265,21,2539,51,52,59,33,4.5,4.4,-3.2,318.7,3.3,-2.9,-0.2,-2.9,0.5,0.3,1.0,0.6,0.3,0.7,11473.0,9.1,328.0,-0.5,-3.6,0.006,583.0,1.1,4.0,0.6,0.7,0.001,1.67,-0.16,2.61,11.0,6.1,0.0098,3,0,-2,2,68.8,36,-17,19,0.2,0.006074,999999.99,99999.99,99999.99,0.3,0.2,0.13,-1,2019-09-22 21:00:00
2019,265,22,2539,51,52,62,38,4.6,4.4,-16.2,306.8,2.5,-3.4,-1.2,-3.6,-0.3,0.2,1.1,0.5,0.3,1.0,12873.0,9.5,325.0,-0.8,-2.6,0.007,1489.0,0.6,4.0,0.3,0.8,0.001,1.72,0.1,2.64,10.9,6.0,0.01,3,0,-5,2,68.8,40,-20,19,0.2,0.006074,999999.99,99999.99,99999.99,0.29,0.2,0.15,-1,2019-09-22 22:00:00
2019,265,23,2539,51,52,59,35,5.4,5.4,24.1,327.7,4.2,-2.6,2.2,-2.0,2.8,0.1,0.5,0.2,0.2,0.4,15656.0,6.1,331.0,0.6,-0.8,0.007,2183.0,0.3,1.0,0.2,0.2,0.001,1.15,-0.93,1.25,7.6,5.2,0.0208,3,0,-7,2,68.8,24,-11,14,0.1,0.006074,999999.99,99999.99,99999.99,0.28,0.18,0.14,-1,2019-09-22 23:00:00
2019,266,0,2539,51,52,58,36,5.3,5.3,1.6,321.9,4.2,-3.3,0.1,-3.2,1.0,0.1,0.7,0.2,0.2,0.6,18495.0,6.6,324.0,-0.0,-1.1,0.01,1944.0,0.3,3.0,0.3,0.3,0.002,1.2,-0.32,1.44,7.9,5.2,0.0193,3,0,-6,2,66.6,20,-7,14,0.2,0.006077,999999.99,99999.99,99999.99,0.28,0.17,0.13,-1,2019-09-23 00:00:00
2019,266,1,2539,51,52,59,32,5.5,5.4,3.3,320.9,4.2,-3.4,0.3,-3.2,1.2,0.1,0.4,0.2,0.2,0.3,22332.0,6.4,321.0,0.2,-0.4,0.011,3317.0,0.3,1.0,0.2,0.3,0.001,1.15,-0.39,1.33,7.4,5.0,0.0218,3,0,-6,2,66.6,26,-6,20,0.0,0.006077,999999.99,99999.99,99999.99,0.28,0.18,0.14,-1,2019-09-23 01:00:00
2019,266,2,2539,51,52,2,36,5.3,5.3,3.2,318.0,4.0,-3.6,0.3,-3.3,1.4,0.0,0.0,0.0,0.0,0.0,23648.0,6.3,320.0,0.3,-0.1,0.01,3090.0,0.4,2.0,0.4,0.2,0.003,1.12,-0.45,1.42,7.6,5.1,0.0207,3,0,-5,2,66.6,22,-10,12,0.0,0.006077,999999.99,99999.99,99999.99,0.3,0.2,0.14,-1,2019-09-23 02:00:00
2019,266,3,2539,71,52,15,37,5.3,5.3,-8.5,311.1,3.5,-4.0,-0.8,-4.0,0.6,0.2,0.3,0.2,0.2,0.2,15296.0,5.2,320.0,1.0,0.2,0.006,3517.0,0.4,1.0,0.2,0.2,0.001,0.91,-0.19,1.11,6.9,4.9,0.0251,0,0,-5,0,66.6,23,-13,10,-0.1,0.006077,999999.99,99999.99,99999.99,0.27,0.18,0.13,-1,2019-09-23 03:00:00
2019,266,4,2539,71,52,14,35,4.7,4.7,-16.4,309.1,2.9,-3.5,-1.3,-3.7,0.2,0.1,0.2,0.1,0.1,0.1,15515.0,6.2,314.0,0.2,-0.0,0.009,1798.0,0.7,4.0,0.5,0.3,0.002,1.06,-0.06,1.68,8.3,5.3,0.0172,0,0,-4,0,66.6,25,-11,15,-0.1,0.006077,999999.99,99999.99,99999.99,0.29,0.19,0.14,-1,2019-09-23 04:00:00
2019,266,5,2539,71,52,15,33,4.5,4.5,-17.7,310.0,2.8,-3.3,-1.4,-3.6,0.1,0.1,0.3,0.2,0.2,0.1,17584.0,6.3,312.0,0.6,-0.2,0.009,2142.0,0.3,2.0,0.6,0.2,0.001,1.06,-0.03,1.89,8.7,5.4,0.0157,0,0,-4,0,66.6,34,-15,19,0.0,0.006077,999999.99,99999.99,99999.99,0.27,0.19,0.13,-1,2019-09-23 05:00:00
2019,266,6,2539,71,71,15,15,4.3,4.3,-27.7,317.7,2.8,-2.6,-2.0,-3.2,-0.6,0.2,0.4,0.2,0.3,0.2,19249.0,999.9,303.0,2.3,1.3,9.999,1361.0,999.9,1.0,0.3,0.5,9.999,99.99,0.18,999.99,999.9,99.9,9.9999,3,0,-5,2,66.6,41,-18,24,-0.1,0.006077,999999.99,99999.99,99999.99,0.27,0.19,0.14,-1,2019-09-23 06:00:00
2019,266,7,2539,71,52,15,8,4.3,4.3,-25.4,313.9,2.7,-2.8,-1.9,-3.4,-0.3,0.2,0.4,0.2,0.3,0.1,18133.0,6.3,308.0,0.6,-0.4,0.011,2767.0,0.1,1.0,0.1,0.2,0.001,1.04,0.09,2.08,9.0,5.4,0.0147,3,0,-6,2,66.6,50,-25,26,-0.1,0.006077,999999.99,99999.99,99999.99,0.29,0.19,0.14,-1,2019-09-23 07:00:00
2019,266,8,2539,71,52,15,37,4.3,4.2,-35.3,314.5,2.4,-2.5,-2.4,-3.4,-0.7,0.3,0.8,0.3,0.6,0.5,12842.0,7.2,308.0,1.9,-1.2,0.009,2320.0,0.8,2.0,0.7,0.6,0.001,1.18,0.22,2.29,9.6,5.6,0.0129,3,0,-2,2,66.6,47,-24,23,0.1,0.006077,999999.99,99999.99,99999.99,0.28,0.18,0.13,-1,2019-09-23 08:00:00
2019,266,9,2539,71,52,15,35,4.7,4.6,-14.3,300.5,2.3,-3.9,-1.1,-3.9,1.2,0.1,0.4,0.2,0.2,0.3,12906.0,5.4,312.0,1.4,1.0,0.006,1369.0,0.7,3.0,0.5,0.4,0.002,0.9,-0.37,1.44,7.7,5.2,0.02,7,0,-2,3,66.6,105,-81,25,0.1,0.006077,999999.99,99999.99,99999.99,0.29,0.2,0.15,-1,2019-09-23 09:00:00
2019,266,10,2539,71,52,15,37,4.6,4.5,-8.3,297.6,2.1,-4.0,-0.7,-3.7,1.6,0.2,0.6,0.4,0.3,0.3,14029.0,6.4,307.0,0.6,0.7,0.007,1303.0,0.5,1.0,0.4,0.2,0.001,1.04,-0.49,1.79,8.4,5.3,0.0167,7,0,-1,3,66.6,61,-25,36,0.1,0.006077,999999.99,99999.99,99999.99,0.29,0.2,0.15,-1,2019-09-23 10:00:00
2019,266,11,2539,71,52,15,36,4.6,4.6,-5.4,287.9,1.4,-4.4,-0.4,-3.9,2.0,0.3,0.5,0.2,0.3,0.3,13021.0,4.9,309.0,1.5,0.9,0.006,2184.0,0.6,2.0,0.6,0.4,0.001,0.8,-0.62,1.36,7.4,5.0,0.0215,7,0,-3,3,66.6,39,-22,17,0.2,0.006077,999999.99,99999.99,99999.99,0.29,0.2,0.14,-1,2019-09-23 11:00:00
2019,266,12,2539,71,52,15,37,3.8,3.6,20.0,275.7,0.3,-3.4,1.2,-2.3,2.8,0.5,1.1,0.5,0.8,0.7,14030.0,7.8,309.0,1.4,1.2,0.009,2307.0,1.1,1.0,0.4,0.3,0.002,1.29,-0.87,3.2,11.4,5.9,0.0092,3,0,-1,2,66.6,34,-22,12,0.2,0.006077,999999.99,99999.99,99999.99,0.27,0.18,0.13,-1,2019-09-23 12:00:00
2019,266,13,2539,71,52,15,33,3.3,2.6,-7.6,286.8,0.8,-2.5,-0.4,-2.4,0.9,0.4,1.9,0.6,1.3,1.2,18433.0,7.0,312.0,3.1,1.6,0.009,5570.0,1.3,2.0,1.0,0.7,0.005,1.18,-0.28,3.93,12.5,6.0,0.0076,3,0,-2,2,66.6,30,-22,8,0.3,0.006077,999999.99,99999.99,99999.99,0.26,0.17,0.13,-1,2019-09-23 13:00:00
2019,266,14,2539,71,52,16,36,3.1,3.0,-42.8,23.1,2.0,0.9,-2.0,-0.2,-2.2,0.2,0.6,0.4,0.3,0.3,27404.0,6.3,310.0,3.9,1.0,0.013,1475.0,0.1,1.0,0.3,0.4,0.002,1.06,0.68,4.25,12.5,5.8,0.0076,3,0,-5,2,66.6,35,-21,14,0.9,0.006077,999999.99,99999.99,99999.99,0.3,0.21,0.14,-1,2019-09-23 14:00:00
2019,266,15,2539,51,52,17,37,4.3,4.3,-51.5,332.1,2.4,-1.2,-3.4,-2.6,-2.5,0.2,0.4,0.1,0.2,0.3,27312.0,6.4,309.0,3.3,-0.0,0.015,1364.0,0.3,1.0,0.3,0.3,0.002,1.08,0.77,2.24,9.1,5.3,0.0144,13,0,-7,5,66.6,85,-70,16,0.9,0.006077,999999.99,99999.99,99999.99,0.29,0.19,0.14,-1,2019-09-23 15:00:00
2019,266,16,2539,51,52,60,36,4.8,4.8,-56.9,339.1,2.4,-0.9,-4.0,-2.4,-3.3,0.3,0.7,0.2,0.6,0.2,28762.0,6.0,311.0,3.3,0.1,0.017,1388.0,0.3,1.0,0.3,0.3,0.002,1.04,1.03,1.7,7.9,5.0,0.0189,13,0,-11,5,66.6,177,-159,19,1.0,0.006077,999999.99,99999.99,99999.99,0.29,0.19,0.14,-1,2019-09-23 16:00:00
2019,266,17,2539,51,52,60,35,5.4,5.2,-41.9,310.6,2.5,-2.9,-3.5,-4.0,-2.2,0.2,1.5,0.8,0.7,1.1,30632.0,6.3,312.0,2.8,-0.4,0.018,1209.0,0.3,1.0,0.2,0.2,0.002,1.1,0.69,1.43,7.3,4.9,0.0226,13,0,-14,5,66.6,222,-192,30,1.3,0.006077,999999.99,99999.99,99999.99,0.29,0.18,0.13,-1,2019-09-23 17:00:00
2019,266,18,2539,51,52,60,36,5.0,4.8,-15.2,296.3,2.0,-4.1,-1.2,-4.3,0.2,0.3,1.4,0.6,0.4,1.2,32629.0,7.6,314.0,2.2,-0.6,0.017,2190.0,0.6,2.0,0.5,0.6,0.002,1.34,-0.06,2.04,8.7,5.2,0.0159,7,0,-10,3,66.6,69,-53,16,1.0,0.006077,999999.99,99999.99,99999.99,0.3,0.19,0.14,-1,2019-09-23 18:00:00
2019,266,19,2539,51,52,60,37,4.8,4.6,14.9,288.6,1.4,-4.2,1.2,-3.7,2.4,0.3,1.2,0.7,0.4,1.0,35718.0,7.8,313.0,1.5,0.2,0.015,1880.0,0.3,1.0,0.4,0.4,0.003,1.35,-0.75,2.31,9.1,5.3,0.0143,7,0,-6,3,66.6,36,-16,20,0.4,0.006077,999999.99,99999.99,99999.99,0.3,0.19,0.14,-1,2019-09-23 19:00:00
2019,266,20,2539,51,52,60,35,4.1,3.8,21.0,306.1,2.1,-2.9,1.4,-2.4,2.1,0.2,1.6,0.7,0.6,1.3,35307.0,8.0,313.0,1.2,0.7,0.017,2487.0,0.3,1.0,0.3,0.4,0.003,1.4,-0.66,3.24,10.8,5.5,0.0102,7,0,-4,3,66.6,29,-13,16,0.2,0.006077,999999.99,99999.99,99999.99,0.27,0.18,0.14,-1,2019-09-23 20:00:00
2019,266,21,2539,51,52,60,35,3.9,2.7,28.8,302.5,1.3,-2.0,1.3,-1.6,1.8,0.3,2.8,1.1,1.0,2.3,40064.0,8.9,314.0,0.7,0.6,0.016,4591.0,0.6,2.0,0.4,0.7,0.003,1.56,-0.57,4.1,12.0,5.6,0.0082,7,0,-1,3,66.6,35,-15,20,0.1,0.006077,999999.99,99999.99,99999.99,0.3,0.2,0.14,-1,2019-09-23 21:00:00
2019,266,22,2539,51,52,62,37,3.6,1.5,16.9,283.1,0.3,-1.4,0.4,-1.3,0.7,0.9,3.3,0.6,0.7,3.2,39879.0,10.9,322.0,1.1,1.3,0.011,6670.0,1.4,3.0,0.6,1.1,0.003,1.97,-0.23,5.89,14.8,6.0,0.0055,7,0,-2,3,66.6,40,-15,24,0.4,0.006077,999999.99,99999.99,99999.99,0.29,0.18,0.14,-1,2019-09-23 22:00:00
2019,266,23,2539,51,52,60,36,2.6,2.1,-41.7,216.5,-1.3,-1.0,-1.4,-1.3,-1.1,1.0,1.7,1.2,0.9,0.8,32962.0,14.4,327.0,-0.1,1.8,0.01,1759.0,0.9,3.0,0.7,0.4,0.001,2.67,0.36,14.3,23.9,6.5,0.0021,7,0,0,3,66.6,31,-9,23,0.4,0.006077,999999.99,99999.99,99999.99,0.29,0.18,0.13,-1,2019-09-23 23:00:00
2019,267,0,2539,51,52,59,36,4.5,4.5,-74.9,216.4,-0.9,-0.7,-4.3,-1.8,-4.0,0.4,0.7,0.4,0.4,0.5,32899.0,12.3,322.0,-0.9,0.4,0.011,2252.0,0.7,1.0,0.4,0.8,0.001,2.22,1.29,4.07,12.5,5.9,0.0076,23,0,-4,9,67.5,115,-76,39,1.3,0.006073,999999.99,99999.99,99999.99,0.3,0.19,0.14,-1,2019-09-24 00:00:00
2019,267,1,2539,51,52,60,34,3.6,3.5,-74.7,246.2,-0.4,-0.8,-3.4,-1.7,-3.0,1.0,1.3,0.3,0.7,1.1,29442.0,13.9,319.0,-0.9,0.8,0.01,2780.0,1.6,1.0,0.5,0.9,0.002,2.46,0.96,7.04,16.5,6.2,0.0044,23,0,-5,9,67.5,204,-117,87,1.4,0.006073,999999.99,99999.99,99999.99,0.29,0.2,0.14,-1,2019-09-24 01:00:00
2019,267,2,2539,51,52,60,36,4.4,4.4,-78.6,233.3,-0.5,-0.7,-4.3,-2.0,-3.9,0.7,0.9,0.3,0.5,0.7,21728.0,14.1,319.0,-1.9,0.5,0.007,2655.0,1.2,1.0,0.9,0.3,0.001,2.46,1.24,4.55,13.6,6.1,0.0064,23,0,-7,9,67.5,307,-177,130,2.5,0.006073,999999.99,99999.99,99999.99,0.31,0.18,0.13,-1,2019-09-24 02:00:00
2019,267,3,2539,51,52,60,36,6.0,6.0,-80.8,167.0,-0.9,0.2,-5.9,-1.9,-5.6,0.2,0.8,0.4,0.7,0.2,25793.0,10.2,319.0,-1.9,1.2,0.007,2788.0,0.4,2.0,0.4,0.7,0.001,1.78,1.79,1.82,8.5,5.3,0.0165,30,0,-14,15,67.5,250,-122,127,1.9,0.006073,999999.99,99999.99,99999.99,0.32,0.18,0.13,-1,2019-09-24 03:00:00
2019,267,4,2539,51,52,60,36,5.8,5.8,-65.6,126.7,-1.4,1.9,-5.2,-0.3,-5.5,0.2,0.9,0.8,0.3,0.3,21632.0,9.6,316.0,-1.7,1.9,0.007,3471.0,0.6,3.0,0.5,0.5,0.001,1.65,1.74,1.78,8.4,5.3,0.0167,30,0,-23,15,67.5,239,-135,104,1.6,0.006073,999999.99,99999.99,99999.99,0.26,0.18,0.13,-1,2019-09-24 04:00:00
2019,267,5,2539,51,52,62,35,6.0,5.6,-47.7,116.7,-1.7,3.4,-4.1,1.3,-5.2,0.5,2.3,1.1,1.1,1.7,25378.0,7.9,315.0,-2.7,1.8,0.008,11988.0,0.9,3.0,0.6,1.1,0.001,1.35,1.64,1.4,7.4,5.0,0.0218,30,0,-28,15,67.5,468,-332,136,2.3,0.006073,999999.99,99999.99,99999.99,0.32,0.2,0.15,-1,2019-09-24 05:00:00
2019,267,6,2539,51,52,56,35,5.7,5.5,-50.7,124.0,-1.9,2.9,-4.2,0.6,-5.1,0.2,1.7,1.2,0.9,0.7,22616.0,7.3,312.0,-2.2,2.9,0.01,7015.0,0.5,5.0,0.5,0.6,0.002,1.23,1.59,1.41,7.4,5.0,0.0218,23,0,-33,9,67.5,367,-183,184,2.9,0.006073,999999.99,99999.99,99999.99,0.34,0.2,0.15,-1,2019-09-24 06:00:00
2019,267,7,2539,51,52,59,35,5.4,4.9,-52.9,140.2,-2.3,1.9,-3.9,-0.3,-4.3,0.6,2.2,0.4,2.0,0.9,23756.0,7.1,307.0,-1.4,2.5,0.011,10140.0,1.0,3.0,1.3,0.9,0.002,1.17,1.32,1.54,7.6,5.0,0.0207,23,0,-33,9,67.5,259,-155,104,1.9,0.006073,999999.99,99999.99,99999.99,0.32,0.21,0.15,-1,2019-09-24 07:00:00
2019,267,8,2539,51,52,61,37,4.9,4.9,-20.5,232.5,-2.8,-3.6,-1.7,-4.0,0.4,0.1,0.8,0.4,0.5,0.5,38244.0,7.8,307.0,1.6,0.9,0.009,6219.0,1.0,2.0,0.4,0.5,0.002,1.27,-0.12,2.25,8.7,5.1,0.0155,23,0,-29,9,67.5,286,-152,135,1.6,0.006073,999999.99,99999.99,99999.99,0.29,0.19,0.14,-1,2019-09-24 08:00:00
2019,267,9,2539,51,52,60,36,3.4,3.0,-19.5,210.2,-2.4,-1.4,-1.0,-1.7,-0.1,1.0,1.8,0.9,1.3,0.7,47645.0,9.0,310.0,0.1,0.8,0.009,10241.0,1.6,4.0,1.2,0.7,0.002,1.5,0.03,5.7,13.7,5.6,0.0064,7,0,-20,3,67.5,115,-49,66,0.6,0.006073,999999.99,99999.99,99999.99,0.28,0.19,0.13,-1,2019-09-24 09:00:00
2019,267,10,2539,51,52,59,35,3.9,2.9,-3.0,168.1,-2.8,0.6,-0.1,0.4,-0.4,0.2,2.7,1.0,1.7,1.8,47199.0,9.4,308.0,-0.7,0.6,0.009,6721.0,0.9,3.0,0.4,0.5,0.002,1.54,0.12,4.51,12.1,5.5,0.0081,7,0,-17,3,67.5,55,-28,28,0.2,0.006073,999999.99,99999.99,99999.99,0.31,0.19,0.14,-1,2019-09-24 10:00:00
2019,267,11,2539,51,52,58,34,4.4,4.3,2.1,170.0,-4.2,0.7,0.2,0.7,-0.2,0.1,1.0,0.3,0.8,0.6,46251.0,8.2,299.0,-0.3,1.1,0.013,5058.0,1.0,3.0,0.7,0.5,0.002,1.29,0.06,3.08,9.7,5.1,0.0126,7,0,-15,3,67.5,41,-23,18,0.2,0.006073,999999.99,99999.99,99999.99,0.3,0.19,0.14,-1,2019-09-24 11:00:00
2019,267,12,2539,51,52,62,39,4.1,3.5,5.5,157.9,-3.3,1.3,0.3,1.3,-0.4,0.3,2.0,0.8,1.1,1.4,50215.0,7.8,298.0,-0.8,1.2,0.013,7247.0,0.7,3.0,0.9,0.8,0.004,1.22,0.12,3.45,10.1,5.1,0.0115,33,0,-17,18,67.5,34,-20,15,0.6,0.006073,999999.99,99999.99,99999.99,0.33,0.21,0.15,-1,2019-09-24 12:00:00
2019,267,13,2539,51,52,72,43,7.1,6.7,-8.0,108.5,-2.1,6.3,-0.9,5.0,-4.0,2.3,3.1,1.1,2.2,1.9,68242.0,12.9,330.0,-4.2,2.9,0.012,16159.0,4.5,23.0,1.6,0.9,0.004,2.46,1.32,2.09,8.3,5.0,0.0171,33,0,-10,18,67.5,123,-52,72,1.2,0.006073,999999.99,99999.99,99999.99,0.29,0.18,0.13,-1,2019-09-24 13:00:00
2019,267,14,2539,51,52,60,35,9.6,7.0,44.9,90.2,0.0,5.0,4.9,6.7,1.9,2.3,6.8,2.9,4.8,3.8,90631.0,23.2,363.0,-4.9,3.0,0.01,24287.0,7.8,5.0,1.6,1.3,0.004,5.31,-0.69,2.29,9.1,5.3,0.0143,33,0,-7,18,67.5,223,-147,76,0.5,0.006073,999999.99,99999.99,99999.99,0.28,0.18,0.14,-1,2019-09-24 14:00:00
2019,267,15,2539,51,52,62,37,10.5,9.9,38.2,83.1,0.9,7.7,6.1,9.6,2.0,1.8,3.9,1.3,2.7,2.5,100121.0,21.0,369.0,-3.1,2.1,0.006,24618.0,3.0,4.0,1.4,0.8,0.004,4.89,-0.74,1.81,8.1,5.0,0.0183,37,0,0,22,67.5,327,-249,77,0.7,0.006073,999999.99,99999.99,99999.99,0.3,0.19,0.14,-1,2019-09-24 15:00:00
2019,267,16,2539,51,52,60,36,11.5,9.8,47.0,88.8,0.1,6.7,7.1,9.0,3.8,1.7,6.2,4.1,4.0,2.5,103519.0,21.3,374.0,-4.2,1.2,0.008,12711.0,4.7,6.0,1.8,1.6,0.002,5.13,-1.42,1.55,7.5,4.9,0.0211,37,0,0,22,67.5,118,-82,35,0.2,0.006073,999999.99,99999.99,99999.99,0.34,0.24,0.17,-1,2019-09-24 16:00:00
2019,267,17,2539,51,52,70,42,14.7,9.7,63.4,57.6,2.3,3.7,8.7,6.6,6.7,1.8,11.1,6.4,4.5,7.8,64865.0,23.9,402.0,-0.6,-0.7,0.012,23584.0,12.1,23.0,2.6,3.2,0.007,6.76,-2.69,0.89,6.7,5.0,0.0266,37,0,-1,22,67.5,227,-145,81,-0.1,0.006073,999999.99,99999.99,99999.99,0.29,0.18,0.14,-1,2019-09-24 17:00:00
2019,267,18,2539,51,52,63,35,12.5,9.3,70.6,34.9,2.5,1.8,8.8,4.6,7.7,2.6,8.5,2.5,5.8,5.6,214344.0,9.9,444.0,2.6,-5.2,0.077,71098.0,1.6,9.0,2.7,1.7,0.028,4.26,-3.42,0.9,5.6,4.2,0.0381,27,0,-2,12,67.5,137,-87,51,-0.5,0.006073,999999.99,99999.99,99999.99,0.3,0.19,0.14,-1,2019-09-24 18:00:00
2019,267,19,2539,51,52,59,36,9.3,7.9,32.7,316.0,4.8,-4.6,4.3,-3.1,5.5,2.1,5.2,1.6,2.7,4.2,289226.0,12.7,460.0,6.4,-3.7,0.066,35688.0,1.0,5.0,0.7,1.1,0.01,5.67,-2.53,2.55,8.8,4.9,0.0153,27,0,2,12,67.5,67,-33,34,0.5,0.006073,999999.99,99999.99,99999.99,0.28,0.18,0.14,-1,2019-09-24 19:00:00
2019,267,20,2539,51,52,59,36,9.1,6.6,9.0,322.3,5.1,-4.0,1.0,-3.6,2.0,1.0,6.3,2.5,2.0,5.4,289846.0,12.6,460.0,6.5,-2.2,0.071,33680.0,0.8,7.0,0.5,0.6,0.009,5.72,-0.92,2.65,9.0,4.9,0.0148,27,0,0,12,67.5,77,-36,42,1.3,0.006073,999999.99,99999.99,99999.99,0.3,0.19,0.14,-1,2019-09-24 20:00:00
2019,267,21,2539,51,52,60,37,8.1,6.9,36.2,315.6,4.0,-3.9,4.1,-2.8,4.9,1.5,4.3,2.0,2.1,3.3,286730.0,11.0,448.0,5.9,-1.9,0.08,29438.0,1.2,5.0,0.5,0.7,0.011,4.87,-2.2,2.9,9.2,4.9,0.0141,10,0,-6,4,67.5,75,-19,55,0.6,0.006073,999999.99,99999.99,99999.99,0.27,0.17,0.13,-1,2019-09-24 21:00:00
2019,267,22,2539,51,52,61,34,8.2,7.2,47.9,324.7,4.0,-2.8,5.4,-1.4,5.9,1.0,3.7,1.3,3.2,1.2,230581.0,9.8,451.0,4.9,-2.3,0.059,34792.0,1.1,4.0,1.7,1.3,0.012,4.11,-2.66,2.18,8.6,5.1,0.016,10,0,-7,4,67.5,34,-9,26,0.1,0.006073,999999.99,99999.99,99999.99,0.27,0.18,0.13,-1,2019-09-24 22:00:00
2019,267,23,2539,51,52,65,40,5.6,5.2,51.3,299.4,1.6,-2.8,4.0,-1.7,4.6,1.5,2.5,1.7,1.0,1.5,147473.0,4.8,499.0,1.6,-1.7,0.049,33605.0,1.4,23.0,1.9,1.1,0.006,2.39,-2.3,1.76,9.8,6.2,0.0125,10,0,-8,4,67.5,33,-13,20,0.0,0.006073,999999.99,99999.99,99999.99,0.29,0.18,0.14,-1,2019-09-24 23:00:00
2019,268,0,2539,51,52,60,35,4.3,3.5,57.4,275.4,0.2,-1.9,3.0,-1.1,3.4,0.3,2.4,1.9,1.2,0.8,132784.0,4.1,497.0,2.3,-1.2,0.05,10105.0,0.3,7.0,0.9,0.4,0.003,2.03,-1.69,2.41,11.7,6.7,0.0087,3,0,-6,2,67.9,21,-8,13,0.0,0.006064,999999.99,99999.99,99999.99,0.28,0.18,0.13,-1,2019-09-25 00:00:00
2019,268,1,2539,51,52,59,36,4.4,3.8,40.1,239.7,-1.5,-2.5,2.5,-1.7,3.1,0.2,2.0,1.8,0.7,0.7,138109.0,4.4,496.0,2.4,-1.1,0.048,10987.0,0.4,5.0,0.4,0.6,0.007,2.15,-1.54,2.52,11.8,6.6,0.0085,3,0,-2,2,67.9,19,-8,11,-0.1,0.006064,999999.99,99999.99,99999.99,0.27,0.18,0.14,-1,2019-09-25 01:00:00
2019,268,2,2539,51,52,59,34,3.9,3.7,29.6,8.5,3.2,0.5,1.8,1.0,1.6,0.7,1.4,0.7,1.0,0.6,122155.0,4.8,488.0,2.9,-0.7,0.043,12945.0,0.2,4.0,0.6,0.7,0.006,2.24,-0.78,3.29,13.7,7.0,0.0063,3,0,-2,2,67.9,30,-11,19,0.0,0.006064,999999.99,99999.99,99999.99,0.31,0.18,0.13,-1,2019-09-25 02:00:00
2019,268,3,2539,51,52,60,37,5.2,4.9,25.8,319.1,3.3,-2.9,2.1,-2.0,3.0,0.6,1.8,0.8,1.2,1.1,108233.0,3.9,481.0,1.9,0.2,0.047,9760.0,0.3,3.0,1.1,0.7,0.004,1.79,-1.44,1.42,9.1,6.1,0.0143,7,0,-6,3,67.9,22,-8,14,-0.0,0.006064,999999.99,99999.99,99999.99,0.29,0.18,0.13,-1,2019-09-25 03:00:00
2019,268,4,2539,51,52,61,37,3.5,2.1,10.2,263.2,-0.2,-2.0,0.4,-1.7,1.1,0.5,2.8,1.5,1.2,2.0,135501.0,4.3,482.0,2.1,-0.6,0.044,11728.0,0.3,7.0,0.6,1.3,0.005,1.96,-0.53,3.85,14.3,6.9,0.0058,7,0,-7,3,67.9,20,-5,14,-0.1,0.006064,999999.99,99999.99,99999.99,0.3,0.18,0.13,-1,2019-09-25 04:00:00
2019,268,5,2539,51,52,60,35,3.8,3.6,-7.6,174.3,-3.6,0.4,-0.5,0.1,-0.6,0.5,1.1,0.5,0.5,0.8,122141.0,4.3,492.0,2.5,-0.9,0.033,7545.0,0.3,6.0,0.3,0.5,0.006,1.97,0.3,3.1,13.4,7.0,0.0066,7,0,-11,3,67.9,55,-24,31,0.1,0.006064,999999.99,99999.99,99999.99,0.32,0.2,0.15,-1,2019-09-25 05:00:00
2019,268,6,2539,51,52,58,34,2.3,1.7,-4.6,238.8,-0.9,-1.4,-0.1,-1.3,0.6,0.6,1.6,1.1,1.1,0.5,116596.0,4.2,475.0,1.5,-0.7,0.035,7389.0,0.2,6.0,0.7,0.4,0.003,1.8,-0.28,8.09,21.2,7.5,0.0027,20,0,-14,7,67.9,55,-28,27,0.1,0.006064,999999.99,99999.99,99999.99,0.31,0.18,0.13,-1,2019-09-25 06:00:00
2019,268,7,2539,51,52,60,35,3.1,2.8,6.7,350.8,2.8,-0.4,0.3,-0.2,0.5,0.5,1.4,1.0,0.9,0.4,95680.0,4.0,468.0,1.4,-0.1,0.032,13371.0,0.2,1.0,0.4,0.2,0.002,1.65,-0.23,3.88,15.1,7.2,0.0052,20,0,-13,7,67.9,43,-24,19,0.0,0.006064,999999.99,99999.99,99999.99,0.32,0.2,0.14,-1,2019-09-25 07:00:00
2019,268,8,2539,51,52,59,36,3.4,3.3,-16.0,11.3,3.2,0.6,-0.9,0.0,-1.1,0.1,0.5,0.2,0.3,0.3,91181.0,3.5,465.0,1.6,0.2,0.031,4255.0,0.1,2.0,0.1,0.2,0.001,1.42,0.51,2.77,12.8,6.9,0.0073,20,0,-12,7,67.9,86,-57,29,0.4,0.006064,999999.99,99999.99,99999.99,0.29,0.18,0.13,-1,2019-09-25 08:00:00
2019,268,9,2539,51,52,59,35,3.5,3.3,-21.3,26.3,2.8,1.4,-1.2,0.5,-1.8,0.1,0.9,0.3,0.8,0.4,93691.0,3.7,463.0,1.7,0.6,0.031,4164.0,0.2,2.0,0.3,0.2,0.001,1.49,0.83,2.79,12.7,6.9,0.0073,17,0,-13,6,67.9,281,-231,49,1.0,0.006064,999999.99,99999.99,99999.99,0.27,0.18,0.13,-1,2019-09-25 09:00:00
2019,268,10,2539,51,52,62,38,3.3,2.8,6.6,294.7,1.2,-2.6,0.3,-2.0,1.7,0.5,1.8,1.7,0.4,0.4,90164.0,3.8,455.0,0.6,0.8,0.031,5847.0,0.3,8.0,0.5,0.3,0.002,1.48,-0.77,3.17,13.4,6.9,0.0066,17,0,-11,6,67.9,220,-185,35,0.8,0.006064,999999.99,99999.99,99999.99,0.25,0.18,0.13,-1,2019-09-25 10:00:00
2019,268,11,2539,51,52,54,32,3.8,2.8,-2.9,293.2,1.1,-2.6,-0.1,-2.2,1.3,0.4,2.5,2.4,0.6,0.5,74263.0,3.5,442.0,0.4,0.0,0.036,9741.0,0.4,17.0,0.8,0.5,0.004,1.31,-0.57,2.04,10.9,6.5,0.01,17,0,-12,6,67.9,69,-36,33,0.4,0.006064,999999.99,99999.99,99999.99,0.28,0.18,0.13,-1,2019-09-25 11:00:00
2019,268,12,2539,51,52,62,37,4.4,4.3,-7.2,312.0,2.9,-3.2,-0.5,-3.0,1.3,0.1,0.7,0.4,0.4,0.4,65375.0,3.6,428.0,-0.8,-0.2,0.034,4326.0,0.3,3.0,0.3,0.4,0.003,1.25,-0.56,1.5,9.2,6.1,0.014,3,0,-14,2,67.9,55,-44,12,0.3,0.006064,999999.99,99999.99,99999.99,0.29,0.18,0.14,-1,2019-09-25 12:00:00
2019,268,13,2539,51,52,59,36,4.4,4.1,0.0,286.7,1.2,-3.9,0.0,-3.4,2.0,0.1,1.6,1.4,0.3,0.5,63343.0,4.3,435.0,-1.0,0.3,0.035,5673.0,0.3,7.0,0.6,0.4,0.003,1.55,-0.87,1.77,10.3,6.4,0.0113,3,0,-13,2,67.9,38,-23,14,0.4,0.006064,999999.99,99999.99,99999.99,0.28,0.17,0.13,-1,2019-09-25 13:00:00
2019,268,14,2539,51,52,59,36,4.4,3.9,0.8,277.3,0.5,-3.9,0.1,-3.4,2.0,0.4,1.9,1.8,0.3,0.5,62141.0,5.1,422.0,-0.9,-0.2,0.035,9195.0,0.6,8.0,0.5,0.4,0.005,1.73,-0.84,2.09,10.8,6.5,0.0101,3,0,-10,2,67.9,57,-26,31,0.6,0.006064,999999.99,99999.99,99999.99,0.31,0.18,0.14,-1,2019-09-25 14:00:00
2019,268,15,2539,51,52,57,22,4.3,4.2,-2.9,282.7,0.9,-4.1,-0.2,-3.8,1.6,0.3,1.0,0.9,0.4,0.4,49368.0,5.8,415.0,-0.5,-0.7,0.027,8261.0,0.6,5.0,0.4,0.3,0.008,1.85,-0.66,2.32,11.6,6.7,0.0088,3,0,-7,2,67.9,62,-36,26,0.9,0.006064,999999.99,99999.99,99999.99,0.25,0.16,0.13,-1,2019-09-25 15:00:00
2019,268,16,2539,51,52,59,13,4.0,3.8,-7.9,292.0,1.4,-3.5,-0.5,-3.4,1.0,0.2,1.1,0.6,0.4,0.9,43063.0,6.7,398.0,0.2,-1.4,0.034,8553.0,0.6,4.0,0.3,0.3,0.005,2.01,-0.4,2.99,12.9,6.8,0.0072,3,0,-5,2,67.9,48,-29,18,1.0,0.006064,999999.99,99999.99,99999.99,0.29,0.18,0.14,-1,2019-09-25 16:00:00
2019,268,17,2539,51,52,60,22,3.8,3.4,7.5,281.2,0.7,-3.3,0.4,-2.9,1.6,0.1,1.5,1.1,0.5,0.9,46455.0,6.4,399.0,0.4,-1.6,0.039,8055.0,0.7,5.0,0.4,0.6,0.004,1.97,-0.64,3.22,13.3,6.8,0.0067,3,0,-5,2,67.9,30,-18,12,0.9,0.006064,999999.99,99999.99,99999.99,0.29,0.2,0.14,-1,2019-09-25 17:00:00
2019,268,18,2539,51,52,60,21,4.1,3.8,-13.4,271.8,0.1,-3.7,-0.9,-3.8,0.4,0.2,1.4,0.6,0.3,1.3,46418.0,6.3,395.0,0.1,-2.5,0.038,1524.0,0.2,2.0,0.4,0.4,0.003,1.89,-0.16,2.72,12.1,6.6,0.0081,3,0,-5,2,67.9,36,-20,16,0.9,0.006064,999999.99,99999.99,99999.99,0.3,0.19,0.14,-1,2019-09-25 18:00:00
2019,268,19,2539,51,52,58,22,3.8,3.4,-9.2,280.5,0.6,-3.3,-0.5,-3.3,0.5,0.4,1.7,1.0,0.7,1.1,48138.0,6.2,391.0,0.1,-2.4,0.041,3793.0,0.3,5.0,0.5,0.5,0.005,1.84,-0.2,3.15,12.8,6.6,0.0072,3,0,-6,2,67.9,41,-22,19,0.7,0.006064,999999.99,99999.99,99999.99,0.29,0.18,0.13,-1,2019-09-25 19:00:00
2019,268,20,2539,51,52,60,9,4.1,3.9,-14.8,283.7,0.9,-3.7,-1.0,-3.8,0.0,0.2,1.0,0.5,0.3,0.8,44919.0,5.9,385.0,-0.2,-1.8,0.04,3900.0,0.5,6.0,0.3,0.3,0.005,1.69,-0.0,2.53,11.4,6.4,0.0091,3,0,-6,2,67.9,77,-57,20,0.6,0.006064,999999.99,99999.99,99999.99,0.29,0.2,0.15,-1,2019-09-25 20:00:00
2019,268,21,2539,51,52,61,27,3.8,3.3,-14.2,278.2,0.5,-3.2,-0.8,-3.3,0.0,0.2,1.9,1.0,0.5,1.6,50388.0,6.2,384.0,0.0,-1.3,0.039,2830.0,0.2,2.0,0.4,0.8,0.003,1.76,-0.0,3.19,12.6,6.5,0.0075,13,0,-8,5,67.9,74,-49,25,0.7,0.006064,999999.99,99999.99,99999.99,0.29,0.18,0.13,-1,2019-09-25 21:00:00
2019,268,22,2539,51,52,59,36,4.1,3.9,-14.5,257.1,-0.8,-3.7,-1.0,-3.8,-0.1,0.2,1.2,0.7,0.3,1.0,50258.0,6.3,384.0,0.2,-1.4,0.041,3450.0,0.2,2.0,0.2,0.4,0.004,1.81,0.04,2.78,11.8,6.4,0.0086,13,0,-6,5,67.9,89,-59,29,0.8,0.006064,999999.99,99999.99,99999.99,0.31,0.18,0.13,-1,2019-09-25 22:00:00
2019,268,23,2539,51,52,60,36,4.4,4.3,-27.9,268.7,-0.1,-3.8,-2.0,-4.2,-1.0,0.1,0.9,0.5,0.4,0.7,46256.0,6.5,380.0,-0.6,-1.7,0.036,3012.0,0.2,2.0,0.3,0.3,0.002,1.79,0.38,2.44,11.0,6.2,0.0098,13,0,-5,5,67.9,78,-56,22,0.7,0.006064,999999.99,99999.99,99999.99,0.29,0.2,0.15,-1,2019-09-25 23:00:00
2019,269,0,2539,51,52,60,36,4.5,4.2,-39.1,237.0,-1.8,-2.7,-2.7,-3.3,-1.9,0.2,1.6,1.1,0.9,0.7,39777.0,5.7,387.0,-0.1,-1.8,0.037,4060.0,0.7,5.0,0.6,0.9,0.004,1.64,0.74,1.97,10.3,6.2,0.0113,23,0,-6,9,67.4,58,-21,37,0.7,0.00605,999999.99,99999.99,99999.99,0.28,0.17,0.13,-1,2019-09-26 00:00:00
2019,269,1,2539,51,52,60,36,4.2,3.2,-13.1,276.9,0.4,-3.1,-0.7,-3.2,0.2,0.4,2.7,1.0,1.5,2.0,46992.0,5.2,379.0,-0.6,-0.4,0.037,6653.0,0.5,3.0,0.7,1.2,0.01,1.43,-0.08,2.15,10.3,6.1,0.0112,23,0,-8,9,67.4,166,-84,82,1.9,0.00605,999999.99,99999.99,99999.99,0.32,0.18,0.14,-1,2019-09-26 01:00:00
2019,269,2,2539,51,52,59,36,4.2,3.3,-5.5,286.8,1.0,-3.2,-0.3,-3.1,0.7,0.3,2.5,2.0,0.6,1.4,44097.0,5.2,373.0,-0.1,-0.4,0.035,4713.0,0.5,6.0,0.8,0.7,0.004,1.38,-0.26,2.11,10.1,6.0,0.0116,23,0,-6,9,67.4,47,-18,29,0.4,0.00605,999999.99,99999.99,99999.99,0.28,0.19,0.13,-1,2019-09-26 02:00:00
2019,269,3,2539,51,52,62,35,3.7,3.4,-8.3,249.6,-1.2,-3.2,-0.5,-3.2,0.6,0.5,1.5,1.0,0.7,0.8,36383.0,5.6,386.0,-0.3,-0.8,0.031,4579.0,0.8,9.0,1.0,1.0,0.003,1.57,-0.23,2.8,12.3,6.7,0.0078,7,0,-4,3,67.4,24,3,27,0.0,0.00605,999999.99,99999.99,99999.99,0.28,0.19,0.14,-1,2019-09-26 03:00:00
2019,269,4,2539,51,52,60,37,3.9,3.7,4.3,272.5,0.2,-3.7,0.3,-3.3,1.7,0.4,1.2,0.8,0.4,0.9,40026.0,5.4,384.0,0.2,0.0,0.026,4780.0,0.9,3.0,0.6,0.6,0.004,1.47,-0.65,2.49,11.4,6.4,0.0091,7,0,-6,3,67.4,21,-4,17,-0.2,0.00605,999999.99,99999.99,99999.99,0.27,0.17,0.13,-1,2019-09-26 04:00:00
2019,269,5,2539,51,52,62,37,3.9,3.5,-12.1,267.6,-0.1,-3.4,-0.7,-3.4,0.8,0.3,1.7,1.2,0.6,1.0,42662.0,4.6,391.0,0.1,-1.5,0.029,6293.0,0.5,5.0,0.5,0.7,0.004,1.31,-0.31,2.15,10.8,6.4,0.0103,7,0,-7,3,67.4,22,-6,16,-0.2,0.00605,999999.99,99999.99,99999.99,0.3,0.19,0.14,-1,2019-09-26 05:00:00
2019,269,6,2539,51,52,57,35,3.3,3.2,18.2,304.3,1.7,-2.5,1.0,-1.7,2.0,0.4,1.1,0.7,0.8,0.4,42867.0,5.3,395.0,1.3,-1.3,0.027,8828.0,1.0,5.0,1.2,0.3,0.008,1.53,-0.79,3.47,13.8,6.9,0.0063,3,0,-6,2,67.4,28,-10,19,-0.1,0.00605,999999.99,99999.99,99999.99,0.28,0.18,0.14,-1,2019-09-26 06:00:00
2019,269,7,2539,51,52,61,35,3.4,3.1,36.9,354.3,2.5,-0.2,1.9,0.8,1.7,0.4,1.3,0.5,1.2,0.4,54650.0,4.2,392.0,2.6,-1.2,0.038,6292.0,0.2,4.0,0.9,0.4,0.003,1.24,-0.67,2.77,11.8,6.4,0.0085,3,0,-8,2,67.4,26,-10,16,-0.1,0.00605,999999.99,99999.99,99999.99,0.27,0.18,0.13,-1,2019-09-26 07:00:00
2019,269,8,2539,51,52,60,34,3.2,3.1,33.2,342.1,2.5,-0.8,1.7,0.2,1.9,0.2,0.5,0.3,0.3,0.2,54564.0,3.9,391.0,2.7,-1.2,0.038,2915.0,0.2,3.0,0.2,0.2,0.002,1.15,-0.74,2.9,12.1,6.4,0.0082,3,0,-9,2,67.4,17,-9,8,-0.1,0.00605,999999.99,99999.99,99999.99,0.29,0.19,0.14,-1,2019-09-26 08:00:00
2019,269,9,2539,51,52,59,36,3.3,3.2,9.6,321.0,2.4,-2.0,0.5,-1.4,1.5,0.1,0.9,0.5,0.6,0.5,55668.0,3.5,386.0,1.4,-2.0,0.043,3915.0,0.2,3.0,0.6,0.5,0.004,1.02,-0.58,2.46,10.9,6.2,0.0099,3,0,-9,2,67.4,20,-10,10,-0.1,0.00605,999999.99,99999.99,99999.99,0.29,0.18,0.14,-1,2019-09-26 09:00:00
2019,269,10,2539,51,52,61,37,2.8,2.5,-6.9,319.6,1.9,-1.6,-0.3,-1.5,0.6,0.4,1.3,0.8,0.4,0.9,63998.0,3.7,390.0,2.1,-2.6,0.042,5458.0,0.1,5.0,0.5,0.7,0.004,1.1,-0.23,3.78,13.4,6.5,0.0066,3,0,-10,2,67.4,19,-10,9,0.0,0.00605,999999.99,99999.99,99999.99,0.29,0.17,0.13,-1,2019-09-26 10:00:00
2019,269,11,2539,51,52,59,34,2.8,2.6,-18.6,305.8,1.4,-2.0,-0.8,-2.1,0.4,0.2,1.0,0.4,0.5,0.8,61712.0,3.7,391.0,1.5,-2.4,0.037,3349.0,0.1,2.0,0.5,0.3,0.002,1.08,-0.16,3.73,13.4,6.5,0.0066,3,0,-10,2,67.4,26,-18,8,0.1,0.00605,999999.99,99999.99,99999.99,0.31,0.19,0.14,-1,2019-09-26 11:00:00
2019,269,12,2539,51,52,58,33,2.8,2.7,9.8,309.9,1.7,-2.0,0.4,-1.5,1.4,0.1,0.8,0.5,0.1,0.7,59403.0,3.7,387.0,1.4,-1.9,0.035,1985.0,0.1,2.0,0.3,0.3,0.001,1.05,-0.54,3.69,13.3,6.5,0.0067,3,0,-9,2,67.4,29,-22,7,0.2,0.00605,999999.99,99999.99,99999.99,0.29,0.18,0.13,-1,2019-09-26 12:00:00
2019,269,13,2539,51,52,59,34,2.6,2.5,3.2,312.8,1.7,-1.8,0.1,-1.5,1.0,0.1,0.6,0.3,0.3,0.4,57661.0,3.6,383.0,1.3,-2.2,0.035,2511.0,0.1,3.0,0.4,0.2,0.002,1.01,-0.38,4.12,14.0,6.5,0.0061,3,0,-10,2,67.4,20,-13,7,0.3,0.00605,999999.99,99999.99,99999.99,0.3,0.19,0.14,-1,2019-09-26 13:00:00
2019,269,14,2539,51,52,61,36,2.8,2.4,-32.0,301.1,1.0,-1.7,-1.3,-2.1,-0.3,0.1,1.5,0.3,0.7,1.3,47496.0,3.7,386.0,2.1,-1.4,0.028,3791.0,0.1,3.0,0.7,0.7,0.002,1.02,0.12,3.45,13.3,6.6,0.0068,3,0,-8,2,67.4,36,-20,15,0.8,0.00605,999999.99,99999.99,99999.99,0.3,0.19,0.13,-1,2019-09-26 14:00:00
2019,269,15,2539,51,52,59,37,2.7,2.6,6.6,288.6,0.8,-2.4,0.3,-2.0,1.3,0.1,0.9,0.4,0.3,0.8,44063.0,3.6,384.0,1.7,-0.3,0.026,2558.0,0.1,2.0,0.2,0.5,0.001,0.98,-0.5,3.54,13.5,6.7,0.0065,0,0,-7,0,67.4,60,-45,15,0.4,0.00605,999999.99,99999.99,99999.99,0.31,0.2,0.14,-1,2019-09-26 15:00:00
2019,269,16,2539,51,52,60,35,2.6,2.5,4.7,299.9,1.3,-2.2,0.2,-1.9,1.1,0.1,0.7,0.3,0.2,0.6,40816.0,3.3,382.0,1.2,-0.3,0.026,5756.0,0.1,2.0,0.3,0.4,0.001,0.89,-0.42,3.44,13.3,6.7,0.0067,0,0,-7,0,67.4,30,-22,8,0.5,0.00605,999999.99,99999.99,99999.99,0.32,0.19,0.13,-1,2019-09-26 16:00:00
2019,269,17,2539,51,52,60,36,2.6,2.5,-5.2,310.3,1.6,-1.9,-0.2,-1.8,0.5,0.1,0.5,0.2,0.2,0.4,35973.0,3.4,379.0,1.5,-0.5,0.02,3962.0,0.1,2.0,0.3,0.4,0.005,0.88,-0.19,3.44,13.4,6.7,0.0066,0,0,-7,0,67.4,30,-21,10,0.6,0.00605,999999.99,99999.99,99999.99,0.29,0.19,0.15,-1,2019-09-26 17:00:00
2019,269,18,2539,51,52,59,34,2.1,1.8,3.1,287.2,0.5,-1.7,0.1,-1.6,0.7,0.3,1.1,0.9,0.2,0.5,33591.0,3.9,369.0,1.4,-1.2,0.013,4402.0,0.2,5.0,0.5,0.3,0.002,0.93,-0.26,5.96,17.4,7.0,0.004,0,0,-7,0,67.4,44,-33,10,0.4,0.00605,999999.99,99999.99,99999.99,0.3,0.18,0.13,-1,2019-09-26 18:00:00
2019,269,19,2539,51,52,58,36,2.0,1.9,-7.1,294.8,0.8,-1.7,-0.2,-1.7,0.3,0.4,0.7,0.5,0.4,0.4,30254.0,4.3,367.0,1.1,-0.8,0.014,1774.0,0.2,3.0,0.4,0.2,0.001,1.02,-0.11,7.09,19.0,7.1,0.0033,0,0,-7,0,67.4,28,-17,11,0.2,0.00605,999999.99,99999.99,99999.99,0.28,0.19,0.14,-1,2019-09-26 19:00:00
2019,269,20,2539,51,52,60,33,1.9,1.8,54.7,266.1,-0.1,-1.0,1.4,-0.6,1.6,0.3,0.7,0.4,0.4,0.3,28669.0,4.6,360.0,-0.2,-0.2,0.018,3472.0,0.2,1.0,0.3,0.5,0.002,1.07,-0.58,8.32,20.3,7.1,0.0029,0,0,-7,0,67.4,29,-19,10,0.1,0.00605,999999.99,99999.99,99999.99,0.31,0.2,0.14,-1,2019-09-26 20:00:00
2019,269,21,2539,51,52,58,33,1.8,1.2,35.5,293.9,0.4,-0.9,0.7,-0.7,0.9,0.2,1.3,0.3,0.4,1.2,25250.0,5.0,355.0,-0.5,-0.0,0.016,1652.0,0.1,1.0,0.4,0.5,0.002,1.12,-0.32,9.86,22.1,7.1,0.0024,10,0,-6,4,67.4,23,-14,9,-0.0,0.00605,999999.99,99999.99,99999.99,0.3,0.19,0.13,-1,2019-09-26 21:00:00
2019,269,22,2539,51,52,60,36,1.6,1.5,-52.3,309.6,0.6,-0.7,-1.2,-1.0,-1.0,0.1,0.4,0.3,0.2,0.2,24849.0,5.0,353.0,-0.7,-0.7,0.013,1991.0,0.1,1.0,0.1,0.1,0.001,1.09,0.35,12.45,24.7,7.2,0.002,10,0,-6,4,67.4,26,-13,14,0.2,0.00605,999999.99,99999.99,99999.99,0.28,0.17,0.13,-1,2019-09-26 22:00:00
2019,269,23,2539,51,52,60,36,1.3,1.1,-36.2,303.2,0.5,-0.7,-0.6,-0.8,-0.4,0.2,0.8,0.2,0.2,0.7,21576.0,5.4,351.0,-0.9,-0.6,0.013,1154.0,0.1,1.0,0.2,0.2,0.001,1.17,0.14,19.93,31.4,7.4,0.0012,10,0,-3,4,67.4,31,-20,11,0.3,0.00605,999999.99,99999.99,99999.99,0.3,0.19,0.14,-1,2019-09-26 23:00:00
2019,270,0,2539,51,52,59,36,1.5,1.2,5.8,292.7,0.4,-1.1,0.1,-1.0,0.4,0.1,1.0,0.4,0.3,0.9,19962.0,5.6,348.0,-1.5,-0.6,0.013,782.0,0.1,1.0,0.1,0.2,0.001,1.19,-0.14,15.36,27.5,7.3,0.0016,3,0,-2,2,66.8,18,-6,12,-0.0,0.006019,999999.99,99999.99,99999.99,0.34,0.21,0.15,-1,2019-09-27 00:00:00
2019,270,1,2539,51,52,59,34,1.3,1.1,-11.0,330.0,0.9,-0.5,-0.2,-0.5,-0.1,0.2,0.7,0.2,0.3,0.6,20447.0,5.8,345.0,-1.7,-0.6,0.014,515.0,0.1,1.0,0.2,0.2,0.001,1.22,0.03,21.25,32.0,7.3,0.0012,3,0,-1,2,66.8,16,-5,11,0.1,0.006019,999999.99,99999.99,99999.99,0.31,0.2,0.14,-1,2019-09-27 01:00:00
2019,270,2,2539,51,52,60,36,1.3,0.9,2.2,310.5,0.6,-0.7,0.0,-0.7,0.2,0.2,1.0,0.4,0.3,0.9,17483.0,5.5,343.0,-1.7,-0.8,0.013,1048.0,0.2,1.0,0.3,0.1,0.001,1.14,-0.07,19.75,30.9,7.3,0.0012,3,0,-3,2,66.8,17,-5,11,-0.1,0.006019,999999.99,99999.99,99999.99,0.3,0.18,0.13,-1,2019-09-27 02:00:00
2019,270,3,2539,51,52,60,37,1.3,1.1,-62.0,331.6,0.4,-0.2,-1.0,-0.5,-0.9,0.1,0.6,0.2,0.5,0.3,14901.0,5.4,342.0,-1.3,-0.4,0.011,1395.0,0.1,1.0,0.2,0.3,0.002,1.1,0.31,19.04,30.6,7.3,0.0013,13,0,-5,5,66.8,23,-5,17,-0.0,0.006019,999999.99,99999.99,99999.99,0.29,0.19,0.14,-1,2019-09-27 03:00:00
2019,270,4,2539,51,52,60,36,1.3,1.2,-51.6,337.5,0.7,-0.3,-1.0,-0.7,-0.8,0.0,0.5,0.2,0.4,0.1,12766.0,5.5,341.0,-1.3,0.2,0.009,336.0,0.1,1.0,0.1,0.1,0.001,1.11,0.27,19.11,30.8,7.4,0.0013,13,0,-5,5,66.8,31,-7,23,0.2,0.006019,999999.99,99999.99,99999.99,0.27,0.18,0.14,-1,2019-09-27 04:00:00
2019,270,5,2539,51,52,60,35,1.3,1.2,-28.2,13.8,1.0,0.2,-0.5,-0.0,-0.5,0.0,0.6,0.2,0.5,0.4,12718.0,5.7,341.0,-1.5,-0.1,0.009,1954.0,0.4,4.0,0.2,0.2,0.0,1.15,0.17,19.8,31.3,7.4,0.0012,13,0,-4,5,66.8,35,-10,25,0.2,0.006019,999999.99,99999.99,99999.99,0.28,0.19,0.14,-1,2019-09-27 05:00:00
2019,270,6,2539,51,52,66,40,2.3,2.2,-54.1,318.3,0.9,-0.8,-1.7,-1.5,-1.1,0.9,1.2,0.2,0.8,0.9,20727.0,10.9,357.0,-3.9,0.6,0.01,7581.0,4.8,16.0,2.3,0.8,0.002,2.41,0.39,12.78,25.6,7.4,0.0018,17,0,9,6,66.8,124,-58,66,0.7,0.006019,999999.99,99999.99,99999.99,0.28,0.2,0.14,-1,2019-09-27 06:00:00
2019,270,7,2539,51,52,58,35,2.8,2.4,-15.7,349.1,2.3,-0.4,-0.6,-0.6,-0.3,0.3,1.5,0.6,0.7,1.1,31278.0,17.7,366.0,-6.2,1.9,0.01,2414.0,0.6,3.0,0.6,0.4,0.001,4.12,0.11,14.99,27.5,7.4,0.0016,17,0,8,6,66.8,147,-64,82,0.6,0.006019,999999.99,99999.99,99999.99,0.31,0.2,0.14,-1,2019-09-27 07:00:00
2019,270,8,2539,51,52,61,37,3.9,3.6,-6.6,345.0,3.4,-0.9,-0.4,-1.0,0.1,0.5,1.4,0.6,0.5,1.2,28986.0,19.1,366.0,-6.2,1.1,0.009,1492.0,1.0,2.0,0.3,0.3,0.002,4.43,-0.04,8.22,20.5,7.2,0.0028,17,0,8,6,66.8,86,-18,68,0.5,0.006019,999999.99,99999.99,99999.99,0.3,0.19,0.14,-1,2019-09-27 08:00:00
2019,270,9,2539,51,52,59,34,3.7,3.4,19.6,338.3,3.0,-1.2,1.2,-0.4,1.7,0.2,1.3,0.3,0.4,1.2,24884.0,20.0,362.0,-6.1,0.9,0.011,1576.0,0.5,2.0,0.2,0.4,0.001,4.57,-0.62,9.31,21.9,7.3,0.0025,17,0,12,6,66.8,43,-5,39,0.3,0.006019,999999.99,99999.99,99999.99,0.31,0.19,0.14,-1,2019-09-27 09:00:00
2019,270,10,2539,51,52,62,37,6.0,5.9,8.3,326.3,4.8,-3.2,0.8,-2.3,2.4,1.0,1.6,0.7,1.1,1.0,27668.0,30.6,371.0,-7.9,3.3,0.008,2004.0,3.5,3.0,0.5,0.9,0.001,7.26,-0.89,5.52,17.1,7.1,0.0041,17,0,19,6,66.8,33,1,33,0.3,0.006019,999999.99,99999.99,99999.99,0.34,0.21,0.16,-1,2019-09-27 10:00:00
2019,270,11,2539,51,52,60,37,7.1,3.8,22.2,114.8,-1.5,3.2,1.4,3.5,-0.5,1.3,6.2,3.2,4.2,3.2,27805.0,35.0,370.0,-8.8,4.1,0.007,5657.0,3.3,2.0,0.4,0.6,0.001,8.23,0.18,4.51,15.4,7.0,0.005,17,0,12,6,66.8,127,-38,89,1.0,0.006019,999999.99,99999.99,99999.99,99999.99,99999.99,99999.99,0,2019-09-27 11:00:00
2019,270,12,2539,51,52,74,44,11.1,9.1,38.4,121.1,-3.7,6.1,5.6,8.1,1.5,2.1,6.7,5.3,2.9,2.9,104853.0,14.3,414.0,-4.9,3.2,0.023,44552.0,5.7,25.0,2.1,1.1,0.008,4.47,-0.62,1.13,7.1,5.0,0.0239,33,0,2,18,66.8,220,-128,93,1.2,0.006019,999999.99,99999.99,99999.99,0.21,0.14,0.12,-1,2019-09-27 12:00:00
2019,270,13,2539,51,52,65,36,13.0,12.4,-20.4,161.8,-11.1,3.6,-4.3,0.9,-5.5,0.6,3.9,0.9,2.9,2.6,157757.0,9.3,484.0,0.5,1.0,0.037,59687.0,1.5,20.0,1.9,4.4,0.019,4.18,2.66,0.66,5.7,4.5,0.0369,33,0,-6,18,66.8,666,-479,187,2.2,0.006019,999999.99,99999.99,99999.99,0.27,0.19,0.14,-1,2019-09-27 13:00:00
2019,270,14,2539,51,52,65,39,12.7,12.5,-19.8,159.1,-11.0,4.2,-4.2,1.7,-5.7,1.2,2.5,1.5,1.6,1.2,349806.0,7.8,554.0,2.1,-4.3,0.066,57126.0,1.6,25.0,1.7,1.2,0.019,5.05,3.16,0.96,6.1,4.5,0.0321,33,0,-10,18,66.8,607,-384,223,2.7,0.006019,999999.99,99999.99,99999.99,0.27,0.17,0.13,-1,2019-09-27 14:00:00
2019,270,15,2539,51,52,60,36,11.1,10.3,-9.5,159.6,-9.6,3.6,-1.7,2.5,-3.1,0.5,3.8,0.8,2.7,2.5,362485.0,8.8,587.0,3.1,-3.0,0.043,39926.0,0.5,6.0,1.3,1.2,0.006,5.93,1.82,1.46,7.8,5.2,0.0193,43,0,-17,32,66.8,591,-349,242,2.7,0.006019,999999.99,99999.99,99999.99,0.29,0.18,0.13,-1,2019-09-27 15:00:00
2019,270,16,2539,51,52,61,37,11.3,10.3,7.8,143.4,-8.2,6.1,1.4,6.1,-1.2,0.6,4.7,2.1,3.5,2.4,364302.0,8.7,580.0,3.8,-2.9,0.057,30690.0,0.7,9.0,0.8,0.8,0.015,6.0,0.7,1.4,7.6,5.1,0.0208,43,0,-17,32,66.8,660,-452,208,2.3,0.006019,999999.99,99999.99,99999.99,0.27,0.17,0.12,-1,2019-09-27 16:00:00
2019,270,17,2539,51,52,53,11,10.8,10.6,-3.8,130.9,-6.9,8.0,-0.7,7.2,-3.6,0.6,2.1,1.1,1.0,1.5,304179.0,7.8,605.0,3.9,-2.9,0.054,18987.0,0.3,4.0,0.4,0.9,0.009,5.8,2.18,1.2,7.8,5.5,0.0194,43,0,-13,32,66.8,557,-352,205,2.0,0.006019,999999.99,99999.99,99999.99,0.28,0.18,0.13,-1,2019-09-27 17:00:00
2019,270,18,2539,51,52,61,11,11.2,10.8,-17.0,140.3,-8.0,6.6,-3.2,5.2,-5.2,0.3,2.9,0.8,1.5,2.4,286655.0,6.9,594.0,5.8,-1.8,0.042,30691.0,0.7,15.0,0.9,1.2,0.005,4.75,3.09,0.95,7.0,5.2,0.0245,53,0,-19,56,66.8,1011,-698,313,3.5,0.006019,999999.99,99999.99,99999.99,0.27,0.18,0.13,-1,2019-09-27 18:00:00
2019,270,19,2539,51,52,59,21,11.1,10.4,-8.8,134.1,-7.2,7.4,-1.6,6.6,-3.7,1.2,3.8,1.5,1.6,3.1,335568.0,7.3,601.0,5.1,-4.2,0.062,49842.0,0.8,15.0,0.7,1.5,0.012,5.5,2.22,1.14,7.3,5.2,0.0222,53,0,-20,56,66.8,916,-681,235,5.8,0.006019,999999.99,99999.99,99999.99,0.3,0.19,0.14,-1,2019-09-27 19:00:00
2019,270,20,2539,51,52,64,27,11.8,10.8,-3.0,130.3,-7.0,8.2,-0.6,7.7,-2.8,1.0,4.3,1.9,2.0,3.3,376940.0,6.3,610.0,6.0,-3.8,0.066,63191.0,0.6,25.0,0.9,1.5,0.01,4.95,1.71,0.95,6.5,4.8,0.0283,53,0,-35,56,66.8,661,-433,229,3.5,0.006019,999999.99,99999.99,99999.99,0.3,0.19,0.14,-1,2019-09-27 20:00:00
2019,270,21,2539,51,52,61,36,7.7,6.8,-32.7,167.4,-5.6,1.3,-3.7,0.3,-3.9,0.5,3.2,1.2,2.0,2.3,287265.0,4.5,666.0,4.7,0.2,0.047,27731.0,0.3,7.0,1.1,1.3,0.006,3.96,2.6,1.31,9.2,6.3,0.0141,50,0,-47,48,66.8,674,-413,261,3.9,0.006019,999999.99,99999.99,99999.99,0.28,0.18,0.13,-1,2019-09-27 21:00:00
2019,270,22,2539,51,52,62,38,6.8,5.3,-24.9,194.4,-4.6,-1.2,-2.2,-1.7,-1.8,1.2,4.3,1.6,3.6,1.8,289283.0,4.8,678.0,5.6,0.1,0.046,25310.0,1.1,13.0,2.0,0.7,0.009,4.36,1.22,1.8,10.9,6.8,0.01,50,0,-56,48,66.8,1041,-727,314,6.5,0.006019,999999.99,99999.99,99999.99,0.29,0.17,0.13,-1,2019-09-27 22:00:00
2019,270,23,2539,51,52,59,36,5.3,4.4,9.1,152.4,-3.8,2.0,0.7,2.1,0.2,0.4,2.8,1.1,2.3,1.3,262927.0,3.2,691.0,2.6,0.6,0.055,25165.0,0.2,10.0,1.5,1.1,0.006,3.11,-0.14,1.85,11.7,7.2,0.0087,50,0,-56,48,66.8,471,-233,238,2.2,0.006019,999999.99,99999.99,99999.99,0.27,0.17,0.13,-1,2019-09-27 23:00:00
2019,271,0,2539,51,52,59,12,5.2,4.3,6.6,147.7,-3.6,2.3,0.5,2.4,-0.1,0.1,2.8,1.6,1.5,1.7,250189.0,3.1,695.0,1.8,0.6,0.054,29223.0,0.2,20.0,0.9,1.5,0.004,3.04,0.07,1.81,11.8,7.4,0.0086,23,0,-47,9,67.5,92,-27,65,0.1,0.00603,999999.99,99999.99,99999.99,0.27,0.18,0.13,-1,2019-09-28 00:00:00
2019,271,1,2539,51,52,60,17,5.6,4.9,2.6,152.1,-4.3,2.3,0.2,2.3,-0.5,0.1,2.5,1.2,1.2,1.8,261244.0,3.1,676.0,2.7,0.6,0.053,18471.0,0.2,21.0,1.2,1.7,0.004,2.87,0.34,1.6,10.6,6.9,0.0105,23,0,-41,9,67.5,179,-104,75,0.6,0.00603,999999.99,99999.99,99999.99,0.3,0.17,0.13,-1,2019-09-28 01:00:00
2019,271,2,2539,51,52,59,17,6.2,5.7,15.2,148.3,-4.7,2.9,1.5,3.2,0.5,0.1,2.3,1.5,1.4,1.1,238792.0,3.2,655.0,1.9,0.0,0.046,28125.0,0.2,18.0,1.3,1.1,0.004,2.71,-0.33,1.27,9.4,6.5,0.0133,23,0,-41,9,67.5,242,-165,77,0.9,0.00603,999999.99,99999.99,99999.99,0.28,0.18,0.13,-1,2019-09-28 02:00:00
2019,271,3,2539,51,52,60,26,6.4,5.6,13.1,113.2,-2.1,5.0,1.3,5.1,-0.5,0.2,2.8,2.2,0.9,1.5,261604.0,3.0,662.0,0.7,-0.2,0.05,94242.0,0.4,20.0,1.2,1.9,0.007,2.63,0.33,1.19,9.0,6.3,0.0148,43,0,-41,32,67.5,486,-351,135,2.5,0.00603,999999.99,99999.99,99999.99,0.33,0.18,0.13,-1,2019-09-28 03:00:00
2019,271,4,2539,51,52,59,8,6.2,4.9,12.2,135.9,-3.4,3.3,1.0,3.4,-0.4,0.1,3.6,2.0,2.8,1.1,231827.0,2.8,642.0,2.2,-0.3,0.055,17258.0,0.2,16.0,3.4,0.5,0.01,2.35,0.26,1.09,8.7,6.2,0.0158,43,0,-44,32,67.5,513,-462,51,3.9,0.00603,999999.99,99999.99,99999.99,0.29,0.18,0.13,-1,2019-09-28 04:00:00
2019,271,5,2539,51,52,62,16,6.3,5.4,11.5,138.9,-4.0,3.5,1.1,3.6,-0.5,0.2,3.1,1.8,1.9,1.5,212238.0,2.6,638.0,1.6,-1.3,0.046,37564.0,0.4,20.0,2.1,1.9,0.011,2.09,0.32,0.93,8.2,6.1,0.0178,43,0,-42,32,67.5,290,-225,65,2.4,0.00603,999999.99,99999.99,99999.99,0.3,0.19,0.14,-1,2019-09-28 05:00:00
2019,271,6,2539,51,52,59,24,6.6,5.9,-1.2,94.7,-0.5,5.9,-0.1,5.2,-2.8,0.3,2.8,2.1,0.6,1.8,229560.0,3.0,661.0,-0.0,1.0,0.043,35038.0,0.2,16.0,0.8,2.0,0.003,2.57,1.85,1.03,8.7,6.3,0.0158,47,0,-41,39,67.5,575,-443,132,3.3,0.00603,999999.99,99999.99,99999.99,0.25,0.17,0.12,-1,2019-09-28 06:00:00
2019,271,7,2539,51,52,60,24,6.1,4.7,3.5,135.2,-3.4,3.3,0.3,3.0,-1.4,0.4,3.5,1.6,1.2,2.9,188878.0,2.7,633.0,1.6,0.6,0.048,34699.0,0.3,18.0,1.4,3.5,0.006,2.15,0.89,0.96,8.5,6.3,0.0164,47,0,-42,39,67.5,877,-721,156,4.2,0.00603,999999.99,99999.99,99999.99,0.26,0.17,0.13,-1,2019-09-28 07:00:00
2019,271,8,2539,51,52,59,9,5.9,5.1,-24.9,123.1,-2.5,3.9,-2.2,2.2,-3.9,0.2,2.7,1.0,1.0,2.3,178015.0,3.3,640.0,0.4,1.5,0.041,21177.0,0.2,8.0,0.7,2.2,0.004,2.63,2.5,1.21,9.9,6.9,0.0123,47,0,-40,39,67.5,842,-640,202,4.9,0.00603,999999.99,99999.99,99999.99,0.29,0.17,0.13,-1,2019-09-28 08:00:00
2019,271,9,2539,51,52,61,10,5.4,4.2,-0.7,105.3,-1.1,4.0,0.0,3.4,-2.1,0.3,3.2,2.2,0.9,2.2,212838.0,3.3,662.0,0.1,-0.5,0.05,50706.0,0.2,19.0,0.9,1.4,0.007,2.9,1.39,1.61,11.1,7.2,0.0096,43,0,-34,32,67.5,824,-653,171,4.9,0.00603,999999.99,99999.99,99999.99,0.31,0.18,0.13,-1,2019-09-28 09:00:00
2019,271,10,2539,51,52,60,16,4.5,2.6,71.8,188.9,-0.8,-0.1,2.5,1.3,2.2,0.5,3.6,1.8,1.8,2.5,210531.0,3.4,647.0,3.2,-1.8,0.049,24786.0,0.3,10.0,0.8,1.7,0.005,2.84,-1.42,2.37,13.3,7.6,0.0068,43,0,-33,32,67.5,319,-209,109,2.0,0.00603,999999.99,99999.99,99999.99,0.26,0.18,0.13,-1,2019-09-28 10:00:00
2019,271,11,2539,51,52,58,26,4.4,2.3,12.6,105.3,-0.6,2.1,0.5,2.0,-0.7,0.5,3.7,2.3,2.3,1.8,192991.0,3.0,640.0,1.3,-0.5,0.05,28214.0,0.4,16.0,1.6,1.2,0.006,2.46,0.45,2.07,12.6,7.5,0.0075,43,0,-27,32,67.5,207,-151,56,1.1,0.00603,999999.99,99999.99,99999.99,0.29,0.19,0.13,-1,2019-09-28 11:00:00
2019,271,12,2539,51,52,60,16,4.6,4.1,-5.0,142.2,-3.2,2.5,-0.4,1.9,-1.7,0.4,2.0,1.0,0.7,1.6,170402.0,2.6,624.0,0.7,-0.3,0.053,13316.0,0.2,6.0,0.6,1.1,0.004,2.05,1.06,1.53,10.9,7.2,0.0099,33,0,-25,18,67.5,708,-591,117,2.2,0.00603,999999.99,99999.99,99999.99,0.28,0.17,0.13,-1,2019-09-28 12:00:00
2019,271,13,2539,51,52,61,18,4.3,3.2,-1.1,164.3,-3.1,0.9,-0.1,0.7,-0.5,0.2,2.8,1.2,1.2,2.2,171007.0,2.5,625.0,3.0,-0.9,0.053,19340.0,0.2,10.0,1.7,1.8,0.006,1.98,0.31,1.68,11.5,7.3,0.009,33,0,-31,18,67.5,589,-483,107,2.8,0.00603,999999.99,99999.99,99999.99,0.32,0.19,0.13,-1,2019-09-28 13:00:00
2019,271,14,2539,51,52,62,38,4.0,2.6,60.8,300.6,0.7,-1.1,2.3,0.1,2.5,0.4,2.9,2.4,1.6,0.7,169936.0,2.6,658.0,3.4,-1.9,0.046,21327.0,0.2,17.0,0.9,1.1,0.007,2.23,-1.65,2.02,13.3,8.0,0.0068,33,0,-33,18,67.5,339,-262,77,1.2,0.00603,999999.99,99999.99,99999.99,0.29,0.18,0.13,-1,2019-09-28 14:00:00
2019,271,15,2539,51,52,60,36,3.9,2.0,63.5,109.9,-0.3,0.8,1.8,1.5,1.3,0.3,3.3,1.9,2.5,1.0,173568.0,2.5,653.0,2.1,-1.3,0.043,24040.0,0.2,13.0,1.8,0.9,0.005,2.09,-0.85,2.06,13.2,7.9,0.0068,30,0,-29,15,67.5,106,-65,41,0.5,0.00603,999999.99,99999.99,99999.99,0.28,0.19,0.13,-1,2019-09-28 15:00:00
2019,271,16,2539,51,52,60,36,3.1,2.6,4.4,108.9,-0.8,2.4,0.2,2.3,-0.8,0.5,1.7,0.5,0.7,1.5,186786.0,2.5,653.0,1.3,-0.2,0.045,14202.0,0.1,6.0,0.7,1.1,0.005,2.1,0.52,3.41,16.7,8.4,0.0043,30,0,-26,15,67.5,335,-284,52,1.3,0.00603,999999.99,99999.99,99999.99,0.28,0.18,0.14,-1,2019-09-28 16:00:00
2019,271,17,2539,51,52,61,37,2.7,1.0,64.0,250.4,-0.1,-0.4,0.9,-0.0,1.0,0.6,2.5,1.0,1.9,1.2,182919.0,2.4,662.0,4.0,-1.8,0.042,23601.0,0.2,6.0,1.3,1.3,0.004,2.05,-0.66,4.26,19.0,8.8,0.0033,30,0,-23,15,67.5,375,-317,58,1.0,0.00603,999999.99,99999.99,99999.99,0.27,0.18,0.13,-1,2019-09-28 17:00:00
2019,271,18,2539,51,52,58,35,3.3,1.7,27.9,85.4,0.1,1.5,0.8,1.7,0.3,0.5,2.8,1.6,1.3,1.9,183670.0,2.4,651.0,2.2,-2.8,0.048,14411.0,0.1,14.0,0.9,1.0,0.005,2.02,-0.2,2.86,15.3,8.2,0.0051,37,0,-18,22,67.5,130,-94,35,0.7,0.00603,999999.99,99999.99,99999.99,0.31,0.18,0.13,-1,2019-09-28 18:00:00
2019,271,19,2539,51,52,61,35,3.7,2.9,-35.3,133.2,-1.6,1.7,-1.7,1.1,-2.1,0.2,2.2,1.5,1.5,0.8,181322.0,2.3,630.0,2.0,-1.0,0.054,15805.0,0.1,11.0,1.1,0.7,0.004,1.85,1.32,2.16,12.9,7.6,0.0071,37,0,-22,22,67.5,541,-466,75,3.0,0.00603,999999.99,99999.99,99999.99,0.28,0.19,0.13,-1,2019-09-28 19:00:00
2019,271,20,2539,51,52,59,36,3.9,3.2,10.8,69.4,1.1,3.0,0.6,3.1,-0.2,0.4,1.9,1.5,0.6,1.1,176255.0,2.3,641.0,1.1,-2.3,0.044,18786.0,0.2,15.0,0.5,1.0,0.004,1.86,0.13,1.92,12.5,7.6,0.0077,37,0,-27,22,67.5,522,-456,66,4.2,0.00603,999999.99,99999.99,99999.99,0.28,0.18,0.13,-1,2019-09-28 20:00:00
2019,271,21,2539,51,52,59,36,3.6,3.0,27.6,67.5,1.0,2.4,1.4,2.7,0.8,0.3,1.9,1.2,0.8,1.2,158425.0,2.1,642.0,1.1,-2.9,0.039,22962.0,0.2,13.0,0.7,1.1,0.004,1.67,-0.51,1.93,12.9,7.9,0.0071,37,0,-28,22,67.5,202,-173,30,1.6,0.00603,999999.99,99999.99,99999.99,0.27,0.18,0.13,-1,2019-09-28 21:00:00
2019,271,22,2539,51,52,59,36,3.8,3.0,-6.2,73.9,0.8,2.9,-0.3,2.7,-1.0,0.2,2.2,1.2,0.8,1.7,145148.0,2.2,634.0,0.8,-1.3,0.035,12661.0,0.1,14.0,0.6,1.6,0.003,1.68,0.63,1.73,12.4,7.8,0.0078,37,0,-27,22,67.5,120,-80,39,0.9,0.00603,999999.99,99999.99,99999.99,0.29,0.18,0.13,-1,2019-09-28 22:00:00
2019,271,23,2539,51,52,60,36,3.5,2.0,-68.0,94.1,-0.1,0.7,-1.8,0.2,-1.9,0.3,2.9,2.3,1.1,1.3,144552.0,2.2,622.0,2.4,0.9,0.032,18595.0,0.1,28.0,1.2,1.1,0.005,1.6,1.18,2.04,13.2,7.9,0.0068,37,0,-27,22,67.5,481,-399,82,3.5,0.00603,999999.99,99999.99,99999.99,0.27,0.17,0.13,-1,2019-09-28 23:00:00
2019,272,0,2539,51,52,59,33,4.1,3.6,-10.7,159.6,-3.3,1.2,-0.7,1.0,-1.0,0.3,1.9,1.2,1.0,1.2,164745.0,2.5,584.0,1.4,-0.1,0.029,15603.0,0.1,8.0,0.9,1.1,0.003,1.59,0.58,1.81,11.3,7.0,0.0094,17,0,-26,6,67.7,82,-41,41,1.1,0.006056,999999.99,99999.99,99999.99,0.27,0.18,0.14,-1,2019-09-29 00:00:00
2019,272,1,2539,51,52,60,37,3.9,3.6,24.7,124.2,-1.8,2.7,1.5,3.0,0.7,0.3,1.4,0.5,1.0,0.9,136570.0,2.2,588.0,-0.3,-2.3,0.033,13515.0,0.2,6.0,0.7,1.1,0.003,1.44,-0.41,1.59,11.2,7.3,0.0095,17,0,-26,6,67.7,48,-5,43,0.3,0.006056,999999.99,99999.99,99999.99,0.28,0.17,0.13,-1,2019-09-29 01:00:00
2019,272,2,2539,51,52,60,34,3.8,3.0,23.7,122.1,-1.5,2.4,1.2,2.7,0.4,0.1,2.1,1.2,0.8,1.5,135388.0,2.4,580.0,-0.1,-2.6,0.026,33055.0,0.3,17.0,1.0,1.7,0.004,1.49,-0.23,1.82,11.8,7.4,0.0085,17,0,-29,6,67.7,56,-14,41,0.7,0.006056,999999.99,99999.99,99999.99,0.28,0.18,0.14,-1,2019-09-29 02:00:00
2019,272,3,2539,51,52,58,36,3.9,3.6,-11.0,129.0,-2.2,2.8,-0.7,2.4,-1.6,0.1,1.4,0.6,0.6,1.1,157000.0,2.7,567.0,-0.2,-0.7,0.02,13580.0,0.1,5.0,0.8,0.9,0.002,1.57,0.91,2.11,11.9,7.1,0.0083,27,0,-30,12,67.7,211,-119,92,1.0,0.006056,999999.99,99999.99,99999.99,0.31,0.19,0.13,-1,2019-09-29 03:00:00
2019,272,4,2539,51,52,60,33,3.9,3.5,-20.5,147.6,-2.7,1.7,-1.2,1.1,-1.8,0.1,1.6,0.7,1.2,0.9,162929.0,2.9,560.0,0.8,-0.4,0.022,13067.0,0.2,9.0,1.1,0.7,0.004,1.65,1.01,2.31,12.2,7.1,0.008,27,0,-30,12,67.7,346,-270,76,1.8,0.006056,999999.99,99999.99,99999.99,0.29,0.18,0.13,-1,2019-09-29 04:00:00
2019,272,5,2539,51,52,58,35,4.0,3.4,-11.8,121.4,-1.7,2.8,-0.7,2.2,-1.8,0.2,2.1,1.4,1.4,0.7,174221.0,2.9,561.0,0.4,-0.9,0.022,20216.0,0.2,9.0,1.4,0.7,0.004,1.66,1.01,2.28,11.9,6.9,0.0083,27,0,-33,12,67.7,369,-322,47,2.0,0.006056,999999.99,99999.99,99999.99,0.3,0.18,0.13,-1,2019-09-29 05:00:00
2019,272,6,2539,51,52,59,32,4.3,4.1,-8.2,154.8,-3.7,1.7,-0.6,1.2,-1.3,0.2,1.1,0.4,0.7,0.7,148333.0,2.4,539.0,0.8,-0.7,0.026,25644.0,0.5,11.0,1.2,1.1,0.001,1.29,0.7,1.49,9.7,6.4,0.0126,23,0,-33,9,67.7,280,-214,66,1.5,0.006056,999999.99,99999.99,99999.99,0.3,0.2,0.14,-1,2019-09-29 06:00:00
2019,272,7,2539,51,52,60,35,4.1,3.6,17.0,134.7,-2.4,2.4,1.0,2.6,-0.3,0.3,1.9,1.0,0.9,1.3,170400.0,3.0,545.0,0.6,-2.4,0.021,27482.0,0.6,13.0,0.7,1.0,0.004,1.61,0.16,2.22,11.5,6.7,0.009,23,0,-28,9,67.7,199,-145,54,1.6,0.006056,999999.99,99999.99,99999.99,0.31,0.2,0.14,-1,2019-09-29 07:00:00
2019,272,8,2539,51,52,60,34,3.8,3.0,-16.6,154.5,-2.6,1.2,-0.8,0.6,-1.3,0.3,2.3,1.2,1.5,1.4,201618.0,3.3,546.0,1.5,-1.6,0.023,31822.0,0.5,11.0,1.1,1.3,0.005,1.79,0.71,3.14,13.1,6.8,0.007,23,0,-24,9,67.7,353,-277,76,2.0,0.006056,999999.99,99999.99,99999.99,0.3,0.19,0.13,-1,2019-09-29 08:00:00
2019,272,9,2539,51,52,60,32,4.0,3.8,-12.6,184.6,-3.7,-0.3,-0.8,-0.7,-0.5,0.2,1.1,0.4,0.6,0.8,144645.0,2.1,519.0,2.6,-1.5,0.024,27313.0,0.7,10.0,0.9,1.2,0.0,1.04,0.26,1.49,9.4,6.2,0.0135,17,0,-23,6,67.7,318,-249,68,1.6,0.006056,999999.99,99999.99,99999.99,0.28,0.19,0.14,-1,2019-09-29 09:00:00
2019,272,10,2539,51,52,59,37,4.4,4.3,-18.5,177.2,-4.1,0.2,-1.4,-0.6,-1.3,0.2,1.0,0.3,0.5,0.7,143885.0,2.4,522.0,2.2,-1.4,0.041,23341.0,0.6,7.0,0.9,1.1,0.0,1.27,0.68,1.4,9.2,6.2,0.0141,17,0,-21,6,67.7,152,-109,43,0.8,0.006056,999999.99,99999.99,99999.99,0.26,0.18,0.13,-1,2019-09-29 10:00:00
2019,272,11,2539,51,52,61,35,4.2,3.5,-10.7,171.5,-3.4,0.5,-0.6,0.1,-0.8,0.2,2.3,1.0,1.2,1.6,153918.0,2.6,526.0,1.9,-2.2,0.022,31525.0,0.8,14.0,1.2,1.9,0.006,1.31,0.42,1.73,10.1,6.4,0.0117,17,0,-21,6,67.7,51,-22,30,0.6,0.006056,999999.99,99999.99,99999.99,0.28,0.19,0.14,-1,2019-09-29 11:00:00
2019,272,12,2539,51,52,58,31,3.7,3.1,-19.8,165.6,-2.9,0.7,-1.1,0.0,-1.3,0.5,2.0,1.7,0.6,0.9,150469.0,2.5,526.0,1.1,-1.7,0.023,44238.0,0.8,14.0,0.7,0.7,0.002,1.26,0.68,2.12,11.2,6.7,0.0094,10,0,-19,4,67.7,85,-58,27,0.8,0.006056,999999.99,99999.99,99999.99,0.27,0.18,0.13,-1,2019-09-29 12:00:00
2019,272,13,2539,51,52,60,37,4.1,3.9,2.2,163.1,-3.7,1.1,0.1,1.0,-0.5,0.1,1.2,0.4,0.7,0.8,114764.0,2.3,513.0,-0.3,-2.2,0.019,18235.0,0.4,5.0,1.3,1.0,0.001,1.09,0.26,1.38,9.5,6.4,0.0132,10,0,-19,4,67.7,68,-47,21,0.6,0.006056,999999.99,99999.99,99999.99,0.29,0.17,0.13,-1,2019-09-29 13:00:00
2019,272,14,2539,51,52,59,35,4.2,4.1,-0.4,163.4,-3.9,1.2,0.0,1.1,-0.6,0.1,0.8,0.4,0.6,0.4,107970.0,2.8,511.0,-0.6,-2.4,0.019,10048.0,0.3,4.0,0.8,0.5,0.001,1.31,0.31,1.56,10.2,6.6,0.0115,10,0,-20,4,67.7,74,-46,28,0.9,0.006056,999999.99,99999.99,99999.99,0.25,0.17,0.12,-1,2019-09-29 14:00:00
2019,272,15,2539,51,52,60,37,4.2,4.0,-5.0,154.7,-3.6,1.7,-0.3,1.4,-1.0,0.2,1.5,0.6,1.1,0.7,105715.0,2.7,508.0,-1.2,-2.3,0.017,13245.0,0.5,6.0,1.4,1.2,0.002,1.24,0.51,1.49,9.9,6.6,0.012,37,0,-19,22,67.7,125,-104,21,1.0,0.006056,999999.99,99999.99,99999.99,0.29,0.19,0.13,-1,2019-09-29 15:00:00
2019,272,16,2539,51,52,60,36,4.4,3.5,-25.5,112.3,-1.2,2.9,-1.5,2.0,-2.5,0.3,2.7,1.8,1.3,1.5,118929.0,3.2,514.0,-1.6,-2.2,0.012,23049.0,0.7,14.0,1.4,1.3,0.003,1.48,1.28,1.7,10.4,6.6,0.0109,37,0,-15,22,67.7,253,-209,44,1.1,0.006056,999999.99,99999.99,99999.99,0.28,0.17,0.12,-1,2019-09-29 16:00:00
2019,272,17,2539,51,52,60,35,4.8,4.4,-19.9,89.5,0.0,4.1,-1.5,3.3,-2.9,0.1,1.7,1.3,0.7,0.8,135506.0,3.7,516.0,-1.7,-2.2,0.011,15599.0,0.4,10.0,0.8,0.7,0.002,1.72,1.5,1.76,10.3,6.5,0.0111,37,0,-21,22,67.7,614,-539,75,2.5,0.006056,999999.99,99999.99,99999.99,0.27,0.17,0.12,-1,2019-09-29 17:00:00
2019,272,18,2539,51,52,61,37,5.0,4.6,-29.7,89.2,0.1,4.0,-2.3,3.0,-3.5,0.1,1.7,1.2,0.6,1.0,129814.0,3.8,519.0,-2.8,-2.0,0.011,12805.0,0.3,8.0,0.6,1.1,0.002,1.78,1.82,1.63,10.1,6.5,0.0116,37,0,-21,22,67.7,602,-512,90,2.9,0.006056,999999.99,99999.99,99999.99,0.29,0.18,0.14,-1,2019-09-29 18:00:00
2019,272,19,2539,51,52,57,32,5.1,3.4,-12.2,155.5,-3.0,1.4,-0.7,1.1,-1.1,0.4,3.7,2.9,2.3,0.8,102803.0,2.7,496.0,-1.9,-3.5,0.012,27312.0,0.9,25.0,2.6,1.2,0.003,1.16,0.55,1.0,8.0,5.9,0.0186,37,0,-22,22,67.7,514,-436,78,2.8,0.006056,999999.99,99999.99,99999.99,0.31,0.22,0.15,-1,2019-09-29 19:00:00
2019,272,20,2539,51,52,61,35,5.5,4.9,-14.7,152.9,-4.2,2.2,-1.2,1.8,-1.7,0.1,2.3,0.8,1.9,1.0,95313.0,2.9,488.0,-1.9,-2.4,0.013,18975.0,0.6,11.0,2.3,1.5,0.003,1.21,0.83,0.89,7.6,5.7,0.0208,37,0,-24,22,67.7,187,-146,41,1.3,0.006056,999999.99,99999.99,99999.99,0.26,0.18,0.13,-1,2019-09-29 20:00:00
2019,272,21,2539,51,52,58,33,5.2,4.8,-9.8,126.8,-2.8,3.8,-0.8,3.5,-1.7,0.3,1.8,0.6,0.4,1.6,96917.0,3.1,492.0,-2.6,-2.8,0.017,31257.0,0.7,13.0,0.7,2.1,0.004,1.34,0.84,1.07,8.3,6.0,0.0171,33,0,-24,18,67.7,196,-142,55,1.7,0.006056,999999.99,99999.99,99999.99,0.3,0.19,0.14,-1,2019-09-29 21:00:00
2019,272,22,2539,51,52,61,34,5.7,5.3,-19.8,134.9,-3.5,3.6,-1.8,3.1,-2.6,0.2,1.8,0.9,0.9,1.3,74612.0,3.0,477.0,-1.8,-1.7,0.016,24656.0,0.7,12.0,1.0,1.6,0.003,1.21,1.24,0.78,7.2,5.6,0.0226,33,0,-29,18,67.7,519,-421,98,2.7,0.006056,999999.99,99999.99,99999.99,0.29,0.19,0.14,-1,2019-09-29 22:00:00
2019,272,23,2539,51,52,59,35,5.9,5.7,-31.4,133.7,-3.3,3.5,-3.0,2.7,-3.8,0.1,1.5,0.8,0.7,1.0,76640.0,3.1,482.0,-2.3,-0.1,0.014,16048.0,0.5,11.0,0.9,1.3,0.001,1.27,1.83,0.76,7.2,5.6,0.023,33,0,-37,18,67.7,713,-558,155,4.0,0.006056,999999.99,99999.99,99999.99,0.28,0.18,0.13,-1,2019-09-29 23:00:00
2019,273,0,2539,51,52,59,31,5.8,5.6,-4.9,136.5,-4.0,3.8,-0.5,3.5,-1.5,0.2,1.6,0.5,0.4,1.5,55318.0,2.9,473.0,-4.0,-1.8,0.014,13682.0,0.6,7.0,0.7,1.9,0.003,1.14,0.71,0.66,6.9,5.5,0.0247,30,0,-37,15,68.1,584,-417,167,2.8,0.006063,999999.99,99999.99,99999.99,0.27,0.19,0.14,-1,2019-09-30 00:00:00
2019,273,1,2539,51,52,60,37,6.4,6.3,-19.5,140.8,-4.6,3.8,-2.1,3.1,-3.1,0.1,0.8,0.3,0.4,0.6,39493.0,2.8,468.0,-5.2,-1.6,0.013,3565.0,0.3,4.0,0.4,0.6,0.002,1.08,1.45,0.48,6.1,5.1,0.0318,30,0,-38,15,68.1,477,-315,162,2.2,0.006063,999999.99,99999.99,99999.99,0.3,0.2,0.14,-1,2019-09-30 01:00:00
2019,273,2,2539,51,52,61,36,6.2,6.1,-16.8,135.2,-4.2,4.1,-1.8,3.3,-3.0,0.2,1.1,0.6,0.8,0.6,54495.0,3.5,476.0,-4.9,-2.7,0.01,9858.0,0.5,8.0,0.7,0.6,0.002,1.38,1.43,0.69,7.2,5.7,0.0231,30,0,-41,15,68.1,612,-461,152,3.1,0.006063,999999.99,99999.99,99999.99,0.26,0.18,0.13,-1,2019-09-30 02:00:00
2019,273,3,2539,51,52,59,36,5.4,5.1,-25.6,164.6,-4.4,1.2,-2.2,0.4,-2.5,0.8,1.9,1.0,1.2,1.1,74047.0,2.7,456.0,-2.9,-1.9,0.019,34140.0,0.6,12.0,1.5,1.2,0.005,1.01,1.14,0.78,6.9,5.4,0.0247,33,0,-43,18,68.1,551,-407,144,2.4,0.006063,999999.99,99999.99,99999.99,0.28,0.18,0.13,-1,2019-09-30 03:00:00
2019,273,4,2539,51,52,59,31,4.9,4.6,20.1,176.2,-4.3,0.3,1.6,0.9,1.4,0.4,1.8,0.6,1.0,1.3,103877.0,2.6,462.0,-0.4,-5.3,0.025,35124.0,0.9,12.0,1.2,1.3,0.006,1.02,-0.65,1.05,7.6,5.5,0.0206,33,0,-39,18,68.1,367,-269,99,2.1,0.006063,999999.99,99999.99,99999.99,0.27,0.18,0.14,-1,2019-09-30 04:00:00
2019,273,5,2539,51,52,58,34,5.7,5.4,-11.9,163.4,-5.0,1.5,-1.1,0.9,-1.6,0.3,1.9,1.0,1.3,1.0,102936.0,2.5,456.0,-2.3,-3.1,0.027,25397.0,0.7,13.0,1.2,1.2,0.006,0.96,0.73,0.74,6.3,4.9,0.0297,33,0,-36,18,68.1,236,-161,76,1.5,0.006063,999999.99,99999.99,99999.99,0.28,0.18,0.13,-1,2019-09-30 05:00:00
2019,273,6,2539,51,52,62,34,4.8,3.9,-11.7,135.8,-2.8,2.7,-0.8,2.0,-2.0,0.4,2.7,1.8,1.7,1.0,128075.0,3.3,472.0,-3.3,-2.7,0.02,30431.0,0.8,13.0,1.4,1.1,0.007,1.33,0.94,1.53,8.9,5.9,0.0149,37,0,-36,22,68.1,425,-339,86,1.9,0.006063,999999.99,99999.99,99999.99,0.29,0.18,0.13,-1,2019-09-30 06:00:00
2019,273,7,2539,51,52,59,36,5.5,5.2,-10.2,93.9,-0.4,5.2,-0.9,4.1,-3.4,0.3,1.7,0.9,0.4,1.4,99875.0,3.7,472.0,-2.5,-3.6,0.01,9035.0,0.2,9.0,0.3,1.1,0.001,1.43,1.6,1.16,8.3,5.8,0.0175,37,0,-38,22,68.1,715,-554,161,4.1,0.006063,999999.99,99999.99,99999.99,0.29,0.18,0.13,-1,2019-09-30 07:00:00
2019,273,8,2539,51,52,59,35,5.0,4.8,5.4,115.0,-2.0,4.4,0.5,4.0,-1.9,0.1,1.3,0.7,0.4,1.0,97949.0,3.1,460.0,-2.0,-3.7,0.016,8833.0,0.2,5.0,0.4,0.8,0.003,1.17,0.87,1.17,8.1,5.7,0.0181,37,0,-35,22,68.1,397,-315,82,3.4,0.006063,999999.99,99999.99,99999.99,0.29,0.18,0.14,-1,2019-09-30 08:00:00
2019,273,9,2539,51,52,61,37,5.1,5.0,-2.0,126.9,-3.0,4.0,-0.2,3.3,-2.3,0.1,0.8,0.5,0.4,0.4,86967.0,2.6,453.0,-2.7,-3.4,0.018,14840.0,0.4,8.0,0.9,0.4,0.004,0.96,1.04,0.9,7.2,5.4,0.0232,23,0,-35,9,68.1,234,-161,73,2.3,0.006063,999999.99,99999.99,99999.99,0.27,0.18,0.12,-1,2019-09-30 09:00:00
2019,273,10,2539,51,52,60,36,5.0,4.7,11.2,110.5,-1.6,4.3,0.9,4.1,-1.6,0.3,1.7,1.4,0.3,0.8,81765.0,2.7,461.0,-2.1,-3.3,0.012,22250.0,0.4,7.0,0.9,0.6,0.002,1.0,0.74,0.94,7.6,5.6,0.0207,23,0,-33,9,68.1,402,-302,100,1.9,0.006063,999999.99,99999.99,99999.99,0.27,0.18,0.14,-1,2019-09-30 10:00:00
2019,273,11,2539,51,52,60,35,5.4,5.3,4.2,109.2,-1.7,5.0,0.4,4.4,-2.3,0.2,1.0,0.4,0.2,0.9,45551.0,3.0,457.0,-4.1,-3.9,0.009,12251.0,0.6,5.0,0.6,1.6,0.003,1.08,1.05,0.74,7.3,5.7,0.0221,23,0,-29,9,68.1,515,-400,115,2.6,0.006063,999999.99,99999.99,99999.99,0.28,0.18,0.13,-1,2019-09-30 11:00:00
2019,273,12,2539,51,52,57,33,5.8,5.3,-13.9,119.4,-2.5,4.5,-1.3,3.1,-3.5,0.2,2.3,1.5,0.4,1.7,39007.0,3.1,449.0,-4.0,-2.3,0.01,6382.0,0.4,17.0,0.5,2.0,0.001,1.09,1.57,0.64,6.8,5.5,0.0256,20,0,-32,7,68.1,447,-309,139,2.8,0.006063,999999.99,99999.99,99999.99,0.31,0.19,0.13,-1,2019-09-30 12:00:00
2019,273,13,2539,51,52,62,37,6.1,5.8,-11.0,120.4,-2.9,4.9,-1.1,3.7,-3.4,0.1,1.8,1.2,0.7,1.2,39499.0,3.3,439.0,-5.0,-2.5,0.011,6781.0,0.4,7.0,0.5,1.2,0.002,1.11,1.49,0.62,6.5,5.3,0.0278,20,0,-36,7,68.1,578,-423,155,2.6,0.006063,999999.99,99999.99,99999.99,0.27,0.18,0.13,-1,2019-09-30 13:00:00
2019,273,14,2539,51,52,59,36,6.1,5.9,9.7,87.6,0.2,5.8,1.0,5.6,-1.9,0.1,1.6,0.8,0.4,1.3,46755.0,4.5,450.0,-4.8,-4.2,0.011,7785.0,0.4,3.0,0.2,0.7,0.002,1.59,0.85,0.88,7.8,5.9,0.0194,20,0,-35,7,68.1,519,-376,143,2.2,0.006063,999999.99,99999.99,99999.99,0.28,0.18,0.14,-1,2019-09-30 14:00:00
2019,273,15,2539,51,52,58,20,5.7,4.2,8.0,118.0,-2.0,3.7,0.6,3.6,-1.1,0.3,3.8,2.7,0.9,2.6,39087.0,3.3,436.0,-4.0,-3.3,0.013,12867.0,0.6,14.0,0.9,2.1,0.002,1.1,0.48,0.71,6.9,5.5,0.0246,27,0,-33,12,68.1,346,-234,112,1.6,0.006063,999999.99,99999.99,99999.99,0.28,0.17,0.13,-1,2019-09-30 15:00:00
2019,273,16,2539,51,52,60,12,6.0,5.8,23.3,122.2,-2.8,4.5,2.3,5.0,0.3,0.4,1.4,0.9,0.5,0.9,62692.0,3.6,437.0,-4.8,-5.6,0.014,10967.0,0.5,10.0,0.6,0.9,0.003,1.21,-0.13,0.79,6.9,5.3,0.0249,27,0,-27,12,68.1,379,-307,73,1.3,0.006063,999999.99,99999.99,99999.99,0.28,0.19,0.14,-1,2019-09-30 16:00:00
2019,273,17,2539,51,52,65,24,6.1,5.5,60.4,138.0,-2.0,1.8,4.8,3.4,3.8,0.3,2.7,2.2,1.1,1.2,62099.0,3.9,446.0,-3.1,-7.8,0.017,19496.0,0.8,20.0,1.1,1.3,0.002,1.38,-1.69,0.83,7.2,5.5,0.0228,27,0,-20,12,68.1,140,-110,30,0.1,0.006063,999999.99,99999.99,99999.99,0.28,0.18,0.14,-1,2019-09-30 17:00:00
2019,273,18,2539,51,52,58,17,4.9,3.0,49.4,114.3,-0.8,1.8,2.3,2.4,1.6,0.6,3.9,1.2,1.9,3.1,110784.0,7.0,459.0,-2.2,-6.8,0.012,8188.0,0.9,5.0,0.8,1.8,0.001,2.58,-0.73,2.9,12.4,6.6,0.0077,13,0,-12,5,68.1,87,-35,53,0.4,0.006063,999999.99,99999.99,99999.99,0.29,0.19,0.13,-1,2019-09-30 18:00:00
2019,273,19,2539,51,52,60,18,4.8,4.1,32.8,121.2,-1.8,2.9,2.2,3.4,1.3,0.2,2.5,1.0,1.8,1.4,110033.0,7.3,453.0,-2.6,-7.2,0.012,8101.0,0.4,3.0,0.6,0.6,0.001,2.62,-0.59,3.14,12.7,6.6,0.0073,13,0,-11,5,68.1,48,-20,28,0.1,0.006063,999999.99,99999.99,99999.99,0.26,0.18,0.13,-1,2019-09-30 19:00:00
2019,273,20,2539,51,52,59,17,5.3,4.5,10.7,134.6,-3.1,3.1,0.8,3.2,-0.0,0.3,2.6,1.2,0.7,2.2,114536.0,7.6,444.0,-2.9,-7.1,0.015,11565.0,0.3,12.0,0.3,1.1,0.003,2.65,0.0,2.73,11.5,6.3,0.0089,13,0,-13,5,68.1,82,-52,30,0.5,0.006063,999999.99,99999.99,99999.99,0.29,0.19,0.14,-1,2019-09-30 20:00:00
2019,273,21,2539,51,52,60,36,6.0,5.3,7.3,129.6,-3.3,4.0,0.7,4.0,-0.3,0.6,2.8,0.8,1.4,2.3,102801.0,7.1,442.0,-3.6,-6.7,0.013,10190.0,0.8,5.0,0.7,1.6,0.002,2.44,0.13,1.9,9.8,6.0,0.0123,23,0,-16,9,68.1,190,-150,40,0.6,0.006063,999999.99,99999.99,99999.99,0.28,0.18,0.13,-1,2019-09-30 21:00:00
2019,273,22,2539,51,52,58,34,6.7,6.2,29.5,130.9,-3.5,4.1,3.1,4.7,2.0,0.2,2.4,1.5,1.3,1.4,76881.0,6.1,437.0,-4.1,-7.1,0.013,17911.0,1.2,9.0,0.8,0.9,0.003,2.05,-0.87,1.16,8.1,5.7,0.0183,23,0,-19,9,68.1,120,-84,36,0.3,0.006063,999999.99,99999.99,99999.99,0.29,0.19,0.13,-1,2019-09-30 22:00:00
2019,273,23,2539,51,52,62,38,6.6,6.1,34.9,165.0,-4.8,1.3,3.5,2.1,3.1,0.5,2.3,0.5,1.6,1.6,68364.0,4.4,428.0,-2.9,-6.6,0.021,27792.0,0.8,6.0,2.0,1.8,0.008,1.46,-1.33,0.83,6.8,5.2,0.0257,23,0,-16,9,68.1,58,-20,39,0.0,0.006063,999999.99,99999.99,99999.99,0.28,0.16,0.12,-1,2019-09-30 23:00:00
2019,274,0,2539,51,52,60,35,5.3,4.1,86.8,205.5,-0.2,-0.1,4.1,1.0,4.0,0.8,3.3,2.0,1.0,2.4,111622.0,5.5,470.0,-0.0,-7.6,0.016,30012.0,0.5,15.0,1.0,1.7,0.004,2.16,-1.88,1.95,10.4,6.3,0.011,33,7,-12,18,68.8,64,-24,40,0.4,0.006081,999999.99,99999.99,99999.99,0.31,0.19,0.13,-1,2019-10-01 00:00:00
2019,274,1,2539,51,52,64,39,5.0,4.0,-17.6,118.0,-1.8,3.4,-1.2,2.9,-2.1,1.4,3.1,1.1,2.4,1.6,145926.0,4.6,474.0,0.9,-2.2,0.019,44013.0,1.1,11.0,1.8,1.9,0.005,1.86,1.0,2.1,10.2,6.1,0.0115,33,7,-14,18,68.8,146,-83,63,0.8,0.006081,999999.99,99999.99,99999.99,0.26,0.17,0.13,-1,2019-10-01 01:00:00
2019,274,2,2539,51,52,58,33,6.5,6.2,-44.0,123.6,-2.5,3.7,-4.3,2.2,-5.2,0.2,1.8,0.8,1.1,1.2,133679.0,4.0,465.0,1.7,0.4,0.019,15147.0,0.2,6.0,1.0,0.8,0.003,1.55,2.42,1.03,7.2,5.2,0.0232,33,7,-24,18,68.8,483,-360,123,2.6,0.006081,999999.99,99999.99,99999.99,0.28,0.19,0.15,-1,2019-10-01 02:00:00
2019,274,3,2539,51,52,62,37,6.1,5.6,-42.6,136.0,-3.0,2.9,-3.8,1.4,-4.6,0.5,2.4,1.3,1.8,1.0,137515.0,3.5,461.0,2.3,0.0,0.027,29321.0,0.6,14.0,1.9,1.9,0.002,1.38,2.12,1.04,7.1,5.1,0.0238,40,7,-29,27,68.8,606,-408,198,4.3,0.006081,999999.99,99999.99,99999.99,0.3,0.19,0.14,-1,2019-10-01 03:00:00
2019,274,4,2539,51,52,61,37,4.6,3.9,-22.7,147.3,-3.1,2.0,-1.5,1.3,-2.2,0.5,2.2,0.8,1.3,1.5,218345.0,4.0,477.0,3.0,-3.8,0.038,27066.0,0.4,7.0,0.6,1.5,0.007,1.75,1.05,2.73,10.4,5.7,0.0111,40,7,-33,27,68.8,450,-319,130,2.8,0.006081,999999.99,99999.99,99999.99,0.3,0.17,0.13,-1,2019-10-01 04:00:00
2019,274,5,2539,51,52,60,37,6.2,4.8,-25.2,95.8,-0.4,4.4,-2.1,3.1,-3.8,0.7,3.8,1.2,2.0,3.1,152538.0,3.8,492.0,0.2,-2.2,0.02,47033.0,0.6,11.0,2.1,2.8,0.01,1.66,1.87,1.16,7.7,5.5,0.0199,40,7,-35,27,68.8,373,-237,136,2.9,0.006081,999999.99,99999.99,99999.99,0.3,0.19,0.14,-1,2019-10-01 05:00:00
2019,274,6,2539,51,52,59,33,6.6,6.3,-1.3,99.7,-1.1,6.2,-0.1,5.4,-3.0,0.2,1.9,0.5,0.5,1.8,120637.0,3.6,482.0,-1.6,-4.2,9.999,11134.0,0.3,5.0,0.5,1.7,9.999,1.67,1.45,0.86,6.9,5.3,0.0248,30,7,-43,15,68.8,562,-346,216,3.8,0.006081,999999.99,99999.99,99999.99,0.28,0.17,0.13,-1,2019-10-01 06:00:00
2019,274,7,2539,51,52,60,34,5.9,5.1,17.2,110.9,-1.8,4.6,1.5,4.7,-1.0,0.1,2.6,0.9,0.8,2.4,131699.0,3.5,474.0,-0.5,-5.4,0.013,15293.0,0.3,8.0,1.3,2.5,0.004,1.38,0.47,1.09,7.5,5.4,0.0211,30,7,-43,15,68.8,364,-253,110,2.8,0.006081,999999.99,99999.99,99999.99,0.27,0.18,0.12,-1,2019-10-01 07:00:00
2019,274,8,2539,51,52,60,36,5.7,5.4,1.3,93.1,-0.3,5.4,0.1,4.7,-2.7,0.2,1.6,1.1,0.4,1.1,129325.0,3.1,483.0,-1.4,-4.1,0.014,19583.0,0.4,10.0,0.6,1.2,0.003,1.28,1.3,1.02,7.5,5.4,0.0214,30,7,-41,15,68.8,330,-241,89,2.6,0.006081,999999.99,99999.99,99999.99,0.27,0.18,0.13,-1,2019-10-01 08:00:00
2019,274,9,2539,51,52,60,32,4.9,4.6,18.8,160.1,-4.1,1.5,1.5,2.1,0.5,0.5,1.8,0.8,1.4,0.8,97142.0,2.2,480.0,1.3,-3.6,9.999,27932.0,0.6,6.0,1.5,0.8,9.999,1.01,-0.24,0.86,7.3,5.5,0.0225,23,7,-41,9,68.8,276,-182,94,2.2,0.006081,999999.99,99999.99,99999.99,0.28,0.18,0.14,-1,2019-10-01 09:00:00
2019,274,10,2539,51,52,60,32,4.7,4.4,-13.2,160.3,-4.0,1.4,-1.0,0.6,-1.6,0.4,1.7,1.1,1.1,0.7,88896.0,2.2,474.0,0.9,-1.6,0.02,18069.0,0.4,8.0,1.7,0.9,0.002,0.89,0.76,0.9,7.5,5.6,0.0213,23,7,-39,9,68.8,465,-327,138,2.3,0.006081,999999.99,99999.99,99999.99,0.27,0.18,0.13,-1,2019-10-01 10:00:00
2019,274,11,2539,51,52,60,35,4.6,4.4,7.7,162.6,-4.2,1.3,0.6,1.4,-0.2,0.3,1.2,0.3,0.8,0.8,83875.0,2.0,472.0,0.7,-2.7,0.024,12723.0,0.4,6.0,1.0,1.0,0.003,0.82,0.09,0.83,7.3,5.5,0.0226,23,7,-38,9,68.8,324,-234,90,1.6,0.006081,999999.99,99999.99,99999.99,0.28,0.18,0.13,-1,2019-10-01 11:00:00
2019,274,12,2539,51,52,59,36,4.3,4.0,7.3,183.0,-4.0,-0.2,0.5,0.1,0.5,0.3,1.3,0.3,1.2,0.5,77652.0,1.8,470.0,3.3,-2.1,0.027,16414.0,0.4,9.0,2.0,0.7,0.003,0.74,-0.23,0.83,7.3,5.6,0.0221,10,7,-35,4,68.8,87,-44,43,0.4,0.006081,999999.99,99999.99,99999.99,0.29,0.16,0.12,-1,2019-10-01 12:00:00
2019,274,13,2539,51,52,61,37,3.9,3.7,7.1,177.2,-3.7,0.2,0.5,0.4,0.3,0.1,1.2,0.2,0.9,0.7,71339.0,1.8,469.0,1.5,-2.2,0.026,10422.0,0.3,5.0,2.0,1.2,0.004,0.73,-0.14,0.98,8.1,5.9,0.0183,10,7,-34,4,68.8,58,-31,27,0.7,0.006081,999999.99,99999.99,99999.99,0.28,0.18,0.13,-1,2019-10-01 13:00:00
2019,274,14,2539,51,52,62,37,4.0,3.6,-2.0,165.1,-3.5,0.9,-0.1,0.7,-0.5,0.2,1.6,0.6,0.9,1.2,71437.0,1.9,482.0,-0.4,-0.7,0.027,11004.0,0.3,7.0,1.0,1.2,0.001,0.82,0.24,0.99,8.3,6.1,0.0172,10,7,-35,4,68.8,57,-42,15,0.8,0.006081,999999.99,99999.99,99999.99,0.26,0.18,0.14,-1,2019-10-01 14:00:00
2019,274,15,2539,51,52,61,36,4.1,4.1,-7.7,169.7,-4.0,0.7,-0.5,0.4,-0.8,0.1,0.5,0.1,0.4,0.4,67905.0,1.5,497.0,0.9,-2.3,0.03,14876.0,0.2,9.0,0.4,0.3,0.001,0.69,0.4,0.73,7.4,5.8,0.0216,7,7,-33,3,68.8,65,-57,8,0.4,0.006081,999999.99,99999.99,99999.99,0.24,0.17,0.12,-1,2019-10-01 15:00:00
2019,274,16,2539,51,52,59,33,4.3,4.3,-2.6,179.8,-4.3,0.0,-0.2,-0.1,-0.2,0.1,0.6,0.1,0.5,0.4,74363.0,1.4,495.0,0.6,-1.4,0.025,18100.0,0.2,4.0,0.7,0.7,0.0,0.63,0.1,0.64,6.8,5.5,0.0256,7,7,-31,3,68.8,82,-75,7,0.3,0.006081,999999.99,99999.99,99999.99,0.3,0.19,0.14,-1,2019-10-01 16:00:00
2019,274,17,2539,51,52,59,34,4.3,4.3,0.5,176.8,-4.3,0.2,0.0,0.2,-0.1,0.1,0.2,0.1,0.1,0.1,97103.0,1.6,489.0,0.3,-1.8,0.025,27779.0,0.1,6.0,0.3,0.3,0.005,0.7,0.05,0.81,7.2,5.5,0.023,7,7,-30,3,68.8,61,-54,7,0.5,0.006081,999999.99,99999.99,99999.99,0.26,0.19,0.13,-1,2019-10-01 17:00:00
2019,274,18,2539,51,52,62,37,4.1,3.5,-12.3,163.8,-3.3,1.0,-0.7,0.7,-1.0,0.2,2.2,1.7,1.0,0.8,80563.0,1.8,488.0,-0.3,-1.2,0.025,14821.0,0.5,14.0,1.3,1.0,0.003,0.79,0.49,0.93,8.0,5.9,0.0187,7,7,-26,3,68.8,58,-44,14,0.4,0.006081,999999.99,99999.99,99999.99,0.27,0.18,0.13,-1,2019-10-01 18:00:00
2019,274,19,2539,51,52,57,34,3.8,3.4,-38.4,118.9,-1.3,2.3,-2.1,1.6,-2.7,0.2,1.7,1.5,0.6,0.5,70421.0,2.5,490.0,-2.4,0.7,0.021,13556.0,0.4,17.0,0.7,0.5,0.003,1.09,1.32,1.43,10.2,6.8,0.0114,7,7,-23,3,68.8,59,-44,15,0.5,0.006081,999999.99,99999.99,99999.99,0.26,0.18,0.13,-1,2019-10-01 19:00:00
2019,274,20,2539,51,52,60,35,3.7,3.5,-17.7,153.1,-3.0,1.5,-1.1,1.2,-1.5,0.1,1.1,0.7,0.6,0.5,66257.0,2.1,466.0,-1.5,-0.3,0.026,16843.0,0.4,12.0,1.0,0.9,0.003,0.84,0.7,1.24,9.1,6.3,0.0143,7,7,-23,3,68.8,79,-57,22,0.5,0.006081,999999.99,99999.99,99999.99,0.32,0.19,0.14,-1,2019-10-01 20:00:00
2019,274,21,2539,51,52,60,37,3.9,3.5,-24.8,147.4,-2.7,1.7,-1.5,1.3,-1.9,0.3,1.6,1.0,1.0,0.5,68864.0,2.1,473.0,-1.4,0.2,0.024,21232.0,0.4,14.0,1.1,0.8,0.003,0.86,0.9,1.13,8.8,6.2,0.0154,13,7,-24,5,68.8,67,-43,24,0.4,0.006081,999999.99,99999.99,99999.99,0.32,0.2,0.14,-1,2019-10-01 21:00:00
2019,274,22,2539,51,52,64,38,4.2,3.6,-34.7,119.9,-1.5,2.6,-2.0,2.0,-2.6,0.2,2.1,1.9,0.5,0.8,94601.0,2.7,488.0,-1.4,0.1,0.023,11672.0,0.3,10.0,0.5,0.8,0.002,1.17,1.27,1.42,9.5,6.4,0.0131,13,7,-20,5,68.8,58,-30,28,0.3,0.006081,999999.99,99999.99,99999.99,0.31,0.19,0.14,-1,2019-10-01 22:00:00
2019,274,23,2539,51,52,57,34,3.5,3.0,-17.6,83.0,0.3,2.8,-0.9,2.5,-1.5,0.4,1.8,1.6,0.6,0.6,96166.0,3.0,490.0,-0.9,-1.1,0.026,15076.0,0.3,8.0,1.0,0.4,0.003,1.33,0.73,2.29,12.1,7.0,0.0081,13,7,-16,5,68.8,111,-63,48,0.8,0.006081,999999.99,99999.99,99999.99,0.29,0.18,0.14,-1,2019-10-01 23:00:00
2019,275,0,2539,51,52,58,33,3.9,3.7,-32.1,50.8,2.0,2.4,-2.0,1.8,-2.5,0.3,1.3,1.0,0.6,0.6,81893.0,3.2,485.0,-0.1,-0.8,0.023,9274.0,0.2,3.0,0.7,0.4,0.002,1.37,1.21,1.84,11.1,6.9,0.0096,30,6,-20,15,68.4,303,-230,73,2.6,0.00608,999999.99,99999.99,99999.99,0.27,0.18,0.13,-1,2019-10-02 00:00:00
2019,275,1,2539,51,52,59,35,4.3,4.1,-12.3,151.3,-3.5,1.9,-0.9,1.6,-1.4,0.2,1.3,0.6,0.9,0.7,62221.0,2.1,449.0,-1.4,-1.2,0.028,23612.0,0.6,11.0,1.7,1.1,0.003,0.79,0.63,0.9,7.6,5.7,0.0208,30,6,-23,15,68.4,108,-75,33,1.6,0.00608,999999.99,99999.99,99999.99,0.29,0.18,0.13,-1,2019-10-02 01:00:00
2019,275,2,2539,51,52,62,35,4.6,4.3,4.3,165.7,-4.1,1.1,0.3,1.1,-0.1,0.5,1.6,0.8,0.9,1.0,98683.0,2.3,466.0,0.0,-2.8,0.028,22225.0,0.4,9.0,0.8,0.7,0.002,0.93,0.05,1.03,7.7,5.6,0.0202,30,6,-20,15,68.4,42,-3,39,-0.4,0.00608,999999.99,99999.99,99999.99,0.28,0.17,0.13,-1,2019-10-02 02:00:00
2019,275,3,2539,51,52,59,34,5.0,5.0,7.7,171.5,-4.9,0.7,0.7,0.9,0.4,0.2,0.4,0.1,0.3,0.3,44623.0,1.6,467.0,0.4,-2.1,0.036,12810.0,0.3,9.0,0.5,0.5,0.005,0.67,-0.19,0.46,5.9,5.0,0.0341,0,6,-19,0,68.4,30,-6,24,-0.2,0.00608,999999.99,99999.99,99999.99,0.3,0.19,0.13,-1,2019-10-02 03:00:00
2019,275,4,2539,51,52,60,34,4.7,4.6,3.9,172.6,-4.6,0.6,0.3,0.7,0.0,0.1,0.5,0.2,0.4,0.4,45325.0,1.6,461.0,0.4,-2.1,0.03,8362.0,0.3,7.0,0.5,0.6,0.003,0.64,-0.0,0.52,6.2,5.1,0.0309,0,6,-20,0,68.4,27,-9,18,-0.3,0.00608,999999.99,99999.99,99999.99,0.28,0.19,0.15,-1,2019-10-02 04:00:00
2019,275,5,2539,51,52,60,34,4.9,4.8,7.8,174.3,-4.8,0.5,0.6,0.7,0.3,0.1,0.8,0.1,0.6,0.5,40616.0,1.3,457.0,0.4,-3.1,0.031,10216.0,0.3,6.0,1.0,0.8,0.006,0.51,-0.14,0.38,5.3,4.6,0.0421,0,6,-19,0,68.4,24,-8,16,-0.3,0.00608,999999.99,99999.99,99999.99,0.27,0.17,0.13,-1,2019-10-02 05:00:00
2019,275,6,2539,51,52,60,35,5.0,5.0,10.7,177.0,-4.9,0.3,0.9,0.7,0.7,0.1,0.7,0.1,0.6,0.4,46878.0,1.6,459.0,0.4,-3.1,0.031,14406.0,0.2,4.0,0.9,0.6,0.006,0.63,-0.32,0.47,5.8,4.9,0.0353,0,6,-18,0,68.4,29,-12,18,-0.2,0.00608,999999.99,99999.99,99999.99,0.27,0.18,0.14,-1,2019-10-02 06:00:00
2019,275,7,2539,51,52,60,35,5.2,5.1,14.0,164.7,-4.8,1.3,1.2,1.7,0.4,0.1,0.8,0.2,0.5,0.5,54290.0,1.8,466.0,-1.0,-3.0,0.033,17830.0,0.4,9.0,0.8,1.1,0.002,0.74,-0.19,0.51,6.0,5.0,0.0329,0,6,-16,0,68.4,34,-16,18,-0.1,0.00608,999999.99,99999.99,99999.99,0.32,0.19,0.14,-1,2019-10-02 07:00:00
2019,275,8,2539,51,52,60,37,5.3,5.2,15.2,155.3,-4.6,2.1,1.4,2.5,0.1,0.1,1.0,0.4,0.7,0.4,72296.0,2.1,468.0,-1.3,-2.8,0.032,16085.0,0.4,10.0,0.6,0.6,0.003,0.87,-0.05,0.62,6.4,5.2,0.0291,0,6,-15,0,68.4,55,-16,39,0.2,0.00608,999999.99,99999.99,99999.99,0.3,0.18,0.13,-1,2019-10-02 08:00:00
2019,275,9,2539,51,52,58,29,5.3,5.3,16.7,166.5,-4.9,1.2,1.5,1.8,0.6,0.1,0.5,0.1,0.3,0.3,58541.0,1.7,456.0,-0.9,-2.8,0.033,14071.0,0.4,10.0,0.5,0.6,0.002,0.67,-0.27,0.47,5.6,4.7,0.0378,20,6,-15,7,68.4,47,-24,23,0.2,0.00608,999999.99,99999.99,99999.99,0.3,0.18,0.14,-1,2019-10-02 09:00:00
2019,275,10,2539,51,52,63,35,4.8,4.6,6.4,155.8,-4.1,1.9,0.5,1.9,-0.6,0.4,1.5,0.8,0.9,0.9,74958.0,2.1,459.0,-0.5,-1.2,0.035,31864.0,0.6,13.0,1.0,0.7,0.005,0.84,0.28,0.77,6.9,5.4,0.0248,20,6,-16,7,68.4,63,-42,21,0.5,0.00608,999999.99,99999.99,99999.99,0.28,0.19,0.14,-1,2019-10-02 10:00:00
2019,275,11,2539,51,52,62,37,4.7,4.1,-19.1,113.9,-1.6,3.6,-1.4,2.3,-3.1,0.2,2.1,1.2,0.9,1.4,124032.0,3.2,502.0,-2.3,-0.1,0.033,30872.0,0.6,16.0,0.8,1.5,0.005,1.52,1.56,1.52,9.6,6.3,0.013,20,6,-15,7,68.4,324,-251,72,1.6,0.00608,999999.99,99999.99,99999.99,0.3,0.19,0.14,-1,2019-10-02 11:00:00
2019,275,12,2539,51,52,60,35,4.8,3.5,-28.9,162.3,-2.9,0.9,-1.7,-0.1,-1.9,0.2,3.1,1.3,1.2,2.5,152050.0,4.0,501.0,0.7,-0.9,0.039,14207.0,0.3,12.0,1.2,1.8,0.007,1.94,0.95,2.03,10.4,6.3,0.0109,27,6,-16,12,68.4,321,-256,65,1.8,0.00608,999999.99,99999.99,99999.99,0.28,0.18,0.14,-1,2019-10-02 12:00:00
2019,275,13,2539,51,52,60,36,5.1,4.7,-22.7,115.3,-1.9,3.9,-1.8,2.5,-3.5,0.2,1.9,0.6,0.5,1.8,138038.0,4.3,504.0,-2.3,-1.1,0.028,11067.0,0.2,6.0,0.5,1.4,0.003,2.03,1.76,1.83,10.2,6.4,0.0113,27,6,-18,12,68.4,289,-242,47,2.1,0.00608,999999.99,99999.99,99999.99,0.28,0.18,0.13,-1,2019-10-02 13:00:00
2019,275,14,2539,51,52,60,37,4.6,4.2,33.6,114.4,-1.5,3.2,2.3,3.9,0.5,0.2,1.7,0.9,0.5,1.3,116481.0,3.6,499.0,-2.6,-5.0,0.028,15593.0,0.3,7.0,0.5,1.0,0.004,1.66,-0.25,1.73,10.3,6.5,0.0112,27,6,-18,12,68.4,227,-152,76,1.1,0.00608,999999.99,99999.99,99999.99,0.28,0.18,0.14,-1,2019-10-02 14:00:00
2019,275,15,2539,51,52,57,18,3.7,3.3,9.0,147.5,-2.7,1.7,0.5,1.7,-0.3,0.3,1.7,1.0,0.5,1.3,124705.0,3.2,490.0,-1.0,-3.4,0.033,9751.0,0.2,9.0,0.7,1.0,0.004,1.45,0.15,2.46,11.8,6.7,0.0085,10,6,-18,4,68.4,127,-80,47,0.5,0.00608,999999.99,99999.99,99999.99,0.28,0.18,0.13,-1,2019-10-02 15:00:00
2019,275,16,2539,51,52,62,14,4.1,3.8,12.7,187.3,-3.7,-0.5,0.8,-0.1,0.9,0.2,1.5,0.3,0.9,1.2,75892.0,2.2,471.0,0.8,-3.9,0.03,20749.0,0.5,9.0,1.4,1.8,0.003,0.91,-0.42,1.11,8.5,6.1,0.0164,10,6,-17,4,68.4,53,-31,22,0.4,0.00608,999999.99,99999.99,99999.99,0.27,0.18,0.13,-1,2019-10-02 16:00:00
2019,275,17,2539,51,52,59,16,4.1,3.8,26.7,172.3,-3.3,0.5,1.7,1.1,1.4,0.3,1.5,0.7,1.0,0.8,83147.0,2.5,478.0,-0.5,-5.0,0.029,15332.0,0.5,9.0,1.1,1.0,0.002,1.06,-0.67,1.31,9.2,6.3,0.014,10,6,-17,4,68.4,51,-39,12,1.2,0.00608,999999.99,99999.99,99999.99,0.27,0.19,0.14,-1,2019-10-02 17:00:00
2019,275,18,2539,51,52,59,24,4.7,4.5,17.1,166.0,-4.2,1.0,1.3,1.4,0.9,0.3,1.6,0.8,1.0,0.9,81332.0,2.6,475.0,-0.5,-3.6,0.028,15181.0,0.3,7.0,1.0,1.1,0.002,1.09,-0.43,1.03,8.1,5.9,0.0179,10,6,-14,4,68.4,79,-63,17,0.6,0.00608,999999.99,99999.99,99999.99,0.3,0.18,0.14,-1,2019-10-02 18:00:00
2019,275,19,2539,51,52,61,18,5.1,5.0,14.6,198.9,-4.5,-1.6,1.3,-1.2,1.7,0.1,1.1,0.3,0.6,0.9,77677.0,2.2,472.0,1.3,-3.3,0.033,16492.0,0.4,7.0,0.5,0.9,0.005,0.93,-0.8,0.72,6.9,5.4,0.0252,10,6,-11,4,68.4,89,-78,11,0.1,0.00608,999999.99,99999.99,99999.99,0.28,0.18,0.13,-1,2019-10-02 19:00:00
2019,275,20,2539,51,52,59,8,3.7,2.6,-13.8,152.8,-2.2,1.1,-0.6,0.9,-0.9,0.7,2.8,1.1,2.3,1.2,122230.0,3.1,486.0,1.3,-0.8,0.056,14079.0,0.2,8.0,1.0,0.4,0.007,1.5,0.44,2.36,11.6,6.6,0.0089,10,6,-9,4,68.4,61,-34,27,0.6,0.00608,999999.99,99999.99,99999.99,0.27,0.18,0.13,-1,2019-10-02 20:00:00
2019,275,21,2539,51,52,60,15,4.8,4.6,8.3,126.5,-2.7,3.7,0.7,3.8,-0.2,0.2,1.1,0.6,0.3,0.8,95339.0,3.1,471.0,1.2,-1.7,0.049,4426.0,0.1,3.0,0.3,0.3,0.003,1.37,0.09,1.25,8.6,6.0,0.0159,23,6,-13,9,68.4,165,-132,34,0.8,0.00608,999999.99,99999.99,99999.99,0.25,0.17,0.13,-1,2019-10-02 21:00:00
2019,275,22,2539,51,52,60,24,3.7,3.1,12.8,180.8,-3.1,0.0,0.7,0.2,0.7,0.5,2.0,0.6,1.3,1.3,117460.0,3.8,475.0,2.8,-1.3,0.06,11656.0,0.3,3.0,0.6,0.6,0.005,1.78,-0.33,2.84,12.5,6.7,0.0076,23,6,-13,9,68.4,158,-122,36,1.0,0.00608,999999.99,99999.99,99999.99,0.28,0.18,0.13,-1,2019-10-02 22:00:00
2019,275,23,2539,51,52,59,21,3.7,3.2,-26.7,227.5,-1.9,-2.1,-1.4,-2.4,-0.9,0.2,1.8,1.2,1.0,0.9,115494.0,3.7,479.0,3.1,-1.0,0.058,21518.0,0.4,5.0,0.7,0.6,0.006,1.75,0.43,2.74,12.5,6.8,0.0077,23,6,-14,9,68.4,88,-54,34,0.6,0.00608,999999.99,99999.99,99999.99,0.31,0.19,0.13,-1,2019-10-02 23:00:00
2019,276,0,2539,51,52,61,12,3.7,3.2,14.3,189.9,-3.0,-0.5,0.8,-0.3,0.9,0.4,1.8,0.6,1.5,0.7,116204.0,3.9,460.0,1.6,-1.7,0.059,11567.0,0.2,12.0,0.9,0.2,0.006,1.7,-0.41,2.9,12.3,6.6,0.0079,17,0,-11,6,68.3,71,-35,36,0.3,0.006094,999999.99,99999.99,99999.99,0.29,0.18,0.14,-1,2019-10-03 00:00:00
2019,276,1,2539,51,52,63,21,3.5,2.9,-8.7,129.9,-1.8,2.2,-0.4,2.0,-1.0,0.5,1.9,0.8,1.3,1.2,99702.0,3.4,475.0,0.0,-1.6,0.048,10163.0,0.3,10.0,0.8,0.8,0.008,1.53,0.47,2.63,12.5,6.9,0.0076,17,0,-9,6,68.3,116,-73,43,0.9,0.006094,999999.99,99999.99,99999.99,0.27,0.18,0.13,-1,2019-10-03 01:00:00
2019,276,2,2539,51,52,56,22,3.5,3.1,22.2,147.2,-2.4,1.6,1.2,1.9,0.6,0.3,1.6,0.6,0.4,1.4,101559.0,3.4,476.0,0.1,-2.2,0.033,10380.0,0.3,6.0,0.5,1.1,0.002,1.46,-0.29,2.65,12.5,6.9,0.0076,17,0,-12,6,68.3,67,-30,37,0.7,0.006094,999999.99,99999.99,99999.99,0.28,0.18,0.13,-1,2019-10-03 02:00:00
2019,276,3,2539,51,52,61,20,3.6,3.4,16.7,168.6,-3.2,0.6,1.0,0.9,0.7,0.8,1.5,1.0,1.0,0.6,80605.0,3.1,461.0,-0.2,-2.3,0.029,9867.0,0.2,6.0,0.5,0.6,0.002,1.23,-0.32,2.08,11.3,6.7,0.0094,13,0,-15,5,68.3,42,-10,32,0.3,0.006094,999999.99,99999.99,99999.99,0.3,0.18,0.13,-1,2019-10-03 03:00:00
2019,276,4,2539,51,52,60,5,3.6,3.6,-10.4,197.1,-3.4,-1.0,-0.7,-1.2,-0.3,0.6,0.7,0.5,0.4,0.3,90199.0,2.2,498.0,1.5,-0.5,0.045,4550.0,1.0,80.0,0.5,0.2,0.004,1.08,0.15,1.54,10.3,6.7,0.0113,13,0,-15,5,68.3,50,-7,43,0.3,0.006094,999999.99,99999.99,99999.99,0.29,0.19,0.14,-1,2019-10-03 04:00:00
2019,276,5,2539,51,52,59,13,3.8,3.4,-14.2,184.6,-3.3,-0.3,-0.8,-0.6,-0.6,0.4,1.9,0.7,1.7,0.5,68321.0,2.3,463.0,-0.3,-0.5,0.042,9478.0,0.4,3.0,0.5,0.4,0.003,0.96,0.28,1.3,9.2,6.3,0.0139,13,0,-17,5,68.3,86,-47,39,0.4,0.006094,999999.99,99999.99,99999.99,0.27,0.18,0.13,-1,2019-10-03 05:00:00
2019,276,6,2539,51,52,58,17,3.5,3.3,-9.2,154.0,-2.9,1.4,-0.5,1.0,-1.1,0.2,1.0,0.5,0.8,0.2,64790.0,2.5,450.0,-0.6,-0.5,0.037,15876.0,0.3,12.0,0.3,0.5,0.009,0.97,0.5,1.64,10.2,6.5,0.0115,10,0,-19,4,68.3,174,-138,36,0.7,0.006094,999999.99,99999.99,99999.99,0.31,0.19,0.13,-1,2019-10-03 06:00:00
2019,276,7,2539,51,52,58,22,3.8,3.8,-10.1,175.6,-3.7,0.3,-0.7,-0.1,-0.8,0.1,0.5,0.1,0.4,0.3,65756.0,3.0,425.0,-0.6,0.4,0.027,9574.0,0.3,6.0,0.2,0.3,0.003,1.0,0.34,1.68,9.7,6.2,0.0127,10,0,-16,4,68.3,190,-112,78,0.6,0.006094,999999.99,99999.99,99999.99,0.28,0.19,0.14,-1,2019-10-03 07:00:00
2019,276,8,2539,51,52,59,9,3.9,3.9,6.0,167.3,-3.8,0.8,0.4,0.9,-0.1,0.1,0.4,0.1,0.3,0.2,87527.0,3.0,418.0,0.1,-0.1,0.028,59004.0,0.2,11.0,2.0,0.6,0.001,0.97,0.04,1.77,9.3,5.8,0.0138,10,0,-13,4,68.3,128,-70,58,0.8,0.006094,999999.99,99999.99,99999.99,0.28,0.17,0.13,-1,2019-10-03 08:00:00
2019,276,9,2539,51,52,60,20,3.9,3.9,4.2,173.7,-3.8,0.4,0.3,0.5,0.0,0.1,0.3,0.1,0.1,0.3,69301.0,2.8,417.0,-0.0,0.4,0.028,8158.0,0.2,2.0,0.2,0.5,0.003,0.9,-0.0,1.51,8.9,5.9,0.0149,10,0,-14,4,68.3,130,-92,37,0.6,0.006094,999999.99,99999.99,99999.99,0.31,0.19,0.13,-1,2019-10-03 09:00:00
2019,276,10,2539,51,52,58,27,3.6,3.6,-4.1,166.7,-3.5,0.8,-0.3,0.5,-0.7,0.2,0.5,0.2,0.4,0.1,56876.0,2.8,412.0,-0.1,1.7,0.028,3038.0,0.2,4.0,0.3,0.3,0.002,0.88,0.29,1.66,9.6,6.1,0.013,10,0,-14,4,68.3,56,-38,18,0.7,0.006094,999999.99,99999.99,99999.99,0.28,0.19,0.13,-1,2019-10-03 10:00:00
2019,276,11,2539,51,52,61,29,3.4,3.4,-2.3,165.6,-3.3,0.8,-0.1,0.6,-0.5,0.1,0.6,0.2,0.5,0.3,62927.0,3.1,406.0,-0.3,1.6,0.029,6742.0,0.2,3.0,0.4,0.3,0.003,0.95,0.2,2.13,10.5,6.2,0.0108,10,0,-16,4,68.3,60,-33,28,1.0,0.006094,999999.99,99999.99,99999.99,0.31,0.19,0.14,-1,2019-10-03 11:00:00
2019,276,12,2539,51,52,59,13,3.4,3.3,1.5,172.9,-3.3,0.4,0.1,0.4,-0.1,0.1,0.8,0.2,0.7,0.3,53351.0,3.2,401.0,-0.2,1.8,0.029,4087.0,0.2,2.0,0.4,0.1,0.001,0.96,0.04,2.09,10.5,6.3,0.0107,3,0,-17,2,68.3,57,-31,27,0.6,0.006094,999999.99,99999.99,99999.99,0.27,0.17,0.13,-1,2019-10-03 12:00:00
2019,276,13,2539,51,52,59,23,3.8,3.7,12.0,188.0,-3.6,-0.5,0.8,-0.0,0.9,0.2,0.6,0.2,0.2,0.6,69734.0,3.6,399.0,0.8,1.8,0.028,32085.0,0.3,5.0,1.9,0.5,0.003,1.06,-0.36,2.05,10.0,6.0,0.012,3,0,-17,2,68.3,47,-24,23,0.3,0.006094,999999.99,99999.99,99999.99,0.31,0.19,0.14,-1,2019-10-03 13:00:00
2019,276,14,2539,51,52,61,37,3.8,3.6,17.7,207.3,-3.1,-1.6,1.1,-0.9,1.7,0.2,0.9,0.2,0.8,0.5,73951.0,3.5,402.0,0.0,1.7,0.025,7350.0,0.2,4.0,0.3,0.3,0.004,1.04,-0.68,2.04,9.9,6.0,0.0121,3,0,-14,2,68.3,45,-23,22,0.3,0.006094,999999.99,99999.99,99999.99,0.28,0.18,0.13,-1,2019-10-03 14:00:00
2019,276,15,2539,51,52,60,36,3.5,3.4,26.5,176.6,-3.0,0.2,1.5,0.8,1.3,0.3,0.8,0.4,0.7,0.2,73629.0,4.0,407.0,0.6,1.7,0.019,6066.0,0.4,3.0,0.3,0.3,0.003,1.19,-0.53,2.74,11.6,6.3,0.0088,7,0,-11,3,68.3,41,-24,17,0.4,0.006094,999999.99,99999.99,99999.99,0.29,0.19,0.13,-1,2019-10-03 15:00:00
2019,276,16,2539,51,52,60,36,3.4,3.3,20.8,148.6,-2.6,1.6,1.2,1.9,0.5,0.2,0.9,0.3,0.5,0.7,72446.0,4.5,402.0,0.3,1.5,0.017,5066.0,0.2,1.0,0.2,0.3,0.001,1.3,-0.2,3.25,12.5,6.4,0.0076,7,0,-9,3,68.3,32,-22,10,0.7,0.006094,999999.99,99999.99,99999.99,0.29,0.18,0.13,-1,2019-10-03 16:00:00
2019,276,17,2539,51,52,60,36,3.8,3.6,8.0,156.2,-3.2,1.4,0.5,1.5,-0.0,0.2,1.2,0.3,0.6,1.0,71247.0,4.7,401.0,-0.1,1.0,0.016,3630.0,0.2,1.0,0.2,0.5,0.001,1.34,0.0,2.7,11.4,6.3,0.0091,7,0,-8,3,68.3,71,-55,16,0.7,0.006094,999999.99,99999.99,99999.99,0.29,0.19,0.14,-1,2019-10-03 17:00:00
2019,276,18,2539,51,52,61,37,3.8,3.7,14.3,154.4,-3.2,1.6,0.9,1.8,0.3,0.1,0.9,0.2,0.5,0.7,70872.0,4.8,403.0,-0.4,0.8,0.018,4309.0,0.1,3.0,0.7,0.5,0.002,1.4,-0.12,2.76,11.6,6.3,0.0088,13,0,-6,5,68.3,88,-72,16,0.4,0.006094,999999.99,99999.99,99999.99,0.27,0.18,0.13,-1,2019-10-03 18:00:00
2019,276,19,2539,51,52,62,36,4.0,3.9,18.5,132.1,-2.5,2.7,1.2,2.9,0.4,0.4,1.1,0.5,0.6,0.8,64686.0,5.1,413.0,-2.1,1.0,0.017,9341.0,1.1,4.0,1.0,0.5,0.003,1.55,-0.17,2.56,11.7,6.5,0.0088,13,0,-3,5,68.3,117,-98,19,0.5,0.006094,999999.99,99999.99,99999.99,0.3,0.2,0.14,-1,2019-10-03 19:00:00
2019,276,20,2539,51,52,60,36,1.9,1.7,30.8,140.7,-1.2,0.9,0.9,1.1,0.6,0.3,0.8,0.4,0.5,0.4,34894.0,11.0,421.0,0.6,1.1,0.009,3802.0,0.7,1.0,0.4,0.3,0.001,3.37,-0.25,20.69,36.7,8.5,0.0009,13,0,3,5,68.3,80,-55,26,0.2,0.006094,999999.99,99999.99,99999.99,0.29,0.19,0.14,-1,2019-10-03 20:00:00
2019,276,21,2539,51,52,60,36,2.1,2.0,16.6,143.0,-1.5,1.2,0.6,1.3,0.3,0.2,0.5,0.3,0.3,0.3,32416.0,10.8,421.0,0.2,0.7,0.008,1053.0,0.5,1.0,0.2,0.2,0.001,3.3,-0.13,16.38,32.9,8.5,0.0011,10,0,4,4,68.3,40,-13,27,0.1,0.006094,999999.99,99999.99,99999.99,0.27,0.18,0.14,-1,2019-10-03 21:00:00
2019,276,22,2539,51,52,59,36,2.3,2.2,3.8,148.7,-1.9,1.2,0.1,1.2,-0.2,0.1,0.7,0.2,0.3,0.6,30135.0,9.9,417.0,0.4,0.8,0.008,1528.0,0.2,2.0,0.3,0.2,0.0,2.97,0.08,12.34,28.5,8.4,0.0015,10,0,0,4,68.3,42,-17,25,0.2,0.006094,999999.99,99999.99,99999.99,0.26,0.17,0.13,-1,2019-10-03 22:00:00
2019,276,23,2539,51,52,60,36,2.5,2.4,-20.2,170.9,-2.2,0.4,-0.8,0.2,-0.9,0.1,0.6,0.1,0.5,0.3,27990.0,9.6,414.0,-0.6,0.9,0.008,2056.0,0.3,2.0,0.4,0.2,0.001,2.84,0.37,9.99,25.7,8.3,0.0018,10,0,-1,4,68.3,59,-31,28,0.3,0.006094,999999.99,99999.99,99999.99,0.29,0.17,0.13,-1,2019-10-03 23:00:00
2019,277,0,2539,51,52,58,32,2.3,2.3,-18.8,178.0,-2.1,0.1,-0.7,-0.1,-0.7,0.1,0.3,0.1,0.2,0.1,30862.0,9.7,408.0,-1.1,1.3,0.009,1858.0,0.2,3.0,0.1,0.2,0.001,2.79,0.29,12.15,27.6,8.2,0.0016,10,0,-1,4,68.1,55,-32,24,0.6,0.006121,999999.99,99999.99,99999.99,0.26,0.18,0.14,-1,2019-10-04 00:00:00
2019,277,1,2539,51,52,59,36,2.7,2.7,-13.5,171.7,-2.6,0.4,-0.6,0.2,-0.7,0.2,0.3,0.2,0.2,0.1,31095.0,9.8,405.0,-1.2,1.5,0.008,1531.0,0.2,1.0,0.1,0.1,0.001,2.77,0.28,8.92,23.5,8.0,0.0022,10,0,-1,4,68.1,42,-17,24,0.7,0.006121,999999.99,99999.99,99999.99,0.29,0.2,0.14,-1,2019-10-04 01:00:00
2019,277,2,2539,51,52,60,36,3.0,3.0,-5.3,176.0,-3.0,0.2,-0.3,0.1,-0.3,0.2,0.3,0.2,0.2,0.1,28921.0,11.6,399.0,-1.2,1.4,0.005,2094.0,0.5,1.0,0.1,0.1,0.0,3.15,0.12,8.43,22.6,7.9,0.0023,10,0,-3,4,68.1,35,-3,32,0.0,0.006121,999999.99,99999.99,99999.99,0.3,0.19,0.14,-1,2019-10-04 02:00:00
2019,277,3,2539,51,52,59,36,3.1,3.0,-1.1,169.9,-3.0,0.5,-0.1,0.4,-0.3,0.2,0.3,0.3,0.2,0.1,32871.0,13.6,399.0,-1.3,1.2,0.005,1862.0,1.0,1.0,0.1,0.1,0.0,3.69,0.12,9.49,23.7,7.8,0.0021,17,0,-2,6,68.1,46,-4,42,0.1,0.006121,999999.99,99999.99,99999.99,0.28,0.2,0.14,-1,2019-10-04 03:00:00
2019,277,4,2539,51,52,57,32,2.1,1.3,25.9,118.9,-0.6,1.1,0.6,1.2,0.1,0.3,1.6,1.1,1.0,0.8,28470.0,17.5,391.0,-0.7,1.7,0.006,1839.0,1.3,4.0,0.3,0.8,0.001,4.58,-0.04,25.89,38.9,8.1,0.0008,17,0,0,6,68.1,71,-23,48,0.3,0.006121,999999.99,99999.99,99999.99,0.31,0.18,0.13,-1,2019-10-04 04:00:00
2019,277,5,2539,51,52,62,37,3.3,2.9,35.8,63.7,1.0,2.1,1.7,2.6,0.6,1.0,1.8,0.7,1.4,0.9,34837.0,20.5,385.0,-0.0,2.4,0.006,2687.0,2.6,2.0,0.4,0.5,0.001,5.2,-0.23,12.78,26.4,7.6,0.0017,17,0,4,6,68.1,72,-14,58,0.3,0.006121,999999.99,99999.99,99999.99,0.29,0.18,0.12,-1,2019-10-04 05:00:00
2019,277,6,2539,51,52,59,36,4.7,2.7,-63.0,338.4,1.1,-0.5,-2.4,-1.6,-1.9,1.2,4.0,2.2,2.3,2.4,37228.0,26.8,394.0,-0.7,1.9,0.008,5609.0,4.7,4.0,0.5,0.9,0.003,7.17,0.75,8.36,21.7,7.6,0.0025,27,0,7,12,68.1,189,-112,77,1.4,0.006121,999999.99,99999.99,99999.99,0.3,0.19,0.14,-1,2019-10-04 06:00:00
2019,277,7,2539,51,52,60,37,7.4,6.6,-6.6,236.8,-3.6,-5.5,-0.8,-5.2,2.0,1.2,3.4,2.8,1.5,1.1,44660.0,20.1,393.0,-1.4,0.9,0.005,4690.0,2.8,6.0,0.4,0.3,0.002,5.29,-0.79,2.64,11.9,6.6,0.0084,27,0,-5,12,68.1,347,-242,106,1.8,0.006121,999999.99,99999.99,99999.99,0.27,0.18,0.13,-1,2019-10-04 07:00:00
2019,277,8,2539,51,52,58,33,7.5,6.9,1.9,254.5,-1.8,-6.6,0.2,-5.5,3.6,0.7,2.9,2.5,1.3,0.9,57474.0,16.7,388.0,-1.3,1.1,0.004,8450.0,4.2,2.0,1.0,0.4,0.001,4.27,-1.4,2.3,10.6,6.1,0.0106,27,0,-1,12,68.1,202,-104,97,1.2,0.006121,999999.99,99999.99,99999.99,0.26,0.18,0.13,-1,2019-10-04 08:00:00
2019,277,9,2539,51,52,61,37,8.4,7.8,18.8,271.3,0.2,-7.4,2.5,-4.9,6.1,0.2,2.8,2.3,0.6,1.4,58098.0,13.3,390.0,-2.3,1.9,0.006,6561.0,1.6,10.0,0.6,1.0,0.001,3.46,-2.38,1.46,8.5,5.6,0.0166,17,0,-1,6,68.1,72,-12,60,0.1,0.006121,999999.99,99999.99,99999.99,0.25,0.17,0.13,-1,2019-10-04 09:00:00
2019,277,10,2539,51,52,60,36,5.7,5.2,23.7,275.7,0.5,-4.7,2.1,-2.8,4.3,1.3,2.4,0.9,1.3,1.9,59667.0,20.0,391.0,-0.3,1.0,0.01,11586.0,3.9,5.0,0.9,1.1,0.003,5.31,-1.68,4.82,15.3,6.8,0.0051,17,0,9,6,68.1,65,-7,58,0.3,0.006121,999999.99,99999.99,99999.99,0.28,0.19,0.14,-1,2019-10-04 10:00:00
2019,277,11,2539,51,52,58,35,4.5,4.0,10.4,241.4,-1.9,-3.4,0.7,-2.5,2.4,1.2,2.4,1.4,1.6,1.1,41146.0,28.5,386.0,0.4,-0.4,0.017,3100.0,3.0,3.0,0.9,0.4,0.002,7.57,-0.93,9.92,22.9,7.4,0.0023,17,0,14,6,68.1,54,-14,40,0.6,0.006121,999999.99,99999.99,99999.99,0.3,0.19,0.14,-1,2019-10-04 11:00:00
2019,277,12,2539,51,52,60,34,5.2,2.3,30.6,230.8,-1.3,-1.6,1.2,-0.7,1.9,1.4,4.7,1.5,3.8,2.3,44107.0,23.8,383.0,-0.3,-3.0,0.016,7903.0,4.8,4.0,1.8,1.2,0.004,6.2,-0.73,6.32,18.0,7.1,0.0037,20,0,9,7,68.1,72,-22,50,0.9,0.006121,999999.99,99999.99,99999.99,0.28,0.19,0.13,-1,2019-10-04 12:00:00
2019,277,13,2539,51,52,60,37,5.4,4.9,6.6,196.2,-4.7,-1.4,0.6,-0.9,1.2,1.1,2.2,1.3,1.3,1.1,53325.0,16.5,386.0,1.6,-2.9,0.014,8679.0,2.4,7.0,0.6,0.7,0.006,4.34,-0.46,4.28,14.5,6.7,0.0056,20,0,1,7,68.1,57,-26,31,0.5,0.006121,999999.99,99999.99,99999.99,0.3,0.18,0.13,-1,2019-10-04 13:00:00
2019,277,14,2539,51,52,63,37,6.0,5.3,4.4,150.6,-4.6,2.6,0.4,2.5,-0.9,0.6,2.7,1.4,2.0,1.1,92234.0,8.2,406.0,0.9,-0.8,0.058,11144.0,1.8,8.0,1.5,0.6,0.012,2.78,0.37,2.09,9.7,5.8,0.0127,20,0,-4,7,68.1,50,-25,25,0.4,0.006121,999999.99,99999.99,99999.99,0.29,0.19,0.14,-1,2019-10-04 14:00:00
2019,277,15,2539,51,52,60,37,5.0,4.2,-2.9,132.5,-2.8,3.1,-0.2,2.7,-1.5,0.5,2.6,1.4,2.0,0.9,84811.0,7.7,404.0,1.1,0.0,0.058,10575.0,0.4,6.0,1.7,0.6,0.008,2.59,0.61,2.73,11.2,6.1,0.0095,20,0,-5,7,68.1,280,-203,77,0.9,0.006121,999999.99,99999.99,99999.99,0.25,0.16,0.13,-1,2019-10-04 15:00:00
2019,277,16,2539,51,52,63,38,4.1,2.6,-2.5,40.7,2.0,1.7,-0.1,1.5,-0.8,0.7,3.2,2.8,1.0,1.3,75909.0,6.6,427.0,0.6,0.6,0.043,10325.0,0.5,14.0,0.7,0.9,0.012,2.36,0.34,3.34,13.4,6.8,0.0066,20,0,-7,7,68.1,336,-267,68,0.9,0.006121,999999.99,99999.99,99999.99,0.28,0.17,0.13,-1,2019-10-04 16:00:00
2019,277,17,2539,51,52,61,36,3.9,3.8,-21.9,41.1,2.6,2.3,-1.4,1.6,-2.1,0.7,1.1,0.6,0.7,0.7,79314.0,6.6,424.0,0.6,0.5,0.043,7258.0,0.6,3.0,0.5,0.3,0.003,2.32,0.89,3.75,14.0,6.8,0.0061,20,0,-8,7,68.1,244,-191,53,0.8,0.006121,999999.99,99999.99,99999.99,0.27,0.18,0.14,-1,2019-10-04 17:00:00
2019,277,18,2539,51,52,58,36,4.0,2.2,18.4,144.1,-1.7,1.2,0.7,1.4,0.3,0.4,3.3,2.6,1.5,1.5,74519.0,6.1,422.0,1.1,0.2,0.04,8166.0,0.6,5.0,0.3,0.4,0.004,2.1,-0.13,3.22,13.0,6.7,0.007,17,0,-10,6,68.1,265,-216,49,1.1,0.006121,999999.99,99999.99,99999.99,0.27,0.18,0.13,-1,2019-10-04 18:00:00
2019,277,19,2539,51,52,60,36,4.1,4.1,15.9,188.3,-3.9,-0.6,1.1,-0.3,1.2,0.1,0.5,0.2,0.3,0.4,57030.0,4.6,418.0,1.7,-0.7,0.033,4068.0,0.3,2.0,0.3,0.3,0.003,1.52,-0.5,2.11,10.9,6.5,0.01,17,0,-14,6,68.1,137,-99,38,0.2,0.006121,999999.99,99999.99,99999.99,0.28,0.19,0.14,-1,2019-10-04 19:00:00
2019,277,20,2539,51,52,60,36,3.7,3.7,10.3,188.4,-3.6,-0.5,0.7,-0.3,0.8,0.3,0.5,0.3,0.3,0.3,60577.0,4.1,416.0,1.9,-1.0,0.037,6450.0,0.1,2.0,0.3,0.2,0.004,1.36,-0.33,2.35,11.4,6.5,0.0092,17,0,-16,6,68.1,44,-11,33,0.2,0.006121,999999.99,99999.99,99999.99,0.3,0.19,0.13,-1,2019-10-04 20:00:00
2019,277,21,2539,51,52,60,36,3.4,3.4,9.6,185.2,-3.4,-0.3,0.6,-0.1,0.7,0.1,0.2,0.1,0.1,0.2,61768.0,3.9,414.0,2.0,-0.2,0.04,2232.0,0.1,2.0,0.1,0.2,0.002,1.29,-0.29,2.67,12.0,6.6,0.0082,7,0,-17,3,68.1,33,-12,21,0.1,0.006121,999999.99,99999.99,99999.99,0.27,0.16,0.13,-1,2019-10-04 21:00:00
2019,277,22,2539,51,52,58,35,3.1,3.1,2.2,194.9,-3.0,-0.8,0.1,-0.8,0.3,0.1,0.4,0.2,0.4,0.2,70444.0,4.1,406.0,2.3,0.0,0.044,2593.0,0.1,2.0,0.3,0.2,0.002,1.33,-0.12,3.53,13.3,6.6,0.0068,7,0,-18,3,68.1,23,-7,16,0.0,0.006121,999999.99,99999.99,99999.99,0.27,0.19,0.14,-1,2019-10-04 22:00:00
2019,277,23,2539,51,52,61,37,3.2,3.1,9.6,168.8,-3.0,0.6,0.5,0.7,0.3,0.1,0.8,0.2,0.7,0.4,64929.0,3.8,404.0,2.6,0.8,0.041,7607.0,0.2,2.0,0.2,0.3,0.002,1.21,-0.12,2.98,12.3,6.5,0.0079,7,0,-17,3,68.1,24,-6,18,-0.0,0.006121,999999.99,99999.99,99999.99,0.28,0.18,0.13,-1,2019-10-04 23:00:00
2019,278,0,2539,51,52,59,34,2.7,2.2,7.6,156.4,-2.0,0.9,0.3,0.9,0.1,0.5,1.6,1.1,0.5,1.0,65010.0,3.8,403.0,2.7,1.2,0.043,5878.0,0.2,3.0,0.3,0.4,0.003,1.21,-0.04,4.19,14.5,6.8,0.0056,13,0,-13,5,67.8,48,-19,29,0.1,0.006092,999999.99,99999.99,99999.99,0.28,0.18,0.13,-1,2019-10-05 00:00:00
2019,278,1,2539,51,52,60,36,2.3,2.1,-45.5,18.5,1.4,0.5,-1.5,0.1,-1.6,0.5,1.1,0.6,0.5,0.7,62038.0,3.9,400.0,2.9,0.6,0.042,8089.0,0.2,2.0,0.3,0.3,0.003,1.22,0.64,5.84,17.2,7.0,0.004,13,0,-14,5,67.8,65,-34,30,0.8,0.006092,999999.99,99999.99,99999.99,0.29,0.19,0.14,-1,2019-10-05 01:00:00
2019,278,2,2539,51,52,61,36,2.0,1.1,-28.7,88.3,0.0,1.0,-0.5,0.8,-0.8,0.5,1.7,0.8,1.0,1.1,62215.0,3.7,401.0,2.9,0.7,0.042,5952.0,0.2,2.0,0.5,0.6,0.004,1.16,0.32,7.33,19.3,7.1,0.0032,13,0,-16,5,67.8,47,-21,26,0.5,0.006092,999999.99,99999.99,99999.99,0.28,0.18,0.13,-1,2019-10-05 02:00:00
2019,278,3,2539,51,52,58,36,2.2,1.9,-38.6,76.4,0.4,1.5,-1.2,1.0,-1.6,0.3,1.0,0.5,0.8,0.4,54556.0,3.8,397.0,2.8,1.0,0.039,3460.0,0.2,3.0,0.3,0.2,0.003,1.16,0.64,5.97,17.6,7.1,0.0038,13,0,-16,5,67.8,45,-11,34,0.6,0.006092,999999.99,99999.99,99999.99,0.31,0.2,0.14,-1,2019-10-05 03:00:00
2019,278,4,2539,51,52,58,34,2.0,1.5,-21.8,146.1,-1.1,0.8,-0.5,0.5,-0.8,0.4,1.3,0.4,1.0,0.8,54734.0,4.1,385.0,3.2,1.4,0.038,4910.0,0.1,5.0,0.3,0.4,0.002,1.17,0.31,7.81,19.5,7.0,0.0031,13,0,-18,5,67.8,76,-31,45,0.6,0.006092,999999.99,99999.99,99999.99,0.28,0.16,0.12,-1,2019-10-05 04:00:00
2019,278,5,2539,51,52,59,35,2.2,2.1,-35.7,148.8,-1.5,0.9,-1.2,0.3,-1.5,0.2,0.6,0.2,0.5,0.1,49069.0,4.2,374.0,3.2,2.3,0.04,2271.0,0.1,2.0,0.5,0.2,0.002,1.14,0.56,6.41,17.4,6.8,0.0039,13,0,-18,5,67.8,107,-63,43,0.5,0.006092,999999.99,99999.99,99999.99,0.29,0.19,0.13,-1,2019-10-05 05:00:00
2019,278,6,2539,51,52,61,37,1.9,1.4,-32.7,157.0,-1.1,0.5,-0.7,0.1,-0.9,0.2,1.3,0.5,1.0,0.6,50735.0,4.8,372.0,3.7,0.8,0.042,5382.0,0.7,4.0,1.0,1.2,0.003,1.3,0.33,9.91,21.4,6.9,0.0026,10,0,-14,4,67.8,100,-31,70,0.5,0.006092,999999.99,99999.99,99999.99,0.29,0.19,0.13,-1,2019-10-05 06:00:00
2019,278,7,2539,51,52,63,39,2.1,1.7,-1.3,153.6,-1.5,0.7,0.0,0.6,-0.3,0.5,1.3,0.5,0.9,0.7,63015.0,7.8,384.0,2.2,-1.2,0.038,3757.0,0.4,7.0,0.5,0.5,0.004,2.21,0.12,14.08,25.5,7.0,0.0018,10,0,-8,4,67.8,89,-54,35,0.7,0.006092,999999.99,99999.99,99999.99,0.3,0.18,0.13,-1,2019-10-05 07:00:00
2019,278,8,2539,51,52,60,33,2.7,2.3,-23.4,355.9,2.1,-0.1,-0.9,-0.6,-0.7,0.3,1.5,0.9,1.0,0.8,52620.0,8.4,400.0,1.3,-0.3,0.04,4937.0,0.2,3.0,0.5,0.4,0.003,2.6,0.28,8.68,21.5,7.4,0.0026,10,0,-6,4,67.8,99,-73,26,0.7,0.006092,999999.99,99999.99,99999.99,0.31,0.2,0.15,-1,2019-10-05 08:00:00
2019,278,9,2539,51,52,57,35,2.9,2.7,-10.4,7.2,2.6,0.3,-0.5,-0.0,-0.6,0.4,1.1,0.5,0.5,0.8,44652.0,8.2,391.0,1.3,-0.7,0.04,3558.0,0.3,6.0,0.4,0.5,0.002,2.43,0.23,7.02,19.3,7.3,0.0032,20,0,-4,7,67.8,137,-105,32,0.8,0.006092,999999.99,99999.99,99999.99,0.29,0.19,0.14,-1,2019-10-05 09:00:00
2019,278,10,2539,51,52,61,37,2.9,1.6,-21.7,115.6,-0.6,1.3,-0.6,0.8,-1.2,0.8,2.5,1.2,1.9,1.1,52986.0,9.4,375.0,1.1,-1.3,0.033,5067.0,1.2,5.0,1.2,1.5,0.004,2.5,0.45,8.43,19.8,6.9,0.003,20,0,1,7,67.8,299,-258,40,1.4,0.006092,999999.99,99999.99,99999.99,0.28,0.19,0.14,-1,2019-10-05 10:00:00
2019,278,11,2539,51,52,59,35,4.8,4.4,4.9,110.0,-1.5,4.1,0.4,3.7,-1.8,0.2,2.0,1.5,0.4,1.3,46898.0,9.7,382.0,-0.2,-2.5,0.028,5272.0,0.5,5.0,0.3,0.7,0.004,2.63,0.69,3.07,12.4,6.5,0.0077,20,0,-1,7,67.8,223,-188,35,1.4,0.006092,999999.99,99999.99,99999.99,0.3,0.18,0.14,-1,2019-10-05 11:00:00
2019,278,12,2539,51,52,57,34,4.8,3.8,5.3,98.3,-0.5,3.8,0.4,3.5,-1.6,0.2,2.8,2.0,1.4,1.5,45872.0,9.4,377.0,-0.3,-2.9,0.034,3813.0,0.5,3.0,0.3,0.4,0.004,2.53,0.6,2.96,12.0,6.4,0.0082,17,0,-3,6,67.8,324,-262,61,1.3,0.006092,999999.99,99999.99,99999.99,0.28,0.17,0.12,-1,2019-10-05 12:00:00
2019,278,13,2539,51,52,62,37,4.7,4.2,-10.6,63.0,1.9,3.7,-0.8,2.8,-2.5,0.3,2.0,1.6,0.6,1.1,50942.0,9.1,381.0,-0.3,-2.6,0.039,5719.0,0.5,5.0,0.5,0.7,0.004,2.55,0.95,3.07,12.2,6.4,0.008,17,0,-5,6,67.8,172,-122,50,1.3,0.006092,999999.99,99999.99,99999.99,0.28,0.18,0.13,-1,2019-10-05 13:00:00
2019,278,14,2539,51,52,60,36,5.0,2.9,31.6,150.9,-2.2,1.2,1.5,1.8,0.8,0.3,4.0,2.7,2.5,1.7,56655.0,8.7,382.0,0.8,-2.6,0.044,4475.0,0.6,4.0,0.9,0.7,0.006,2.49,-0.31,2.68,11.3,6.2,0.0094,17,0,-7,6,67.8,224,-176,48,1.1,0.006092,999999.99,99999.99,99999.99,0.28,0.19,0.15,-1,2019-10-05 14:00:00
2019,278,15,2539,51,52,60,37,5.4,4.7,31.8,103.1,-0.9,3.9,2.5,4.6,0.6,0.3,2.5,1.1,1.3,1.8,57664.0,9.2,377.0,0.8,-3.5,0.044,5055.0,0.7,4.0,0.5,0.6,0.005,2.57,-0.23,2.44,10.6,6.0,0.0106,17,0,-6,6,67.8,172,-131,41,0.7,0.006092,999999.99,99999.99,99999.99,0.25,0.18,0.12,-1,2019-10-05 15:00:00
2019,278,16,2539,51,52,61,36,5.4,3.9,0.1,100.9,-0.7,3.9,0.0,3.6,-1.5,0.6,3.7,2.1,1.5,2.7,68136.0,9.1,378.0,0.3,-2.3,0.046,11348.0,0.7,4.0,1.0,0.9,0.007,2.57,0.57,2.55,10.6,5.9,0.0107,17,0,-2,6,67.8,123,-94,29,0.9,0.006092,999999.99,99999.99,99999.99,0.28,0.18,0.13,-1,2019-10-05 16:00:00
2019,278,17,2539,51,52,61,37,4.6,4.4,23.2,174.6,-4.0,0.4,1.7,1.0,1.4,0.8,1.6,0.6,1.2,0.7,82334.0,9.2,380.0,1.3,-2.0,0.05,5370.0,1.1,7.0,0.5,1.0,0.008,2.66,-0.53,3.81,12.5,6.0,0.0076,17,0,-7,6,67.8,332,-270,62,1.5,0.006092,999999.99,99999.99,99999.99,0.28,0.18,0.13,-1,2019-10-05 17:00:00
2019,278,18,2539,51,52,59,35,5.6,5.5,36.9,175.0,-4.4,0.4,3.3,1.4,3.0,0.3,0.9,0.5,0.4,0.6,70619.0,8.0,390.0,1.1,0.7,0.035,6579.0,0.5,4.0,0.3,0.5,0.004,2.32,-1.17,2.11,9.8,5.9,0.0123,17,0,-8,6,67.8,290,-232,58,0.5,0.006092,999999.99,99999.99,99999.99,0.27,0.18,0.14,-1,2019-10-05 18:00:00
2019,278,19,2539,51,52,62,38,4.1,3.0,-20.1,142.5,-2.3,1.7,-1.0,1.3,-1.4,0.9,2.9,0.9,1.4,2.4,79806.0,8.9,387.0,0.2,0.2,0.047,6362.0,0.7,6.0,0.5,0.8,0.006,2.64,0.54,4.58,14.1,6.3,0.006,17,0,-7,6,67.8,72,-29,43,0.1,0.006092,999999.99,99999.99,99999.99,0.29,0.18,0.13,-1,2019-10-05 19:00:00
2019,278,20,2539,51,52,58,35,4.0,3.6,-42.9,156.6,-2.4,1.1,-2.5,0.4,-2.7,0.9,1.8,1.1,0.8,1.1,75069.0,9.5,388.0,0.2,-1.8,0.044,5620.0,1.4,3.0,0.6,0.8,0.005,2.81,1.05,5.02,14.9,6.5,0.0053,17,0,-7,6,67.8,88,-55,33,1.1,0.006092,999999.99,99999.99,99999.99,0.28,0.18,0.13,-1,2019-10-05 20:00:00
2019,278,21,2539,51,52,60,36,5.1,5.0,13.6,203.0,-4.5,-1.9,1.2,-1.6,1.6,0.8,1.2,0.7,0.6,0.7,72433.0,11.0,385.0,0.3,-3.6,0.043,4238.0,0.8,2.0,0.6,0.5,0.003,3.19,-0.62,3.53,12.5,6.2,0.0076,30,0,-8,15,67.8,172,-129,44,0.8,0.006092,999999.99,99999.99,99999.99,0.27,0.18,0.13,-1,2019-10-05 21:00:00
