YEAR,DOY,Hour,Bartels_rotation_number,ID_for_IMF_spacecraft,ID_for_SW_Plasma_spacecraft,num_points_IMF_averages,num_points_Plasma_averages,Scalar_B_nT,Vector_B_Magnitude_nT,Lat_Angle_of_B_GSE,Long_Angle_of_B_GSE,BX_nT_GSE_GSM,BY_nT_GSE,BZ_nT_GSE,BY_nT_GSM,BZ_nT_GSM,RMS_magnitude_nT,RMS_field_vector_nT,RMS_BX_GSE_nT,RMS_BY_GSE_nT,RMS_BZ_GSE_nT,SW_Plasma_Temperature_K,SW_Proton_Density_N_cm3,SW_Plasma_Speed_km_s,SW_Plasma_flow_long_angle,SW_Plasma_flow_lat_angle,Alpha_Prot_ratio,sigma_T_K,sigma_n_N_cm3,sigma_V_km_s,sigma_phi_V_degrees,sigma_theta_V_degrees,sigma_ratio,Flow_pressure,E_electric_field,Plasma_Beta,Alfen_mach_number,Magnetosonic_Mach_number,Quasy_Invariant,Kp_index,R_Sunspot_No,Dst_index_nT,ap_index_nT,f10.7_index,AE_index_nT,AL_index_nT,AU_index_nT,pc_index,Lyman_alpha,Proton_flux_>1_Mev,Proton_flux_>2_Mev,Proton_flux_>4_Mev,Proton_flux_>10_Mev,Proton_flux_>30_Mev,Proton_flux_>60_Mev,Flux_FLAG,Timestamp
2009,191,17,2401,51,52,61,37,5.8,5.7,-13.5,333.5,4.9,-2.5,-1.3,-2.6,-1.0,0.9,1.4,1.0,0.5,0.8,85683.0,2.2,467.0,2.1,4.4,0.044,25370.0,0.3,6.0,0.9,1.4,0.007,0.94,0.47,0.58,6.0,4.9,0.0334,17,15,-3,6,70.1,78,-44,34,1.0,0.006034,999999.99,99999.99,99999.99,0.23,0.13,0.09,-1,2009-07-10 17:00:00
2009,191,18,2401,51,52,58,35,3.9,3.6,-8.1,314.0,2.5,-2.5,-0.5,-2.5,-0.4,0.4,1.5,1.2,0.6,0.6,85045.0,2.7,460.0,-1.5,0.7,0.041,10385.0,0.6,7.0,1.2,0.5,0.007,1.11,0.18,1.58,9.7,6.3,0.0127,7,15,-3,3,70.1,91,-53,38,1.2,0.006034,999999.99,99999.99,99999.99,0.24,0.13,0.09,-1,2009-07-10 18:00:00
2009,191,19,2401,51,52,60,37,3.9,3.6,24.5,299.3,1.6,-2.9,1.5,-2.9,1.5,0.5,1.5,0.9,0.8,0.9,94752.0,3.2,455.0,-1.8,-0.1,0.042,7587.0,0.6,4.0,0.6,0.6,0.007,1.29,-0.68,1.95,10.4,6.4,0.0109,7,15,-1,3,70.1,53,-24,29,1.1,0.006034,999999.99,99999.99,99999.99,0.21,0.11,0.08,-1,2009-07-10 19:00:00
2009,191,20,2401,51,52,60,35,4.0,3.6,2.7,302.7,1.9,-3.0,0.2,-3.0,0.1,0.3,1.7,0.6,0.6,1.5,78203.0,2.9,452.0,-2.0,0.7,0.043,14529.0,0.3,4.0,0.5,0.7,0.004,1.16,-0.05,1.56,9.6,6.3,0.0128,7,15,-3,3,70.1,48,-21,27,0.8,0.006034,999999.99,99999.99,99999.99,0.2,0.1,0.07,-1,2009-07-10 20:00:00
2009,191,21,2401,51,52,62,38,4.0,3.9,-5.9,294.0,1.6,-3.5,-0.4,-3.5,-0.5,0.2,1.0,0.7,0.1,0.7,64989.0,3.0,462.0,-2.3,0.9,0.04,5105.0,0.3,7.0,0.9,0.3,0.003,1.24,0.23,1.51,10.0,6.6,0.0119,13,15,-4,5,70.1,58,-18,39,0.9,0.006034,999999.99,99999.99,99999.99,0.19,0.11,0.08,-1,2009-07-10 21:00:00
2009,191,22,2401,51,52,57,35,4.3,4.1,-19.1,322.9,3.1,-2.4,-1.4,-2.3,-1.5,0.2,1.1,0.8,0.6,0.5,61602.0,2.7,451.0,-2.1,1.0,0.045,4532.0,0.3,7.0,0.5,0.3,0.005,1.08,0.68,1.15,8.6,6.1,0.016,13,15,-6,5,70.1,108,-55,53,1.1,0.006034,999999.99,99999.99,99999.99,0.22,0.11,0.09,-1,2009-07-10 22:00:00
2009,191,23,2401,51,52,61,38,3.9,2.5,-5.3,292.7,1.0,-2.3,-0.2,-2.3,-0.3,0.5,3.0,2.3,0.8,1.7,61854.0,3.3,446.0,-0.6,1.7,0.044,10459.0,0.3,8.0,0.4,0.8,0.007,1.29,0.13,1.72,10.4,6.6,0.011,13,15,-6,5,70.1,163,-78,85,1.5,0.006034,999999.99,99999.99,99999.99,0.22,0.1,0.08,-1,2009-07-10 23:00:00
2009,192,0,2401,51,52,59,35,3.4,3.0,-23.0,320.8,2.1,-1.7,-1.2,-1.7,-1.2,0.2,1.6,1.0,1.2,0.5,64318.0,3.0,440.0,0.4,0.7,0.052,6101.0,0.3,5.0,0.7,0.3,0.005,1.17,0.53,2.08,11.2,6.7,0.0095,10,0,-4,4,70.5,90,-32,58,1.0,0.005973,999999.99,99999.99,99999.99,0.28,0.15,0.1,-1,2009-07-11 00:00:00
2009,192,1,2401,51,52,59,36,3.1,3.0,-5.5,284.7,0.8,-2.9,-0.3,-2.9,-0.3,0.1,0.8,0.4,0.2,0.6,60364.0,2.8,446.0,-0.5,0.7,0.051,3933.0,0.1,3.0,0.3,0.6,0.003,1.12,0.13,2.29,12.0,7.0,0.0082,10,0,-2,4,70.5,67,-17,50,0.7,0.005973,999999.99,99999.99,99999.99,0.25,0.12,0.08,-1,2009-07-11 01:00:00
2009,192,2,2401,51,52,60,37,2.8,2.7,-19.8,322.0,2.0,-1.6,-0.9,-1.6,-0.8,0.0,0.8,0.4,0.6,0.3,65445.0,2.8,439.0,-0.3,0.4,0.05,3031.0,0.2,1.0,0.3,0.3,0.003,1.08,0.35,2.88,13.1,7.0,0.0069,10,0,1,4,70.5,93,-30,63,0.2,0.005973,999999.99,99999.99,99999.99,0.24,0.11,0.09,-1,2009-07-11 02:00:00
2009,192,3,2401,51,52,61,38,2.9,2.6,-17.8,342.5,2.3,-0.7,-0.8,-0.8,-0.7,0.2,1.3,0.5,1.2,0.2,63111.0,2.5,441.0,-0.0,0.5,0.05,4298.0,0.2,4.0,0.4,0.2,0.003,0.97,0.31,2.37,12.0,6.9,0.0082,13,0,3,5,70.5,112,-48,63,0.4,0.005973,999999.99,99999.99,99999.99,0.28,0.14,0.09,-1,2009-07-11 03:00:00
2009,192,4,2401,51,52,60,36,2.4,2.0,6.2,334.4,1.8,-0.9,0.2,-0.9,0.3,0.4,1.3,0.5,0.7,1.0,68696.0,3.0,449.0,-0.3,1.3,0.056,6213.0,0.2,2.0,0.5,0.6,0.003,1.24,-0.13,4.27,16.2,7.5,0.0045,13,0,2,5,70.5,51,-5,46,0.3,0.005973,999999.99,99999.99,99999.99,0.23,0.13,0.1,-1,2009-07-11 04:00:00
2009,192,5,2401,51,52,60,36,1.7,1.0,16.7,340.1,0.9,-0.3,0.3,-0.2,0.3,0.5,1.4,0.9,0.8,0.7,67230.0,3.3,449.0,0.0,1.3,0.055,4080.0,0.1,3.0,0.4,0.4,0.003,1.36,-0.13,9.29,24.0,8.0,0.0021,13,0,-1,5,70.5,98,-49,48,0.4,0.005973,999999.99,99999.99,99999.99,0.24,0.13,0.09,-1,2009-07-11 05:00:00
2009,192,6,2401,51,52,59,36,1.5,1.4,56.6,70.9,0.3,0.7,1.2,0.9,1.0,0.3,0.5,0.2,0.3,0.2,59033.0,3.4,443.0,0.7,1.1,0.052,3628.0,0.0,1.0,0.2,0.4,0.002,1.35,-0.44,11.78,27.2,8.1,0.0016,13,0,-1,5,70.5,100,-63,36,0.3,0.005973,999999.99,99999.99,99999.99,0.2,0.12,0.09,-1,2009-07-11 06:00:00
2009,192,7,2401,51,52,60,37,2.2,1.8,72.5,169.1,-0.5,0.1,1.8,0.5,1.7,0.4,1.2,0.4,0.9,0.6,54630.0,3.2,438.0,1.1,-0.0,0.066,4494.0,0.1,2.0,0.2,0.2,0.004,1.3,-0.74,5.03,17.8,7.7,0.0038,13,0,-1,5,70.5,50,-27,23,0.3,0.005973,999999.99,99999.99,99999.99,0.22,0.11,0.08,-1,2009-07-11 07:00:00
2009,192,8,2401,51,52,60,37,1.9,0.5,-1.5,28.2,0.5,0.3,0.0,0.3,-0.1,0.4,1.8,0.9,1.2,1.1,54750.0,3.1,438.0,1.0,0.5,0.063,4963.0,0.1,2.0,0.3,0.3,0.005,1.24,0.04,6.54,20.3,7.9,0.0029,13,0,1,5,70.5,41,-19,22,-0.1,0.005973,999999.99,99999.99,99999.99,0.25,0.12,0.08,-1,2009-07-11 08:00:00
2009,192,9,2401,51,52,60,36,2.5,1.9,15.4,18.7,1.7,0.6,0.5,0.7,0.3,0.1,1.6,0.7,0.9,1.1,50143.0,3.0,438.0,0.6,0.5,0.062,3446.0,0.1,3.0,0.3,0.5,0.003,1.2,-0.13,3.56,15.2,7.5,0.0052,3,0,0,2,70.5,54,-18,36,0.4,0.005973,999999.99,99999.99,99999.99,0.23,0.13,0.09,-1,2009-07-11 09:00:00
2009,192,10,2401,51,52,59,35,2.7,2.4,45.6,42.5,1.2,1.1,1.7,1.6,1.3,0.1,1.2,0.7,0.9,0.6,45765.0,3.1,433.0,0.6,0.5,0.063,2688.0,0.2,3.0,0.4,0.2,0.005,1.22,-0.56,3.08,14.1,7.4,0.006,3,0,0,2,70.5,90,-66,23,0.5,0.005973,999999.99,99999.99,99999.99,0.24,0.12,0.1,-1,2009-07-11 10:00:00
2009,192,11,2401,51,52,59,37,2.7,2.6,-13.0,20.8,2.4,0.9,-0.6,0.7,-0.9,0.1,0.7,0.1,0.5,0.5,44222.0,3.0,427.0,0.2,0.0,0.057,2322.0,0.2,1.0,0.3,0.2,0.004,1.12,0.38,2.95,13.7,7.3,0.0063,3,0,2,2,70.5,50,-26,24,0.4,0.005973,999999.99,99999.99,99999.99,0.22,0.14,0.09,-1,2009-07-11 11:00:00
2009,192,12,2401,51,52,60,36,2.7,2.5,-37.0,343.5,1.9,-0.6,-1.5,-1.0,-1.2,0.1,0.7,0.3,0.6,0.2,45168.0,2.8,424.0,-0.3,0.1,0.061,2049.0,0.2,2.0,0.3,0.3,0.004,1.05,0.51,2.77,13.1,7.1,0.0069,7,0,2,3,70.5,85,-57,29,0.8,0.005973,999999.99,99999.99,99999.99,0.22,0.11,0.08,-1,2009-07-11 12:00:00
2009,192,13,2401,51,52,61,38,2.6,2.5,-15.1,5.4,2.4,0.2,-0.6,0.0,-0.6,0.1,0.7,0.3,0.5,0.4,43208.0,2.3,432.0,-0.5,0.7,0.059,2793.0,0.1,4.0,0.2,0.3,0.004,0.89,0.26,2.43,12.6,7.2,0.0075,7,0,0,3,70.5,174,-146,28,1.1,0.005973,999999.99,99999.99,99999.99,0.2,0.1,0.08,-1,2009-07-11 13:00:00
2009,192,14,2401,51,52,60,36,2.0,1.4,-5.4,321.3,1.1,-0.9,-0.1,-0.9,0.1,0.2,1.5,0.9,0.8,0.8,49350.0,2.6,431.0,0.0,0.8,0.059,4987.0,0.1,3.0,0.6,0.3,0.003,1.0,-0.04,4.81,17.4,7.7,0.0039,7,0,-2,3,70.5,128,-98,30,0.8,0.005973,999999.99,99999.99,99999.99,0.22,0.13,0.1,-1,2009-07-11 14:00:00
2009,192,15,2401,51,52,61,37,1.9,1.6,45.1,311.3,0.7,-0.9,1.1,-0.6,1.3,0.3,1.1,0.5,0.6,0.7,45724.0,2.6,433.0,-0.1,1.3,0.059,4760.0,0.1,3.0,0.5,0.4,0.004,1.01,-0.56,5.22,18.4,7.8,0.0035,3,0,-2,2,70.5,42,-19,23,0.4,0.005973,999999.99,99999.99,99999.99,0.2,0.12,0.09,-1,2009-07-11 15:00:00
2009,192,16,2401,51,52,60,37,1.8,1.5,39.2,294.9,0.5,-1.1,1.0,-0.9,1.2,0.1,0.9,0.6,0.4,0.6,45932.0,2.7,433.0,-0.5,1.2,0.057,3871.0,0.1,2.0,0.2,0.4,0.004,1.04,-0.52,6.04,19.8,7.9,0.003,3,0,-3,2,70.5,30,-15,15,0.9,0.005973,999999.99,99999.99,99999.99,0.2,0.13,0.1,-1,2009-07-11 16:00:00
2009,192,17,2401,51,52,59,36,1.9,1.3,26.3,268.7,0.0,-1.2,0.6,-1.1,0.7,0.3,1.3,0.5,0.7,0.9,44222.0,2.7,435.0,-0.1,0.7,0.055,4200.0,0.1,2.0,0.6,0.6,0.004,1.04,-0.3,5.37,18.8,7.9,0.0034,3,0,-3,2,70.5,32,-15,18,1.2,0.005973,999999.99,99999.99,99999.99,0.23,0.12,0.08,-1,2009-07-11 17:00:00
2009,192,18,2401,51,52,60,35,2.1,2.0,14.2,270.1,0.0,-1.9,0.5,-1.9,0.6,0.3,0.9,0.4,0.5,0.6,40529.0,2.6,431.0,-0.1,0.7,0.054,5610.0,0.1,5.0,0.8,0.6,0.003,0.98,-0.26,4.14,16.5,7.7,0.0043,3,0,-3,2,70.5,40,-16,24,1.4,0.005973,999999.99,99999.99,99999.99,0.21,0.12,0.1,-1,2009-07-11 18:00:00
2009,192,19,2401,51,52,61,37,2.2,2.0,30.1,238.8,-0.9,-1.5,1.0,-1.5,1.0,0.2,1.0,0.8,0.3,0.6,37221.0,2.6,434.0,0.9,0.6,0.052,5296.0,0.1,4.0,0.5,0.7,0.005,0.99,-0.43,3.7,15.9,7.8,0.0047,3,0,-3,2,70.5,42,-12,30,0.8,0.005973,999999.99,99999.99,99999.99,0.26,0.12,0.08,-1,2009-07-11 19:00:00
2009,192,20,2401,51,52,60,37,2.6,2.5,-0.7,217.3,-2.0,-1.5,0.0,-1.5,0.0,0.1,0.3,0.1,0.2,0.2,24726.0,2.3,433.0,0.5,-0.6,0.038,2603.0,0.1,2.0,0.4,0.3,0.003,0.83,-0.0,2.17,12.6,7.5,0.0075,3,0,-2,2,70.5,43,-14,28,0.3,0.005973,999999.99,99999.99,99999.99,0.19,0.1,0.08,-1,2009-07-11 20:00:00
2009,192,21,2401,51,52,60,36,2.2,2.2,-4.9,208.3,-1.9,-1.0,-0.2,-1.0,-0.2,0.2,0.5,0.2,0.3,0.4,25856.0,2.3,430.0,0.6,-0.8,0.043,3649.0,0.2,4.0,0.3,0.2,0.004,0.83,0.09,3.05,14.8,7.8,0.0054,10,0,-3,4,70.5,47,-19,28,0.3,0.005973,999999.99,99999.99,99999.99,0.25,0.13,0.11,-1,2009-07-11 21:00:00
2009,192,22,2401,51,52,56,31,1.8,0.4,75.5,228.7,-0.1,-0.1,0.4,-0.1,0.4,0.4,1.8,1.4,0.8,0.7,34402.0,2.4,430.0,1.5,-0.7,0.044,6862.0,0.1,13.0,1.0,0.9,0.004,0.87,-0.17,5.02,18.5,8.0,0.0035,10,0,-4,4,70.5,47,-23,24,0.2,0.005973,999999.99,99999.99,99999.99,0.21,0.13,0.09,-1,2009-07-11 22:00:00
2009,192,23,2401,51,52,59,37,1.8,0.9,-19.9,277.5,0.1,-0.9,-0.3,-0.9,-0.3,0.2,1.6,1.3,0.6,0.7,29247.0,2.4,411.0,0.9,0.0,0.04,4140.0,0.2,5.0,0.7,0.5,0.004,0.79,0.12,4.86,17.7,7.8,0.0038,10,0,-1,4,70.5,52,-29,23,0.3,0.005973,999999.99,99999.99,99999.99,0.22,0.12,0.09,-1,2009-07-11 23:00:00
2009,193,0,2401,51,52,60,35,2.0,1.9,-12.9,345.0,1.7,-0.5,-0.4,-0.5,-0.4,0.1,0.7,0.3,0.6,0.4,31230.0,2.6,404.0,0.2,0.7,0.045,2199.0,0.1,2.0,0.3,0.2,0.002,0.84,0.16,4.32,16.3,7.5,0.0045,7,0,0,3,70.3,56,-35,21,0.3,0.006025,999999.99,99999.99,99999.99,0.22,0.12,0.09,-1,2009-07-12 00:00:00
2009,193,1,2401,51,52,61,37,2.5,2.2,-54.3,252.4,-0.4,-1.2,-1.8,-1.2,-1.8,0.1,1.1,0.7,0.7,0.5,25426.0,2.8,399.0,0.4,0.3,0.036,3634.0,0.1,2.0,0.2,0.2,0.005,0.85,0.72,2.87,13.4,7.2,0.0067,7,0,2,3,70.3,68,-36,32,0.6,0.006025,999999.99,99999.99,99999.99,0.25,0.12,0.09,-1,2009-07-12 01:00:00
2009,193,2,2401,51,52,60,37,2.3,1.5,-46.5,320.7,0.8,-0.7,-1.1,-0.7,-1.1,0.3,1.6,1.1,1.1,0.4,37656.0,2.9,403.0,0.7,0.3,0.044,5364.0,0.2,5.0,0.5,0.4,0.005,0.92,0.44,3.79,14.9,7.2,0.0053,7,0,3,3,70.3,67,-28,39,0.7,0.006025,999999.99,99999.99,99999.99,0.23,0.14,0.1,-1,2009-07-12 02:00:00
2009,193,3,2401,51,52,60,37,2.4,1.8,-19.6,21.8,1.6,0.6,-0.6,0.5,-0.6,0.4,1.5,0.8,1.1,0.7,37938.0,3.1,409.0,1.3,0.5,0.048,4418.0,0.3,3.0,0.5,0.4,0.003,1.03,0.25,3.72,15.0,7.3,0.0053,7,0,2,3,70.3,63,-20,42,0.6,0.006025,999999.99,99999.99,99999.99,0.21,0.13,0.1,-1,2009-07-12 03:00:00
2009,193,4,2401,51,52,59,37,2.8,2.3,-18.8,39.4,1.7,1.4,-0.8,1.3,-1.0,0.1,1.5,0.4,1.1,0.8,36887.0,3.3,405.0,1.3,-0.2,0.05,1916.0,0.2,3.0,1.1,0.2,0.003,1.08,0.41,2.89,13.1,7.0,0.0069,7,0,1,3,70.3,82,-19,63,0.8,0.006025,999999.99,99999.99,99999.99,0.25,0.13,0.09,-1,2009-07-12 04:00:00
2009,193,5,2401,51,52,60,36,2.8,2.6,-37.2,11.6,2.1,0.4,-1.6,0.1,-1.6,0.1,0.8,0.2,0.7,0.2,35890.0,3.3,400.0,1.2,-0.2,0.049,1232.0,0.1,1.0,0.3,0.3,0.003,1.05,0.64,2.88,13.0,7.0,0.0071,7,0,-3,3,70.3,67,-9,58,0.6,0.006025,999999.99,99999.99,99999.99,0.24,0.13,0.1,-1,2009-07-12 05:00:00
2009,193,6,2401,51,52,59,35,2.1,1.8,-36.2,295.6,0.6,-1.3,-1.1,-1.5,-0.8,0.4,1.2,0.9,0.5,0.5,37667.0,3.5,397.0,1.0,-0.4,0.05,2775.0,0.2,2.0,0.3,0.2,0.006,1.11,0.32,5.48,17.7,7.4,0.0038,10,0,-4,4,70.3,170,-83,88,0.8,0.006025,999999.99,99999.99,99999.99,0.26,0.14,0.11,-1,2009-07-12 06:00:00
2009,193,7,2401,51,52,60,36,2.3,2.1,-3.0,206.3,-1.9,-0.9,-0.1,-0.9,0.1,0.2,0.7,0.3,0.5,0.5,31337.0,3.6,395.0,1.3,-0.3,0.045,2797.0,0.1,2.0,0.3,0.3,0.002,1.11,-0.04,4.52,16.3,7.4,0.0045,10,0,-1,4,70.3,205,-149,56,0.4,0.006025,999999.99,99999.99,99999.99,0.21,0.11,0.08,-1,2009-07-12 07:00:00
2009,193,8,2401,51,52,59,37,2.7,2.6,-10.6,222.9,-1.9,-1.7,-0.5,-1.8,0.0,0.1,0.6,0.3,0.2,0.5,25014.0,3.3,396.0,0.4,-0.3,0.04,2611.0,0.2,1.0,0.3,0.3,0.003,1.0,-0.0,2.89,13.3,7.1,0.0067,10,0,0,4,70.3,87,-32,55,0.0,0.006025,999999.99,99999.99,99999.99,0.2,0.12,0.09,-1,2009-07-12 08:00:00
2009,193,9,2401,51,52,59,36,2.3,0.9,19.4,219.1,-0.7,-0.5,0.3,-0.4,0.4,0.3,2.2,1.8,0.5,1.0,29225.0,3.2,388.0,0.9,0.4,0.043,4677.0,0.2,5.0,0.4,0.5,0.003,0.94,-0.16,3.97,15.1,7.2,0.0052,7,0,1,3,70.3,52,-16,36,-0.3,0.006025,999999.99,99999.99,99999.99,0.27,0.14,0.1,-1,2009-07-12 09:00:00
2009,193,10,2401,51,52,59,35,1.9,1.4,-43.1,344.4,1.0,-0.3,-1.0,-0.6,-0.8,0.2,1.3,1.1,0.6,0.4,36728.0,3.1,385.0,1.4,0.5,0.052,2967.0,0.1,4.0,0.2,0.2,0.003,0.93,0.31,5.9,17.8,7.2,0.0037,7,0,2,3,70.3,43,-17,26,-0.1,0.006025,999999.99,99999.99,99999.99,0.2,0.11,0.09,-1,2009-07-12 10:00:00
2009,193,11,2401,51,52,60,37,2.0,1.3,-59.2,315.1,0.5,-0.5,-1.1,-0.8,-0.9,0.2,1.5,1.4,0.4,0.5,34494.0,3.0,381.0,1.2,0.3,0.051,4527.0,0.2,3.0,0.2,0.2,0.003,0.88,0.34,5.08,16.5,7.1,0.0044,7,0,1,3,70.3,47,-29,18,0.3,0.006025,999999.99,99999.99,99999.99,0.2,0.11,0.08,-1,2009-07-12 11:00:00
2009,193,12,2401,51,52,60,37,1.7,1.5,-28.7,328.1,1.1,-0.7,-0.7,-0.9,-0.4,0.3,0.8,0.3,0.3,0.7,36384.0,2.9,380.0,1.1,-0.1,0.054,2119.0,0.1,2.0,0.3,0.6,0.003,0.85,0.15,6.88,19.0,7.2,0.0033,10,0,2,4,70.3,51,-33,18,0.1,0.006025,999999.99,99999.99,99999.99,0.24,0.12,0.09,-1,2009-07-12 12:00:00
2009,193,13,2401,51,52,59,36,1.6,1.4,-24.4,280.7,0.2,-1.2,-0.6,-1.3,-0.2,0.2,0.8,0.7,0.3,0.4,35916.0,2.8,378.0,1.0,0.2,0.052,2311.0,0.1,3.0,0.2,0.2,0.003,0.81,0.08,7.47,19.8,7.2,0.003,10,0,1,4,70.3,62,-43,20,0.6,0.006025,999999.99,99999.99,99999.99,0.25,0.12,0.09,-1,2009-07-12 13:00:00
2009,193,14,2401,51,52,61,37,1.5,1.2,-33.9,316.0,0.7,-0.7,-0.7,-0.9,-0.5,0.2,0.9,0.6,0.4,0.5,35522.0,2.9,377.0,0.8,0.4,0.052,2311.0,0.1,2.0,0.9,0.3,0.002,0.83,0.19,8.79,21.4,7.3,0.0026,10,0,0,4,70.3,52,-35,17,0.7,0.006025,999999.99,99999.99,99999.99,0.26,0.13,0.09,-1,2009-07-12 14:00:00
2009,193,15,2401,51,52,59,19,1.7,1.4,-11.8,288.7,0.5,-1.3,-0.3,-1.3,0.0,0.1,0.8,0.7,0.1,0.3,35650.0,2.9,378.0,0.5,0.5,0.054,1642.0,0.1,3.0,0.1,0.1,0.003,0.84,-0.0,6.85,18.9,7.2,0.0033,3,0,1,2,70.3,94,-74,19,1.2,0.006025,999999.99,99999.99,99999.99,0.19,0.1,0.07,-1,2009-07-12 15:00:00
2009,193,16,2401,51,52,60,26,1.3,1.3,13.3,245.2,-0.5,-1.1,0.3,-1.0,0.5,0.3,0.5,0.4,0.2,0.2,35074.0,2.9,374.0,0.2,0.6,0.056,2575.0,0.1,1.0,0.1,0.3,0.003,0.83,-0.19,11.67,24.5,7.4,0.002,3,0,2,2,70.3,54,-26,28,1.3,0.006025,999999.99,99999.99,99999.99,0.23,0.11,0.08,-1,2009-07-12 16:00:00
2009,193,17,2401,51,52,60,36,1.6,1.5,9.3,271.0,0.0,-1.4,0.2,-1.4,0.4,0.2,0.6,0.5,0.2,0.3,34368.0,3.0,374.0,0.2,0.8,0.054,2157.0,0.1,1.0,0.1,0.2,0.003,0.85,-0.15,7.93,20.2,7.2,0.0029,3,0,5,2,70.3,45,-18,28,1.1,0.006025,999999.99,99999.99,99999.99,0.19,0.13,0.09,-1,2009-07-12 17:00:00
2009,193,18,2401,51,52,59,36,1.7,1.5,-28.6,265.5,-0.1,-1.3,-0.7,-1.3,-0.6,0.3,0.9,0.7,0.4,0.2,31170.0,2.9,370.0,0.4,0.7,0.048,3669.0,0.1,1.0,0.3,0.1,0.005,0.79,0.22,6.66,18.5,7.1,0.0035,3,0,5,2,70.3,47,-17,30,1.0,0.006025,999999.99,99999.99,99999.99,0.23,0.12,0.08,-1,2009-07-12 18:00:00
2009,193,19,2401,51,52,60,33,2.3,2.2,-10.1,213.8,-1.8,-1.2,-0.4,-1.2,-0.4,0.2,0.6,0.4,0.2,0.4,26425.0,2.8,369.0,0.8,0.9,0.043,1505.0,0.1,3.0,0.3,0.3,0.004,0.75,0.15,3.41,13.4,6.8,0.0066,3,0,3,2,70.3,45,-7,37,0.6,0.006025,999999.99,99999.99,99999.99,0.26,0.11,0.07,-1,2009-07-12 19:00:00
2009,193,20,2401,51,52,61,37,2.4,2.0,5.0,14.6,1.9,0.5,0.2,0.5,0.2,0.3,1.3,1.1,0.5,0.6,32289.0,3.1,372.0,1.2,1.8,0.039,2720.0,0.1,3.0,0.3,0.3,0.002,0.83,-0.07,3.6,13.6,6.7,0.0064,3,0,0,2,70.3,50,-12,38,0.5,0.006025,999999.99,99999.99,99999.99,0.21,0.12,0.09,-1,2009-07-12 20:00:00
2009,193,21,2401,51,52,59,37,2.6,2.5,22.1,0.0,2.3,0.0,0.9,0.0,0.9,0.1,0.4,0.2,0.3,0.2,30539.0,3.1,371.0,1.4,1.7,0.037,1289.0,0.1,3.0,0.2,0.2,0.004,0.82,-0.33,3.03,12.6,6.6,0.0075,10,0,0,4,70.3,45,-15,30,0.3,0.006025,999999.99,99999.99,99999.99,0.21,0.13,0.09,-1,2009-07-12 21:00:00
2009,193,22,2401,51,52,59,36,2.7,2.7,2.8,355.5,2.7,-0.2,0.1,-0.2,0.1,0.0,0.3,0.0,0.1,0.3,31784.0,3.0,365.0,1.2,2.0,0.032,4094.0,0.1,1.0,0.3,0.2,0.003,0.75,-0.04,2.74,11.7,6.4,0.0087,10,0,3,4,70.3,47,-16,31,0.6,0.006025,999999.99,99999.99,99999.99,0.22,0.13,0.1,-1,2009-07-12 22:00:00
2009,193,23,2401,51,52,60,37,2.6,2.5,6.0,350.3,2.5,-0.4,0.3,-0.4,0.3,0.1,0.6,0.2,0.1,0.6,32312.0,3.2,363.0,0.4,2.3,0.035,4341.0,0.1,2.0,0.3,0.4,0.002,0.8,-0.11,3.16,12.5,6.5,0.0076,10,0,3,4,70.3,33,-12,20,0.6,0.006025,999999.99,99999.99,99999.99,0.2,0.12,0.08,-1,2009-07-12 23:00:00
2009,194,0,2401,51,52,58,34,2.3,1.7,-44.7,169.0,-1.2,0.2,-1.2,0.2,-1.2,0.3,1.6,1.2,0.5,0.9,29233.0,3.4,354.0,-0.2,1.3,0.036,4746.0,0.2,3.0,0.4,0.5,0.003,0.81,0.42,4.21,14.2,6.6,0.0059,7,0,5,3,69.5,38,-18,21,1.0,0.006077,999999.99,99999.99,99999.99,0.25,0.12,0.08,-1,2009-07-13 00:00:00
2009,194,1,2401,51,52,60,36,2.2,2.1,-32.6,173.1,-1.8,0.2,-1.1,0.2,-1.1,0.1,0.5,0.1,0.4,0.2,29348.0,3.6,353.0,-0.7,0.9,0.041,1860.0,0.1,1.0,0.2,0.1,0.003,0.87,0.39,4.88,15.2,6.7,0.0051,7,0,5,3,69.5,55,-16,39,0.9,0.006077,999999.99,99999.99,99999.99,0.26,0.13,0.09,-1,2009-07-13 01:00:00
2009,194,2,2401,51,52,58,36,1.9,1.8,-18.4,200.6,-1.6,-0.6,-0.6,-0.6,-0.6,0.5,0.8,0.6,0.4,0.4,30526.0,3.8,350.0,-1.0,1.3,0.045,3403.0,0.1,3.0,0.2,0.3,0.003,0.92,0.21,6.96,18.0,6.8,0.0037,7,0,4,3,69.5,77,-24,53,0.9,0.006077,999999.99,99999.99,99999.99,0.25,0.13,0.11,-1,2009-07-13 02:00:00
2009,194,3,2401,51,52,60,37,1.4,1.1,-69.8,261.8,-0.1,-0.4,-1.1,-0.5,-1.1,0.5,1.0,0.4,0.5,0.8,35471.0,4.0,342.0,-0.9,1.9,0.041,2390.0,0.2,1.0,0.2,0.3,0.004,0.91,0.38,13.91,24.4,6.8,0.002,7,0,3,3,69.5,56,-9,47,0.5,0.006077,999999.99,99999.99,99999.99,0.23,0.12,0.09,-1,2009-07-13 03:00:00
2009,194,4,2401,51,52,59,36,1.7,1.5,-5.2,245.0,-0.6,-1.3,-0.1,-1.3,0.1,0.2,0.8,0.3,0.2,0.7,36427.0,4.2,342.0,-1.1,1.8,0.05,1398.0,0.1,2.0,0.2,0.4,0.004,0.98,-0.03,9.96,20.6,6.7,0.0028,7,0,3,3,69.5,64,-13,51,0.4,0.006077,999999.99,99999.99,99999.99,0.2,0.11,0.09,-1,2009-07-13 04:00:00
2009,194,5,2401,51,52,60,37,1.8,1.6,2.1,251.8,-0.5,-1.6,0.1,-1.6,0.4,0.1,0.6,0.3,0.2,0.5,34967.0,4.4,339.0,-1.3,1.5,0.044,1115.0,0.1,1.0,0.2,0.4,0.003,0.99,-0.14,9.23,19.8,6.6,0.003,7,0,4,3,69.5,52,-15,37,0.1,0.006077,999999.99,99999.99,99999.99,0.21,0.11,0.08,-1,2009-07-13 05:00:00
2009,194,6,2401,51,52,60,36,1.9,1.6,11.9,258.0,-0.3,-1.5,0.3,-1.4,0.6,0.1,1.0,0.6,0.4,0.7,31659.0,4.7,338.0,-1.4,1.2,0.036,5021.0,0.2,2.0,0.2,0.4,0.014,1.03,-0.2,8.67,19.3,6.6,0.0032,3,0,5,2,69.5,41,-2,39,-0.0,0.006077,999999.99,99999.99,99999.99,0.23,0.14,0.1,-1,2009-07-13 06:00:00
2009,194,7,2401,51,52,61,38,2.3,1.3,29.9,230.4,-0.7,-0.9,0.6,-0.7,0.8,0.2,1.9,1.0,1.3,1.0,22729.0,5.3,339.0,-1.8,0.5,0.017,2571.0,0.3,3.0,0.5,0.3,0.002,1.09,-0.27,6.3,17.0,6.7,0.0041,3,0,5,2,69.5,31,-5,26,-0.2,0.006077,999999.99,99999.99,99999.99,0.25,0.15,0.11,-1,2009-07-13 07:00:00
2009,194,8,2401,51,52,59,36,2.4,1.9,-15.3,217.0,-1.5,-1.1,-0.5,-1.2,-0.2,0.2,1.4,0.5,0.9,1.0,21471.0,6.6,339.0,-2.4,-0.5,0.016,1013.0,0.3,2.0,0.2,0.5,0.003,1.35,0.07,7.14,18.1,6.8,0.0036,3,0,6,2,69.5,30,-10,20,-0.3,0.006077,999999.99,99999.99,99999.99,0.22,0.14,0.11,-1,2009-07-13 08:00:00
2009,194,9,2401,51,52,62,37,2.5,2.1,18.4,219.4,-1.5,-1.2,0.6,-0.9,1.0,0.5,1.5,0.8,0.6,1.1,25248.0,10.4,345.0,-4.0,-1.8,0.008,5506.0,2.1,5.0,0.7,0.8,0.004,2.13,-0.34,10.63,22.3,7.0,0.0024,10,0,12,4,69.5,59,-20,39,-0.1,0.006077,999999.99,99999.99,99999.99,0.24,0.12,0.08,-1,2009-07-13 09:00:00
2009,194,10,2401,51,52,61,22,3.4,3.1,41.1,217.2,-1.9,-1.4,2.1,-0.6,2.4,0.5,1.4,1.1,0.6,0.5,22609.0,12.3,344.0,-4.5,-2.1,0.003,1331.0,0.5,2.0,0.5,0.2,0.0,2.46,-0.83,6.68,17.7,6.8,0.0038,10,0,14,4,69.5,48,-24,23,-0.4,0.006077,999999.99,99999.99,99999.99,0.24,0.16,0.11,-1,2009-07-13 10:00:00
2009,194,11,2401,51,51,61,2,4.7,3.8,26.9,321.7,2.6,-2.1,1.7,-1.4,2.3,0.5,2.9,2.4,1.0,1.3,25222.0,17.2,357.0,-6.2,-0.8,9.999,1432.0,0.4,4.0,0.3,0.6,9.999,4.38,-0.82,4.97,15.8,6.8,0.0048,10,0,20,4,69.5,59,-29,30,-0.3,0.006077,999999.99,99999.99,99999.99,0.21,0.12,0.1,-1,2009-07-13 11:00:00
2009,194,12,2401,51,52,60,22,5.7,5.6,-27.1,343.8,4.8,-1.4,-2.5,-2.1,-1.9,0.6,1.4,0.3,1.1,0.9,23454.0,18.0,353.0,-7.1,-2.1,0.008,827.0,1.1,4.0,0.7,0.6,0.002,3.87,0.67,3.5,13.1,6.6,0.0069,27,0,21,12,69.5,94,-40,54,1.0,0.006077,999999.99,99999.99,99999.99,0.28,0.14,0.11,-1,2009-07-13 12:00:00
2009,194,13,2401,51,52,64,37,6.8,4.5,-65.5,40.4,1.4,1.2,-4.1,-0.1,-4.3,1.2,5.2,3.2,3.6,1.9,32467.0,19.6,361.0,-7.6,-2.0,0.009,13704.0,4.4,6.0,0.8,1.3,0.003,4.42,1.55,2.84,11.8,6.3,0.0086,27,0,14,12,69.5,164,-54,109,1.3,0.006077,999999.99,99999.99,99999.99,0.19,0.11,0.09,-1,2009-07-13 13:00:00
2009,194,14,2401,51,52,63,37,7.6,6.1,0.5,143.5,-4.9,3.6,0.1,3.5,-0.9,1.7,4.7,2.4,2.0,3.5,63162.0,9.8,380.0,-6.2,3.1,0.016,39274.0,2.4,10.0,1.6,1.4,0.007,2.51,0.34,1.35,7.8,5.3,0.0194,27,0,4,12,69.5,379,-286,93,2.2,0.006077,999999.99,99999.99,99999.99,0.24,0.12,0.1,-1,2009-07-13 14:00:00
2009,194,15,2401,51,52,61,37,6.0,3.3,-78.5,114.5,-0.3,0.6,-3.3,-0.2,-3.3,0.8,5.0,3.6,1.8,2.9,80788.0,11.7,408.0,-1.8,2.3,0.025,18533.0,1.1,10.0,1.0,1.1,0.007,3.58,1.35,2.83,11.6,6.3,0.0088,33,0,-1,18,69.5,363,-265,98,1.7,0.006077,999999.99,99999.99,99999.99,0.25,0.13,0.09,-1,2009-07-13 15:00:00
2009,194,16,2401,51,52,65,41,7.6,5.2,17.6,143.1,-3.9,3.0,1.6,3.2,1.0,0.8,5.6,2.7,1.8,4.6,108774.0,10.8,416.0,-0.5,3.6,0.053,16776.0,0.9,16.0,0.7,2.2,0.005,3.78,-0.42,1.84,9.0,5.6,0.0147,33,0,-2,18,69.5,121,-65,56,0.6,0.006077,999999.99,99999.99,99999.99,0.22,0.11,0.08,-1,2009-07-13 16:00:00
2009,194,17,2401,51,52,57,32,8.6,6.9,61.2,105.2,-0.9,3.2,6.1,3.9,5.7,1.2,5.2,1.2,3.3,3.8,130843.0,11.7,435.0,1.9,3.7,0.063,15369.0,1.5,6.0,1.2,1.9,0.007,4.63,-2.48,1.71,8.7,5.5,0.0159,33,0,2,18,69.5,244,-133,111,0.7,0.006077,999999.99,99999.99,99999.99,0.27,0.14,0.1,-1,2009-07-13 17:00:00
2009,194,18,2401,51,52,63,39,10.2,6.9,63.8,113.7,-1.2,2.8,6.1,3.3,5.9,1.0,7.5,3.5,4.5,5.0,190818.0,10.4,439.0,3.6,3.5,0.062,52378.0,1.6,8.0,1.0,2.4,0.016,4.18,-2.59,1.33,6.9,4.7,0.0247,23,0,7,9,69.5,138,-42,96,0.2,0.006077,999999.99,99999.99,99999.99,0.25,0.17,0.11,-1,2009-07-13 18:00:00
2009,194,19,2401,51,52,59,34,9.6,8.5,17.9,111.4,-2.9,7.5,2.6,7.6,2.4,0.8,4.2,2.0,2.2,3.0,265649.0,8.2,443.0,3.9,3.7,0.094,44986.0,0.9,11.0,1.6,1.1,0.019,3.7,-1.06,1.46,6.6,4.4,0.0272,23,0,7,9,69.5,76,-14,62,0.1,0.006077,999999.99,99999.99,99999.99,0.22,0.13,0.11,-1,2009-07-13 19:00:00
2009,194,20,2401,51,52,60,36,7.2,6.5,26.9,123.3,-3.2,4.8,2.9,4.8,2.9,1.3,3.2,1.1,2.1,2.2,231810.0,9.6,431.0,2.7,-0.8,0.101,18057.0,0.9,5.0,1.2,1.9,0.008,4.18,-1.25,2.77,9.3,5.0,0.0138,23,0,8,9,69.5,155,-66,90,0.4,0.006077,999999.99,99999.99,99999.99,0.2,0.11,0.08,-1,2009-07-13 20:00:00
2009,194,21,2401,51,52,63,35,8.7,4.2,44.3,93.5,-0.2,3.0,3.0,2.9,3.1,0.9,7.5,2.9,5.6,4.0,310273.0,8.4,470.0,6.6,-3.1,0.078,38525.0,0.9,16.0,2.3,1.6,0.02,4.07,-1.46,2.03,7.8,4.7,0.0194,30,0,12,15,69.5,125,-63,63,0.7,0.006077,999999.99,99999.99,99999.99,0.24,0.12,0.09,-1,2009-07-13 21:00:00
2009,194,22,2401,51,52,59,35,8.9,6.8,-38.3,113.0,-2.1,4.9,-4.2,5.0,-4.1,1.0,5.7,1.8,2.6,4.7,326556.0,6.9,464.0,6.0,-3.0,0.087,42712.0,0.9,7.0,1.7,1.7,0.013,3.34,1.9,1.65,6.8,4.4,0.0254,30,0,5,15,69.5,268,-111,157,2.2,0.006077,999999.99,99999.99,99999.99,0.23,0.14,0.12,-1,2009-07-13 22:00:00
2009,194,23,2401,51,52,62,37,8.8,8.0,25.2,119.4,-3.6,6.3,3.4,6.2,3.6,1.7,3.8,2.4,2.2,1.9,287941.0,7.5,465.0,6.4,-4.9,0.068,57985.0,0.9,12.0,1.3,1.4,0.011,3.44,-1.67,1.68,7.2,4.6,0.0227,30,0,-1,15,69.5,291,-165,126,1.0,0.006077,999999.99,99999.99,99999.99,0.21,0.11,0.09,-1,2009-07-13 23:00:00
2009,195,0,2401,51,52,61,37,8.6,6.5,-28.2,130.4,-3.7,4.4,-3.1,4.4,-3.1,0.9,5.5,2.2,2.2,4.5,241902.0,6.5,467.0,5.1,-2.7,0.057,34208.0,1.1,6.0,1.0,2.1,0.014,2.91,1.45,1.35,6.9,4.7,0.0248,37,0,-2,22,68.8,253,-128,126,2.2,0.006009,999999.99,99999.99,99999.99,0.22,0.13,0.09,-1,2009-07-14 00:00:00
2009,195,1,2401,51,52,63,37,7.2,5.7,-73.1,124.2,-0.9,1.4,-5.4,1.3,-5.4,1.8,4.5,1.2,3.1,3.0,224043.0,5.0,487.0,5.1,-0.6,0.056,34384.0,0.6,14.0,1.3,1.2,0.011,2.42,2.63,1.41,7.6,5.1,0.0208,37,0,-11,22,68.8,671,-452,219,3.9,0.006009,999999.99,99999.99,99999.99,0.22,0.14,0.09,-1,2009-07-14 01:00:00
2009,195,2,2401,51,52,62,39,3.9,3.0,-34.5,133.5,-1.7,1.8,-1.7,1.7,-1.8,0.6,2.5,0.9,1.7,1.5,180107.0,3.4,530.0,2.0,-0.9,0.053,35817.0,0.7,16.0,1.1,1.4,0.007,1.93,0.95,2.87,12.5,6.7,0.0076,37,0,-25,22,68.8,670,-422,248,3.0,0.006009,999999.99,99999.99,99999.99,0.19,0.11,0.08,-1,2009-07-14 02:00:00
2009,195,3,2401,51,52,59,36,3.3,2.6,38.2,160.5,-1.9,0.7,1.6,0.8,1.5,0.1,2.0,0.5,1.3,1.5,136089.0,2.6,540.0,2.2,-1.8,0.047,7761.0,0.1,5.0,1.1,1.2,0.003,1.5,-0.81,2.63,13.2,7.3,0.0068,23,0,-22,9,68.8,308,-219,89,1.2,0.006009,999999.99,99999.99,99999.99,0.2,0.1,0.07,-1,2009-07-14 03:00:00
2009,195,4,2401,51,52,60,37,3.5,2.9,-14.3,142.8,-2.2,1.7,-0.7,1.6,-0.9,0.2,1.9,0.8,1.2,1.2,121571.0,2.5,530.0,0.9,0.4,0.044,10962.0,0.1,7.0,1.4,1.6,0.003,1.38,0.48,2.12,12.0,7.1,0.0083,23,0,-15,9,68.8,345,-219,127,1.5,0.006009,999999.99,99999.99,99999.99,0.2,0.12,0.09,-1,2009-07-14 04:00:00
2009,195,5,2401,51,52,59,34,4.0,3.7,22.5,124.1,-1.9,2.8,1.4,3.0,0.9,0.1,1.3,0.5,0.5,1.1,106527.0,2.5,525.0,-0.4,-1.5,0.039,7590.0,0.1,4.0,0.4,0.9,0.003,1.33,-0.47,1.53,10.4,6.8,0.011,23,0,-15,9,68.8,174,-90,84,0.9,0.006009,999999.99,99999.99,99999.99,0.24,0.12,0.09,-1,2009-07-14 05:00:00
2009,195,6,2401,51,52,60,36,4.0,3.5,11.7,132.8,-2.4,2.5,0.7,2.6,0.1,0.1,1.7,1.0,1.2,0.8,109646.0,2.3,520.0,-0.1,-0.6,0.043,11751.0,0.1,11.0,1.4,1.2,0.003,1.22,-0.05,1.42,9.9,6.6,0.0122,17,0,-16,6,68.8,280,-208,72,1.1,0.006009,999999.99,99999.99,99999.99,0.25,0.13,0.09,-1,2009-07-14 06:00:00
2009,195,7,2401,51,52,60,37,4.2,4.0,11.7,170.6,-3.8,0.6,0.8,0.8,0.6,0.1,1.3,0.3,1.1,0.6,121655.0,2.3,505.0,2.2,-0.6,0.046,19856.0,0.2,5.0,1.9,1.2,0.008,1.16,-0.3,1.36,9.1,6.2,0.0143,17,0,-16,6,68.8,212,-155,57,0.4,0.006009,999999.99,99999.99,99999.99,0.23,0.13,0.1,-1,2009-07-14 07:00:00
2009,195,8,2401,51,52,60,35,4.3,3.2,30.6,145.3,-2.3,1.6,1.6,2.0,1.0,0.1,2.8,1.6,2.2,0.7,129340.0,2.8,528.0,1.7,-0.2,0.05,22540.0,0.2,13.0,2.0,0.8,0.009,1.56,-0.53,1.62,10.3,6.6,0.0113,17,0,-13,6,68.8,93,-35,58,0.9,0.006009,999999.99,99999.99,99999.99,0.25,0.13,0.1,-1,2009-07-14 08:00:00
2009,195,9,2401,51,52,61,36,3.8,3.3,23.9,230.4,-1.9,-2.3,1.3,-1.7,2.0,0.4,2.0,1.1,1.5,0.7,131594.0,3.3,532.0,3.0,0.6,0.046,15221.0,0.3,6.0,0.8,0.7,0.004,1.85,-1.06,2.47,12.7,7.2,0.0074,13,0,-10,5,68.8,60,-38,22,0.1,0.006009,999999.99,99999.99,99999.99,0.21,0.14,0.11,-1,2009-07-14 09:00:00
2009,195,10,2401,51,52,60,36,3.8,3.2,-39.6,270.2,0.0,-2.5,-2.0,-3.0,-1.0,0.7,2.1,0.8,1.5,1.2,136242.0,3.7,537.0,2.2,1.0,0.046,13115.0,0.2,4.0,1.1,0.5,0.003,2.11,0.54,2.82,13.6,7.3,0.0064,13,0,-8,5,68.8,87,-53,33,0.1,0.006009,999999.99,99999.99,99999.99,0.21,0.11,0.09,-1,2009-07-14 10:00:00
2009,195,11,2401,51,52,59,36,4.2,2.2,-42.8,289.4,0.5,-1.5,-1.5,-1.9,-0.9,0.2,3.5,0.5,3.2,1.2,134461.0,3.4,534.0,2.6,0.2,0.05,10271.0,0.3,5.0,1.7,0.7,0.005,1.94,0.48,2.11,11.7,7.0,0.0087,13,0,-11,5,68.8,186,-128,58,0.4,0.006009,999999.99,99999.99,99999.99,0.22,0.13,0.09,-1,2009-07-14 11:00:00
2009,195,12,2401,51,52,60,37,4.0,3.4,-31.8,70.2,1.0,2.7,-1.8,1.9,-2.6,0.4,1.9,1.1,1.3,0.9,131386.0,2.9,530.0,0.2,0.7,0.05,17991.0,0.2,7.0,0.9,0.7,0.004,1.63,1.38,1.96,11.3,6.9,0.0093,20,0,-11,7,68.8,338,-257,81,2.0,0.006009,999999.99,99999.99,99999.99,0.23,0.13,0.1,-1,2009-07-14 12:00:00
2009,195,13,2401,51,52,59,34,3.5,2.1,1.6,136.7,-1.5,1.5,0.1,1.5,-0.4,0.4,2.8,1.8,1.5,1.4,127241.0,3.2,521.0,1.0,-0.0,0.047,13910.0,0.2,8.0,1.1,0.8,0.006,1.72,0.21,2.78,13.3,7.2,0.0067,20,0,-15,7,68.8,301,-251,50,1.6,0.006009,999999.99,99999.99,99999.99,0.24,0.12,0.09,-1,2009-07-14 13:00:00
2009,195,14,2401,51,52,61,38,3.3,2.8,-15.6,182.8,-2.7,-0.1,-0.7,-0.3,-0.6,0.9,1.9,1.3,1.1,0.7,134459.0,3.1,516.0,1.6,0.9,0.05,16974.0,0.1,7.0,0.4,0.7,0.005,1.65,0.31,3.11,13.8,7.2,0.0063,20,0,-14,7,68.8,237,-175,62,1.5,0.006009,999999.99,99999.99,99999.99,0.2,0.12,0.1,-1,2009-07-14 14:00:00
2009,195,15,2401,51,52,61,37,2.9,2.6,-14.6,90.3,0.0,2.5,-0.7,2.3,-1.3,0.5,1.3,1.1,0.5,0.7,142379.0,2.8,530.0,1.1,2.4,0.049,16183.0,0.1,8.0,0.4,1.2,0.004,1.57,0.69,3.75,15.3,7.4,0.0051,10,0,-13,4,68.8,167,-125,42,1.5,0.006009,999999.99,99999.99,99999.99,0.25,0.13,0.09,-1,2009-07-14 15:00:00
2009,195,16,2401,51,52,57,35,3.0,2.4,-17.3,87.1,0.1,2.3,-0.7,2.1,-1.1,0.4,1.8,1.3,0.4,1.1,130801.0,2.8,526.0,1.2,3.6,0.052,15731.0,0.1,13.0,0.5,0.9,0.004,1.56,0.58,3.35,14.7,7.4,0.0055,10,0,-12,4,68.8,180,-132,49,1.0,0.006009,999999.99,99999.99,99999.99,0.2,0.1,0.08,-1,2009-07-14 16:00:00
2009,195,17,2401,51,52,61,37,2.9,2.7,20.7,140.0,-2.0,1.6,1.0,1.7,0.8,0.2,0.9,0.3,0.5,0.7,113875.0,2.4,508.0,1.1,2.4,0.05,10465.0,0.2,3.0,1.2,0.8,0.003,1.24,-0.41,2.88,13.6,7.3,0.0065,10,0,-14,4,68.8,99,-66,33,-0.1,0.006009,999999.99,99999.99,99999.99,0.25,0.12,0.09,-1,2009-07-14 17:00:00
2009,195,18,2401,51,52,61,38,2.4,2.1,56.0,114.8,-0.5,1.1,1.7,1.2,1.6,0.4,1.1,0.6,0.7,0.6,117641.0,2.2,524.0,1.8,0.7,0.046,6521.0,0.1,5.0,0.5,0.5,0.003,1.19,-0.84,3.91,16.2,7.7,0.0045,7,0,-13,3,68.8,66,-20,46,-0.2,0.006009,999999.99,99999.99,99999.99,0.19,0.12,0.08,-1,2009-07-14 18:00:00
2009,195,19,2401,51,52,59,34,2.8,2.5,-13.0,109.6,-0.8,2.3,-0.6,2.3,-0.7,0.1,1.2,0.5,0.3,1.0,103960.0,2.2,525.0,0.7,1.9,0.042,8646.0,0.1,3.0,0.3,0.5,0.003,1.18,0.37,2.71,13.9,7.6,0.0062,7,0,-13,3,68.8,67,-26,41,0.5,0.006009,999999.99,99999.99,99999.99,0.22,0.12,0.08,-1,2009-07-14 19:00:00
2009,195,20,2401,51,52,60,35,2.9,2.6,-3.1,113.0,-1.0,2.4,-0.1,2.4,-0.1,0.1,1.2,0.5,0.5,1.0,101857.0,2.3,525.0,0.4,1.0,0.045,7625.0,0.1,5.0,0.8,1.0,0.004,1.25,0.05,2.62,13.7,7.6,0.0063,7,0,-10,3,68.8,62,-22,40,0.6,0.006009,999999.99,99999.99,99999.99,0.24,0.15,0.1,-1,2009-07-14 20:00:00
2009,195,21,2401,51,52,59,37,2.9,2.5,-33.0,116.5,-0.9,1.8,-1.3,1.8,-1.3,0.2,1.6,1.1,1.0,0.7,99100.0,2.6,520.0,1.2,1.0,0.038,5342.0,0.2,7.0,0.7,0.4,0.002,1.35,0.68,2.93,14.5,7.7,0.0057,13,0,-8,5,68.8,135,-76,59,1.0,0.006009,999999.99,99999.99,99999.99,0.26,0.13,0.09,-1,2009-07-14 21:00:00
2009,195,22,2401,51,52,60,36,2.9,2.4,-22.2,122.7,-1.2,1.9,-0.9,1.9,-0.9,0.1,1.6,1.3,0.6,0.6,101764.0,2.7,510.0,1.7,0.7,0.036,6119.0,0.1,7.0,0.2,0.3,0.002,1.34,0.46,3.07,14.4,7.6,0.0057,13,0,-9,5,68.8,117,-59,57,1.6,0.006009,999999.99,99999.99,99999.99,0.21,0.13,0.1,-1,2009-07-14 22:00:00
2009,195,23,2401,51,52,58,36,3.1,3.0,-12.1,149.0,-2.5,1.5,-0.6,1.5,-0.6,0.1,0.6,0.3,0.5,0.3,98137.0,2.7,499.0,1.6,0.6,0.035,3322.0,0.1,2.0,0.2,0.2,0.003,1.28,0.3,2.65,13.2,7.3,0.0068,13,0,-9,5,68.8,142,-71,71,1.7,0.006009,999999.99,99999.99,99999.99,0.28,0.11,0.08,-1,2009-07-14 23:00:00
2009,196,0,2401,51,52,60,35,2.8,2.7,-13.0,135.8,-1.9,1.8,-0.6,1.8,-0.6,0.3,0.9,0.7,0.2,0.6,105750.0,3.1,495.0,1.6,0.7,0.033,4224.0,0.2,1.0,0.2,0.3,0.003,1.44,0.3,3.85,15.6,7.5,0.0049,10,0,-10,4,68.7,103,-44,58,1.3,0.00605,999999.99,99999.99,99999.99,0.23,0.11,0.08,-1,2009-07-15 00:00:00
2009,196,1,2401,51,52,59,36,3.0,2.4,-1.4,130.9,-1.6,1.8,-0.1,1.8,-0.1,0.2,1.8,0.7,0.4,1.6,95226.0,2.6,486.0,1.4,0.3,0.043,9908.0,0.2,5.0,0.6,0.7,0.007,1.2,0.05,2.69,13.1,7.2,0.007,10,0,-11,4,68.7,72,-24,48,0.9,0.00605,999999.99,99999.99,99999.99,0.26,0.15,0.12,-1,2009-07-15 01:00:00
2009,196,2,2401,51,52,60,35,3.3,2.9,-9.7,144.6,-2.3,1.7,-0.5,1.7,-0.6,0.2,1.6,0.5,0.6,1.3,80982.0,2.6,466.0,0.3,0.3,0.054,9064.0,0.2,6.0,0.7,1.0,0.006,1.15,0.28,2.08,11.4,6.8,0.0092,10,0,-12,4,68.7,172,-88,84,1.1,0.00605,999999.99,99999.99,99999.99,0.23,0.12,0.1,-1,2009-07-15 02:00:00
2009,196,3,2401,51,52,58,36,3.5,3.3,2.5,133.9,-2.3,2.4,0.1,2.4,-0.1,0.2,1.2,0.5,0.4,1.0,83013.0,2.4,468.0,-0.6,-0.0,0.061,7863.0,0.2,5.0,0.6,0.5,0.004,1.09,0.05,1.72,10.4,6.6,0.0111,17,0,-13,6,68.7,90,-41,48,0.4,0.00605,999999.99,99999.99,99999.99,0.26,0.12,0.1,-1,2009-07-15 03:00:00
2009,196,4,2401,51,52,59,35,3.3,3.2,1.1,129.0,-2.0,2.5,0.1,2.5,-0.3,0.2,0.9,0.4,0.4,0.6,101004.0,2.5,467.0,-0.8,-0.8,0.063,9074.0,0.1,5.0,0.7,0.9,0.004,1.14,0.14,2.19,11.2,6.6,0.0095,17,0,-14,6,68.7,122,-62,60,0.5,0.00605,999999.99,99999.99,99999.99,0.21,0.12,0.09,-1,2009-07-15 04:00:00
2009,196,5,2401,51,52,64,39,3.4,1.9,9.1,115.2,-0.8,1.7,0.3,1.7,0.0,0.3,2.9,2.6,1.0,0.8,78733.0,2.8,468.0,-0.3,-1.5,0.062,20451.0,0.4,15.0,0.6,0.5,0.011,1.28,-0.0,2.09,11.5,6.9,0.009,17,0,-13,6,68.7,291,-222,69,1.0,0.00605,999999.99,99999.99,99999.99,0.27,0.12,0.09,-1,2009-07-15 05:00:00
2009,196,6,2401,51,52,58,35,3.0,2.1,2.2,80.8,0.3,2.1,0.1,2.1,-0.4,0.2,2.1,0.8,1.5,1.2,79760.0,3.7,481.0,-0.6,-2.0,0.055,6684.0,0.2,3.0,0.9,0.4,0.004,1.74,0.19,3.56,15.4,7.6,0.005,13,0,-9,5,68.7,242,-157,85,1.9,0.00605,999999.99,99999.99,99999.99,0.25,0.13,0.09,-1,2009-07-15 06:00:00
2009,196,7,2401,51,52,60,36,2.7,2.4,-22.0,228.8,-1.5,-1.7,-0.9,-1.9,-0.4,0.3,1.1,0.6,0.7,0.7,93604.0,4.0,474.0,1.3,-2.1,0.056,7483.0,0.2,3.0,1.1,0.4,0.003,1.84,0.19,5.07,17.6,7.6,0.0039,13,0,-5,5,68.7,174,-81,92,1.0,0.00605,999999.99,99999.99,99999.99,0.23,0.15,0.1,-1,2009-07-15 07:00:00
2009,196,8,2401,51,52,60,33,2.8,2.2,49.2,217.0,-1.2,-0.9,1.7,-0.3,1.9,0.4,1.7,0.8,1.3,0.8,97186.0,4.0,467.0,1.6,-2.8,0.059,7118.0,0.4,3.0,1.4,0.6,0.007,1.8,-0.89,4.79,16.7,7.4,0.0043,13,0,-3,5,68.7,103,-45,58,-0.3,0.00605,999999.99,99999.99,99999.99,0.24,0.14,0.1,-1,2009-07-15 08:00:00
2009,196,9,2401,51,52,61,37,3.3,2.6,76.2,33.0,0.5,0.3,2.5,1.1,2.3,0.3,2.0,0.7,1.6,1.0,85946.0,4.0,465.0,2.1,-3.0,0.048,10248.0,0.3,3.0,0.7,0.5,0.005,1.72,-1.07,3.27,14.1,7.2,0.006,10,0,-1,4,68.7,79,-56,23,-0.4,0.00605,999999.99,99999.99,99999.99,0.21,0.11,0.08,-1,2009-07-15 09:00:00
2009,196,10,2401,51,52,59,36,3.2,0.9,-63.3,185.2,-0.4,0.0,-0.8,-0.3,-0.8,0.3,3.1,1.6,2.2,1.4,96959.0,3.5,467.0,0.6,-2.1,0.05,11387.0,0.3,3.0,0.6,0.5,0.006,1.53,0.37,3.2,13.7,7.0,0.0064,10,0,0,4,68.7,38,-17,21,0.6,0.00605,999999.99,99999.99,99999.99,0.24,0.13,0.09,-1,2009-07-15 10:00:00
2009,196,11,2401,51,52,59,37,2.6,2.0,-60.3,133.7,-0.7,0.7,-1.7,0.1,-1.8,0.4,1.6,0.9,1.0,0.8,105816.0,3.3,467.0,-0.0,-2.0,0.053,8852.0,0.2,3.0,0.4,0.4,0.002,1.46,0.84,4.76,16.3,7.2,0.0045,10,0,-2,4,68.7,106,-76,30,0.5,0.00605,999999.99,99999.99,99999.99,0.19,0.11,0.08,-1,2009-07-15 11:00:00
2009,196,12,2401,51,52,60,35,2.6,1.6,-38.3,107.3,-0.4,1.2,-1.0,0.8,-1.3,0.3,2.0,1.1,1.0,1.4,98168.0,3.2,464.0,0.5,-1.5,0.051,7969.0,0.1,3.0,0.4,0.6,0.003,1.39,0.6,4.46,16.0,7.2,0.0047,10,0,-5,4,68.7,121,-76,45,0.8,0.00605,999999.99,99999.99,99999.99,0.21,0.12,0.09,-1,2009-07-15 12:00:00
2009,196,13,2401,51,52,60,37,3.0,2.6,-41.4,161.1,-1.9,0.6,-1.7,0.0,-1.8,0.4,1.4,0.4,1.2,0.5,84547.0,2.8,462.0,0.6,-1.1,0.049,5965.0,0.2,2.0,0.5,0.5,0.003,1.19,0.83,2.76,12.9,7.0,0.0072,10,0,-10,4,68.7,126,-78,48,1.0,0.00605,999999.99,99999.99,99999.99,0.22,0.12,0.09,-1,2009-07-15 13:00:00
2009,196,14,2401,51,52,60,37,2.9,2.7,-38.2,185.4,-2.1,-0.2,-1.7,-0.7,-1.6,0.4,1.0,0.4,0.6,0.6,80061.0,2.6,457.0,1.0,-0.6,0.047,4286.0,0.1,2.0,0.4,0.4,0.002,1.08,0.73,2.68,12.7,7.0,0.0074,10,0,-11,4,68.7,195,-147,48,1.5,0.00605,999999.99,99999.99,99999.99,0.2,0.11,0.08,-1,2009-07-15 14:00:00
2009,196,15,2401,51,52,60,36,2.2,1.6,0.1,180.6,-1.6,0.0,0.0,0.0,0.0,0.1,1.5,0.4,1.0,1.1,78013.0,2.8,458.0,1.3,-0.9,0.043,4939.0,0.1,3.0,0.6,0.6,0.004,1.15,-0.0,4.97,17.4,7.6,0.0039,10,0,-10,4,68.7,175,-127,48,1.5,0.00605,999999.99,99999.99,99999.99,0.26,0.12,0.09,-1,2009-07-15 15:00:00
2009,196,16,2401,51,52,59,36,2.1,1.9,21.0,175.6,-1.8,0.1,0.7,0.2,0.7,0.1,0.8,0.3,0.7,0.2,73063.0,2.7,453.0,1.3,-1.2,0.042,4238.0,0.1,3.0,0.6,0.3,0.003,1.08,-0.32,5.13,17.7,7.6,0.0038,10,0,-9,4,68.7,86,-58,28,0.6,0.00605,999999.99,99999.99,99999.99,0.19,0.11,0.07,-1,2009-07-15 16:00:00
2009,196,17,2401,51,52,59,36,2.1,1.7,16.5,169.0,-1.6,0.3,0.5,0.4,0.5,0.3,1.3,0.6,1.0,0.6,73960.0,2.6,448.0,1.6,-1.2,0.041,6238.0,0.1,5.0,0.6,0.5,0.004,1.01,-0.22,4.96,17.2,7.5,0.004,10,0,-8,4,68.7,37,-11,26,0.7,0.00605,999999.99,99999.99,99999.99,0.22,0.11,0.07,-1,2009-07-15 17:00:00
2009,196,18,2401,51,52,62,37,2.2,1.9,-7.1,105.4,-0.5,1.8,-0.2,1.8,-0.4,0.2,1.2,0.8,0.6,0.6,73254.0,2.5,453.0,-0.0,-0.6,0.04,5805.0,0.1,4.0,0.5,0.3,0.003,0.99,0.18,4.33,16.3,7.5,0.0045,3,0,-7,2,68.7,38,-9,28,0.1,0.00605,999999.99,99999.99,99999.99,0.23,0.13,0.09,-1,2009-07-15 18:00:00
2009,196,19,2401,51,52,58,35,2.5,2.4,12.6,155.9,-2.2,1.0,0.5,1.0,0.5,0.1,0.7,0.5,0.5,0.3,61084.0,2.4,440.0,0.4,-1.3,0.038,4340.0,0.1,4.0,0.6,0.4,0.003,0.89,-0.22,3.03,13.6,7.2,0.0064,3,0,-9,2,68.7,33,-7,26,0.2,0.00605,999999.99,99999.99,99999.99,0.22,0.12,0.09,-1,2009-07-15 19:00:00
2009,196,20,2401,51,52,59,36,2.4,2.4,0.1,144.7,-1.9,1.4,0.0,1.4,0.0,0.1,0.6,0.3,0.4,0.4,58603.0,2.4,437.0,-0.7,-1.1,0.033,3256.0,0.1,2.0,0.4,0.4,0.001,0.87,-0.0,3.24,14.1,7.2,0.006,3,0,-10,2,68.7,32,-11,21,0.5,0.00605,999999.99,99999.99,99999.99,0.21,0.12,0.09,-1,2009-07-15 20:00:00
2009,196,21,2401,51,52,61,37,2.5,2.1,-12.2,127.0,-1.2,1.6,-0.4,1.6,-0.4,0.1,1.3,1.1,0.7,0.2,61813.0,2.3,433.0,-0.3,-1.1,0.035,6721.0,0.1,4.0,0.5,0.3,0.004,0.82,0.17,2.91,13.1,7.0,0.0069,3,0,-12,2,68.7,25,-11,14,0.5,0.00605,999999.99,99999.99,99999.99,0.23,0.13,0.1,-1,2009-07-15 21:00:00
2009,196,22,2401,51,52,58,36,2.4,2.1,-8.7,120.1,-1.0,1.8,-0.3,1.8,-0.3,0.1,1.1,0.9,0.5,0.4,62545.0,2.4,432.0,-0.6,-1.1,0.037,5488.0,0.1,5.0,0.3,0.4,0.003,0.86,0.13,3.31,13.9,7.1,0.0061,3,0,-10,2,68.7,36,-18,18,0.5,0.00605,999999.99,99999.99,99999.99,0.21,0.11,0.08,-1,2009-07-15 22:00:00
2009,196,23,2401,51,52,60,37,2.4,2.0,4.2,132.6,-1.4,1.5,0.1,1.5,0.1,0.1,1.2,0.6,0.5,0.9,55037.0,2.4,426.0,-1.0,-0.4,0.036,5477.0,0.1,2.0,0.4,0.7,0.005,0.83,-0.04,3.18,13.7,7.1,0.0063,3,0,-9,2,68.7,30,-20,10,0.0,0.00605,999999.99,99999.99,99999.99,0.24,0.13,0.1,-1,2009-07-15 23:00:00
2009,197,0,2401,51,52,58,34,2.6,2.3,5.5,124.5,-1.3,1.9,0.2,1.9,0.2,0.2,1.2,0.6,0.3,1.0,52703.0,2.1,416.0,-2.8,-1.0,0.041,8688.0,0.2,6.0,0.7,1.2,0.003,0.71,-0.08,2.34,11.6,6.7,0.0088,7,0,-11,3,68.9,34,-17,17,0.1,0.006014,999999.99,99999.99,99999.99,0.25,0.16,0.11,-1,2009-07-16 00:00:00
2009,197,1,2401,51,52,60,36,2.8,2.7,46.2,134.3,-1.3,1.3,2.0,1.4,2.0,0.1,0.4,0.2,0.3,0.2,47251.0,2.0,413.0,-2.1,-3.6,0.04,5153.0,0.2,2.0,0.6,0.5,0.003,0.66,-0.83,1.86,10.4,6.5,0.0109,7,0,-9,3,68.9,37,-18,19,0.2,0.006014,999999.99,99999.99,99999.99,0.24,0.12,0.09,-1,2009-07-16 01:00:00
2009,197,2,2401,51,52,61,37,2.5,2.3,25.0,128.0,-1.3,1.6,1.0,1.7,0.9,0.3,0.8,0.5,0.4,0.6,43983.0,2.2,413.0,-1.7,-2.4,0.037,4274.0,0.2,5.0,0.9,0.8,0.004,0.72,-0.37,2.52,12.3,6.9,0.0079,7,0,-5,3,68.9,32,-14,18,-0.3,0.006014,999999.99,99999.99,99999.99,0.21,0.1,0.07,-1,2009-07-16 02:00:00
2009,197,3,2401,51,52,59,36,2.2,2.0,18.3,133.8,-1.3,1.4,0.6,1.5,0.4,0.1,0.7,0.4,0.4,0.4,45380.0,2.2,412.0,-0.2,-1.7,0.038,3569.0,0.1,4.0,0.5,0.5,0.004,0.72,-0.16,3.29,13.9,7.1,0.0062,3,0,-4,2,68.9,23,-10,13,0.1,0.006014,999999.99,99999.99,99999.99,0.21,0.12,0.1,-1,2009-07-16 03:00:00
2009,197,4,2401,51,52,59,37,2.3,2.1,15.4,110.8,-0.7,1.9,0.6,2.0,0.3,0.1,0.9,0.4,0.5,0.7,48354.0,2.3,408.0,-0.9,-2.0,0.037,2747.0,0.1,3.0,0.5,0.6,0.002,0.73,-0.12,3.2,13.5,6.9,0.0066,3,0,-3,2,68.9,25,-10,15,0.3,0.006014,999999.99,99999.99,99999.99,0.23,0.13,0.1,-1,2009-07-16 04:00:00
2009,197,5,2401,51,52,60,37,2.0,1.7,-3.2,119.4,-0.8,1.5,-0.1,1.5,-0.4,0.2,1.0,0.4,0.7,0.7,53026.0,2.3,409.0,0.1,-1.1,0.041,3162.0,0.1,3.0,0.4,0.6,0.002,0.75,0.16,4.34,15.5,7.1,0.0049,3,0,-5,2,68.9,38,-7,32,0.2,0.006014,999999.99,99999.99,99999.99,0.23,0.15,0.12,-1,2009-07-16 05:00:00
2009,197,6,2401,51,52,60,36,1.9,1.4,-8.5,163.2,-1.3,0.4,-0.2,0.3,-0.3,0.3,1.3,0.7,1.0,0.7,56146.0,2.3,404.0,0.4,-0.9,0.04,4714.0,0.1,2.0,0.6,0.4,0.003,0.73,0.12,4.89,16.1,7.1,0.0046,10,0,-6,4,68.9,166,-110,56,0.2,0.006014,999999.99,99999.99,99999.99,0.26,0.14,0.12,-1,2009-07-16 06:00:00
2009,197,7,2401,51,52,60,37,2.3,1.4,-34.0,159.0,-1.1,0.4,-0.8,0.2,-0.9,0.1,1.8,0.6,1.4,0.9,49567.0,2.2,402.0,-0.0,-0.5,0.038,4451.0,0.1,5.0,1.3,0.9,0.003,0.68,0.36,3.08,13.0,6.8,0.0071,10,0,-6,4,68.9,95,-50,45,0.1,0.006014,999999.99,99999.99,99999.99,0.25,0.13,0.09,-1,2009-07-16 07:00:00
2009,197,8,2401,51,52,59,35,2.2,1.6,-29.9,124.1,-0.8,1.1,-0.8,0.8,-1.1,0.4,1.5,0.8,1.0,0.9,52839.0,2.2,401.0,-0.9,-0.6,0.036,7171.0,0.1,7.0,1.2,0.8,0.003,0.68,0.44,3.43,13.5,6.8,0.0065,10,0,-7,4,68.9,83,-33,50,0.1,0.006014,999999.99,99999.99,99999.99,0.24,0.14,0.1,-1,2009-07-16 08:00:00
2009,197,9,2401,51,52,60,37,2.0,1.6,-16.8,88.0,0.1,1.5,-0.5,1.2,-1.0,0.2,1.2,0.9,0.6,0.4,50648.0,2.3,407.0,-0.8,-0.7,0.03,6437.0,0.1,9.0,0.9,0.5,0.003,0.71,0.41,4.28,15.4,7.1,0.005,3,0,-5,2,68.9,89,-47,42,0.4,0.006014,999999.99,99999.99,99999.99,0.26,0.14,0.1,-1,2009-07-16 09:00:00
2009,197,10,2401,51,52,58,35,2.5,2.4,-7.1,130.7,-1.6,1.8,-0.3,1.6,-0.9,0.3,0.5,0.4,0.3,0.2,51149.0,2.2,389.0,-1.6,-0.7,0.031,4007.0,0.1,5.0,0.5,0.3,0.003,0.62,0.35,2.63,11.5,6.4,0.0089,3,0,-7,2,68.9,115,-88,27,0.5,0.006014,999999.99,99999.99,99999.99,0.23,0.13,0.1,-1,2009-07-16 10:00:00
2009,197,11,2401,51,52,61,38,2.6,2.5,6.5,119.6,-1.2,2.1,0.3,2.1,-0.5,0.3,0.7,0.6,0.2,0.3,43023.0,2.2,386.0,-2.0,-1.2,0.029,3826.0,0.2,4.0,0.8,0.4,0.004,0.61,0.19,2.32,11.0,6.4,0.0098,3,0,-8,2,68.9,67,-52,15,0.7,0.006014,999999.99,99999.99,99999.99,0.25,0.13,0.09,-1,2009-07-16 11:00:00
2009,197,12,2401,51,52,59,36,2.3,1.8,-3.6,118.2,-0.8,1.6,-0.1,1.5,-0.6,0.1,1.4,0.6,0.4,1.2,41072.0,2.4,385.0,-0.8,-0.5,0.023,4253.0,0.1,5.0,0.4,1.2,0.003,0.65,0.23,3.2,13.0,6.7,0.0071,3,0,-8,2,68.9,40,-28,13,0.3,0.006014,999999.99,99999.99,99999.99,0.26,0.13,0.1,-1,2009-07-16 12:00:00
2009,197,13,2401,51,52,59,35,2.1,2.0,8.0,140.4,-1.6,1.3,0.3,1.3,-0.1,0.1,0.5,0.2,0.1,0.5,41478.0,2.5,380.0,-0.3,-0.3,0.019,1387.0,0.1,2.0,0.2,0.3,0.002,0.65,0.04,4.01,14.3,6.8,0.0058,3,0,-8,2,68.9,44,-32,12,0.4,0.006014,999999.99,99999.99,99999.99,0.2,0.11,0.08,-1,2009-07-16 13:00:00
2009,197,14,2401,51,52,59,36,2.2,2.1,5.6,140.9,-1.6,1.3,0.2,1.3,-0.2,0.1,0.7,0.5,0.4,0.4,40101.0,2.5,376.0,-0.5,-0.1,0.02,2988.0,0.1,4.0,0.5,0.3,0.002,0.64,0.08,3.62,13.5,6.7,0.0065,3,0,-5,2,68.9,68,-53,14,0.6,0.006014,999999.99,99999.99,99999.99,0.2,0.11,0.09,-1,2009-07-16 14:00:00
2009,197,15,2401,51,52,60,37,2.3,2.3,21.8,161.5,-2.0,0.7,0.8,0.9,0.6,0.1,0.5,0.2,0.3,0.3,40605.0,2.3,369.0,0.1,-0.9,0.022,3416.0,0.1,2.0,0.4,0.5,0.003,0.57,-0.22,3.06,12.2,6.4,0.008,0,0,-3,0,68.9,57,-38,18,0.1,0.006014,999999.99,99999.99,99999.99,0.2,0.1,0.08,-1,2009-07-16 15:00:00
2009,197,16,2401,51,52,59,37,2.2,2.1,18.4,195.9,-1.9,-0.5,0.7,-0.4,0.8,0.1,0.5,0.2,0.4,0.2,35944.0,2.5,370.0,1.2,-0.3,0.019,3642.0,0.2,3.0,0.4,0.4,0.003,0.61,-0.3,3.53,13.3,6.6,0.0067,0,0,-4,0,68.9,26,-7,19,-0.1,0.006014,999999.99,99999.99,99999.99,0.24,0.12,0.09,-1,2009-07-16 16:00:00
2009,197,17,2401,51,52,60,34,2.1,2.1,-6.2,217.9,-1.6,-1.3,-0.2,-1.3,0.0,0.1,0.5,0.2,0.2,0.4,33323.0,2.6,372.0,1.7,0.8,0.016,2223.0,0.1,2.0,0.3,0.4,0.001,0.64,-0.0,3.97,14.3,6.8,0.0058,0,0,-5,0,68.9,26,-4,22,0.9,0.006014,999999.99,99999.99,99999.99,0.23,0.12,0.08,-1,2009-07-16 17:00:00
2009,197,18,2401,51,52,59,35,2.3,2.2,-3.7,223.1,-1.6,-1.5,-0.1,-1.5,0.0,0.1,0.6,0.2,0.2,0.4,33645.0,2.4,366.0,2.5,0.5,0.016,2781.0,0.2,3.0,0.4,0.4,0.002,0.57,-0.0,3.06,12.3,6.5,0.0078,3,0,-7,2,68.9,29,-6,23,1.3,0.006014,999999.99,99999.99,99999.99,0.25,0.11,0.09,-1,2009-07-16 18:00:00
2009,197,19,2401,51,52,59,36,2.2,2.1,-7.3,202.9,-1.9,-0.8,-0.3,-0.8,-0.3,0.1,0.6,0.1,0.4,0.4,33890.0,2.5,360.0,1.7,0.4,0.016,3444.0,0.1,2.0,0.4,0.4,0.002,0.58,0.11,3.49,12.9,6.5,0.0071,3,0,-9,2,68.9,26,-10,16,1.0,0.006014,999999.99,99999.99,99999.99,0.25,0.12,0.09,-1,2009-07-16 19:00:00
2009,197,20,2401,51,52,60,33,2.2,2.2,-7.3,206.5,-2.0,-1.0,-0.3,-1.0,-0.3,0.2,0.4,0.2,0.2,0.2,31063.0,2.2,357.0,2.0,0.7,0.015,9463.0,0.5,3.0,0.6,0.3,0.002,0.5,0.11,3.01,12.0,6.3,0.0082,3,0,-5,2,68.9,28,-19,10,0.7,0.006014,999999.99,99999.99,99999.99,0.26,0.13,0.1,-1,2009-07-16 20:00:00
2009,197,21,2401,51,52,59,32,2.4,2.2,4.5,195.1,-2.1,-0.6,0.2,-0.6,0.2,0.1,0.9,0.3,0.6,0.7,36267.0,2.2,356.0,1.2,0.6,0.016,23045.0,0.4,7.0,1.6,0.9,0.002,0.5,-0.07,2.62,11.0,6.1,0.0098,3,0,-5,2,68.9,35,-27,8,0.6,0.006014,999999.99,99999.99,99999.99,0.22,0.13,0.1,-1,2009-07-16 21:00:00
2009,197,22,2401,51,52,58,35,2.3,2.1,-7.2,174.7,-2.0,0.2,-0.3,0.2,-0.3,0.0,0.9,0.2,0.3,0.8,31248.0,2.2,350.0,0.5,0.5,0.02,4494.0,0.3,5.0,0.6,1.1,0.003,0.49,0.1,2.76,11.3,6.1,0.0093,3,0,-5,2,68.9,31,-23,8,0.4,0.006014,999999.99,99999.99,99999.99,0.24,0.13,0.1,-1,2009-07-16 22:00:00
2009,197,23,2401,51,52,60,35,2.3,2.3,14.6,191.6,-2.1,-0.4,0.6,-0.4,0.6,0.0,0.6,0.1,0.4,0.4,29465.0,2.1,346.0,1.6,-0.7,0.018,5463.0,0.4,5.0,0.6,0.7,0.002,0.45,-0.21,2.61,10.9,6.0,0.01,3,0,-5,2,68.9,39,-26,14,0.4,0.006014,999999.99,99999.99,99999.99,0.21,0.12,0.1,-1,2009-07-16 23:00:00
2009,198,0,2401,51,52,60,38,2.3,2.2,31.1,190.9,-1.8,-0.4,1.1,-0.4,1.1,0.0,0.6,0.3,0.4,0.3,29875.0,2.5,351.0,0.9,-0.7,0.016,4258.0,0.2,4.0,0.4,0.3,0.002,0.55,-0.39,3.11,12.1,6.3,0.0082,0,0,-7,0,68.4,41,-27,13,0.1,0.00598,999999.99,99999.99,99999.99,0.25,0.13,0.1,-1,2009-07-17 00:00:00
2009,198,1,2401,51,52,60,35,2.4,2.3,47.4,155.3,-1.4,0.7,1.7,0.8,1.7,0.1,0.6,0.4,0.4,0.3,28780.0,2.6,349.0,-0.2,-0.7,0.016,3366.0,0.2,3.0,0.3,0.3,0.001,0.56,-0.59,2.95,11.7,6.2,0.0087,0,0,-7,0,68.4,40,-25,15,-0.2,0.00598,999999.99,99999.99,99999.99,0.18,0.1,0.07,-1,2009-07-17 01:00:00
2009,198,2,2401,51,52,60,36,2.4,2.2,17.5,143.4,-1.7,1.2,0.7,1.2,0.6,0.1,0.9,0.2,0.5,0.7,28515.0,2.5,348.0,-0.7,0.3,0.016,2950.0,0.2,3.0,1.1,0.8,0.001,0.54,-0.21,2.83,11.5,6.2,0.0091,0,0,-6,0,68.4,33,-21,11,-0.3,0.00598,999999.99,99999.99,99999.99,0.22,0.14,0.1,-1,2009-07-17 02:00:00
2009,198,3,2401,51,52,60,38,2.2,2.0,27.2,170.9,-1.8,0.3,0.9,0.4,0.9,0.1,0.7,0.3,0.6,0.4,29085.0,2.5,348.0,0.0,0.1,0.014,3742.0,0.4,5.0,0.5,0.5,0.001,0.53,-0.31,3.38,12.5,6.3,0.0076,3,0,-5,2,68.4,23,-16,7,-0.4,0.00598,999999.99,99999.99,99999.99,0.27,0.17,0.11,-1,2009-07-17 03:00:00
2009,198,4,2401,51,52,61,36,1.8,1.6,-2.0,111.1,-0.6,1.5,-0.1,1.5,-0.3,0.1,0.8,0.6,0.3,0.5,25986.0,3.0,353.0,-0.8,0.7,0.012,3045.0,0.2,2.0,0.2,0.5,0.002,0.65,0.11,5.95,17.0,6.9,0.0041,3,0,-5,2,68.4,20,-15,6,-0.4,0.00598,999999.99,99999.99,99999.99,0.21,0.13,0.09,-1,2009-07-17 04:00:00
2009,198,5,2401,51,52,59,35,2.0,1.8,0.1,100.6,-0.3,1.8,0.0,1.8,-0.4,0.2,0.8,0.6,0.1,0.6,21738.0,3.1,352.0,-0.8,0.4,0.01,1548.0,0.1,2.0,0.2,0.4,0.001,0.67,0.14,4.84,15.5,6.8,0.005,3,0,-5,2,68.4,21,-11,10,-0.1,0.00598,999999.99,99999.99,99999.99,0.26,0.16,0.12,-1,2009-07-17 05:00:00
2009,198,6,2401,51,52,59,35,2.1,2.1,21.6,134.4,-1.3,1.4,0.8,1.6,0.4,0.0,0.5,0.3,0.2,0.3,21863.0,2.9,346.0,-0.5,0.0,0.012,899.0,0.1,2.0,0.1,0.3,0.001,0.61,-0.14,4.11,14.0,6.6,0.006,0,0,-5,0,68.4,34,-17,17,-0.0,0.00598,999999.99,99999.99,99999.99,0.25,0.14,0.11,-1,2009-07-17 06:00:00
2009,198,7,2401,51,52,59,37,1.8,1.7,25.0,130.1,-1.0,1.2,0.7,1.4,0.3,0.1,0.4,0.2,0.2,0.3,22998.0,3.2,343.0,-0.7,-0.3,0.012,1059.0,0.1,2.0,0.3,0.3,0.001,0.66,-0.1,6.22,17.0,6.8,0.0041,0,0,-5,0,68.4,24,-11,13,-0.3,0.00598,999999.99,99999.99,99999.99,0.3,0.17,0.11,-1,2009-07-17 07:00:00
2009,198,8,2401,51,52,60,36,1.6,1.5,31.0,115.9,-0.6,1.2,0.8,1.4,0.4,0.0,0.4,0.3,0.1,0.2,22847.0,3.3,342.0,-1.1,-0.3,0.011,1040.0,0.1,2.0,0.4,0.2,0.001,0.67,-0.14,8.11,19.4,6.9,0.0032,0,0,-4,0,68.4,26,-12,13,-0.2,0.00598,999999.99,99999.99,99999.99,0.27,0.14,0.1,-1,2009-07-17 08:00:00
2009,198,9,2401,51,52,61,36,1.5,1.4,24.6,111.9,-0.5,1.2,0.6,1.3,0.2,0.1,0.4,0.3,0.1,0.2,23007.0,3.2,341.0,-1.4,-0.2,0.011,1172.0,0.1,1.0,0.3,0.2,0.001,0.65,-0.07,8.96,20.3,6.9,0.0029,3,0,-4,2,68.4,34,-17,17,-0.1,0.00598,999999.99,99999.99,99999.99,0.18,0.1,0.07,-1,2009-07-17 09:00:00
2009,198,10,2401,51,52,59,37,1.4,1.3,9.9,95.6,-0.1,1.2,0.2,1.2,-0.2,0.1,0.6,0.5,0.1,0.2,22525.0,3.3,343.0,-1.5,-0.1,0.01,2641.0,0.1,4.0,0.2,0.3,0.001,0.67,0.07,10.57,22.3,7.0,0.0024,3,0,-4,2,68.4,38,-17,21,0.1,0.00598,999999.99,99999.99,99999.99,0.22,0.15,0.11,-1,2009-07-17 10:00:00
2009,198,11,2401,51,52,61,35,1.6,1.6,18.4,102.7,-0.3,1.5,0.5,1.6,-0.1,0.1,0.3,0.3,0.1,0.2,22051.0,3.4,342.0,-1.5,-0.3,0.008,1709.0,0.1,1.0,0.2,0.2,0.001,0.69,0.03,8.31,19.7,6.9,0.0031,3,0,-3,2,68.4,23,-13,11,0.0,0.00598,999999.99,99999.99,99999.99,0.24,0.13,0.09,-1,2009-07-17 11:00:00
2009,198,12,2401,51,52,58,35,1.8,1.3,20.9,123.5,-0.7,1.0,0.5,1.1,0.1,0.2,1.2,1.0,0.6,0.3,23346.0,3.1,342.0,-1.5,-0.4,0.009,5906.0,0.6,4.0,0.4,0.3,0.001,0.63,-0.03,6.04,16.7,6.7,0.0043,0,0,-3,0,68.4,25,-16,9,0.0,0.00598,999999.99,99999.99,99999.99,0.26,0.14,0.09,-1,2009-07-17 12:00:00
2009,198,13,2401,51,52,61,37,2.1,2.1,21.1,149.9,-1.7,1.0,0.7,1.2,0.3,0.1,0.3,0.2,0.2,0.1,19747.0,2.7,338.0,-1.5,-0.4,0.013,3001.0,0.4,2.0,0.3,0.3,0.003,0.54,-0.1,3.77,13.2,6.4,0.0068,0,0,-4,0,68.4,28,-18,10,0.2,0.00598,999999.99,99999.99,99999.99,0.22,0.12,0.09,-1,2009-07-17 13:00:00
2009,198,14,2401,51,52,60,35,2.4,2.3,17.4,158.0,-2.1,0.8,0.7,1.0,0.4,0.1,0.3,0.1,0.2,0.1,14014.0,1.8,337.0,-1.5,-0.3,0.019,2790.0,0.4,1.0,0.2,0.2,0.005,0.37,-0.13,1.85,9.4,5.8,0.0134,0,0,-5,0,68.4,42,-28,13,0.4,0.00598,999999.99,99999.99,99999.99,0.22,0.12,0.08,-1,2009-07-17 14:00:00
2009,198,15,2401,51,52,59,36,2.4,2.3,18.5,166.2,-2.2,0.5,0.7,0.7,0.6,0.1,0.3,0.0,0.2,0.1,13983.0,1.8,336.0,-1.7,-0.4,0.019,2586.0,0.3,2.0,0.2,0.2,0.003,0.37,-0.2,1.85,9.4,5.8,0.0135,3,0,-4,2,68.4,36,-19,18,0.2,0.00598,999999.99,99999.99,99999.99,0.21,0.12,0.08,-1,2009-07-17 15:00:00
2009,198,16,2401,51,52,59,32,2.2,2.1,9.7,163.0,-2.0,0.6,0.4,0.7,0.3,0.2,0.3,0.2,0.2,0.2,14016.0,2.0,331.0,-2.3,-0.4,0.016,2194.0,0.5,4.0,0.4,0.2,0.006,0.39,-0.1,2.45,10.6,6.0,0.0105,3,0,-2,2,68.4,29,-9,20,0.3,0.00598,999999.99,99999.99,99999.99,0.29,0.14,0.09,-1,2009-07-17 16:00:00
2009,198,17,2401,51,52,60,36,2.3,2.3,16.7,167.0,-2.1,0.5,0.7,0.6,0.6,0.1,0.2,0.1,0.1,0.2,12853.0,2.0,331.0,-2.1,-0.5,0.014,2670.0,0.4,1.0,0.2,0.2,0.002,0.39,-0.2,2.22,10.2,6.0,0.0115,3,0,-2,2,68.4,25,-3,21,0.3,0.00598,999999.99,99999.99,99999.99,0.22,0.1,0.07,-1,2009-07-17 17:00:00
2009,198,18,2401,51,52,62,38,2.2,2.1,6.7,157.9,-2.0,0.8,0.2,0.8,0.1,0.3,0.7,0.7,0.1,0.2,15667.0,3.1,329.0,-2.3,-0.1,0.01,1866.0,0.5,3.0,0.2,0.2,0.002,0.58,-0.03,3.84,13.2,6.3,0.0069,0,0,-1,0,68.4,24,-2,23,0.5,0.00598,999999.99,99999.99,99999.99,0.24,0.11,0.08,-1,2009-07-17 18:00:00
2009,198,19,2401,51,52,58,36,1.5,1.4,-13.7,64.7,0.6,1.2,-0.3,1.2,-0.4,0.1,0.6,0.4,0.3,0.3,13405.0,4.3,335.0,-2.4,-0.1,0.006,1228.0,0.1,3.0,0.2,0.3,0.001,0.83,0.13,11.27,23.2,7.1,0.0022,0,0,1,0,68.4,27,-7,19,0.3,0.00598,999999.99,99999.99,99999.99,0.25,0.15,0.11,-1,2009-07-17 19:00:00
2009,198,20,2401,51,52,59,35,1.8,1.7,17.0,129.9,-1.0,1.3,0.5,1.3,0.5,0.1,0.5,0.4,0.3,0.2,15041.0,4.2,327.0,-2.2,-0.7,0.005,1069.0,0.2,2.0,0.2,0.2,0.001,0.77,-0.16,7.73,18.6,6.7,0.0034,0,0,2,0,68.4,20,-10,11,0.1,0.00598,999999.99,99999.99,99999.99,0.23,0.12,0.09,-1,2009-07-17 20:00:00
2009,198,21,2401,51,52,59,36,1.8,1.7,21.8,179.4,-1.6,0.0,0.6,0.0,0.6,0.1,0.5,0.2,0.4,0.2,15075.0,4.2,322.0,-1.5,-0.8,0.006,1753.0,0.3,2.0,0.3,0.2,0.001,0.74,-0.19,7.74,18.3,6.6,0.0035,0,0,0,0,68.4,18,-13,6,-0.2,0.00598,999999.99,99999.99,99999.99,0.21,0.11,0.07,-1,2009-07-17 21:00:00
2009,198,22,2401,51,52,60,37,1.9,1.8,5.7,141.4,-1.4,1.1,0.2,1.1,0.2,0.0,0.3,0.1,0.1,0.2,14756.0,4.6,321.0,-2.4,-0.3,0.006,676.0,0.1,1.0,0.4,0.2,0.0,0.81,-0.06,7.59,18.1,6.6,0.0036,0,0,0,0,68.4,34,-23,11,0.1,0.00598,999999.99,99999.99,99999.99,0.21,0.13,0.1,-1,2009-07-17 22:00:00
2009,198,23,2401,51,52,59,36,1.9,1.9,10.1,144.3,-1.5,1.1,0.3,1.1,0.3,0.1,0.4,0.2,0.2,0.2,14275.0,4.9,320.0,-2.4,-0.6,0.006,735.0,0.2,2.0,0.2,0.2,0.0,0.86,-0.1,8.05,18.6,6.6,0.0034,0,0,0,0,68.4,26,-16,9,-0.1,0.00598,999999.99,99999.99,99999.99,0.26,0.14,0.09,-1,2009-07-17 23:00:00
2009,199,0,2401,51,52,59,24,1.8,1.8,-0.6,160.9,-1.7,0.6,0.0,0.6,0.0,0.0,0.2,0.0,0.2,0.2,13105.0,4.7,315.0,-2.0,-0.5,0.006,710.0,0.1,1.0,0.2,0.2,0.001,0.8,-0.0,8.54,19.0,6.6,0.0033,0,0,0,0,69.2,18,-10,8,-0.2,0.005978,999999.99,99999.99,99999.99,0.25,0.14,0.11,-1,2009-07-18 00:00:00
2009,199,1,2401,51,52,60,14,2.0,2.0,1.1,159.9,-1.9,0.7,0.0,0.7,0.0,0.1,0.3,0.1,0.2,0.1,14729.0,5.0,311.0,-1.7,-1.0,0.005,1429.0,0.1,0.0,0.2,0.1,0.001,0.82,-0.0,7.44,17.4,6.4,0.0039,0,0,0,0,69.2,15,-6,8,-0.2,0.005978,999999.99,99999.99,99999.99,0.26,0.12,0.1,-1,2009-07-18 01:00:00
2009,199,2,2401,51,52,59,36,2.1,2.1,4.1,157.2,-1.9,0.8,0.1,0.8,0.0,0.1,0.2,0.1,0.1,0.1,13145.0,4.8,309.0,-2.1,-1.0,0.005,1464.0,0.5,1.0,0.2,0.1,0.001,0.78,-0.0,6.41,16.1,6.3,0.0046,0,0,0,0,69.2,14,-4,10,-0.2,0.005978,999999.99,99999.99,99999.99,0.26,0.15,0.1,-1,2009-07-18 02:00:00
2009,199,3,2401,51,52,60,37,1.9,1.9,4.4,155.5,-1.7,0.8,0.1,0.8,0.0,0.1,0.3,0.2,0.2,0.2,12489.0,4.8,307.0,-1.9,-1.2,0.007,1747.0,0.5,1.0,0.2,0.2,0.001,0.78,-0.0,7.79,17.7,6.4,0.0038,7,0,0,3,69.2,21,-8,14,-0.1,0.005978,999999.99,99999.99,99999.99,0.22,0.13,0.09,-1,2009-07-18 03:00:00
2009,199,4,2401,51,52,59,36,1.7,1.5,26.8,116.6,-0.6,1.2,0.7,1.3,0.5,0.1,0.9,0.8,0.2,0.3,15491.0,5.2,305.0,-1.5,-0.9,0.006,2193.0,0.7,2.0,0.2,0.3,0.002,0.83,-0.15,10.77,20.5,6.4,0.0028,7,0,1,3,69.2,29,-15,14,-0.3,0.005978,999999.99,99999.99,99999.99,0.26,0.15,0.1,-1,2009-07-18 04:00:00
2009,199,5,2401,51,52,59,36,1.8,1.8,5.7,166.8,-1.8,0.4,0.2,0.4,0.1,0.0,0.1,0.0,0.1,0.1,17040.0,5.8,301.0,-1.4,-0.6,0.004,1443.0,0.5,1.0,0.2,0.1,0.001,0.89,-0.03,10.83,20.1,6.3,0.0029,7,0,1,3,69.2,26,-11,15,-0.4,0.005978,999999.99,99999.99,99999.99,0.25,0.15,0.1,-1,2009-07-18 05:00:00
2009,199,6,2401,51,52,60,37,1.6,1.4,24.7,132.1,-0.9,0.9,0.6,1.0,0.4,0.1,0.8,0.7,0.4,0.2,17683.0,6.3,300.0,-1.1,-0.5,0.004,1013.0,0.3,1.0,0.2,0.1,0.0,0.96,-0.12,14.95,23.5,6.3,0.0021,3,0,1,2,69.2,24,-4,20,-0.4,0.005978,999999.99,99999.99,99999.99,0.3,0.15,0.1,-1,2009-07-18 06:00:00
2009,199,7,2401,51,52,60,37,1.7,1.6,27.2,98.3,-0.2,1.4,0.7,1.5,0.3,0.1,0.6,0.4,0.2,0.3,16587.0,6.3,298.0,-0.9,-0.3,0.004,1261.0,0.2,2.0,0.2,0.2,0.0,0.95,-0.09,13.15,22.0,6.3,0.0025,3,0,1,2,69.2,22,-4,19,-0.4,0.005978,999999.99,99999.99,99999.99,0.25,0.12,0.08,-1,2009-07-18 07:00:00
2009,199,8,2401,51,52,58,34,1.7,1.6,10.5,135.1,-1.1,1.1,0.3,1.1,-0.1,0.1,0.5,0.4,0.2,0.4,15801.0,7.1,295.0,-0.8,-0.2,9.999,478.0,0.3,2.0,0.2,0.3,9.999,1.24,0.03,14.73,23.1,6.2,0.0022,3,0,1,2,69.2,30,-7,23,-0.6,0.005978,999999.99,99999.99,99999.99,0.24,0.13,0.09,-1,2009-07-18 08:00:00
2009,199,9,2401,51,52,60,37,1.8,1.7,41.7,89.5,0.0,1.2,1.1,1.5,0.6,0.1,0.6,0.5,0.3,0.1,15921.0,7.2,293.0,-1.2,-0.3,0.004,622.0,0.2,1.0,0.1,0.2,0.001,1.05,-0.18,13.34,21.8,6.2,0.0025,3,0,3,2,69.2,47,-24,24,-0.4,0.005978,999999.99,99999.99,99999.99,0.22,0.12,0.09,-1,2009-07-18 09:00:00
2009,199,10,2401,51,52,61,37,1.7,1.5,51.9,170.7,-0.9,0.2,1.2,0.6,1.0,0.2,0.8,0.4,0.5,0.5,13284.0,7.7,294.0,-0.9,-0.4,0.003,1074.0,0.3,1.0,0.3,0.2,0.0,1.12,-0.29,15.7,24.0,6.3,0.0021,3,0,4,2,69.2,29,-16,13,-0.1,0.005978,999999.99,99999.99,99999.99,0.26,0.13,0.1,-1,2009-07-18 10:00:00
2009,199,11,2401,51,52,59,37,2.2,2.1,50.5,165.0,-1.3,0.4,1.6,1.0,1.3,0.2,0.7,0.3,0.6,0.2,14077.0,7.5,294.0,-0.7,-0.9,0.004,1168.0,0.3,1.0,0.2,0.3,0.0,1.1,-0.38,9.18,18.3,6.1,0.0036,3,0,4,2,69.2,30,-19,11,-0.3,0.005978,999999.99,99999.99,99999.99,0.2,0.12,0.08,-1,2009-07-18 11:00:00
2009,199,12,2401,51,52,59,35,2.2,2.0,20.6,126.8,-1.1,1.5,0.7,1.7,0.1,0.3,0.9,0.2,0.3,0.8,14322.0,7.8,292.0,-1.4,-1.1,0.003,577.0,0.2,1.0,0.3,0.2,0.001,1.12,-0.03,9.57,18.5,6.1,0.0035,7,0,5,3,69.2,34,-20,15,-0.1,0.005978,999999.99,99999.99,99999.99,0.24,0.14,0.11,-1,2009-07-18 12:00:00
2009,199,13,2401,51,52,60,37,2.1,2.0,12.1,119.1,-0.9,1.7,0.4,1.7,-0.2,0.5,0.8,0.3,0.4,0.6,14609.0,6.9,291.0,-0.6,-1.0,0.003,893.0,0.8,1.0,0.5,0.4,0.001,0.99,0.06,9.31,18.2,6.1,0.0036,7,0,6,3,69.2,47,-31,16,0.3,0.005978,999999.99,99999.99,99999.99,0.21,0.12,0.09,-1,2009-07-18 13:00:00
2009,199,14,2401,51,52,61,37,2.3,2.3,36.3,126.6,-1.1,1.5,1.3,1.8,0.8,0.2,0.5,0.4,0.2,0.3,13385.0,7.1,291.0,-0.1,-1.0,0.003,1087.0,0.9,1.0,0.2,0.2,0.001,1.02,-0.23,7.91,16.9,6.0,0.0042,7,0,8,3,69.2,50,-34,16,-0.1,0.005978,999999.99,99999.99,99999.99,0.2,0.14,0.09,-1,2009-07-18 14:00:00
2009,199,15,2401,51,52,59,36,2.0,1.9,54.4,102.6,-0.2,1.1,1.6,1.5,1.3,0.3,0.5,0.4,0.1,0.3,13191.0,8.5,287.0,0.1,-1.1,0.003,832.0,0.3,1.0,0.1,0.3,0.001,1.18,-0.37,12.51,20.9,6.1,0.0027,0,0,6,0,69.2,20,-5,15,-0.4,0.005978,999999.99,99999.99,99999.99,0.22,0.13,0.1,-1,2009-07-18 15:00:00
2009,199,16,2401,51,52,61,37,2.3,1.8,24.0,177.0,-1.7,0.1,0.8,0.3,0.8,0.1,1.4,0.7,1.0,0.8,13764.0,7.0,289.0,-0.0,-2.0,0.005,873.0,0.9,3.0,0.4,0.4,0.001,1.0,-0.23,7.82,16.6,6.0,0.0043,0,0,5,0,69.2,17,-2,14,-0.1,0.005978,999999.99,99999.99,99999.99,0.24,0.13,0.09,-1,2009-07-18 16:00:00
2009,199,17,2401,51,52,64,37,2.4,2.0,12.3,177.0,-2.0,0.1,0.4,0.2,0.4,0.2,1.3,0.8,0.7,0.8,14574.0,5.4,299.0,-0.5,-2.1,0.006,2584.0,0.8,6.0,0.4,0.4,0.001,0.83,-0.12,5.57,14.5,6.0,0.0057,0,0,4,0,69.2,20,-8,13,-0.1,0.005978,999999.99,99999.99,99999.99,0.26,0.16,0.11,-1,2009-07-18 17:00:00
2009,199,18,2401,51,52,60,37,2.2,2.1,-20.3,210.7,-1.7,-1.0,-0.7,-1.1,-0.6,0.2,0.6,0.4,0.1,0.5,19535.0,5.2,306.0,-0.3,-1.6,0.008,2561.0,0.5,3.0,0.3,0.3,0.001,0.84,0.18,6.61,15.9,6.1,0.0047,3,0,3,2,69.2,23,-8,15,0.4,0.005978,999999.99,99999.99,99999.99,0.21,0.12,0.1,-1,2009-07-18 18:00:00
2009,199,19,2401,51,52,60,34,2.5,2.4,-26.1,206.1,-2.0,-1.0,-1.1,-1.1,-1.0,0.1,0.4,0.2,0.3,0.2,17666.0,5.0,305.0,-0.4,-1.1,0.008,2409.0,0.7,2.0,0.2,0.2,0.001,0.8,0.3,4.86,13.6,6.0,0.0064,3,0,2,2,69.2,23,-9,14,0.2,0.005978,999999.99,99999.99,99999.99,0.25,0.13,0.1,-1,2009-07-18 19:00:00
2009,199,20,2401,51,52,60,35,2.5,1.2,6.0,86.4,0.1,1.2,0.1,1.2,0.1,0.3,2.2,1.2,1.5,1.1,19962.0,5.4,308.0,0.0,-1.2,0.007,2585.0,0.4,2.0,0.8,0.2,0.001,0.88,-0.03,5.33,14.3,6.0,0.0058,3,0,3,2,69.2,35,-18,17,0.1,0.005978,999999.99,99999.99,99999.99,0.24,0.12,0.08,-1,2009-07-18 20:00:00
2009,199,21,2401,51,52,60,34,3.0,2.9,19.9,80.3,0.5,2.7,1.0,2.7,1.0,0.2,0.7,0.5,0.2,0.5,17114.0,5.0,309.0,0.1,-1.4,0.006,1471.0,0.3,1.0,0.6,0.3,0.001,0.82,-0.31,3.36,11.5,5.8,0.009,0,0,5,0,69.2,42,-26,16,-0.3,0.005978,999999.99,99999.99,99999.99,0.23,0.11,0.08,-1,2009-07-18 21:00:00
2009,199,22,2401,51,52,60,37,3.3,3.3,9.3,84.5,0.3,3.2,0.5,3.2,0.5,0.1,0.4,0.2,0.1,0.3,17053.0,4.9,308.0,-0.4,-1.1,0.006,1041.0,0.1,1.0,0.3,0.2,0.002,0.79,-0.15,2.72,10.3,5.6,0.0111,0,0,6,0,69.2,39,-24,15,-0.1,0.005978,999999.99,99999.99,99999.99,0.25,0.14,0.08,-1,2009-07-18 22:00:00
2009,199,23,2401,51,52,60,37,3.1,2.9,1.7,85.2,0.2,2.9,0.1,2.9,0.1,0.2,0.9,0.8,0.2,0.4,18883.0,5.0,308.0,-0.1,-1.1,0.007,2342.0,0.2,2.0,0.4,0.3,0.003,0.81,-0.03,3.19,11.1,5.7,0.0096,0,0,9,0,69.2,32,-15,16,0.1,0.005978,999999.99,99999.99,99999.99,0.24,0.14,0.1,-1,2009-07-18 23:00:00
2009,200,0,2401,51,52,58,35,3.3,3.3,5.4,69.9,1.1,3.1,0.3,3.1,0.2,0.3,0.5,0.3,0.2,0.3,15559.0,4.9,304.0,-0.3,-1.5,0.009,2057.0,0.2,2.0,0.5,0.3,0.002,0.78,-0.06,2.69,10.2,5.6,0.0114,0,0,9,0,69.9,30,-14,16,0.3,0.005998,999999.99,99999.99,99999.99,0.22,0.11,0.08,-1,2009-07-19 00:00:00
2009,200,1,2401,51,52,60,36,3.1,2.9,12.2,91.7,-0.1,2.8,0.6,2.8,0.5,0.3,1.0,0.4,0.3,0.8,20679.0,5.2,299.0,0.1,-2.1,0.007,914.0,0.1,1.0,0.3,0.3,0.002,0.8,-0.15,3.35,11.0,5.6,0.0098,0,0,7,0,69.9,38,-15,22,0.4,0.005998,999999.99,99999.99,99999.99,0.2,0.09,0.07,-1,2009-07-19 01:00:00
2009,200,2,2401,51,52,59,36,3.3,3.2,31.0,104.4,-0.7,2.7,1.7,2.8,1.5,0.1,0.5,0.3,0.2,0.3,19102.0,5.1,297.0,-0.4,-2.3,0.005,904.0,0.2,1.0,0.3,0.2,0.001,0.77,-0.45,2.87,10.2,5.4,0.0115,0,0,6,0,69.9,29,-15,14,0.1,0.005998,999999.99,99999.99,99999.99,0.25,0.13,0.09,-1,2009-07-19 02:00:00
2009,200,3,2401,51,52,59,37,3.2,3.2,37.7,109.5,-0.8,2.4,1.9,2.6,1.6,0.1,0.6,0.2,0.3,0.5,19341.0,5.4,294.0,-0.0,-2.5,0.005,1442.0,0.2,1.0,0.2,0.3,0.001,0.8,-0.47,3.24,10.7,5.5,0.0104,3,0,5,2,69.9,27,-17,10,-0.1,0.005998,999999.99,99999.99,99999.99,0.26,0.12,0.08,-1,2009-07-19 03:00:00
2009,200,4,2401,51,52,61,37,3.4,3.3,57.1,145.1,-1.5,1.0,2.8,1.5,2.6,0.2,0.9,0.2,0.8,0.4,17363.0,5.6,294.0,0.0,-2.6,0.005,895.0,0.2,1.0,0.2,0.3,0.001,0.82,-0.76,2.94,10.2,5.4,0.0114,3,0,4,2,69.9,23,-15,8,-0.1,0.005998,999999.99,99999.99,99999.99,0.3,0.15,0.11,-1,2009-07-19 04:00:00
2009,200,5,2401,51,52,59,35,3.2,3.2,58.3,195.8,-1.6,-0.5,2.7,0.1,2.7,0.1,0.5,0.3,0.3,0.2,18148.0,6.2,293.0,0.1,-2.8,0.005,882.0,0.3,2.0,0.4,0.2,0.001,0.91,-0.79,3.69,11.4,5.6,0.0092,3,0,5,2,69.9,14,-9,5,-0.3,0.005998,999999.99,99999.99,99999.99,0.26,0.15,0.1,-1,2009-07-19 05:00:00
2009,200,6,2401,51,52,60,37,2.8,2.2,32.5,151.9,-1.6,0.9,1.2,1.2,0.9,0.2,1.8,0.2,1.4,1.1,18887.0,6.5,291.0,-0.3,-2.3,0.005,2267.0,0.3,1.0,0.3,0.2,0.001,0.94,-0.26,5.08,13.2,5.7,0.0068,3,0,4,2,69.9,10,-3,7,-0.4,0.005998,999999.99,99999.99,99999.99,0.22,0.14,0.1,-1,2009-07-19 06:00:00
2009,200,7,2401,51,52,60,35,2.9,2.8,-28.4,100.4,-0.4,2.4,-1.3,1.9,-2.0,0.2,0.9,0.5,0.4,0.5,18682.0,6.0,290.0,-0.5,-1.5,0.006,1957.0,0.3,1.0,0.4,0.4,0.001,0.86,0.58,4.36,12.2,5.6,0.0079,3,0,3,2,69.9,42,-9,33,0.2,0.005998,999999.99,99999.99,99999.99,0.25,0.17,0.11,-1,2009-07-19 07:00:00
2009,200,8,2401,51,52,60,37,2.2,1.9,-29.8,90.8,0.0,1.7,-1.0,1.3,-1.5,0.3,1.1,0.4,0.8,0.7,17527.0,6.1,289.0,-0.8,-1.2,0.006,1014.0,0.2,1.0,0.2,0.2,0.001,0.87,0.43,7.65,16.2,5.9,0.0045,3,0,0,2,69.9,67,-18,49,0.3,0.005998,999999.99,99999.99,99999.99,0.26,0.12,0.09,-1,2009-07-19 08:00:00
2009,200,9,2401,51,52,60,35,2.2,2.1,-21.3,78.9,0.4,1.9,-0.8,1.5,-1.4,0.1,0.5,0.3,0.2,0.4,16241.0,6.1,290.0,-0.8,-1.4,0.005,1427.0,0.2,1.0,0.2,0.2,0.0,0.87,0.41,7.58,16.3,5.9,0.0045,3,0,0,2,69.9,84,-47,38,0.3,0.005998,999999.99,99999.99,99999.99,0.21,0.14,0.11,-1,2009-07-19 09:00:00
2009,200,10,2401,51,52,60,37,1.9,1.8,-11.3,83.2,0.2,1.8,-0.4,1.5,-1.0,0.1,0.6,0.3,0.2,0.4,16697.0,6.1,289.0,-1.0,-1.4,0.005,1659.0,0.1,1.0,0.1,0.2,0.001,0.87,0.29,10.2,18.8,6.0,0.0034,3,0,-1,2,69.9,112,-56,57,0.6,0.005998,999999.99,99999.99,99999.99,0.21,0.12,0.1,-1,2009-07-19 10:00:00
2009,200,11,2401,51,52,59,35,2.0,1.8,-29.6,101.6,-0.3,1.5,-0.9,1.1,-1.4,0.2,1.0,0.3,0.3,0.8,13537.0,6.2,290.0,-0.8,-1.4,0.004,1132.0,0.3,1.0,0.2,0.2,0.001,0.88,0.41,9.15,18.1,6.1,0.0036,3,0,-1,2,69.9,39,-22,17,0.4,0.005998,999999.99,99999.99,99999.99,0.21,0.13,0.09,-1,2009-07-19 11:00:00
2009,200,12,2401,51,52,60,37,2.3,2.3,-6.5,100.0,-0.4,2.3,-0.3,2.0,-1.1,0.2,0.4,0.1,0.3,0.2,13523.0,5.8,288.0,-0.1,-1.6,0.005,974.0,0.4,1.0,0.3,0.1,0.001,0.82,0.32,6.47,15.1,5.9,0.0052,3,0,0,2,69.9,49,-37,13,0.4,0.005998,999999.99,99999.99,99999.99,0.22,0.12,0.09,-1,2009-07-19 12:00:00
2009,200,13,2401,51,52,60,36,2.4,2.3,-1.0,93.8,-0.2,2.3,0.0,2.2,-0.8,0.1,0.3,0.2,0.1,0.2,14231.0,6.1,287.0,-0.5,-1.3,0.004,1122.0,0.2,1.0,0.1,0.2,0.001,0.85,0.23,6.28,14.8,5.8,0.0055,3,0,3,2,69.9,46,-29,17,0.5,0.005998,999999.99,99999.99,99999.99,0.25,0.14,0.11,-1,2009-07-19 13:00:00
2009,200,14,2401,51,52,60,36,2.3,2.0,14.3,94.6,-0.2,1.9,0.5,2.0,-0.1,0.2,1.2,0.3,0.5,1.1,14000.0,5.9,286.0,0.0,-1.4,0.004,1452.0,0.3,0.0,0.4,0.4,0.001,0.82,0.03,6.61,15.1,5.8,0.0052,3,0,5,2,69.9,65,-50,15,0.6,0.005998,999999.99,99999.99,99999.99,0.24,0.14,0.12,-1,2009-07-19 14:00:00
2009,200,15,2401,51,52,59,37,2.2,2.0,54.9,101.5,-0.2,1.1,1.7,1.5,1.3,0.2,0.7,0.5,0.5,0.2,13182.0,6.2,285.0,-0.2,-1.8,0.004,1305.0,0.3,1.0,0.3,0.4,0.001,0.85,-0.37,7.54,16.1,5.9,0.0046,0,0,4,0,69.9,52,-37,15,-0.2,0.005998,999999.99,99999.99,99999.99,0.21,0.12,0.1,-1,2009-07-19 15:00:00
2009,200,16,2401,51,52,60,36,2.5,2.0,53.4,85.0,0.1,1.2,1.6,1.5,1.3,0.3,1.6,0.7,1.3,0.5,14349.0,6.0,284.0,-0.1,-1.7,0.004,988.0,0.3,1.0,0.4,0.3,0.0,0.82,-0.37,5.7,13.9,5.7,0.0061,0,0,1,0,69.9,30,-17,13,-0.1,0.005998,999999.99,99999.99,99999.99,0.22,0.13,0.1,-1,2009-07-19 16:00:00
2009,200,17,2401,51,52,60,35,2.7,2.6,21.3,79.3,0.5,2.4,1.0,2.5,0.6,0.2,0.6,0.2,0.2,0.5,14750.0,6.2,285.0,-0.0,-1.5,0.004,982.0,0.3,1.0,0.2,0.2,0.001,0.85,-0.17,5.06,13.1,5.7,0.0069,0,0,0,0,69.9,37,-13,24,-0.3,0.005998,999999.99,99999.99,99999.99,0.2,0.12,0.09,-1,2009-07-19 17:00:00
2009,200,18,2401,51,52,61,30,2.5,2.4,-0.1,92.5,-0.1,2.4,0.0,2.4,-0.3,0.1,0.5,0.4,0.2,0.3,14091.0,6.6,284.0,0.2,-1.7,0.004,932.0,0.3,1.0,0.3,0.2,0.001,0.9,0.09,6.26,14.6,5.8,0.0056,0,0,1,0,69.9,35,-5,30,-0.3,0.005998,999999.99,99999.99,99999.99,0.22,0.11,0.09,-1,2009-07-19 18:00:00
2009,200,19,2401,51,52,58,36,2.2,2.1,-0.1,109.9,-0.7,1.9,0.0,1.9,-0.1,0.2,0.8,0.4,0.3,0.6,14140.0,7.2,284.0,-0.2,-1.4,0.004,2235.0,0.2,1.0,0.3,0.2,0.0,0.99,0.03,8.82,17.3,5.9,0.004,0,0,2,0,69.9,45,-12,33,-0.1,0.005998,999999.99,99999.99,99999.99,0.22,0.12,0.09,-1,2009-07-19 19:00:00
2009,200,20,2401,51,52,61,36,2.2,2.1,82.7,223.8,-0.2,-0.2,2.1,-0.1,2.1,0.3,0.7,0.2,0.6,0.5,16224.0,7.4,282.0,-1.1,-1.2,0.003,1499.0,0.3,1.0,0.2,0.3,0.0,0.99,-0.59,9.2,17.4,5.8,0.0039,0,0,3,0,69.9,41,-17,24,-0.2,0.005998,999999.99,99999.99,99999.99,0.22,0.14,0.08,-1,2009-07-19 20:00:00
2009,200,21,2401,51,52,60,37,2.8,2.0,26.5,85.9,0.1,1.8,0.9,1.8,0.9,0.1,2.0,0.3,1.4,1.4,18437.0,7.3,282.0,-1.2,-0.9,0.005,1791.0,0.3,1.0,0.3,0.3,0.001,0.99,-0.25,5.69,13.6,5.6,0.0064,0,0,3,0,69.9,36,-18,18,-0.2,0.005998,999999.99,99999.99,99999.99,0.2,0.12,0.09,-1,2009-07-19 21:00:00
2009,200,22,2401,51,52,60,36,2.9,2.8,-16.9,100.4,-0.5,2.7,-0.8,2.7,-0.8,0.1,0.7,0.5,0.2,0.5,18083.0,7.5,283.0,-0.8,-1.0,0.004,1455.0,0.3,1.0,0.3,0.2,0.0,1.02,0.23,5.43,13.4,5.6,0.0067,0,0,4,0,69.9,36,-16,20,-0.1,0.005998,999999.99,99999.99,99999.99,0.24,0.13,0.1,-1,2009-07-19 22:00:00
2009,200,23,2401,51,52,61,37,2.0,1.8,-10.7,97.3,-0.2,1.7,-0.3,1.7,-0.3,0.8,1.2,0.7,0.7,0.6,18359.0,8.3,284.0,-0.8,-1.1,0.004,1369.0,0.4,1.0,0.2,0.2,0.001,1.14,0.09,12.67,20.5,5.9,0.0028,0,0,5,0,69.9,29,-13,15,0.1,0.005998,999999.99,99999.99,99999.99,0.22,0.12,0.09,-1,2009-07-19 23:00:00
2009,201,0,2401,51,52,56,33,2.3,2.1,5.9,84.4,0.2,2.1,0.2,2.1,0.1,0.4,0.9,0.3,0.5,0.7,20631.0,8.9,287.0,-1.2,-0.4,0.005,1485.0,0.5,2.0,0.2,0.4,0.001,1.25,-0.03,10.43,18.6,5.9,0.0034,3,0,5,2,70.4,28,-17,12,-0.1,0.00601,999999.99,99999.99,99999.99,0.25,0.13,0.1,-1,2009-07-20 00:00:00
2009,201,1,2401,51,52,39,21,3.0,2.9,-8.4,96.2,-0.3,2.8,-0.4,2.8,-0.6,0.2,0.7,0.5,0.3,0.4,21275.0,9.5,288.0,-1.1,-0.4,0.004,1341.0,0.3,1.0,0.3,0.3,0.001,1.34,0.17,6.57,14.8,5.7,0.0054,3,0,6,2,70.4,39,-19,20,0.1,0.00601,999999.99,99999.99,99999.99,0.22,0.12,0.09,-1,2009-07-20 01:00:00
2009,201,2,2401,71,71,15,15,3.7,1.5,25.2,94.9,-0.1,1.4,0.6,1.4,0.5,0.4,3.3,1.0,2.6,1.6,9999999.0,999.9,284.0,1.4,2.6,9.999,9999999.0,999.9,1.0,1.2,0.9,9.999,99.99,-0.14,999.99,999.9,99.9,9.9999,3,0,7,2,70.4,45,-16,28,0.2,0.00601,999999.99,99999.99,99999.99,0.25,0.13,0.1,-1,2009-07-20 02:00:00
2009,201,3,2401,71,71,15,15,3.7,2.9,26.4,90.8,0.0,2.6,1.3,2.8,0.9,0.4,2.3,0.5,1.3,1.8,9999999.0,999.9,286.0,2.2,2.3,9.999,9999999.0,999.9,2.0,0.9,1.1,9.999,99.99,-0.26,999.99,999.9,99.9,9.9999,13,0,8,5,70.4,40,-12,29,0.3,0.00601,999999.99,99999.99,99999.99,0.26,0.14,0.11,-1,2009-07-20 03:00:00
2009,201,4,2401,71,71,15,15,4.6,3.1,51.0,316.0,1.4,-1.4,2.4,-1.0,2.6,1.0,3.5,1.1,2.7,1.8,9999999.0,999.9,288.0,0.2,3.6,9.999,9999999.0,999.9,1.0,2.1,1.8,9.999,99.99,-0.75,999.99,999.9,99.9,9.9999,13,0,7,5,70.4,43,-8,36,0.3,0.00601,999999.99,99999.99,99999.99,0.22,0.09,0.07,-1,2009-07-20 04:00:00
2009,201,5,2401,71,71,16,16,6.1,6.0,38.5,293.8,1.9,-4.3,3.7,-3.4,4.6,0.2,0.8,0.2,0.3,0.8,9999999.0,999.9,289.0,-1.9,4.6,9.999,9999999.0,999.9,1.0,0.6,0.6,9.999,99.99,-1.33,999.99,999.9,99.9,9.9999,13,0,8,5,70.4,27,-4,23,-0.3,0.00601,999999.99,99999.99,99999.99,0.25,0.12,0.09,-1,2009-07-20 05:00:00
2009,201,6,2401,71,71,16,16,5.9,4.5,48.0,292.8,1.2,-2.8,3.3,-1.8,3.9,0.7,3.7,1.4,2.9,1.9,9999999.0,999.9,296.0,1.2,0.5,9.999,9999999.0,999.9,5.0,2.2,3.1,9.999,99.99,-1.15,999.99,999.9,99.9,9.9999,13,0,12,5,70.4,28,-1,27,-0.4,0.00601,999999.99,99999.99,99999.99,0.24,0.15,0.1,-1,2009-07-20 06:00:00
2009,201,7,2401,51,52,19,11,5.1,5.0,-61.8,90.6,0.0,2.3,-4.4,0.8,-4.9,0.2,0.8,0.6,0.4,0.4,39449.0,15.2,316.0,-0.5,-5.3,0.003,2926.0,0.5,4.0,0.4,0.5,0.0,2.57,1.55,4.08,12.1,5.7,0.0082,13,0,14,5,70.4,52,-7,45,0.4,0.00601,999999.99,99999.99,99999.99,0.25,0.13,0.1,-1,2009-07-20 07:00:00
2009,201,8,2401,51,52,59,37,5.4,5.3,-79.1,241.5,-0.5,-0.9,-5.2,-2.6,-4.6,0.1,0.9,0.6,0.7,0.3,29292.0,16.5,311.0,-2.2,-5.2,0.002,9519.0,0.7,1.0,0.5,0.3,0.0,2.69,1.43,3.71,11.7,5.7,0.0087,13,0,9,5,70.4,137,-63,74,1.0,0.00601,999999.99,99999.99,99999.99,0.22,0.12,0.09,-1,2009-07-20 08:00:00
2009,201,9,2401,51,52,60,36,6.0,5.6,-63.3,81.3,0.4,2.5,-5.0,0.5,-5.6,0.5,2.2,0.4,1.9,1.1,26442.0,13.3,309.0,-1.3,-4.9,0.003,4894.0,2.3,2.0,0.9,0.7,0.001,2.15,1.73,2.38,9.4,5.4,0.0135,20,0,2,7,70.4,322,-252,70,1.1,0.00601,999999.99,99999.99,99999.99,0.25,0.13,0.09,-1,2009-07-20 09:00:00
2009,201,10,2401,51,52,60,35,5.0,4.0,-33.2,86.9,0.2,3.4,-2.2,2.3,-3.3,0.8,3.0,1.4,2.0,1.7,28479.0,16.0,307.0,0.2,-5.5,0.003,5158.0,2.1,3.0,1.1,0.8,0.001,2.55,1.01,4.18,12.3,5.7,0.0079,20,0,-4,7,70.4,308,-189,119,2.4,0.00601,999999.99,99999.99,99999.99,0.21,0.13,0.1,-1,2009-07-20 10:00:00
2009,201,11,2401,51,52,60,35,5.7,5.4,-56.1,5.2,3.0,0.3,-4.5,-1.4,-4.3,0.3,1.9,0.6,1.7,0.5,41085.0,10.5,305.0,0.2,-5.0,0.006,5565.0,1.7,3.0,0.5,0.8,0.001,1.67,1.31,2.28,8.7,5.0,0.0158,20,0,-8,7,70.4,285,-166,119,1.6,0.00601,999999.99,99999.99,99999.99,0.26,0.15,0.11,-1,2009-07-20 11:00:00
2009,201,12,2401,51,52,60,37,5.7,5.2,-72.4,9.9,1.6,0.3,-5.0,-1.6,-4.8,0.2,2.2,1.4,1.6,0.7,42066.0,8.5,311.0,0.3,-3.7,0.008,6767.0,1.4,6.0,1.4,0.7,0.001,1.42,1.49,1.85,8.0,4.9,0.0188,17,0,-12,6,70.4,383,-221,162,2.0,0.00601,999999.99,99999.99,99999.99,0.3,0.14,0.1,-1,2009-07-20 12:00:00
2009,201,13,2401,51,52,59,36,6.0,6.0,-64.1,69.6,0.9,2.4,-5.4,0.4,-5.9,0.2,0.8,0.4,0.6,0.3,41819.0,7.4,306.0,-0.7,-3.7,0.008,6941.0,1.3,3.0,0.7,0.7,0.001,1.19,1.81,1.46,6.9,4.6,0.0247,17,0,-14,6,70.4,283,-172,111,2.0,0.00601,999999.99,99999.99,99999.99,0.22,0.13,0.09,-1,2009-07-20 13:00:00
2009,201,14,2401,51,52,61,37,5.7,5.5,-61.0,26.5,2.4,1.2,-4.8,-0.4,-4.9,0.4,1.7,1.3,0.8,0.8,43354.0,8.0,305.0,-1.3,-3.9,0.008,7431.0,1.4,3.0,0.7,0.6,0.002,1.28,1.49,1.76,7.6,4.8,0.0208,17,0,-15,6,70.4,447,-284,162,2.4,0.00601,999999.99,99999.99,99999.99,0.23,0.14,0.09,-1,2009-07-20 14:00:00
2009,201,15,2401,51,52,61,35,5.3,5.1,-43.4,344.0,3.5,-1.0,-3.5,-1.9,-3.1,0.4,1.5,0.4,1.3,0.6,47904.0,9.5,306.0,-1.0,-5.2,0.007,4268.0,1.1,2.0,0.6,0.5,0.001,1.53,0.95,2.48,8.9,5.0,0.015,23,0,-17,9,70.4,469,-303,166,2.4,0.00601,999999.99,99999.99,99999.99,0.25,0.13,0.09,-1,2009-07-20 15:00:00
2009,201,16,2401,51,52,62,38,5.8,2.7,-7.3,295.9,1.2,-2.4,-0.3,-2.4,0.2,0.6,5.1,2.5,1.7,4.1,49605.0,5.2,309.0,0.4,-5.2,0.025,17560.0,1.8,5.0,1.1,2.0,0.0,0.91,-0.06,1.14,6.1,4.3,0.0322,23,0,-22,9,70.4,233,-135,98,2.0,0.00601,999999.99,99999.99,99999.99,0.24,0.11,0.08,-1,2009-07-20 16:00:00
2009,201,17,2401,51,52,58,36,7.0,6.9,48.5,236.8,-2.5,-3.9,5.2,-3.0,5.8,0.2,1.0,0.4,0.9,0.3,58636.0,3.9,318.0,0.3,-2.3,0.016,10965.0,0.7,3.0,0.8,0.8,0.009,0.7,-1.84,0.62,4.5,3.6,0.0591,23,0,-19,9,70.4,208,-154,54,1.2,0.00601,999999.99,99999.99,99999.99,0.24,0.11,0.09,-1,2009-07-20 17:00:00
2009,201,18,2401,51,52,62,35,6.4,6.0,35.6,257.2,-1.1,-4.7,3.5,-4.2,4.0,0.8,2.3,1.4,0.9,1.7,66010.0,3.1,315.0,1.0,-3.0,0.023,22972.0,0.9,6.0,2.1,1.6,0.001,0.56,-1.26,0.61,4.3,3.5,0.0634,3,0,-17,2,70.4,46,-13,33,2.0,0.00601,999999.99,99999.99,99999.99,0.24,0.13,0.09,-1,2009-07-20 18:00:00
2009,201,19,2401,51,52,60,32,6.2,5.8,29.4,288.6,1.6,-4.8,2.9,-4.6,3.3,0.6,2.2,1.2,0.7,1.7,59546.0,3.3,321.0,4.2,-2.9,0.02,23494.0,0.9,8.0,1.4,2.1,0.0,0.61,-1.06,0.67,4.7,3.7,0.0538,3,0,-13,2,70.4,50,-12,37,1.7,0.00601,999999.99,99999.99,99999.99,0.27,0.14,0.11,-1,2009-07-20 19:00:00
2009,201,20,2401,51,52,60,36,6.7,6.6,35.6,272.5,0.2,-5.3,3.8,-5.1,4.0,0.1,1.1,0.9,0.3,0.5,58887.0,3.4,320.0,3.3,-0.7,9.999,10840.0,0.6,2.0,0.5,0.6,9.999,0.7,-1.28,0.59,4.4,3.6,0.0613,3,0,-11,2,70.4,33,-11,22,1.2,0.00601,999999.99,99999.99,99999.99,0.25,0.15,0.11,-1,2009-07-20 20:00:00
2009,201,21,2401,51,52,59,34,6.7,6.4,44.9,264.8,-0.4,-4.5,4.5,-4.4,4.6,0.2,1.9,0.8,1.5,0.9,85221.0,3.7,318.0,3.4,-1.0,0.012,30510.0,1.1,5.0,1.1,1.0,0.0,0.65,-1.46,0.73,4.6,3.6,0.0571,0,0,-11,0,70.4,30,-8,22,0.6,0.00601,999999.99,99999.99,99999.99,0.2,0.11,0.08,-1,2009-07-20 21:00:00
2009,201,22,2401,51,52,57,31,6.4,6.0,28.3,291.8,2.0,-4.9,2.9,-4.9,3.0,0.4,2.2,1.7,0.6,1.3,53628.0,3.8,307.0,2.9,-2.1,0.032,10282.0,1.1,7.0,0.6,1.3,0.0,0.67,-0.92,0.7,4.7,3.7,0.0544,0,0,-11,0,70.4,38,-15,24,0.3,0.00601,999999.99,99999.99,99999.99,0.24,0.13,0.09,-1,2009-07-20 22:00:00
2009,201,23,2401,51,52,57,31,6.3,6.2,11.4,300.9,3.1,-5.2,1.2,-5.2,1.3,0.4,1.3,0.8,0.6,0.8,55436.0,5.1,299.0,3.6,-3.9,0.008,16074.0,1.8,6.0,1.4,1.3,0.0,0.79,-0.39,0.98,5.4,3.9,0.0414,0,0,-10,0,70.4,46,-23,24,0.3,0.00601,999999.99,99999.99,99999.99,0.2,0.12,0.1,-1,2009-07-20 23:00:00
2009,202,0,2401,51,52,69,40,5.6,4.1,43.6,224.5,-2.1,-2.1,2.8,-2.0,2.9,0.2,3.8,3.1,1.8,1.5,50353.0,7.0,321.0,4.0,-2.3,0.004,8695.0,1.5,18.0,1.2,1.9,0.0,1.22,-0.93,1.66,7.6,4.9,0.0207,7,0,-5,3,69.9,42,-24,18,-0.1,0.006027,999999.99,99999.99,99999.99,0.24,0.13,0.1,-1,2009-07-21 00:00:00
2009,202,1,2401,51,52,56,34,4.4,1.0,64.4,352.3,0.4,-0.1,0.9,0.0,0.9,1.1,4.4,3.8,1.7,1.2,65838.0,8.7,324.0,4.4,-2.1,9.999,12032.0,1.1,5.0,0.7,1.1,9.999,1.83,-0.29,3.63,10.9,5.3,0.0101,7,0,-2,3,69.9,47,-30,16,0.1,0.006027,999999.99,99999.99,99999.99,0.23,0.13,0.09,-1,2009-07-21 01:00:00
2009,202,2,2401,51,52,64,38,4.1,2.4,44.0,34.4,1.4,1.0,1.7,1.2,1.6,0.9,3.3,1.9,1.8,2.0,60140.0,9.8,328.0,3.8,-0.7,0.004,18465.0,2.2,7.0,0.6,1.2,0.001,1.79,-0.52,4.57,12.5,5.6,0.0076,7,0,2,3,69.9,37,-24,13,-0.1,0.006027,999999.99,99999.99,99999.99,0.23,0.11,0.09,-1,2009-07-21 02:00:00
2009,202,3,2401,51,52,61,36,7.0,5.7,81.0,177.5,-0.9,0.0,5.6,0.8,5.5,0.9,4.1,0.9,3.4,2.0,39222.0,7.6,339.0,1.5,-2.3,0.005,9916.0,1.9,5.0,1.4,1.9,0.001,1.49,-1.86,1.08,6.7,4.8,0.0267,10,0,4,4,69.9,30,-16,14,0.2,0.006027,999999.99,99999.99,99999.99,0.21,0.11,0.08,-1,2009-07-21 03:00:00
2009,202,4,2401,51,52,58,35,7.1,6.3,54.4,75.0,1.0,3.6,5.2,4.5,4.4,0.9,3.2,1.3,2.2,2.0,42076.0,7.2,332.0,3.3,-1.8,0.008,9156.0,1.5,4.0,1.0,0.8,0.001,1.37,-1.46,1.01,6.3,4.6,0.0302,10,0,4,4,69.9,19,-3,16,-0.3,0.006027,999999.99,99999.99,99999.99,0.24,0.14,0.1,-1,2009-07-21 04:00:00
2009,202,5,2401,51,52,63,38,6.7,6.4,32.8,84.6,0.5,5.4,3.5,6.1,2.2,0.7,2.1,1.0,0.7,1.6,24935.0,8.7,336.0,1.7,-0.6,0.004,5278.0,1.9,5.0,1.9,1.2,0.001,1.67,-0.74,1.24,7.4,5.1,0.0217,10,0,3,4,69.9,26,2,28,1.0,0.006027,999999.99,99999.99,99999.99,0.31,0.14,0.09,-1,2009-07-21 05:00:00
2009,202,6,2401,51,52,59,36,7.6,7.6,29.7,89.4,0.1,6.6,3.7,7.4,1.8,0.1,0.7,0.3,0.3,0.6,18692.0,6.9,339.0,0.5,-0.9,0.004,2174.0,0.5,3.0,0.4,0.5,0.0,1.35,-0.61,0.73,5.9,4.6,0.0347,7,0,-1,3,69.9,25,0,25,1.0,0.006027,999999.99,99999.99,99999.99,0.24,0.14,0.1,-1,2009-07-21 06:00:00
2009,202,7,2401,51,52,59,37,7.6,7.5,27.7,88.5,0.2,6.7,3.5,7.5,1.2,0.1,0.9,0.4,0.3,0.7,12909.0,7.6,337.0,0.6,-0.3,0.004,1627.0,0.5,3.0,0.6,1.0,0.0,1.46,-0.4,0.77,6.1,4.7,0.0318,7,0,-2,3,69.9,118,-67,52,1.3,0.006027,999999.99,99999.99,99999.99,0.29,0.14,0.09,-1,2009-07-21 07:00:00
2009,202,8,2401,51,52,62,34,7.2,7.1,25.9,88.0,0.2,6.4,3.1,7.1,0.7,0.2,1.3,0.5,0.7,1.0,12479.0,9.5,338.0,0.5,0.7,0.003,1883.0,1.2,3.0,0.3,1.1,0.0,1.83,-0.24,1.07,7.2,5.2,0.0227,7,0,0,3,69.9,80,-29,52,1.2,0.006027,999999.99,99999.99,99999.99,0.22,0.11,0.08,-1,2009-07-21 08:00:00
2009,202,9,2401,51,52,58,35,7.2,7.2,13.8,81.6,1.0,6.9,1.7,7.0,-0.9,0.1,0.6,0.3,0.2,0.5,12164.0,9.3,336.0,1.0,-0.2,0.003,1707.0,0.7,2.0,0.6,0.8,0.0,1.77,0.3,1.05,7.1,5.2,0.0235,10,0,1,4,69.9,51,-26,24,1.2,0.006027,999999.99,99999.99,99999.99,0.24,0.14,0.1,-1,2009-07-21 09:00:00
2009,202,10,2401,51,52,59,36,7.6,7.5,19.7,79.8,1.3,7.0,2.5,7.4,-0.3,0.1,0.4,0.2,0.2,0.3,11572.0,7.3,333.0,1.0,1.1,0.003,1226.0,0.7,3.0,0.2,0.5,0.0,1.37,0.1,0.74,5.9,4.6,0.0339,10,0,-3,4,69.9,52,-25,27,1.2,0.006027,999999.99,99999.99,99999.99,0.24,0.15,0.1,-1,2009-07-21 10:00:00
2009,202,11,2401,51,52,57,22,7.8,7.6,0.4,71.8,2.4,7.2,0.1,6.7,-2.7,0.2,1.6,0.3,0.3,1.6,13624.0,5.0,322.0,1.7,-4.6,0.006,1444.0,1.0,3.0,0.6,1.8,0.001,0.89,0.87,0.49,4.6,3.9,0.0558,10,0,-7,4,69.9,122,-98,24,1.3,0.006027,999999.99,99999.99,99999.99,0.24,0.12,0.09,-1,2009-07-21 11:00:00
2009,202,12,2401,51,52,63,2,8.0,7.9,3.4,66.3,3.2,7.3,0.5,7.0,-2.3,0.0,0.9,0.5,0.2,0.8,15586.0,3.8,327.0,1.7,-2.2,0.005,291.0,0.1,1.0,0.0,0.0,0.0,0.69,0.75,0.36,4.0,3.5,0.0749,7,0,-8,3,69.9,108,-72,36,1.6,0.006027,999999.99,99999.99,99999.99,0.23,0.13,0.08,-1,2009-07-21 12:00:00
2009,202,13,2401,51,52,58,36,8.2,8.2,1.8,71.2,2.6,7.7,0.3,7.3,-2.4,0.1,0.7,0.4,0.2,0.6,12227.0,4.5,321.0,1.4,-1.2,0.006,1667.0,0.3,3.0,0.3,0.7,0.001,0.79,0.77,0.39,4.2,3.6,0.069,7,0,-7,3,69.9,76,-45,31,1.4,0.006027,999999.99,99999.99,99999.99,0.2,0.12,0.1,-1,2009-07-21 13:00:00
2009,202,14,2401,51,52,55,34,8.1,8.1,-5.0,65.9,3.3,7.3,-0.7,6.7,-3.0,0.2,1.0,0.7,0.4,0.6,13131.0,5.2,320.0,1.6,-0.6,0.006,1967.0,0.7,6.0,0.4,0.7,0.001,0.91,0.96,0.47,4.5,3.8,0.0586,7,0,-3,3,69.9,106,-70,36,1.5,0.006027,999999.99,99999.99,99999.99,0.2,0.13,0.1,-1,2009-07-21 14:00:00
2009,202,15,2401,51,52,60,37,8.2,8.2,-13.8,54.4,4.6,6.4,-1.9,5.6,-3.6,0.1,0.6,0.4,0.3,0.3,12484.0,4.8,304.0,1.1,-2.4,0.007,1519.0,0.4,4.0,0.5,0.6,0.001,0.76,1.09,0.42,4.1,3.5,0.0721,10,0,-4,4,69.9,144,-104,40,1.2,0.006027,999999.99,99999.99,99999.99,0.23,0.13,0.1,-1,2009-07-21 15:00:00
2009,202,16,2401,51,52,9,4,7.9,7.9,-3.8,66.2,3.2,7.2,-0.5,6.9,-2.1,0.1,0.8,0.6,0.2,0.5,13588.0,5.6,309.0,1.6,-1.3,0.005,2417.0,0.3,4.0,0.5,0.9,0.001,0.91,0.65,0.53,4.6,3.8,0.0555,10,0,-4,4,69.9,168,-118,50,1.0,0.006027,999999.99,99999.99,99999.99,0.2,0.11,0.08,-1,2009-07-21 16:00:00
2009,202,17,2401,51,52,56,33,7.7,7.6,-14.0,51.8,4.6,5.8,-1.8,5.4,-2.8,0.1,1.0,0.5,0.5,0.6,12177.0,5.6,303.0,0.0,-1.6,0.007,1929.0,0.4,4.0,0.6,0.7,0.001,0.88,0.85,0.55,4.7,3.8,0.0549,10,0,-7,4,69.9,241,-176,65,1.3,0.006027,999999.99,99999.99,99999.99,0.25,0.14,0.09,-1,2009-07-21 17:00:00
2009,202,18,2401,51,52,62,38,7.4,7.2,-13.5,56.2,3.9,5.8,-1.7,5.5,-2.4,0.2,1.7,0.7,0.7,1.4,12531.0,5.6,305.0,0.4,-1.6,0.006,1979.0,0.7,5.0,0.8,1.3,0.001,0.89,0.73,0.6,4.9,4.0,0.05,10,0,-7,4,69.9,173,-109,64,1.4,0.006027,999999.99,99999.99,99999.99,0.23,0.15,0.09,-1,2009-07-21 18:00:00
2009,202,19,2401,51,52,59,36,6.5,6.3,-23.0,50.0,3.7,4.4,-2.5,4.2,-2.9,0.5,1.7,0.3,1.5,0.6,15509.0,8.0,305.0,-0.1,-1.3,0.004,3131.0,1.7,3.0,1.5,0.6,0.001,1.26,0.88,1.13,6.6,4.7,0.027,10,0,-7,4,69.9,98,-33,64,1.2,0.006027,999999.99,99999.99,99999.99,0.22,0.13,0.09,-1,2009-07-21 19:00:00
2009,202,20,2401,51,52,59,29,4.9,4.8,-40.0,359.5,3.7,0.0,-3.1,-0.2,-3.1,0.2,0.7,0.3,0.5,0.4,17192.0,14.2,304.0,2.6,-0.6,0.002,2442.0,1.5,2.0,0.4,0.4,0.0,2.21,0.94,3.58,11.7,5.8,0.0087,10,0,-1,4,69.9,87,-24,62,1.6,0.006027,999999.99,99999.99,99999.99,0.25,0.12,0.09,-1,2009-07-21 20:00:00
2009,202,21,2401,51,52,59,37,4.7,4.7,-39.6,349.5,3.6,-0.7,-3.0,-0.8,-3.0,0.2,0.5,0.2,0.5,0.1,19689.0,16.3,300.0,2.8,-0.2,0.002,3171.0,0.4,1.0,0.3,0.4,0.0,2.47,0.9,4.54,12.9,5.8,0.0072,10,0,3,4,69.9,74,-21,53,1.8,0.006027,999999.99,99999.99,99999.99,0.27,0.14,0.1,-1,2009-07-21 21:00:00
2009,202,22,2401,51,52,61,37,5.4,5.4,-43.0,322.4,3.1,-2.4,-3.7,-2.5,-3.6,0.5,0.7,0.3,0.5,0.4,25392.0,16.8,303.0,1.0,0.7,0.002,1453.0,0.8,2.0,1.2,0.3,0.0,2.6,1.09,3.69,11.5,5.6,0.009,10,0,5,4,69.9,82,-24,59,1.6,0.006027,999999.99,99999.99,99999.99,0.26,0.12,0.08,-1,2009-07-21 22:00:00
2009,202,23,2401,51,52,58,35,6.8,6.8,-41.0,329.2,4.4,-2.6,-4.5,-2.7,-4.4,0.3,0.5,0.4,0.2,0.3,24980.0,16.0,298.0,-0.6,1.0,0.002,1434.0,0.8,2.0,0.3,0.3,0.0,2.39,1.31,2.21,8.8,5.1,0.0155,10,0,2,4,69.9,130,-46,84,1.7,0.006027,999999.99,99999.99,99999.99,0.27,0.17,0.11,-1,2009-07-21 23:00:00
2009,203,0,2401,51,52,62,36,6.6,6.6,-42.3,325.6,4.0,-2.8,-4.4,-3.0,-4.3,0.3,0.6,0.3,0.2,0.5,23646.0,16.2,298.0,-1.6,1.9,0.002,829.0,1.0,4.0,0.4,0.4,0.0,2.42,1.28,2.35,9.1,5.2,0.0144,30,0,3,15,70.0,202,-79,124,1.9,0.006028,999999.99,99999.99,99999.99,0.25,0.13,0.1,-1,2009-07-22 00:00:00
2009,203,1,2401,51,52,61,36,8.6,8.5,-60.1,314.7,3.0,-3.0,-7.4,-3.5,-7.2,0.4,1.1,0.7,0.6,0.6,18895.0,18.3,304.0,-3.1,1.7,0.002,2316.0,1.6,3.0,0.5,0.3,0.0,2.85,2.19,1.52,7.6,5.0,0.0208,30,0,1,15,70.0,384,-162,222,2.5,0.006028,999999.99,99999.99,99999.99,0.21,0.11,0.08,-1,2009-07-22 01:00:00
2009,203,2,2401,51,52,64,39,11.1,10.9,-67.0,299.3,2.1,-3.7,-10.1,-4.7,-9.7,1.1,2.2,1.7,0.3,1.4,19251.0,28.5,312.0,-4.5,2.2,0.002,1753.0,3.8,6.0,0.4,0.4,0.0,4.67,3.03,1.42,7.5,5.0,0.0211,30,0,-8,15,70.0,517,-316,201,3.3,0.006028,999999.99,99999.99,99999.99,0.24,0.14,0.1,-1,2009-07-22 02:00:00
2009,203,3,2401,51,52,62,9,13.6,13.5,-80.1,311.6,1.5,-1.7,-13.3,-3.6,-12.9,1.6,2.6,0.6,1.8,1.8,20005.0,28.1,326.0,-5.7,1.8,0.002,1962.0,3.0,7.0,0.9,0.4,0.0,5.03,4.21,0.94,6.4,4.7,0.0295,57,0,-27,67,70.0,1051,-746,305,5.5,0.006028,999999.99,99999.99,99999.99,0.27,0.15,0.12,-1,2009-07-22 03:00:00
2009,203,4,2401,51,52,63,38,16.3,16.1,-74.5,302.2,2.3,-3.6,-15.5,-6.5,-14.5,0.5,2.6,0.9,2.2,1.0,29799.0,27.8,341.0,-6.4,0.6,0.002,5949.0,3.4,4.0,0.8,0.7,0.001,5.44,4.94,0.69,5.5,4.4,0.0391,57,0,-55,67,70.0,1058,-843,215,6.5,0.006028,999999.99,99999.99,99999.99,0.21,0.1,0.07,-1,2009-07-22 04:00:00
2009,203,5,2401,51,52,60,36,14.5,13.6,-32.6,289.5,3.8,-10.8,-7.3,-12.2,-4.6,1.1,5.0,0.6,2.9,4.1,43532.0,37.0,350.0,-6.6,0.6,0.002,6228.0,7.4,2.0,1.4,1.5,0.0,7.63,1.61,1.26,7.3,5.1,0.0221,57,0,-80,67,70.0,872,-615,257,4.6,0.006028,999999.99,99999.99,99999.99,0.26,0.16,0.11,-1,2009-07-22 05:00:00
2009,203,6,2401,51,52,67,41,16.7,16.3,19.9,288.9,5.0,-14.5,5.6,-12.4,9.4,0.7,3.9,1.1,1.4,3.4,60158.0,18.6,359.0,-6.8,5.3,0.007,35932.0,5.3,13.0,3.6,1.8,0.009,4.12,-3.37,0.52,4.6,3.8,0.0554,50,0,-83,48,70.0,480,-224,256,2.0,0.006028,999999.99,99999.99,99999.99,0.2,0.11,0.09,-1,2009-07-22 06:00:00
2009,203,7,2401,51,52,59,35,14.0,12.0,-33.2,302.5,5.4,-8.5,-6.6,-10.2,-3.6,0.7,7.1,1.4,3.6,6.0,191322.0,14.4,384.0,0.9,6.7,0.059,15693.0,2.3,4.0,1.2,2.0,0.009,4.38,1.38,0.98,5.2,3.8,0.0439,50,0,-69,48,70.0,173,-37,136,0.7,0.006028,999999.99,99999.99,99999.99,0.2,0.12,0.1,-1,2009-07-22 07:00:00
2009,203,8,2401,51,52,59,29,14.6,12.0,-84.5,325.2,1.0,-0.7,-12.0,-4.8,-11.0,1.2,8.2,4.1,5.6,4.3,157866.0,10.1,384.0,0.3,3.9,0.046,29730.0,1.5,7.0,2.7,2.4,0.011,2.94,4.22,0.56,4.2,3.4,0.0681,50,0,-75,48,70.0,596,-381,215,3.5,0.006028,999999.99,99999.99,99999.99,0.21,0.12,0.08,-1,2009-07-22 08:00:00
2009,203,9,2401,51,52,63,31,13.9,13.3,-1.8,297.6,6.1,-11.7,-0.4,-11.0,4.0,1.3,4.3,0.9,2.3,3.6,146826.0,7.8,377.0,1.8,7.8,0.021,32170.0,1.0,8.0,1.5,2.4,0.009,2.01,-1.51,0.46,3.8,3.2,0.0829,43,0,-81,32,70.0,622,-425,197,2.7,0.006028,999999.99,99999.99,99999.99,0.22,0.12,0.1,-1,2009-07-22 09:00:00
2009,203,10,2401,51,52,62,37,10.5,10.0,-26.3,302.1,4.8,-7.6,-4.5,-8.7,-1.2,1.0,3.2,1.4,1.6,2.4,190593.0,6.9,398.0,4.2,3.9,0.032,36362.0,1.0,8.0,1.2,1.5,0.008,2.06,0.48,0.83,5.0,3.8,0.048,43,0,-65,32,70.0,152,-69,84,0.7,0.006028,999999.99,99999.99,99999.99,0.22,0.11,0.08,-1,2009-07-22 10:00:00
2009,203,11,2401,51,52,67,41,6.9,6.7,-24.3,283.7,1.4,-5.9,-2.8,-6.5,-0.3,1.7,2.3,1.1,1.5,1.4,173337.0,3.7,448.0,1.1,1.1,0.03,44986.0,1.0,24.0,1.2,1.4,0.007,1.39,0.13,0.98,6.2,4.6,0.0305,43,0,-57,32,70.0,155,-83,72,1.8,0.006028,999999.99,99999.99,99999.99,0.21,0.12,0.1,-1,2009-07-22 11:00:00
2009,203,12,2401,51,52,58,35,5.6,5.5,-30.1,261.1,-0.7,-4.7,-2.7,-5.4,-0.7,0.2,1.2,1.0,0.4,0.5,104602.0,3.5,460.0,0.0,-1.1,0.016,7735.0,0.2,9.0,0.4,0.7,0.002,1.32,0.32,1.08,7.7,5.5,0.0201,17,0,-54,6,70.0,151,-96,55,1.0,0.006028,999999.99,99999.99,99999.99,0.2,0.1,0.08,-1,2009-07-22 12:00:00
2009,203,13,2401,51,52,53,23,5.5,5.2,-27.8,297.4,2.1,-4.1,-2.4,-4.7,-0.8,0.2,1.5,1.4,0.5,0.5,104843.0,2.7,452.0,1.2,-1.3,0.022,20440.0,0.5,9.0,0.7,0.5,0.003,1.0,0.36,0.87,6.8,5.1,0.0261,17,0,-54,6,70.0,166,-137,30,1.5,0.006028,999999.99,99999.99,99999.99,0.21,0.11,0.08,-1,2009-07-22 13:00:00
2009,203,14,2401,51,52,61,38,5.7,5.4,-12.5,311.0,3.4,-4.0,-1.2,-4.2,0.2,0.1,1.7,1.5,0.4,0.7,108332.0,2.2,449.0,2.6,-0.4,0.029,23624.0,0.4,9.0,0.6,0.8,0.002,0.83,-0.09,0.67,5.8,4.7,0.0349,17,0,-56,6,70.0,196,-147,49,1.6,0.006028,999999.99,99999.99,99999.99,0.24,0.12,0.08,-1,2009-07-22 14:00:00
2009,203,15,2401,51,52,50,28,5.9,5.7,-25.5,302.3,2.7,-4.3,-2.5,-4.8,-1.2,0.2,1.3,0.9,0.5,0.8,106201.0,1.7,453.0,4.1,-1.5,0.03,19779.0,0.2,7.0,1.1,1.3,0.002,0.65,0.54,0.48,5.0,4.2,0.0475,17,0,-56,6,70.0,217,-152,65,2.4,0.006028,999999.99,99999.99,99999.99,0.23,0.14,0.1,-1,2009-07-22 15:00:00
2009,203,16,2401,51,52,60,36,6.0,5.9,-32.6,298.8,2.4,-4.3,-3.2,-4.9,-2.1,0.1,0.9,0.6,0.3,0.5,106417.0,1.4,449.0,4.4,0.1,0.03,20315.0,0.2,7.0,0.6,0.9,0.005,0.53,0.94,0.38,4.4,3.8,0.0607,17,0,-57,6,70.0,227,-129,98,2.8,0.006028,999999.99,99999.99,99999.99,0.28,0.15,0.12,-1,2009-07-22 16:00:00
2009,203,17,2401,51,52,59,36,6.0,6.0,-20.1,303.1,3.1,-4.7,-2.1,-5.0,-1.2,0.1,0.5,0.3,0.2,0.3,67732.0,1.5,450.0,3.0,-1.1,0.02,8020.0,0.1,5.0,0.7,0.8,0.003,0.55,0.54,0.34,4.6,4.0,0.0564,17,0,-57,6,70.0,312,-220,92,2.8,0.006028,999999.99,99999.99,99999.99,0.21,0.14,0.1,-1,2009-07-22 17:00:00
2009,203,18,2401,51,52,61,38,6.1,6.1,-22.2,296.4,2.5,-5.0,-2.3,-5.3,-1.6,0.1,0.8,0.6,0.5,0.3,64089.0,1.5,451.0,0.6,-2.6,0.019,11130.0,0.3,8.0,2.2,0.7,0.004,0.55,0.72,0.32,4.5,4.0,0.058,23,0,-57,9,70.0,377,-249,128,2.8,0.006028,999999.99,99999.99,99999.99,0.24,0.14,0.1,-1,2009-07-22 18:00:00
2009,203,19,2401,51,52,59,35,6.1,6.1,-16.3,291.6,2.1,-5.4,-1.7,-5.5,-1.2,0.1,0.7,0.5,0.2,0.4,59202.0,1.8,441.0,-1.9,-2.0,0.014,7672.0,0.3,5.0,0.6,0.6,0.001,0.62,0.53,0.38,4.8,4.2,0.0506,23,0,-55,9,70.0,280,-153,127,3.2,0.006028,999999.99,99999.99,99999.99,0.25,0.15,0.1,-1,2009-07-22 19:00:00
2009,203,20,2401,51,52,62,36,6.0,5.9,-12.2,291.1,2.1,-5.4,-1.2,-5.5,-0.9,0.1,0.9,0.7,0.2,0.5,57516.0,2.0,442.0,-2.5,-2.1,0.011,11931.0,0.4,9.0,0.7,0.7,0.001,0.68,0.4,0.43,5.2,4.4,0.0438,23,0,-51,9,70.0,134,-70,64,2.5,0.006028,999999.99,99999.99,99999.99,0.25,0.14,0.11,-1,2009-07-22 20:00:00
2009,203,21,2401,51,52,60,37,6.0,6.0,-11.0,296.6,2.6,-5.2,-1.1,-5.2,-0.9,0.1,0.6,0.4,0.3,0.3,50032.0,1.4,459.0,-2.2,-2.4,0.012,9482.0,0.2,10.0,0.5,0.6,0.0,0.52,0.41,0.29,4.5,4.0,0.0581,13,0,-48,5,70.0,113,-56,57,1.9,0.006028,999999.99,99999.99,99999.99,0.21,0.11,0.08,-1,2009-07-22 21:00:00
2009,203,22,2401,51,52,58,36,5.6,5.5,-12.6,292.4,2.1,-5.0,-1.2,-5.0,-1.1,0.2,0.6,0.5,0.1,0.4,45140.0,2.3,453.0,-3.5,-3.7,0.008,9553.0,0.7,6.0,0.6,0.5,0.001,0.81,0.5,0.53,6.1,5.1,0.0316,13,0,-46,5,70.0,122,-59,62,1.5,0.006028,999999.99,99999.99,99999.99,0.18,0.11,0.09,-1,2009-07-22 22:00:00
2009,203,23,2401,51,52,59,35,5.7,5.7,-12.9,296.1,2.4,-5.0,-1.3,-5.0,-1.1,0.1,0.6,0.5,0.2,0.2,47959.0,2.0,443.0,-3.6,-3.8,0.01,10767.0,0.3,5.0,0.7,0.4,0.001,0.68,0.49,0.45,5.5,4.7,0.0394,13,0,-43,5,70.0,111,-46,65,1.0,0.006028,999999.99,99999.99,99999.99,0.22,0.15,0.09,-1,2009-07-22 23:00:00
2009,204,0,2401,51,52,61,25,5.6,5.3,0.6,330.3,4.6,-2.6,0.1,-2.6,0.2,0.1,2.0,1.1,1.4,0.9,48610.0,1.7,436.0,0.8,-1.9,0.019,18369.0,0.5,14.0,3.2,1.3,0.007,0.58,-0.09,0.4,5.1,4.4,0.0462,13,12,-40,5,69.9,77,-38,39,-0.1,0.006082,999999.99,99999.99,99999.99,0.28,0.14,0.1,-1,2009-07-23 00:00:00
2009,204,1,2401,51,52,59,27,5.8,5.8,5.8,339.7,5.4,-2.0,0.6,-1.9,0.7,0.1,0.5,0.2,0.3,0.4,99833.0,1.9,433.0,2.9,-0.5,0.03,10287.0,0.4,8.0,0.6,0.5,0.01,0.67,-0.3,0.54,5.1,4.3,0.0449,13,12,-37,5,69.9,40,-35,4,0.0,0.006082,999999.99,99999.99,99999.99,0.23,0.12,0.08,-1,2009-07-23 01:00:00
2009,204,2,2401,51,52,60,28,5.8,5.7,-0.8,331.2,5.0,-2.7,-0.1,-2.7,0.2,0.1,0.9,0.4,0.4,0.6,63887.0,1.6,427.0,2.4,0.1,0.029,32831.0,0.6,9.0,1.5,0.6,0.002,0.54,-0.09,0.38,4.7,4.0,0.0549,13,12,-35,5,69.9,48,-28,20,0.1,0.006082,999999.99,99999.99,99999.99,0.24,0.11,0.08,-1,2009-07-23 02:00:00
2009,204,3,2401,51,52,62,31,5.8,5.7,-0.4,326.9,4.8,-3.1,0.0,-3.1,0.5,0.2,1.1,0.6,0.5,0.7,54251.0,1.0,439.0,-0.4,-1.3,0.053,36322.0,0.2,12.0,1.1,1.0,0.035,0.39,-0.22,0.23,3.8,3.5,0.083,13,12,-36,5,69.9,48,-31,17,0.1,0.006082,999999.99,99999.99,99999.99,0.24,0.13,0.09,-1,2009-07-23 03:00:00
2009,204,4,2401,51,52,61,38,6.1,6.1,-5.4,329.2,5.2,-3.1,-0.6,-3.2,0.0,0.1,0.6,0.2,0.3,0.4,64853.0,1.4,448.0,-1.2,-2.5,0.031,18341.0,0.3,7.0,0.5,0.6,0.002,0.53,-0.0,0.3,4.3,3.9,0.063,13,12,-34,5,69.9,112,-47,66,0.4,0.006082,999999.99,99999.99,99999.99,0.21,0.13,0.1,-1,2009-07-23 04:00:00
2009,204,5,2401,51,52,59,36,5.9,5.5,-9.2,308.5,3.4,-4.3,-0.9,-4.4,0.2,0.2,2.0,1.6,0.8,0.8,74593.0,2.3,461.0,-2.1,-3.4,0.017,20731.0,0.7,9.0,1.1,1.3,0.009,0.87,-0.09,0.56,5.9,4.9,0.0339,13,12,-32,5,69.9,136,-53,84,0.6,0.006082,999999.99,99999.99,99999.99,0.27,0.14,0.1,-1,2009-07-23 05:00:00
2009,204,6,2401,51,52,63,37,6.0,5.7,-36.1,263.3,-0.5,-4.6,-3.4,-5.4,-2.0,0.3,1.7,0.9,0.7,1.2,93043.0,4.2,461.0,-1.2,-3.3,0.01,22934.0,0.4,9.0,0.4,0.7,0.001,1.55,0.92,1.07,7.9,5.7,0.0192,20,12,-30,7,69.9,381,-248,132,1.4,0.006082,999999.99,99999.99,99999.99,0.24,0.14,0.12,-1,2009-07-23 06:00:00
2009,204,7,2401,51,52,58,34,6.3,4.5,-28.1,273.8,0.3,-3.9,-2.1,-4.4,-0.7,1.0,4.4,3.5,1.7,2.1,122703.0,3.6,471.0,-0.1,-3.3,0.023,45112.0,1.2,9.0,1.4,0.6,0.005,1.46,0.33,0.95,7.1,5.3,0.0236,20,12,-33,7,69.9,263,-160,104,1.4,0.006082,999999.99,99999.99,99999.99,0.19,0.11,0.08,-1,2009-07-23 07:00:00
2009,204,8,2401,51,52,63,38,7.7,7.0,4.1,328.3,5.9,-3.7,0.5,-3.3,1.8,1.0,3.3,2.7,1.2,1.3,72413.0,1.9,473.0,2.6,-2.5,0.018,44000.0,1.1,25.0,1.3,0.8,0.005,0.76,-0.85,0.27,4.2,3.8,0.0664,20,12,-32,7,69.9,122,-61,61,0.9,0.006082,999999.99,99999.99,99999.99,0.2,0.11,0.07,-1,2009-07-23 08:00:00
2009,204,9,2401,51,52,59,36,7.6,7.5,3.6,330.4,6.5,-3.7,0.5,-3.2,1.9,0.3,1.3,0.6,0.8,0.7,74208.0,2.1,465.0,1.5,-3.0,0.028,23182.0,0.3,8.0,1.1,1.0,0.006,0.84,-0.88,0.31,4.4,3.9,0.0605,17,12,-30,6,69.9,43,-27,16,-0.6,0.006082,999999.99,99999.99,99999.99,0.25,0.13,0.1,-1,2009-07-23 09:00:00
2009,204,10,2401,51,52,59,35,7.3,5.5,4.1,322.0,4.3,-3.4,0.4,-3.0,1.7,1.1,4.8,3.6,2.2,2.4,141973.0,3.6,494.0,4.2,-3.2,0.028,69887.0,1.4,31.0,2.5,2.1,0.007,1.63,-0.84,0.76,6.4,5.0,0.0289,17,12,-24,6,69.9,57,-19,37,-0.4,0.006082,999999.99,99999.99,99999.99,0.22,0.11,0.07,-1,2009-07-23 10:00:00
2009,204,11,2401,51,52,63,37,6.4,4.4,9.0,317.8,3.2,-2.9,0.7,-2.4,1.8,0.7,4.6,2.6,1.7,3.4,188124.0,4.2,495.0,5.0,-3.1,0.025,57578.0,1.1,20.0,1.4,2.4,0.004,1.89,-0.89,1.35,7.9,5.4,0.0189,17,12,-20,6,69.9,57,-30,27,0.4,0.006082,999999.99,99999.99,99999.99,0.24,0.13,0.1,-1,2009-07-23 11:00:00
2009,204,12,2401,51,52,58,35,5.8,5.0,-14.4,290.7,1.7,-4.5,-1.2,-4.6,0.6,0.5,2.9,1.3,2.1,1.6,236769.0,5.0,511.0,3.5,-5.2,0.024,33299.0,0.7,10.0,2.0,1.1,0.004,2.39,-0.31,2.26,9.9,5.7,0.0123,17,12,-23,6,69.9,131,-83,48,1.1,0.006082,999999.99,99999.99,99999.99,0.23,0.12,0.09,-1,2009-07-23 12:00:00
2009,204,13,2401,51,52,64,39,4.9,3.0,-25.0,258.3,-0.6,-2.7,-1.3,-3.0,-0.2,0.3,3.7,2.6,1.4,2.2,223670.0,4.7,529.0,3.6,-4.9,0.021,40115.0,0.8,25.0,1.1,2.0,0.005,2.38,0.11,2.87,11.7,6.3,0.0087,17,12,-25,6,69.9,196,-127,69,1.2,0.006082,999999.99,99999.99,99999.99,0.2,0.12,0.09,-1,2009-07-23 13:00:00
2009,204,14,2401,51,52,58,35,4.8,3.5,-21.2,293.9,1.3,-3.0,-1.3,-3.3,-0.2,0.4,3.0,1.8,1.2,2.1,205800.0,4.3,519.0,2.9,-5.1,0.019,42415.0,0.9,20.0,1.3,2.4,0.004,2.08,0.1,2.59,11.2,6.2,0.0095,17,12,-24,6,69.9,196,-165,31,2.2,0.006082,999999.99,99999.99,99999.99,0.24,0.15,0.1,-1,2009-07-23 14:00:00
2009,204,15,2401,51,52,63,38,4.7,3.0,-38.6,247.1,-0.9,-2.1,-1.9,-2.6,-1.2,0.5,3.6,2.6,1.9,1.7,185946.0,4.4,527.0,3.4,-4.9,0.017,30938.0,0.7,18.0,1.5,1.4,0.004,2.18,0.63,2.6,11.8,6.5,0.0086,23,12,-21,9,69.9,263,-184,79,2.7,0.006082,999999.99,99999.99,99999.99,0.2,0.11,0.08,-1,2009-07-23 15:00:00
2009,204,16,2401,51,52,58,35,5.0,3.5,-16.9,291.0,1.2,-3.2,-1.0,-3.3,-0.2,0.3,3.3,2.4,1.7,1.6,181622.0,4.1,509.0,2.3,-5.1,0.014,52628.0,1.1,25.0,1.9,1.8,0.004,1.87,0.1,2.11,10.3,6.1,0.0112,23,12,-18,9,69.9,260,-190,70,2.4,0.006082,999999.99,99999.99,99999.99,0.19,0.11,0.08,-1,2009-07-23 16:00:00
2009,204,17,2401,51,52,61,33,5.6,4.8,7.9,282.6,1.0,-4.6,0.7,-4.4,1.6,0.3,2.6,1.4,1.3,1.7,182924.0,3.9,511.0,0.6,-3.5,0.017,32510.0,0.6,16.0,1.1,1.7,0.003,1.82,-0.82,1.61,9.0,5.8,0.0147,23,12,-20,9,69.9,106,-59,46,2.3,0.006082,999999.99,99999.99,99999.99,0.27,0.12,0.09,-1,2009-07-23 17:00:00
2009,204,18,2401,51,52,56,28,6.5,5.1,1.8,297.9,2.4,-4.5,0.2,-4.4,0.8,0.2,3.9,1.5,1.7,3.2,153941.0,4.1,500.0,0.8,-3.9,0.013,24770.0,0.7,16.0,2.0,3.1,0.004,1.8,-0.4,1.14,7.8,5.5,0.0196,23,12,-20,9,69.9,91,-36,55,2.3,0.006082,999999.99,99999.99,99999.99,0.22,0.13,0.1,-1,2009-07-23 18:00:00
2009,204,19,2401,51,52,62,35,6.5,5.0,-4.7,293.9,2.0,-4.5,-0.4,-4.5,0.0,0.2,3.9,2.4,1.0,2.8,164611.0,3.6,505.0,-0.2,-3.8,0.022,28996.0,0.5,29.0,1.2,2.8,0.006,1.67,-0.0,1.04,7.4,5.4,0.0219,23,12,-21,9,69.9,121,-65,56,1.9,0.006082,999999.99,99999.99,99999.99,0.22,0.14,0.1,-1,2009-07-23 19:00:00
2009,204,20,2401,51,52,61,37,6.6,5.4,28.0,302.0,2.5,-4.0,2.5,-3.8,2.8,0.6,3.7,0.9,2.4,2.6,195384.0,4.1,515.0,-0.2,-1.1,0.019,36488.0,0.6,9.0,2.2,2.0,0.003,1.95,-1.44,1.27,7.9,5.5,0.0191,23,12,-25,9,69.9,145,-75,70,2.0,0.006082,999999.99,99999.99,99999.99,0.19,0.11,0.09,-1,2009-07-23 20:00:00
2009,204,21,2401,51,52,62,38,6.3,5.1,-9.0,274.0,0.4,-5.1,-0.8,-5.1,-0.6,0.6,3.6,2.3,1.4,2.4,177478.0,4.3,525.0,-0.8,-2.8,0.019,23031.0,0.4,13.0,0.8,1.5,0.005,2.13,0.32,1.38,8.6,5.8,0.0159,20,12,-24,7,69.9,110,-47,63,1.5,0.006082,999999.99,99999.99,99999.99,0.22,0.14,0.1,-1,2009-07-23 21:00:00
2009,204,22,2401,51,52,61,38,4.5,2.3,42.2,5.6,1.7,0.2,1.5,0.3,1.5,0.5,3.8,1.3,3.1,1.9,202683.0,4.2,538.0,1.8,-1.9,0.018,28630.0,0.4,8.0,2.0,1.1,0.003,2.18,-0.81,2.86,12.3,6.6,0.0079,20,12,-25,7,69.9,105,-44,61,1.1,0.006082,999999.99,99999.99,99999.99,0.2,0.1,0.08,-1,2009-07-23 22:00:00
2009,204,23,2401,51,52,59,36,3.8,1.9,-19.2,310.2,1.1,-1.4,-0.6,-1.4,-0.5,1.0,3.4,1.1,2.8,1.5,195708.0,3.9,546.0,1.8,-2.1,0.015,24246.0,0.3,7.0,1.6,1.1,0.004,2.06,0.27,3.64,14.2,7.0,0.0059,20,12,-23,7,69.9,89,-36,53,0.5,0.006082,999999.99,99999.99,99999.99,0.23,0.13,0.09,-1,2009-07-23 23:00:00
2009,205,0,2401,51,52,60,36,3.3,1.7,-32.1,24.0,1.3,0.6,-0.9,0.5,-0.9,0.4,2.7,1.1,2.2,1.1,182482.0,3.1,552.0,1.9,-1.7,0.016,12662.0,0.2,8.0,1.8,0.9,0.003,1.68,0.5,3.68,14.7,7.2,0.0055,20,0,-25,7,70.5,70,-31,39,0.7,0.006097,999999.99,99999.99,99999.99,0.23,0.11,0.09,-1,2009-07-24 00:00:00
2009,205,1,2401,51,52,60,34,3.3,2.5,28.1,2.3,2.2,0.1,1.2,0.2,1.2,0.2,2.1,0.5,1.7,1.1,165160.0,2.7,550.0,1.1,0.1,0.018,17069.0,0.3,5.0,2.0,1.1,0.003,1.46,-0.66,3.03,13.7,7.2,0.0063,20,0,-24,7,70.5,164,-88,76,1.2,0.006097,999999.99,99999.99,99999.99,0.22,0.12,0.11,-1,2009-07-24 01:00:00
2009,205,2,2401,51,52,60,37,3.9,3.3,31.1,314.4,1.9,-2.0,1.7,-1.8,1.9,0.2,2.0,1.1,1.2,1.0,151980.0,2.7,559.0,-1.4,-0.1,0.016,16756.0,0.3,14.0,1.4,1.1,0.002,1.5,-1.06,2.07,11.8,7.1,0.0086,20,0,-19,7,70.5,97,-53,44,0.6,0.006097,999999.99,99999.99,99999.99,0.21,0.12,0.09,-1,2009-07-24 02:00:00
2009,205,3,2401,51,52,61,37,4.2,3.6,43.7,30.4,2.2,1.3,2.5,1.7,2.3,0.1,2.0,0.8,1.6,0.9,145191.0,2.6,559.0,1.9,-0.1,0.02,13567.0,0.2,8.0,1.5,0.9,0.003,1.47,-1.29,1.68,10.7,6.9,0.0103,10,0,-17,4,70.5,38,-11,26,0.5,0.006097,999999.99,99999.99,99999.99,0.21,0.11,0.09,-1,2009-07-24 03:00:00
2009,205,4,2401,51,52,61,38,4.1,3.2,31.8,320.3,2.1,-1.7,1.7,-1.3,2.0,0.1,2.4,1.2,1.5,1.5,130272.0,2.4,560.0,-0.0,-0.7,0.018,21711.0,0.4,14.0,1.6,1.8,0.003,1.35,-1.12,1.54,10.6,6.9,0.0106,10,0,-16,4,70.5,20,-6,14,0.5,0.006097,999999.99,99999.99,99999.99,0.21,0.13,0.09,-1,2009-07-24 04:00:00
2009,205,5,2401,51,52,58,34,3.6,2.2,-4.7,286.0,0.6,-2.1,-0.2,-2.1,0.3,0.6,2.8,1.2,1.7,1.8,146561.0,2.7,575.0,-0.4,-2.4,0.017,24733.0,0.2,13.0,1.1,1.8,0.004,1.59,-0.17,2.38,13.1,7.5,0.0069,10,0,-18,4,70.5,86,-22,64,0.6,0.006097,999999.99,99999.99,99999.99,0.22,0.11,0.07,-1,2009-07-24 05:00:00
2009,205,6,2401,51,52,61,36,3.8,3.2,34.8,357.2,2.6,-0.1,1.8,0.4,1.8,0.1,2.0,0.9,1.4,1.1,113441.0,2.4,551.0,1.4,0.0,0.016,16764.0,0.4,14.0,2.0,1.3,0.001,1.29,-0.99,1.67,11.2,7.2,0.0094,20,0,-19,7,70.5,47,-13,34,0.5,0.006097,999999.99,99999.99,99999.99,0.24,0.14,0.09,-1,2009-07-24 06:00:00
2009,205,7,2401,51,52,59,31,3.7,2.6,57.9,2.5,1.4,0.1,2.2,0.8,2.0,0.1,2.4,1.1,1.6,1.5,114666.0,2.5,564.0,1.8,0.7,0.015,18995.0,0.3,14.0,2.2,1.9,0.001,1.41,-1.13,1.85,12.1,7.5,0.0082,20,0,-21,7,70.5,165,-116,50,0.5,0.006097,999999.99,99999.99,99999.99,0.19,0.1,0.06,-1,2009-07-24 07:00:00
2009,205,8,2401,51,52,60,36,3.5,2.8,28.1,335.0,2.2,-1.0,1.3,-0.5,1.6,0.1,2.0,0.8,1.0,1.6,99303.0,2.1,547.0,0.3,0.6,0.016,27092.0,0.5,13.0,1.0,2.1,0.002,1.12,-0.88,1.62,11.3,7.3,0.0093,20,0,-19,7,70.5,149,-129,20,0.2,0.006097,999999.99,99999.99,99999.99,0.2,0.1,0.08,-1,2009-07-24 08:00:00
2009,205,9,2401,51,52,61,34,3.4,2.6,44.8,286.1,0.5,-1.8,1.8,-1.0,2.4,0.3,2.1,0.9,1.5,1.1,118903.0,2.3,568.0,0.1,1.6,0.016,18711.0,0.3,9.0,1.5,1.4,0.003,1.32,-1.36,2.05,12.7,7.6,0.0074,13,0,-18,5,70.5,214,-191,24,0.3,0.006097,999999.99,99999.99,99999.99,0.21,0.1,0.07,-1,2009-07-24 09:00:00
2009,205,10,2401,51,52,61,21,3.3,2.8,-4.7,287.0,0.8,-2.6,-0.2,-2.5,0.8,0.2,1.8,0.7,0.7,1.5,114197.0,2.1,560.0,-0.6,-0.5,0.018,19204.0,0.3,9.0,0.8,1.7,0.004,1.18,-0.45,1.95,12.3,7.5,0.0079,13,0,-18,5,70.5,142,-115,27,-0.1,0.006097,999999.99,99999.99,99999.99,0.23,0.12,0.08,-1,2009-07-24 10:00:00
2009,205,11,2401,51,52,58,11,3.1,2.1,-11.4,311.9,1.4,-1.5,-0.4,-1.5,0.2,0.1,2.2,1.3,1.0,1.6,137517.0,2.0,550.0,0.5,-0.4,0.02,21309.0,0.1,14.0,1.1,1.3,0.004,1.09,-0.11,2.3,12.5,7.3,0.0076,13,0,-20,5,70.5,105,-79,26,0.2,0.006097,999999.99,99999.99,99999.99,0.22,0.1,0.08,-1,2009-07-24 11:00:00
2009,205,12,2401,51,52,63,34,3.1,2.2,17.7,314.9,1.5,-1.5,0.7,-1.1,1.2,0.1,2.0,1.7,0.6,0.9,112902.0,1.9,550.0,0.3,0.9,0.019,28163.0,0.4,18.0,1.1,1.2,0.003,1.03,-0.66,1.98,12.2,7.4,0.008,13,0,-22,5,70.5,94,-68,26,0.2,0.006097,999999.99,99999.99,99999.99,0.19,0.1,0.07,-1,2009-07-24 12:00:00
2009,205,13,2401,51,52,56,31,3.2,2.3,20.7,300.7,1.1,-1.9,0.8,-1.5,1.4,0.2,2.1,1.8,0.7,0.9,118751.0,2.0,544.0,-0.5,1.2,0.015,24035.0,0.4,25.0,0.8,0.8,0.001,1.05,-0.76,2.01,12.0,7.3,0.0082,13,0,-23,5,70.5,66,-41,25,0.5,0.006097,999999.99,99999.99,99999.99,0.27,0.13,0.1,-1,2009-07-24 13:00:00
2009,205,14,2401,51,52,60,35,3.3,2.2,26.4,334.3,1.7,-0.8,1.0,-0.4,1.2,0.1,2.4,1.1,1.5,1.6,111101.0,1.7,528.0,1.3,0.4,0.017,28749.0,0.5,18.0,2.4,2.6,0.004,0.85,-0.63,1.56,10.4,6.8,0.0109,13,0,-21,5,70.5,161,-110,51,1.9,0.006097,999999.99,99999.99,99999.99,0.25,0.12,0.09,-1,2009-07-24 14:00:00
2009,205,15,2401,51,52,61,33,3.4,2.6,29.7,304.5,1.3,-1.9,1.3,-1.4,1.8,0.1,2.0,1.1,0.8,1.5,116991.0,1.9,538.0,-0.2,1.1,0.015,29344.0,0.3,15.0,1.1,2.1,0.003,0.97,-0.97,1.68,10.9,7.0,0.01,20,0,-20,7,70.5,308,-239,69,1.9,0.006097,999999.99,99999.99,99999.99,0.23,0.12,0.09,-1,2009-07-24 15:00:00
2009,205,16,2401,51,52,60,30,3.3,2.2,5.0,308.2,1.4,-1.7,0.2,-1.6,0.6,0.1,2.3,0.7,0.6,2.1,111550.0,1.8,537.0,-0.6,-0.4,0.016,26028.0,0.4,12.0,1.2,2.4,0.004,0.92,-0.32,1.65,10.9,7.0,0.01,20,0,-18,7,70.5,296,-238,58,2.2,0.006097,999999.99,99999.99,99999.99,0.21,0.11,0.08,-1,2009-07-24 16:00:00
2009,205,17,2401,51,52,61,37,2.9,2.3,-0.4,318.5,1.7,-1.5,0.0,-1.5,0.3,0.3,1.7,0.6,0.9,1.3,131490.0,2.3,534.0,-0.0,-1.2,9.999,13495.0,0.1,7.0,1.2,1.2,9.999,1.31,-0.16,2.96,14.0,7.4,0.0061,20,0,-17,7,70.5,193,-150,43,2.2,0.006097,999999.99,99999.99,99999.99,0.23,0.14,0.1,-1,2009-07-24 17:00:00
2009,205,18,2401,51,52,58,36,2.5,1.8,54.1,338.1,1.0,-0.4,1.5,-0.2,1.5,0.3,1.6,0.7,1.2,0.9,139697.0,2.4,541.0,0.6,0.6,9.999,10611.0,0.1,7.0,1.3,0.7,9.999,1.4,-0.81,4.28,16.8,7.7,0.0042,7,0,-16,3,70.5,48,-9,39,0.2,0.006097,999999.99,99999.99,99999.99,0.2,0.11,0.07,-1,2009-07-24 18:00:00
2009,205,19,2401,51,52,61,36,2.9,2.6,1.9,288.6,0.8,-2.4,0.1,-2.4,0.3,0.3,1.3,0.6,0.4,1.1,118014.0,2.2,539.0,-0.5,-1.1,0.012,13590.0,0.1,5.0,0.3,1.0,0.002,1.12,-0.16,2.68,13.8,7.6,0.0063,7,0,-15,3,70.5,40,-23,18,0.8,0.006097,999999.99,99999.99,99999.99,0.23,0.11,0.08,-1,2009-07-24 19:00:00
2009,205,20,2401,51,52,60,35,2.6,2.0,2.4,300.6,1.0,-1.7,0.1,-1.7,0.2,0.5,1.6,0.7,1.2,0.8,127885.0,2.4,534.0,0.6,-1.1,0.015,11443.0,0.2,7.0,1.3,0.5,0.003,1.21,-0.11,3.78,15.9,7.7,0.0047,7,0,-13,3,70.5,53,-39,14,0.9,0.006097,999999.99,99999.99,99999.99,0.23,0.11,0.09,-1,2009-07-24 20:00:00
2009,205,21,2401,51,52,58,35,2.7,2.4,-22.0,350.9,2.2,-0.4,-0.9,-0.4,-0.9,0.2,1.1,0.4,0.9,0.4,116820.0,2.3,530.0,1.4,-1.3,9.999,13620.0,0.2,7.0,0.8,0.4,9.999,1.29,0.48,3.22,14.9,7.7,0.0054,10,0,-13,4,70.5,60,-41,18,0.3,0.006097,999999.99,99999.99,99999.99,0.22,0.1,0.07,-1,2009-07-24 21:00:00
2009,205,22,2401,51,52,61,36,2.6,1.9,16.9,290.6,0.6,-1.7,0.6,-1.7,0.7,0.1,1.7,1.4,0.8,0.6,118646.0,2.4,542.0,-0.2,0.2,0.017,12929.0,0.1,13.0,0.7,0.5,0.003,1.26,-0.38,3.65,16.1,7.9,0.0046,10,0,-18,4,70.5,65,-41,25,0.5,0.006097,999999.99,99999.99,99999.99,0.2,0.12,0.09,-1,2009-07-24 22:00:00
2009,205,23,2401,51,52,62,38,2.7,2.0,1.3,293.2,0.8,-1.8,0.0,-1.8,0.1,0.2,1.8,1.3,0.5,1.0,110455.0,2.3,535.0,-0.4,-0.3,0.013,16131.0,0.3,14.0,0.5,1.2,0.002,1.16,-0.05,3.13,15.0,7.8,0.0053,10,0,-19,4,70.5,85,-60,26,0.5,0.006097,999999.99,99999.99,99999.99,0.25,0.13,0.09,-1,2009-07-24 23:00:00
2009,206,0,2401,51,52,58,35,2.7,2.0,-11.9,344.8,1.9,-0.5,-0.4,-0.5,-0.4,0.1,1.9,0.9,1.3,0.9,108646.0,2.5,531.0,0.6,-0.3,0.017,8070.0,0.1,7.0,1.1,1.0,0.002,1.26,0.21,3.38,15.5,7.9,0.0049,20,0,-18,7,71.2,98,-49,49,1.1,0.006103,999999.99,99999.99,99999.99,0.23,0.11,0.09,-1,2009-07-25 00:00:00
2009,206,1,2401,51,52,59,20,3.2,3.1,-38.4,21.8,2.2,0.9,-1.9,0.7,-2.0,0.2,1.0,0.4,0.8,0.4,94365.0,2.6,525.0,2.1,-0.9,0.012,3960.0,0.1,6.0,0.5,0.5,0.0,1.25,1.05,2.35,13.2,7.6,0.0068,20,0,-21,7,71.2,128,-48,81,1.4,0.006103,999999.99,99999.99,99999.99,0.22,0.11,0.08,-1,2009-07-25 01:00:00
2009,206,2,2401,51,52,59,32,3.2,2.9,-38.6,351.1,2.3,-0.4,-1.8,-0.6,-1.7,0.1,1.1,0.5,0.9,0.5,91510.0,2.5,513.0,1.0,-1.1,0.013,3540.0,0.1,3.0,0.5,0.4,0.001,1.16,0.87,2.23,12.7,7.4,0.0074,20,0,-24,7,71.2,350,-215,135,2.3,0.006103,999999.99,99999.99,99999.99,0.24,0.15,0.11,-1,2009-07-25 02:00:00
2009,206,3,2401,51,52,60,37,3.2,2.7,-16.4,316.2,1.9,-1.8,-0.8,-1.9,-0.5,0.1,1.6,0.6,1.1,1.0,89114.0,2.7,511.0,0.0,-0.3,0.014,6412.0,0.1,7.0,0.8,0.8,0.001,1.24,0.26,2.39,13.1,7.5,0.0069,20,0,-21,7,71.2,307,-211,96,1.9,0.006103,999999.99,99999.99,99999.99,0.19,0.1,0.08,-1,2009-07-25 03:00:00
2009,206,4,2401,51,52,59,36,3.2,2.9,-26.9,352.0,2.6,-0.4,-1.3,-0.7,-1.2,0.0,1.3,0.4,1.0,0.8,78633.0,2.6,503.0,0.9,-0.7,0.013,5786.0,0.1,5.0,1.0,0.8,0.001,1.16,0.6,2.19,12.7,7.5,0.0074,20,0,-22,7,71.2,177,-109,68,1.5,0.006103,999999.99,99999.99,99999.99,0.25,0.12,0.09,-1,2009-07-25 04:00:00
2009,206,5,2401,51,52,60,35,3.0,2.8,-9.9,350.9,2.8,-0.4,-0.5,-0.5,-0.4,0.1,0.9,0.2,0.6,0.6,66269.0,2.3,495.0,1.0,-0.3,0.013,9313.0,0.3,4.0,0.6,0.8,0.001,0.99,0.2,2.07,12.5,7.5,0.0076,20,0,-18,7,71.2,118,-49,69,0.8,0.006103,999999.99,99999.99,99999.99,0.25,0.13,0.11,-1,2009-07-25 05:00:00
2009,206,6,2401,51,52,60,37,2.9,2.7,4.7,348.2,2.6,-0.5,0.2,-0.4,0.3,0.1,1.0,0.3,0.3,0.9,60443.0,2.4,494.0,1.0,0.5,0.011,7527.0,0.3,2.0,0.4,1.0,0.002,1.02,-0.15,2.24,13.2,7.7,0.0068,3,0,-18,2,71.2,34,-6,28,0.4,0.006103,999999.99,99999.99,99999.99,0.26,0.12,0.08,-1,2009-07-25 06:00:00
2009,206,7,2401,51,52,59,37,3.7,3.5,54.2,314.4,1.4,-1.5,2.9,-0.4,3.2,0.2,1.1,0.8,0.7,0.5,59316.0,2.4,495.0,0.9,1.9,0.011,6730.0,0.2,7.0,0.6,0.3,0.001,1.03,-1.58,1.37,10.4,7.0,0.0111,3,0,-17,2,71.2,20,-9,10,0.3,0.006103,999999.99,99999.99,99999.99,0.21,0.12,0.09,-1,2009-07-25 07:00:00
2009,206,8,2401,51,52,59,36,3.8,3.5,31.1,343.0,2.9,-0.9,1.8,-0.2,2.0,0.1,1.3,0.3,1.0,0.7,47267.0,2.0,481.0,1.0,1.7,0.01,8622.0,0.3,4.0,0.9,0.5,0.002,0.8,-0.96,1.01,9.0,6.5,0.0148,3,0,-17,2,71.2,22,-13,10,0.1,0.006103,999999.99,99999.99,99999.99,0.2,0.1,0.07,-1,2009-07-25 08:00:00
2009,206,9,2401,51,52,59,34,3.6,3.4,-6.8,356.7,3.3,-0.2,-0.4,-0.3,-0.3,0.0,1.3,0.4,0.8,1.0,49092.0,1.6,469.0,1.8,-0.6,0.011,14332.0,0.2,6.0,1.1,1.5,0.0,0.61,0.14,0.91,8.2,6.2,0.0175,10,0,-17,4,71.2,30,-21,9,0.1,0.006103,999999.99,99999.99,99999.99,0.21,0.13,0.1,-1,2009-07-25 09:00:00
2009,206,10,2401,51,52,61,36,3.7,3.3,-30.7,3.7,2.8,0.2,-1.7,-0.5,-1.6,0.1,1.6,0.5,1.4,0.6,54520.0,1.9,470.0,2.6,-2.5,0.01,11626.0,0.3,8.0,2.0,0.8,0.001,0.73,0.75,1.06,8.8,6.3,0.0155,10,0,-17,4,71.2,39,-29,10,0.4,0.006103,999999.99,99999.99,99999.99,0.21,0.13,0.1,-1,2009-07-25 10:00:00
2009,206,11,2401,51,52,60,36,3.6,2.9,-31.8,4.8,2.5,0.2,-1.5,-0.4,-1.5,0.1,1.9,0.5,1.8,0.6,54752.0,1.8,471.0,2.3,-2.6,9.999,14004.0,0.3,9.0,2.3,1.4,9.999,0.8,0.71,1.06,8.8,6.3,0.0154,10,0,-15,4,71.2,75,-57,18,0.9,0.006103,999999.99,99999.99,99999.99,0.19,0.11,0.09,-1,2009-07-25 11:00:00
2009,206,12,2401,51,52,60,37,3.6,3.3,-19.6,353.1,3.1,-0.4,-1.1,-0.8,-0.9,0.1,1.2,0.4,0.8,0.7,66949.0,1.7,460.0,1.2,-2.4,9.999,15076.0,0.3,8.0,1.5,1.4,9.999,0.72,0.41,1.07,8.3,6.0,0.0171,10,0,-18,4,71.2,185,-151,34,1.0,0.006103,999999.99,99999.99,99999.99,0.25,0.13,0.08,-1,2009-07-25 12:00:00
2009,206,13,2401,51,52,64,35,3.9,0.8,-34.1,251.1,-0.2,-0.6,-0.5,-0.7,-0.2,0.5,3.8,2.8,2.2,1.4,69202.0,2.1,493.0,1.5,-1.6,9.999,21664.0,0.3,27.0,2.8,1.6,9.999,1.02,0.1,1.13,9.2,6.5,0.0142,10,0,-18,4,71.2,165,-141,24,0.7,0.006103,999999.99,99999.99,99999.99,0.18,0.11,0.08,-1,2009-07-25 13:00:00
2009,206,14,2401,51,52,57,35,4.3,4.1,4.1,256.0,-1.0,-4.0,0.3,-3.7,1.6,0.1,1.0,0.4,0.2,0.9,47192.0,2.0,497.0,-2.5,-1.0,0.009,5255.0,0.1,5.0,0.3,1.2,0.0,0.85,-0.8,0.79,8.2,6.3,0.0178,10,0,-16,4,71.2,125,-103,22,1.4,0.006103,999999.99,99999.99,99999.99,0.23,0.11,0.08,-1,2009-07-25 14:00:00
2009,206,15,2401,51,52,59,37,3.7,3.2,-7.1,279.0,0.5,-3.1,-0.4,-3.1,0.5,0.4,1.8,1.1,0.9,1.2,68454.0,1.9,480.0,-1.8,-1.5,0.011,21581.0,0.3,14.0,1.6,2.0,0.001,0.76,-0.24,1.14,8.9,6.4,0.0149,3,0,-15,2,71.2,103,-74,29,2.4,0.006103,999999.99,99999.99,99999.99,0.21,0.11,0.08,-1,2009-07-25 15:00:00
2009,206,16,2401,51,52,60,34,4.0,3.7,-25.5,296.6,1.5,-3.0,-1.6,-3.3,-0.8,0.3,1.3,1.0,0.5,0.7,64820.0,2.3,476.0,-1.7,-2.8,0.01,15822.0,0.3,9.0,0.7,0.7,0.0,0.91,0.38,1.16,9.0,6.4,0.0146,3,0,-13,2,71.2,112,-83,29,2.5,0.006103,999999.99,99999.99,99999.99,0.19,0.11,0.09,-1,2009-07-25 16:00:00
2009,206,17,2401,51,52,61,38,4.4,4.2,-0.9,305.2,2.4,-3.4,-0.1,-3.4,0.6,0.1,1.4,0.8,0.4,1.1,63070.0,2.3,464.0,-2.5,-1.7,0.01,14181.0,0.4,9.0,0.5,1.2,0.0,0.86,-0.28,0.95,8.0,5.9,0.0186,3,0,-12,2,71.2,81,-53,28,2.4,0.006103,999999.99,99999.99,99999.99,0.2,0.1,0.08,-1,2009-07-25 17:00:00
2009,206,18,2401,51,52,60,36,4.4,4.0,17.8,278.1,0.5,-3.8,1.2,-3.6,1.8,0.1,1.7,0.8,0.4,1.4,69737.0,2.6,481.0,-2.5,-0.3,0.01,12009.0,0.2,8.0,0.5,1.5,0.004,1.04,-0.87,1.11,8.8,6.3,0.0153,7,0,-13,3,71.2,42,-23,20,2.0,0.006103,999999.99,99999.99,99999.99,0.24,0.13,0.09,-1,2009-07-25 18:00:00
2009,206,19,2401,51,52,60,35,4.1,3.6,33.0,276.3,0.3,-3.0,1.9,-2.8,2.2,0.3,1.8,0.8,0.9,1.4,73353.0,2.3,479.0,-2.0,0.2,0.012,10244.0,0.3,6.0,0.9,1.4,0.003,0.92,-1.05,1.15,8.9,6.3,0.0152,7,0,-15,3,71.2,47,-26,20,1.5,0.006103,999999.99,99999.99,99999.99,0.22,0.11,0.08,-1,2009-07-25 19:00:00
2009,206,20,2401,51,52,59,35,3.6,3.1,-2.7,269.5,0.0,-3.1,-0.1,-3.1,0.1,0.1,1.7,0.8,0.4,1.4,80259.0,2.2,479.0,-2.7,-2.5,0.015,9370.0,0.1,9.0,0.6,1.9,0.003,0.89,-0.05,1.47,9.9,6.5,0.0122,7,0,-15,3,71.2,43,-26,18,1.1,0.006103,999999.99,99999.99,99999.99,0.19,0.11,0.08,-1,2009-07-25 20:00:00
2009,206,21,2401,51,52,61,34,3.5,2.6,2.9,254.0,-0.7,-2.5,0.1,-2.5,0.2,0.3,2.2,1.4,0.7,1.6,63268.0,1.9,486.0,-1.8,-1.5,0.008,27502.0,0.3,12.0,0.8,1.8,0.0,0.77,-0.1,1.24,9.6,6.7,0.013,13,0,-13,5,71.2,57,-31,26,1.3,0.006103,999999.99,99999.99,99999.99,0.2,0.12,0.1,-1,2009-07-25 21:00:00
2009,206,22,2401,51,52,59,36,3.7,3.4,23.9,229.3,-2.0,-2.3,1.4,-2.2,1.5,0.3,1.6,0.7,1.0,1.0,58550.0,2.0,493.0,-1.9,0.3,9.999,12516.0,0.1,7.0,0.7,1.4,9.999,0.97,-0.74,1.14,9.4,6.7,0.0134,13,0,-13,5,71.2,52,-38,13,0.7,0.006103,999999.99,99999.99,99999.99,0.25,0.11,0.08,-1,2009-07-25 22:00:00
2009,206,23,2401,51,52,58,35,3.1,2.1,-18.9,13.2,1.9,0.5,-0.7,0.5,-0.7,0.4,2.3,1.6,1.4,1.0,65197.0,1.7,448.0,1.4,-2.9,0.018,35281.0,0.4,13.0,2.0,1.2,0.007,0.61,0.31,1.42,9.4,6.3,0.0134,13,0,-14,5,71.2,44,-33,10,0.2,0.006103,999999.99,99999.99,99999.99,0.2,0.1,0.08,-1,2009-07-25 23:00:00
2009,207,0,2401,51,52,58,34,3.5,3.1,8.7,4.2,3.1,0.2,0.5,0.2,0.5,0.2,1.4,0.3,1.0,1.0,36695.0,1.4,438.0,1.4,-0.7,0.015,7955.0,0.2,3.0,1.3,1.4,0.004,0.48,-0.22,0.78,7.4,5.7,0.0217,7,0,-17,3,69.8,48,-32,16,0.5,0.006047,999999.99,99999.99,99999.99,0.24,0.12,0.09,-1,2009-07-26 00:00:00
2009,207,1,2401,51,52,60,36,3.1,2.8,46.3,351.1,1.9,-0.3,2.0,-0.1,2.0,0.4,1.4,0.8,1.0,0.4,71018.0,1.9,445.0,0.5,1.7,0.014,25623.0,0.3,9.0,1.6,0.6,0.001,0.66,-0.89,1.64,9.9,6.4,0.0122,7,0,-16,3,69.8,36,-34,2,0.3,0.006047,999999.99,99999.99,99999.99,0.28,0.13,0.1,-1,2009-07-26 01:00:00
2009,207,2,2401,51,52,62,38,3.4,3.2,25.9,304.1,1.6,-2.4,1.4,-2.2,1.7,0.1,1.0,0.5,0.5,0.6,54562.0,1.6,447.0,-2.6,0.4,0.014,14284.0,0.3,9.0,0.9,1.3,0.0,0.56,-0.76,1.05,8.3,6.0,0.0172,7,0,-15,3,69.8,36,-29,7,0.5,0.006047,999999.99,99999.99,99999.99,0.2,0.1,0.08,-1,2009-07-26 02:00:00
2009,207,3,2401,51,52,56,34,3.2,3.0,23.4,302.2,1.4,-2.3,1.2,-2.1,1.6,0.0,1.2,0.7,0.7,0.7,60007.0,1.8,445.0,-2.5,-0.3,0.016,10572.0,0.3,12.0,1.1,1.3,0.004,0.63,-0.71,1.38,9.3,6.3,0.0137,3,0,-15,2,69.8,41,-31,10,0.3,0.006047,999999.99,99999.99,99999.99,0.28,0.12,0.09,-1,2009-07-26 03:00:00
2009,207,4,2401,51,52,60,34,3.2,3.1,3.5,342.8,3.0,-0.9,0.2,-0.8,0.4,0.0,0.9,0.2,0.6,0.6,46747.0,1.5,416.0,-0.8,-1.6,0.016,12597.0,0.1,4.0,1.3,1.4,0.003,0.46,-0.17,1.07,8.0,5.7,0.0188,3,0,-16,2,69.8,26,-15,11,0.4,0.006047,999999.99,99999.99,99999.99,0.22,0.14,0.11,-1,2009-07-26 04:00:00
2009,207,5,2401,51,52,60,37,3.3,2.8,29.7,8.4,2.4,0.4,1.4,0.7,1.2,0.1,1.6,0.5,1.4,0.6,48268.0,1.7,427.0,1.2,1.3,9.999,7314.0,0.2,9.0,2.6,1.4,9.999,0.62,-0.51,1.15,8.4,6.0,0.0167,3,0,-16,2,69.8,25,-7,18,0.3,0.006047,999999.99,99999.99,99999.99,0.23,0.15,0.11,-1,2009-07-26 05:00:00
2009,207,6,2401,51,52,61,36,3.3,3.2,19.7,332.1,2.7,-1.4,1.1,-1.0,1.5,0.0,0.8,0.3,0.5,0.6,41773.0,1.5,420.0,-2.2,0.9,0.015,5097.0,0.2,5.0,1.1,1.3,0.001,0.47,-0.63,0.97,7.8,5.7,0.0196,7,0,-17,3,69.8,24,-9,15,0.3,0.006047,999999.99,99999.99,99999.99,0.23,0.14,0.1,-1,2009-07-26 06:00:00
2009,207,7,2401,51,52,60,35,3.2,3.2,-10.0,313.3,2.2,-2.3,-0.6,-2.4,0.2,0.1,0.5,0.3,0.3,0.3,43297.0,1.5,423.0,-3.9,-2.5,0.015,9525.0,0.2,7.0,0.5,0.6,0.001,0.48,-0.08,1.05,8.1,5.9,0.0182,7,0,-16,3,69.8,53,-25,28,-0.0,0.006047,999999.99,99999.99,99999.99,0.22,0.14,0.1,-1,2009-07-26 07:00:00
2009,207,8,2401,51,52,58,33,3.3,3.1,4.7,306.5,1.8,-2.5,0.2,-2.2,1.1,0.0,1.0,0.6,0.5,0.7,52046.0,1.7,425.0,-4.0,-0.7,0.018,7648.0,0.2,10.0,0.8,1.2,0.0,0.55,-0.47,1.17,8.4,5.9,0.0169,7,0,-15,3,69.8,64,-51,13,-0.3,0.006047,999999.99,99999.99,99999.99,0.27,0.16,0.12,-1,2009-07-26 08:00:00
2009,207,9,2401,51,52,60,34,3.3,3.1,23.4,318.6,2.1,-1.9,1.2,-1.3,1.9,0.1,0.9,0.5,0.5,0.6,44442.0,1.6,418.0,-3.4,1.7,0.019,8538.0,0.2,10.0,0.9,1.3,0.0,0.5,-0.79,1.06,8.0,5.8,0.0185,3,0,-13,2,69.8,35,-24,11,-0.4,0.006047,999999.99,99999.99,99999.99,0.21,0.1,0.09,-1,2009-07-26 09:00:00
2009,207,10,2401,51,52,58,36,3.2,2.8,17.5,315.8,1.9,-1.8,0.8,-1.3,1.5,0.1,1.6,0.9,1.3,0.4,48231.0,1.7,420.0,-2.7,0.9,0.019,14409.0,0.3,15.0,2.5,1.2,0.0,0.54,-0.63,1.22,8.6,6.0,0.0162,3,0,-13,2,69.8,38,-31,6,-0.5,0.006047,999999.99,99999.99,99999.99,0.21,0.11,0.09,-1,2009-07-26 10:00:00
2009,207,11,2401,51,52,60,37,3.3,3.2,-5.4,18.1,3.0,1.0,-0.3,0.8,-0.7,0.0,0.8,0.2,0.6,0.4,35678.0,1.7,401.0,2.2,-0.8,0.013,4506.0,0.1,4.0,1.1,0.8,0.0,0.48,0.28,1.07,7.9,5.7,0.019,3,0,-12,2,69.8,37,-31,6,-0.3,0.006047,999999.99,99999.99,99999.99,0.22,0.1,0.07,-1,2009-07-26 11:00:00
2009,207,12,2401,51,52,59,34,3.2,3.2,-2.4,21.5,2.9,1.2,-0.1,1.1,-0.6,0.0,0.7,0.1,0.2,0.6,32943.0,1.7,398.0,2.5,-0.4,0.011,3925.0,0.1,3.0,0.5,1.1,0.0,0.47,0.24,1.11,8.1,5.8,0.0181,7,0,-12,3,69.8,44,-29,15,0.4,0.006047,999999.99,99999.99,99999.99,0.22,0.11,0.07,-1,2009-07-26 12:00:00
2009,207,13,2401,51,52,59,36,3.2,3.2,11.6,7.4,3.1,0.4,0.6,0.6,0.4,0.0,0.4,0.1,0.3,0.2,30123.0,1.6,390.0,1.0,0.7,0.014,3628.0,0.1,2.0,0.6,0.6,0.0,0.43,-0.16,1.03,7.7,5.6,0.02,7,0,-14,3,69.8,59,-45,14,0.6,0.006047,999999.99,99999.99,99999.99,0.21,0.12,0.1,-1,2009-07-26 13:00:00
2009,207,14,2401,51,52,60,37,3.2,3.1,-10.7,356.1,3.1,-0.2,-0.6,-0.4,-0.5,0.0,0.5,0.1,0.4,0.3,33648.0,1.7,389.0,-0.2,-1.9,0.014,6553.0,0.1,2.0,0.8,0.8,0.001,0.45,0.19,1.12,7.9,5.7,0.0189,7,0,-14,3,69.8,114,-99,15,0.5,0.006047,999999.99,99999.99,99999.99,0.22,0.14,0.1,-1,2009-07-26 14:00:00
2009,207,15,2401,51,52,61,38,3.3,3.2,-14.1,334.8,2.8,-1.3,-0.8,-1.5,-0.4,0.1,0.8,0.3,0.6,0.4,33188.0,1.6,392.0,-2.4,-2.6,0.015,8100.0,0.2,5.0,1.2,1.0,0.001,0.44,0.16,0.99,7.5,5.5,0.0211,3,0,-14,2,69.8,60,-49,11,0.8,0.006047,999999.99,99999.99,99999.99,0.21,0.11,0.08,-1,2009-07-26 15:00:00
2009,207,16,2401,51,52,61,36,3.3,3.1,-9.6,302.7,1.7,-2.6,-0.5,-2.6,0.2,0.0,1.0,0.8,0.4,0.6,38760.0,1.6,408.0,-4.7,-2.3,0.015,14773.0,0.3,12.0,0.7,1.2,0.004,0.47,-0.08,1.02,7.8,5.7,0.0195,3,0,-13,2,69.8,73,-57,16,2.1,0.006047,999999.99,99999.99,99999.99,0.21,0.1,0.08,-1,2009-07-26 16:00:00
2009,207,17,2401,51,52,60,37,3.2,3.0,0.1,290.8,1.1,-2.8,0.0,-2.7,0.6,0.0,1.1,0.5,0.2,0.9,43517.0,1.7,410.0,-4.7,-1.5,0.013,12591.0,0.3,6.0,0.8,1.7,0.001,0.5,-0.25,1.19,8.4,5.9,0.017,3,0,-13,2,69.8,34,-21,14,1.8,0.006047,999999.99,99999.99,99999.99,0.24,0.13,0.08,-1,2009-07-26 17:00:00
2009,207,18,2401,51,52,61,36,3.3,3.2,11.5,284.4,0.8,-3.0,0.6,-2.9,1.1,0.0,0.9,0.6,0.1,0.6,44299.0,1.8,411.0,-4.4,-0.3,0.017,10346.0,0.4,6.0,0.7,1.0,0.003,0.54,-0.45,1.19,8.4,5.9,0.017,3,0,-12,2,69.8,29,-13,17,1.6,0.006047,999999.99,99999.99,99999.99,0.22,0.11,0.09,-1,2009-07-26 18:00:00
2009,207,19,2401,51,52,59,36,3.3,3.2,20.6,271.9,0.1,-3.0,1.1,-2.9,1.4,0.1,0.7,0.5,0.2,0.5,47949.0,1.9,414.0,-3.0,0.1,0.013,12042.0,0.2,8.0,0.7,1.1,0.006,0.57,-0.58,1.28,8.6,6.0,0.0159,3,0,-12,2,69.8,31,-17,14,1.2,0.006047,999999.99,99999.99,99999.99,0.19,0.1,0.07,-1,2009-07-26 19:00:00
2009,207,20,2401,51,52,58,31,3.3,3.1,46.0,326.7,1.8,-1.2,2.2,-1.0,2.3,0.2,1.1,0.4,1.0,0.4,31539.0,1.5,393.0,-0.9,2.7,0.015,13084.0,0.4,6.0,1.5,1.3,0.002,0.41,-0.9,0.92,7.3,5.4,0.0224,3,0,-10,2,69.8,42,-30,12,0.7,0.006047,999999.99,99999.99,99999.99,0.2,0.12,0.09,-1,2009-07-26 20:00:00
2009,207,21,2401,51,52,62,35,2.9,2.6,46.1,0.5,1.8,0.0,1.9,0.1,1.9,0.1,1.3,0.5,1.1,0.4,45695.0,1.6,394.0,0.8,2.2,9.999,19489.0,0.6,8.0,2.1,1.6,9.999,0.5,-0.75,1.38,8.6,5.8,0.0161,0,0,-9,0,69.8,37,-32,6,-0.1,0.006047,999999.99,99999.99,99999.99,0.25,0.12,0.09,-1,2009-07-26 21:00:00
2009,207,22,2401,51,52,61,37,2.9,2.1,18.7,287.3,0.6,-1.9,0.7,-1.9,0.8,0.4,2.0,1.5,1.0,0.9,34507.0,1.6,400.0,-2.1,0.5,0.015,21739.0,0.5,14.0,1.3,1.6,0.006,0.45,-0.32,1.29,8.7,6.0,0.0156,0,0,-8,0,69.8,32,-26,6,-0.0,0.006047,999999.99,99999.99,99999.99,0.27,0.14,0.1,-1,2009-07-26 22:00:00
2009,207,23,2401,51,52,60,36,3.3,2.8,3.8,255.0,-0.7,-2.7,0.2,-2.7,0.4,0.4,1.7,1.0,0.9,1.0,25933.0,2.1,408.0,-1.2,-0.2,0.006,19149.0,0.3,11.0,1.6,1.4,0.0,0.6,-0.16,1.24,9.0,6.2,0.0148,0,0,-9,0,69.8,36,-21,15,0.3,0.006047,999999.99,99999.99,99999.99,0.24,0.12,0.1,-1,2009-07-26 23:00:00
2009,208,0,2401,51,52,59,31,3.5,3.3,6.7,239.0,-1.7,-2.8,0.4,-2.8,0.6,0.1,1.0,0.5,0.4,0.8,35750.0,2.3,413.0,-1.2,-0.2,9.999,11827.0,0.5,4.0,0.8,1.0,9.999,0.78,-0.25,1.28,8.9,6.2,0.0149,7,0,-9,3,70.5,40,-25,15,0.2,0.006028,999999.99,99999.99,99999.99,0.21,0.12,0.1,-1,2009-07-27 00:00:00
2009,208,1,2401,51,52,59,34,3.3,3.0,10.8,257.1,-0.7,-2.9,0.6,-2.8,0.9,0.2,1.5,0.7,0.4,1.2,31415.0,2.0,407.0,-1.8,0.0,0.011,17235.0,0.6,7.0,0.9,1.6,0.0,0.58,-0.37,1.22,8.7,6.1,0.0156,7,0,-10,3,70.5,48,-27,21,0.5,0.006028,999999.99,99999.99,99999.99,0.21,0.11,0.09,-1,2009-07-27 01:00:00
2009,208,2,2401,51,52,60,34,3.9,3.7,13.3,259.0,-0.7,-3.6,0.9,-3.4,1.4,0.2,1.2,0.4,0.4,1.0,30385.0,2.3,410.0,-2.2,0.2,0.01,13614.0,0.6,3.0,0.7,1.3,0.0,0.67,-0.57,1.0,8.0,5.8,0.0187,7,0,-9,3,70.5,35,-22,13,0.3,0.006028,999999.99,99999.99,99999.99,0.22,0.1,0.07,-1,2009-07-27 02:00:00
2009,208,3,2401,51,52,62,36,4.0,2.1,60.1,280.2,0.2,-1.0,1.8,-0.7,1.9,0.2,3.3,1.0,2.8,1.6,49558.0,2.6,404.0,-0.4,1.2,0.009,16853.0,0.8,5.0,2.4,1.2,0.003,0.73,-0.77,1.2,8.1,5.7,0.0179,7,0,-8,3,70.5,43,-19,24,0.3,0.006028,999999.99,99999.99,99999.99,0.21,0.11,0.08,-1,2009-07-27 03:00:00
2009,208,4,2401,51,52,58,34,4.2,4.1,-9.5,248.1,-1.5,-3.7,-0.7,-3.8,0.1,0.2,1.0,0.5,0.2,0.8,62256.0,2.8,410.0,-2.7,-0.6,0.007,16668.0,0.5,4.0,0.7,0.8,0.0,0.81,-0.04,1.26,8.2,5.7,0.0178,7,0,-7,3,70.5,29,-14,15,0.3,0.006028,999999.99,99999.99,99999.99,0.23,0.13,0.1,-1,2009-07-27 04:00:00
2009,208,5,2401,51,52,59,31,4.3,2.2,32.4,31.9,1.6,1.0,1.2,1.3,0.9,0.3,3.7,1.6,3.2,0.9,44862.0,2.4,392.0,1.8,1.6,9.999,21070.0,0.6,7.0,2.2,0.6,9.999,0.74,-0.35,0.94,7.1,5.3,0.0239,7,0,-9,3,70.5,41,-13,27,0.2,0.006028,999999.99,99999.99,99999.99,0.24,0.12,0.08,-1,2009-07-27 05:00:00
2009,208,6,2401,51,52,60,36,4.2,4.0,36.9,12.8,3.2,0.7,2.4,1.4,2.1,0.5,1.3,0.7,1.0,0.4,38098.0,2.3,382.0,0.9,2.6,0.012,19599.0,0.6,5.0,0.9,1.0,0.0,0.59,-0.8,0.9,6.9,5.2,0.025,7,0,-12,3,70.5,51,-37,14,0.7,0.006028,999999.99,99999.99,99999.99,0.24,0.12,0.08,-1,2009-07-27 06:00:00
2009,208,7,2401,51,52,60,34,3.7,3.5,46.0,344.7,2.4,-0.6,2.5,0.3,2.6,0.4,1.2,0.9,0.4,0.7,51834.0,2.3,378.0,-0.7,3.2,0.026,20481.0,1.0,10.0,1.0,1.0,0.0,0.61,-0.98,1.26,7.7,5.4,0.0198,7,0,-11,3,70.5,22,-15,8,0.1,0.006028,999999.99,99999.99,99999.99,0.23,0.12,0.08,-1,2009-07-27 07:00:00
2009,208,8,2401,51,52,59,34,5.4,5.2,16.3,350.7,4.9,-0.8,1.5,-0.2,1.7,0.4,1.4,0.7,0.6,1.1,47032.0,2.9,370.0,-0.3,1.5,9.999,17636.0,0.3,3.0,0.9,1.3,9.999,0.79,-0.63,0.73,5.8,4.6,0.0349,7,0,-10,3,70.5,36,-24,12,0.1,0.006028,999999.99,99999.99,99999.99,0.21,0.11,0.08,-1,2009-07-27 08:00:00
2009,208,9,2401,51,52,60,36,5.4,5.2,-18.9,337.8,4.6,-1.9,-1.7,-2.4,-0.8,0.3,1.4,0.5,1.1,0.7,44329.0,2.9,368.0,-2.9,-2.3,9.999,15600.0,0.3,4.0,1.5,0.9,9.999,0.79,0.29,0.71,5.8,4.6,0.0353,3,0,-9,2,70.5,56,-28,28,0.1,0.006028,999999.99,99999.99,99999.99,0.22,0.14,0.1,-1,2009-07-27 09:00:00
2009,208,10,2401,51,52,60,37,3.9,3.2,-42.4,310.9,1.6,-1.8,-2.2,-2.5,-1.3,0.4,2.1,1.5,1.1,1.1,75548.0,3.1,387.0,-1.8,-1.8,0.035,28904.0,1.0,13.0,1.6,1.8,0.0,0.88,0.5,1.73,8.7,5.5,0.0156,3,0,-9,2,70.5,73,-37,36,0.6,0.006028,999999.99,99999.99,99999.99,0.25,0.12,0.08,-1,2009-07-27 10:00:00
2009,208,11,2401,51,52,59,30,3.6,2.4,-2.0,293.4,1.0,-2.2,-0.1,-2.0,0.8,0.2,2.5,1.5,1.0,1.8,71445.0,3.1,387.0,-2.3,-0.3,0.011,20635.0,0.8,10.0,1.2,1.8,0.0,0.81,-0.31,1.99,9.5,5.7,0.0133,3,0,-11,2,70.5,61,-39,22,-0.1,0.006028,999999.99,99999.99,99999.99,0.2,0.12,0.09,-1,2009-07-27 11:00:00
2009,208,12,2401,51,52,60,34,3.9,3.3,-3.5,312.9,2.2,-2.4,-0.2,-2.3,0.8,0.1,2.1,0.9,0.9,1.6,73374.0,3.2,374.0,-3.4,-1.1,0.009,14505.0,0.7,11.0,1.1,2.0,0.001,0.77,-0.3,1.77,8.6,5.4,0.0162,10,0,-9,4,70.5,48,-28,20,0.2,0.006028,999999.99,99999.99,99999.99,0.2,0.13,0.09,-1,2009-07-27 12:00:00
2009,208,13,2401,51,52,59,37,4.0,3.4,-3.6,271.0,0.1,-3.4,-0.2,-3.2,1.1,0.2,1.9,1.1,0.8,1.4,83479.0,3.8,394.0,-4.0,-0.6,0.008,9695.0,0.4,9.0,0.6,1.7,0.0,1.02,-0.43,2.09,9.6,5.7,0.0129,10,0,-9,4,70.5,61,-40,20,0.9,0.006028,999999.99,99999.99,99999.99,0.2,0.1,0.08,-1,2009-07-27 13:00:00
2009,208,14,2401,51,52,60,31,4.1,3.2,-12.4,276.4,0.4,-3.2,-0.7,-3.2,0.5,0.1,2.5,1.8,1.5,0.9,78542.0,3.8,387.0,-3.8,-1.3,9.999,8694.0,0.4,16.0,1.4,1.7,9.999,1.14,-0.19,1.95,9.2,5.6,0.0141,10,0,-8,4,70.5,123,-102,21,1.9,0.006028,999999.99,99999.99,99999.99,0.27,0.15,0.1,-1,2009-07-27 14:00:00
2009,208,15,2401,51,52,60,34,4.2,4.0,-23.3,6.1,3.6,0.4,-1.6,-0.1,-1.6,0.1,1.3,0.3,1.1,0.7,65411.0,2.7,351.0,0.7,-3.9,9.999,9499.0,0.4,5.0,2.1,1.3,9.999,0.67,0.56,1.23,6.9,4.8,0.0252,7,0,-12,3,70.5,143,-128,14,2.0,0.006028,999999.99,99999.99,99999.99,0.22,0.12,0.09,-1,2009-07-27 15:00:00
2009,208,16,2401,51,52,59,37,4.2,3.9,4.7,340.9,3.7,-1.3,0.3,-1.2,0.6,0.1,1.4,0.5,1.2,0.6,62568.0,2.6,348.0,-1.6,-0.1,9.999,10446.0,0.4,8.0,2.8,1.4,9.999,0.63,-0.21,1.17,6.7,4.7,0.0267,7,0,-15,3,70.5,81,-65,16,1.0,0.006028,999999.99,99999.99,99999.99,0.23,0.15,0.12,-1,2009-07-27 16:00:00
2009,208,17,2401,51,52,60,39,4.2,3.8,-9.6,331.2,3.2,-1.8,-0.6,-1.9,-0.2,0.1,1.7,0.6,0.7,1.4,65341.0,3.0,351.0,-3.4,-1.2,0.017,10923.0,0.5,10.0,1.2,2.6,0.0,0.66,0.07,1.37,7.2,4.9,0.0227,7,0,-13,3,70.5,36,-25,10,1.1,0.006028,999999.99,99999.99,99999.99,0.25,0.11,0.09,-1,2009-07-27 17:00:00
2009,208,18,2401,51,52,59,37,4.1,4.0,-31.1,322.0,2.7,-2.1,-2.1,-2.4,-1.7,0.1,0.9,0.4,0.6,0.5,63729.0,3.3,359.0,-4.6,-3.9,0.019,9041.0,0.4,8.0,0.9,1.1,0.0,0.76,0.61,1.57,8.0,5.2,0.0188,7,0,-10,3,70.5,66,-40,27,2.0,0.006028,999999.99,99999.99,99999.99,0.23,0.12,0.09,-1,2009-07-27 18:00:00
2009,208,19,2401,51,52,60,35,4.2,4.1,-32.9,303.1,1.9,-2.9,-2.2,-3.1,-1.8,0.2,0.9,0.5,0.5,0.5,54164.0,2.8,366.0,-5.9,-4.0,0.009,21202.0,0.8,7.0,1.2,1.0,0.0,0.65,0.66,1.21,7.3,5.1,0.0224,7,0,-12,3,70.5,102,-59,43,1.3,0.006028,999999.99,99999.99,99999.99,0.2,0.13,0.1,-1,2009-07-27 19:00:00
2009,208,20,2401,51,52,60,32,4.6,4.5,-20.2,311.3,2.8,-3.2,-1.6,-3.3,-1.3,0.1,0.5,0.3,0.3,0.2,28873.0,2.2,355.0,-7.4,-3.2,9.999,7486.0,0.4,5.0,0.5,0.5,9.999,0.55,0.46,0.68,5.7,4.5,0.0363,7,0,-13,3,70.5,113,-64,49,1.3,0.006028,999999.99,99999.99,99999.99,0.18,0.11,0.09,-1,2009-07-27 20:00:00
2009,208,21,2401,51,52,59,37,4.5,4.5,-18.1,293.4,1.7,-3.9,-1.4,-4.0,-1.1,0.1,0.7,0.4,0.2,0.6,44562.0,2.8,368.0,-7.5,-2.5,0.01,11559.0,0.5,6.0,0.9,1.1,0.003,0.66,0.4,0.99,6.8,5.0,0.0254,7,0,-18,3,70.5,88,-41,47,1.0,0.006028,999999.99,99999.99,99999.99,0.24,0.12,0.1,-1,2009-07-27 21:00:00
2009,208,22,2401,51,52,60,36,4.3,4.2,-2.3,279.6,0.7,-4.2,-0.2,-4.2,0.0,0.1,0.8,0.5,0.1,0.7,63387.0,3.1,378.0,-7.8,-0.4,0.009,7073.0,0.3,5.0,0.3,1.0,0.001,0.77,-0.0,1.34,7.7,5.3,0.0199,7,0,-17,3,70.5,53,-25,28,0.2,0.006028,999999.99,99999.99,99999.99,0.24,0.11,0.09,-1,2009-07-27 22:00:00
2009,208,23,2401,51,52,60,32,4.7,4.5,-2.7,307.3,2.7,-3.5,-0.2,-3.5,0.0,0.1,1.4,1.0,0.6,0.7,43667.0,2.8,352.0,-8.2,-1.6,0.016,6040.0,0.3,8.0,0.6,1.0,0.0,0.62,-0.0,0.91,6.3,4.7,0.0303,7,0,-12,3,70.5,37,-19,19,0.1,0.006028,999999.99,99999.99,99999.99,0.25,0.13,0.1,-1,2009-07-27 23:00:00
2009,209,0,2401,51,52,66,39,4.7,3.9,8.0,287.8,1.2,-3.6,0.5,-3.5,0.8,0.5,2.7,1.6,1.1,1.9,44539.0,3.0,382.0,-4.9,-0.5,0.007,14163.0,0.8,18.0,3.1,2.1,0.002,0.75,-0.31,0.98,7.0,5.2,0.024,10,0,-7,4,70.9,46,-26,20,0.0,0.00607,999999.99,99999.99,99999.99,0.23,0.14,0.11,-1,2009-07-28 00:00:00
2009,209,1,2401,51,52,59,34,4.3,4.2,-23.5,319.1,2.9,-2.5,-1.7,-2.7,-1.4,0.1,1.1,0.5,0.7,0.6,53342.0,3.9,391.0,-1.1,-0.9,9.999,8533.0,0.5,3.0,0.7,0.3,9.999,1.19,0.55,1.59,9.0,5.8,0.0148,10,0,-5,4,70.9,75,-38,37,0.6,0.00607,999999.99,99999.99,99999.99,0.22,0.13,0.1,-1,2009-07-28 01:00:00
2009,209,2,2401,51,52,59,36,5.0,4.9,-7.8,344.1,4.7,-1.3,-0.7,-1.4,-0.5,0.3,0.9,0.6,0.7,0.4,51428.0,4.4,385.0,0.6,-0.9,9.999,4519.0,0.2,3.0,0.4,0.3,9.999,1.3,0.19,1.32,8.1,5.5,0.0182,10,0,-5,4,70.9,116,-53,63,1.1,0.00607,999999.99,99999.99,99999.99,0.23,0.13,0.1,-1,2009-07-28 02:00:00
2009,209,3,2401,51,52,60,37,5.1,4.9,-0.3,17.3,4.7,1.5,0.0,1.5,-0.3,0.3,1.3,0.7,0.9,0.6,50043.0,4.0,380.0,2.1,-1.1,9.999,6228.0,0.5,4.0,0.4,0.5,9.999,1.16,0.11,1.14,7.5,5.3,0.0214,13,0,-10,5,70.9,150,-65,85,1.7,0.00607,999999.99,99999.99,99999.99,0.23,0.11,0.08,-1,2009-07-28 03:00:00
2009,209,4,2401,51,52,61,36,4.2,3.8,28.0,71.6,1.1,3.2,1.8,3.5,1.0,0.3,1.6,1.4,0.3,0.7,44245.0,3.5,388.0,3.0,-0.3,9.999,7921.0,0.6,4.0,0.4,0.3,9.999,1.05,-0.39,1.42,8.6,5.8,0.0159,13,0,-14,5,70.9,108,-41,67,1.8,0.00607,999999.99,99999.99,99999.99,0.24,0.14,0.11,-1,2009-07-28 04:00:00
2009,209,5,2401,51,52,60,33,3.6,3.4,17.9,93.7,-0.2,3.2,1.1,3.4,0.2,0.3,1.1,0.6,0.2,0.9,49189.0,3.5,388.0,3.7,-0.6,9.999,11073.0,0.8,4.0,0.7,0.7,9.999,1.05,-0.08,1.99,10.1,6.1,0.0117,13,0,-14,5,70.9,177,-102,75,1.5,0.00607,999999.99,99999.99,99999.99,0.23,0.14,0.09,-1,2009-07-28 05:00:00
2009,209,6,2401,51,52,60,34,3.3,2.7,-15.0,28.9,2.2,1.2,-0.7,0.9,-1.0,0.4,2.1,1.4,1.1,1.0,56362.0,2.5,389.0,2.4,-0.8,9.999,13196.0,0.7,5.0,1.2,0.9,9.999,0.76,0.39,1.76,9.3,5.9,0.0137,10,0,-14,4,70.9,121,-82,39,1.2,0.00607,999999.99,99999.99,99999.99,0.25,0.15,0.1,-1,2009-07-28 06:00:00
2009,209,7,2401,51,52,62,38,3.3,3.1,-20.0,4.4,2.9,0.2,-1.1,-0.2,-1.1,0.3,1.0,0.2,0.9,0.3,53879.0,2.2,393.0,1.0,-0.8,9.999,9466.0,0.6,6.0,0.4,0.4,9.999,0.68,0.43,1.53,8.8,5.8,0.0152,10,0,-14,4,70.9,121,-60,60,1.1,0.00607,999999.99,99999.99,99999.99,0.26,0.13,0.1,-1,2009-07-28 07:00:00
2009,209,8,2401,51,52,62,37,3.2,2.8,-42.0,356.4,2.1,-0.1,-1.9,-0.8,-1.7,0.4,1.6,0.5,1.4,0.6,70109.0,2.9,413.0,2.2,-1.3,9.999,17937.0,0.4,9.0,1.5,0.9,9.999,0.99,0.7,2.34,11.0,6.3,0.0098,10,0,-13,4,70.9,132,-73,59,0.7,0.00607,999999.99,99999.99,99999.99,0.2,0.14,0.1,-1,2009-07-28 08:00:00
2009,209,9,2401,51,52,59,35,3.7,3.6,-40.2,340.4,2.6,-0.9,-2.3,-1.8,-1.7,0.1,0.7,0.2,0.6,0.2,65430.0,2.8,410.0,1.9,-1.5,9.999,10124.0,0.4,3.0,0.8,0.5,9.999,0.94,0.7,1.65,9.3,6.0,0.0138,10,0,-14,4,70.9,183,-141,42,1.2,0.00607,999999.99,99999.99,99999.99,0.24,0.14,0.09,-1,2009-07-28 09:00:00
2009,209,10,2401,51,52,59,36,3.6,3.4,-28.9,332.0,2.6,-1.4,-1.6,-1.9,-0.9,0.2,1.3,0.6,1.0,0.6,64043.0,2.6,401.0,0.6,-1.4,9.999,13057.0,0.5,6.0,1.2,0.6,9.999,0.84,0.36,1.61,9.0,5.8,0.0147,10,0,-13,4,70.9,148,-100,48,1.0,0.00607,999999.99,99999.99,99999.99,0.23,0.14,0.1,-1,2009-07-28 10:00:00
2009,209,11,2401,51,52,60,37,3.5,3.5,-8.3,346.6,3.3,-0.8,-0.5,-0.9,-0.1,0.1,0.7,0.2,0.6,0.3,64933.0,2.7,395.0,0.7,-0.5,9.999,11313.0,0.2,2.0,1.0,0.3,9.999,0.84,0.04,1.77,9.3,5.8,0.0138,10,0,-8,4,70.9,103,-41,62,0.5,0.00607,999999.99,99999.99,99999.99,0.21,0.11,0.08,-1,2009-07-28 11:00:00
2009,209,12,2401,51,52,60,34,3.8,3.6,-16.5,318.6,2.6,-2.3,-1.0,-2.5,0.0,0.2,1.2,0.6,0.9,0.7,56735.0,2.5,398.0,-0.5,-1.5,9.999,14372.0,0.5,5.0,1.0,0.9,9.999,0.79,-0.0,1.33,8.3,5.6,0.0173,7,0,-6,3,70.9,53,-27,26,0.3,0.00607,999999.99,99999.99,99999.99,0.25,0.12,0.08,-1,2009-07-28 12:00:00
2009,209,13,2401,51,52,60,32,4.1,3.9,-3.3,316.3,2.8,-2.7,-0.2,-2.6,0.9,0.1,1.3,0.7,0.8,0.6,50164.0,2.3,387.0,-0.7,-0.6,9.999,15679.0,0.6,9.0,1.3,1.0,9.999,0.69,-0.35,1.02,7.2,5.2,0.0232,7,0,-7,3,70.9,51,-34,17,0.1,0.00607,999999.99,99999.99,99999.99,0.19,0.12,0.09,-1,2009-07-28 13:00:00
2009,209,14,2401,51,52,59,37,4.2,4.1,-17.1,294.0,1.6,-3.6,-1.2,-3.8,0.2,0.1,0.8,0.5,0.5,0.5,76498.0,3.1,400.0,-0.5,-0.9,0.044,15261.0,0.5,4.0,0.9,0.7,0.0,0.97,-0.08,1.5,8.4,5.5,0.0169,7,0,-10,3,70.9,84,-74,10,1.6,0.00607,999999.99,99999.99,99999.99,0.23,0.12,0.09,-1,2009-07-28 14:00:00
2009,209,15,2401,51,52,60,37,4.0,3.6,-21.0,325.3,2.8,-1.9,-1.3,-2.2,-0.6,0.1,1.7,0.4,0.7,1.5,49561.0,2.1,387.0,-0.5,-1.7,9.999,16669.0,0.6,6.0,1.4,1.7,9.999,0.63,0.23,0.97,7.0,5.2,0.0242,10,0,-14,4,70.9,88,-79,9,1.5,0.00607,999999.99,99999.99,99999.99,0.21,0.11,0.08,-1,2009-07-28 15:00:00
2009,209,16,2401,51,52,61,32,3.7,3.4,-0.5,320.7,2.6,-2.2,0.0,-2.1,0.6,0.2,1.4,0.5,0.6,1.2,45379.0,1.6,382.0,-0.9,-0.7,0.016,19728.0,0.7,7.0,1.5,1.8,0.0,0.41,-0.23,0.84,6.5,5.0,0.0279,10,0,-15,4,70.9,49,-38,11,1.4,0.00607,999999.99,99999.99,99999.99,0.24,0.13,0.1,-1,2009-07-28 16:00:00
2009,209,17,2401,51,52,60,33,3.5,3.2,-16.0,299.6,1.5,-2.6,-0.9,-2.7,-0.3,0.1,1.4,0.6,0.6,1.1,78208.0,2.8,403.0,0.4,-0.9,9.999,11974.0,0.4,8.0,0.7,1.4,9.999,0.91,0.12,1.96,9.6,5.9,0.0128,10,0,-15,4,70.9,42,-22,20,1.6,0.00607,999999.99,99999.99,99999.99,0.21,0.13,0.09,-1,2009-07-28 17:00:00
2009,209,18,2401,51,52,60,35,3.8,3.7,5.9,283.1,0.8,-3.6,0.4,-3.5,1.0,0.1,0.8,0.4,0.2,0.7,71972.0,2.7,404.0,-0.2,0.5,9.999,10248.0,0.4,4.0,0.6,0.7,9.999,0.88,-0.4,1.56,8.7,5.7,0.0156,0,0,-14,0,70.9,28,-11,17,1.4,0.00607,999999.99,99999.99,99999.99,0.24,0.13,0.1,-1,2009-07-28 18:00:00
2009,209,19,2401,51,52,60,34,3.7,3.4,15.2,269.4,0.0,-3.3,0.9,-3.2,1.3,0.2,1.2,1.1,0.1,0.6,69720.0,2.8,403.0,-0.1,0.7,0.01,11175.0,0.3,8.0,0.7,0.6,0.001,0.79,-0.52,1.69,9.1,5.8,0.0143,0,0,-12,0,70.9,39,-15,24,1.2,0.00607,999999.99,99999.99,99999.99,0.22,0.11,0.09,-1,2009-07-28 19:00:00
2009,209,20,2401,51,52,60,36,3.6,3.4,24.4,260.6,-0.5,-3.1,1.4,-3.0,1.7,0.1,0.9,0.7,0.2,0.5,64765.0,3.2,404.0,-0.3,1.0,0.009,6467.0,0.2,7.0,0.4,0.8,0.001,0.9,-0.69,1.98,10.0,6.1,0.0118,0,0,-9,0,70.9,38,-19,19,0.7,0.00607,999999.99,99999.99,99999.99,0.24,0.16,0.12,-1,2009-07-28 20:00:00
2009,209,21,2401,51,52,58,35,3.8,3.3,24.0,258.8,-0.6,-3.0,1.4,-2.9,1.6,0.3,1.7,0.9,0.5,1.3,58408.0,3.0,407.0,-0.4,1.0,0.03,10180.0,0.4,9.0,0.9,2.3,0.0,0.93,-0.65,1.61,9.3,6.0,0.0138,7,0,-7,3,70.9,37,-21,16,0.7,0.00607,999999.99,99999.99,99999.99,0.21,0.13,0.11,-1,2009-07-28 21:00:00
2009,209,22,2401,51,52,57,35,4.0,3.8,-2.1,295.2,1.6,-3.5,-0.1,-3.5,0.1,0.1,1.3,0.8,0.6,0.7,49037.0,2.2,380.0,-2.3,-0.2,0.041,23365.0,0.5,13.0,1.4,1.1,0.0,0.62,-0.04,1.01,7.0,5.1,0.024,7,0,-9,3,70.9,39,-20,19,0.7,0.00607,999999.99,99999.99,99999.99,0.2,0.11,0.07,-1,2009-07-28 22:00:00
2009,209,23,2401,51,52,65,38,3.5,3.0,38.0,284.9,0.6,-2.3,1.9,-2.2,2.1,0.5,1.7,0.8,0.8,1.3,83183.0,3.6,403.0,1.9,0.9,0.012,13585.0,0.4,6.0,1.2,0.8,0.003,1.02,-0.85,2.59,10.9,6.1,0.01,7,0,-10,3,70.9,40,-20,20,0.2,0.00607,999999.99,99999.99,99999.99,0.25,0.13,0.08,-1,2009-07-28 23:00:00
2009,210,0,2401,51,52,57,32,3.5,2.8,30.6,283.7,0.6,-2.4,1.4,-2.3,1.6,0.3,2.1,1.2,0.9,1.5,80007.0,3.7,402.0,1.3,0.6,0.01,10687.0,0.3,6.0,0.8,0.8,0.001,1.04,-0.64,2.62,11.0,6.1,0.0097,7,0,-11,3,70.4,35,-24,10,0.2,0.0061,999999.99,99999.99,99999.99,0.21,0.11,0.08,-1,2009-07-29 00:00:00
2009,210,1,2401,51,52,60,37,3.8,3.3,-18.6,310.0,2.0,-2.4,-1.1,-2.5,-0.8,0.3,1.8,0.7,0.9,1.4,71562.0,3.4,393.0,0.1,-1.0,0.013,7562.0,0.2,3.0,1.4,1.0,0.002,0.92,0.31,1.96,9.5,5.8,0.0131,7,0,-12,3,70.4,53,-30,23,0.4,0.0061,999999.99,99999.99,99999.99,0.24,0.12,0.09,-1,2009-07-29 01:00:00
2009,210,2,2401,51,52,60,36,3.4,2.9,1.8,275.0,0.3,-2.8,0.1,-2.8,0.5,0.1,1.7,0.7,0.5,1.5,65755.0,3.6,400.0,-0.7,-0.4,0.013,10574.0,0.2,6.0,0.7,1.5,0.002,1.01,-0.2,2.51,11.2,6.3,0.0095,7,0,-12,3,70.4,76,-36,40,0.6,0.0061,999999.99,99999.99,99999.99,0.22,0.11,0.09,-1,2009-07-29 02:00:00
2009,210,3,2401,51,52,63,37,3.2,2.5,-12.8,264.4,-0.2,-2.4,-0.6,-2.5,-0.1,0.3,1.8,1.1,0.7,1.2,70170.0,3.4,403.0,-0.9,-1.1,0.012,12325.0,0.4,10.0,0.8,1.4,0.003,0.97,0.04,2.74,11.6,6.3,0.0088,10,0,-12,4,70.4,104,-45,59,0.9,0.0061,999999.99,99999.99,99999.99,0.27,0.14,0.11,-1,2009-07-29 03:00:00
2009,210,4,2401,51,52,56,34,3.6,3.2,-15.4,281.6,0.6,-3.0,-0.8,-3.1,-0.1,0.3,1.6,0.6,0.7,1.3,69290.0,3.5,395.0,-1.2,-1.9,0.01,6084.0,0.3,6.0,0.7,1.4,0.001,0.95,0.04,2.22,10.3,6.0,0.0113,10,0,-14,4,70.4,89,-26,63,0.8,0.0061,999999.99,99999.99,99999.99,0.27,0.14,0.1,-1,2009-07-29 04:00:00
2009,210,5,2401,51,52,63,38,3.6,3.3,32.2,268.2,-0.1,-2.8,1.8,-2.2,2.5,0.2,1.2,0.9,0.4,0.8,66858.0,3.5,398.0,-0.7,0.4,0.013,5897.0,0.2,7.0,0.5,0.9,0.002,0.97,-0.99,2.19,10.3,6.1,0.0111,10,0,-12,4,70.4,57,-15,42,0.3,0.0061,999999.99,99999.99,99999.99,0.2,0.11,0.09,-1,2009-07-29 05:00:00
2009,210,6,2401,51,52,55,31,3.2,2.7,46.2,334.1,1.7,-0.8,2.0,-0.1,2.2,0.7,1.7,0.9,1.1,0.9,60148.0,2.7,379.0,0.1,1.1,0.016,19413.0,0.5,12.0,1.8,1.3,0.004,0.69,-0.83,2.07,9.7,5.8,0.0126,3,0,-12,2,70.4,24,-12,12,0.1,0.0061,999999.99,99999.99,99999.99,0.24,0.11,0.09,-1,2009-07-29 06:00:00
2009,210,7,2401,51,52,57,33,3.7,3.3,6.5,344.1,3.2,-0.9,0.4,-0.7,0.7,0.1,1.6,0.7,0.7,1.2,46119.0,2.3,360.0,0.1,-1.2,0.024,15672.0,0.4,13.0,1.3,2.5,0.009,0.55,-0.25,1.22,7.4,5.1,0.0219,3,0,-11,2,70.4,17,-9,8,0.0,0.0061,999999.99,99999.99,99999.99,0.25,0.13,0.1,-1,2009-07-29 07:00:00
2009,210,8,2401,51,52,65,38,3.7,3.5,-19.6,7.4,3.3,0.4,-1.2,-0.1,-1.3,0.6,1.2,0.7,0.6,0.7,51457.0,2.7,362.0,2.2,-4.4,0.011,19739.0,0.7,14.0,0.9,1.3,0.001,0.62,0.47,1.48,8.0,5.3,0.0184,3,0,-10,2,70.4,44,-14,31,0.6,0.0061,999999.99,99999.99,99999.99,0.21,0.12,0.08,-1,2009-07-29 08:00:00
2009,210,9,2401,51,52,62,38,3.4,2.0,32.1,231.4,-1.0,-1.3,1.1,-0.7,1.5,0.4,2.8,1.9,1.8,1.0,60817.0,4.3,398.0,1.5,-1.4,0.012,10029.0,0.2,6.0,0.9,0.7,0.001,1.19,-0.6,2.93,12.1,6.5,0.0081,7,0,-8,3,70.4,48,-15,33,0.8,0.0061,999999.99,99999.99,99999.99,0.23,0.12,0.09,-1,2009-07-29 09:00:00
2009,210,10,2401,51,52,58,35,3.5,2.9,-0.9,277.1,0.4,-2.8,0.0,-2.5,1.2,0.4,2.0,1.8,0.8,0.6,57028.0,4.0,394.0,-0.5,-1.7,0.013,11272.0,0.3,9.0,0.7,0.4,0.002,1.09,-0.47,2.52,11.3,6.3,0.0094,7,0,-8,3,70.4,92,-78,14,0.1,0.0061,999999.99,99999.99,99999.99,0.23,0.15,0.09,-1,2009-07-29 10:00:00
2009,210,11,2401,51,52,61,38,3.7,3.4,-7.7,269.1,-0.1,-3.4,-0.5,-3.3,1.0,0.2,1.3,1.0,0.3,0.8,48594.0,3.8,388.0,-0.9,-1.6,0.013,7145.0,0.2,7.0,0.5,0.8,0.002,1.01,-0.39,2.04,10.2,6.1,0.0114,7,0,-9,3,70.4,46,-33,13,-0.2,0.0061,999999.99,99999.99,99999.99,0.18,0.1,0.07,-1,2009-07-29 11:00:00
2009,210,12,2401,51,52,57,32,3.3,3.1,4.7,255.1,-0.8,-3.0,0.3,-2.6,1.5,0.2,1.0,0.7,0.3,0.7,55591.0,3.7,387.0,-0.2,-0.6,0.016,7697.0,0.3,6.0,0.4,0.6,0.002,0.98,-0.58,2.6,11.3,6.3,0.0093,7,0,-9,3,70.4,60,-45,14,-0.1,0.0061,999999.99,99999.99,99999.99,0.29,0.12,0.09,-1,2009-07-29 12:00:00
2009,210,13,2401,51,52,58,36,3.0,2.8,-16.9,320.0,2.0,-1.7,-0.8,-1.9,-0.1,0.1,1.2,0.7,0.9,0.5,58276.0,3.6,372.0,0.1,-1.1,0.019,5415.0,0.3,4.0,0.7,0.4,0.002,0.9,0.04,3.11,11.8,6.1,0.0086,7,0,-8,3,70.4,59,-46,14,0.6,0.0061,999999.99,99999.99,99999.99,0.29,0.15,0.13,-1,2009-07-29 13:00:00
2009,210,14,2401,51,52,61,37,2.8,2.4,-12.5,43.7,1.7,1.6,-0.5,1.3,-1.0,0.2,1.4,0.5,1.2,0.5,58677.0,3.5,372.0,3.1,-1.0,0.018,6245.0,0.1,3.0,0.9,0.6,0.002,0.87,0.37,3.47,12.4,6.2,0.0077,7,0,-10,3,70.4,42,-26,16,1.0,0.0061,999999.99,99999.99,99999.99,0.2,0.13,0.09,-1,2009-07-29 14:00:00
2009,210,15,2401,51,52,60,37,2.8,2.7,4.9,62.3,1.2,2.4,0.2,2.3,-0.6,0.1,0.8,0.5,0.3,0.5,57077.0,3.5,370.0,3.5,-0.3,0.016,3861.0,0.1,2.0,0.5,0.4,0.001,0.85,0.22,3.44,12.4,6.2,0.0078,3,0,-12,2,70.4,33,-18,15,0.3,0.0061,999999.99,99999.99,99999.99,0.22,0.13,0.09,-1,2009-07-29 15:00:00
2009,210,16,2401,51,52,59,36,2.4,1.9,35.5,32.6,1.3,0.8,1.1,1.1,0.8,0.3,1.4,0.5,1.0,0.9,60344.0,3.4,365.0,2.0,0.7,0.017,6328.0,0.1,4.0,1.0,0.9,0.002,0.81,-0.29,4.63,14.0,6.3,0.006,3,0,-14,2,70.4,45,-28,17,-0.1,0.0061,999999.99,99999.99,99999.99,0.2,0.1,0.08,-1,2009-07-29 16:00:00
2009,210,17,2401,51,52,62,38,2.7,2.4,39.8,11.1,1.8,0.3,1.5,0.6,1.4,0.1,1.2,0.4,1.0,0.5,55196.0,3.4,366.0,1.5,0.8,0.016,5563.0,0.2,3.0,1.0,0.5,0.002,0.81,-0.51,3.56,12.5,6.2,0.0076,3,0,-14,2,70.4,31,-16,15,-0.1,0.0061,999999.99,99999.99,99999.99,0.23,0.13,0.1,-1,2009-07-29 17:00:00
2009,210,18,2401,51,52,57,35,3.0,2.8,24.5,31.6,2.1,1.3,1.1,1.5,0.9,0.1,1.0,0.4,0.9,0.4,45704.0,3.5,366.0,2.3,0.1,0.016,3965.0,0.1,2.0,1.0,0.4,0.001,0.83,-0.33,2.82,11.4,6.2,0.0091,0,0,-13,0,70.4,32,-16,16,-0.2,0.0061,999999.99,99999.99,99999.99,0.23,0.11,0.08,-1,2009-07-29 18:00:00
2009,210,19,2401,51,52,60,37,2.8,2.7,-11.2,355.1,2.6,-0.2,-0.5,-0.3,-0.5,0.1,0.8,0.2,0.6,0.5,50712.0,3.5,360.0,0.9,-1.4,0.019,4179.0,0.1,2.0,0.6,0.5,0.002,0.82,0.18,3.33,12.0,6.1,0.0082,0,0,-10,0,70.4,29,-15,14,-0.3,0.0061,999999.99,99999.99,99999.99,0.22,0.1,0.08,-1,2009-07-29 19:00:00
2009,210,20,2401,51,52,64,39,2.6,1.9,-19.8,342.9,1.7,-0.5,-0.6,-0.6,-0.5,0.2,1.8,1.2,0.7,1.2,48926.0,3.6,366.0,0.4,-1.5,0.017,3919.0,0.1,8.0,0.8,1.2,0.002,0.86,0.18,3.93,13.4,6.4,0.0067,0,0,-7,0,70.4,39,-26,13,0.0,0.0061,999999.99,99999.99,99999.99,0.27,0.18,0.11,-1,2009-07-29 20:00:00
2009,210,21,2401,51,52,61,36,2.4,2.2,41.7,199.4,-1.6,-0.5,1.5,-0.4,1.5,0.3,0.9,0.4,0.6,0.4,46080.0,3.8,381.0,0.2,0.2,0.014,4476.0,0.2,4.0,0.7,0.5,0.002,0.97,-0.57,4.79,15.5,6.8,0.005,0,0,-4,0,70.4,40,-30,10,-0.2,0.0061,999999.99,99999.99,99999.99,0.22,0.12,0.09,-1,2009-07-29 21:00:00
2009,210,22,2401,51,52,57,35,2.6,2.2,27.2,197.6,-1.9,-0.6,1.0,-0.5,1.0,0.2,1.2,0.7,0.7,0.7,47632.0,3.6,383.0,0.0,-0.1,0.014,4658.0,0.1,4.0,0.8,0.6,0.001,0.93,-0.38,3.9,14.0,6.7,0.0061,0,0,-3,0,70.4,34,-26,9,-0.1,0.0061,999999.99,99999.99,99999.99,0.23,0.13,0.09,-1,2009-07-29 22:00:00
2009,210,23,2401,51,52,60,37,2.5,1.3,-8.9,325.6,1.0,-0.7,-0.2,-0.7,-0.1,0.2,2.1,1.2,0.6,1.5,47957.0,3.5,365.0,0.1,-1.0,0.015,5771.0,0.2,10.0,0.8,1.9,0.002,0.83,0.04,4.11,13.7,6.4,0.0064,0,0,-5,0,70.4,36,-19,17,0.3,0.0061,999999.99,99999.99,99999.99,0.23,0.12,0.09,-1,2009-07-29 23:00:00
2009,211,0,2401,51,52,58,35,2.7,2.6,-10.2,309.9,1.6,-1.9,-0.5,-1.9,-0.3,0.2,0.9,0.4,0.3,0.7,41594.0,3.6,361.0,-1.7,-1.3,0.015,5959.0,0.4,4.0,1.3,1.1,0.002,0.83,0.11,3.49,12.7,6.3,0.0074,3,12,-8,2,70.1,41,-20,21,0.3,0.006107,999999.99,99999.99,99999.99,0.29,0.14,0.1,-1,2009-07-30 00:00:00
2009,211,1,2401,51,52,58,34,3.2,3.1,-1.6,310.6,2.0,-2.4,-0.1,-2.4,0.2,0.1,0.5,0.2,0.1,0.4,33256.0,2.8,351.0,-4.0,-1.1,0.014,6752.0,0.4,4.0,0.5,0.9,0.001,0.61,-0.07,1.84,9.2,5.7,0.0141,3,12,-9,2,70.1,37,-19,18,0.2,0.006107,999999.99,99999.99,99999.99,0.27,0.19,0.13,-1,2009-07-30 01:00:00
2009,211,2,2401,51,52,61,38,3.3,3.2,14.9,314.1,2.2,-2.2,0.8,-2.1,1.1,0.1,0.6,0.2,0.2,0.5,29890.0,2.9,350.0,-3.2,0.5,0.013,3685.0,0.2,3.0,0.7,0.9,0.001,0.62,-0.39,1.75,9.0,5.7,0.0146,3,12,-5,2,70.1,40,-22,18,0.5,0.006107,999999.99,99999.99,99999.99,0.25,0.13,0.1,-1,2009-07-30 02:00:00
2009,211,3,2401,51,52,60,36,3.3,3.3,19.8,315.1,2.2,-2.2,1.1,-1.9,1.5,0.1,0.6,0.2,0.2,0.5,25831.0,2.9,346.0,-3.4,1.6,0.013,4563.0,0.4,4.0,0.6,0.8,0.002,0.61,-0.52,1.71,8.9,5.7,0.0149,0,12,-5,0,70.1,35,-21,13,0.3,0.006107,999999.99,99999.99,99999.99,0.27,0.15,0.12,-1,2009-07-30 03:00:00
2009,211,4,2401,51,52,58,35,3.4,3.4,32.7,324.1,2.3,-1.7,1.8,-1.2,2.1,0.2,0.4,0.2,0.2,0.3,23538.0,2.6,339.0,-3.7,2.5,0.011,8077.0,0.6,6.0,0.8,1.1,0.002,0.52,-0.71,1.42,8.0,5.4,0.0184,0,12,-6,0,70.1,19,-16,3,0.1,0.006107,999999.99,99999.99,99999.99,0.23,0.12,0.09,-1,2009-07-30 04:00:00
2009,211,5,2401,51,52,60,37,3.6,3.5,19.4,332.4,3.0,-1.5,1.2,-1.1,1.6,0.0,0.4,0.2,0.2,0.3,16126.0,2.3,327.0,-4.2,2.1,0.01,4095.0,0.3,4.0,0.5,0.7,0.002,0.43,-0.52,1.07,6.9,5.0,0.0251,0,12,-8,0,70.1,10,-8,2,0.0,0.006107,999999.99,99999.99,99999.99,0.21,0.13,0.11,-1,2009-07-30 05:00:00
2009,211,6,2401,51,52,56,33,3.8,3.7,18.0,338.9,3.3,-1.3,1.1,-0.9,1.5,0.0,1.0,0.3,0.6,0.7,13308.0,2.2,320.0,-4.0,2.0,0.012,3336.0,0.3,5.0,1.3,1.3,0.001,0.39,-0.48,0.9,6.2,4.7,0.0305,0,12,-9,0,70.1,10,-7,4,-0.1,0.006107,999999.99,99999.99,99999.99,0.22,0.12,0.09,-1,2009-07-30 06:00:00
2009,211,7,2401,51,52,63,38,3.9,3.6,39.1,13.0,2.7,0.6,2.3,1.4,1.9,0.1,1.6,0.7,1.4,0.4,19611.0,2.5,329.0,-0.9,3.7,0.011,7172.0,0.3,11.0,2.0,0.9,0.003,0.47,-0.63,1.01,6.7,4.9,0.0267,0,12,-8,0,70.1,17,-8,9,0.2,0.006107,999999.99,99999.99,99999.99,0.26,0.14,0.11,-1,2009-07-30 07:00:00
2009,211,8,2401,51,52,61,38,4.2,4.1,46.7,14.4,2.7,0.7,2.9,1.8,2.4,0.1,1.2,0.6,0.9,0.6,30180.0,3.1,335.0,-0.8,4.3,0.009,9757.0,0.6,7.0,1.7,1.0,0.005,0.6,-0.8,1.16,7.0,5.0,0.0241,0,12,-7,0,70.1,22,-12,10,0.6,0.006107,999999.99,99999.99,99999.99,0.22,0.13,0.1,-1,2009-07-30 08:00:00
2009,211,9,2401,51,52,64,37,2.8,1.5,40.7,32.7,0.9,0.6,1.0,1.0,0.7,1.0,2.5,0.7,0.9,2.2,36692.0,6.5,355.0,-1.8,0.8,0.004,4578.0,2.0,5.0,1.4,2.2,0.001,1.39,-0.25,5.69,16.2,6.6,0.0046,13,12,-2,5,70.1,33,-13,21,0.6,0.006107,999999.99,99999.99,99999.99,0.25,0.15,0.12,-1,2009-07-30 09:00:00
2009,211,10,2401,51,52,60,31,3.9,2.8,36.4,92.6,-0.1,2.3,1.7,2.8,0.6,0.7,2.7,0.7,2.3,1.3,15213.0,8.1,363.0,-1.9,-1.1,0.003,6174.0,1.4,3.0,1.1,1.2,0.002,1.8,-0.22,3.18,13.2,6.8,0.0068,13,12,4,5,70.1,48,-19,29,0.7,0.006107,999999.99,99999.99,99999.99,0.25,0.14,0.1,-1,2009-07-30 10:00:00
2009,211,11,2401,51,52,61,38,5.6,4.7,78.3,3.0,0.9,0.0,4.6,2.0,4.2,0.5,3.1,1.3,2.5,1.3,23067.0,6.7,369.0,-1.7,-0.6,0.007,5468.0,1.2,4.0,0.7,0.9,0.002,1.57,-1.55,1.35,8.5,5.8,0.0164,13,12,4,5,70.1,45,-23,22,0.7,0.006107,999999.99,99999.99,99999.99,0.23,0.15,0.12,-1,2009-07-30 11:00:00
2009,211,12,2401,51,52,61,37,6.3,6.1,53.6,300.1,1.8,-3.2,4.9,-0.9,5.8,0.4,1.2,0.4,1.0,0.5,34998.0,6.3,372.0,-1.0,0.6,0.012,8759.0,0.8,3.0,1.0,0.7,0.003,1.53,-2.16,1.08,7.4,5.3,0.0217,10,12,5,4,70.1,41,-20,21,-0.3,0.006107,999999.99,99999.99,99999.99,0.22,0.12,0.09,-1,2009-07-30 12:00:00
2009,211,13,2401,51,52,60,37,5.4,4.7,46.5,296.6,1.4,-2.9,3.4,-1.3,4.3,0.4,2.6,1.6,1.5,1.4,56168.0,8.5,373.0,0.3,-1.0,0.018,4885.0,0.5,6.0,1.1,0.8,0.002,2.12,-1.6,2.24,10.1,5.9,0.0117,10,12,9,4,70.1,38,-16,23,-0.7,0.006107,999999.99,99999.99,99999.99,0.23,0.13,0.1,-1,2009-07-30 13:00:00
2009,211,14,2401,51,52,58,34,5.7,5.1,30.9,294.5,1.8,-4.0,2.6,-2.8,3.9,0.4,2.3,1.1,1.4,1.4,56106.0,9.3,369.0,-0.6,-0.7,0.02,6182.0,0.8,4.0,0.9,0.7,0.002,2.28,-1.44,2.2,9.9,5.8,0.0122,10,12,13,4,70.1,36,-16,19,-0.2,0.006107,999999.99,99999.99,99999.99,0.23,0.13,0.09,-1,2009-07-30 14:00:00
2009,211,15,2401,51,52,61,38,6.2,5.6,7.2,287.9,1.7,-5.3,0.7,-4.8,2.4,0.3,2.5,0.8,0.7,2.2,53655.0,10.8,365.0,-2.9,-0.5,0.02,5108.0,0.7,3.0,0.6,1.2,0.002,2.6,-0.88,2.13,9.7,5.7,0.0127,20,12,13,7,70.1,37,-21,17,1.9,0.006107,999999.99,99999.99,99999.99,0.21,0.11,0.08,-1,2009-07-30 15:00:00
2009,211,16,2401,51,52,61,37,5.7,5.2,-27.3,283.8,1.1,-4.5,-2.4,-5.0,-1.1,0.6,2.4,1.1,0.9,1.9,58631.0,11.0,366.0,-3.3,-0.8,0.022,8033.0,0.6,3.0,0.6,1.2,0.002,2.68,0.4,2.63,10.6,5.9,0.0105,20,12,9,7,70.1,109,-72,37,3.2,0.006107,999999.99,99999.99,99999.99,0.2,0.11,0.07,-1,2009-07-30 16:00:00
2009,211,17,2401,51,52,57,36,5.1,4.4,-34.9,305.6,2.1,-2.9,-2.5,-3.4,-1.8,0.3,2.3,0.9,1.7,1.4,63729.0,11.2,362.0,-2.4,-0.7,0.023,6555.0,0.7,4.0,1.0,0.8,0.002,2.68,0.65,3.44,11.9,6.0,0.0084,20,12,6,7,70.1,168,-127,41,2.2,0.006107,999999.99,99999.99,99999.99,0.24,0.14,0.1,-1,2009-07-30 17:00:00
2009,211,18,2401,51,52,59,35,5.2,3.4,31.3,254.7,-0.8,-2.8,1.8,-2.4,2.3,0.4,3.9,1.5,2.4,2.6,65051.0,9.9,362.0,-0.9,0.4,0.011,5131.0,0.7,3.0,0.7,0.5,0.006,2.26,-0.83,2.95,11.0,5.8,0.0099,13,12,4,5,70.1,140,-99,41,0.8,0.006107,999999.99,99999.99,99999.99,0.21,0.13,0.09,-1,2009-07-30 18:00:00
2009,211,19,2401,51,52,59,26,5.7,5.5,25.0,280.5,0.9,-4.9,2.3,-4.5,3.0,0.3,1.3,0.5,0.5,1.1,64350.0,8.6,354.0,-1.4,1.3,0.01,6889.0,0.3,2.0,0.5,0.9,0.001,1.87,-1.06,2.12,9.1,5.4,0.0143,13,12,6,5,70.1,46,-17,29,1.1,0.006107,999999.99,99999.99,99999.99,0.23,0.11,0.08,-1,2009-07-30 19:00:00
2009,211,20,2401,51,51,59,10,4.8,4.5,36.2,296.7,1.6,-3.3,2.7,-3.0,3.0,0.5,1.8,0.9,1.4,0.5,55675.0,9.9,346.0,-2.0,2.1,9.999,7447.0,1.0,14.0,1.7,1.1,9.999,2.37,-1.04,3.29,11.3,5.8,0.0092,13,12,10,5,70.1,42,-18,24,0.3,0.006107,999999.99,99999.99,99999.99,0.21,0.12,0.08,-1,2009-07-30 20:00:00
2009,211,21,2401,51,52,60,1,4.6,4.0,40.4,307.8,1.9,-2.4,2.6,-2.2,2.8,0.4,2.1,0.9,1.8,0.8,53726.0,9.1,344.0,-0.5,0.7,0.009,0.0,0.0,0.0,0.0,0.0,0.0,1.86,-0.96,3.26,11.3,5.8,0.0093,3,12,12,2,70.1,45,-24,22,0.1,0.006107,999999.99,99999.99,99999.99,0.22,0.12,0.09,-1,2009-07-30 21:00:00
2009,211,22,2401,51,52,59,36,4.3,4.1,23.1,309.5,2.4,-2.9,1.6,-2.8,1.8,0.1,1.0,0.8,0.5,0.3,58192.0,9.4,344.0,0.0,0.5,0.011,3393.0,0.4,3.0,0.2,0.2,0.002,1.94,-0.62,3.95,12.3,5.8,0.0079,3,12,13,2,70.1,43,-23,20,0.1,0.006107,999999.99,99999.99,99999.99,0.23,0.11,0.09,-1,2009-07-30 22:00:00
2009,211,23,2401,51,52,60,36,4.1,4.0,32.8,328.8,2.9,-1.8,2.2,-1.6,2.3,0.2,0.8,0.4,0.4,0.6,61097.0,9.4,338.0,0.0,-0.6,0.014,2911.0,0.3,2.0,0.2,0.5,0.002,1.89,-0.78,4.41,12.6,5.8,0.0074,3,12,11,2,70.1,31,-21,10,-0.0,0.006107,999999.99,99999.99,99999.99,0.21,0.12,0.1,-1,2009-07-30 23:00:00
2009,212,0,2401,51,52,59,34,4.2,4.1,14.6,333.3,3.6,-1.8,1.0,-1.7,1.2,0.3,0.7,0.4,0.2,0.5,57027.0,8.9,336.0,-0.6,-1.0,0.016,7807.0,1.3,6.0,0.7,0.4,0.002,1.79,-0.4,3.89,11.9,5.7,0.0084,0,0,4,0,70.8,30,-21,9,0.0,0.006119,999999.99,99999.99,99999.99,0.22,0.12,0.09,-1,2009-07-31 00:00:00
2009,212,1,2401,51,52,56,32,5.0,5.0,10.7,340.3,4.6,-1.6,0.9,-1.5,1.1,0.3,0.6,0.3,0.4,0.3,41837.0,6.4,319.0,-2.0,-0.0,0.026,7006.0,1.2,6.0,0.6,0.5,0.004,1.2,-0.35,1.81,8.1,5.0,0.0183,0,0,0,0,70.8,29,-24,6,-0.1,0.006119,999999.99,99999.99,99999.99,0.23,0.14,0.1,-1,2009-07-31 01:00:00
2009,212,2,2401,51,52,61,37,5.2,5.2,10.3,338.2,4.7,-1.9,0.9,-1.7,1.2,0.3,0.7,0.5,0.4,0.3,36445.0,5.0,316.0,-1.4,-0.3,0.026,3812.0,0.8,3.0,1.1,0.3,0.002,0.92,-0.38,1.27,6.8,4.7,0.0258,0,0,-3,0,70.8,33,-25,9,0.0,0.006119,999999.99,99999.99,99999.99,0.23,0.15,0.11,-1,2009-07-31 02:00:00
2009,212,3,2401,51,52,62,35,4.2,4.1,1.4,338.9,3.8,-1.5,0.1,-1.5,0.4,0.6,1.1,0.5,0.5,0.9,37706.0,3.8,315.0,-1.6,-1.2,0.018,11601.0,1.2,5.0,0.5,1.0,0.004,0.68,-0.13,1.49,7.3,4.8,0.0223,7,0,-5,3,70.8,31,-21,9,0.0,0.006119,999999.99,99999.99,99999.99,0.2,0.12,0.09,-1,2009-07-31 03:00:00
2009,212,4,2401,51,52,59,36,4.3,4.1,7.6,341.4,3.8,-1.3,0.5,-1.1,0.8,0.8,1.7,1.3,0.5,1.0,38673.0,4.4,319.0,-1.1,-0.3,0.016,12526.0,1.5,6.0,0.6,0.9,0.003,0.8,-0.26,1.65,7.8,5.0,0.0196,7,0,-6,3,70.8,28,-14,14,0.1,0.006119,999999.99,99999.99,99999.99,0.23,0.14,0.11,-1,2009-07-31 04:00:00
2009,212,5,2401,51,52,61,36,4.8,4.5,9.9,338.3,4.2,-1.7,0.8,-1.4,1.3,0.2,1.6,0.3,0.8,1.3,40002.0,5.1,320.0,-1.8,0.4,9.999,6608.0,1.3,5.0,1.7,1.8,9.999,1.04,-0.42,1.55,7.5,4.9,0.021,7,0,-5,3,70.8,35,-5,29,0.3,0.006119,999999.99,99999.99,99999.99,0.25,0.14,0.1,-1,2009-07-31 05:00:00
2009,212,6,2401,51,52,65,40,5.1,4.0,-69.8,61.2,0.7,1.2,-3.7,-0.1,-3.9,0.6,3.2,1.6,2.4,1.2,61577.0,7.8,348.0,-1.8,-1.7,0.012,15461.0,1.8,12.0,2.8,1.2,0.001,1.65,1.36,2.37,9.5,5.5,0.0131,23,0,-4,9,70.8,170,-81,89,1.1,0.006119,999999.99,99999.99,99999.99,0.18,0.11,0.08,-1,2009-07-31 06:00:00
2009,212,7,2401,51,52,59,35,6.7,6.3,-83.5,313.4,0.5,-0.5,-6.2,-2.7,-5.6,0.4,2.3,0.7,2.0,0.9,39460.0,8.3,349.0,-4.7,-3.8,0.007,11202.0,1.4,6.0,3.1,1.4,0.002,1.74,1.95,1.29,7.5,5.2,0.0211,23,0,-7,9,70.8,254,-174,79,1.4,0.006119,999999.99,99999.99,99999.99,0.24,0.12,0.09,-1,2009-07-31 07:00:00
2009,212,8,2401,51,52,66,37,6.1,3.2,-50.2,99.7,-0.3,2.0,-2.4,0.9,-3.0,1.0,5.2,2.5,4.0,2.2,66860.0,6.2,365.0,0.4,0.0,0.012,37655.0,2.3,20.0,4.3,2.4,0.004,1.45,1.09,1.35,7.4,5.1,0.0214,23,0,-11,9,70.8,335,-251,84,2.4,0.006119,999999.99,99999.99,99999.99,0.25,0.13,0.1,-1,2009-07-31 08:00:00
2009,212,9,2401,51,52,62,36,6.0,3.5,84.3,265.4,0.0,-0.3,3.5,1.2,3.3,1.0,4.9,1.5,3.4,3.2,110915.0,5.4,396.0,5.5,-0.1,0.019,46790.0,2.4,6.0,1.1,1.8,0.008,1.52,-1.31,1.49,7.7,5.1,0.0202,17,0,-8,6,70.8,130,-83,47,1.4,0.006119,999999.99,99999.99,99999.99,0.24,0.14,0.1,-1,2009-07-31 09:00:00
2009,212,10,2401,51,52,59,35,5.2,4.4,63.4,278.4,0.3,-2.0,3.9,-0.1,4.4,0.5,2.7,1.2,1.9,1.5,115178.0,8.5,397.0,4.6,-1.2,0.013,6785.0,0.6,5.0,0.9,0.7,0.003,2.35,-1.75,3.18,11.1,5.7,0.0096,17,0,-2,6,70.8,56,-27,29,0.3,0.006119,999999.99,99999.99,99999.99,0.22,0.11,0.08,-1,2009-07-31 10:00:00
2009,212,11,2401,51,52,61,37,3.7,2.4,-17.2,287.3,0.7,-2.2,-0.7,-2.3,0.3,0.7,2.9,1.1,1.6,2.1,121938.0,8.8,399.0,4.3,-2.4,0.013,7274.0,0.5,5.0,0.7,0.8,0.002,2.46,-0.12,6.69,16.0,6.1,0.0046,17,0,0,6,70.8,43,-17,26,0.2,0.006119,999999.99,99999.99,99999.99,0.24,0.16,0.11,-1,2009-07-31 11:00:00
2009,212,12,2401,51,52,60,37,3.5,2.5,-60.5,13.0,1.2,0.3,-2.2,-0.7,-2.1,0.9,2.5,0.9,2.0,1.3,110826.0,8.4,402.0,4.3,-2.2,0.012,6629.0,0.4,1.0,0.9,0.6,0.001,2.38,0.84,6.82,16.6,6.3,0.0043,13,0,0,5,70.8,66,-31,35,1.5,0.006119,999999.99,99999.99,99999.99,0.23,0.12,0.1,-1,2009-07-31 12:00:00
2009,212,13,2401,51,52,55,32,3.7,3.2,-56.2,352.7,1.8,-0.2,-2.7,-1.3,-2.4,0.7,1.8,0.8,1.5,0.7,102600.0,7.9,399.0,4.0,-2.3,0.013,7545.0,0.3,2.0,0.2,0.5,0.002,2.21,0.96,5.54,15.2,6.3,0.0052,13,0,-3,5,70.8,206,-142,64,1.2,0.006119,999999.99,99999.99,99999.99,0.26,0.14,0.09,-1,2009-07-31 13:00:00
2009,212,14,2401,51,52,59,37,3.3,2.9,-70.9,328.4,0.8,-0.5,-2.8,-1.5,-2.4,0.3,1.4,0.9,0.9,0.4,103784.0,7.6,392.0,3.6,-2.0,0.014,5632.0,0.2,3.0,0.3,0.5,0.002,2.06,0.94,6.74,16.4,6.3,0.0044,13,0,-2,5,70.8,258,-203,55,2.0,0.006119,999999.99,99999.99,99999.99,0.22,0.12,0.09,-1,2009-07-31 14:00:00
2009,212,15,2401,51,52,60,36,2.6,1.9,-39.4,351.4,1.5,-0.2,-1.2,-0.6,-1.1,0.6,1.8,0.9,1.4,0.7,105311.0,7.5,386.0,3.3,-1.3,0.015,5688.0,0.2,4.0,0.5,0.5,0.001,1.98,0.42,10.79,20.3,6.3,0.0029,10,0,-8,4,70.8,194,-163,31,1.5,0.006119,999999.99,99999.99,99999.99,0.26,0.11,0.08,-1,2009-07-31 15:00:00
2009,212,16,2401,51,52,59,36,3.4,2.9,11.4,276.5,0.3,-2.8,0.6,-2.5,1.4,1.0,1.9,0.9,1.1,1.2,99522.0,6.2,390.0,2.6,-0.4,0.015,10809.0,0.7,3.0,1.1,0.4,0.002,1.67,-0.55,5.08,14.3,6.1,0.0058,10,0,-9,4,70.8,94,-79,16,1.3,0.006119,999999.99,99999.99,99999.99,0.24,0.12,0.08,-1,2009-07-31 16:00:00
2009,212,17,2401,51,52,62,38,2.7,1.4,50.6,334.5,0.8,-0.4,1.1,-0.1,1.2,0.5,2.3,1.0,1.8,1.0,93661.0,5.8,398.0,3.6,-0.4,0.013,10865.0,0.5,6.0,0.9,0.7,0.003,1.61,-0.48,7.35,17.8,6.5,0.0038,10,0,-11,4,70.8,33,-12,20,0.9,0.006119,999999.99,99999.99,99999.99,0.23,0.11,0.08,-1,2009-07-31 17:00:00
2009,212,18,2401,51,52,62,33,3.6,3.1,26.4,28.0,2.5,1.3,1.4,1.5,1.1,0.4,1.6,0.5,0.9,1.3,54648.0,3.3,399.0,3.7,-0.4,0.015,18554.0,1.4,5.0,1.0,1.3,0.004,0.93,-0.44,1.94,10.1,6.2,0.0117,7,0,-12,3,70.8,33,-10,23,0.5,0.006119,999999.99,99999.99,99999.99,0.26,0.13,0.09,-1,2009-07-31 18:00:00
2009,212,19,2401,51,52,60,37,3.5,2.4,1.9,284.3,0.6,-2.4,0.1,-2.4,0.4,0.5,2.6,1.2,1.5,1.7,84400.0,3.5,415.0,1.4,-1.1,0.014,14751.0,0.6,7.0,0.8,1.3,0.004,1.06,-0.17,2.53,11.1,6.2,0.0097,7,0,-12,3,70.8,46,-20,27,0.1,0.006119,999999.99,99999.99,99999.99,0.26,0.12,0.08,-1,2009-07-31 19:00:00
2009,212,20,2401,51,52,59,35,3.7,3.6,-50.2,287.0,0.7,-2.2,-2.8,-2.5,-2.5,0.4,1.0,0.3,0.8,0.4,86329.0,2.7,411.0,2.0,-2.4,0.014,10470.0,0.4,3.0,0.5,0.6,0.003,0.8,1.03,1.76,9.1,5.7,0.0143,7,0,-12,3,70.8,77,-34,43,1.3,0.006119,999999.99,99999.99,99999.99,0.21,0.12,0.08,-1,2009-07-31 20:00:00
2009,212,21,2401,51,52,61,36,3.2,2.4,-14.8,339.1,2.1,-0.8,-0.6,-0.9,-0.5,0.2,2.2,0.6,1.2,1.8,80924.0,2.7,406.0,2.7,-1.3,0.015,19051.0,0.5,5.0,0.5,1.3,0.002,0.79,0.2,2.3,10.4,6.0,0.0109,7,0,-14,3,70.8,92,-42,51,0.9,0.006119,999999.99,99999.99,99999.99,0.22,0.11,0.09,-1,2009-07-31 21:00:00
2009,212,22,2401,51,52,60,34,3.4,3.3,-8.0,333.9,2.9,-1.4,-0.5,-1.4,-0.4,0.1,0.9,0.2,0.5,0.7,60461.0,2.1,398.0,1.8,-1.5,9.999,10410.0,0.5,6.0,0.5,0.8,9.999,0.67,0.16,1.43,8.5,5.7,0.0165,7,0,-14,3,70.8,89,-38,51,0.6,0.006119,999999.99,99999.99,99999.99,0.23,0.13,0.1,-1,2009-07-31 22:00:00
2009,212,23,2401,51,52,60,38,3.3,3.1,-9.6,305.1,1.8,-2.5,-0.5,-2.5,-0.3,0.1,1.0,0.8,0.5,0.5,63834.0,1.9,405.0,2.1,-0.6,0.021,14902.0,0.5,4.0,0.5,0.5,0.006,0.56,0.12,1.39,8.5,5.7,0.0166,7,0,-9,3,70.8,66,-24,42,0.8,0.006119,999999.99,99999.99,99999.99,0.23,0.11,0.08,-1,2009-07-31 23:00:00
2009,213,0,2401,51,52,59,34,3.2,3.1,-1.8,300.2,1.6,-2.7,-0.1,-2.7,0.2,0.1,0.5,0.3,0.3,0.3,59568.0,1.8,403.0,1.8,-0.4,0.02,13989.0,0.5,2.0,0.7,0.3,0.002,0.53,-0.08,1.37,8.4,5.7,0.0167,0,0,-6,0,70.2,44,-18,27,0.3,0.006088,999999.99,99999.99,99999.99,0.22,0.11,0.09,-1,2009-08-01 00:00:00
2009,213,1,2401,51,52,61,34,3.3,3.2,-10.5,304.1,1.8,-2.6,-0.6,-2.7,-0.3,0.1,0.4,0.1,0.1,0.4,44786.0,1.4,407.0,2.0,-0.8,0.024,11099.0,0.4,2.0,0.5,0.4,0.004,0.42,0.12,0.93,7.3,5.4,0.0223,0,0,-5,0,70.2,49,-24,25,0.3,0.006088,999999.99,99999.99,99999.99,0.25,0.15,0.11,-1,2009-08-01 01:00:00
2009,213,2,2401,51,52,56,30,2.7,2.6,-8.3,308.7,1.6,-2.0,-0.4,-2.0,-0.1,0.2,0.5,0.2,0.3,0.3,38719.0,1.5,394.0,-0.3,-1.4,0.019,7283.0,0.3,9.0,1.5,0.5,0.004,0.42,0.04,1.43,8.9,6.0,0.0149,0,0,-6,0,70.2,54,-26,28,0.5,0.006088,999999.99,99999.99,99999.99,0.28,0.14,0.09,-1,2009-08-01 02:00:00
2009,213,3,2401,51,52,61,34,3.0,3.0,-1.1,312.0,2.0,-2.2,-0.1,-2.2,0.3,0.2,0.5,0.3,0.3,0.3,34648.0,2.6,385.0,-2.5,-2.5,0.014,7134.0,0.7,3.0,0.6,0.5,0.004,0.68,-0.12,1.96,10.3,6.3,0.0111,10,0,-7,4,70.2,56,-19,37,0.6,0.006088,999999.99,99999.99,99999.99,0.22,0.12,0.08,-1,2009-08-01 03:00:00
2009,213,4,2401,51,52,62,37,3.4,3.2,-8.2,310.7,2.1,-2.4,-0.5,-2.4,0.1,0.2,1.1,0.5,0.6,0.8,45011.0,4.0,390.0,-2.0,-3.0,0.009,6411.0,0.5,5.0,0.9,0.7,0.001,1.05,-0.04,2.5,11.5,6.5,0.009,10,0,-7,4,70.2,43,-9,34,0.5,0.006088,999999.99,99999.99,99999.99,0.2,0.11,0.08,-1,2009-08-01 04:00:00
2009,213,5,2401,51,52,60,36,4.7,4.3,-12.3,299.6,2.1,-3.7,-0.9,-3.8,0.2,0.7,1.9,1.3,0.4,1.3,42744.0,3.3,405.0,-1.2,-2.3,0.012,13386.0,0.7,3.0,0.6,1.2,0.002,0.95,-0.08,1.06,7.8,5.7,0.0194,10,0,-9,4,70.2,42,-9,33,0.2,0.006088,999999.99,99999.99,99999.99,0.24,0.13,0.09,-1,2009-08-01 05:00:00
2009,213,6,2401,51,52,61,38,4.0,2.3,29.3,287.6,0.6,-1.9,1.1,-1.4,1.7,0.8,3.3,2.0,1.1,2.3,56041.0,5.8,409.0,-2.0,-3.6,0.011,13240.0,1.5,7.0,1.0,1.5,0.001,1.69,-0.7,2.78,12.3,6.7,0.0078,7,0,-5,3,70.2,71,-28,43,0.2,0.006088,999999.99,99999.99,99999.99,0.21,0.12,0.09,-1,2009-08-01 06:00:00
2009,213,7,2401,51,52,61,37,5.0,4.0,57.2,196.0,-2.1,-0.6,3.4,0.7,3.4,0.8,3.0,0.7,2.8,0.6,39963.0,6.0,416.0,-2.7,-3.6,0.011,9310.0,1.0,5.0,1.4,0.9,0.002,1.81,-1.41,1.68,10.2,6.5,0.0115,7,0,-2,3,70.2,45,-16,29,0.3,0.006088,999999.99,99999.99,99999.99,0.21,0.12,0.1,-1,2009-08-01 07:00:00
2009,213,8,2401,51,52,60,36,6.0,5.8,24.2,239.2,-2.7,-4.6,2.4,-3.3,4.0,0.3,1.6,0.3,0.9,1.3,30462.0,5.9,418.0,-3.6,-2.8,0.012,2877.0,1.0,2.0,0.6,0.3,0.001,1.8,-1.67,1.08,8.5,6.1,0.0166,7,0,0,3,70.2,45,-20,25,-0.1,0.006088,999999.99,99999.99,99999.99,0.26,0.14,0.11,-1,2009-08-01 08:00:00
2009,213,9,2401,51,52,60,37,5.2,5.1,5.0,244.4,-2.2,-4.6,0.4,-4.0,2.3,0.2,1.3,0.3,0.2,1.2,36697.0,7.5,418.0,-3.4,-2.6,0.014,2521.0,0.4,2.0,0.3,0.3,0.001,2.31,-0.96,1.9,11.0,6.8,0.0098,10,0,3,4,70.2,46,-20,27,-0.3,0.006088,999999.99,99999.99,99999.99,0.27,0.13,0.08,-1,2009-08-01 09:00:00
2009,213,10,2401,51,52,59,37,5.7,5.1,6.0,264.9,-0.4,-5.1,0.5,-4.4,2.7,0.3,2.6,1.6,0.5,1.9,40963.0,5.8,415.0,-2.8,-3.2,0.022,3097.0,1.0,4.0,0.6,0.7,0.004,1.81,-1.12,1.26,8.8,6.1,0.0155,10,0,2,4,70.2,50,-24,25,-0.4,0.006088,999999.99,99999.99,99999.99,0.21,0.12,0.1,-1,2009-08-01 10:00:00
2009,213,11,2401,51,52,60,36,4.7,2.6,-32.1,300.5,1.1,-1.9,-1.4,-2.3,-0.4,0.8,3.9,1.5,2.9,2.1,92968.0,6.5,420.0,-1.7,-1.7,0.038,26428.0,0.6,3.0,0.9,0.6,0.006,2.21,0.17,2.71,11.4,6.2,0.0092,10,0,2,4,70.2,70,-35,35,0.2,0.006088,999999.99,99999.99,99999.99,0.29,0.14,0.11,-1,2009-08-01 11:00:00
2009,213,12,2401,51,52,60,36,4.2,2.2,56.1,162.7,-1.2,0.4,1.8,1.1,1.5,1.1,3.7,1.6,2.6,2.0,116650.0,5.3,409.0,0.9,-3.8,0.037,14919.0,0.8,6.0,1.0,0.9,0.004,1.7,-0.61,3.06,11.2,5.9,0.0095,10,0,0,4,70.2,141,-106,35,0.6,0.006088,999999.99,99999.99,99999.99,0.24,0.14,0.1,-1,2009-08-01 12:00:00
2009,213,13,2401,51,52,59,35,4.5,1.5,53.1,110.2,-0.3,0.9,1.2,1.3,0.7,0.6,4.3,2.8,2.9,1.5,102643.0,4.2,410.0,0.2,-2.7,0.039,15234.0,0.4,7.0,0.9,0.6,0.007,1.36,-0.29,1.99,9.3,5.7,0.0136,10,0,-2,4,70.2,45,-21,24,-0.2,0.006088,999999.99,99999.99,99999.99,0.25,0.13,0.1,-1,2009-08-01 13:00:00
2009,213,14,2401,51,52,60,37,4.2,3.8,-5.2,74.8,1.0,3.6,-0.3,3.2,-1.6,0.3,1.9,1.6,0.5,1.0,97686.0,3.7,403.0,1.0,-2.5,0.041,16468.0,0.4,4.0,0.6,0.4,0.005,1.17,0.64,1.97,9.2,5.6,0.014,10,0,-3,4,70.2,50,-26,24,0.7,0.006088,999999.99,99999.99,99999.99,0.25,0.13,0.09,-1,2009-08-01 14:00:00
2009,213,15,2401,51,52,60,37,3.7,3.2,-22.4,346.2,2.9,-0.7,-1.2,-1.1,-0.9,0.2,1.9,0.5,1.8,0.4,105237.0,3.8,405.0,-0.2,-1.9,0.044,10510.0,0.2,2.0,1.2,0.2,0.004,1.22,0.36,2.7,10.7,5.8,0.0104,13,0,-5,5,70.2,70,-47,23,1.1,0.006088,999999.99,99999.99,99999.99,0.19,0.11,0.09,-1,2009-08-01 15:00:00
2009,213,16,2401,51,52,60,37,2.5,2.3,-17.1,34.1,1.8,1.2,-0.7,0.9,-1.0,0.9,1.3,0.9,0.8,0.4,128003.0,4.2,408.0,1.3,-2.1,0.045,10990.0,0.2,5.0,0.4,0.5,0.005,1.38,0.41,7.17,16.7,6.2,0.0043,13,0,-5,5,70.2,204,-165,38,1.5,0.006088,999999.99,99999.99,99999.99,0.21,0.11,0.08,-1,2009-08-01 16:00:00
2009,213,17,2401,51,52,61,37,2.4,1.4,-9.1,337.1,1.3,-0.5,-0.2,-0.5,-0.1,0.4,2.0,1.1,1.5,0.7,131465.0,4.0,407.0,0.2,-2.6,0.048,8201.0,0.3,4.0,1.2,0.6,0.007,1.32,0.04,7.51,17.0,6.2,0.0041,13,0,-5,5,70.2,107,-83,23,0.6,0.006088,999999.99,99999.99,99999.99,0.21,0.12,0.09,-1,2009-08-01 17:00:00
2009,213,18,2401,51,52,61,37,3.3,2.3,18.9,236.0,-1.2,-1.8,0.8,-1.6,1.1,0.7,2.4,1.6,1.7,0.7,122861.0,3.5,410.0,1.2,-1.5,0.043,12591.0,0.3,6.0,0.7,0.7,0.006,1.15,-0.45,3.36,11.6,5.9,0.0088,3,0,-3,2,70.2,35,-18,18,0.3,0.006088,999999.99,99999.99,99999.99,0.24,0.13,0.1,-1,2009-08-01 18:00:00
2009,213,19,2401,51,52,58,36,3.9,3.8,1.1,229.5,-2.5,-2.9,0.1,-2.9,0.5,0.3,0.9,0.3,0.3,0.8,107582.0,3.6,414.0,1.4,-1.7,0.035,7613.0,0.3,3.0,0.7,0.4,0.003,1.17,-0.21,2.32,10.1,5.8,0.0117,3,0,1,2,70.2,41,-17,24,1.1,0.006088,999999.99,99999.99,99999.99,0.22,0.13,0.09,-1,2009-08-01 19:00:00
2009,213,20,2401,51,52,61,37,3.6,3.4,30.1,242.1,-1.4,-2.6,1.7,-2.4,2.0,0.3,1.2,0.5,0.7,0.9,100565.0,3.7,413.0,0.8,-0.4,0.033,6258.0,0.2,2.0,0.6,0.8,0.002,1.19,-0.83,2.72,11.0,6.0,0.0098,3,0,2,2,70.2,54,-26,28,0.7,0.006088,999999.99,99999.99,99999.99,0.18,0.1,0.07,-1,2009-08-01 20:00:00
2009,213,21,2401,51,52,59,36,4.2,4.2,13.2,237.9,-2.2,-3.4,1.0,-3.3,1.3,0.4,0.7,0.5,0.2,0.4,87100.0,3.5,413.0,2.8,-0.4,0.03,7771.0,0.3,5.0,0.5,0.4,0.002,1.12,-0.54,1.78,9.2,5.8,0.0141,7,0,1,3,70.2,49,-26,23,0.0,0.006088,999999.99,99999.99,99999.99,0.23,0.12,0.09,-1,2009-08-01 21:00:00
2009,213,22,2401,51,52,59,36,4.8,4.8,8.8,250.5,-1.6,-4.4,0.7,-4.3,1.1,0.1,0.9,0.8,0.3,0.4,68670.0,3.0,406.0,2.0,0.0,0.029,7623.0,0.2,6.0,0.6,0.7,0.004,0.92,-0.45,1.07,7.3,5.3,0.0222,7,0,0,3,70.2,47,-21,27,0.3,0.006088,999999.99,99999.99,99999.99,0.21,0.12,0.1,-1,2009-08-01 22:00:00
2009,213,23,2401,51,52,59,36,4.1,3.9,13.9,236.6,-2.1,-3.1,0.9,-3.0,1.2,0.4,1.2,0.3,0.8,0.9,74403.0,4.4,395.0,2.5,-0.0,0.027,5803.0,0.5,3.0,0.5,0.5,0.003,1.27,-0.47,2.21,10.1,5.9,0.0116,7,0,2,3,70.2,46,-20,26,0.7,0.006088,999999.99,99999.99,99999.99,0.25,0.14,0.11,-1,2009-08-01 23:00:00
2009,214,0,2401,51,52,60,35,3.7,3.4,21.1,240.2,-1.6,-2.8,1.2,-2.7,1.5,0.3,1.5,0.9,0.9,0.8,74044.0,4.6,390.0,2.4,-0.7,0.029,6514.0,0.3,4.0,0.7,0.5,0.002,1.3,-0.58,2.83,11.3,6.1,0.0093,3,0,2,2,70.1,41,-19,22,0.7,0.006095,999999.99,99999.99,99999.99,0.21,0.13,0.09,-1,2009-08-02 00:00:00
2009,214,1,2401,51,52,58,34,3.5,3.4,5.9,244.7,-1.5,-3.1,0.4,-3.0,0.8,0.3,0.8,0.3,0.5,0.6,65875.0,5.0,383.0,1.9,-0.7,0.026,4010.0,0.5,3.0,0.6,0.3,0.002,1.35,-0.31,3.3,12.2,6.2,0.0079,3,0,3,2,70.1,44,-20,24,0.4,0.006095,999999.99,99999.99,99999.99,0.25,0.11,0.08,-1,2009-08-02 01:00:00
2009,214,2,2401,51,52,59,36,3.1,2.7,-11.1,272.1,0.1,-2.6,-0.5,-2.6,-0.1,0.3,1.6,0.9,0.5,1.2,62581.0,5.3,376.0,1.9,-0.4,0.024,6510.0,0.3,4.0,0.7,0.5,0.002,1.37,0.04,4.38,14.0,6.4,0.0061,3,0,2,2,70.1,50,-17,33,0.3,0.006095,999999.99,99999.99,99999.99,0.22,0.11,0.07,-1,2009-08-02 02:00:00
2009,214,3,2401,51,52,59,37,3.6,3.0,-31.8,332.7,2.3,-1.2,-1.6,-1.5,-1.3,0.4,2.0,1.2,1.1,1.1,54935.0,4.4,371.0,1.9,-0.6,0.022,7699.0,0.5,3.0,0.8,0.5,0.002,1.1,0.48,2.59,10.8,6.0,0.0102,3,0,-2,2,70.1,39,-14,25,0.3,0.006095,999999.99,99999.99,99999.99,0.24,0.12,0.08,-1,2009-08-02 03:00:00
2009,214,4,2401,51,52,61,37,3.9,3.7,-22.4,337.6,3.2,-1.3,-1.4,-1.6,-1.0,0.2,0.9,0.2,0.5,0.8,51402.0,4.0,369.0,1.5,-0.1,0.023,3132.0,0.1,2.0,0.3,0.5,0.002,0.99,0.37,1.97,9.5,5.8,0.0133,3,0,-7,2,70.1,53,-20,33,0.5,0.006095,999999.99,99999.99,99999.99,0.24,0.13,0.1,-1,2009-08-02 04:00:00
2009,214,5,2401,51,52,62,37,2.4,1.7,8.8,302.1,0.9,-1.4,0.3,-1.2,0.7,0.7,1.9,1.5,0.6,0.9,55248.0,4.4,375.0,0.9,1.3,0.025,6721.0,0.5,3.0,0.5,0.9,0.002,1.14,-0.26,5.83,16.4,6.7,0.0044,3,0,-7,2,70.1,73,-41,32,0.2,0.006095,999999.99,99999.99,99999.99,0.26,0.14,0.11,-1,2009-08-02 05:00:00
2009,214,6,2401,51,52,56,34,2.9,1.9,25.9,274.2,0.1,-1.7,0.8,-1.3,1.3,0.3,2.1,1.3,1.5,0.7,53490.0,3.7,368.0,1.2,1.7,0.027,7318.0,0.4,8.0,0.6,0.6,0.006,0.93,-0.48,3.33,12.2,6.2,0.008,0,0,-7,0,70.1,27,-10,18,-0.1,0.006095,999999.99,99999.99,99999.99,0.2,0.12,0.1,-1,2009-08-02 06:00:00
2009,214,7,2401,51,52,60,37,3.2,3.1,1.4,285.1,0.8,-2.9,0.1,-2.7,1.2,0.1,0.8,0.5,0.2,0.6,50853.0,3.4,361.0,1.3,1.4,0.029,4022.0,0.2,2.0,0.4,0.4,0.002,0.83,-0.43,2.48,10.4,5.9,0.011,0,0,-7,0,70.1,38,-16,22,-0.2,0.006095,999999.99,99999.99,99999.99,0.27,0.15,0.1,-1,2009-08-02 07:00:00
2009,214,8,2401,51,52,60,37,3.2,3.1,-4.8,291.6,1.2,-2.9,-0.3,-2.8,0.9,0.1,0.6,0.3,0.2,0.5,47476.0,3.5,359.0,1.3,1.9,0.03,3487.0,0.1,1.0,0.3,0.3,0.002,0.84,-0.32,2.5,10.5,5.9,0.0108,0,0,-5,0,70.1,58,-21,37,-0.4,0.006095,999999.99,99999.99,99999.99,0.29,0.14,0.09,-1,2009-08-02 08:00:00
2009,214,9,2401,51,52,61,37,3.1,2.7,-6.7,315.0,1.9,-1.9,-0.3,-1.8,0.5,0.2,1.5,1.0,0.8,0.8,43677.0,3.3,358.0,0.8,2.0,0.03,9725.0,0.2,2.0,0.4,0.4,0.004,0.79,-0.18,2.46,10.5,5.9,0.0108,3,0,-7,2,70.1,54,-35,19,-0.3,0.006095,999999.99,99999.99,99999.99,0.21,0.11,0.08,-1,2009-08-02 09:00:00
2009,214,10,2401,51,52,58,36,3.4,3.4,19.1,356.9,3.2,-0.2,1.1,0.3,1.1,0.1,0.4,0.2,0.3,0.2,32163.0,3.0,357.0,0.8,1.6,0.028,3389.0,0.3,4.0,0.3,0.3,0.002,0.71,-0.39,1.73,9.1,5.8,0.0144,3,0,-7,2,70.1,33,-20,14,-0.0,0.006095,999999.99,99999.99,99999.99,0.26,0.13,0.09,-1,2009-08-02 10:00:00
2009,214,11,2401,51,52,59,36,3.0,2.8,13.2,333.6,2.5,-1.2,0.6,-0.8,1.1,0.2,0.8,0.4,0.6,0.4,31732.0,4.1,350.0,0.4,1.6,0.022,2370.0,0.4,2.0,0.5,0.3,0.004,0.91,-0.39,3.03,11.8,6.2,0.0085,3,0,-5,2,70.1,32,-16,16,-0.1,0.006095,999999.99,99999.99,99999.99,0.22,0.13,0.08,-1,2009-08-02 11:00:00
2009,214,12,2401,51,52,59,36,3.4,3.2,32.8,336.0,2.4,-1.1,1.7,-0.3,2.0,0.3,1.1,0.6,0.4,0.8,32763.0,4.6,350.0,1.7,2.0,0.021,2423.0,0.4,3.0,0.9,0.7,0.002,1.02,-0.7,2.67,11.0,6.1,0.0098,3,0,-4,2,70.1,34,-18,16,-0.2,0.006095,999999.99,99999.99,99999.99,0.21,0.12,0.09,-1,2009-08-02 12:00:00
2009,214,13,2401,51,52,59,36,3.7,3.7,-4.1,357.2,3.7,-0.2,-0.3,-0.3,-0.2,0.1,0.3,0.1,0.2,0.1,37800.0,5.0,341.0,3.0,0.4,0.021,5299.0,0.4,1.0,0.3,0.3,0.002,1.05,0.07,2.52,10.3,5.8,0.0112,3,0,0,2,70.1,27,-13,14,-0.3,0.006095,999999.99,99999.99,99999.99,0.22,0.13,0.11,-1,2009-08-02 13:00:00
2009,214,14,2401,51,52,64,37,4.1,4.1,-1.1,3.6,4.1,0.3,-0.1,0.2,-0.2,0.4,0.5,0.4,0.2,0.2,29092.0,3.3,346.0,3.0,0.8,0.026,7269.0,1.1,6.0,0.3,0.4,0.006,0.73,0.07,1.29,7.7,5.3,0.0202,3,0,1,2,70.1,29,-17,11,-0.1,0.006095,999999.99,99999.99,99999.99,0.19,0.11,0.09,-1,2009-08-02 14:00:00
2009,214,15,2401,51,52,60,32,4.4,4.4,1.4,1.1,4.4,0.1,0.1,0.1,0.1,0.0,0.2,0.0,0.1,0.2,25783.0,2.4,350.0,2.2,0.7,0.031,8884.0,0.7,3.0,0.2,0.2,0.007,0.55,-0.04,0.79,6.2,4.7,0.0313,3,0,-1,2,70.1,29,-18,11,0.2,0.006095,999999.99,99999.99,99999.99,0.24,0.12,0.09,-1,2009-08-02 15:00:00
2009,214,16,2401,51,52,61,30,4.3,4.3,0.8,355.9,4.3,-0.3,0.1,-0.3,0.2,0.1,0.4,0.1,0.3,0.2,38119.0,2.5,354.0,1.2,0.5,0.036,10812.0,0.9,5.0,0.4,0.3,0.009,0.6,-0.07,0.94,6.5,4.8,0.0281,3,0,-3,2,70.1,32,-24,8,0.4,0.006095,999999.99,99999.99,99999.99,0.22,0.14,0.1,-1,2009-08-02 16:00:00
2009,214,17,2401,51,52,57,36,3.9,3.8,-5.4,337.3,3.5,-1.4,-0.4,-1.5,0.0,0.2,0.8,0.5,0.5,0.3,48545.0,3.6,360.0,-0.3,0.1,0.027,11873.0,0.7,6.0,0.6,0.3,0.004,0.86,-0.0,1.74,8.8,5.5,0.0155,3,0,-7,2,70.1,33,-26,7,0.3,0.006095,999999.99,99999.99,99999.99,0.22,0.11,0.09,-1,2009-08-02 17:00:00
2009,214,18,2401,51,52,61,37,4.1,3.8,11.0,311.4,2.5,-2.8,0.7,-2.6,1.2,0.2,1.3,0.6,0.5,1.1,47357.0,5.5,367.0,-1.5,1.4,0.018,7117.0,1.1,6.0,0.7,1.5,0.003,1.33,-0.44,2.39,10.5,6.0,0.0108,10,0,-5,4,70.1,38,-24,14,0.5,0.006095,999999.99,99999.99,99999.99,0.25,0.11,0.07,-1,2009-08-02 18:00:00
2009,214,19,2401,51,52,58,35,3.9,3.8,35.6,319.9,2.4,-2.0,2.2,-1.6,2.5,0.3,0.7,0.4,0.3,0.4,43246.0,7.6,356.0,-1.9,4.5,0.014,4624.0,0.6,3.0,0.7,0.7,0.001,1.7,-0.89,3.57,12.6,6.2,0.0075,10,0,0,4,70.1,36,-24,12,0.5,0.006095,999999.99,99999.99,99999.99,0.24,0.11,0.08,-1,2009-08-02 19:00:00
2009,214,20,2401,51,52,64,39,4.1,3.3,31.9,18.5,2.6,0.9,1.7,1.1,1.6,0.7,2.5,1.1,1.9,1.2,28914.0,8.2,349.0,-2.0,5.9,0.007,9730.0,2.1,11.0,1.4,2.0,0.004,1.71,-0.56,3.19,12.2,6.3,0.008,10,0,6,4,70.1,35,-22,13,0.0,0.006095,999999.99,99999.99,99999.99,0.21,0.11,0.08,-1,2009-08-02 20:00:00
2009,214,21,2401,51,52,58,32,4.0,1.7,-57.0,74.1,0.2,0.9,-1.4,0.8,-1.5,0.6,3.6,1.5,2.1,2.5,49512.0,9.0,369.0,-1.3,0.6,0.004,18176.0,1.6,9.0,1.7,2.2,0.001,2.08,0.55,4.16,13.8,6.5,0.0062,23,0,7,9,70.1,63,-32,31,0.3,0.006095,999999.99,99999.99,99999.99,0.2,0.11,0.08,-1,2009-08-02 21:00:00
2009,214,22,2401,51,52,62,38,6.0,3.1,-6.7,252.3,-0.9,-2.9,-0.4,-2.9,-0.1,0.8,5.1,2.0,3.6,3.0,41488.0,9.3,368.0,-3.4,3.4,0.004,15417.0,1.4,7.0,1.6,1.9,0.001,2.14,0.04,1.83,9.4,5.8,0.0136,23,0,4,9,70.1,122,-59,63,1.0,0.006095,999999.99,99999.99,99999.99,0.23,0.12,0.09,-1,2009-08-02 22:00:00
2009,214,23,2401,51,52,60,35,5.6,3.2,-20.3,104.0,-0.7,2.9,-1.1,2.8,-1.4,1.0,4.6,2.2,2.7,3.0,44140.0,12.2,365.0,0.1,2.9,0.008,7293.0,4.6,5.0,1.1,1.1,0.002,2.8,0.51,2.79,11.4,6.2,0.0092,23,0,-1,9,70.1,191,-116,75,1.2,0.006095,999999.99,99999.99,99999.99,0.22,0.12,0.1,-1,2009-08-02 23:00:00
2009,215,0,2401,51,52,60,34,5.0,4.2,-35.5,184.6,-3.4,-0.3,-2.5,-0.6,-2.5,0.8,2.7,1.0,2.1,1.4,49172.0,16.8,366.0,0.9,3.9,0.009,4263.0,2.4,3.0,0.6,0.8,0.001,3.89,0.92,4.96,15.0,6.5,0.0053,27,0,0,12,69.3,226,-124,102,1.6,0.006073,999999.99,99999.99,99999.99,0.23,0.14,0.12,-1,2009-08-03 00:00:00
2009,215,1,2401,51,52,60,35,5.1,4.9,-39.4,205.4,-3.5,-1.6,-3.1,-2.0,-2.9,0.6,1.3,0.7,0.9,0.6,55351.0,14.7,371.0,0.1,2.0,0.011,8493.0,1.6,6.0,0.5,0.5,0.001,3.53,1.08,4.32,13.9,6.4,0.0061,27,0,-3,12,69.3,326,-189,137,2.0,0.006073,999999.99,99999.99,99999.99,0.23,0.14,0.11,-1,2009-08-03 01:00:00
2009,215,2,2401,51,52,61,36,4.3,3.7,-5.6,132.0,-2.4,2.7,-0.4,2.6,-0.9,0.6,2.3,1.0,1.0,1.8,64551.0,13.7,370.0,-0.0,2.0,0.012,7001.0,2.6,6.0,1.2,0.5,0.002,3.28,0.33,5.95,15.9,6.4,0.0047,27,0,-5,12,69.3,374,-228,146,2.0,0.006073,999999.99,99999.99,99999.99,0.24,0.15,0.11,-1,2009-08-03 02:00:00
2009,215,3,2401,51,52,58,36,4.3,3.4,30.6,85.9,0.2,2.9,1.7,3.2,1.0,0.6,2.7,2.5,0.6,0.8,69569.0,11.0,368.0,-1.2,2.2,0.012,5253.0,0.8,6.0,0.5,0.4,0.001,2.61,-0.37,4.9,14.2,6.2,0.0059,20,0,-4,7,69.3,266,-143,123,1.7,0.006073,999999.99,99999.99,99999.99,0.26,0.15,0.11,-1,2009-08-03 03:00:00
2009,215,4,2401,51,52,64,38,5.1,3.4,-7.3,128.4,-2.1,2.6,-0.4,2.4,-1.1,1.0,3.9,3.1,1.0,2.1,77289.0,10.0,375.0,0.9,2.6,0.011,13861.0,1.7,10.0,1.1,0.8,0.002,2.45,0.41,3.29,11.6,5.9,0.0088,20,0,-7,7,69.3,139,-51,88,1.2,0.006073,999999.99,99999.99,99999.99,0.25,0.12,0.1,-1,2009-08-03 04:00:00
2009,215,5,2401,51,52,61,37,5.3,5.1,-22.9,163.3,-4.5,1.4,-2.0,0.7,-2.3,1.2,1.7,1.1,1.0,0.9,84351.0,8.0,385.0,0.7,1.1,0.013,13554.0,0.6,7.0,0.9,0.4,0.003,2.08,0.89,2.52,10.3,5.8,0.0113,20,0,-12,7,69.3,363,-228,135,1.5,0.006073,999999.99,99999.99,99999.99,0.21,0.11,0.08,-1,2009-08-03 05:00:00
2009,215,6,2401,51,52,59,36,3.8,3.6,17.1,137.0,-2.5,2.4,1.1,2.6,0.2,0.6,1.3,0.6,0.8,0.9,98463.0,8.2,394.0,1.2,1.4,0.013,7689.0,0.5,3.0,0.3,0.5,0.001,2.24,-0.08,5.36,14.8,6.3,0.0054,20,0,-15,7,69.3,387,-290,96,1.8,0.006073,999999.99,99999.99,99999.99,0.23,0.12,0.09,-1,2009-08-03 06:00:00
2009,215,7,2401,51,52,59,32,5.3,5.3,-5.6,153.8,-4.7,2.3,-0.5,1.9,-1.3,0.2,0.8,0.4,0.2,0.6,70238.0,5.6,381.0,0.1,3.2,0.014,9950.0,1.3,5.0,0.6,0.4,0.002,1.43,0.5,1.65,8.5,5.5,0.0164,20,0,-16,7,69.3,247,-142,105,1.7,0.006073,999999.99,99999.99,99999.99,0.22,0.13,0.11,-1,2009-08-03 07:00:00
2009,215,8,2401,51,52,59,36,5.3,5.3,-12.9,154.4,-4.6,2.2,-1.2,1.5,-2.0,0.3,0.8,0.3,0.4,0.7,58985.0,5.6,380.0,0.0,2.5,0.008,7871.0,1.1,4.0,0.5,0.4,0.003,1.39,0.76,1.55,8.5,5.5,0.0165,20,0,-18,7,69.3,161,-103,58,1.4,0.006073,999999.99,99999.99,99999.99,0.27,0.15,0.1,-1,2009-08-03 08:00:00
2009,215,9,2401,51,52,59,36,5.0,5.0,-14.4,164.5,-4.6,1.3,-1.2,0.7,-1.6,0.1,0.6,0.1,0.4,0.5,53240.0,5.7,376.0,0.2,2.2,9.999,3363.0,0.5,3.0,1.1,0.4,9.999,1.61,0.6,1.72,9.0,5.7,0.0148,13,0,-17,5,69.3,251,-187,64,1.1,0.006073,999999.99,99999.99,99999.99,0.23,0.14,0.1,-1,2009-08-03 09:00:00
2009,215,10,2401,51,52,62,36,4.1,3.9,-11.0,160.1,-3.6,1.3,-0.8,0.8,-1.3,0.5,1.1,0.6,0.4,0.8,66201.0,5.9,377.0,0.5,1.8,0.008,8033.0,0.4,7.0,1.0,0.6,0.0,1.45,0.49,2.84,11.2,6.0,0.0095,13,0,-18,5,69.3,57,-36,21,0.6,0.006073,999999.99,99999.99,99999.99,0.2,0.12,0.09,-1,2009-08-03 10:00:00
2009,215,11,2401,51,52,57,34,3.8,3.8,-2.2,164.3,-3.6,1.0,-0.1,0.9,-0.5,0.1,0.4,0.1,0.3,0.3,67698.0,6.5,372.0,0.3,1.5,0.007,4550.0,0.3,3.0,0.1,0.3,0.001,1.54,0.19,3.67,12.5,6.1,0.0076,13,0,-16,5,69.3,47,-26,21,0.8,0.006073,999999.99,99999.99,99999.99,0.23,0.12,0.08,-1,2009-08-03 11:00:00
2009,215,12,2401,51,52,60,37,3.4,3.4,-3.5,166.1,-3.3,0.8,-0.2,0.6,-0.5,0.2,0.3,0.2,0.2,0.2,62863.0,6.6,367.0,0.2,1.4,0.009,4256.0,0.3,1.0,0.1,0.2,0.001,1.54,0.18,4.54,13.9,6.2,0.0062,13,0,-13,5,69.3,49,-25,24,0.4,0.006073,999999.99,99999.99,99999.99,0.22,0.13,0.1,-1,2009-08-03 12:00:00
2009,215,13,2401,51,52,60,36,3.0,3.0,5.9,182.1,-3.0,-0.1,0.3,0.0,0.3,0.2,0.5,0.2,0.3,0.3,60317.0,5.8,364.0,0.9,1.1,0.009,7182.0,0.7,3.0,0.4,0.4,0.002,1.33,-0.11,5.06,14.6,6.3,0.0056,13,0,-9,5,69.3,29,-13,16,-0.0,0.006073,999999.99,99999.99,99999.99,0.25,0.12,0.09,-1,2009-08-03 13:00:00
2009,215,14,2401,51,52,63,37,2.6,2.4,13.9,188.2,-2.3,-0.3,0.6,0.0,0.7,0.3,1.0,0.6,0.7,0.4,58367.0,5.3,367.0,1.7,1.4,0.009,9277.0,1.1,8.0,0.8,0.5,0.002,1.24,-0.26,6.09,16.2,6.5,0.0045,13,0,-10,5,69.3,29,-15,14,0.3,0.006073,999999.99,99999.99,99999.99,0.2,0.11,0.09,-1,2009-08-03 14:00:00
2009,215,15,2401,51,52,59,36,3.1,3.0,3.4,197.9,-2.9,-0.9,0.2,-0.8,0.5,0.3,0.8,0.4,0.5,0.4,70940.0,5.6,380.0,2.0,1.8,0.009,7447.0,0.3,2.0,0.5,0.3,0.001,1.4,-0.19,4.83,14.5,6.4,0.0057,10,0,-10,4,69.3,51,-43,7,0.6,0.006073,999999.99,99999.99,99999.99,0.2,0.1,0.08,-1,2009-08-03 15:00:00
2009,215,16,2401,51,52,60,36,3.4,2.9,-2.1,183.5,-2.9,-0.2,-0.1,-0.2,0.0,0.8,1.8,1.2,0.6,1.2,59489.0,5.4,371.0,2.5,2.2,0.009,13635.0,0.9,8.0,0.5,0.9,0.001,1.29,-0.0,3.65,12.7,6.2,0.0074,10,0,-10,4,69.3,41,-28,13,0.4,0.006073,999999.99,99999.99,99999.99,0.21,0.14,0.11,-1,2009-08-03 16:00:00
2009,215,17,2401,51,52,60,36,3.1,2.9,-20.5,192.8,-2.6,-0.6,-1.0,-0.8,-0.8,0.8,1.2,0.6,0.7,0.9,64527.0,5.9,375.0,2.9,2.4,0.009,13176.0,0.9,3.0,0.8,0.6,0.001,1.44,0.3,4.93,14.7,6.4,0.0055,10,0,-9,4,69.3,48,-29,19,0.5,0.006073,999999.99,99999.99,99999.99,0.2,0.11,0.09,-1,2009-08-03 17:00:00
2009,215,18,2401,51,52,59,36,4.0,3.6,-32.4,153.5,-2.8,1.4,-2.0,1.0,-2.2,0.3,1.6,0.6,1.4,0.5,51979.0,4.8,371.0,2.2,3.2,0.01,8848.0,0.7,2.0,0.6,0.4,0.001,1.15,0.82,2.25,10.2,5.9,0.0115,17,0,-10,6,69.3,72,-36,36,1.1,0.006073,999999.99,99999.99,99999.99,0.18,0.11,0.09,-1,2009-08-03 18:00:00
2009,215,19,2401,51,52,61,37,4.7,4.4,1.2,109.8,-1.5,4.2,0.1,4.2,-0.6,0.1,1.4,0.8,0.3,1.0,52216.0,4.4,374.0,1.5,1.8,0.008,9270.0,0.7,3.0,0.4,0.7,0.001,1.06,0.22,1.5,8.3,5.5,0.0171,17,0,-10,6,69.3,94,-44,49,0.6,0.006073,999999.99,99999.99,99999.99,0.22,0.12,0.08,-1,2009-08-03 19:00:00
2009,215,20,2401,51,52,60,37,4.1,4.0,32.4,82.4,0.4,3.4,2.2,3.7,1.7,0.4,1.0,0.6,0.7,0.4,47651.0,4.5,376.0,1.1,0.4,0.008,3211.0,0.3,2.0,0.3,0.3,0.001,1.1,-0.64,1.96,9.7,5.9,0.0126,17,0,-7,6,69.3,108,-62,46,0.3,0.006073,999999.99,99999.99,99999.99,0.23,0.14,0.11,-1,2009-08-03 20:00:00
2009,215,21,2401,51,52,58,34,2.4,1.9,65.0,85.5,0.1,0.8,1.7,1.0,1.6,0.9,1.6,0.7,0.7,1.3,51920.0,4.5,373.0,2.1,0.4,0.009,6925.0,0.4,4.0,0.8,0.9,0.001,1.08,-0.6,5.86,16.5,6.7,0.0044,7,0,-7,3,69.3,38,-16,22,-0.1,0.006073,999999.99,99999.99,99999.99,0.24,0.12,0.1,-1,2009-08-03 21:00:00
2009,215,22,2401,51,52,61,38,1.7,1.3,19.7,128.3,-0.7,0.9,0.4,0.9,0.3,0.3,1.1,0.7,0.4,0.7,61087.0,4.8,364.0,1.2,2.0,0.01,6707.0,0.4,4.0,0.8,1.3,0.002,1.1,-0.11,13.09,23.5,6.7,0.0022,7,0,-6,3,69.3,28,-14,14,0.1,0.006073,999999.99,99999.99,99999.99,0.23,0.12,0.08,-1,2009-08-03 22:00:00
2009,215,23,2401,51,52,61,37,1.5,1.3,55.5,16.9,0.7,0.2,1.1,0.3,1.1,0.5,0.8,0.3,0.5,0.6,50116.0,5.4,371.0,2.8,0.6,0.007,7760.0,0.7,3.0,0.4,0.3,0.001,1.28,-0.41,17.82,28.7,7.1,0.0014,7,0,-5,3,69.3,16,-8,8,-0.0,0.006073,999999.99,99999.99,99999.99,0.22,0.12,0.09,-1,2009-08-03 23:00:00
2009,216,0,2401,51,52,61,36,2.6,2.5,-8.5,48.5,1.6,1.9,-0.4,1.8,-0.6,0.2,0.7,0.4,0.3,0.5,27415.0,5.2,380.0,2.2,0.9,0.005,5004.0,0.2,2.0,0.9,0.3,0.001,1.28,0.23,4.98,16.7,7.2,0.0043,7,0,-5,3,67.8,26,-15,11,0.2,0.006017,999999.99,99999.99,99999.99,0.23,0.14,0.1,-1,2009-08-04 00:00:00
2009,216,1,2401,51,52,59,36,2.6,2.3,-0.8,44.3,1.7,1.6,0.0,1.6,-0.2,0.2,1.1,0.6,0.7,0.6,27411.0,7.4,375.0,2.0,0.1,0.004,6160.0,1.4,4.0,0.4,0.6,0.001,1.77,0.07,7.09,19.6,7.3,0.0031,7,0,-7,3,67.8,42,-18,24,0.4,0.006017,999999.99,99999.99,99999.99,0.27,0.14,0.1,-1,2009-08-04 01:00:00
2009,216,2,2401,51,52,59,36,2.9,2.3,14.8,355.3,2.2,-0.2,0.6,-0.1,0.6,0.5,1.8,0.8,1.5,0.4,28511.0,5.9,372.0,2.0,-0.3,0.006,4678.0,1.7,3.0,0.7,0.3,0.001,1.4,-0.22,4.58,15.6,7.0,0.0049,7,0,-8,3,67.8,38,-16,22,0.4,0.006017,999999.99,99999.99,99999.99,0.21,0.13,0.09,-1,2009-08-04 02:00:00
2009,216,3,2401,51,52,59,36,3.3,3.2,21.5,4.2,3.0,0.2,1.2,0.5,1.1,0.2,0.8,0.2,0.7,0.3,26806.0,4.7,367.0,2.4,-0.3,0.007,4991.0,0.6,3.0,0.5,0.3,0.001,1.09,-0.4,2.79,12.1,6.5,0.0082,10,0,-9,4,67.8,21,-10,12,-0.0,0.006017,999999.99,99999.99,99999.99,0.22,0.13,0.1,-1,2009-08-04 03:00:00
2009,216,4,2401,51,52,59,36,3.3,3.2,29.4,47.3,1.9,2.1,1.6,2.4,1.0,0.2,0.6,0.4,0.4,0.3,23909.0,4.2,363.0,1.9,-0.4,0.006,2437.0,0.2,2.0,0.2,0.2,0.0,0.95,-0.36,2.44,11.3,6.4,0.0094,10,0,-7,4,67.8,33,-14,19,0.1,0.006017,999999.99,99999.99,99999.99,0.22,0.14,0.1,-1,2009-08-04 04:00:00
2009,216,5,2401,51,52,60,35,2.6,1.9,-5.7,83.1,0.2,1.9,-0.2,1.7,-0.8,0.4,1.9,1.3,0.6,1.2,21789.0,6.2,360.0,1.9,-0.2,0.01,1730.0,1.3,2.0,0.2,0.5,0.003,1.4,0.29,5.73,17.2,7.1,0.004,10,0,-6,4,67.8,44,-13,31,0.7,0.006017,999999.99,99999.99,99999.99,0.26,0.14,0.1,-1,2009-08-04 05:00:00
2009,216,6,2401,51,52,59,35,2.4,2.4,-31.2,128.3,-1.3,1.6,-1.2,1.1,-1.7,0.4,0.5,0.3,0.3,0.3,21648.0,7.3,358.0,1.8,-0.3,0.011,3629.0,0.9,4.0,0.4,0.3,0.001,1.63,0.61,7.91,20.2,7.2,0.0029,7,0,-5,3,67.8,182,-115,66,0.8,0.006017,999999.99,99999.99,99999.99,0.23,0.14,0.1,-1,2009-08-04 06:00:00
2009,216,7,2401,51,52,59,36,2.0,1.9,-23.6,110.3,-0.6,1.7,-0.8,1.3,-1.4,0.2,0.6,0.3,0.3,0.4,14981.0,9.6,352.0,1.4,0.3,0.007,1997.0,1.0,1.0,0.3,0.2,0.001,2.04,0.49,14.31,27.3,7.5,0.0016,7,0,-4,3,67.8,165,-99,66,0.7,0.006017,999999.99,99999.99,99999.99,0.26,0.12,0.09,-1,2009-08-04 07:00:00
2009,216,8,2401,51,52,60,36,2.5,2.3,5.1,73.0,0.7,2.2,0.2,2.1,-0.7,0.3,1.0,0.7,0.3,0.7,13989.0,9.0,353.0,1.0,0.3,0.007,2994.0,1.0,3.0,0.4,0.4,0.001,1.93,0.25,8.53,21.2,7.3,0.0027,7,0,-4,3,67.8,144,-100,44,1.2,0.006017,999999.99,99999.99,99999.99,0.26,0.15,0.09,-1,2009-08-04 08:00:00
2009,216,9,2401,51,52,60,33,2.7,2.7,8.2,59.6,1.4,2.3,0.4,2.2,-0.6,0.1,0.2,0.1,0.1,0.1,12005.0,8.1,353.0,0.7,-0.1,0.007,360.0,0.2,1.0,0.1,0.1,0.0,1.73,0.21,6.49,18.6,7.2,0.0034,3,0,-3,2,67.8,89,-40,49,0.9,0.006017,999999.99,99999.99,99999.99,0.21,0.12,0.1,-1,2009-08-04 09:00:00
2009,216,10,2401,51,52,59,36,2.6,2.6,6.4,62.0,1.2,2.3,0.3,2.2,-0.8,0.2,0.2,0.1,0.2,0.1,12047.0,8.0,349.0,0.6,-0.3,0.007,458.0,0.5,2.0,0.1,0.1,0.0,1.67,0.28,6.91,19.0,7.2,0.0033,3,0,-3,2,67.8,43,-20,23,0.8,0.006017,999999.99,99999.99,99999.99,0.19,0.12,0.08,-1,2009-08-04 10:00:00
2009,216,11,2401,51,52,59,35,2.5,2.5,-1.1,73.6,0.7,2.4,0.0,2.1,-1.1,0.2,0.7,0.6,0.2,0.3,13210.0,8.1,344.0,0.8,-0.0,0.007,1026.0,0.6,3.0,0.4,0.2,0.001,1.65,0.38,7.63,19.6,7.1,0.0031,3,0,-3,2,67.8,43,-19,24,0.7,0.006017,999999.99,99999.99,99999.99,0.19,0.11,0.09,-1,2009-08-04 11:00:00
2009,216,12,2401,51,52,60,37,3.3,3.1,-16.5,135.2,-2.1,2.1,-0.9,1.5,-1.7,0.2,1.0,0.9,0.5,0.3,28624.0,4.4,338.0,1.5,0.0,0.009,6380.0,1.2,2.0,0.6,0.3,0.001,0.87,0.57,2.64,10.7,5.9,0.0103,7,0,-5,3,67.8,139,-118,21,0.8,0.006017,999999.99,99999.99,99999.99,0.25,0.15,0.12,-1,2009-08-04 12:00:00
2009,216,13,2401,51,52,58,34,3.4,3.4,-19.6,138.8,-2.4,2.1,-1.1,1.4,-1.9,0.0,0.3,0.1,0.1,0.2,27686.0,3.2,335.0,1.5,0.1,9.999,2789.0,0.3,4.0,0.3,0.4,9.999,0.72,0.64,1.8,8.8,5.5,0.0153,7,0,-10,3,67.8,61,-44,17,0.8,0.006017,999999.99,99999.99,99999.99,0.23,0.12,0.07,-1,2009-08-04 13:00:00
2009,216,14,2401,51,52,61,38,2.9,2.8,-17.1,124.2,-1.5,2.2,-0.8,1.7,-1.6,0.6,0.9,0.7,0.5,0.3,21277.0,4.3,333.0,0.9,0.4,0.01,4200.0,1.6,2.0,0.5,0.3,0.002,0.83,0.53,3.18,11.9,6.1,0.0084,7,0,-10,3,67.8,101,-89,12,1.0,0.006017,999999.99,99999.99,99999.99,0.22,0.11,0.08,-1,2009-08-04 14:00:00
2009,216,15,2401,51,52,60,36,2.1,2.0,4.3,97.8,-0.3,2.0,0.1,1.9,-0.6,0.2,0.6,0.2,0.2,0.5,15824.0,5.9,337.0,0.5,-0.5,0.012,1050.0,0.4,2.0,0.4,0.6,0.002,1.17,0.2,8.02,19.5,6.9,0.0031,10,0,-7,4,67.8,151,-137,13,0.9,0.006017,999999.99,99999.99,99999.99,0.27,0.15,0.1,-1,2009-08-04 15:00:00
2009,216,16,2401,51,52,58,36,2.2,1.8,47.6,130.6,-0.8,0.9,1.3,1.2,1.0,0.5,1.3,1.0,0.6,0.7,16257.0,6.0,334.0,1.6,-1.3,0.01,2910.0,0.4,4.0,0.5,0.7,0.002,1.16,-0.33,7.46,18.6,6.8,0.0034,10,0,-7,4,67.8,49,-40,9,0.2,0.006017,999999.99,99999.99,99999.99,0.24,0.14,0.11,-1,2009-08-04 16:00:00
2009,216,17,2401,51,52,60,37,3.4,3.3,-5.4,151.2,-2.9,1.6,-0.3,1.5,-0.7,0.2,0.8,0.2,0.4,0.7,15523.0,4.5,323.0,0.5,-0.1,0.009,2756.0,1.0,2.0,0.5,0.7,0.001,0.81,0.23,2.33,10.1,5.8,0.0117,10,0,-8,4,67.8,40,-20,20,0.4,0.006017,999999.99,99999.99,99999.99,0.23,0.14,0.1,-1,2009-08-04 17:00:00
2009,216,18,2401,51,52,59,36,3.6,3.4,-20.9,165.7,-3.1,0.8,-1.2,0.5,-1.3,0.2,1.1,0.5,0.8,0.6,18886.0,4.8,324.0,1.5,0.5,0.009,6892.0,1.2,4.0,1.0,0.7,0.001,0.87,0.42,2.27,9.9,5.7,0.0122,10,0,-9,4,67.8,67,-32,35,0.7,0.006017,999999.99,99999.99,99999.99,0.28,0.15,0.1,-1,2009-08-04 18:00:00
2009,216,19,2401,51,52,62,38,3.5,3.1,1.1,212.1,-2.6,-1.7,0.1,-1.7,0.4,0.2,1.6,0.8,1.0,1.0,19976.0,6.7,329.0,3.0,-0.8,0.008,3321.0,0.8,4.0,0.6,0.8,0.002,1.25,-0.13,3.38,12.2,6.1,0.008,10,0,-9,4,67.8,90,-49,41,0.8,0.006017,999999.99,99999.99,99999.99,0.21,0.1,0.07,-1,2009-08-04 19:00:00
2009,216,20,2401,51,52,64,38,3.5,1.7,10.3,56.5,0.9,1.4,0.3,1.4,0.1,0.5,3.1,1.8,0.6,2.4,37334.0,3.5,343.0,0.8,-1.0,0.01,12792.0,0.8,7.0,0.7,1.6,0.002,0.72,-0.03,1.97,9.2,5.6,0.0142,10,0,-9,4,67.8,47,-26,21,0.7,0.006017,999999.99,99999.99,99999.99,0.26,0.14,0.09,-1,2009-08-04 20:00:00
2009,216,21,2401,51,52,61,38,3.6,3.3,7.1,89.1,0.1,3.3,0.4,3.3,0.0,0.2,1.3,0.8,0.5,0.9,30943.0,2.0,355.0,0.1,-3.2,0.013,8181.0,0.3,6.0,0.6,1.0,0.0,0.44,-0.0,1.02,7.0,5.1,0.0245,10,0,-12,4,67.8,31,-18,13,-0.1,0.006017,999999.99,99999.99,99999.99,0.2,0.12,0.1,-1,2009-08-04 21:00:00
2009,216,22,2401,51,52,58,35,3.6,3.4,-5.2,109.1,-1.1,3.2,-0.3,3.2,-0.6,0.1,1.1,0.7,0.3,0.7,21172.0,1.4,348.0,-1.0,-2.1,0.014,7310.0,0.4,5.0,1.3,0.7,0.0,0.3,0.21,0.67,5.7,4.5,0.0364,10,0,-12,4,67.8,25,-14,11,0.3,0.006017,999999.99,99999.99,99999.99,0.25,0.12,0.09,-1,2009-08-04 22:00:00
2009,216,23,2401,51,52,61,38,3.6,3.5,-40.0,131.3,-1.8,2.0,-2.3,1.7,-2.5,0.2,0.9,0.2,0.7,0.6,21127.0,1.8,345.0,-0.9,0.0,0.019,8007.0,0.6,5.0,1.7,0.5,0.0,0.38,0.86,0.86,6.4,4.9,0.0288,10,0,-9,4,67.8,53,-24,29,0.7,0.006017,999999.99,99999.99,99999.99,0.2,0.12,0.07,-1,2009-08-04 23:00:00
2009,217,0,2402,51,52,64,36,4.2,3.9,-36.5,126.0,-1.8,2.5,-2.3,2.2,-2.6,0.3,1.5,0.3,1.4,0.6,35455.0,2.7,367.0,0.1,0.5,0.011,10293.0,0.7,6.0,0.9,0.6,0.001,0.63,0.95,1.04,7.2,5.2,0.0231,13,0,-8,5,68.1,113,-49,64,1.7,0.006001,999999.99,99999.99,99999.99,0.25,0.14,0.11,-1,2009-08-05 00:00:00
2009,217,1,2402,51,52,60,37,4.0,3.7,-8.7,100.2,-0.6,3.6,-0.6,3.5,-1.1,0.2,1.5,0.8,0.6,1.1,48676.0,3.5,376.0,-0.7,-1.3,0.009,5318.0,0.4,4.0,1.2,0.9,0.002,0.86,0.41,1.61,8.8,5.7,0.0154,13,0,-10,5,68.1,104,-35,68,1.5,0.006001,999999.99,99999.99,99999.99,0.21,0.13,0.09,-1,2009-08-05 01:00:00
2009,217,2,2402,51,52,60,36,3.5,3.3,16.6,90.3,0.0,3.1,0.9,3.2,0.3,0.5,1.2,0.5,0.5,1.0,45771.0,4.1,379.0,-1.0,-1.3,0.008,7379.0,0.5,3.0,0.6,1.1,0.001,1.01,-0.11,2.42,11.0,6.2,0.0099,13,0,-9,5,68.1,51,-18,33,0.9,0.006001,999999.99,99999.99,99999.99,0.26,0.13,0.1,-1,2009-08-05 02:00:00
2009,217,3,2402,51,52,59,37,4.3,4.2,-19.3,99.3,-0.6,3.9,-1.4,3.5,-2.2,0.1,0.6,0.2,0.2,0.5,17431.0,3.9,371.0,-4.3,0.3,0.005,1685.0,0.4,2.0,0.6,0.6,0.0,0.91,0.82,1.28,8.5,5.9,0.0164,13,0,-9,5,68.1,65,-20,45,1.2,0.006001,999999.99,99999.99,99999.99,0.24,0.14,0.1,-1,2009-08-05 03:00:00
2009,217,4,2402,51,52,59,35,4.5,4.5,-23.9,109.5,-1.4,3.9,-1.8,3.3,-2.8,0.1,0.4,0.3,0.2,0.2,11191.0,3.2,366.0,-5.9,-0.3,0.004,1600.0,0.5,2.0,0.3,0.7,0.001,0.73,1.02,0.92,7.3,5.4,0.0225,13,0,-12,5,68.1,123,-39,85,1.6,0.006001,999999.99,99999.99,99999.99,0.27,0.15,0.11,-1,2009-08-05 04:00:00
2009,217,5,2402,51,52,62,38,4.1,3.9,-20.8,118.4,-1.7,3.2,-1.4,2.6,-2.3,0.3,1.4,0.9,0.7,0.9,12940.0,4.1,364.0,-5.4,-1.4,0.004,3476.0,0.8,13.0,1.0,1.6,0.001,0.92,0.84,1.43,9.0,6.0,0.0147,13,0,-16,5,68.1,304,-152,152,1.7,0.006001,999999.99,99999.99,99999.99,0.26,0.13,0.1,-1,2009-08-05 05:00:00
2009,217,6,2402,51,52,60,37,4.6,4.5,-14.2,108.3,-1.4,4.2,-1.1,3.5,-2.5,0.1,0.6,0.1,0.1,0.6,10565.0,4.0,376.0,-6.2,-3.5,0.004,791.0,0.4,2.0,0.2,0.6,0.0,0.96,0.94,1.09,8.2,5.9,0.0178,13,0,-20,5,68.1,293,-186,107,2.0,0.006001,999999.99,99999.99,99999.99,0.24,0.12,0.1,-1,2009-08-05 06:00:00
2009,217,7,2402,51,52,60,36,4.8,4.7,-25.6,107.4,-1.3,4.0,-2.0,2.9,-3.4,0.1,1.0,0.6,0.4,0.7,13620.0,5.6,379.0,-5.9,-3.0,0.004,3880.0,1.2,5.0,0.3,0.7,0.001,1.36,1.29,1.44,9.3,6.2,0.0136,13,0,-18,5,68.1,270,-195,74,2.1,0.006001,999999.99,99999.99,99999.99,0.22,0.12,0.09,-1,2009-08-05 07:00:00
2009,217,8,2402,51,52,60,36,5.0,4.6,-42.6,128.7,-2.1,2.6,-3.1,1.1,-3.9,0.4,2.0,0.5,1.8,0.9,20733.0,9.8,381.0,-5.3,-2.7,0.004,4321.0,2.6,6.0,0.9,1.4,0.002,2.41,1.49,2.43,11.9,6.8,0.0084,13,0,-16,5,68.1,344,-267,77,2.8,0.006001,999999.99,99999.99,99999.99,0.25,0.13,0.1,-1,2009-08-05 08:00:00
2009,217,9,2402,51,52,59,37,5.8,5.8,-22.0,251.0,-1.7,-5.0,-2.2,-5.5,0.2,0.7,1.2,0.5,1.0,0.4,14037.0,13.4,375.0,-2.7,-1.1,0.011,900.0,3.2,2.0,0.5,0.4,0.003,3.29,-0.07,2.36,11.8,6.8,0.0085,20,0,-13,7,68.1,317,-211,106,2.0,0.006001,999999.99,99999.99,99999.99,0.23,0.14,0.1,-1,2009-08-05 09:00:00
2009,217,10,2402,51,52,61,37,6.7,6.4,-21.5,252.5,-1.8,-5.7,-2.3,-6.1,0.5,0.3,2.1,0.6,1.2,1.6,15720.0,11.8,373.0,-3.6,-0.9,0.009,2064.0,2.1,1.0,0.6,0.4,0.001,2.84,-0.19,1.58,9.6,6.2,0.013,20,0,-11,7,68.1,176,-104,72,0.3,0.006001,999999.99,99999.99,99999.99,0.33,0.14,0.1,-1,2009-08-05 10:00:00
2009,217,11,2402,51,52,59,35,6.8,5.3,20.7,275.3,0.5,-4.9,1.9,-3.5,3.9,0.3,4.2,1.9,2.2,3.0,27753.0,11.1,368.0,-2.2,-0.3,0.012,11910.0,1.2,10.0,1.9,1.1,0.003,2.63,-1.44,1.56,9.0,5.9,0.0146,20,0,-7,7,68.1,207,-104,103,0.2,0.006001,999999.99,99999.99,99999.99,0.24,0.13,0.09,-1,2009-08-05 11:00:00
2009,217,12,2402,51,52,59,37,6.6,5.5,63.1,356.2,2.5,-0.2,4.9,2.0,4.5,0.4,3.4,2.2,2.6,0.6,29784.0,11.7,359.0,1.8,-0.2,0.017,6049.0,1.3,6.0,1.9,1.5,0.006,2.69,-1.62,1.77,9.3,5.9,0.0137,20,0,-3,7,68.1,114,-61,54,-0.3,0.006001,999999.99,99999.99,99999.99,0.21,0.11,0.08,-1,2009-08-05 12:00:00
2009,217,13,2402,51,52,62,37,6.5,5.9,55.0,36.1,2.7,2.0,4.8,3.8,3.5,0.6,2.7,0.5,1.9,1.8,41218.0,10.5,370.0,1.3,-2.1,0.037,10316.0,1.3,6.0,1.0,1.3,0.01,2.76,-1.29,1.75,9.2,5.8,0.014,20,0,-3,7,68.1,53,-25,28,-0.1,0.006001,999999.99,99999.99,99999.99,0.23,0.12,0.09,-1,2009-08-05 13:00:00
2009,217,14,2402,51,52,61,37,7.3,7.1,67.6,56.0,1.5,2.3,6.6,4.7,5.2,0.3,1.7,0.7,1.2,0.9,40157.0,9.6,380.0,0.5,-2.6,0.046,5091.0,1.1,5.0,1.1,0.9,0.004,2.74,-1.98,1.26,8.1,5.6,0.0183,20,0,-3,7,68.1,37,-8,28,-0.7,0.006001,999999.99,99999.99,99999.99,0.19,0.11,0.07,-1,2009-08-05 14:00:00
2009,217,15,2402,51,52,59,36,8.0,8.0,70.2,358.6,2.7,-0.1,7.5,2.5,7.1,0.1,0.7,0.3,0.6,0.2,37293.0,7.8,374.0,-0.8,-1.8,0.052,1915.0,0.2,3.0,0.8,0.2,0.003,2.2,-2.66,0.84,6.5,5.0,0.0279,7,0,3,3,68.1,32,-5,27,-1.7,0.006001,999999.99,99999.99,99999.99,0.25,0.12,0.08,-1,2009-08-05 15:00:00
2009,217,16,2402,51,52,59,36,8.1,7.7,71.9,343.4,2.3,-0.7,7.3,1.6,7.2,0.1,2.2,0.9,1.9,0.6,41773.0,8.1,380.0,-0.6,-2.1,0.046,3956.0,0.5,7.0,1.5,0.6,0.005,2.31,-2.74,0.87,6.7,5.0,0.0267,7,0,2,3,68.1,26,-3,22,-1.6,0.006001,999999.99,99999.99,99999.99,0.2,0.1,0.07,-1,2009-08-05 16:00:00
2009,217,17,2402,51,52,60,37,8.3,7.9,77.0,341.5,1.7,-0.6,7.7,1.4,7.6,0.2,2.3,2.0,1.0,0.7,41471.0,8.2,382.0,-0.9,-1.9,0.047,6128.0,0.6,9.0,0.7,0.5,0.007,2.37,-2.9,0.84,6.6,5.0,0.0274,7,0,3,3,68.1,23,-2,21,-0.9,0.006001,999999.99,99999.99,99999.99,0.25,0.14,0.1,-1,2009-08-05 17:00:00
2009,217,18,2402,51,52,62,37,8.9,8.7,85.6,54.2,0.4,0.5,8.7,2.3,8.4,0.2,1.3,1.0,0.8,0.3,39328.0,8.8,382.0,-0.6,-1.2,0.045,15985.0,0.7,6.0,0.7,0.3,0.004,2.53,-3.21,0.78,6.4,4.9,0.0293,3,0,6,2,68.1,29,-5,23,-0.7,0.006001,999999.99,99999.99,99999.99,0.22,0.1,0.07,-1,2009-08-05 18:00:00
2009,217,19,2402,51,52,59,36,9.9,9.7,79.7,121.4,-0.9,1.5,9.5,3.1,9.1,0.3,1.9,1.4,1.2,0.3,26750.0,8.2,385.0,-0.8,-1.7,0.043,5211.0,0.7,5.0,0.8,0.8,0.006,2.38,-3.5,0.54,5.6,4.6,0.0384,3,0,7,2,68.1,37,-11,26,-0.5,0.006001,999999.99,99999.99,99999.99,0.2,0.1,0.08,-1,2009-08-05 19:00:00
2009,217,20,2402,51,52,59,37,10.2,10.1,76.4,312.0,1.6,-1.8,9.8,-0.4,10.0,0.3,1.2,0.6,1.0,0.5,35538.0,9.2,377.0,-3.2,-1.5,0.048,8549.0,1.2,3.0,0.7,0.4,0.006,2.6,-3.77,0.6,5.6,4.5,0.0379,3,0,9,2,68.1,36,-8,28,-0.1,0.006001,999999.99,99999.99,99999.99,0.19,0.12,0.09,-1,2009-08-05 20:00:00
2009,217,21,2402,51,52,62,38,10.8,10.7,68.0,305.9,2.3,-3.2,9.9,-2.0,10.2,0.7,1.7,0.9,1.2,0.9,36044.0,8.8,375.0,-4.1,-2.1,0.049,6708.0,1.1,5.0,0.5,0.5,0.004,2.47,-3.82,0.52,5.2,4.3,0.0448,17,0,10,6,68.1,28,-5,23,-0.5,0.006001,999999.99,99999.99,99999.99,0.24,0.12,0.08,-1,2009-08-05 21:00:00
2009,217,22,2402,51,52,59,30,12.2,11.7,79.3,348.6,2.1,-0.4,11.5,0.8,11.5,0.3,3.4,0.6,3.3,0.7,32265.0,8.5,375.0,-2.4,-1.6,0.048,6546.0,1.0,3.0,1.5,1.2,0.009,2.38,-4.31,0.38,4.5,3.9,0.0592,17,0,15,6,68.1,27,-2,25,-0.6,0.006001,999999.99,99999.99,99999.99,0.24,0.13,0.11,-1,2009-08-05 22:00:00
2009,217,23,2402,51,52,58,36,12.5,12.4,72.0,317.1,2.8,-2.6,11.8,-1.3,12.0,0.2,1.8,0.7,1.6,0.5,27484.0,9.1,371.0,-4.0,0.1,0.045,4058.0,1.0,5.0,0.9,0.5,0.006,2.47,-4.45,0.38,4.5,3.9,0.0594,17,0,15,6,68.1,27,-7,20,-0.5,0.006001,999999.99,99999.99,99999.99,0.21,0.12,0.08,-1,2009-08-05 23:00:00
2009,218,0,2402,51,52,63,36,12.9,12.7,57.4,293.9,2.8,-6.3,10.7,-4.9,11.4,0.2,1.8,0.6,1.4,0.8,24130.0,8.6,369.0,-5.3,-1.9,0.041,6077.0,1.2,5.0,0.7,0.7,0.005,2.28,-4.21,0.33,4.2,3.7,0.0676,23,0,14,9,68.7,34,-15,19,-0.6,0.00599,999999.99,99999.99,99999.99,0.21,0.13,0.1,-1,2009-08-06 00:00:00
2009,218,1,2402,51,52,59,36,12.0,11.8,51.4,284.5,1.8,-7.1,9.2,-5.6,10.2,0.7,1.9,0.9,0.9,1.5,69809.0,16.8,383.0,-4.8,-2.7,0.049,12422.0,2.2,3.0,0.5,1.1,0.004,4.92,-3.91,0.96,6.5,4.8,0.0278,23,0,24,9,68.7,41,-15,26,-0.4,0.00599,999999.99,99999.99,99999.99,0.26,0.12,0.09,-1,2009-08-06 01:00:00
2009,218,2,2402,51,52,60,33,11.5,10.9,7.1,298.2,5.1,-9.5,1.3,-9.1,3.0,0.2,3.8,1.3,0.9,3.5,79139.0,22.4,378.0,-5.6,-6.6,0.048,2278.0,1.6,2.0,0.8,1.3,0.002,6.37,-1.13,1.46,7.8,5.2,0.0197,23,0,27,9,68.7,67,-14,53,-0.1,0.00599,999999.99,99999.99,99999.99,0.21,0.11,0.08,-1,2009-08-06 02:00:00
2009,218,3,2402,51,52,60,35,10.1,9.1,-19.7,304.0,4.8,-7.1,-3.1,-7.6,-1.4,0.4,4.2,1.1,1.7,3.7,100285.0,21.3,378.0,-5.2,-5.8,0.045,34750.0,3.6,5.0,0.9,1.5,0.008,6.0,0.53,1.99,8.6,5.2,0.0159,30,0,18,15,68.7,99,-13,86,0.6,0.00599,999999.99,99999.99,99999.99,0.2,0.1,0.07,-1,2009-08-06 03:00:00
2009,218,4,2402,51,52,59,34,9.9,9.7,-36.0,317.2,5.8,-5.3,-5.7,-6.6,-4.1,0.3,1.7,0.4,1.0,1.3,113274.0,16.2,372.0,-6.1,-4.1,0.037,5128.0,0.6,3.0,0.4,0.4,0.002,4.3,1.53,1.66,7.6,4.8,0.0208,30,0,2,15,68.7,203,-70,133,1.0,0.00599,999999.99,99999.99,99999.99,0.19,0.1,0.08,-1,2009-08-06 04:00:00
2009,218,5,2402,51,52,61,39,11.7,11.3,-37.6,314.5,6.3,-6.4,-6.9,-8.2,-4.5,0.8,2.8,0.6,1.8,2.0,77988.0,17.1,378.0,-5.5,-3.7,0.04,48559.0,1.8,5.0,1.0,1.1,0.005,4.73,1.7,1.07,6.7,4.8,0.0267,30,0,-10,15,68.7,285,-152,134,1.5,0.00599,999999.99,99999.99,99999.99,0.28,0.1,0.07,-1,2009-08-06 05:00:00
2009,218,6,2402,51,52,66,38,11.3,8.0,-61.4,325.3,3.1,-2.2,-7.0,-4.5,-5.8,3.5,8.5,3.1,4.2,6.8,99130.0,13.1,393.0,-3.5,-3.8,0.021,121084.0,6.5,13.0,2.6,2.0,0.022,3.66,2.28,0.97,6.3,4.6,0.03,40,0,-31,27,68.7,433,-282,151,2.3,0.00599,999999.99,99999.99,99999.99,0.23,0.13,0.09,-1,2009-08-06 06:00:00
2009,218,7,2402,51,52,65,38,8.7,7.4,1.7,309.5,4.7,-5.7,0.2,-5.2,2.4,0.7,4.5,1.3,1.7,4.0,269209.0,6.6,467.0,6.6,-5.9,0.086,42122.0,0.8,15.0,1.8,2.5,0.011,3.23,-1.12,1.44,6.9,4.6,0.025,40,0,-36,27,68.7,546,-333,213,2.4,0.00599,999999.99,99999.99,99999.99,0.25,0.13,0.09,-1,2009-08-06 07:00:00
2009,218,8,2402,51,52,60,37,8.1,6.3,11.7,292.1,2.3,-5.7,1.3,-4.6,3.6,0.9,5.0,3.2,1.5,3.5,324555.0,6.9,473.0,6.5,-4.9,0.073,50999.0,1.0,9.0,1.0,1.2,0.018,3.33,-1.7,1.98,7.7,4.7,0.0202,40,0,-25,27,68.7,151,-63,88,0.2,0.00599,999999.99,99999.99,99999.99,0.28,0.13,0.08,-1,2009-08-06 08:00:00
2009,218,9,2402,51,52,62,37,7.2,5.4,25.3,261.6,-0.7,-4.9,2.3,-3.4,4.2,1.1,4.7,3.2,2.4,2.5,334981.0,7.3,479.0,7.2,-4.8,0.062,47368.0,0.7,5.0,0.9,0.9,0.013,3.49,-2.01,2.71,9.0,4.9,0.0147,13,0,-17,5,68.7,84,-19,66,0.2,0.00599,999999.99,99999.99,99999.99,0.24,0.14,0.09,-1,2009-08-06 09:00:00
2009,218,10,2402,51,52,61,36,10.7,10.0,26.3,142.9,-7.1,5.4,4.4,6.8,1.5,0.7,3.9,1.6,2.1,2.9,248455.0,5.4,484.0,7.8,-2.3,0.057,41764.0,0.8,6.0,0.8,0.8,0.03,2.59,-0.73,0.74,5.3,4.1,0.0431,13,0,-19,5,68.7,77,-30,48,0.3,0.00599,999999.99,99999.99,99999.99,0.21,0.11,0.07,-1,2009-08-06 10:00:00
2009,218,11,2402,51,52,60,38,8.2,6.3,40.9,147.0,-4.0,2.6,4.1,4.2,2.5,1.3,5.4,2.3,4.2,2.4,257663.0,6.1,489.0,6.8,-1.2,0.053,33653.0,0.8,8.0,1.0,0.8,0.017,2.95,-1.22,1.46,7.4,4.9,0.0219,13,0,-17,5,68.7,105,-42,63,0.9,0.00599,999999.99,99999.99,99999.99,0.22,0.1,0.07,-1,2009-08-06 11:00:00
2009,218,12,2402,51,52,61,36,6.4,5.0,58.5,280.1,0.5,-2.6,4.3,-0.4,5.0,0.7,3.9,2.4,2.0,2.4,271318.0,6.3,504.0,6.5,-0.5,0.066,24562.0,0.5,8.0,0.7,1.0,0.009,3.38,-2.52,2.56,9.9,5.5,0.0122,23,0,-10,9,68.7,56,-24,32,-0.7,0.00599,999999.99,99999.99,99999.99,0.21,0.12,0.08,-1,2009-08-06 12:00:00
2009,218,13,2402,51,52,59,37,6.2,4.6,20.8,311.9,2.9,-3.2,1.6,-2.2,2.8,0.5,4.1,1.7,1.5,3.4,266945.0,6.0,505.0,6.0,0.2,0.063,18347.0,0.3,7.0,0.7,1.0,0.006,3.2,-1.41,2.57,10.0,5.6,0.012,23,0,-7,9,68.7,51,-29,21,0.3,0.00599,999999.99,99999.99,99999.99,0.21,0.11,0.08,-1,2009-08-06 13:00:00
2009,218,14,2402,51,52,61,37,5.4,4.3,-9.1,326.4,3.5,-2.4,-0.7,-2.5,0.3,0.8,3.3,1.0,1.5,2.7,219904.0,5.0,506.0,5.6,-0.7,0.059,15248.0,0.3,3.0,0.9,0.8,0.009,2.64,-0.15,2.48,10.5,5.9,0.0108,23,0,-12,9,68.7,154,-99,56,1.5,0.00599,999999.99,99999.99,99999.99,0.2,0.11,0.09,-1,2009-08-06 14:00:00
2009,218,15,2402,51,52,57,35,5.8,5.5,3.4,329.6,4.7,-2.8,0.3,-2.5,1.3,0.3,1.8,0.8,0.7,1.4,185790.0,5.1,491.0,5.1,-1.3,0.049,15896.0,0.2,7.0,0.4,0.4,0.009,2.46,-0.64,1.98,9.6,5.8,0.013,20,0,-14,7,68.7,167,-120,47,1.1,0.00599,999999.99,99999.99,99999.99,0.22,0.1,0.07,-1,2009-08-06 15:00:00
2009,218,16,2402,51,52,60,37,5.9,5.7,-9.1,335.9,5.1,-2.3,-0.9,-2.5,-0.1,0.1,1.4,0.4,1.0,0.8,165012.0,4.5,482.0,6.0,-1.0,0.04,7750.0,0.5,3.0,0.9,0.4,0.004,2.03,0.05,1.58,8.7,5.6,0.0158,20,0,-16,7,68.7,160,-119,41,2.2,0.00599,999999.99,99999.99,99999.99,0.19,0.1,0.08,-1,2009-08-06 16:00:00
2009,218,17,2402,51,52,60,36,4.3,3.7,-2.2,317.0,2.7,-2.5,-0.1,-2.4,0.6,0.8,2.2,1.5,1.2,1.0,159892.0,4.2,483.0,5.1,0.3,0.042,28013.0,0.4,6.0,0.8,0.6,0.007,1.91,-0.29,2.72,11.5,6.3,0.009,20,0,-17,7,68.7,215,-160,55,1.2,0.00599,999999.99,99999.99,99999.99,0.26,0.14,0.09,-1,2009-08-06 17:00:00
2009,218,18,2402,51,52,59,36,3.3,2.4,-17.0,299.7,1.1,-2.0,-0.7,-2.1,-0.3,0.7,2.3,1.3,1.3,1.4,149528.0,3.9,468.0,3.5,-0.2,0.05,26776.0,0.3,5.0,0.9,0.8,0.008,1.71,0.14,4.14,14.0,6.5,0.0061,17,0,-15,6,68.7,80,-34,47,1.2,0.00599,999999.99,99999.99,99999.99,0.17,0.1,0.08,-1,2009-08-06 18:00:00
2009,218,19,2402,51,52,62,38,3.9,2.2,-12.8,267.0,-0.1,-2.2,-0.5,-2.3,-0.1,0.7,3.2,0.9,1.1,2.9,118038.0,4.0,472.0,1.8,-1.0,0.044,12142.0,0.3,6.0,0.6,1.0,0.006,1.75,0.05,2.7,12.1,6.6,0.0081,17,0,-13,6,68.7,143,-80,63,1.8,0.00599,999999.99,99999.99,99999.99,0.18,0.1,0.07,-1,2009-08-06 19:00:00
2009,218,20,2402,51,52,61,38,2.9,2.4,3.2,219.6,-1.8,-1.5,0.1,-1.5,0.3,0.2,1.6,0.9,0.6,1.1,87814.0,3.7,491.0,1.2,-1.8,0.044,6135.0,0.2,4.0,0.5,0.4,0.003,1.75,-0.15,3.96,16.3,7.7,0.0045,17,0,-11,6,68.7,121,-80,41,1.1,0.00599,999999.99,99999.99,99999.99,0.26,0.14,0.1,-1,2009-08-06 20:00:00
2009,218,21,2402,51,52,57,32,3.3,2.8,-22.8,234.1,-1.5,-2.1,-1.1,-2.2,-0.8,0.6,1.7,1.0,0.6,1.2,87613.0,4.1,485.0,2.0,-1.7,0.046,6894.0,0.3,4.0,0.5,0.5,0.004,1.91,0.39,3.38,14.9,7.5,0.0054,13,0,-10,5,68.7,61,-27,34,0.5,0.00599,999999.99,99999.99,99999.99,0.2,0.1,0.07,-1,2009-08-06 21:00:00
2009,218,22,2402,51,52,61,38,3.9,3.3,3.7,211.0,-2.8,-1.7,0.2,-1.7,0.4,0.6,2.1,1.4,0.9,1.4,90381.0,2.9,482.0,2.5,-1.0,0.047,15411.0,0.5,9.0,1.0,0.9,0.006,1.34,-0.19,1.74,10.5,6.7,0.0107,13,0,-11,5,68.7,55,-19,36,0.6,0.00599,999999.99,99999.99,99999.99,0.26,0.12,0.09,-1,2009-08-06 22:00:00
2009,218,23,2402,51,52,60,37,4.6,4.3,13.8,197.0,-4.0,-1.2,1.0,-1.1,1.1,0.4,1.6,0.8,0.5,1.2,77804.0,2.5,493.0,1.7,-0.0,0.038,9497.0,0.5,7.0,0.6,0.6,0.003,1.17,-0.54,1.01,8.5,6.2,0.0166,13,0,-11,5,68.7,92,-64,28,0.2,0.00599,999999.99,99999.99,99999.99,0.18,0.1,0.07,-1,2009-08-06 23:00:00
2009,219,0,2402,51,52,61,35,4.2,3.7,14.8,226.9,-2.5,-2.6,1.0,-2.4,1.3,0.3,1.9,1.3,1.3,0.7,70992.0,3.1,490.0,1.3,0.9,0.035,10852.0,0.4,4.0,0.9,0.3,0.004,1.42,-0.64,1.46,10.3,6.8,0.0113,17,0,-7,6,69.7,62,-29,33,0.4,0.006053,999999.99,99999.99,99999.99,0.22,0.11,0.08,-1,2009-08-07 00:00:00
2009,219,1,2402,51,52,60,37,3.9,3.1,14.1,210.1,-2.6,-1.5,0.8,-1.4,1.0,0.2,2.4,1.2,1.8,1.0,76547.0,3.2,494.0,1.7,0.5,0.04,6239.0,0.3,7.0,1.2,0.5,0.006,1.51,-0.49,1.79,11.3,7.1,0.0093,17,0,-10,6,69.7,49,-14,35,0.4,0.006053,999999.99,99999.99,99999.99,0.21,0.11,0.07,-1,2009-08-07 01:00:00
2009,219,2,2402,51,52,59,36,4.5,4.0,-17.6,276.3,0.4,-3.8,-1.2,-4.0,-0.5,0.4,2.1,1.5,1.0,1.0,93276.0,2.5,497.0,1.2,0.5,0.04,12334.0,0.5,6.0,1.1,0.4,0.004,1.2,0.25,1.14,8.7,6.2,0.0156,17,0,-12,6,69.7,58,-26,33,0.3,0.006053,999999.99,99999.99,99999.99,0.26,0.11,0.07,-1,2009-08-07 02:00:00
2009,219,3,2402,51,52,61,38,3.8,2.3,9.3,287.7,0.7,-2.1,0.4,-2.0,0.9,0.3,3.1,1.9,1.5,1.9,103381.0,2.6,491.0,1.7,-0.2,0.044,12681.0,0.2,8.0,1.3,1.3,0.011,1.23,-0.44,1.74,10.4,6.6,0.011,17,0,-12,6,69.7,135,-70,66,1.2,0.006053,999999.99,99999.99,99999.99,0.21,0.11,0.08,-1,2009-08-07 03:00:00
2009,219,4,2402,51,52,60,35,3.8,3.1,58.5,102.4,-0.3,1.6,2.6,2.3,2.1,0.4,2.2,1.1,1.5,1.1,99632.0,2.2,492.0,0.1,-0.2,0.055,18403.0,0.2,3.0,0.6,0.8,0.007,1.08,-1.03,1.45,9.6,6.4,0.0129,17,0,-15,6,69.7,47,-13,34,0.4,0.006053,999999.99,99999.99,99999.99,0.19,0.1,0.07,-1,2009-08-07 04:00:00
2009,219,5,2402,51,52,60,37,3.3,2.1,53.1,129.0,-0.8,1.0,1.7,1.5,1.3,0.3,2.5,1.7,1.5,1.0,88135.0,2.1,494.0,-0.1,-0.8,0.048,8424.0,0.2,5.0,0.6,0.6,0.003,1.02,-0.64,1.74,10.8,6.9,0.0101,17,0,-15,6,69.7,17,-6,11,0.4,0.006053,999999.99,99999.99,99999.99,0.19,0.1,0.08,-1,2009-08-07 05:00:00
2009,219,6,2402,51,52,58,36,3.9,3.9,-15.8,311.5,2.5,-2.8,-1.1,-3.0,0.0,0.2,0.6,0.4,0.3,0.3,66100.0,1.9,484.0,0.5,-2.4,0.036,10224.0,0.1,9.0,0.6,1.1,0.006,0.85,-0.0,1.01,8.6,6.2,0.0163,7,0,-15,3,69.7,80,-38,41,-0.0,0.006053,999999.99,99999.99,99999.99,0.25,0.12,0.09,-1,2009-08-07 06:00:00
2009,219,7,2402,51,52,60,37,4.1,4.1,-3.1,324.7,3.3,-2.3,-0.2,-2.2,0.7,0.1,0.6,0.2,0.3,0.4,56881.0,2.0,478.0,1.2,-1.9,0.034,8549.0,0.1,5.0,0.7,0.5,0.007,0.87,-0.33,0.92,8.2,6.2,0.0175,7,0,-14,3,69.7,83,-42,41,0.1,0.006053,999999.99,99999.99,99999.99,0.18,0.1,0.07,-1,2009-08-07 07:00:00
2009,219,8,2402,51,52,60,35,4.5,4.4,-1.3,332.2,3.9,-2.1,-0.1,-1.9,0.8,0.2,0.6,0.3,0.3,0.3,53017.0,1.9,476.0,1.0,-1.0,0.03,11082.0,0.2,5.0,0.6,0.4,0.006,0.81,-0.38,0.71,7.3,5.7,0.0224,7,0,-15,3,69.7,62,-24,38,0.2,0.006053,999999.99,99999.99,99999.99,0.24,0.12,0.09,-1,2009-08-07 08:00:00
2009,219,9,2402,51,52,61,38,4.1,3.5,24.6,358.6,3.2,-0.1,1.4,0.5,1.3,0.7,2.2,1.3,1.3,1.2,62320.0,3.3,483.0,0.7,-1.7,0.035,14123.0,1.2,8.0,0.5,0.6,0.007,1.47,-0.63,1.56,10.7,7.0,0.0104,13,0,-9,5,69.7,76,-25,51,0.8,0.006053,999999.99,99999.99,99999.99,0.19,0.1,0.07,-1,2009-08-07 09:00:00
2009,219,10,2402,51,52,60,36,3.0,1.6,60.5,70.8,0.3,0.8,1.4,1.4,0.9,0.7,2.5,1.0,1.2,2.0,82010.0,5.4,481.0,-0.2,-2.9,0.04,9742.0,0.7,3.0,0.5,0.7,0.004,2.42,-0.43,5.25,18.6,7.9,0.0034,13,0,-6,5,69.7,74,-34,40,0.8,0.006053,999999.99,99999.99,99999.99,0.21,0.09,0.07,-1,2009-08-07 10:00:00
2009,219,11,2402,51,52,58,36,4.9,4.4,22.8,15.9,3.9,1.1,1.7,1.8,1.0,1.0,2.2,1.7,0.3,1.3,78322.0,3.9,476.0,0.1,-2.5,0.038,18865.0,1.2,9.0,0.3,0.4,0.005,1.7,-0.48,1.4,9.6,6.5,0.0129,13,0,0,5,69.7,159,-113,46,0.6,0.006053,999999.99,99999.99,99999.99,0.21,0.12,0.08,-1,2009-08-07 11:00:00
2009,219,12,2402,51,52,60,33,6.2,6.2,0.2,9.1,6.1,1.0,0.0,0.9,-0.5,0.1,0.2,0.1,0.2,0.1,42649.0,2.0,462.0,0.6,-1.7,0.027,2817.0,0.1,2.0,0.1,0.2,0.004,0.79,0.23,0.37,5.3,4.6,0.0428,10,0,-3,4,69.7,45,-24,21,0.6,0.006053,999999.99,99999.99,99999.99,0.2,0.1,0.07,-1,2009-08-07 12:00:00
2009,219,13,2402,51,52,59,33,6.3,6.3,4.4,8.4,6.2,0.9,0.5,1.0,0.1,0.0,0.4,0.1,0.2,0.3,44051.0,2.3,458.0,0.3,-1.5,0.032,2129.0,0.1,3.0,0.3,0.2,0.002,0.91,-0.05,0.42,5.5,4.7,0.0391,10,0,-9,4,69.7,30,-15,15,0.5,0.006053,999999.99,99999.99,99999.99,0.24,0.12,0.08,-1,2009-08-07 13:00:00
2009,219,14,2402,51,52,62,38,6.1,6.1,4.4,16.9,5.8,1.8,0.5,1.8,-0.3,0.1,0.7,0.3,0.5,0.3,48244.0,2.3,457.0,0.2,-1.4,0.035,5904.0,0.2,4.0,1.1,0.4,0.006,0.91,0.14,0.45,5.7,4.8,0.0369,10,0,-10,4,69.7,30,-22,9,0.5,0.006053,999999.99,99999.99,99999.99,0.19,0.1,0.07,-1,2009-08-07 14:00:00
2009,219,15,2402,51,52,59,36,5.5,4.3,2.1,214.0,-3.6,-2.4,0.2,-2.2,1.1,0.9,3.5,2.2,1.7,2.1,89103.0,4.1,473.0,-0.0,-0.9,0.039,22673.0,0.7,7.0,0.7,1.1,0.006,1.77,-0.52,1.23,8.7,6.1,0.0157,27,0,-11,12,69.7,58,-41,17,0.5,0.006053,999999.99,99999.99,99999.99,0.21,0.12,0.09,-1,2009-08-07 15:00:00
2009,219,16,2402,51,52,59,37,4.8,4.6,-5.0,194.7,-4.4,-1.2,-0.4,-1.3,0.0,0.1,1.3,0.3,0.7,1.0,93983.0,5.0,469.0,0.3,-0.5,0.041,7104.0,0.4,5.0,0.6,0.3,0.004,2.14,-0.0,2.01,10.9,6.6,0.01,27,0,-8,12,69.7,141,-122,19,1.3,0.006053,999999.99,99999.99,99999.99,0.27,0.12,0.07,-1,2009-08-07 16:00:00
2009,219,17,2402,51,52,59,36,4.0,2.6,-12.7,245.8,-1.0,-2.3,-0.6,-2.4,0.0,1.0,3.2,3.0,0.8,0.9,97188.0,4.4,465.0,0.1,-0.1,0.048,17937.0,0.7,10.0,0.9,0.5,0.01,1.89,-0.0,2.58,12.2,6.8,0.008,27,0,-9,12,69.7,145,-108,37,2.2,0.006053,999999.99,99999.99,99999.99,0.22,0.11,0.08,-1,2009-08-07 17:00:00
2009,219,18,2402,51,52,59,34,5.2,5.1,-24.0,345.7,4.6,-1.2,-2.1,-1.6,-1.8,0.3,0.7,0.2,0.6,0.4,92011.0,4.4,449.0,-1.2,-0.3,0.054,6093.0,0.3,2.0,0.3,0.3,0.004,1.8,0.81,1.49,9.1,6.0,0.0145,20,0,-11,7,69.7,157,-114,43,1.5,0.006053,999999.99,99999.99,99999.99,0.19,0.1,0.07,-1,2009-08-07 18:00:00
2009,219,19,2402,51,52,61,36,6.0,5.9,-16.5,336.0,5.1,-2.3,-1.7,-2.6,-1.3,0.4,1.2,0.3,0.7,0.9,79843.0,3.9,452.0,-1.8,0.2,0.051,10245.0,0.5,4.0,0.6,0.4,0.004,1.6,0.59,0.94,7.4,5.5,0.0215,20,0,-13,7,69.7,177,-108,69,1.7,0.006053,999999.99,99999.99,99999.99,0.21,0.11,0.08,-1,2009-08-07 19:00:00
2009,219,20,2402,51,52,59,36,6.3,6.3,-28.9,345.6,5.4,-1.4,-3.0,-1.8,-2.8,0.2,0.6,0.1,0.4,0.4,73294.0,4.0,450.0,-2.7,0.3,0.052,7552.0,0.2,2.0,0.3,0.4,0.002,1.63,1.26,0.85,7.1,5.4,0.0233,20,0,-12,7,69.7,242,-141,101,2.1,0.006053,999999.99,99999.99,99999.99,0.18,0.09,0.07,-1,2009-08-07 20:00:00
2009,219,21,2402,51,52,60,37,6.3,6.3,-31.9,0.4,5.4,0.0,-3.3,-0.4,-3.3,0.4,0.6,0.4,0.5,0.2,69926.0,4.0,443.0,-2.9,0.2,0.047,15450.0,0.5,7.0,0.3,0.6,0.008,1.56,1.46,0.83,7.0,5.4,0.0241,27,0,-15,12,69.7,311,-184,127,2.0,0.006053,999999.99,99999.99,99999.99,0.18,0.11,0.08,-1,2009-08-07 21:00:00
2009,219,22,2402,51,52,60,34,5.4,2.6,-14.5,330.5,2.2,-1.2,-0.7,-1.3,-0.6,0.6,4.7,3.8,1.5,2.3,76567.0,5.0,439.0,-3.5,-0.4,0.043,9025.0,0.4,6.0,0.4,0.5,0.005,1.89,0.26,1.46,9.1,6.0,0.0144,27,0,-17,12,69.7,345,-220,124,1.5,0.006053,999999.99,99999.99,99999.99,0.24,0.11,0.07,-1,2009-08-07 22:00:00
2009,219,23,2402,51,52,63,39,5.4,4.4,18.3,283.0,0.9,-4.0,1.4,-3.8,1.9,0.9,3.3,2.4,0.9,2.0,105505.0,5.1,456.0,-2.2,0.4,0.047,23658.0,1.2,15.0,2.0,1.5,0.004,2.1,-0.87,1.7,9.5,6.1,0.0131,27,0,-10,12,69.7,177,-117,60,0.3,0.006053,999999.99,99999.99,99999.99,0.2,0.12,0.07,-1,2009-08-07 23:00:00
2009,220,0,2402,51,52,59,34,6.2,6.0,7.5,296.6,2.7,-5.3,0.8,-5.1,1.5,0.3,1.6,1.0,0.7,1.1,106196.0,4.0,473.0,-1.6,1.2,0.042,13163.0,0.4,6.0,0.6,1.5,0.007,1.75,-0.71,1.02,7.6,5.6,0.0204,10,0,-7,4,68.8,84,-47,37,0.2,0.00596,999999.99,99999.99,99999.99,0.22,0.11,0.08,-1,2009-08-08 00:00:00
2009,220,1,2402,51,52,63,39,5.7,5.4,22.3,278.8,0.8,-5.0,2.1,-4.6,2.9,0.2,1.6,1.3,0.5,0.9,109878.0,4.0,470.0,-0.9,2.1,0.044,15033.0,0.3,12.0,0.7,1.4,0.008,1.74,-1.36,1.22,8.2,5.8,0.0175,10,0,-6,4,68.8,52,-22,30,0.0,0.00596,999999.99,99999.99,99999.99,0.21,0.11,0.09,-1,2009-08-08 01:00:00
2009,220,2,2402,51,52,60,36,5.1,4.6,5.4,287.9,1.4,-4.3,0.4,-4.1,1.2,0.7,2.3,1.5,0.7,1.6,148230.0,4.5,506.0,1.6,3.7,0.052,26041.0,0.6,7.0,1.0,0.9,0.007,2.32,-0.61,1.99,10.5,6.4,0.0107,10,0,-3,4,68.8,63,-17,45,0.5,0.00596,999999.99,99999.99,99999.99,0.16,0.08,0.06,-1,2009-08-08 02:00:00
2009,220,3,2402,51,52,61,36,3.9,3.3,-4.2,323.2,2.6,-2.0,-0.2,-2.0,0.3,0.6,2.1,0.9,1.3,1.3,153461.0,4.7,504.0,0.1,3.2,0.05,12774.0,0.3,4.0,0.6,0.3,0.005,2.39,-0.15,3.62,14.0,6.9,0.0061,13,0,-5,5,68.8,85,-23,63,1.2,0.00596,999999.99,99999.99,99999.99,0.21,0.11,0.07,-1,2009-08-08 03:00:00
2009,220,4,2402,51,52,61,38,3.1,2.2,65.6,335.3,0.8,-0.4,2.0,0.2,2.0,0.5,2.1,1.6,1.2,0.7,112095.0,3.0,513.0,-0.8,2.0,0.041,34625.0,0.9,7.0,0.6,1.2,0.006,1.53,-1.03,3.12,14.3,7.5,0.0058,13,0,-10,5,68.8,37,-12,25,0.3,0.00596,999999.99,99999.99,99999.99,0.18,0.1,0.07,-1,2009-08-08 04:00:00
2009,220,5,2402,51,52,57,33,2.8,2.5,-3.5,315.4,1.8,-1.7,-0.2,-1.7,0.4,0.2,1.1,0.5,0.3,1.0,86473.0,2.2,506.0,-1.7,-0.6,0.04,4391.0,0.1,5.0,0.2,0.9,0.004,1.09,-0.2,2.51,13.4,7.5,0.0066,13,0,-13,5,68.8,39,-11,28,0.3,0.00596,999999.99,99999.99,99999.99,0.23,0.13,0.09,-1,2009-08-08 05:00:00
2009,220,6,2402,51,52,62,36,2.7,2.5,40.2,187.0,-1.9,-0.2,1.6,0.4,1.6,0.1,0.9,0.6,0.5,0.3,82541.0,2.2,515.0,-0.7,1.2,0.033,7267.0,0.1,8.0,0.8,0.5,0.003,1.1,-0.82,2.65,14.1,7.8,0.0059,3,0,-12,2,68.8,38,-18,20,0.0,0.00596,999999.99,99999.99,99999.99,0.19,0.1,0.07,-1,2009-08-08 06:00:00
2009,220,7,2402,51,52,59,34,2.7,2.1,47.3,178.6,-1.4,0.0,1.5,0.6,1.4,0.2,1.6,0.9,1.1,0.8,83592.0,1.8,510.0,-0.1,0.3,0.036,10280.0,0.2,6.0,0.5,0.6,0.007,0.89,-0.71,2.18,12.7,7.5,0.0074,3,0,-11,2,68.8,19,-11,8,-0.2,0.00596,999999.99,99999.99,99999.99,0.2,0.11,0.07,-1,2009-08-08 07:00:00
2009,220,8,2402,51,52,59,36,2.2,1.9,50.1,300.4,0.6,-1.1,1.5,-0.3,1.8,0.3,1.0,0.7,0.4,0.5,81768.0,1.8,494.0,-0.1,-0.3,0.034,15289.0,0.2,6.0,0.6,0.7,0.003,0.83,-0.89,3.25,15.1,7.7,0.0052,3,0,-10,2,68.8,29,-18,11,-0.1,0.00596,999999.99,99999.99,99999.99,0.18,0.11,0.08,-1,2009-08-08 08:00:00
2009,220,9,2402,51,52,60,36,2.4,2.3,38.0,289.9,0.6,-1.7,1.4,-0.9,2.0,0.1,0.7,0.5,0.3,0.4,66134.0,2.1,490.0,-0.6,0.1,0.03,6607.0,0.1,2.0,0.4,0.4,0.002,0.94,-0.98,2.95,14.8,7.9,0.0054,3,0,-10,2,68.8,33,-25,8,-0.2,0.00596,999999.99,99999.99,99999.99,0.19,0.1,0.08,-1,2009-08-08 09:00:00
2009,220,10,2402,51,52,59,36,2.4,2.2,57.8,314.4,0.8,-0.8,1.9,0.2,2.1,0.1,0.8,0.4,0.5,0.5,71649.0,2.1,484.0,-0.6,0.1,0.031,5082.0,0.1,2.0,0.2,0.4,0.002,0.92,-1.02,3.03,14.6,7.7,0.0056,3,0,-10,2,68.8,36,-26,10,-0.3,0.00596,999999.99,99999.99,99999.99,0.24,0.13,0.09,-1,2009-08-08 10:00:00
2009,220,11,2402,51,52,59,36,2.6,2.3,41.5,324.2,1.4,-1.0,1.5,-0.2,1.8,0.3,1.2,0.2,0.7,0.9,58827.0,2.1,477.0,-0.3,1.1,0.03,9981.0,0.1,4.0,0.4,0.7,0.004,0.89,-0.86,2.42,13.3,7.6,0.0067,3,0,-12,2,68.8,38,-27,10,-0.1,0.00596,999999.99,99999.99,99999.99,0.23,0.12,0.09,-1,2009-08-08 11:00:00
2009,220,12,2402,51,52,60,36,2.4,2.2,22.6,355.1,2.1,-0.2,0.9,0.2,0.9,0.3,0.9,0.4,0.6,0.5,68807.0,2.4,472.0,-1.0,1.3,0.041,4672.0,0.3,6.0,0.5,0.3,0.002,1.04,-0.42,3.42,15.2,7.7,0.0051,7,0,-11,3,68.8,38,-26,12,-0.1,0.00596,999999.99,99999.99,99999.99,0.19,0.1,0.07,-1,2009-08-08 12:00:00
2009,220,13,2402,51,52,60,37,2.4,2.3,15.7,353.8,2.2,-0.2,0.6,0.1,0.6,0.1,0.4,0.2,0.3,0.2,69408.0,2.7,467.0,-1.3,1.5,0.042,3530.0,0.1,1.0,0.1,0.1,0.002,1.15,-0.28,3.86,16.0,7.7,0.0047,7,0,-9,3,68.8,34,-23,12,0.2,0.00596,999999.99,99999.99,99999.99,0.21,0.11,0.08,-1,2009-08-08 13:00:00
2009,220,14,2402,51,52,59,36,2.4,2.3,1.8,359.5,2.3,0.0,0.1,0.0,0.1,0.3,0.7,0.3,0.4,0.4,62783.0,2.6,462.0,-1.4,2.0,0.043,7208.0,0.1,3.0,0.3,0.2,0.002,1.09,-0.05,3.59,15.5,7.7,0.0049,7,0,-9,3,68.8,32,-22,10,0.4,0.00596,999999.99,99999.99,99999.99,0.19,0.11,0.08,-1,2009-08-08 14:00:00
2009,220,15,2402,51,52,60,37,2.5,2.2,-16.0,349.4,2.1,-0.4,-0.6,-0.6,-0.4,0.1,1.1,0.2,0.8,0.7,57902.0,2.7,455.0,-1.7,2.0,0.04,4497.0,0.1,3.0,0.3,0.3,0.002,1.08,0.18,3.35,15.0,7.6,0.0053,10,0,-9,4,68.8,62,-52,10,0.7,0.00596,999999.99,99999.99,99999.99,0.22,0.14,0.11,-1,2009-08-08 15:00:00
2009,220,16,2402,51,52,60,36,2.5,2.0,51.5,319.6,0.9,-0.8,1.6,-0.2,1.8,0.3,1.5,1.1,0.7,0.6,53880.0,3.1,449.0,-0.8,2.1,0.031,4517.0,0.2,3.0,0.3,0.3,0.003,1.17,-0.81,3.76,15.8,7.7,0.0048,10,0,-7,4,68.8,47,-32,14,0.5,0.00596,999999.99,99999.99,99999.99,0.2,0.1,0.08,-1,2009-08-08 16:00:00
2009,220,17,2402,51,52,58,33,2.9,2.8,37.6,291.2,0.8,-2.1,1.7,-1.6,2.2,0.2,0.7,0.6,0.3,0.3,54838.0,3.3,448.0,0.1,2.0,0.031,3556.0,0.1,5.0,0.6,0.2,0.002,1.24,-0.99,2.99,14.0,7.4,0.006,10,0,-6,4,68.8,34,-19,15,0.5,0.00596,999999.99,99999.99,99999.99,0.21,0.11,0.08,-1,2009-08-08 17:00:00
2009,220,18,2402,51,52,60,36,2.9,2.1,25.6,40.0,1.5,1.2,0.9,1.4,0.6,0.4,2.0,1.2,1.1,1.1,52127.0,3.4,443.0,1.0,2.2,0.033,7416.0,0.4,2.0,0.4,0.3,0.003,1.26,-0.27,3.04,14.1,7.4,0.006,7,0,-6,3,68.8,38,-20,18,0.5,0.00596,999999.99,99999.99,99999.99,0.21,0.12,0.1,-1,2009-08-08 18:00:00
2009,220,19,2402,51,52,60,37,2.5,1.6,65.2,25.4,0.6,0.3,1.4,0.6,1.3,0.2,1.9,0.6,1.7,0.7,57590.0,3.2,436.0,0.6,2.3,0.035,4498.0,0.3,2.0,0.3,0.3,0.002,1.16,-0.57,3.96,15.6,7.4,0.0049,7,0,-6,3,68.8,49,-27,22,0.0,0.00596,999999.99,99999.99,99999.99,0.23,0.13,0.1,-1,2009-08-08 19:00:00
2009,220,20,2402,51,52,60,37,2.6,2.1,47.4,153.4,-1.3,0.6,1.6,0.8,1.5,0.3,1.4,1.0,0.8,0.6,36337.0,3.1,439.0,0.8,1.2,0.03,12293.0,0.2,3.0,0.3,0.5,0.004,1.12,-0.66,3.14,14.9,7.7,0.0054,7,0,-3,3,68.8,42,-29,13,-0.2,0.00596,999999.99,99999.99,99999.99,0.23,0.1,0.08,-1,2009-08-08 20:00:00
2009,220,21,2402,51,52,60,36,2.9,2.8,29.7,161.1,-2.3,0.8,1.4,1.0,1.3,0.1,0.7,0.1,0.5,0.5,22312.0,3.5,436.0,1.0,0.7,0.021,2707.0,0.2,1.0,0.2,0.3,0.003,1.2,-0.57,2.61,14.1,7.8,0.006,3,0,-2,2,68.8,32,-21,12,-0.0,0.00596,999999.99,99999.99,99999.99,0.2,0.1,0.07,-1,2009-08-08 21:00:00
2009,220,22,2402,51,52,61,37,3.1,2.9,44.2,239.0,-1.1,-1.8,2.0,-1.5,2.2,0.2,1.2,0.6,0.9,0.5,20194.0,4.4,437.0,0.7,-0.2,0.014,2539.0,0.4,3.0,0.2,0.5,0.003,1.48,-0.96,2.83,14.8,8.0,0.0054,3,0,0,2,68.8,31,-21,10,-0.1,0.00596,999999.99,99999.99,99999.99,0.2,0.09,0.07,-1,2009-08-08 22:00:00
2009,220,23,2402,51,52,59,36,3.9,3.4,54.0,190.6,-2.0,-0.4,2.7,-0.1,2.7,0.2,1.8,0.5,1.7,0.6,23976.0,5.9,440.0,1.2,-0.9,0.014,3940.0,0.6,5.0,0.4,0.5,0.003,2.01,-1.19,2.46,13.7,7.8,0.0063,3,0,3,2,68.8,28,-16,12,-0.2,0.00596,999999.99,99999.99,99999.99,0.29,0.12,0.08,-1,2009-08-08 23:00:00
2009,221,0,2402,51,52,59,35,4.3,2.8,56.6,249.2,-0.5,-1.4,2.3,-1.1,2.5,0.6,3.3,1.7,2.6,1.3,27011.0,6.6,427.0,0.6,-1.9,0.011,6646.0,1.4,5.0,1.0,0.5,0.003,2.1,-1.07,2.31,12.8,7.4,0.0073,20,0,4,7,69.1,27,-15,12,-0.2,0.005953,999999.99,99999.99,99999.99,0.23,0.12,0.1,-1,2009-08-09 00:00:00
2009,221,1,2402,51,52,59,37,4.5,4.5,7.1,109.4,-1.5,4.2,0.6,4.2,-0.1,0.6,1.0,0.5,0.6,0.7,19711.0,5.4,425.0,0.8,-1.7,0.01,10047.0,1.9,3.0,0.8,0.4,0.003,1.69,0.04,1.64,11.0,7.1,0.0099,20,0,1,7,69.1,42,-22,20,0.1,0.005953,999999.99,99999.99,99999.99,0.21,0.11,0.08,-1,2009-08-09 01:00:00
2009,221,2,2402,51,52,58,31,3.6,2.9,7.0,80.3,0.5,2.8,0.4,2.8,-0.2,0.5,2.1,1.5,0.8,1.3,12028.0,10.4,421.0,1.6,-1.8,0.004,3675.0,1.1,3.0,0.5,0.7,0.001,3.13,0.08,4.69,18.9,8.4,0.0033,20,0,5,7,69.1,61,-20,41,0.5,0.005953,999999.99,99999.99,99999.99,0.2,0.1,0.07,-1,2009-08-09 02:00:00
2009,221,3,2402,51,52,62,38,4.8,4.2,-44.8,360.0,3.0,0.0,-3.0,-0.7,-2.9,0.4,2.2,1.3,1.6,0.8,38592.0,7.0,422.0,-0.3,-2.9,0.019,11045.0,0.7,9.0,0.9,1.1,0.005,2.24,1.22,2.11,11.6,6.9,0.0088,20,0,0,7,69.1,129,-44,85,1.4,0.005953,999999.99,99999.99,99999.99,0.19,0.11,0.08,-1,2009-08-09 03:00:00
2009,221,4,2402,51,52,60,36,4.2,3.5,-69.8,28.7,1.0,0.6,-3.2,-0.3,-3.2,0.4,2.3,1.2,1.9,0.7,51204.0,7.9,432.0,0.1,-2.3,0.025,7057.0,0.4,4.0,0.6,0.6,0.002,2.71,1.38,3.35,14.5,7.3,0.0057,20,0,-7,7,69.1,279,-144,135,2.3,0.005953,999999.99,99999.99,99999.99,0.22,0.14,0.1,-1,2009-08-09 04:00:00
2009,221,5,2402,51,52,61,37,2.4,0.9,69.3,268.5,0.0,-0.3,0.9,0.0,0.9,0.6,2.2,0.9,1.3,1.6,66306.0,8.1,440.0,-0.0,-1.1,0.03,4647.0,0.4,3.0,0.7,0.6,0.002,2.93,-0.4,11.39,26.1,7.9,0.0017,20,0,-15,7,69.1,292,-185,108,2.1,0.005953,999999.99,99999.99,99999.99,0.21,0.11,0.09,-1,2009-08-09 05:00:00
2009,221,6,2402,51,52,58,34,3.2,2.8,-6.6,48.3,1.9,2.1,-0.3,1.8,-1.1,0.6,1.5,0.8,0.6,1.1,57902.0,6.2,436.0,1.1,-1.7,0.033,6484.0,0.7,4.0,0.5,0.8,0.002,2.23,0.48,4.69,17.0,7.5,0.0041,20,0,-16,7,69.1,371,-249,122,1.6,0.005953,999999.99,99999.99,99999.99,0.22,0.1,0.07,-1,2009-08-09 06:00:00
2009,221,7,2402,51,52,61,37,3.4,3.1,-23.1,51.4,1.8,2.2,-1.2,1.5,-2.0,0.2,1.4,0.7,0.4,1.1,52667.0,5.0,439.0,2.2,-1.6,0.035,4497.0,0.3,3.0,0.4,0.7,0.003,1.83,0.88,3.26,14.4,7.4,0.0057,20,0,-13,7,69.1,332,-277,55,2.1,0.005953,999999.99,99999.99,99999.99,0.24,0.15,0.12,-1,2009-08-09 07:00:00
2009,221,8,2402,51,52,60,36,3.6,3.4,-48.3,25.8,2.0,1.0,-2.5,-0.2,-2.7,0.2,1.2,0.3,1.1,0.3,47711.0,4.5,434.0,1.9,-2.5,0.036,4205.0,0.5,2.0,0.9,0.4,0.002,1.62,1.17,2.54,12.8,7.2,0.0073,20,0,-13,7,69.1,222,-168,54,1.7,0.005953,999999.99,99999.99,99999.99,0.2,0.09,0.07,-1,2009-08-09 08:00:00
2009,221,9,2402,51,52,60,36,3.9,3.7,-27.2,62.7,1.5,2.9,-1.7,1.8,-2.8,0.1,1.2,0.8,0.6,0.6,43878.0,3.8,436.0,3.5,-1.1,0.038,3818.0,0.3,4.0,0.6,0.6,0.003,1.39,1.22,1.79,10.9,6.8,0.01,17,0,-17,6,69.1,257,-176,81,2.0,0.005953,999999.99,99999.99,99999.99,0.22,0.14,0.11,-1,2009-08-09 09:00:00
2009,221,10,2402,51,52,60,36,4.0,3.8,-34.7,21.5,2.9,1.1,-2.1,0.0,-2.4,0.1,1.3,0.5,1.1,0.5,52521.0,3.6,433.0,3.3,-1.1,0.041,5778.0,0.3,4.0,1.0,0.6,0.003,1.31,1.04,1.69,10.3,6.5,0.0113,17,0,-21,6,69.1,326,-209,116,1.9,0.005953,999999.99,99999.99,99999.99,0.23,0.13,0.1,-1,2009-08-09 10:00:00
2009,221,11,2402,51,52,62,38,3.6,2.9,-18.7,355.3,2.7,-0.2,-0.9,-0.6,-0.7,0.6,2.1,0.8,1.6,1.1,79301.0,3.0,445.0,3.5,-0.0,0.055,23500.0,0.3,14.0,1.3,1.5,0.01,1.21,0.31,2.0,10.7,6.5,0.0104,17,0,-20,6,69.1,378,-279,98,1.5,0.005953,999999.99,99999.99,99999.99,0.2,0.11,0.09,-1,2009-08-09 11:00:00
2009,221,12,2402,51,52,61,37,3.9,3.2,18.2,285.1,0.8,-2.9,1.0,-2.1,2.2,0.5,2.3,1.7,0.8,1.3,94682.0,2.6,466.0,4.1,1.1,0.056,15980.0,0.4,7.0,1.0,0.6,0.006,1.15,-1.03,1.59,9.6,6.3,0.0128,13,0,-16,5,69.1,124,-94,30,-0.1,0.005953,999999.99,99999.99,99999.99,0.18,0.11,0.08,-1,2009-08-09 12:00:00
2009,221,13,2402,51,52,59,37,3.6,3.5,28.0,246.8,-1.2,-2.9,1.7,-1.9,2.8,0.3,0.7,0.3,0.3,0.5,87491.0,2.7,459.0,6.4,0.2,0.064,8063.0,0.3,5.0,0.5,0.7,0.005,1.19,-1.29,1.87,10.5,6.5,0.0108,13,0,-15,5,69.1,39,-10,30,-0.5,0.005953,999999.99,99999.99,99999.99,0.23,0.12,0.09,-1,2009-08-09 13:00:00
2009,221,14,2402,51,52,59,35,3.3,3.1,28.9,233.2,-1.6,-2.2,1.5,-1.4,2.3,0.2,1.1,0.8,0.5,0.5,92676.0,3.3,454.0,6.5,-0.1,0.063,9389.0,0.4,8.0,0.5,0.5,0.007,1.42,-1.04,2.79,12.5,6.8,0.0076,13,0,-13,5,69.1,32,-12,20,0.3,0.005953,999999.99,99999.99,99999.99,0.2,0.1,0.06,-1,2009-08-09 14:00:00
2009,221,15,2402,51,52,59,36,3.5,3.2,4.0,291.3,1.2,-3.0,0.2,-2.7,1.3,0.2,1.4,1.2,0.5,0.6,93375.0,3.4,444.0,5.9,0.1,0.058,5496.0,0.2,3.0,0.3,0.3,0.005,1.38,-0.58,2.56,11.7,6.5,0.0087,7,0,-12,3,69.1,22,-13,9,1.3,0.005953,999999.99,99999.99,99999.99,0.23,0.1,0.06,-1,2009-08-09 15:00:00
2009,221,16,2402,51,52,59,36,3.4,2.2,-6.6,316.5,1.6,-1.5,-0.3,-1.5,0.2,0.4,2.6,2.0,1.1,1.1,97010.0,3.4,436.0,6.5,-0.2,0.058,10834.0,0.3,9.0,0.9,0.7,0.009,1.33,-0.09,2.76,11.8,6.4,0.0085,7,0,-13,3,69.1,27,-11,15,1.5,0.005953,999999.99,99999.99,99999.99,0.22,0.13,0.1,-1,2009-08-09 16:00:00
2009,221,17,2402,51,52,59,37,2.9,2.6,-5.7,337.6,2.4,-1.0,-0.3,-1.0,0.0,0.4,1.3,0.6,0.8,0.8,91830.0,3.5,427.0,6.6,0.5,0.052,7784.0,0.2,6.0,0.5,0.3,0.004,1.29,-0.0,3.81,13.8,6.6,0.0063,7,0,-16,3,69.1,27,-6,21,0.6,0.005953,999999.99,99999.99,99999.99,0.22,0.11,0.09,-1,2009-08-09 17:00:00
2009,221,18,2402,51,52,58,35,3.2,2.5,-15.6,310.4,1.6,-1.8,-0.7,-1.9,-0.3,0.3,1.9,1.5,0.8,0.8,83872.0,3.5,422.0,6.1,0.1,0.045,8246.0,0.2,8.0,0.6,0.6,0.006,1.23,0.13,3.02,12.3,6.5,0.0078,10,0,-16,4,69.1,43,-17,26,1.0,0.005953,999999.99,99999.99,99999.99,0.2,0.09,0.07,-1,2009-08-09 18:00:00
2009,221,19,2402,51,52,60,37,3.4,3.3,-28.0,304.3,1.6,-2.4,-1.5,-2.6,-1.0,0.1,0.8,0.5,0.4,0.5,70240.0,3.2,405.0,5.6,-0.3,0.049,8975.0,0.2,5.0,0.3,0.3,0.005,1.05,0.41,2.29,10.7,6.2,0.0105,10,0,-16,4,69.1,57,-23,35,1.6,0.005953,999999.99,99999.99,99999.99,0.25,0.14,0.1,-1,2009-08-09 19:00:00
2009,221,20,2402,51,52,59,36,2.8,2.7,-48.2,309.9,1.2,-1.4,-2.0,-1.7,-1.8,0.6,1.0,0.5,0.4,0.8,72446.0,3.0,404.0,4.7,-0.2,0.052,8301.0,0.2,4.0,0.4,0.5,0.006,0.99,0.73,3.2,12.5,6.4,0.0076,10,0,-15,4,69.1,68,-28,40,1.2,0.005953,999999.99,99999.99,99999.99,0.19,0.1,0.08,-1,2009-08-09 20:00:00
2009,221,21,2402,51,52,60,35,1.9,1.1,-48.6,260.2,-0.1,-0.7,-0.8,-0.8,-0.7,0.2,1.5,0.8,1.0,0.7,80139.0,3.2,396.0,4.3,0.7,0.055,4703.0,0.1,4.0,0.7,0.4,0.003,1.02,0.28,7.69,18.6,6.7,0.0034,13,0,-13,5,69.1,84,-49,35,0.9,0.005953,999999.99,99999.99,99999.99,0.2,0.11,0.07,-1,2009-08-09 21:00:00
2009,221,22,2402,51,52,58,37,2.7,2.4,-13.5,289.2,0.8,-2.2,-0.5,-2.2,-0.2,0.3,1.3,0.9,0.4,0.8,71560.0,3.1,390.0,3.9,1.4,0.055,5675.0,0.1,3.0,0.3,0.3,0.003,0.96,0.08,3.54,12.7,6.3,0.0074,13,0,-10,5,69.1,30,-13,17,0.5,0.005953,999999.99,99999.99,99999.99,0.22,0.12,0.08,-1,2009-08-09 22:00:00
2009,221,23,2402,51,52,61,37,3.2,2.9,-56.3,6.2,1.6,0.2,-2.4,-0.1,-2.4,0.4,1.3,0.6,1.0,0.7,69916.0,3.0,385.0,4.8,1.5,0.053,4338.0,0.2,4.0,0.3,0.8,0.004,0.9,0.92,2.42,10.4,5.9,0.011,13,0,-10,5,69.1,93,-34,59,1.1,0.005953,999999.99,99999.99,99999.99,0.27,0.14,0.1,-1,2009-08-09 23:00:00
2009,222,0,2402,51,52,59,35,1.7,1.2,-69.8,100.5,-0.1,0.4,-1.1,0.2,-1.1,0.3,1.3,0.6,1.0,0.6,72197.0,3.3,388.0,4.3,1.7,0.048,3509.0,0.1,3.0,0.7,0.4,0.003,0.99,0.43,9.53,20.7,6.8,0.0028,20,0,-11,7,69.0,236,-134,102,2.3,0.006002,999999.99,99999.99,99999.99,0.19,0.12,0.09,-1,2009-08-10 00:00:00
2009,222,1,2402,51,52,60,36,1.8,1.4,-23.2,292.1,0.5,-1.2,-0.5,-1.3,-0.3,0.5,1.2,0.4,0.8,0.7,70176.0,3.5,383.0,3.5,1.9,0.046,3944.0,0.1,2.0,0.6,0.4,0.003,1.02,0.11,8.92,19.9,6.7,0.003,20,0,-12,7,69.0,55,-24,31,0.7,0.006002,999999.99,99999.99,99999.99,0.2,0.1,0.08,-1,2009-08-10 01:00:00
2009,222,2,2402,51,52,60,37,2.0,1.9,12.6,263.9,-0.2,-1.8,0.4,-1.7,0.8,0.4,0.7,0.4,0.4,0.4,68712.0,3.3,386.0,2.2,2.9,0.042,7991.0,0.2,3.0,0.5,0.2,0.003,0.96,-0.31,6.76,17.5,6.7,0.0039,20,0,-15,7,69.0,28,-18,10,-0.1,0.006002,999999.99,99999.99,99999.99,0.21,0.12,0.1,-1,2009-08-10 02:00:00
2009,222,3,2402,51,52,59,36,2.5,2.3,13.7,263.8,-0.2,-2.2,0.5,-2.0,1.0,0.5,1.1,0.4,0.5,0.9,63499.0,3.3,384.0,2.2,3.2,0.041,5020.0,0.1,2.0,0.5,0.5,0.003,0.95,-0.38,4.21,14.0,6.5,0.0061,0,0,-13,0,69.0,28,-13,14,-0.2,0.006002,999999.99,99999.99,99999.99,0.22,0.13,0.08,-1,2009-08-10 03:00:00
2009,222,4,2402,51,52,60,36,2.8,2.7,10.1,283.1,0.6,-2.6,0.5,-2.3,1.2,0.4,0.6,0.3,0.5,0.3,53739.0,3.0,383.0,1.8,2.7,0.027,7667.0,0.2,2.0,0.3,0.5,0.008,0.81,-0.46,2.9,11.8,6.3,0.0085,0,0,-13,0,69.0,12,-5,6,-0.3,0.006002,999999.99,99999.99,99999.99,0.23,0.11,0.08,-1,2009-08-10 04:00:00
2009,222,5,2402,51,52,57,36,3.0,2.8,-14.8,299.3,1.3,-2.4,-0.7,-2.5,0.1,0.3,1.0,0.9,0.3,0.3,46159.0,3.2,368.0,2.0,0.7,0.021,6383.0,0.3,5.0,0.4,0.6,0.002,0.78,-0.04,2.58,11.0,6.1,0.0099,0,0,-13,0,69.0,19,-1,18,-0.3,0.006002,999999.99,99999.99,99999.99,0.23,0.11,0.08,-1,2009-08-10 05:00:00
2009,222,6,2402,51,52,62,37,2.8,2.3,-4.6,304.2,1.3,-1.9,-0.2,-1.8,0.5,0.2,1.6,1.4,0.6,0.6,50327.0,3.2,367.0,1.0,1.1,0.024,5049.0,0.2,5.0,0.8,0.7,0.003,0.79,-0.18,3.03,11.7,6.2,0.0087,0,0,-12,0,69.0,24,-6,18,-0.3,0.006002,999999.99,99999.99,99999.99,0.26,0.16,0.11,-1,2009-08-10 06:00:00
2009,222,7,2402,51,52,58,36,2.5,2.2,7.7,330.1,1.9,-1.1,0.3,-0.9,0.7,0.2,1.0,0.3,0.6,0.7,50193.0,3.5,367.0,0.9,1.6,0.021,4428.0,0.2,5.0,0.6,0.9,0.002,0.85,-0.26,4.16,13.7,6.4,0.0063,0,0,-9,0,69.0,30,-16,14,-0.3,0.006002,999999.99,99999.99,99999.99,0.22,0.13,0.1,-1,2009-08-10 07:00:00
2009,222,8,2402,51,52,60,34,2.7,2.4,-22.9,353.0,2.2,-0.3,-0.9,-0.7,-0.7,0.2,1.1,0.5,0.8,0.6,50100.0,3.5,364.0,0.8,0.5,0.022,6686.0,0.2,4.0,0.8,0.4,0.002,0.84,0.25,3.56,12.6,6.2,0.0075,0,0,-8,0,69.0,63,-43,20,-0.1,0.006002,999999.99,99999.99,99999.99,0.22,0.11,0.08,-1,2009-08-10 08:00:00
2009,222,9,2402,51,52,59,36,2.8,2.6,20.6,278.4,0.4,-2.4,0.9,-1.7,1.9,0.2,1.1,0.9,0.4,0.5,50500.0,3.1,368.0,-0.5,0.9,0.025,6794.0,0.2,7.0,1.0,0.8,0.003,0.77,-0.7,2.94,11.6,6.1,0.0089,3,0,-6,2,69.0,44,-29,15,-0.4,0.006002,999999.99,99999.99,99999.99,0.21,0.1,0.07,-1,2009-08-10 09:00:00
2009,222,10,2402,51,52,61,38,2.6,1.9,7.2,307.5,1.2,-1.5,0.2,-1.2,0.9,0.2,1.7,1.4,0.8,0.6,49060.0,3.2,364.0,-0.1,-0.0,0.03,4956.0,0.2,8.0,0.9,0.6,0.008,0.79,-0.33,3.49,12.5,6.2,0.0076,3,0,-8,2,69.0,39,-28,11,-0.2,0.006002,999999.99,99999.99,99999.99,0.19,0.1,0.07,-1,2009-08-10 10:00:00
2009,222,11,2402,51,52,63,38,2.8,2.6,-15.8,340.5,2.3,-0.8,-0.7,-1.0,-0.2,0.2,1.1,0.6,0.8,0.4,42532.0,3.1,362.0,-1.2,-0.3,0.036,4897.0,0.2,5.0,1.1,0.5,0.004,0.78,0.07,2.81,11.4,6.1,0.0092,3,0,-9,2,69.0,42,-30,11,0.1,0.006002,999999.99,99999.99,99999.99,0.22,0.14,0.08,-1,2009-08-10 11:00:00
2009,222,12,2402,51,52,60,36,2.4,1.9,3.7,263.3,-0.2,-1.9,0.1,-1.6,1.0,0.3,1.5,1.4,0.2,0.6,36743.0,3.5,370.0,-1.4,0.3,0.026,9624.0,0.3,4.0,0.5,0.4,0.003,0.88,-0.37,4.17,14.4,6.7,0.0057,7,0,-8,3,69.0,41,-30,11,0.3,0.006002,999999.99,99999.99,99999.99,0.21,0.1,0.07,-1,2009-08-10 12:00:00
2009,222,13,2402,51,52,59,37,2.6,1.8,16.0,235.5,-1.0,-1.4,0.5,-1.0,1.1,0.3,1.9,1.8,0.3,0.5,35044.0,3.2,366.0,-0.5,0.3,0.03,9231.0,0.3,8.0,0.6,0.4,0.005,0.8,-0.4,3.22,12.6,6.5,0.0075,7,0,-7,3,69.0,59,-48,10,0.3,0.006002,999999.99,99999.99,99999.99,0.21,0.12,0.08,-1,2009-08-10 13:00:00
2009,222,14,2402,51,52,60,36,2.9,2.9,-8.7,356.5,2.8,-0.2,-0.4,-0.3,-0.3,0.1,0.3,0.1,0.2,0.3,42074.0,3.4,376.0,-0.1,0.5,0.025,6088.0,0.4,2.0,0.1,0.2,0.003,0.88,0.11,2.87,12.0,6.4,0.0083,7,0,-5,3,69.0,33,-21,11,0.5,0.006002,999999.99,99999.99,99999.99,0.21,0.12,0.09,-1,2009-08-10 14:00:00
2009,222,15,2402,51,52,59,36,2.7,2.7,5.0,5.7,2.7,0.3,0.2,0.4,0.1,0.1,0.3,0.1,0.2,0.2,32323.0,3.1,370.0,-0.1,0.6,0.032,3967.0,0.3,4.0,0.3,0.2,0.005,0.8,-0.04,2.84,12.1,6.5,0.0082,10,0,-4,4,69.0,30,-17,13,0.5,0.006002,999999.99,99999.99,99999.99,0.16,0.09,0.07,-1,2009-08-10 15:00:00
2009,222,16,2402,51,52,59,36,2.8,2.7,1.6,340.9,2.6,-0.9,0.1,-0.8,0.4,0.1,0.7,0.3,0.6,0.2,35142.0,3.0,363.0,0.1,0.3,0.034,3181.0,0.2,3.0,0.3,0.4,0.004,0.75,-0.15,2.6,11.2,6.2,0.0094,10,0,-2,4,69.0,28,-18,10,0.5,0.006002,999999.99,99999.99,99999.99,0.2,0.11,0.09,-1,2009-08-10 16:00:00
2009,222,17,2402,51,52,60,35,2.3,2.1,-5.6,321.4,1.6,-1.3,-0.2,-1.3,0.2,0.2,0.9,0.5,0.4,0.6,41150.0,3.7,359.0,-0.8,0.4,0.029,3946.0,0.4,2.0,0.4,0.3,0.005,0.89,-0.07,4.93,15.0,6.5,0.0053,10,0,-1,4,69.0,50,-27,22,1.0,0.006002,999999.99,99999.99,99999.99,0.21,0.12,0.1,-1,2009-08-10 17:00:00
2009,222,18,2402,51,52,60,37,2.0,2.0,-26.5,355.2,1.8,-0.1,-0.9,-0.3,-0.9,0.2,0.5,0.3,0.3,0.3,31223.0,4.6,363.0,-0.6,-0.0,0.019,4119.0,0.5,4.0,0.2,0.2,0.002,1.09,0.33,7.63,19.5,7.1,0.0031,13,0,-4,5,69.0,38,-24,14,0.8,0.006002,999999.99,99999.99,99999.99,0.2,0.12,0.09,-1,2009-08-10 18:00:00
2009,222,19,2402,51,52,61,35,2.1,2.0,-12.7,339.2,1.9,-0.7,-0.4,-0.8,-0.3,0.3,0.6,0.4,0.4,0.3,31055.0,4.1,361.0,-0.1,-0.2,0.018,6070.0,0.6,4.0,0.4,0.2,0.002,0.96,0.11,6.17,17.4,6.9,0.0039,13,0,-2,5,69.0,47,-25,22,0.6,0.006002,999999.99,99999.99,99999.99,0.23,0.13,0.08,-1,2009-08-10 19:00:00
2009,222,20,2402,51,52,60,36,0.7,0.5,-52.7,69.7,0.1,0.3,-0.4,0.2,-0.4,0.2,0.5,0.4,0.2,0.2,15328.0,6.4,365.0,0.2,-0.4,0.013,1329.0,0.2,1.0,0.2,0.1,0.001,1.5,0.15,78.08,66.0,8.0,0.0003,13,0,1,5,69.0,44,-29,15,0.4,0.006002,999999.99,99999.99,99999.99,0.22,0.11,0.09,-1,2009-08-10 20:00:00
2009,222,21,2402,51,52,60,35,0.5,0.5,-30.0,61.7,0.2,0.4,-0.3,0.4,-0.4,0.1,0.2,0.1,0.1,0.1,14553.0,6.5,366.0,-0.2,-0.7,0.012,347.0,0.1,0.0,0.1,0.1,0.0,1.52,0.15,154.58,93.3,8.0,0.0001,7,0,1,3,69.0,39,-26,14,0.4,0.006002,999999.99,99999.99,99999.99,0.21,0.11,0.08,-1,2009-08-10 21:00:00
2009,222,22,2402,51,52,59,36,0.6,0.4,-1.6,288.9,0.1,-0.4,0.0,-0.4,0.1,0.2,0.5,0.3,0.4,0.2,12542.0,6.8,361.0,0.2,-0.7,0.011,1852.0,0.2,1.0,0.2,0.2,0.001,1.55,-0.04,110.72,78.4,8.0,0.0002,7,0,2,3,69.0,35,-20,15,0.4,0.006002,999999.99,99999.99,99999.99,0.18,0.09,0.07,-1,2009-08-10 22:00:00
2009,222,23,2402,51,52,59,37,0.8,0.6,-17.4,309.1,0.3,-0.4,-0.2,-0.4,-0.1,0.3,0.6,0.3,0.5,0.2,9872.0,6.8,359.0,-0.0,-0.8,0.01,640.0,0.2,2.0,0.4,0.1,0.001,1.52,0.04,61.1,58.5,8.0,0.0003,7,0,4,3,69.0,26,-14,12,0.2,0.006002,999999.99,99999.99,99999.99,0.23,0.11,0.09,-1,2009-08-10 23:00:00
2009,223,0,2402,51,52,59,35,1.1,0.8,35.0,333.1,0.6,-0.3,0.5,-0.2,0.5,0.7,1.0,0.7,0.5,0.3,13454.0,5.7,353.0,-0.3,-0.9,0.011,2478.0,1.1,3.0,0.3,0.3,0.001,1.24,-0.18,27.79,38.3,7.7,0.0008,3,0,4,2,68.4,31,-18,13,-0.1,0.006012,999999.99,99999.99,99999.99,0.23,0.12,0.09,-1,2009-08-11 00:00:00
2009,223,1,2402,51,52,61,37,1.5,1.4,-8.2,298.7,0.7,-1.2,-0.2,-1.2,0.0,0.2,0.5,0.2,0.3,0.4,18402.0,5.6,354.0,-0.8,-0.7,0.014,2323.0,0.7,1.0,0.4,0.2,0.002,1.24,-0.0,15.2,27.9,7.4,0.0015,3,0,0,2,68.4,42,-22,20,-0.1,0.006012,999999.99,99999.99,99999.99,0.22,0.12,0.1,-1,2009-08-11 01:00:00
2009,223,2,2402,51,52,60,37,1.3,1.2,-48.7,290.2,0.3,-0.7,-0.9,-0.9,-0.7,0.1,0.4,0.3,0.2,0.2,14837.0,7.0,355.0,-0.2,-0.4,0.015,1890.0,0.3,2.0,0.3,0.3,0.001,1.56,0.25,24.67,36.1,7.7,0.0009,3,0,0,2,68.4,40,-18,22,0.0,0.006012,999999.99,99999.99,99999.99,0.2,0.12,0.09,-1,2009-08-11 02:00:00
2009,223,3,2402,51,52,59,36,0.9,0.8,-77.6,335.7,0.2,-0.1,-0.8,-0.3,-0.7,0.2,0.5,0.1,0.3,0.4,11222.0,8.0,350.0,0.1,-0.8,0.014,2585.0,0.3,1.0,0.5,0.4,0.001,1.73,0.24,57.35,55.0,7.7,0.0004,3,0,-1,2,68.4,37,-10,26,-0.0,0.006012,999999.99,99999.99,99999.99,0.22,0.12,0.09,-1,2009-08-11 03:00:00
2009,223,4,2402,51,52,60,34,0.8,0.2,-33.9,24.6,0.1,0.1,-0.1,0.1,-0.1,0.2,0.8,0.4,0.5,0.5,13024.0,7.8,348.0,0.3,-1.1,0.013,2940.0,0.4,1.0,0.3,0.4,0.002,1.66,0.03,71.68,60.7,7.7,0.0003,3,0,0,2,68.4,53,-26,28,0.1,0.006012,999999.99,99999.99,99999.99,0.25,0.12,0.09,-1,2009-08-11 04:00:00
2009,223,5,2402,51,52,59,36,1.0,0.7,-4.6,22.0,0.6,0.3,-0.1,0.2,-0.2,0.2,0.8,0.2,0.6,0.4,14176.0,7.8,345.0,0.6,-0.6,0.012,852.0,0.3,1.0,0.5,0.1,0.002,1.62,0.07,46.25,48.2,7.5,0.0005,3,0,0,2,68.4,42,-22,20,-0.2,0.006012,999999.99,99999.99,99999.99,0.27,0.13,0.1,-1,2009-08-11 05:00:00
2009,223,6,2402,51,52,60,37,1.5,1.1,12.0,302.0,0.6,-0.9,0.2,-0.8,0.5,0.2,1.0,0.4,0.7,0.6,12478.0,8.1,343.0,0.6,-0.3,0.011,2005.0,0.2,1.0,0.2,0.2,0.001,1.66,-0.17,21.09,32.5,7.4,0.0011,10,0,-1,4,68.4,58,-26,33,-0.2,0.006012,999999.99,99999.99,99999.99,0.24,0.11,0.09,-1,2009-08-11 06:00:00
2009,223,7,2402,51,52,60,37,1.1,0.7,-42.1,18.0,0.5,0.2,-0.5,0.0,-0.5,0.3,0.9,0.6,0.6,0.4,14861.0,7.6,343.0,0.7,-0.1,0.011,1329.0,0.4,2.0,1.0,0.3,0.001,1.56,0.17,37.42,43.0,7.4,0.0006,10,0,0,4,68.4,48,-24,23,-0.1,0.006012,999999.99,99999.99,99999.99,0.24,0.13,0.09,-1,2009-08-11 07:00:00
2009,223,8,2402,51,52,60,37,1.4,0.7,-54.0,358.0,0.4,0.0,-0.5,-0.2,-0.4,0.4,1.3,0.2,0.5,1.2,12218.0,7.7,345.0,0.4,0.1,0.012,1353.0,0.7,1.0,0.1,0.4,0.004,1.6,0.14,22.98,34.2,7.5,0.001,10,0,1,4,68.4,43,-13,30,-0.1,0.006012,999999.99,99999.99,99999.99,0.2,0.12,0.1,-1,2009-08-11 08:00:00
2009,223,9,2402,51,52,60,35,1.3,1.0,21.9,62.8,0.4,0.9,0.4,1.0,-0.1,0.3,0.8,0.2,0.3,0.7,14207.0,8.1,344.0,0.2,-0.6,0.011,633.0,0.3,1.0,0.1,0.5,0.003,1.67,0.03,28.43,37.7,7.5,0.0008,3,0,1,2,68.4,84,-61,23,-0.0,0.006012,999999.99,99999.99,99999.99,0.22,0.13,0.09,-1,2009-08-11 09:00:00
2009,223,10,2402,51,52,59,35,1.5,1.4,30.2,70.8,0.4,1.2,0.7,1.4,0.0,0.3,0.6,0.4,0.4,0.3,19150.0,7.7,341.0,0.3,-0.9,0.009,3119.0,0.7,3.0,0.3,0.3,0.001,1.55,-0.0,21.0,31.5,7.2,0.0012,3,0,1,2,68.4,42,-26,17,0.1,0.006012,999999.99,99999.99,99999.99,0.2,0.11,0.09,-1,2009-08-11 10:00:00
2009,223,11,2402,51,52,60,37,2.0,1.9,19.4,100.2,-0.3,1.7,0.6,1.8,-0.3,0.1,0.7,0.6,0.3,0.3,21035.0,6.4,337.0,-0.0,-0.6,0.009,1573.0,0.5,2.0,1.2,0.2,0.001,1.26,0.1,9.94,21.3,6.9,0.0026,3,0,-2,2,68.4,40,-25,15,0.2,0.006012,999999.99,99999.99,99999.99,0.22,0.13,0.09,-1,2009-08-11 11:00:00
2009,223,12,2402,51,52,61,38,2.5,2.3,21.7,95.2,-0.2,2.1,0.9,2.3,-0.2,0.2,0.9,0.7,0.2,0.6,19759.0,5.9,341.0,-1.0,-1.1,0.006,1819.0,0.4,3.0,0.4,0.5,0.001,1.17,0.07,5.82,16.6,6.8,0.0043,3,0,-4,2,68.4,40,-26,14,0.3,0.006012,999999.99,99999.99,99999.99,0.19,0.11,0.09,-1,2009-08-11 12:00:00
2009,223,13,2402,51,52,60,35,2.7,2.5,17.9,87.9,0.1,2.3,0.8,2.4,-0.3,0.1,1.0,0.3,0.3,0.9,19853.0,5.8,343.0,-1.5,-1.0,0.005,1440.0,0.3,2.0,0.2,0.5,0.001,1.16,0.1,4.91,15.3,6.7,0.0051,3,0,-4,2,68.4,28,-13,15,0.5,0.006012,999999.99,99999.99,99999.99,0.24,0.12,0.09,-1,2009-08-11 13:00:00
2009,223,14,2402,51,52,60,37,2.9,2.7,41.7,75.7,0.5,2.0,1.8,2.6,0.8,0.1,0.9,0.5,0.4,0.6,19998.0,6.6,342.0,-1.9,-1.2,0.006,1164.0,0.3,2.0,0.2,0.3,0.0,1.32,-0.27,4.84,15.1,6.7,0.0052,3,0,-3,2,68.4,28,-14,14,0.5,0.006012,999999.99,99999.99,99999.99,0.23,0.11,0.09,-1,2009-08-11 14:00:00
2009,223,15,2402,51,52,60,37,3.4,3.1,-10.7,62.2,1.4,2.7,-0.6,2.3,-1.6,0.1,1.5,0.5,0.4,1.3,21754.0,6.6,342.0,-1.9,-0.7,0.007,1044.0,0.2,1.0,0.4,0.2,0.001,1.33,0.55,3.57,12.9,6.4,0.0071,7,0,0,3,68.4,41,-25,17,0.3,0.006012,999999.99,99999.99,99999.99,0.22,0.11,0.08,-1,2009-08-11 15:00:00
2009,223,16,2402,51,52,59,37,3.3,3.2,-59.2,91.6,0.0,1.6,-2.7,0.6,-3.1,0.2,1.0,0.5,0.7,0.5,21844.0,6.7,339.0,-2.0,-0.1,0.007,1380.0,0.3,1.0,0.2,0.4,0.001,1.32,1.05,3.84,13.3,6.4,0.0067,7,0,1,3,68.4,184,-151,33,1.5,0.006012,999999.99,99999.99,99999.99,0.23,0.13,0.09,-1,2009-08-11 16:00:00
2009,223,17,2402,51,52,60,35,3.2,3.1,-55.9,63.7,0.8,1.5,-2.6,0.7,-2.9,0.2,0.8,0.3,0.6,0.4,19605.0,6.9,342.0,-2.2,0.2,0.006,1446.0,0.5,2.0,0.3,0.3,0.001,1.38,0.99,4.15,14.0,6.6,0.006,7,0,-3,3,68.4,217,-183,34,1.8,0.006012,999999.99,99999.99,99999.99,0.25,0.12,0.08,-1,2009-08-11 17:00:00
2009,223,18,2402,51,52,61,17,3.0,2.4,-53.5,72.7,0.4,1.4,-1.9,0.9,-2.2,0.2,1.8,0.6,1.3,1.1,18028.0,7.5,342.0,-2.4,0.8,0.005,2762.0,0.7,2.0,1.0,0.6,0.001,1.49,0.75,5.07,15.6,6.7,0.0049,7,0,-6,3,68.4,124,-85,39,1.7,0.006012,999999.99,99999.99,99999.99,0.22,0.15,0.11,-1,2009-08-11 18:00:00
2009,223,19,2402,51,52,60,37,3.0,2.7,-35.1,91.5,-0.1,2.2,-1.6,1.8,-2.0,0.3,1.3,0.5,1.0,0.7,19988.0,7.8,341.0,-2.4,0.4,0.005,2433.0,0.4,2.0,0.7,0.4,0.0,1.54,0.68,5.35,15.9,6.7,0.0047,7,0,-5,3,68.4,46,-15,31,1.0,0.006012,999999.99,99999.99,99999.99,0.26,0.13,0.1,-1,2009-08-11 19:00:00
2009,223,20,2402,51,52,60,37,3.3,1.4,-78.4,128.2,-0.2,0.2,-1.4,0.0,-1.4,0.3,2.9,0.8,2.8,0.6,20157.0,7.9,346.0,-2.2,0.2,0.005,2911.0,0.3,2.0,0.5,0.5,0.0,1.61,0.48,4.48,14.7,6.7,0.0055,7,0,-4,3,68.4,52,-19,32,1.1,0.006012,999999.99,99999.99,99999.99,0.21,0.11,0.08,-1,2009-08-11 20:00:00
2009,223,21,2402,51,52,61,37,3.0,2.9,-24.4,46.6,1.8,1.9,-1.2,1.7,-1.5,0.5,1.0,0.6,0.4,0.8,21982.0,8.6,349.0,-1.7,0.7,0.006,2347.0,0.7,2.0,0.3,0.3,0.001,1.79,0.52,5.98,17.1,6.9,0.0041,13,0,-4,5,68.4,74,-39,34,1.1,0.006012,999999.99,99999.99,99999.99,0.2,0.11,0.08,-1,2009-08-11 21:00:00
2009,223,22,2402,51,52,60,36,2.6,2.3,-9.6,85.3,0.2,2.3,-0.4,2.2,-0.7,0.5,1.2,0.8,0.6,0.7,25546.0,8.2,348.0,-1.5,1.0,0.006,3306.0,0.7,2.0,0.4,0.4,0.001,1.7,0.24,7.77,19.2,6.9,0.0032,13,0,-4,5,68.4,56,-26,30,0.7,0.006012,999999.99,99999.99,99999.99,0.24,0.14,0.11,-1,2009-08-11 22:00:00
2009,223,23,2402,51,52,59,36,3.1,2.8,23.1,111.1,-0.9,2.4,1.1,2.5,0.8,0.2,1.3,0.4,0.8,0.8,28473.0,7.0,345.0,-1.5,0.9,0.008,1814.0,0.3,1.0,1.6,0.3,0.001,1.44,-0.28,4.75,14.7,6.5,0.0055,13,0,-4,5,68.4,46,-24,23,0.4,0.006012,999999.99,99999.99,99999.99,0.22,0.11,0.09,-1,2009-08-11 23:00:00
2009,224,0,2402,51,52,60,36,2.6,2.1,71.3,289.1,0.2,-0.6,2.0,-0.3,2.1,0.2,1.4,0.8,1.2,0.4,33106.0,7.3,345.0,-2.0,0.5,0.01,3315.0,0.3,2.0,0.6,0.5,0.001,1.51,-0.72,7.25,17.9,6.7,0.0037,7,0,-1,3,68.2,31,-17,14,0.0,0.006014,999999.99,99999.99,99999.99,0.23,0.13,0.1,-1,2009-08-12 00:00:00
2009,224,1,2402,51,52,60,36,2.9,2.0,71.1,191.5,-0.6,-0.1,1.8,0.2,1.8,0.5,2.2,1.2,1.7,0.7,37316.0,6.5,347.0,-1.5,0.6,0.012,4513.0,0.5,1.0,0.3,0.3,0.002,1.37,-0.62,5.33,15.3,6.4,0.0051,7,0,-2,3,68.2,32,-20,12,-0.1,0.006014,999999.99,99999.99,99999.99,0.27,0.14,0.1,-1,2009-08-12 01:00:00
2009,224,2,2402,51,52,60,37,2.9,2.6,19.4,130.2,-1.6,1.9,0.9,2.0,0.5,0.3,1.2,0.3,0.7,0.9,43887.0,7.1,349.0,-0.9,1.1,0.015,3803.0,0.4,3.0,0.6,0.5,0.001,1.53,-0.17,6.05,16.0,6.4,0.0046,7,0,-3,3,68.2,40,-20,20,-0.0,0.006014,999999.99,99999.99,99999.99,0.23,0.13,0.1,-1,2009-08-12 02:00:00
2009,224,3,2402,51,52,60,37,3.4,2.8,48.6,133.3,-1.3,1.4,2.1,1.9,1.7,0.3,1.9,0.4,1.3,1.3,44505.0,7.7,347.0,-0.8,1.0,0.015,1437.0,0.3,2.0,0.7,0.9,0.001,1.64,-0.59,4.79,14.2,6.2,0.0059,7,0,-5,3,68.2,38,-17,21,-0.1,0.006014,999999.99,99999.99,99999.99,0.25,0.16,0.12,-1,2009-08-12 03:00:00
2009,224,4,2402,51,52,59,36,3.9,3.6,-19.9,112.5,-1.3,3.1,-1.2,2.6,-2.1,0.2,1.5,0.8,0.7,1.1,38555.0,8.0,348.0,-1.2,3.9,0.013,2817.0,0.3,4.0,0.8,1.0,0.002,1.7,0.73,3.65,12.6,6.2,0.0075,7,0,-5,3,68.2,55,-7,48,0.3,0.006014,999999.99,99999.99,99999.99,0.3,0.12,0.09,-1,2009-08-12 04:00:00
2009,224,5,2402,51,52,61,38,4.4,3.2,40.7,187.1,-2.4,-0.3,2.1,0.4,2.1,0.2,2.9,0.7,2.4,1.5,41025.0,8.1,341.0,1.7,1.0,0.014,3582.0,0.4,3.0,1.9,1.4,0.001,1.66,-0.72,2.95,11.0,5.9,0.0098,7,0,-6,3,68.2,75,-29,46,0.3,0.006014,999999.99,99999.99,99999.99,0.22,0.1,0.08,-1,2009-08-12 05:00:00
2009,224,6,2402,51,52,61,32,3.7,2.1,16.6,100.1,-0.3,2.0,0.6,2.1,-0.2,0.5,3.1,0.7,2.6,1.5,51190.0,7.0,351.0,0.4,1.1,0.015,5424.0,0.7,3.0,1.4,0.8,0.002,1.53,0.07,3.82,12.5,6.1,0.0076,10,0,-3,4,68.2,81,-40,41,-0.1,0.006014,999999.99,99999.99,99999.99,0.24,0.12,0.08,-1,2009-08-12 06:00:00
2009,224,7,2402,51,52,61,37,3.8,3.4,-23.6,103.3,-0.7,3.1,-1.4,2.2,-2.6,0.4,1.6,1.0,0.5,1.2,56453.0,6.8,351.0,0.6,1.1,0.016,6279.0,0.4,2.0,1.0,0.5,0.002,1.49,0.91,3.62,12.0,5.9,0.0082,10,0,-3,4,68.2,122,-70,52,0.7,0.006014,999999.99,99999.99,99999.99,0.21,0.1,0.08,-1,2009-08-12 07:00:00
2009,224,8,2402,51,52,58,35,3.9,2.6,48.2,146.3,-1.4,1.0,1.9,1.7,1.3,0.4,2.9,0.7,1.9,2.0,63410.0,6.5,349.0,1.3,-0.4,0.018,9111.0,0.3,2.0,0.6,0.8,0.002,1.42,-0.45,3.41,11.4,5.7,0.0091,10,0,-5,4,68.2,164,-136,28,0.6,0.006014,999999.99,99999.99,99999.99,0.24,0.12,0.09,-1,2009-08-12 08:00:00
2009,224,9,2402,51,52,60,37,4.2,4.1,-25.2,105.2,-1.0,3.6,-1.8,2.3,-3.3,0.3,0.8,0.5,0.4,0.5,63789.0,6.2,349.0,1.5,0.7,0.015,6280.0,0.3,4.0,0.6,0.4,0.001,1.34,1.15,2.81,10.3,5.6,0.0111,13,0,-7,5,68.2,120,-88,32,1.2,0.006014,999999.99,99999.99,99999.99,0.2,0.11,0.09,-1,2009-08-12 09:00:00
2009,224,10,2402,51,52,62,37,3.4,2.1,-48.5,115.4,-0.6,1.2,-1.5,0.3,-1.9,0.7,2.7,0.4,2.4,1.1,79399.0,6.2,349.0,1.9,1.3,0.017,9291.0,0.5,4.0,0.7,0.6,0.001,1.35,0.66,4.64,12.8,5.7,0.0073,13,0,-8,5,68.2,128,-98,30,0.7,0.006014,999999.99,99999.99,99999.99,0.29,0.14,0.11,-1,2009-08-12 10:00:00
2009,224,11,2402,51,52,61,37,4.6,4.1,-31.4,103.7,-0.8,3.4,-2.1,2.0,-3.5,0.1,2.0,0.5,1.2,1.4,77263.0,5.7,358.0,1.8,2.3,0.016,4798.0,0.3,2.0,0.8,0.7,0.001,1.3,1.25,2.3,9.3,5.4,0.0138,13,0,-10,5,68.2,134,-87,47,0.9,0.006014,999999.99,99999.99,99999.99,0.24,0.12,0.09,-1,2009-08-12 11:00:00
2009,224,12,2402,51,52,59,36,4.5,3.9,-2.3,113.2,-1.5,3.6,-0.2,3.1,-1.9,0.3,2.2,0.6,0.7,1.9,75721.0,5.7,356.0,1.5,1.5,0.016,5017.0,0.3,4.0,0.4,1.1,0.003,1.28,0.68,2.39,9.4,5.4,0.0133,17,0,-12,6,68.2,269,-192,77,1.1,0.006014,999999.99,99999.99,99999.99,0.23,0.14,0.11,-1,2009-08-12 12:00:00
2009,224,13,2402,51,52,61,37,4.1,2.3,39.1,117.4,-0.8,1.6,1.4,2.1,0.5,0.8,3.5,0.6,1.7,2.9,72375.0,6.1,363.0,2.9,0.7,0.017,7287.0,1.1,5.0,1.1,1.3,0.002,1.43,-0.18,3.03,10.9,5.7,0.0099,17,0,-8,6,68.2,245,-212,33,1.6,0.006014,999999.99,99999.99,99999.99,0.22,0.13,0.1,-1,2009-08-12 13:00:00
2009,224,14,2402,51,52,60,36,3.2,2.8,40.0,186.0,-2.1,-0.2,1.8,0.6,1.7,0.4,1.5,0.6,1.0,0.9,71530.0,7.0,361.0,4.2,0.4,0.018,3852.0,0.3,3.0,0.5,0.5,0.001,1.63,-0.61,5.68,14.9,6.1,0.0053,17,0,-4,6,68.2,58,-11,47,0.3,0.006014,999999.99,99999.99,99999.99,0.21,0.1,0.08,-1,2009-08-12 14:00:00
2009,224,15,2402,51,52,61,37,3.2,2.9,57.3,90.9,0.0,1.5,2.4,2.3,1.7,0.2,1.4,1.1,0.6,0.6,64369.0,6.9,365.0,2.8,-0.0,0.016,4310.0,0.2,2.0,0.4,0.3,0.001,1.63,-0.62,5.4,15.0,6.3,0.0053,3,0,-1,2,68.2,41,6,47,-0.1,0.006014,999999.99,99999.99,99999.99,0.25,0.14,0.11,-1,2009-08-12 15:00:00
2009,224,16,2402,51,52,60,36,3.1,2.4,28.3,81.5,0.3,2.1,1.1,2.3,0.3,0.3,1.9,0.6,1.0,1.5,62151.0,6.5,365.0,2.3,-0.0,0.015,5448.0,0.4,3.0,0.5,0.7,0.001,1.53,-0.11,5.36,15.0,6.3,0.0053,3,0,0,2,68.2,31,-9,22,0.2,0.006014,999999.99,99999.99,99999.99,0.19,0.1,0.08,-1,2009-08-12 16:00:00
2009,224,17,2402,51,52,59,37,3.1,2.9,-15.1,75.3,0.7,2.7,-0.7,2.4,-1.4,0.3,1.2,0.5,0.3,1.0,53236.0,6.1,366.0,1.9,0.6,0.016,3651.0,0.2,2.0,0.4,0.6,0.002,1.45,0.51,4.8,14.6,6.4,0.0056,3,0,-2,2,68.2,66,-33,33,1.0,0.006014,999999.99,99999.99,99999.99,0.2,0.1,0.08,-1,2009-08-12 17:00:00
2009,224,18,2402,51,52,59,36,3.0,2.2,26.8,122.9,-1.1,1.6,1.0,1.8,0.6,0.3,2.1,0.9,1.0,1.6,56578.0,6.2,360.0,2.6,-0.2,0.02,3705.0,0.3,3.0,0.7,0.7,0.002,1.45,-0.22,5.3,14.9,6.3,0.0053,7,0,-4,3,68.2,34,-12,21,0.5,0.006014,999999.99,99999.99,99999.99,0.18,0.1,0.07,-1,2009-08-12 18:00:00
2009,224,19,2402,51,52,60,36,3.4,2.7,-8.0,109.5,-0.9,2.6,-0.4,2.5,-0.9,0.4,2.0,1.4,0.9,1.1,52189.0,6.0,360.0,1.8,0.3,0.018,5576.0,0.3,5.0,1.2,0.6,0.003,1.39,0.32,3.9,13.0,6.2,0.0071,7,0,-4,3,68.2,28,-13,15,0.6,0.006014,999999.99,99999.99,99999.99,0.19,0.12,0.08,-1,2009-08-12 19:00:00
2009,224,20,2402,51,52,61,25,3.8,3.7,-40.4,72.0,0.9,2.6,-2.4,2.2,-2.8,0.1,1.1,1.1,0.3,0.3,46674.0,5.7,363.0,0.9,1.4,0.015,3130.0,0.1,2.0,0.2,0.3,0.001,1.33,1.02,2.87,11.4,6.1,0.0091,7,0,-4,3,68.2,75,-43,31,1.2,0.006014,999999.99,99999.99,99999.99,0.26,0.12,0.07,-1,2009-08-12 20:00:00
2009,224,21,2402,51,51,59,1,3.6,3.5,-37.4,44.8,2.0,2.0,-2.1,1.7,-2.4,0.1,0.5,0.3,0.2,0.3,31866.0,5.1,363.0,1.0,0.2,9.999,0.0,0.0,0.0,0.0,0.0,9.999,1.34,0.87,2.62,11.4,6.3,0.0092,17,0,-7,6,68.2,82,-46,36,1.5,0.006014,999999.99,99999.99,99999.99,0.19,0.13,0.09,-1,2009-08-12 21:00:00
2009,224,22,2402,51,52,58,10,3.4,3.3,-24.1,49.2,2.0,2.3,-1.4,2.1,-1.7,0.1,0.7,0.5,0.3,0.4,47936.0,5.8,358.0,0.4,0.2,0.015,3460.0,0.3,5.0,0.6,0.7,0.001,1.32,0.61,3.68,12.7,6.2,0.0074,17,0,-9,6,68.2,146,-103,43,1.2,0.006014,999999.99,99999.99,99999.99,0.24,0.13,0.09,-1,2009-08-12 22:00:00
2009,224,23,2402,51,52,60,36,3.4,3.2,-42.2,114.1,-1.0,2.2,-2.2,1.9,-2.5,0.3,1.1,0.5,0.4,0.9,48202.0,5.8,347.0,0.8,0.4,0.016,3690.0,0.2,2.0,0.4,0.8,0.002,1.24,0.87,3.69,12.3,6.0,0.0079,17,0,-9,6,68.2,211,-131,79,1.4,0.006014,999999.99,99999.99,99999.99,0.23,0.13,0.1,-1,2009-08-12 23:00:00
2009,225,0,2402,51,52,59,34,3.2,2.6,-27.3,78.4,0.5,2.2,-1.2,2.0,-1.5,0.2,1.8,0.7,0.6,1.6,52964.0,6.2,352.0,0.8,0.1,0.015,4198.0,0.2,4.0,0.6,1.2,0.002,1.36,0.53,4.57,13.7,6.2,0.0063,20,0,-11,7,68.9,147,-80,67,0.9,0.006005,999999.99,99999.99,99999.99,0.23,0.12,0.09,-1,2009-08-13 00:00:00
2009,225,1,2402,51,52,59,37,3.3,2.9,18.1,159.3,-2.6,1.0,0.9,1.1,0.7,0.3,1.4,0.6,0.8,0.9,51708.0,6.0,338.0,1.9,-1.4,0.021,5368.0,0.4,3.0,0.6,0.7,0.002,1.24,-0.24,4.13,12.5,5.9,0.0076,20,0,-13,7,68.9,105,-62,43,0.4,0.006005,999999.99,99999.99,99999.99,0.23,0.11,0.09,-1,2009-08-13 01:00:00
2009,225,2,2402,51,52,63,38,3.1,2.6,40.2,187.2,-1.9,-0.2,1.7,0.2,1.7,0.2,1.6,0.7,1.1,0.9,53790.0,6.2,340.0,2.8,-2.0,0.019,4583.0,0.3,4.0,0.9,0.8,0.002,1.29,-0.58,4.89,13.7,6.0,0.0064,20,0,-11,7,68.9,57,-26,31,-0.0,0.006005,999999.99,99999.99,99999.99,0.2,0.12,0.1,-1,2009-08-13 02:00:00
2009,225,3,2402,51,52,57,36,2.7,1.8,46.5,160.6,-1.2,0.4,1.3,0.7,1.2,0.2,2.0,1.1,1.6,0.5,55619.0,6.4,347.0,2.1,-2.0,0.017,3795.0,0.3,5.0,1.2,0.5,0.002,1.37,-0.42,6.72,16.3,6.2,0.0045,7,0,-8,3,68.9,34,-21,13,-0.3,0.006005,999999.99,99999.99,99999.99,0.22,0.13,0.1,-1,2009-08-13 03:00:00
2009,225,4,2402,51,52,60,36,3.1,2.9,-12.5,126.5,-1.7,2.3,-0.6,2.0,-1.3,0.3,0.9,0.4,0.4,0.7,49073.0,5.9,341.0,1.3,-1.2,0.018,4518.0,0.2,1.0,0.7,0.6,0.001,1.23,0.44,4.53,13.4,6.0,0.0067,7,0,-7,3,68.9,38,-14,24,0.1,0.006005,999999.99,99999.99,99999.99,0.23,0.11,0.08,-1,2009-08-13 04:00:00
2009,225,5,2402,51,52,61,37,2.8,2.4,-24.0,119.2,-1.1,1.9,-1.0,1.4,-1.6,0.4,1.4,0.8,0.9,0.8,53253.0,6.0,344.0,1.3,-1.1,0.017,4435.0,0.3,3.0,0.4,0.4,0.002,1.27,0.55,5.78,15.0,6.1,0.0053,7,0,-9,3,68.9,128,-49,79,0.8,0.006005,999999.99,99999.99,99999.99,0.24,0.12,0.08,-1,2009-08-13 05:00:00
2009,225,6,2402,51,52,59,34,3.0,2.1,-27.5,131.4,-1.2,1.4,-1.0,0.9,-1.5,0.2,2.1,1.3,1.6,0.6,50951.0,5.9,344.0,1.5,-0.7,0.017,6118.0,0.3,3.0,0.6,0.4,0.002,1.25,0.52,4.89,13.9,6.1,0.0061,10,0,-10,4,68.9,244,-145,99,1.1,0.006005,999999.99,99999.99,99999.99,0.23,0.11,0.08,-1,2009-08-13 06:00:00
2009,225,7,2402,51,52,61,33,2.9,2.6,8.3,192.5,-2.5,-0.6,0.4,-0.4,0.6,0.1,1.3,0.3,0.6,1.1,52350.0,6.3,343.0,1.7,-1.6,0.016,4653.0,0.2,2.0,0.3,0.7,0.001,1.32,-0.21,5.63,14.8,6.1,0.0054,10,0,-10,4,68.9,221,-153,68,0.7,0.006005,999999.99,99999.99,99999.99,0.21,0.11,0.09,-1,2009-08-13 07:00:00
2009,225,8,2402,51,52,61,38,3.0,2.0,3.0,95.9,-0.2,2.0,0.1,1.8,-0.8,0.3,2.3,1.8,1.1,0.8,53246.0,6.1,348.0,-0.0,-1.6,0.016,4956.0,0.3,4.0,0.7,0.4,0.002,1.31,0.28,5.12,14.3,6.2,0.0058,10,0,-10,4,68.9,165,-125,40,0.9,0.006005,999999.99,99999.99,99999.99,0.19,0.11,0.09,-1,2009-08-13 08:00:00
2009,225,9,2402,51,52,59,36,3.5,3.1,-19.1,57.2,1.6,2.5,-1.0,1.7,-2.1,0.4,1.6,1.4,0.5,0.7,47732.0,5.9,346.0,-0.9,-1.0,0.014,6750.0,0.4,3.0,0.5,0.4,0.002,1.25,0.73,3.53,12.0,6.0,0.0083,10,0,-10,4,68.9,90,-62,27,1.2,0.006005,999999.99,99999.99,99999.99,0.26,0.14,0.08,-1,2009-08-13 09:00:00
2009,225,10,2402,51,52,60,37,3.9,3.9,-12.3,50.7,2.4,2.9,-0.8,2.2,-2.1,0.1,0.7,0.2,0.3,0.5,40682.0,5.8,344.0,-0.5,-1.5,0.013,1469.0,0.2,1.0,0.3,0.2,0.001,1.21,0.72,2.68,10.6,5.8,0.0105,10,0,-9,4,68.9,92,-74,17,0.8,0.006005,999999.99,99999.99,99999.99,0.24,0.13,0.1,-1,2009-08-13 10:00:00
2009,225,11,2402,51,52,60,37,4.2,4.1,7.9,57.7,2.1,3.4,0.6,3.3,-1.1,0.2,1.0,0.4,0.3,0.9,40343.0,5.9,346.0,-0.7,-1.4,0.013,3800.0,0.4,2.0,0.2,0.4,0.001,1.24,0.38,2.35,10.0,5.8,0.0119,10,0,-4,4,68.9,207,-161,45,0.9,0.006005,999999.99,99999.99,99999.99,0.25,0.12,0.08,-1,2009-08-13 11:00:00
2009,225,12,2402,51,52,60,36,4.2,3.9,-23.0,57.2,1.9,3.0,-1.5,1.9,-2.7,0.2,1.4,0.8,0.4,1.1,40117.0,6.4,346.0,-0.2,-0.2,0.012,6573.0,0.3,3.0,0.3,0.7,0.002,1.34,0.93,2.54,10.4,5.8,0.011,10,0,-2,4,68.9,143,-111,32,1.1,0.006005,999999.99,99999.99,99999.99,0.24,0.12,0.09,-1,2009-08-13 12:00:00
2009,225,13,2402,51,52,61,37,4.4,4.2,-5.0,60.0,2.1,3.6,-0.4,3.0,-2.0,0.1,1.4,0.9,0.8,0.7,37087.0,6.5,345.0,-0.0,-0.3,0.011,3510.0,0.2,4.0,0.4,0.5,0.002,1.35,0.69,2.31,10.0,5.8,0.0119,10,0,-3,4,68.9,118,-89,30,1.3,0.006005,999999.99,99999.99,99999.99,0.17,0.09,0.07,-1,2009-08-13 13:00:00
2009,225,14,2402,51,52,59,35,4.2,4.1,19.1,36.5,3.1,2.3,1.3,2.6,0.2,0.2,1.0,0.5,0.5,0.7,42487.0,6.6,346.0,0.1,-1.5,0.014,3868.0,0.3,4.0,0.6,0.6,0.001,1.39,-0.07,2.66,10.6,5.8,0.0106,10,0,-4,4,68.9,75,-58,17,1.0,0.006005,999999.99,99999.99,99999.99,0.25,0.12,0.08,-1,2009-08-13 14:00:00
2009,225,15,2402,51,52,55,34,4.1,3.9,14.3,99.3,-0.6,3.7,1.0,3.8,-0.5,0.1,1.2,0.8,0.4,0.7,40240.0,5.9,327.0,-1.3,-1.4,0.014,4409.0,0.3,5.0,0.4,0.7,0.001,1.11,0.16,2.46,9.7,5.5,0.0127,3,0,-6,2,68.9,55,-35,21,0.3,0.006005,999999.99,99999.99,99999.99,0.23,0.12,0.08,-1,2009-08-13 15:00:00
2009,225,16,2402,51,52,62,38,3.1,2.6,13.9,80.6,0.4,2.5,0.6,2.6,-0.3,0.6,1.6,0.8,0.9,1.1,43705.0,5.9,333.0,-0.2,-0.8,0.015,5366.0,0.3,4.0,1.0,1.2,0.003,1.16,0.1,4.39,13.0,6.0,0.007,3,0,-6,2,68.9,35,-17,18,0.4,0.006005,999999.99,99999.99,99999.99,0.24,0.13,0.09,-1,2009-08-13 16:00:00
2009,225,17,2402,51,52,60,37,2.5,2.1,10.9,113.2,-0.8,1.9,0.4,1.9,-0.2,0.2,1.3,0.4,0.5,1.1,46185.0,6.3,328.0,1.2,-0.7,0.015,3808.0,0.2,2.0,0.4,0.8,0.002,1.2,0.07,7.32,16.5,6.1,0.0044,3,0,-7,2,68.9,30,-14,16,0.5,0.006005,999999.99,99999.99,99999.99,0.26,0.12,0.09,-1,2009-08-13 17:00:00
2009,225,18,2402,51,52,58,34,2.6,2.1,31.2,161.3,-1.7,0.6,1.1,0.9,0.9,0.1,1.5,1.1,0.8,0.6,45899.0,6.6,325.0,1.9,-1.0,0.015,2658.0,0.1,4.0,0.6,0.5,0.001,1.23,-0.29,7.08,16.1,6.0,0.0046,7,0,-6,3,68.9,29,-11,18,0.4,0.006005,999999.99,99999.99,99999.99,0.24,0.13,0.09,-1,2009-08-13 18:00:00
2009,225,19,2402,51,52,63,39,3.3,2.0,-40.9,94.4,-0.1,1.5,-1.3,1.2,-1.6,0.6,2.7,2.2,1.2,1.0,35210.0,6.1,328.0,1.5,0.6,0.012,9096.0,0.6,6.0,0.5,0.6,0.004,1.15,0.52,3.81,12.3,5.9,0.0079,7,0,-2,3,68.9,43,-17,26,0.9,0.006005,999999.99,99999.99,99999.99,0.23,0.12,0.08,-1,2009-08-13 19:00:00
2009,225,20,2402,51,52,61,37,3.8,3.3,-11.3,52.3,2.0,2.5,-0.6,2.4,-1.0,0.2,2.0,0.9,0.3,1.7,27177.0,5.9,333.0,1.3,0.0,0.007,5469.0,0.3,3.0,0.3,1.0,0.001,1.12,0.33,2.64,10.6,5.9,0.0105,7,0,-2,3,68.9,55,-21,35,1.2,0.006005,999999.99,99999.99,99999.99,0.23,0.12,0.09,-1,2009-08-13 20:00:00
2009,225,21,2402,51,52,59,37,3.9,3.9,-1.6,39.5,3.0,2.5,-0.1,2.5,-0.5,0.1,0.4,0.2,0.2,0.3,20539.0,5.7,336.0,1.2,-0.3,0.007,2425.0,0.3,2.0,0.3,0.3,0.001,1.1,0.17,2.32,10.3,5.9,0.0112,3,0,-2,2,68.9,39,-20,19,0.7,0.006005,999999.99,99999.99,99999.99,0.2,0.11,0.07,-1,2009-08-13 21:00:00
2009,225,22,2402,51,52,60,33,4.0,3.9,-11.1,41.7,2.8,2.5,-0.7,2.4,-1.1,0.1,0.7,0.2,0.2,0.7,18869.0,5.6,334.0,0.8,0.5,0.006,3287.0,0.2,2.0,0.2,0.5,0.001,1.07,0.37,2.14,9.9,5.9,0.0122,3,0,-4,2,68.9,38,-21,17,0.6,0.006005,999999.99,99999.99,99999.99,0.3,0.13,0.09,-1,2009-08-13 22:00:00
2009,225,23,2402,51,52,59,36,4.0,3.9,8.5,43.3,2.8,2.7,0.6,2.8,0.2,0.2,0.6,0.3,0.2,0.5,16277.0,5.3,332.0,0.9,-0.8,0.005,2944.0,0.3,2.0,0.2,0.4,0.001,1.0,-0.07,1.99,9.6,5.8,0.013,3,0,-5,2,68.9,43,-23,21,0.6,0.006005,999999.99,99999.99,99999.99,0.22,0.12,0.08,-1,2009-08-13 23:00:00
2009,226,0,2402,51,52,60,35,3.7,3.6,-7.5,47.1,2.4,2.6,-0.5,2.5,-0.9,0.1,0.7,0.2,0.2,0.6,22611.0,5.5,329.0,0.9,0.3,0.006,1617.0,0.1,2.0,0.3,0.9,0.0,1.02,0.3,2.52,10.4,5.8,0.0109,3,0,-5,2,69.4,48,-23,24,0.5,0.006012,999999.99,99999.99,99999.99,0.2,0.11,0.07,-1,2009-08-14 00:00:00
2009,226,1,2402,51,52,59,35,3.2,3.1,-19.1,40.0,2.2,1.9,-1.0,1.7,-1.3,0.2,0.9,0.3,0.3,0.7,30092.0,6.0,327.0,1.4,-0.0,0.007,3421.0,0.3,2.0,0.3,0.7,0.001,1.1,0.43,3.86,12.5,6.0,0.0076,3,0,-8,2,69.4,56,-23,33,0.4,0.006012,999999.99,99999.99,99999.99,0.27,0.13,0.09,-1,2009-08-14 01:00:00
2009,226,2,2402,51,52,60,37,3.6,3.3,-24.2,44.9,2.1,2.1,-1.3,1.8,-1.7,0.1,1.5,0.7,0.5,1.2,26046.0,6.0,325.0,1.2,0.2,0.006,1910.0,0.2,2.0,0.3,0.9,0.001,1.08,0.55,2.97,11.1,5.9,0.0097,3,0,-11,2,69.4,56,-22,34,0.5,0.006012,999999.99,99999.99,99999.99,0.2,0.12,0.08,-1,2009-08-14 02:00:00
2009,226,3,2402,51,52,60,37,3.5,3.4,-8.1,44.9,2.4,2.4,-0.5,2.2,-1.1,0.2,0.8,0.3,0.3,0.7,25850.0,5.8,324.0,1.1,-0.3,0.007,2887.0,0.3,2.0,0.5,0.6,0.001,1.05,0.36,3.04,11.1,5.9,0.0096,10,0,-13,4,69.4,130,-80,51,0.6,0.006012,999999.99,99999.99,99999.99,0.21,0.12,0.08,-1,2009-08-14 03:00:00
2009,226,4,2402,51,52,59,36,3.2,3.2,-32.2,46.0,1.9,1.9,-1.7,1.3,-2.2,0.2,0.6,0.2,0.2,0.5,29949.0,6.0,322.0,1.2,0.7,0.006,2594.0,0.3,2.0,0.4,0.6,0.0,1.06,0.71,3.86,12.3,5.9,0.0078,10,0,-10,4,69.4,118,-59,59,0.7,0.006012,999999.99,99999.99,99999.99,0.23,0.11,0.08,-1,2009-08-14 04:00:00
2009,226,5,2402,51,52,61,37,3.3,3.0,-17.1,40.5,2.2,1.9,-0.9,1.5,-1.5,0.2,1.4,0.5,0.8,1.1,29278.0,5.8,322.0,0.9,0.7,0.007,2674.0,0.2,2.0,0.4,0.8,0.001,1.03,0.48,3.49,11.7,5.9,0.0086,10,0,-12,4,69.4,116,-38,78,0.7,0.006012,999999.99,99999.99,99999.99,0.26,0.12,0.08,-1,2009-08-14 05:00:00
2009,226,6,2402,51,52,60,36,3.4,3.3,-22.3,47.6,2.0,2.2,-1.2,1.6,-2.0,0.2,1.0,0.5,0.6,0.6,29861.0,5.7,323.0,1.0,0.8,0.007,3118.0,0.2,2.0,0.7,0.5,0.001,1.02,0.65,3.25,11.3,5.8,0.0092,7,0,-12,3,69.4,177,-98,79,0.5,0.006012,999999.99,99999.99,99999.99,0.21,0.13,0.09,-1,2009-08-14 06:00:00
2009,226,7,2402,51,52,60,37,3.4,3.1,-35.9,48.9,1.7,1.9,-1.8,1.0,-2.4,0.2,1.4,0.4,0.5,1.2,30163.0,5.9,322.0,1.1,1.1,0.006,4359.0,0.3,3.0,0.5,0.9,0.001,1.05,0.77,3.37,11.5,5.8,0.009,7,0,-10,3,69.4,145,-72,73,1.0,0.006012,999999.99,99999.99,99999.99,0.2,0.13,0.1,-1,2009-08-14 07:00:00
2009,226,8,2402,51,52,61,37,3.6,3.5,-37.9,46.2,1.9,2.0,-2.1,0.8,-2.8,0.1,0.7,0.3,0.2,0.6,24571.0,6.1,323.0,1.2,1.5,0.005,1270.0,0.1,1.0,0.3,0.3,0.001,1.08,0.9,2.99,11.1,5.9,0.0097,7,0,-9,3,69.4,146,-88,58,1.0,0.006012,999999.99,99999.99,99999.99,0.27,0.16,0.11,-1,2009-08-14 08:00:00
2009,226,9,2402,51,52,59,37,3.5,3.4,-8.7,40.4,2.6,2.2,-0.5,1.7,-1.5,0.1,0.7,0.2,0.2,0.6,22725.0,6.1,326.0,0.5,0.9,0.005,1696.0,0.2,2.0,0.2,0.5,0.001,1.1,0.49,3.13,11.5,6.0,0.009,3,0,-10,2,69.4,97,-68,29,1.2,0.006012,999999.99,99999.99,99999.99,0.25,0.14,0.1,-1,2009-08-14 09:00:00
2009,226,10,2402,51,52,59,35,3.4,3.3,-27.3,31.7,2.5,1.5,-1.5,0.6,-2.0,0.1,0.7,0.2,0.5,0.5,21556.0,6.2,323.0,0.6,1.2,0.005,2486.0,0.4,2.0,0.3,0.2,0.0,1.1,0.65,3.34,11.8,6.0,0.0085,3,0,-11,2,69.4,57,-45,11,1.0,0.006012,999999.99,99999.99,99999.99,0.22,0.14,0.11,-1,2009-08-14 10:00:00
2009,226,11,2402,51,52,59,35,3.2,2.6,1.8,55.2,1.5,2.2,0.1,2.0,-1.0,0.2,1.7,0.5,0.6,1.5,28026.0,6.1,318.0,-0.0,-0.0,0.006,5802.0,0.4,2.0,0.6,1.2,0.001,1.05,0.32,3.88,12.3,5.9,0.0079,3,0,-10,2,69.4,47,-29,17,0.8,0.006012,999999.99,99999.99,99999.99,0.29,0.13,0.09,-1,2009-08-14 11:00:00
2009,226,12,2402,51,52,58,36,3.1,2.9,45.8,102.3,-0.4,2.0,2.1,2.8,0.9,0.2,1.0,0.8,0.5,0.4,32879.0,5.6,312.0,-0.1,-1.4,0.008,2948.0,0.1,4.0,0.4,0.3,0.001,0.94,-0.28,3.91,11.9,5.7,0.0084,0,0,-7,0,69.4,55,-41,14,0.4,0.006012,999999.99,99999.99,99999.99,0.22,0.1,0.08,-1,2009-08-14 12:00:00
2009,226,13,2402,51,52,60,37,3.1,2.9,47.6,122.3,-1.1,1.7,2.2,2.5,1.2,0.1,1.0,0.6,0.6,0.5,32232.0,5.6,309.0,-0.3,-1.5,0.008,1792.0,0.2,2.0,0.7,0.6,0.001,0.92,-0.37,3.89,11.8,5.6,0.0086,0,0,-3,0,69.4,38,-20,18,0.1,0.006012,999999.99,99999.99,99999.99,0.18,0.1,0.08,-1,2009-08-14 13:00:00
2009,226,14,2402,51,52,61,37,2.6,2.1,50.3,104.4,-0.3,1.3,1.6,1.9,0.9,0.2,1.6,0.6,1.0,1.0,34479.0,5.9,313.0,0.2,-0.3,0.009,3594.0,0.3,4.0,0.7,1.0,0.001,1.0,-0.28,5.91,14.6,5.9,0.0056,0,0,-2,0,69.4,23,-4,19,-0.2,0.006012,999999.99,99999.99,99999.99,0.24,0.12,0.08,-1,2009-08-14 14:00:00
2009,226,15,2402,51,52,62,38,2.9,2.4,28.0,86.4,0.1,2.1,1.1,2.4,0.2,0.3,1.6,0.6,0.8,1.3,31876.0,5.7,315.0,-0.2,0.1,0.009,2255.0,0.3,4.0,0.6,1.2,0.001,0.98,-0.06,4.52,13.0,5.9,0.0071,3,0,-2,2,69.4,25,-11,15,0.2,0.006012,999999.99,99999.99,99999.99,0.23,0.13,0.09,-1,2009-08-14 15:00:00
2009,226,16,2402,51,52,57,35,2.9,2.7,73.5,68.0,0.3,0.7,2.6,1.5,2.2,0.1,0.9,0.5,0.8,0.3,30571.0,5.3,316.0,0.5,-1.4,0.008,2108.0,0.3,3.0,0.7,0.3,0.002,0.91,-0.7,4.17,12.5,5.8,0.0076,3,0,-5,2,69.4,19,-9,10,-0.1,0.006012,999999.99,99999.99,99999.99,0.21,0.1,0.07,-1,2009-08-14 16:00:00
2009,226,17,2402,51,52,62,38,2.9,2.2,65.4,9.5,0.9,0.2,2.0,0.8,1.9,0.2,1.8,1.0,1.3,0.8,29152.0,5.4,318.0,1.3,-0.8,0.007,2746.0,0.3,5.0,1.3,0.9,0.001,0.94,-0.6,4.21,12.7,5.9,0.0073,3,0,-7,2,69.4,22,-7,14,0.0,0.006012,999999.99,99999.99,99999.99,0.19,0.1,0.07,-1,2009-08-14 17:00:00
2009,226,18,2402,51,52,60,37,3.2,2.9,27.9,52.1,1.6,2.0,1.3,2.3,0.8,0.2,1.3,0.4,0.8,1.0,26424.0,5.0,318.0,-0.0,-0.6,0.007,1841.0,0.2,2.0,0.8,0.7,0.001,0.87,-0.25,3.14,11.1,5.8,0.0096,3,0,-7,2,69.4,22,-11,11,0.1,0.006012,999999.99,99999.99,99999.99,0.24,0.11,0.08,-1,2009-08-14 18:00:00
2009,226,19,2402,51,52,57,34,2.7,1.4,17.0,35.3,1.1,0.8,0.4,0.9,0.2,0.3,2.3,1.7,1.1,1.0,28764.0,5.3,316.0,0.9,0.1,0.007,6287.0,0.5,7.0,0.9,0.5,0.001,0.91,-0.06,4.75,13.5,6.0,0.0066,3,0,-7,2,69.4,33,-22,11,0.2,0.006012,999999.99,99999.99,99999.99,0.18,0.11,0.09,-1,2009-08-14 19:00:00
2009,226,20,2402,51,52,60,16,2.6,2.5,9.7,201.5,-2.3,-0.9,0.4,-0.8,0.6,0.1,0.6,0.2,0.2,0.5,27666.0,5.6,304.0,2.1,0.4,0.006,2473.0,0.4,1.0,0.3,0.3,0.0,0.89,-0.18,5.38,13.8,5.8,0.0062,3,0,-6,2,69.4,31,-26,5,0.2,0.006012,999999.99,99999.99,99999.99,0.24,0.15,0.1,-1,2009-08-14 20:00:00
2009,226,21,2402,51,52,59,36,2.7,2.5,-13.5,198.3,-2.3,-0.8,-0.6,-0.9,-0.5,0.1,1.0,0.4,0.8,0.6,24274.0,5.3,304.0,1.5,0.2,0.007,3105.0,0.6,2.0,0.8,0.4,0.001,0.84,0.15,4.62,13.0,5.8,0.0071,10,0,-5,4,69.4,38,-24,14,0.3,0.006012,999999.99,99999.99,99999.99,0.24,0.13,0.08,-1,2009-08-14 21:00:00
2009,226,22,2402,51,52,60,37,2.4,2.3,-55.3,181.0,-1.3,0.0,-1.9,-0.3,-1.9,0.2,0.8,0.5,0.6,0.2,27418.0,5.5,304.0,0.9,0.7,0.007,2532.0,0.1,2.0,0.4,0.3,0.001,0.87,0.58,6.19,14.9,5.9,0.0054,10,0,-6,4,69.4,38,-21,18,0.4,0.006012,999999.99,99999.99,99999.99,0.23,0.13,0.1,-1,2009-08-14 22:00:00
2009,226,23,2402,51,52,60,37,2.4,1.9,-23.6,132.8,-1.2,1.3,-0.7,1.2,-0.9,0.4,1.5,0.7,0.8,1.0,29121.0,5.4,300.0,0.1,0.5,0.008,4139.0,0.3,2.0,1.1,0.7,0.001,0.84,0.27,6.14,14.5,5.8,0.0056,10,0,-6,4,69.4,40,-22,18,0.6,0.006012,999999.99,99999.99,99999.99,0.26,0.13,0.08,-1,2009-08-14 23:00:00
2009,227,0,2402,51,52,58,33,2.3,1.7,-5.1,143.9,-1.4,1.0,-0.2,1.0,-0.4,0.1,1.5,0.4,0.9,1.1,26125.0,3.8,297.0,-0.3,0.1,0.011,5110.0,1.0,4.0,1.3,1.9,0.006,0.58,0.12,4.62,12.6,5.6,0.0075,7,0,-6,3,69.8,42,-21,21,0.3,0.005991,999999.99,99999.99,99999.99,0.25,0.16,0.1,-1,2009-08-15 00:00:00
2009,227,1,2402,51,52,61,36,2.2,1.5,57.9,84.6,0.1,0.8,1.2,1.0,1.0,0.3,1.6,1.2,0.9,0.5,29325.0,4.8,302.0,0.7,-1.3,0.007,4013.0,0.5,4.0,0.6,0.6,0.001,0.75,-0.3,6.51,15.0,5.8,0.0053,7,0,-6,3,69.8,32,-19,13,-0.0,0.005991,999999.99,99999.99,99999.99,0.23,0.16,0.12,-1,2009-08-15 01:00:00
2009,227,2,2402,51,52,61,38,2.2,1.6,25.9,210.0,-1.3,-0.7,0.7,-0.5,0.8,0.3,1.6,0.7,1.3,0.6,30970.0,5.0,301.0,1.6,-0.6,0.007,4105.0,0.4,3.0,1.0,0.7,0.001,0.78,-0.24,6.85,15.3,5.8,0.0051,7,0,-6,3,69.8,30,-20,9,-0.2,0.005991,999999.99,99999.99,99999.99,0.19,0.1,0.08,-1,2009-08-15 02:00:00
2009,227,3,2402,51,52,60,36,2.8,2.8,3.3,63.9,1.2,2.5,0.2,2.5,-0.5,0.2,0.6,0.4,0.2,0.3,20031.0,5.0,307.0,-1.2,-0.7,0.006,4756.0,0.3,2.0,0.5,0.4,0.001,0.81,0.15,3.94,12.3,5.8,0.0079,0,0,-5,0,69.8,35,-21,14,-0.0,0.005991,999999.99,99999.99,99999.99,0.23,0.12,0.09,-1,2009-08-15 03:00:00
2009,227,4,2402,51,52,58,36,2.5,0.9,-44.0,182.9,-0.7,0.0,-0.7,-0.2,-0.7,0.4,2.3,1.2,1.9,0.5,26344.0,5.1,299.0,0.0,-0.0,0.006,4923.0,0.3,3.0,0.9,0.3,0.001,0.78,0.21,5.25,13.5,5.7,0.0065,0,0,-5,0,69.8,26,-15,11,0.1,0.005991,999999.99,99999.99,99999.99,0.23,0.11,0.08,-1,2009-08-15 04:00:00
2009,227,5,2402,51,52,60,35,2.2,1.6,-44.0,98.0,-0.2,1.2,-1.1,0.7,-1.5,0.1,1.4,1.0,0.8,0.4,26087.0,5.3,297.0,-0.2,0.6,0.007,3280.0,0.4,2.0,0.4,0.4,0.0,0.8,0.45,7.04,15.5,5.8,0.0049,0,0,-4,0,69.8,52,-27,25,-0.1,0.005991,999999.99,99999.99,99999.99,0.17,0.09,0.07,-1,2009-08-15 05:00:00
2009,227,6,2402,51,52,61,38,2.8,2.7,-16.4,65.6,1.1,2.4,-0.8,1.9,-1.7,0.2,0.7,0.5,0.3,0.4,22652.0,5.0,300.0,-1.1,0.5,0.006,2579.0,0.3,3.0,0.5,0.5,0.001,0.77,0.51,4.01,12.0,5.7,0.0083,10,0,-6,4,69.8,77,-46,31,0.1,0.005991,999999.99,99999.99,99999.99,0.26,0.16,0.1,-1,2009-08-15 06:00:00
2009,227,7,2402,51,52,59,36,2.8,2.6,-23.5,77.3,0.5,2.4,-1.1,1.7,-2.0,0.1,0.9,0.4,0.4,0.7,23233.0,5.2,298.0,-1.1,0.8,0.007,3276.0,0.2,1.0,1.1,0.4,0.001,0.79,0.6,4.18,12.1,5.7,0.0081,10,0,-7,4,69.8,103,-67,36,0.3,0.005991,999999.99,99999.99,99999.99,0.25,0.14,0.1,-1,2009-08-15 07:00:00
2009,227,8,2402,51,52,59,35,2.6,2.2,-2.1,66.7,0.9,2.0,-0.1,1.7,-1.0,0.2,1.3,0.4,0.6,1.0,24392.0,5.2,298.0,-1.4,0.8,0.006,2430.0,0.3,2.0,0.5,0.7,0.001,0.79,0.3,4.89,13.1,5.7,0.007,10,0,-7,4,69.8,201,-180,21,0.8,0.005991,999999.99,99999.99,99999.99,0.25,0.16,0.12,-1,2009-08-15 08:00:00
2009,227,9,2402,51,52,60,36,2.3,1.9,25.1,93.6,-0.1,1.7,0.8,1.9,-0.1,0.1,1.2,0.4,0.4,1.1,28748.0,5.2,292.0,-0.6,-0.2,0.006,2513.0,0.3,1.0,0.5,0.7,0.001,0.76,0.03,6.42,14.5,5.7,0.0057,0,0,-4,0,69.8,95,-67,28,0.3,0.005991,999999.99,99999.99,99999.99,0.21,0.12,0.09,-1,2009-08-15 09:00:00
2009,227,10,2402,51,52,60,37,2.4,2.0,33.0,102.6,-0.4,1.7,1.1,2.0,0.1,0.1,1.2,0.3,0.7,0.9,27883.0,5.2,292.0,-0.5,-1.3,0.007,2719.0,0.4,2.0,0.3,0.4,0.001,0.76,-0.03,5.87,13.9,5.6,0.0062,0,0,-3,0,69.8,46,-22,24,0.3,0.005991,999999.99,99999.99,99999.99,0.22,0.11,0.08,-1,2009-08-15 10:00:00
2009,227,11,2402,51,52,61,38,2.5,2.3,31.0,67.8,0.7,1.8,1.2,2.2,0.2,0.1,1.1,0.5,0.5,0.8,25189.0,5.4,296.0,-0.7,-1.0,0.006,1925.0,0.2,2.0,0.5,0.6,0.001,0.81,-0.06,5.52,13.8,5.7,0.0063,0,0,-2,0,69.8,38,-17,21,0.2,0.005991,999999.99,99999.99,99999.99,0.2,0.13,0.09,-1,2009-08-15 11:00:00
2009,227,12,2402,51,52,60,35,2.8,2.7,-16.8,64.1,1.1,2.3,-0.8,1.6,-1.8,0.2,0.8,0.5,0.3,0.6,22064.0,4.9,295.0,-1.1,0.2,0.007,2024.0,0.4,2.0,0.2,0.4,0.002,0.73,0.53,3.91,11.7,5.6,0.0087,3,0,-3,2,69.8,24,-10,14,0.6,0.005991,999999.99,99999.99,99999.99,0.24,0.12,0.08,-1,2009-08-15 12:00:00
2009,227,13,2402,51,52,60,36,2.8,2.7,-13.7,41.9,2.0,1.8,-0.6,1.3,-1.4,0.2,0.5,0.1,0.1,0.5,21584.0,5.0,296.0,-1.1,0.2,0.005,1212.0,0.3,1.0,0.2,0.3,0.001,0.75,0.41,3.98,11.8,5.6,0.0085,3,0,-3,2,69.8,25,-14,11,0.7,0.005991,999999.99,99999.99,99999.99,0.21,0.11,0.08,-1,2009-08-15 13:00:00
2009,227,14,2402,51,52,59,36,2.8,2.7,-41.7,35.7,1.6,1.2,-1.8,0.3,-2.1,0.1,0.5,0.2,0.4,0.3,22030.0,4.9,294.0,-1.0,0.6,0.007,1199.0,0.2,1.0,0.3,0.3,0.0,0.73,0.62,3.91,11.6,5.6,0.0088,3,0,-3,2,69.8,36,-23,13,0.7,0.005991,999999.99,99999.99,99999.99,0.22,0.12,0.1,-1,2009-08-15 14:00:00
2009,227,15,2402,51,52,60,37,1.7,1.5,2.1,85.6,0.1,1.5,0.1,1.4,-0.5,0.3,0.7,0.2,0.3,0.6,19393.0,6.4,293.0,0.1,-0.3,0.004,3747.0,0.5,1.0,0.5,0.5,0.001,0.93,0.15,13.61,21.8,6.1,0.0025,0,0,-2,0,69.8,77,-64,13,0.6,0.005991,999999.99,99999.99,99999.99,0.24,0.14,0.09,-1,2009-08-15 15:00:00
2009,227,16,2402,51,52,59,33,2.0,1.9,7.3,96.0,-0.2,1.9,0.2,1.9,-0.5,0.1,0.5,0.2,0.1,0.4,16094.0,6.5,292.0,0.4,-0.4,0.004,1120.0,0.2,1.0,0.1,0.2,0.001,0.94,0.15,9.77,18.6,6.1,0.0034,0,0,-2,0,69.8,29,-16,12,0.3,0.005991,999999.99,99999.99,99999.99,0.21,0.12,0.08,-1,2009-08-15 16:00:00
2009,227,17,2402,51,52,60,35,2.1,2.0,-25.3,110.6,-0.6,1.7,-0.9,1.4,-1.4,0.0,0.5,0.2,0.2,0.4,16908.0,6.6,289.0,0.1,-0.2,0.004,629.0,0.1,0.0,0.2,0.1,0.001,0.94,0.4,9.04,17.7,6.0,0.0038,0,0,-3,0,69.8,25,-10,15,0.6,0.005991,999999.99,99999.99,99999.99,0.21,0.1,0.06,-1,2009-08-15 17:00:00
2009,227,18,2402,51,52,60,37,2.1,1.8,-45.7,112.7,-0.5,1.2,-1.3,0.8,-1.6,0.2,0.9,0.3,0.4,0.8,16016.0,6.6,288.0,-0.2,-0.0,0.004,1537.0,0.3,1.0,0.3,0.4,0.0,0.93,0.46,8.99,17.6,6.0,0.0038,3,0,-4,2,69.8,33,-15,18,0.9,0.005991,999999.99,99999.99,99999.99,0.22,0.11,0.09,-1,2009-08-15 18:00:00
2009,227,19,2402,51,52,58,34,1.9,1.6,31.9,107.3,-0.4,1.3,0.9,1.5,0.6,0.1,0.9,0.7,0.3,0.4,13621.0,6.3,287.0,-0.6,-0.8,0.004,663.0,0.5,5.0,0.6,0.6,0.001,0.88,-0.17,10.31,19.0,6.0,0.0033,3,0,-7,2,69.8,26,-15,10,0.6,0.005991,999999.99,99999.99,99999.99,0.32,0.17,0.11,-1,2009-08-15 19:00:00
2009,227,20,2402,51,52,60,34,1.8,1.7,16.6,102.2,-0.3,1.6,0.5,1.7,0.2,0.1,0.6,0.4,0.2,0.4,13255.0,6.2,283.0,-0.7,-1.2,0.005,866.0,0.3,1.0,1.0,0.4,0.002,0.85,-0.06,11.27,19.6,6.0,0.0031,3,0,-6,2,69.8,35,-24,11,0.4,0.005991,999999.99,99999.99,99999.99,0.23,0.12,0.08,-1,2009-08-15 20:00:00
2009,227,21,2402,51,52,59,36,1.6,1.4,6.4,134.9,-1.0,1.0,0.2,1.0,0.0,0.1,0.6,0.4,0.3,0.3,10470.0,7.1,281.0,-0.0,-0.5,0.004,983.0,0.2,1.0,0.4,0.2,0.001,0.95,-0.0,16.02,23.4,6.1,0.0022,0,0,-2,0,69.8,33,-20,13,0.4,0.005991,999999.99,99999.99,99999.99,0.22,0.12,0.08,-1,2009-08-15 21:00:00
2009,227,22,2402,51,52,61,37,1.7,1.4,-42.6,152.9,-0.9,0.5,-1.0,0.3,-1.1,0.1,0.9,0.3,0.8,0.3,10121.0,6.8,282.0,0.3,-0.1,0.004,541.0,0.3,1.0,0.6,0.2,0.001,0.92,0.31,13.56,21.6,6.1,0.0025,0,0,0,0,69.8,28,-14,14,0.3,0.005991,999999.99,99999.99,99999.99,0.21,0.12,0.08,-1,2009-08-15 22:00:00
2009,227,23,2402,51,52,60,37,1.9,1.0,-38.5,119.4,-0.4,0.7,-0.6,0.6,-0.7,0.2,1.6,0.6,1.1,0.9,10324.0,6.4,283.0,0.5,-0.4,0.004,1076.0,0.3,1.0,0.5,0.4,0.001,0.87,0.2,10.23,18.8,6.0,0.0034,0,0,1,0,69.8,28,-17,10,0.4,0.005991,999999.99,99999.99,99999.99,0.19,0.13,0.1,-1,2009-08-15 23:00:00
2009,228,0,2402,51,52,60,36,2.2,1.9,-24.1,127.1,-1.1,1.4,-0.8,1.2,-1.0,0.1,0.9,0.6,0.5,0.5,10504.0,6.2,282.0,-0.3,-0.4,0.004,561.0,0.2,1.0,0.2,0.2,0.001,0.84,0.28,7.4,16.0,5.9,0.0047,3,0,2,2,70.6,31,-21,10,0.2,0.006008,999999.99,99999.99,99999.99,0.28,0.13,0.11,-1,2009-08-16 00:00:00
2009,228,1,2402,51,52,60,35,1.9,1.6,-50.3,165.1,-1.0,0.3,-1.2,0.1,-1.2,0.1,1.1,0.9,0.6,0.1,10414.0,6.5,282.0,0.1,-0.1,0.004,403.0,0.2,2.0,0.3,0.3,0.0,0.88,0.34,10.39,18.9,6.0,0.0033,3,0,0,2,70.6,35,-19,16,0.4,0.006008,999999.99,99999.99,99999.99,0.26,0.15,0.1,-1,2009-08-16 01:00:00
2009,228,2,2402,51,52,58,37,1.8,1.8,-33.5,205.9,-1.3,-0.7,-1.0,-0.9,-0.8,0.1,0.4,0.2,0.3,0.2,10450.0,6.6,280.0,0.2,-0.0,0.004,345.0,0.2,1.0,0.5,0.2,0.001,0.88,0.22,11.76,20.0,6.0,0.003,3,0,-2,2,70.6,34,-14,20,0.3,0.006008,999999.99,99999.99,99999.99,0.32,0.14,0.09,-1,2009-08-16 02:00:00
2009,228,3,2402,51,52,61,36,1.8,1.7,-17.2,175.6,-1.6,0.1,-0.5,0.0,-0.5,0.1,0.5,0.1,0.3,0.5,11029.0,6.7,278.0,-0.2,-0.2,0.004,723.0,0.2,1.0,0.1,0.3,0.0,0.88,0.14,11.99,20.0,5.9,0.003,3,0,-3,2,70.6,24,-7,17,0.2,0.006008,999999.99,99999.99,99999.99,0.33,0.17,0.11,-1,2009-08-16 03:00:00
2009,228,4,2402,51,52,59,37,1.9,1.9,-18.0,175.8,-1.8,0.1,-0.6,-0.1,-0.6,0.1,0.3,0.1,0.3,0.2,10312.0,6.7,277.0,0.0,0.1,0.004,510.0,0.1,1.0,0.2,0.2,0.001,0.87,0.17,10.71,18.9,5.9,0.0033,3,0,-5,2,70.6,18,0,17,0.0,0.006008,999999.99,99999.99,99999.99,0.22,0.15,0.12,-1,2009-08-16 04:00:00
2009,228,5,2402,51,52,60,35,1.8,1.8,3.0,148.3,-1.5,0.9,0.1,0.9,-0.2,0.0,0.4,0.2,0.2,0.3,10907.0,6.8,277.0,-0.2,-0.1,0.004,520.0,0.1,0.0,0.1,0.2,0.0,0.89,0.06,12.16,20.1,5.9,0.003,3,0,-3,2,70.6,36,-20,16,-0.2,0.006008,999999.99,99999.99,99999.99,0.22,0.15,0.12,-1,2009-08-16 05:00:00
2009,228,6,2402,51,52,59,35,2.0,1.9,15.6,142.7,-1.4,1.1,0.5,1.2,0.0,0.1,0.6,0.2,0.2,0.6,11086.0,6.8,274.0,-0.4,-0.2,0.004,607.0,0.2,3.0,0.2,0.2,0.0,0.87,-0.0,9.86,17.9,5.8,0.0037,3,0,-1,2,70.6,23,-8,15,-0.2,0.006008,999999.99,99999.99,99999.99,0.26,0.14,0.11,-1,2009-08-16 06:00:00
2009,228,7,2402,51,52,60,37,2.0,1.8,-10.7,142.3,-1.4,1.1,-0.3,0.9,-0.7,0.1,1.0,0.4,0.4,0.8,11649.0,6.7,274.0,-0.5,-0.1,0.004,1427.0,0.4,1.0,0.3,0.4,0.0,0.85,0.19,9.76,17.7,5.8,0.0038,3,0,2,2,70.6,31,-14,17,-0.0,0.006008,999999.99,99999.99,99999.99,0.25,0.14,0.12,-1,2009-08-16 07:00:00
2009,228,8,2402,51,52,61,37,1.7,1.6,-39.4,125.4,-0.7,1.0,-1.0,0.4,-1.3,0.1,0.6,0.4,0.3,0.4,12497.0,6.9,274.0,-0.8,0.1,0.004,648.0,0.2,1.0,0.3,0.2,0.0,0.88,0.36,13.99,21.2,5.9,0.0027,3,0,2,2,70.6,42,-21,21,0.2,0.006008,999999.99,99999.99,99999.99,0.23,0.13,0.09,-1,2009-08-16 08:00:00
2009,228,9,2402,51,52,59,35,1.7,1.4,-27.2,114.4,-0.5,1.2,-0.7,0.7,-1.2,0.1,1.0,0.5,0.3,0.8,12700.0,6.9,274.0,-1.0,-0.2,0.004,719.0,0.2,1.0,0.2,0.4,0.001,0.88,0.33,14.01,21.2,5.9,0.0027,3,0,2,2,70.6,49,-23,26,0.1,0.006008,999999.99,99999.99,99999.99,0.29,0.13,0.1,-1,2009-08-16 09:00:00
2009,228,10,2402,51,52,61,38,1.8,1.6,-26.3,104.7,-0.4,1.4,-0.7,0.9,-1.3,0.1,0.8,0.5,0.3,0.6,12627.0,6.8,274.0,-0.9,-0.4,0.004,807.0,0.1,1.0,0.1,0.4,0.001,0.87,0.36,12.31,19.8,5.8,0.003,3,0,0,2,70.6,43,-26,17,0.2,0.006008,999999.99,99999.99,99999.99,0.25,0.15,0.11,-1,2009-08-16 10:00:00
2009,228,11,2402,51,52,59,36,1.8,1.3,25.7,111.9,-0.4,1.1,0.6,1.3,0.0,0.2,1.2,0.2,0.7,0.9,12525.0,6.8,274.0,-1.1,-0.4,0.004,655.0,0.3,1.0,0.3,0.3,0.001,0.87,-0.0,12.3,19.8,5.8,0.003,3,0,-4,2,70.6,46,-34,12,0.2,0.006008,999999.99,99999.99,99999.99,0.24,0.14,0.1,-1,2009-08-16 11:00:00
2009,228,12,2402,51,52,61,37,1.6,1.4,2.8,94.9,-0.1,1.4,0.1,1.3,-0.6,0.1,0.6,0.3,0.2,0.5,12521.0,6.7,273.0,-1.2,-0.2,0.004,951.0,0.2,1.0,0.4,0.2,0.001,0.85,0.16,15.34,22.1,5.9,0.0024,3,0,-5,2,70.6,37,-26,12,0.4,0.006008,999999.99,99999.99,99999.99,0.31,0.16,0.1,-1,2009-08-16 12:00:00
2009,228,13,2402,51,52,58,34,1.5,1.4,-8.9,112.2,-0.5,1.3,-0.2,1.1,-0.8,0.3,0.7,0.3,0.5,0.3,12051.0,6.6,272.0,-0.9,-0.2,0.005,792.0,0.2,1.0,1.1,0.2,0.001,0.83,0.22,17.13,23.3,5.9,0.0022,3,0,-5,2,70.6,77,-67,10,0.4,0.006008,999999.99,99999.99,99999.99,0.24,0.13,0.11,-1,2009-08-16 13:00:00
2009,228,14,2402,51,52,61,37,1.6,1.4,-4.8,94.9,-0.1,1.4,-0.1,1.2,-0.7,0.2,0.8,0.4,0.6,0.3,11063.0,6.5,272.0,-0.7,-0.4,0.004,1102.0,0.2,1.0,0.3,0.2,0.001,0.82,0.19,14.73,21.7,5.9,0.0025,3,0,-5,2,70.6,34,-26,8,0.5,0.006008,999999.99,99999.99,99999.99,0.27,0.15,0.11,-1,2009-08-16 14:00:00
2009,228,15,2402,51,52,59,37,1.9,1.8,25.2,112.2,-0.6,1.5,0.8,1.7,0.1,0.1,0.6,0.4,0.3,0.4,10613.0,6.5,272.0,-0.5,-0.9,0.004,687.0,0.2,1.0,0.2,0.3,0.001,0.82,-0.03,10.41,18.2,5.8,0.0036,0,0,-6,0,70.6,28,-21,6,0.3,0.006008,999999.99,99999.99,99999.99,0.23,0.13,0.07,-1,2009-08-16 15:00:00
2009,228,16,2402,51,52,60,37,2.1,1.8,9.3,125.1,-1.0,1.5,0.3,1.5,-0.2,0.2,1.1,0.5,0.4,0.9,12390.0,6.7,271.0,-0.8,-0.6,0.005,837.0,0.2,1.0,0.3,0.5,0.001,0.84,0.05,8.9,16.7,5.7,0.0043,0,0,-4,0,70.6,25,-20,6,0.2,0.006008,999999.99,99999.99,99999.99,0.25,0.14,0.09,-1,2009-08-16 16:00:00
2009,228,17,2402,51,52,59,33,1.9,1.5,-33.8,162.0,-1.2,0.4,-0.9,0.1,-1.0,0.1,1.0,0.3,0.9,0.3,11798.0,6.8,270.0,-0.8,-0.3,0.004,542.0,0.2,1.0,0.3,0.2,0.001,0.84,0.27,10.98,18.5,5.7,0.0035,0,0,-4,0,70.6,37,-22,15,0.4,0.006008,999999.99,99999.99,99999.99,0.24,0.13,0.1,-1,2009-08-16 17:00:00
2009,228,18,2402,51,52,60,37,2.0,1.6,-46.6,253.6,-0.3,-1.0,-1.2,-1.3,-0.9,0.2,1.2,0.3,0.8,0.8,12665.0,6.7,270.0,-0.7,-0.3,0.004,1038.0,0.3,1.0,0.1,0.3,0.001,0.83,0.24,9.83,17.5,5.7,0.0039,3,0,-2,2,70.6,41,-21,20,0.4,0.006008,999999.99,99999.99,99999.99,0.27,0.15,0.1,-1,2009-08-16 18:00:00
2009,228,19,2402,51,52,60,37,2.0,1.6,-70.7,119.0,-0.3,0.5,-1.5,0.2,-1.6,0.1,1.1,0.5,0.9,0.5,13019.0,6.7,270.0,-0.4,-0.4,0.005,1072.0,0.2,1.0,0.2,0.2,0.003,0.83,0.43,9.85,17.5,5.7,0.0039,3,0,-1,2,70.6,53,-28,25,0.7,0.006008,999999.99,99999.99,99999.99,0.24,0.11,0.09,-1,2009-08-16 19:00:00
2009,228,20,2402,51,52,59,36,1.9,1.6,-42.8,83.3,0.1,1.2,-1.1,1.0,-1.3,0.1,1.1,0.2,0.8,0.7,12206.0,6.7,269.0,-0.9,-0.3,0.006,2234.0,0.2,1.0,0.4,0.3,0.002,0.83,0.35,10.85,18.3,5.7,0.0035,3,0,-2,2,70.6,54,-34,19,0.4,0.006008,999999.99,99999.99,99999.99,0.2,0.11,0.08,-1,2009-08-16 20:00:00
2009,228,21,2402,51,52,60,37,1.7,1.7,5.7,85.7,0.1,1.6,0.2,1.6,-0.1,0.2,0.5,0.3,0.2,0.4,11467.0,6.7,267.0,-0.4,-0.4,0.005,1029.0,0.2,1.0,0.9,0.3,0.001,0.81,0.03,13.49,20.3,5.7,0.0029,7,0,-3,3,70.6,44,-31,13,0.2,0.006008,999999.99,99999.99,99999.99,0.26,0.12,0.1,-1,2009-08-16 21:00:00
2009,228,22,2402,51,52,60,37,1.7,1.4,-5.1,102.5,-0.3,1.4,-0.1,1.4,-0.3,0.2,0.9,0.4,0.5,0.7,12899.0,6.8,268.0,-0.6,-0.4,0.006,1138.0,0.1,0.0,0.2,0.2,0.001,0.84,0.08,13.83,20.6,5.7,0.0028,7,0,-2,3,70.6,26,-15,11,0.1,0.006008,999999.99,99999.99,99999.99,0.22,0.11,0.07,-1,2009-08-16 22:00:00
2009,228,23,2402,51,52,60,35,1.8,1.7,-42.4,207.1,-1.1,-0.6,-1.1,-0.8,-1.0,0.2,0.7,0.1,0.7,0.2,11483.0,6.9,267.0,-0.3,-0.4,0.005,1246.0,0.2,1.0,0.6,0.3,0.001,0.84,0.27,12.39,19.5,5.7,0.0031,7,0,0,3,70.6,26,-13,13,0.2,0.006008,999999.99,99999.99,99999.99,0.23,0.14,0.12,-1,2009-08-16 23:00:00
2009,229,0,2402,51,52,61,34,2.0,1.7,-40.6,187.7,-1.3,-0.2,-1.1,-0.4,-1.0,0.2,1.0,0.3,0.8,0.5,11357.0,7.2,266.0,-0.7,-0.1,0.005,712.0,0.3,1.0,0.5,0.6,0.001,0.87,0.27,10.46,17.8,5.6,0.0037,0,0,1,0,69.8,26,-13,14,0.0,0.006036,999999.99,99999.99,99999.99,0.24,0.14,0.1,-1,2009-08-17 00:00:00
2009,229,1,2402,51,52,63,38,1.9,1.7,-36.6,170.5,-1.4,0.2,-1.0,0.0,-1.0,0.1,0.7,0.4,0.5,0.2,11957.0,7.6,275.0,-1.4,-1.0,0.005,1145.0,0.3,3.0,0.3,0.5,0.001,0.98,0.28,12.29,20.0,5.9,0.003,0,0,0,0,69.8,34,-16,18,0.2,0.006036,999999.99,99999.99,99999.99,0.29,0.16,0.11,-1,2009-08-17 01:00:00
2009,229,2,2402,51,52,61,38,1.9,1.8,-43.9,205.0,-1.2,-0.5,-1.2,-0.8,-1.0,0.1,0.5,0.2,0.4,0.3,14113.0,8.8,281.0,-1.6,-1.6,0.004,711.0,0.4,1.0,0.2,0.2,0.001,1.18,0.28,14.45,21.9,6.0,0.0025,0,0,-1,0,69.8,28,-14,14,0.3,0.006036,999999.99,99999.99,99999.99,0.23,0.14,0.11,-1,2009-08-17 02:00:00
2009,229,3,2402,51,52,59,36,1.9,1.8,-0.2,193.6,-1.7,-0.4,0.0,-0.4,0.1,0.1,0.6,0.2,0.5,0.3,14715.0,9.5,280.0,-1.7,-1.6,0.004,1191.0,0.4,1.0,0.2,0.2,0.001,1.26,-0.03,15.66,22.7,6.0,0.0023,3,0,-1,2,69.8,23,-10,13,0.2,0.006036,999999.99,99999.99,99999.99,0.24,0.14,0.11,-1,2009-08-17 03:00:00
2009,229,4,2402,51,52,61,36,1.7,1.6,-36.2,166.7,-1.3,0.3,-1.0,0.0,-1.0,0.2,0.7,0.4,0.4,0.4,14622.0,10.3,281.0,-2.2,-1.4,0.003,890.0,0.4,1.0,0.2,0.3,0.001,1.37,0.28,21.2,26.5,6.0,0.0017,3,0,2,2,69.8,15,-5,10,-0.1,0.006036,999999.99,99999.99,99999.99,0.23,0.15,0.13,-1,2009-08-17 04:00:00
2009,229,5,2402,51,52,59,36,2.2,0.9,23.4,193.9,-0.8,-0.2,0.4,0.0,0.4,0.5,2.0,0.6,0.5,1.9,13788.0,10.3,281.0,-1.6,-2.2,0.003,1296.0,0.4,2.0,0.3,0.9,0.001,1.37,-0.11,12.58,20.5,6.0,0.0028,3,0,3,2,69.8,13,0,13,-0.2,0.006036,999999.99,99999.99,99999.99,0.24,0.12,0.1,-1,2009-08-17 05:00:00
2009,229,6,2402,51,52,60,37,2.4,2.4,77.9,135.0,-0.4,0.4,2.3,1.3,1.9,0.2,0.4,0.2,0.2,0.2,13369.0,10.5,280.0,-2.0,-2.8,0.003,959.0,0.4,1.0,0.2,0.2,0.001,1.39,-0.53,10.75,18.9,5.9,0.0033,0,0,4,0,69.8,18,-3,15,-0.2,0.006036,999999.99,99999.99,99999.99,0.21,0.13,0.11,-1,2009-08-17 06:00:00
2009,229,7,2402,51,52,59,36,2.3,1.9,67.6,158.8,-0.7,0.3,1.8,1.1,1.5,0.0,1.3,0.5,0.9,0.8,12978.0,11.1,278.0,-2.1,-2.8,0.003,657.0,0.3,2.0,0.4,0.3,0.001,1.45,-0.42,12.34,20.1,5.9,0.0029,0,0,6,0,69.8,23,-7,16,-0.2,0.006036,999999.99,99999.99,99999.99,0.21,0.13,0.1,-1,2009-08-17 07:00:00
2009,229,8,2402,51,52,60,35,2.4,2.0,27.8,165.1,-1.7,0.5,1.0,0.9,0.7,0.2,1.2,0.2,1.1,0.5,14517.0,11.6,275.0,-2.6,-2.5,0.002,1042.0,0.4,1.0,0.8,0.3,0.001,1.48,-0.19,11.97,19.5,5.8,0.0031,0,0,8,0,69.8,32,-16,16,0.0,0.006036,999999.99,99999.99,99999.99,0.24,0.14,0.09,-1,2009-08-17 08:00:00
2009,229,9,2402,51,52,60,38,3.0,2.7,58.6,146.2,-1.2,0.8,2.3,1.8,1.6,0.2,1.3,0.6,0.8,0.8,15663.0,12.6,278.0,-3.4,-2.8,0.003,819.0,0.5,2.0,0.5,0.4,0.0,1.65,-0.44,8.39,16.4,5.7,0.0044,3,0,9,2,69.8,42,-22,19,0.2,0.006036,999999.99,99999.99,99999.99,0.25,0.16,0.12,-1,2009-08-17 09:00:00
2009,229,10,2402,51,52,60,35,3.1,2.9,49.0,128.5,-1.2,1.5,2.2,2.4,1.2,0.1,0.8,0.3,0.6,0.5,15953.0,13.4,278.0,-3.7,-2.9,0.003,719.0,0.4,1.0,0.4,0.6,0.001,1.75,-0.33,8.37,16.4,5.7,0.0044,3,0,10,2,69.8,42,-23,19,0.3,0.006036,999999.99,99999.99,99999.99,0.29,0.14,0.11,-1,2009-08-17 10:00:00
2009,229,11,2402,51,52,61,37,3.1,2.7,31.1,128.5,-1.4,1.8,1.4,2.3,0.3,0.2,1.6,0.2,0.6,1.4,15215.0,13.8,279.0,-3.3,-3.0,0.002,721.0,0.6,2.0,0.6,1.1,0.0,1.81,-0.08,8.58,16.7,5.8,0.0043,3,0,11,2,69.8,45,-23,22,0.3,0.006036,999999.99,99999.99,99999.99,0.23,0.12,0.09,-1,2009-08-17 11:00:00
2009,229,12,2402,51,52,61,35,2.8,2.7,2.9,111.1,-1.0,2.5,0.1,2.2,-1.1,0.2,0.9,0.3,0.2,0.9,14026.0,15.6,281.0,-3.8,-0.7,0.002,787.0,0.5,2.0,0.2,0.5,0.0,2.07,0.31,11.79,19.8,5.9,0.003,7,0,10,3,69.8,43,-20,23,0.5,0.006036,999999.99,99999.99,99999.99,0.23,0.11,0.08,-1,2009-08-17 12:00:00
2009,229,13,2402,51,52,63,39,3.6,2.6,65.4,85.8,0.1,1.1,2.4,2.1,1.6,0.7,2.5,1.0,2.0,1.1,17057.0,16.0,289.0,-2.5,-1.8,0.002,2749.0,1.2,4.0,1.7,0.5,0.0,2.25,-0.46,7.47,16.1,5.9,0.0046,7,0,12,3,69.8,40,-17,22,0.3,0.006036,999999.99,99999.99,99999.99,0.26,0.14,0.11,-1,2009-08-17 13:00:00
2009,229,14,2402,51,52,59,35,4.5,4.2,29.6,303.0,2.0,-3.0,2.1,-1.8,3.2,0.4,1.7,0.5,1.4,0.9,20851.0,13.0,291.0,-1.1,-1.7,0.003,1576.0,1.3,2.0,0.8,0.3,0.0,1.86,-0.93,3.98,11.7,5.5,0.0088,7,0,11,3,69.8,50,-33,17,0.0,0.006036,999999.99,99999.99,99999.99,0.2,0.11,0.09,-1,2009-08-17 14:00:00
2009,229,15,2402,51,52,60,35,4.2,3.4,70.9,15.0,1.1,0.3,3.2,1.5,2.8,0.5,2.5,1.0,2.2,0.8,25103.0,14.0,293.0,-0.0,-2.3,0.003,3609.0,1.5,2.0,0.5,0.7,0.001,2.03,-0.82,5.07,13.1,5.6,0.007,7,0,11,3,69.8,42,-23,19,-0.1,0.006036,999999.99,99999.99,99999.99,0.26,0.13,0.09,-1,2009-08-17 15:00:00
2009,229,16,2402,51,52,60,34,3.5,3.1,24.1,299.5,1.4,-2.5,1.3,-1.9,2.1,0.5,1.5,0.4,0.4,1.4,26300.0,15.0,292.0,-0.3,-3.0,0.004,2865.0,1.0,2.0,0.6,1.1,0.0,2.17,-0.61,7.88,16.2,5.8,0.0046,7,0,12,3,69.8,36,-20,16,0.4,0.006036,999999.99,99999.99,99999.99,0.23,0.12,0.1,-1,2009-08-17 16:00:00
2009,229,17,2402,51,52,60,35,3.3,2.4,-22.2,279.5,0.4,-2.2,-0.9,-2.4,-0.2,0.6,2.3,0.9,1.0,1.9,31274.0,15.6,293.0,-0.8,-4.2,0.004,2183.0,0.8,1.0,0.3,0.5,0.0,2.27,0.06,9.51,17.5,5.8,0.0039,7,0,13,3,69.8,43,-21,22,1.2,0.006036,999999.99,99999.99,99999.99,0.21,0.13,0.1,-1,2009-08-17 17:00:00
2009,229,18,2402,51,52,61,37,3.5,3.0,-56.1,273.7,0.1,-1.7,-2.5,-2.3,-2.0,0.6,1.9,1.1,1.3,0.9,30301.0,14.4,294.0,-1.1,-3.7,0.004,3698.0,0.8,2.0,0.5,0.6,0.001,2.11,0.59,7.76,15.9,5.7,0.0047,10,0,11,4,69.8,52,-25,27,1.3,0.006036,999999.99,99999.99,99999.99,0.2,0.12,0.09,-1,2009-08-17 18:00:00
2009,229,19,2402,51,52,59,36,3.8,3.5,-40.5,319.0,2.0,-1.7,-2.3,-2.2,-1.9,0.6,1.7,0.8,1.2,0.8,32424.0,13.6,295.0,-1.6,-3.3,0.005,2057.0,1.1,2.0,0.4,0.6,0.001,2.02,0.56,6.3,14.3,5.6,0.0058,10,0,9,4,69.8,57,-31,26,0.9,0.006036,999999.99,99999.99,99999.99,0.23,0.12,0.09,-1,2009-08-17 19:00:00
2009,229,20,2402,51,52,65,39,4.1,2.8,-27.7,306.6,1.5,-2.0,-1.3,-2.2,-0.9,0.6,3.0,1.3,2.0,2.0,42048.0,10.6,304.0,0.8,-2.0,0.009,5774.0,1.4,6.0,1.3,0.9,0.002,1.69,0.27,4.47,12.1,5.5,0.0082,10,0,6,4,69.8,49,-27,22,0.6,0.006036,999999.99,99999.99,99999.99,0.22,0.1,0.07,-1,2009-08-17 20:00:00
2009,229,21,2402,51,52,60,37,5.0,4.9,-11.3,306.4,2.8,-3.9,-1.0,-4.0,-0.3,0.3,1.1,0.4,0.2,1.0,41327.0,9.4,311.0,2.2,-1.5,0.01,3788.0,0.6,2.0,0.6,0.6,0.001,1.58,0.09,2.65,9.5,5.3,0.0131,3,0,3,2,69.8,45,-22,23,0.6,0.006036,999999.99,99999.99,99999.99,0.22,0.1,0.07,-1,2009-08-17 21:00:00
2009,229,22,2402,51,52,60,37,4.4,4.2,11.1,306.0,2.4,-3.3,0.8,-3.1,1.3,0.4,1.3,0.3,0.4,1.2,45241.0,9.3,311.0,2.1,-1.6,0.011,5055.0,1.5,2.0,0.7,0.9,0.002,1.57,-0.4,3.47,10.8,5.4,0.0102,3,0,5,2,69.8,29,-13,16,0.2,0.006036,999999.99,99999.99,99999.99,0.22,0.12,0.09,-1,2009-08-17 22:00:00
2009,229,23,2402,51,52,61,37,5.2,5.1,0.6,305.7,3.0,-4.2,0.1,-4.1,0.8,0.3,0.8,0.2,0.4,0.7,46813.0,7.3,317.0,3.2,-2.8,0.012,3726.0,0.7,2.0,0.3,0.3,0.002,1.28,-0.25,1.97,8.2,5.0,0.0175,3,0,4,2,69.8,40,-17,23,0.2,0.006036,999999.99,99999.99,99999.99,0.23,0.15,0.11,-1,2009-08-17 23:00:00
2009,230,0,2402,51,52,60,37,4.6,4.2,23.0,287.7,1.2,-3.6,1.6,-3.3,2.2,0.5,2.0,1.1,1.0,1.3,54908.0,7.5,315.0,1.1,-2.7,0.011,7267.0,1.0,3.0,1.0,0.7,0.002,1.3,-0.69,2.7,9.4,5.1,0.0135,7,0,4,3,69.1,40,-18,22,0.1,0.006016,999999.99,99999.99,99999.99,0.24,0.12,0.1,-1,2009-08-18 00:00:00
2009,230,1,2402,51,52,62,37,5.3,4.7,53.8,221.8,-2.1,-1.8,3.8,-1.0,4.1,0.8,2.6,1.2,2.1,1.0,56069.0,8.3,324.0,1.8,-1.5,0.009,4742.0,0.7,4.0,1.2,0.7,0.001,1.51,-1.33,2.27,8.8,5.1,0.0153,7,0,3,3,69.1,34,-17,17,0.2,0.006016,999999.99,99999.99,99999.99,0.29,0.14,0.09,-1,2009-08-18 01:00:00
2009,230,2,2402,51,52,62,35,5.3,3.9,55.9,143.7,-1.7,1.3,3.2,2.0,2.8,0.6,3.7,2.1,2.3,1.9,64495.0,7.3,322.0,2.8,-2.4,0.01,17920.0,0.8,4.0,1.1,0.8,0.002,1.31,-0.9,2.09,8.2,4.9,0.0177,7,0,3,3,69.1,25,-13,12,-0.1,0.006016,999999.99,99999.99,99999.99,0.24,0.14,0.12,-1,2009-08-18 02:00:00
2009,230,3,2402,51,52,59,37,4.5,2.9,-82.2,318.4,0.3,-0.3,-2.9,-1.1,-2.7,0.6,3.4,1.5,2.9,1.1,79578.0,6.2,327.0,2.7,-1.9,0.012,17007.0,1.4,4.0,1.0,0.9,0.003,1.16,0.88,2.65,9.0,5.0,0.0145,7,0,1,3,69.1,45,-4,41,0.5,0.006016,999999.99,99999.99,99999.99,0.27,0.16,0.11,-1,2009-08-18 03:00:00
2009,230,4,2402,51,52,61,35,5.1,4.8,-23.9,313.5,3.0,-3.2,-1.9,-3.6,-0.8,0.2,1.7,0.8,1.4,0.5,69626.0,6.4,333.0,3.3,-2.3,0.017,7228.0,0.8,3.0,0.5,0.5,0.002,1.27,0.27,2.03,8.3,5.0,0.0174,7,0,-2,3,69.1,41,-5,36,0.5,0.006016,999999.99,99999.99,99999.99,0.24,0.15,0.11,-1,2009-08-18 04:00:00
2009,230,5,2402,51,52,59,36,4.8,3.4,14.7,319.4,2.5,-2.1,0.9,-1.6,1.6,0.2,3.4,1.1,1.2,2.9,69508.0,5.3,327.0,2.6,-1.7,0.012,12868.0,1.2,4.0,0.7,0.6,0.001,0.99,-0.52,1.89,7.8,4.8,0.0193,7,0,-3,3,69.1,68,-24,44,0.3,0.006016,999999.99,99999.99,99999.99,0.23,0.13,0.1,-1,2009-08-18 05:00:00
2009,230,6,2402,51,52,61,37,4.7,4.3,49.8,322.4,2.2,-1.7,3.3,-0.2,3.7,0.2,1.8,1.2,1.1,0.8,75169.0,5.8,330.0,2.4,-1.4,0.013,8343.0,0.7,4.0,0.6,0.8,0.003,1.11,-1.22,2.22,8.5,4.9,0.0166,3,0,-2,2,69.1,29,-8,21,-0.1,0.006016,999999.99,99999.99,99999.99,0.2,0.11,0.09,-1,2009-08-18 06:00:00
2009,230,7,2402,51,52,60,35,4.1,3.9,8.5,27.0,3.4,1.7,0.6,1.8,-0.2,0.2,1.1,0.3,0.7,0.8,62953.0,5.4,331.0,3.1,0.5,0.018,9118.0,0.8,3.0,0.8,0.5,0.0,1.06,0.07,2.56,9.4,5.2,0.0135,3,0,2,2,69.1,26,-13,13,-0.2,0.006016,999999.99,99999.99,99999.99,0.22,0.12,0.09,-1,2009-08-18 07:00:00
2009,230,8,2402,51,52,60,35,3.8,3.7,12.3,3.9,3.6,0.3,0.8,0.6,0.6,0.1,0.6,0.2,0.4,0.4,52809.0,4.5,334.0,2.9,0.7,9.999,8145.0,0.8,4.0,0.2,0.3,9.999,1.0,-0.2,2.35,9.3,5.4,0.0137,3,0,1,2,69.1,49,-26,23,0.3,0.006016,999999.99,99999.99,99999.99,0.25,0.13,0.08,-1,2009-08-18 08:00:00
2009,230,9,2402,51,52,60,36,3.7,3.7,7.5,341.5,3.5,-1.2,0.5,-0.8,1.0,0.1,0.4,0.1,0.4,0.2,53758.0,4.2,334.0,2.9,0.7,9.999,10627.0,0.9,6.0,0.3,0.3,9.999,0.94,-0.33,2.32,9.2,5.3,0.0139,3,0,1,2,69.1,59,-44,15,0.2,0.006016,999999.99,99999.99,99999.99,0.28,0.17,0.12,-1,2009-08-18 09:00:00
2009,230,10,2402,51,52,60,36,4.2,4.1,0.4,356.6,4.1,-0.2,0.0,-0.2,0.1,0.2,0.7,0.3,0.6,0.3,60079.0,4.7,332.0,4.1,0.7,0.021,5803.0,0.6,2.0,0.4,0.2,0.001,0.94,-0.03,2.09,8.6,5.1,0.0162,3,0,0,2,69.1,44,-30,14,0.1,0.006016,999999.99,99999.99,99999.99,0.19,0.13,0.1,-1,2009-08-18 10:00:00
2009,230,11,2402,51,52,60,36,4.0,4.0,-8.1,354.1,3.9,-0.4,-0.6,-0.6,-0.3,0.1,0.4,0.2,0.3,0.3,55779.0,3.7,331.0,3.8,0.9,9.999,5967.0,0.7,2.0,0.4,0.3,9.999,0.81,0.1,1.77,8.0,5.0,0.0188,3,0,2,2,69.1,42,-31,11,0.1,0.006016,999999.99,99999.99,99999.99,0.25,0.13,0.09,-1,2009-08-18 11:00:00
2009,230,12,2402,51,52,58,36,4.3,4.2,-12.1,3.2,4.1,0.2,-0.9,-0.3,-0.9,0.2,1.0,0.3,0.9,0.3,51232.0,3.9,324.0,3.4,0.8,9.999,4221.0,0.8,3.0,0.5,0.3,9.999,0.82,0.29,1.58,7.4,4.8,0.0215,3,0,2,2,69.1,37,-27,10,0.1,0.006016,999999.99,99999.99,99999.99,0.26,0.17,0.12,-1,2009-08-18 12:00:00
2009,230,13,2402,51,52,61,35,4.5,4.5,-8.8,4.4,4.4,0.3,-0.7,-0.1,-0.8,0.1,0.6,0.1,0.4,0.4,51099.0,3.6,319.0,3.2,0.5,9.999,5437.0,0.8,3.0,0.7,0.6,9.999,0.73,0.26,1.33,6.7,4.6,0.0263,3,0,1,2,69.1,34,-26,8,-0.0,0.006016,999999.99,99999.99,99999.99,0.24,0.13,0.09,-1,2009-08-18 13:00:00
2009,230,14,2402,51,52,61,36,4.4,4.3,-9.2,359.3,4.2,-0.1,-0.7,-0.4,-0.6,0.2,0.8,0.2,0.4,0.6,48345.0,3.1,319.0,2.9,0.3,9.999,6136.0,0.6,3.0,0.6,1.4,9.999,0.63,0.19,1.18,6.4,4.5,0.0292,3,0,3,2,69.1,23,-15,9,0.2,0.006016,999999.99,99999.99,99999.99,0.2,0.12,0.1,-1,2009-08-18 14:00:00
2009,230,15,2402,51,52,59,34,4.2,4.0,5.3,345.5,3.9,-1.0,0.4,-0.8,0.8,0.1,1.1,0.2,0.9,0.7,48759.0,4.6,325.0,2.0,0.9,0.018,9005.0,1.2,6.0,0.9,0.6,0.0,0.87,-0.26,1.92,8.3,5.1,0.0173,7,0,4,3,69.1,38,-23,15,0.3,0.006016,999999.99,99999.99,99999.99,0.24,0.13,0.1,-1,2009-08-18 15:00:00
2009,230,16,2402,51,52,58,37,4.2,3.9,12.6,14.0,3.7,0.9,0.9,1.2,0.5,0.1,1.4,0.5,1.0,0.8,49563.0,4.7,321.0,3.2,1.7,9.999,6773.0,1.3,8.0,1.2,0.7,9.999,0.97,-0.16,1.97,8.3,5.0,0.0173,7,0,4,3,69.1,29,-15,14,0.4,0.006016,999999.99,99999.99,99999.99,0.24,0.12,0.09,-1,2009-08-18 16:00:00
2009,230,17,2402,51,52,61,35,4.2,3.9,7.9,347.8,3.8,-0.8,0.5,-0.6,0.7,0.1,1.5,0.4,0.5,1.4,49514.0,4.4,317.0,2.4,1.8,0.011,4143.0,1.2,7.0,0.6,1.6,0.0,0.77,-0.22,1.85,7.9,4.9,0.019,7,0,2,3,69.1,29,-14,14,0.6,0.006016,999999.99,99999.99,99999.99,0.22,0.13,0.1,-1,2009-08-18 17:00:00
2009,230,18,2402,51,52,59,28,4.4,4.0,28.1,348.0,3.4,-0.7,1.9,-0.2,2.0,0.2,1.8,0.6,0.8,1.5,44545.0,5.5,322.0,3.0,2.8,9.999,7715.0,1.3,7.0,1.2,1.5,9.999,1.14,-0.64,2.04,8.6,5.2,0.0162,7,0,3,3,69.1,38,-20,17,0.3,0.006016,999999.99,99999.99,99999.99,0.23,0.11,0.09,-1,2009-08-18 18:00:00
2009,230,19,2402,51,52,58,7,4.4,4.3,-2.2,8.9,4.2,0.7,-0.2,0.6,-0.4,0.1,1.0,0.1,0.6,0.8,41795.0,3.8,307.0,4.0,-1.7,9.999,2525.0,0.7,1.0,0.8,0.7,9.999,0.72,0.12,1.39,6.8,4.6,0.0257,7,0,-1,3,69.1,37,-19,18,0.4,0.006016,999999.99,99999.99,99999.99,0.23,0.13,0.09,-1,2009-08-18 19:00:00
2009,230,20,2402,51,52,62,35,4.3,4.0,-38.0,331.6,2.8,-1.5,-2.5,-2.0,-2.2,0.1,1.5,0.9,1.1,0.5,42128.0,5.3,316.0,1.9,-2.8,9.999,7473.0,1.7,7.0,1.3,0.9,9.999,1.06,0.7,2.03,8.5,5.1,0.0166,7,0,-1,3,69.1,60,-31,28,0.7,0.006016,999999.99,99999.99,99999.99,0.23,0.15,0.1,-1,2009-08-18 20:00:00
2009,230,21,2402,51,52,61,36,4.3,3.9,-22.0,269.6,0.0,-3.6,-1.4,-3.8,-0.8,0.2,1.7,0.9,0.7,1.3,48155.0,7.0,331.0,0.2,-1.0,0.004,5438.0,0.8,4.0,0.7,1.0,0.001,1.3,0.26,2.78,10.2,5.5,0.0115,10,0,-4,4,69.1,45,-22,23,0.6,0.006016,999999.99,99999.99,99999.99,0.25,0.14,0.1,-1,2009-08-18 21:00:00
2009,230,22,2402,51,52,58,32,4.3,3.8,-14.8,290.8,1.3,-3.4,-1.0,-3.5,-0.4,0.2,2.0,1.2,0.9,1.4,42191.0,5.8,323.0,-0.8,-1.1,0.007,8424.0,1.5,5.0,0.8,1.4,0.0,1.04,0.13,2.23,9.0,5.3,0.0145,10,0,-3,4,69.1,44,-22,23,0.2,0.006016,999999.99,99999.99,99999.99,0.24,0.12,0.1,-1,2009-08-18 22:00:00
2009,230,23,2402,51,52,62,35,4.6,3.8,25.3,274.0,0.2,-3.4,1.6,-3.1,2.2,0.2,2.6,1.9,1.0,1.6,45222.0,6.1,327.0,-0.5,1.2,9.999,7843.0,1.0,10.0,1.7,1.1,9.999,1.3,-0.72,2.08,8.8,5.2,0.0154,10,0,0,4,69.1,38,-20,19,0.2,0.006016,999999.99,99999.99,99999.99,0.21,0.13,0.1,-1,2009-08-18 23:00:00
2009,231,0,2402,51,52,61,37,4.9,4.5,20.2,254.9,-1.1,-4.1,1.6,-3.7,2.3,0.1,1.8,1.1,0.6,1.3,52323.0,6.5,335.0,-1.0,1.2,0.01,6513.0,0.9,6.0,0.6,0.8,0.0,1.27,-0.77,2.03,8.7,5.2,0.0157,3,0,3,2,68.7,37,-18,19,0.1,0.006028,999999.99,99999.99,99999.99,0.23,0.12,0.09,-1,2009-08-19 00:00:00
2009,231,1,2402,51,52,61,32,4.7,4.1,-0.6,261.1,-0.6,-4.1,0.0,-4.0,0.9,0.3,2.1,1.0,0.7,1.7,54873.0,6.4,340.0,-1.4,1.1,0.006,8142.0,0.9,3.0,0.7,1.5,0.0,1.27,-0.31,2.21,9.2,5.4,0.0142,3,0,4,2,68.7,47,-17,30,0.2,0.006028,999999.99,99999.99,99999.99,0.27,0.14,0.1,-1,2009-08-19 01:00:00
2009,231,2,2402,51,52,57,34,4.7,4.5,23.9,279.0,0.6,-4.1,1.8,-3.5,2.7,0.2,1.2,0.9,0.3,0.7,59822.0,5.9,336.0,-1.8,2.7,0.008,11226.0,1.2,6.0,0.6,1.2,0.001,1.15,-0.91,2.09,8.7,5.2,0.0158,3,0,1,2,68.7,32,-13,19,0.2,0.006028,999999.99,99999.99,99999.99,0.24,0.12,0.09,-1,2009-08-19 02:00:00
2009,231,3,2402,51,52,62,37,5.3,5.1,2.1,285.8,1.4,-4.9,0.2,-4.6,1.6,0.2,1.6,0.6,0.5,1.4,56109.0,5.7,332.0,-3.0,0.9,0.011,10707.0,1.1,4.0,0.6,1.2,0.0,1.1,-0.53,1.56,7.5,4.9,0.0213,3,0,1,2,68.7,27,-13,14,0.1,0.006028,999999.99,99999.99,99999.99,0.27,0.15,0.1,-1,2009-08-19 03:00:00
2009,231,4,2402,51,52,59,34,5.8,5.3,-2.4,275.1,0.5,-5.3,-0.2,-5.1,1.5,0.3,2.1,0.5,0.7,1.9,48613.0,5.2,339.0,-3.3,0.9,0.011,13588.0,1.3,3.0,0.8,2.0,0.003,1.04,-0.51,1.14,6.7,4.7,0.0268,3,0,1,2,68.7,29,-6,22,-0.0,0.006028,999999.99,99999.99,99999.99,0.23,0.13,0.09,-1,2009-08-19 04:00:00
2009,231,5,2402,51,52,59,32,4.0,2.7,14.7,319.9,2.0,-1.7,0.7,-1.3,1.3,0.2,2.9,1.1,1.2,2.3,54762.0,5.7,328.0,-0.8,0.8,0.01,19889.0,2.2,10.0,1.6,3.2,0.0,1.07,-0.43,2.71,9.8,5.4,0.0124,3,0,2,2,68.7,32,-3,29,0.1,0.006028,999999.99,99999.99,99999.99,0.23,0.13,0.09,-1,2009-08-19 05:00:00
2009,231,6,2402,51,52,61,31,4.7,4.2,-17.7,350.2,3.9,-0.7,-1.3,-1.2,-0.9,0.4,2.2,0.8,1.2,1.7,49372.0,4.8,317.0,0.0,-1.0,9.999,12752.0,2.2,8.0,1.6,2.7,9.999,0.96,0.29,1.61,7.4,4.8,0.0218,7,0,3,3,68.7,54,-3,51,0.6,0.006028,999999.99,99999.99,99999.99,0.23,0.15,0.12,-1,2009-08-19 06:00:00
2009,231,7,2402,51,52,61,37,6.3,6.2,14.4,345.9,5.9,-1.5,1.6,-0.6,2.1,0.5,0.9,0.4,0.5,0.6,51016.0,5.7,321.0,-1.3,3.1,9.999,8636.0,2.1,6.0,0.9,0.8,9.999,1.17,-0.67,1.07,6.1,4.4,0.0322,7,0,5,3,68.7,44,-9,35,0.2,0.006028,999999.99,99999.99,99999.99,0.27,0.14,0.1,-1,2009-08-19 07:00:00
2009,231,8,2402,51,52,56,35,7.6,7.3,26.1,336.1,6.0,-2.7,3.2,-0.9,4.1,0.3,1.8,0.6,1.5,0.9,57041.0,8.9,334.0,-2.9,3.6,9.999,10843.0,2.2,7.0,1.5,0.9,9.999,1.99,-1.37,1.19,6.6,4.6,0.0277,7,0,8,3,68.7,44,-15,30,0.0,0.006028,999999.99,99999.99,99999.99,0.2,0.12,0.09,-1,2009-08-19 08:00:00
2009,231,9,2402,51,52,61,36,7.6,7.4,1.7,6.5,7.4,0.8,0.2,0.8,-0.2,0.4,1.6,0.5,1.2,0.9,71721.0,8.9,316.0,-1.1,1.8,9.999,16220.0,2.7,6.0,2.3,1.2,9.999,1.78,0.06,1.28,6.2,4.3,0.0309,20,0,12,7,68.7,47,-18,29,-0.0,0.006028,999999.99,99999.99,99999.99,0.25,0.16,0.12,-1,2009-08-19 09:00:00
2009,231,10,2402,51,52,64,40,9.0,7.7,-31.4,40.4,5.0,4.2,-4.0,1.6,-5.6,0.6,4.5,2.5,3.3,1.9,71683.0,14.0,338.0,-0.9,-1.9,0.007,19882.0,3.2,13.0,2.5,1.5,0.001,2.75,1.89,1.44,7.0,4.7,0.0241,20,0,12,7,68.7,85,-34,51,1.6,0.006028,999999.99,99999.99,99999.99,0.24,0.14,0.1,-1,2009-08-19 10:00:00
2009,231,11,2402,51,52,58,33,7.8,7.2,-57.2,67.8,1.5,3.6,-6.0,0.1,-7.0,0.4,2.9,2.2,1.6,0.9,70375.0,15.8,350.0,-1.8,-4.1,0.005,13972.0,3.4,8.0,1.1,0.7,0.002,3.3,2.45,2.15,8.9,5.3,0.015,20,0,3,7,68.7,347,-222,125,1.7,0.006028,999999.99,99999.99,99999.99,0.24,0.12,0.1,-1,2009-08-19 11:00:00
2009,231,12,2402,51,52,61,35,9.0,8.5,-42.6,62.6,2.9,5.5,-5.7,2.0,-7.7,0.7,3.0,1.6,2.1,1.4,61240.0,12.9,336.0,-0.5,-5.1,0.009,15411.0,3.2,7.0,1.2,1.1,0.003,2.52,2.59,1.26,6.7,4.6,0.0265,30,0,-10,15,68.7,545,-436,108,2.5,0.006028,999999.99,99999.99,99999.99,0.25,0.11,0.1,-1,2009-08-19 12:00:00
2009,231,13,2402,51,52,60,36,9.1,7.9,-18.8,81.1,1.2,7.4,-2.5,5.4,-5.7,0.3,4.5,2.0,1.1,3.9,52428.0,12.4,340.0,0.5,-3.7,0.005,21640.0,2.2,8.0,1.0,2.8,0.001,2.44,1.94,1.13,6.6,4.7,0.0275,30,0,-18,15,68.7,513,-378,134,3.1,0.006028,999999.99,99999.99,99999.99,0.26,0.15,0.11,-1,2009-08-19 13:00:00
2009,231,14,2402,51,52,59,34,8.3,7.9,-63.5,37.1,2.8,2.1,-7.0,-1.2,-7.2,0.1,2.6,0.7,2.4,0.7,58524.0,15.0,338.0,-2.3,-5.2,0.006,7926.0,1.2,4.0,1.9,1.0,0.001,2.93,2.43,1.69,7.9,5.0,0.0191,30,0,-16,15,68.7,511,-332,180,2.7,0.006028,999999.99,99999.99,99999.99,0.24,0.15,0.12,-1,2009-08-19 14:00:00
2009,231,15,2402,51,52,61,36,9.0,8.2,-58.0,25.2,3.9,1.8,-6.9,-1.1,-7.0,0.5,3.8,1.2,3.5,0.8,72611.0,11.1,340.0,-1.9,-5.2,0.007,12545.0,2.2,3.0,1.1,1.0,0.0,2.2,2.38,1.15,6.3,4.5,0.03,23,0,-23,9,68.7,599,-371,228,2.3,0.006028,999999.99,99999.99,99999.99,0.24,0.12,0.09,-1,2009-08-19 15:00:00
2009,231,16,2402,51,52,64,36,10.4,9.9,-8.3,305.9,5.8,-8.0,-1.4,-8.0,1.6,0.7,3.2,0.5,2.1,2.4,53420.0,8.1,355.0,-3.8,-0.9,0.006,11522.0,1.2,5.0,1.0,1.8,0.002,1.75,-0.57,0.57,4.9,4.0,0.0504,23,0,-26,9,68.7,413,-252,161,1.8,0.006028,999999.99,99999.99,99999.99,0.22,0.12,0.08,-1,2009-08-19 16:00:00
2009,231,17,2402,51,52,59,36,11.6,11.3,-17.6,307.5,6.5,-8.5,-3.4,-9.1,-0.6,0.4,2.8,0.7,1.5,2.3,35712.0,5.9,363.0,-3.7,1.8,0.012,16515.0,1.2,5.0,1.4,1.1,0.002,1.36,0.22,0.3,3.8,3.4,0.0823,23,0,-24,9,68.7,196,-106,90,2.7,0.006028,999999.99,99999.99,99999.99,0.26,0.14,0.1,-1,2009-08-19 17:00:00
2009,231,18,2402,51,52,61,36,11.3,11.2,-28.1,308.0,6.1,-7.8,-5.3,-8.9,-3.0,0.1,1.1,0.3,0.5,0.9,47374.0,5.5,363.0,-4.1,2.0,0.02,5466.0,0.6,5.0,0.5,0.4,0.003,1.31,1.09,0.31,3.8,3.3,0.0838,27,0,-24,12,68.7,290,-185,106,2.5,0.006028,999999.99,99999.99,99999.99,0.24,0.12,0.09,-1,2009-08-19 18:00:00
2009,231,19,2402,51,52,64,39,9.7,9.1,5.7,312.6,6.1,-6.7,0.9,-6.3,2.4,0.7,3.5,0.8,0.8,3.3,95487.0,6.1,387.0,-1.2,1.7,0.022,28051.0,1.2,12.0,1.3,1.5,0.004,1.66,-0.93,0.6,4.9,4.0,0.049,27,0,-22,12,68.7,303,-158,145,1.4,0.006028,999999.99,99999.99,99999.99,0.24,0.13,0.08,-1,2009-08-19 19:00:00
2009,231,20,2402,51,52,61,37,7.4,6.9,-46.9,302.5,2.5,-4.0,-5.1,-4.9,-4.2,0.6,2.4,1.2,1.4,1.6,199190.0,7.9,400.0,1.2,1.6,0.032,25282.0,0.6,8.0,1.8,1.3,0.004,2.38,1.68,1.97,7.6,4.6,0.0206,27,0,-18,12,68.7,188,-87,101,2.1,0.006028,999999.99,99999.99,99999.99,0.26,0.12,0.08,-1,2009-08-19 20:00:00
2009,231,21,2402,51,52,60,36,8.1,6.6,-1.6,311.6,4.4,-4.9,-0.2,-4.9,0.7,0.6,4.6,1.8,2.1,3.7,186162.0,8.3,404.0,1.4,1.4,0.029,27685.0,0.5,5.0,1.2,1.0,0.003,2.52,-0.28,1.66,7.2,4.6,0.023,30,0,-21,15,68.7,98,-40,59,0.7,0.006028,999999.99,99999.99,99999.99,0.21,0.11,0.08,-1,2009-08-19 21:00:00
2009,231,22,2402,51,52,62,36,7.1,6.7,-2.7,318.8,5.0,-4.4,-0.3,-4.4,0.5,0.7,2.3,0.9,1.2,1.7,177321.0,8.2,401.0,0.7,1.1,0.032,13207.0,0.4,4.0,0.5,1.6,0.003,2.48,-0.2,2.07,8.1,4.8,0.0182,30,0,-17,15,68.7,87,-59,27,0.7,0.006028,999999.99,99999.99,99999.99,0.2,0.11,0.08,-1,2009-08-19 22:00:00
2009,231,23,2402,51,52,64,39,7.6,2.4,-57.3,285.5,0.3,-1.3,-2.0,-1.6,-1.7,1.1,7.2,3.4,2.9,5.7,185507.0,7.9,436.0,3.1,-0.4,0.025,26799.0,0.9,19.0,1.8,2.6,0.006,2.76,0.74,1.79,8.1,5.1,0.0183,30,0,-16,15,68.7,337,-213,124,1.9,0.006028,999999.99,99999.99,99999.99,0.23,0.12,0.08,-1,2009-08-19 23:00:00
2009,232,0,2402,51,52,59,34,9.3,9.0,30.8,325.1,6.4,-4.4,4.6,-3.5,5.3,0.2,2.2,1.2,0.9,1.6,132831.0,6.0,437.0,3.2,1.6,0.031,31544.0,1.3,8.0,1.2,1.8,0.009,2.15,-2.32,0.75,5.8,4.5,0.0359,33,0,-12,18,69.2,342,-239,103,1.7,0.006038,999999.99,99999.99,99999.99,0.26,0.12,0.09,-1,2009-08-20 00:00:00
2009,232,1,2402,51,52,60,37,10.2,9.8,8.0,327.7,8.2,-5.2,1.4,-4.8,2.5,0.5,2.8,1.0,1.8,1.9,123873.0,5.0,435.0,1.0,-1.0,9.999,24497.0,1.1,3.0,1.1,0.9,9.999,1.89,-1.09,0.5,4.8,4.0,0.0523,33,0,-11,18,69.2,37,-17,20,0.1,0.006038,999999.99,99999.99,99999.99,0.21,0.12,0.09,-1,2009-08-20 01:00:00
2009,232,2,2402,51,52,59,33,8.5,6.4,-59.0,265.7,-0.2,-3.3,-5.5,-4.5,-4.5,0.7,5.6,4.3,3.0,1.7,175875.0,7.0,451.0,-0.2,-4.1,0.023,38029.0,1.3,15.0,1.8,1.0,0.005,2.6,2.03,1.23,7.0,4.9,0.0241,33,0,-12,18,69.2,216,-92,124,1.5,0.006038,999999.99,99999.99,99999.99,0.24,0.14,0.12,-1,2009-08-20 02:00:00
2009,232,3,2402,51,52,60,35,8.3,5.7,-10.3,310.9,3.7,-4.2,-1.0,-4.3,0.2,0.8,6.0,2.4,1.6,5.3,202233.0,5.2,450.0,-0.5,-4.5,0.024,52360.0,1.6,10.0,1.9,2.0,0.004,1.93,-0.09,1.04,6.2,4.5,0.0311,37,0,-18,22,69.2,541,-393,148,4.0,0.006038,999999.99,99999.99,99999.99,0.2,0.12,0.1,-1,2009-08-20 03:00:00
2009,232,4,2402,51,52,63,39,8.4,7.8,39.8,349.6,5.9,-1.1,5.0,0.6,5.1,0.3,2.7,1.4,1.9,1.4,186106.0,5.5,461.0,3.2,-4.5,0.029,21829.0,0.6,9.0,1.7,2.1,0.003,2.18,-2.35,1.02,6.4,4.7,0.0287,37,0,-14,22,69.2,103,-26,78,0.7,0.006038,999999.99,99999.99,99999.99,0.22,0.13,0.09,-1,2009-08-20 04:00:00
2009,232,5,2402,51,52,59,36,7.8,7.4,48.9,353.3,4.9,-0.6,5.6,1.5,5.4,0.3,2.1,0.8,1.6,1.1,183897.0,5.8,471.0,4.4,-1.4,0.028,18530.0,0.3,5.0,1.1,1.2,0.003,2.39,-2.54,1.24,7.3,5.1,0.0225,37,0,-10,22,69.2,31,-4,27,0.2,0.006038,999999.99,99999.99,99999.99,0.21,0.14,0.1,-1,2009-08-20 05:00:00
2009,232,6,2402,51,52,62,37,7.2,6.3,-0.1,331.0,5.5,-3.1,0.0,-2.8,1.3,0.3,3.4,0.6,1.3,3.1,157218.0,6.3,474.0,4.1,-3.2,0.031,19275.0,0.6,7.0,1.0,1.1,0.002,2.66,-0.62,1.44,8.3,5.5,0.0174,20,0,-6,7,69.2,45,-10,34,0.4,0.006038,999999.99,99999.99,99999.99,0.19,0.11,0.08,-1,2009-08-20 06:00:00
2009,232,7,2402,51,52,60,37,6.3,5.6,-19.7,316.1,3.8,-3.6,-1.9,-4.1,-0.1,0.4,2.9,0.9,0.9,2.7,152845.0,6.3,480.0,3.9,-2.5,0.03,10853.0,0.5,6.0,0.6,1.1,0.003,2.71,0.05,1.86,9.6,5.9,0.013,20,0,-8,7,69.2,148,-62,86,0.9,0.006038,999999.99,99999.99,99999.99,0.27,0.11,0.09,-1,2009-08-20 07:00:00
2009,232,8,2402,51,52,62,38,5.3,4.2,0.2,312.3,2.8,-3.1,0.0,-2.7,1.5,0.3,3.2,1.1,1.1,2.8,173320.0,6.1,497.0,3.7,-0.3,0.03,12701.0,0.4,7.0,0.6,1.2,0.003,2.82,-0.75,2.73,11.6,6.3,0.0089,20,0,-9,7,69.2,213,-170,44,0.8,0.006038,999999.99,99999.99,99999.99,0.17,0.11,0.08,-1,2009-08-20 08:00:00
2009,232,9,2402,51,52,61,37,4.1,2.1,76.4,359.6,0.5,0.0,2.0,1.0,1.7,0.8,3.4,1.0,2.4,2.2,236419.0,5.3,524.0,6.6,0.9,0.023,23434.0,0.4,8.0,1.1,1.0,0.004,2.65,-0.89,4.78,14.7,6.5,0.0055,20,0,-6,7,69.2,105,-62,43,0.7,0.006038,999999.99,99999.99,99999.99,0.21,0.11,0.09,-1,2009-08-20 09:00:00
2009,232,10,2402,51,52,60,37,4.8,2.7,26.2,51.8,1.5,1.9,1.2,2.2,0.1,0.6,4.0,0.9,1.7,3.5,267991.0,4.8,520.0,7.0,-0.5,0.024,35392.0,0.6,3.0,0.6,0.6,0.004,2.38,-0.05,3.44,11.9,6.0,0.0084,20,0,-7,7,69.2,130,-76,55,1.3,0.006038,999999.99,99999.99,99999.99,0.19,0.12,0.09,-1,2009-08-20 10:00:00
2009,232,11,2402,51,52,60,37,3.9,3.0,42.7,326.0,1.8,-1.2,2.0,0.0,2.3,0.8,2.4,1.0,1.1,1.9,300773.0,4.7,517.0,6.6,-0.3,0.025,20121.0,0.3,7.0,0.6,0.9,0.004,2.31,-1.19,5.52,14.4,6.0,0.0058,20,0,-6,7,69.2,135,-99,35,0.3,0.006038,999999.99,99999.99,99999.99,0.2,0.11,0.08,-1,2009-08-20 11:00:00
2009,232,12,2402,51,52,59,35,4.7,3.3,-20.4,305.9,1.8,-2.5,-1.2,-2.8,0.2,0.9,3.3,2.2,1.2,2.2,215243.0,3.4,503.0,5.0,-2.2,0.026,61207.0,1.1,22.0,1.5,2.1,0.005,1.59,-0.1,2.2,9.9,5.8,0.0122,17,0,-6,6,69.2,52,-27,25,0.6,0.006038,999999.99,99999.99,99999.99,0.26,0.12,0.09,-1,2009-08-20 12:00:00
2009,232,13,2402,51,52,57,30,6.1,5.6,-6.1,311.3,3.7,-4.2,-0.6,-4.0,1.5,0.2,2.4,1.6,1.1,1.4,144730.0,2.6,477.0,3.4,-1.1,0.032,49253.0,0.7,18.0,1.2,1.8,0.012,1.11,-0.72,0.79,6.3,4.9,0.0299,17,0,-9,6,69.2,151,-131,20,1.5,0.006038,999999.99,99999.99,99999.99,0.22,0.13,0.1,-1,2009-08-20 13:00:00
2009,232,14,2402,51,52,60,33,5.8,5.3,-2.1,329.0,4.5,-2.7,-0.2,-2.5,1.0,0.1,2.4,0.9,1.3,1.7,112015.0,2.0,466.0,4.8,-2.0,0.072,18031.0,0.3,11.0,2.3,2.8,0.0,0.93,-0.47,0.59,5.7,4.6,0.0369,17,0,-11,6,69.2,100,-79,22,1.2,0.006038,999999.99,99999.99,99999.99,0.25,0.13,0.09,-1,2009-08-20 14:00:00
2009,232,15,2402,51,52,62,37,5.7,5.0,16.9,330.5,4.1,-2.3,1.4,-1.5,2.2,0.1,2.7,1.5,1.6,1.6,123267.0,2.3,467.0,6.3,-2.1,9.999,27219.0,0.7,17.0,2.9,2.1,9.999,1.0,-1.03,0.74,6.2,4.9,0.0308,7,0,-11,3,69.2,59,-43,16,0.7,0.006038,999999.99,99999.99,99999.99,0.2,0.1,0.08,-1,2009-08-20 15:00:00
2009,232,16,2402,51,52,60,26,5.3,4.2,3.7,310.1,2.7,-3.2,0.3,-2.9,1.4,0.2,3.1,1.8,1.8,1.7,110178.0,2.2,474.0,2.6,-3.0,9.999,36851.0,0.9,20.0,1.8,2.7,9.999,0.99,-0.66,0.78,6.6,5.1,0.027,7,0,-8,3,69.2,34,-17,18,1.2,0.006038,999999.99,99999.99,99999.99,0.22,0.12,0.09,-1,2009-08-20 16:00:00
2009,232,17,2402,51,52,57,31,5.7,4.9,9.4,306.3,2.9,-3.9,0.8,-3.4,2.0,0.2,2.5,1.8,1.3,1.3,122321.0,2.8,475.0,0.5,-3.7,0.023,33722.0,0.7,16.0,1.6,1.8,0.005,1.15,-0.95,0.9,7.0,5.2,0.0245,7,0,-5,3,69.2,40,-18,21,1.7,0.006038,999999.99,99999.99,99999.99,0.2,0.12,0.09,-1,2009-08-20 17:00:00
2009,232,18,2402,51,52,62,37,5.7,5.2,17.4,326.1,4.1,-2.8,1.6,-2.3,2.3,0.2,2.1,1.0,0.8,1.6,127000.0,3.2,465.0,2.5,-3.0,0.024,32001.0,0.8,10.0,1.2,1.8,0.001,1.27,-1.07,1.05,7.3,5.3,0.0223,17,0,-4,6,69.2,54,-27,27,1.3,0.006038,999999.99,99999.99,99999.99,0.24,0.11,0.09,-1,2009-08-20 18:00:00
2009,232,19,2402,51,52,62,37,4.6,3.7,0.8,328.3,3.2,-2.0,0.1,-1.9,0.6,0.6,2.6,0.7,1.6,1.9,84726.0,2.1,485.0,0.5,-4.3,0.019,27870.0,0.7,9.0,1.9,2.8,0.005,0.89,-0.29,0.88,7.6,5.8,0.0204,17,0,-3,6,69.2,66,-37,29,0.8,0.006038,999999.99,99999.99,99999.99,0.23,0.14,0.11,-1,2009-08-20 19:00:00
2009,232,20,2402,51,52,51,28,4.1,3.8,-14.9,320.6,2.8,-2.3,-1.0,-2.5,-0.5,0.1,1.6,0.7,0.5,1.3,83852.0,2.1,505.0,-2.2,-4.0,0.021,16173.0,0.4,11.0,0.9,1.8,0.0,0.97,0.25,1.1,8.9,6.4,0.0149,17,0,-3,6,69.2,68,-31,36,0.9,0.006038,999999.99,99999.99,99999.99,0.24,0.15,0.1,-1,2009-08-20 20:00:00
2009,232,21,2402,51,52,7,3,4.2,4.1,39.5,316.1,2.3,-2.2,2.6,-1.7,3.0,0.1,0.9,0.5,0.3,0.6,88478.0,2.1,513.0,-2.0,-0.4,0.016,8201.0,0.2,2.0,0.1,0.2,0.003,0.98,-1.54,1.07,8.9,6.4,0.0152,23,0,-6,9,69.2,83,-32,51,1.1,0.006038,999999.99,99999.99,99999.99,0.22,0.11,0.08,-1,2009-08-20 21:00:00
2009,232,22,2402,71,71,16,16,3.4,1.9,55.5,40.3,0.8,0.7,1.6,1.0,1.5,0.4,2.6,1.9,1.0,1.6,138211.0,2.4,536.0,0.3,-2.9,9.999,31827.0,0.1,14.0,0.8,1.1,9.999,1.38,-0.8,2.3,12.2,7.1,0.008,23,0,-8,9,69.2,156,-107,49,1.1,0.006038,999999.99,99999.99,99999.99,0.22,0.14,0.11,-1,2009-08-20 22:00:00
2009,232,23,2402,71,71,15,15,4.1,3.2,52.9,205.6,-1.7,-0.8,2.5,-0.3,2.6,0.1,2.2,1.4,1.6,0.6,96572.0,2.3,559.0,-0.5,-2.0,9.999,12507.0,0.2,15.0,1.2,0.8,9.999,1.44,-1.45,1.28,10.3,7.1,0.0111,23,0,-9,9,69.2,32,-16,16,0.1,0.006038,999999.99,99999.99,99999.99,0.17,0.11,0.08,-1,2009-08-20 23:00:00
2009,233,0,2402,71,71,14,14,3.9,3.0,16.5,285.3,0.8,-2.8,0.9,-2.6,1.4,0.3,2.2,1.8,0.8,0.9,101954.0,2.0,533.0,-2.4,-3.3,9.999,17812.0,0.1,15.0,1.1,1.1,9.999,1.14,-0.75,1.26,9.7,6.7,0.0127,17,0,-12,6,67.9,26,-16,11,0.1,0.00595,999999.99,99999.99,99999.99,0.22,0.11,0.09,-1,2009-08-21 00:00:00
2009,233,1,2402,71,71,15,15,3.8,3.1,-16.7,10.2,2.9,0.5,-0.9,0.3,-1.0,0.2,2.0,1.0,1.4,1.1,172973.0,2.1,524.0,0.3,-4.5,9.999,15543.0,0.1,10.0,0.7,0.7,9.999,1.15,0.52,1.82,10.0,6.2,0.0119,17,0,-16,6,67.9,54,-24,30,0.6,0.00595,999999.99,99999.99,99999.99,0.25,0.13,0.1,-1,2009-08-21 01:00:00
2009,233,2,2402,71,71,16,16,4.1,3.6,14.6,303.7,1.9,-2.9,0.9,-2.6,1.6,0.2,1.8,1.2,0.9,0.9,128955.0,2.2,531.0,-1.7,-2.2,9.999,25951.0,0.2,11.0,1.4,0.8,9.999,1.24,-0.85,1.4,9.6,6.5,0.0129,17,0,-16,6,67.9,78,-57,21,0.4,0.00595,999999.99,99999.99,99999.99,0.27,0.15,0.1,-1,2009-08-21 02:00:00
2009,233,3,2402,71,71,15,15,4.1,3.9,25.5,272.1,0.1,-3.5,1.7,-2.9,2.6,0.1,1.2,0.3,0.4,1.1,98129.0,2.5,547.0,-2.2,-1.2,9.999,15208.0,0.3,2.0,0.6,1.1,9.999,1.5,-1.42,1.4,10.5,7.1,0.0107,7,0,-13,3,67.9,32,-16,16,-0.0,0.00595,999999.99,99999.99,99999.99,0.23,0.12,0.08,-1,2009-08-21 03:00:00
2009,233,4,2402,71,71,15,15,4.0,3.3,25.4,295.4,1.3,-2.7,1.4,-2.1,2.2,0.1,1.8,1.2,0.5,1.3,123472.0,2.3,533.0,-1.7,-1.7,9.999,17150.0,0.2,12.0,1.0,1.0,9.999,1.31,-1.17,1.51,10.1,6.7,0.0117,7,0,-13,3,67.9,32,-8,24,0.1,0.00595,999999.99,99999.99,99999.99,0.21,0.11,0.08,-1,2009-08-21 04:00:00
2009,233,5,2402,71,71,14,14,3.9,3.5,30.4,310.4,1.9,-2.3,1.8,-1.5,2.5,0.1,1.5,0.9,0.5,1.1,126369.0,2.5,527.0,-0.8,-1.2,9.999,18058.0,0.1,7.0,0.3,0.7,9.999,1.39,-1.32,1.74,10.7,6.7,0.0104,7,0,-11,3,67.9,21,-5,17,-0.2,0.00595,999999.99,99999.99,99999.99,0.24,0.13,0.1,-1,2009-08-21 05:00:00
2009,233,6,2402,71,71,15,15,3.7,3.3,8.1,343.2,3.1,-0.9,0.5,-0.6,0.8,0.4,1.4,0.7,0.9,0.8,171878.0,2.5,517.0,-0.2,-1.8,9.999,20102.0,0.1,3.0,1.1,0.8,9.999,1.34,-0.41,2.28,11.0,6.4,0.0097,27,0,-11,12,67.9,32,-11,21,0.1,0.00595,999999.99,99999.99,99999.99,0.23,0.13,0.1,-1,2009-08-21 06:00:00
2009,233,7,2402,51,52,22,11,3.4,3.1,-54.5,75.3,0.5,1.8,-2.6,0.4,-3.1,0.2,1.0,0.5,0.6,0.6,151728.0,2.8,538.0,2.7,-2.6,0.016,13890.0,0.2,5.0,0.6,0.7,0.003,1.44,1.67,2.82,13.2,7.1,0.0068,27,0,-10,12,67.9,93,-49,43,0.8,0.00595,999999.99,99999.99,99999.99,0.27,0.15,0.1,-1,2009-08-21 07:00:00
2009,233,8,2402,51,52,59,36,3.5,1.6,2.9,57.6,0.9,1.4,0.1,1.3,-0.6,0.4,3.1,0.7,2.0,2.2,128083.0,3.2,529.0,2.5,-0.2,0.016,26646.0,0.2,6.0,1.6,1.8,0.002,1.59,0.32,2.79,13.5,7.3,0.0065,27,0,-9,12,67.9,418,-377,41,2.2,0.00595,999999.99,99999.99,99999.99,0.26,0.12,0.08,-1,2009-08-21 08:00:00
2009,233,9,2402,51,52,60,33,3.7,3.2,32.1,318.3,2.0,-1.8,1.7,-0.7,2.4,0.3,1.8,1.2,0.9,0.9,144031.0,3.2,526.0,-0.2,0.9,0.018,15401.0,0.2,9.0,0.8,0.7,0.004,1.59,-1.26,2.65,12.7,7.0,0.0074,13,0,-9,5,67.9,120,-59,61,0.9,0.00595,999999.99,99999.99,99999.99,0.22,0.13,0.09,-1,2009-08-21 09:00:00
2009,233,10,2402,51,52,59,35,4.2,3.4,70.8,299.2,0.5,-1.0,3.2,0.8,3.3,0.3,2.3,1.5,1.3,1.1,143317.0,3.6,530.0,0.6,2.3,0.014,23307.0,0.5,12.0,1.2,0.6,0.004,1.78,-1.75,2.31,12.0,6.9,0.0083,13,0,-7,5,67.9,60,-18,41,0.7,0.00595,999999.99,99999.99,99999.99,0.21,0.12,0.1,-1,2009-08-21 10:00:00
2009,233,11,2402,51,52,61,37,4.4,3.7,31.6,338.2,2.9,-1.2,1.9,-0.1,2.2,0.1,2.1,0.7,1.6,1.1,131052.0,3.3,508.0,0.2,2.1,0.017,27374.0,0.7,12.0,1.9,1.5,0.005,1.52,-1.12,1.84,10.5,6.5,0.0108,13,0,-4,5,67.9,45,-24,21,0.6,0.00595,999999.99,99999.99,99999.99,0.21,0.12,0.09,-1,2009-08-21 11:00:00
2009,233,12,2402,51,52,58,35,4.3,2.6,0.1,357.2,2.6,-0.1,0.0,-0.1,0.0,0.1,3.3,0.9,2.8,1.3,129476.0,3.6,509.0,1.4,0.0,0.014,18182.0,0.5,13.0,3.1,1.9,0.003,1.64,-0.0,2.09,11.2,6.7,0.0094,27,0,-2,12,67.9,50,-30,20,0.8,0.00595,999999.99,99999.99,99999.99,0.21,0.12,0.09,-1,2009-08-21 12:00:00
2009,233,13,2402,51,52,61,37,4.0,2.9,-50.5,52.7,1.1,1.5,-2.3,0.2,-2.7,0.3,2.6,1.1,1.8,1.4,132884.0,3.3,521.0,2.6,-2.4,0.012,19770.0,0.4,13.0,2.1,1.1,0.003,1.57,1.41,2.24,11.8,6.9,0.0085,27,0,-1,12,67.9,81,-38,43,1.5,0.00595,999999.99,99999.99,99999.99,0.23,0.13,0.1,-1,2009-08-21 13:00:00
2009,233,14,2402,51,52,59,33,3.7,3.2,-36.5,31.2,2.2,1.3,-1.9,0.3,-2.3,0.2,1.7,1.1,1.0,0.9,123297.0,2.8,506.0,3.2,-2.7,0.016,23352.0,0.7,17.0,1.1,0.9,0.007,1.27,1.16,2.14,11.4,6.8,0.0091,27,0,-10,12,67.9,294,-252,42,1.4,0.00595,999999.99,99999.99,99999.99,0.19,0.12,0.09,-1,2009-08-21 14:00:00
2009,233,15,2402,51,52,61,33,3.8,2.7,-8.7,328.3,2.3,-1.4,-0.4,-1.4,0.2,0.1,2.5,1.3,1.8,1.2,105482.0,2.5,502.0,0.8,-1.7,0.017,31818.0,0.7,16.0,1.8,1.2,0.007,1.12,-0.1,1.68,10.4,6.7,0.0109,23,0,-16,9,67.9,240,-188,52,0.9,0.00595,999999.99,99999.99,99999.99,0.24,0.12,0.1,-1,2009-08-21 15:00:00
2009,233,16,2402,51,52,57,32,3.8,3.1,-1.4,329.9,2.6,-1.5,-0.1,-1.4,0.5,0.1,2.1,0.8,1.3,1.4,107097.0,2.4,496.0,0.6,-1.3,0.013,26168.0,0.6,12.0,2.2,1.3,0.0,1.04,-0.25,1.63,10.1,6.5,0.0116,23,0,-15,9,67.9,134,-111,22,1.6,0.00595,999999.99,99999.99,99999.99,0.23,0.12,0.07,-1,2009-08-21 16:00:00
2009,233,17,2402,51,52,61,32,3.4,2.4,-34.4,346.9,1.9,-0.4,-1.3,-0.8,-1.1,0.1,2.3,0.7,1.7,1.4,126064.0,2.7,502.0,1.3,-2.3,0.016,25117.0,0.6,12.0,2.0,1.4,0.009,1.21,0.55,2.47,12.1,6.8,0.0081,23,0,-17,9,67.9,80,-53,27,0.7,0.00595,999999.99,99999.99,99999.99,0.17,0.11,0.07,-1,2009-08-21 17:00:00
2009,233,18,2402,51,52,58,34,3.1,2.8,11.1,298.6,1.3,-2.4,0.5,-2.2,1.1,0.2,1.4,0.6,0.9,0.8,137907.0,2.7,503.0,-0.6,-0.2,0.014,12487.0,0.2,7.0,1.0,0.9,0.003,1.2,-0.55,3.11,13.3,6.9,0.0067,13,0,-14,5,67.9,48,-25,24,0.9,0.00595,999999.99,99999.99,99999.99,0.21,0.12,0.1,-1,2009-08-21 18:00:00
2009,233,19,2402,51,52,61,36,3.2,3.1,-31.0,27.2,2.3,1.2,-1.6,0.8,-1.8,0.2,0.9,0.4,0.5,0.6,120303.0,2.5,491.0,3.3,-2.1,9.999,21495.0,0.5,9.0,0.5,0.6,9.999,1.21,0.88,2.53,12.1,6.8,0.0081,13,0,-12,5,67.9,60,-30,31,1.1,0.00595,999999.99,99999.99,99999.99,0.25,0.13,0.09,-1,2009-08-21 19:00:00
2009,233,20,2402,51,52,59,35,3.0,2.8,-15.8,18.2,2.6,0.9,-0.8,0.7,-1.0,0.1,0.8,0.2,0.5,0.6,118356.0,2.5,488.0,2.6,-0.8,9.999,16568.0,0.3,6.0,0.8,0.8,9.999,1.19,0.49,2.85,12.9,6.9,0.0072,13,0,-12,5,67.9,57,-26,30,0.4,0.00595,999999.99,99999.99,99999.99,0.27,0.11,0.09,-1,2009-08-21 20:00:00
2009,233,21,2402,51,52,59,32,3.0,2.8,-18.6,14.1,2.6,0.7,-0.9,0.5,-1.0,0.2,1.0,0.5,0.6,0.7,99852.0,2.0,475.0,2.6,-0.6,9.999,24242.0,0.4,11.0,1.0,1.0,9.999,0.9,0.47,2.11,11.2,6.7,0.0095,17,0,-13,6,67.9,61,-29,32,0.8,0.00595,999999.99,99999.99,99999.99,0.2,0.11,0.08,-1,2009-08-21 21:00:00
2009,233,22,2402,51,52,59,36,3.6,3.4,-23.3,358.7,3.1,-0.1,-1.3,-0.3,-1.3,0.2,1.3,0.7,1.0,0.6,69898.0,1.5,465.0,1.5,-2.2,0.021,15141.0,0.3,12.0,2.1,1.4,0.002,0.59,0.6,0.95,7.9,5.9,0.019,17,0,-13,6,67.9,174,-117,57,1.5,0.00595,999999.99,99999.99,99999.99,0.25,0.15,0.11,-1,2009-08-21 22:00:00
2009,233,23,2402,51,52,62,35,3.8,3.7,-9.6,331.9,3.2,-1.7,-0.6,-1.8,-0.3,0.1,1.0,0.4,0.6,0.8,74118.0,1.4,459.0,-0.4,-1.1,0.029,16624.0,0.2,8.0,1.6,1.7,0.002,0.55,0.14,0.82,7.1,5.5,0.0233,17,0,-7,6,67.9,125,-74,51,1.6,0.00595,999999.99,99999.99,99999.99,0.23,0.13,0.09,-1,2009-08-21 23:00:00
2009,234,0,2402,51,52,62,31,3.8,3.5,26.5,331.2,2.7,-1.5,1.6,-1.2,1.9,0.3,1.4,0.9,0.7,0.8,99277.0,1.5,467.0,0.8,2.9,0.026,37467.0,0.4,17.0,1.6,1.3,0.003,0.6,-0.89,0.98,7.5,5.5,0.021,10,0,-4,4,68.1,49,-25,25,0.4,0.005975,999999.99,99999.99,99999.99,0.24,0.13,0.1,-1,2009-08-22 00:00:00
2009,234,1,2402,51,52,58,31,3.9,3.6,34.4,273.8,0.2,-3.0,2.0,-2.5,2.6,0.4,1.5,0.8,0.9,0.9,138702.0,2.2,501.0,-0.4,2.3,0.02,15598.0,0.2,12.0,0.9,1.1,0.003,1.0,-1.3,1.61,9.5,6.2,0.0131,10,0,-2,4,68.1,42,-22,20,0.3,0.005975,999999.99,99999.99,99999.99,0.21,0.13,0.09,-1,2009-08-22 01:00:00
2009,234,2,2402,51,52,61,38,4.3,3.8,28.0,292.1,1.3,-3.1,1.8,-2.5,2.5,0.2,1.9,0.8,1.0,1.4,151266.0,2.5,500.0,-0.8,1.5,0.025,17684.0,0.1,6.0,1.1,1.4,0.004,1.15,-1.25,1.57,9.2,6.0,0.0141,10,0,-2,4,68.1,21,-7,14,0.1,0.005975,999999.99,99999.99,99999.99,0.25,0.14,0.12,-1,2009-08-22 02:00:00
2009,234,3,2402,51,52,60,36,4.8,4.2,-18.0,308.5,2.5,-3.1,-1.3,-3.3,-0.3,0.3,2.3,0.9,0.8,2.0,139157.0,2.7,509.0,0.2,-0.6,0.03,19636.0,0.2,5.0,0.9,1.4,0.004,1.31,0.15,1.3,8.7,6.0,0.0157,20,0,-4,7,68.1,60,-13,47,0.4,0.005975,999999.99,99999.99,99999.99,0.19,0.11,0.07,-1,2009-08-22 03:00:00
2009,234,4,2402,51,52,60,37,5.2,5.1,-44.7,336.7,3.3,-1.4,-3.6,-2.5,-2.9,0.2,1.3,0.4,1.1,0.7,109338.0,2.6,499.0,2.0,-2.6,0.029,14214.0,0.2,4.0,0.8,0.8,0.003,1.21,1.45,0.95,7.7,5.7,0.0199,20,0,-12,7,68.1,270,-142,128,1.7,0.005975,999999.99,99999.99,99999.99,0.21,0.11,0.08,-1,2009-08-22 04:00:00
2009,234,5,2402,51,52,59,35,4.0,2.7,81.7,353.2,0.4,0.0,2.7,1.0,2.5,0.5,2.9,1.6,1.5,1.9,136813.0,3.6,492.0,2.0,-2.2,0.025,24028.0,0.4,12.0,0.8,1.6,0.005,1.6,-1.23,2.48,11.7,6.6,0.0087,20,0,-14,7,68.1,295,-184,111,2.6,0.005975,999999.99,99999.99,99999.99,0.21,0.13,0.1,-1,2009-08-22 05:00:00
2009,234,6,2402,51,52,63,39,4.3,3.7,48.0,162.7,-2.4,0.7,2.8,1.8,2.3,0.6,2.0,1.6,0.8,1.1,119574.0,3.6,502.0,2.6,-1.7,0.02,30426.0,0.4,8.0,0.9,1.0,0.004,1.64,-1.15,2.01,11.1,6.7,0.0097,10,0,-8,4,68.1,88,-4,83,0.7,0.005975,999999.99,99999.99,99999.99,0.18,0.11,0.09,-1,2009-08-22 06:00:00
2009,234,7,2402,51,52,58,36,5.2,5.1,55.8,178.3,-2.9,0.1,4.2,2.0,3.7,0.2,0.6,0.3,0.4,0.3,79273.0,2.7,506.0,1.2,-0.0,0.014,6455.0,0.2,4.0,1.1,0.3,0.002,1.22,-1.87,0.86,8.0,6.1,0.0186,10,0,-6,4,68.1,32,-12,20,0.1,0.005975,999999.99,99999.99,99999.99,0.26,0.12,0.09,-1,2009-08-22 07:00:00
2009,234,8,2402,51,52,59,36,4.8,4.7,58.8,190.0,-2.4,-0.4,4.0,1.6,3.7,0.5,1.0,0.7,0.6,0.4,80665.0,2.8,498.0,0.7,-0.1,0.013,17091.0,0.4,5.0,0.5,0.7,0.002,1.22,-1.84,1.06,8.7,6.3,0.0158,10,0,-5,4,68.1,32,-23,9,0.3,0.005975,999999.99,99999.99,99999.99,0.2,0.1,0.07,-1,2009-08-22 08:00:00
2009,234,9,2402,51,52,60,33,4.4,2.9,71.5,168.1,-0.9,0.2,2.7,1.5,2.2,0.4,3.3,0.8,3.0,1.0,94443.0,3.1,488.0,0.7,-0.2,0.017,16804.0,0.4,5.0,1.5,0.8,0.005,1.32,-1.07,1.48,9.8,6.5,0.0125,10,0,-4,4,68.1,40,-28,11,0.3,0.005975,999999.99,99999.99,99999.99,0.26,0.12,0.09,-1,2009-08-22 09:00:00
2009,234,10,2402,51,52,61,37,3.6,1.6,5.2,40.9,1.2,1.0,0.1,0.9,-0.4,0.7,3.3,0.6,3.0,1.1,106277.0,3.2,485.0,0.3,-0.8,0.022,16498.0,0.6,4.0,1.7,0.7,0.004,1.37,0.19,2.41,12.0,6.9,0.0082,10,0,-6,4,68.1,51,-27,23,1.1,0.005975,999999.99,99999.99,99999.99,0.26,0.15,0.11,-1,2009-08-22 10:00:00
2009,234,11,2402,51,52,60,36,3.2,3.0,8.6,100.1,-0.5,2.9,0.4,2.7,-1.1,0.6,1.3,0.7,0.9,0.7,96597.0,3.2,499.0,1.8,-0.7,0.019,18296.0,0.3,4.0,0.5,0.4,0.002,1.43,0.55,2.92,13.9,7.4,0.0061,10,0,-7,4,68.1,146,-136,10,0.6,0.005975,999999.99,99999.99,99999.99,0.22,0.12,0.08,-1,2009-08-22 11:00:00
2009,234,12,2402,51,52,60,36,3.3,3.2,17.4,107.2,-0.9,2.9,1.0,3.0,-0.6,0.3,0.9,0.6,0.3,0.6,87613.0,3.1,504.0,1.3,0.1,0.018,11068.0,0.3,3.0,0.4,0.5,0.002,1.41,0.3,2.56,13.4,7.5,0.0066,10,0,-7,4,68.1,127,-89,38,0.6,0.005975,999999.99,99999.99,99999.99,0.24,0.12,0.09,-1,2009-08-22 12:00:00
2009,234,13,2402,51,52,60,35,2.9,2.1,52.9,137.3,-0.9,0.9,1.7,1.6,1.1,0.2,1.9,0.9,1.5,0.7,101151.0,3.1,502.0,-0.3,0.3,0.022,11053.0,0.2,8.0,1.3,0.9,0.002,1.42,-0.55,3.52,15.2,7.6,0.0051,10,0,-7,4,68.1,58,-32,27,0.1,0.005975,999999.99,99999.99,99999.99,0.19,0.11,0.09,-1,2009-08-22 13:00:00
2009,234,14,2402,51,52,61,37,3.1,2.1,23.3,292.1,0.7,-1.8,0.8,-1.3,1.5,0.5,2.2,1.5,0.9,1.3,101764.0,3.0,503.0,-0.9,-0.6,0.023,9323.0,0.3,4.0,1.2,0.9,0.003,1.38,-0.75,2.99,14.1,7.4,0.006,10,0,-7,4,68.1,101,-79,22,0.5,0.005975,999999.99,99999.99,99999.99,0.22,0.12,0.09,-1,2009-08-22 14:00:00
2009,234,15,2402,51,52,59,36,3.3,2.5,19.5,271.2,0.1,-2.4,0.8,-1.9,1.7,0.4,2.0,0.8,1.5,1.1,113996.0,2.8,515.0,0.4,0.3,0.031,11590.0,0.4,6.0,0.8,1.1,0.007,1.39,-0.88,2.59,13.1,7.3,0.007,7,0,-5,3,68.1,63,-29,34,0.5,0.005975,999999.99,99999.99,99999.99,0.22,0.13,0.08,-1,2009-08-22 15:00:00
2009,234,16,2402,51,52,61,38,3.3,3.0,0.8,286.8,0.9,-2.9,0.0,-2.7,1.1,0.1,1.1,0.9,0.3,0.5,108538.0,2.4,519.0,1.0,-0.6,0.036,9319.0,0.1,12.0,0.3,0.8,0.002,1.24,-0.57,2.17,12.2,7.2,0.008,7,0,-2,3,68.1,45,-19,26,1.9,0.005975,999999.99,99999.99,99999.99,0.2,0.11,0.08,-1,2009-08-22 16:00:00
2009,234,17,2402,51,52,60,35,3.1,2.9,0.6,281.6,0.6,-2.8,0.0,-2.7,0.9,0.2,0.9,0.6,0.2,0.7,112401.0,2.4,520.0,0.7,-0.1,0.037,12052.0,0.1,4.0,0.3,0.6,0.003,1.24,-0.47,2.5,13.0,7.3,0.007,7,0,0,3,68.1,45,-19,26,1.5,0.005975,999999.99,99999.99,99999.99,0.24,0.12,0.09,-1,2009-08-22 17:00:00
2009,234,18,2402,51,52,61,37,2.6,2.2,-24.1,329.1,1.7,-1.0,-0.9,-1.2,-0.6,0.2,1.4,0.8,0.8,0.9,120872.0,2.5,516.0,1.8,-0.3,0.042,8895.0,0.1,5.0,0.7,0.5,0.004,1.3,0.31,3.83,15.7,7.6,0.0048,13,0,-2,5,68.1,76,-41,35,1.4,0.005975,999999.99,99999.99,99999.99,0.23,0.12,0.08,-1,2009-08-22 18:00:00
2009,234,19,2402,51,52,59,36,2.8,2.4,-3.0,269.9,0.0,-2.4,-0.1,-2.4,0.5,0.3,1.4,0.8,0.5,1.0,113112.0,2.7,523.0,1.1,0.2,0.032,9533.0,0.2,4.0,0.4,0.5,0.003,1.39,-0.26,3.46,15.3,7.7,0.0051,13,0,-4,5,68.1,82,-53,29,1.0,0.005975,999999.99,99999.99,99999.99,0.21,0.11,0.08,-1,2009-08-22 19:00:00
2009,234,20,2402,51,52,39,22,2.8,2.4,13.4,257.5,-0.5,-2.3,0.6,-2.1,1.1,0.5,1.5,1.1,0.8,0.8,120179.0,2.7,515.0,1.3,0.2,0.035,17124.0,0.2,5.0,0.4,0.5,0.004,1.36,-0.57,3.56,15.1,7.5,0.0052,13,0,-7,5,68.1,46,-25,21,0.7,0.005975,999999.99,99999.99,99999.99,0.25,0.13,0.1,-1,2009-08-22 20:00:00
2009,234,21,2402,71,71,14,14,3.4,3.1,10.6,266.0,-0.2,-3.0,0.6,-2.8,1.2,0.2,1.2,1.0,0.3,0.6,111215.0,2.0,517.0,-0.3,-1.8,9.999,6188.0,0.1,12.0,0.5,0.7,9.999,1.07,-0.62,1.72,10.8,6.8,0.0103,10,0,-11,4,68.1,30,-16,14,0.1,0.005975,999999.99,99999.99,99999.99,0.23,0.13,0.11,-1,2009-08-22 21:00:00
2009,234,22,2402,51,52,33,20,3.3,3.2,-11.7,340.7,2.9,-1.0,-0.6,-1.1,-0.4,0.2,0.9,0.4,0.7,0.3,101024.0,1.8,486.0,1.2,-1.3,0.041,13659.0,0.2,5.0,0.7,0.5,0.005,0.83,0.19,1.58,9.9,6.4,0.0122,10,0,-14,4,68.1,36,-18,18,0.2,0.005975,999999.99,99999.99,99999.99,0.25,0.13,0.1,-1,2009-08-22 22:00:00
2009,234,23,2402,51,52,64,39,3.3,2.4,11.5,299.4,1.1,-2.0,0.5,-1.9,0.9,0.2,2.2,1.5,1.3,1.0,102789.0,2.1,509.0,0.5,0.3,0.042,17126.0,0.2,16.0,1.6,1.1,0.005,1.06,-0.46,1.85,11.2,6.9,0.0095,10,0,-12,4,68.1,47,-26,21,-0.0,0.005975,999999.99,99999.99,99999.99,0.24,0.13,0.09,-1,2009-08-22 23:00:00
2009,235,0,2402,51,52,59,35,3.5,3.1,26.7,263.6,-0.3,-2.8,1.4,-2.5,1.9,0.1,1.4,0.9,0.5,0.9,104101.0,2.4,520.0,0.2,1.3,0.043,15434.0,0.2,11.0,0.7,1.2,0.004,1.27,-0.99,1.89,11.5,7.1,0.009,13,0,-9,5,68.8,50,-27,23,0.1,0.006004,999999.99,99999.99,99999.99,0.24,0.12,0.09,-1,2009-08-23 00:00:00
2009,235,1,2402,51,52,58,36,3.5,2.0,-6.8,292.3,0.8,-1.9,-0.2,-1.9,0.2,0.1,2.8,1.3,2.4,0.7,103073.0,2.4,509.0,0.9,-0.2,0.042,10135.0,0.2,11.0,2.7,0.8,0.005,1.21,-0.1,1.89,11.3,6.9,0.0094,13,0,-7,5,68.8,62,-32,30,0.3,0.006004,999999.99,99999.99,99999.99,0.22,0.11,0.08,-1,2009-08-23 01:00:00
2009,235,2,2402,51,52,60,35,3.5,2.0,-11.8,300.1,1.0,-1.7,-0.4,-1.7,0.0,0.2,2.9,1.3,2.2,1.3,103955.0,2.3,498.0,1.2,-0.5,0.046,8614.0,0.2,12.0,2.7,1.8,0.005,1.13,-0.0,1.81,10.8,6.7,0.0102,13,0,-10,5,68.8,71,-41,30,0.6,0.006004,999999.99,99999.99,99999.99,0.27,0.14,0.11,-1,2009-08-23 02:00:00
2009,235,3,2402,51,52,59,36,3.5,2.9,-19.4,328.6,2.3,-1.4,-1.0,-1.6,-0.5,0.1,1.8,0.6,1.1,1.3,101572.0,2.2,481.0,1.5,-1.0,0.053,12656.0,0.2,6.0,1.5,1.8,0.005,1.03,0.24,1.72,10.2,6.5,0.0115,23,0,-11,9,68.8,73,-31,43,0.9,0.006004,999999.99,99999.99,99999.99,0.27,0.12,0.09,-1,2009-08-23 03:00:00
2009,235,4,2402,51,52,60,37,3.7,2.8,-36.9,305.5,1.3,-1.8,-1.7,-2.3,-1.0,0.2,2.3,0.7,1.0,1.9,99205.0,2.3,493.0,0.7,-1.2,0.048,16348.0,0.2,7.0,1.1,2.3,0.005,1.11,0.49,1.59,10.1,6.6,0.0117,23,0,-10,9,68.8,107,-45,62,0.7,0.006004,999999.99,99999.99,99999.99,0.24,0.14,0.1,-1,2009-08-23 04:00:00
2009,235,5,2402,51,52,61,37,3.4,3.1,-50.0,316.4,1.4,-1.4,-2.4,-2.2,-1.7,0.3,1.3,0.7,0.8,0.7,80299.0,1.9,492.0,1.0,-2.9,0.046,14077.0,0.2,6.0,1.0,0.9,0.003,0.91,0.84,1.43,10.0,6.7,0.012,23,0,-11,9,68.8,372,-276,97,1.5,0.006004,999999.99,99999.99,99999.99,0.22,0.11,0.08,-1,2009-08-23 05:00:00
2009,235,6,2402,51,52,60,35,2.9,2.8,-26.8,354.4,2.5,-0.2,-1.3,-0.7,-1.1,0.1,0.8,0.2,0.6,0.4,66865.0,1.6,483.0,2.4,-3.3,0.046,6218.0,0.1,4.0,0.9,0.5,0.005,0.74,0.53,1.55,10.5,6.9,0.0107,13,0,-14,5,68.8,241,-157,84,1.8,0.006004,999999.99,99999.99,99999.99,0.25,0.11,0.09,-1,2009-08-23 06:00:00
2009,235,7,2402,51,52,59,35,2.7,1.9,-9.4,307.4,1.2,-1.5,-0.3,-1.5,0.4,0.1,1.9,1.0,0.5,1.5,66021.0,1.6,491.0,0.7,-2.4,0.044,7959.0,0.1,10.0,0.8,2.0,0.006,0.76,-0.2,1.77,11.5,7.2,0.009,13,0,-14,5,68.8,157,-82,75,0.9,0.006004,999999.99,99999.99,99999.99,0.23,0.12,0.09,-1,2009-08-23 07:00:00
2009,235,8,2402,51,52,60,37,2.8,2.4,-6.6,304.7,1.3,-1.9,-0.3,-1.8,0.7,0.1,1.3,0.5,0.5,1.2,63365.0,1.5,487.0,-0.2,-2.0,0.044,8686.0,0.1,7.0,0.9,1.6,0.004,0.7,-0.34,1.53,10.7,7.0,0.0105,13,0,-11,5,68.8,48,-14,33,0.1,0.006004,999999.99,99999.99,99999.99,0.28,0.14,0.11,-1,2009-08-23 08:00:00
2009,235,9,2402,51,52,58,34,2.7,2.0,15.0,301.6,1.0,-1.7,0.5,-1.2,1.3,0.1,1.6,0.9,0.4,1.3,64034.0,1.5,488.0,-0.1,-1.4,0.041,5015.0,0.1,13.0,0.9,2.2,0.002,0.69,-0.63,1.65,11.1,7.1,0.0097,10,0,-10,4,68.8,39,-18,21,0.1,0.006004,999999.99,99999.99,99999.99,0.24,0.12,0.1,-1,2009-08-23 09:00:00
2009,235,10,2402,51,52,64,37,2.6,1.6,25.7,295.6,0.6,-1.3,0.7,-0.8,1.3,0.2,2.0,1.5,1.0,0.8,55553.0,1.5,485.0,0.2,-0.9,0.038,9896.0,0.1,13.0,1.5,1.2,0.005,0.68,-0.63,1.7,11.4,7.3,0.0091,10,0,-10,4,68.8,35,-21,13,0.3,0.006004,999999.99,99999.99,99999.99,0.22,0.11,0.08,-1,2009-08-23 10:00:00
2009,235,11,2402,51,52,58,36,2.7,2.3,-4.3,321.4,1.8,-1.5,-0.2,-1.4,0.6,0.1,1.3,0.8,0.5,1.0,55008.0,1.5,473.0,-0.1,-2.1,0.037,3990.0,0.1,8.0,0.6,1.2,0.003,0.64,-0.28,1.57,10.7,7.0,0.0103,10,0,-9,4,68.8,40,-30,10,0.4,0.006004,999999.99,99999.99,99999.99,0.23,0.15,0.1,-1,2009-08-23 11:00:00
2009,235,12,2402,51,52,59,37,2.6,2.3,9.2,293.2,0.9,-2.1,0.4,-1.6,1.4,0.0,1.0,0.5,0.4,0.8,54786.0,1.5,478.0,-0.5,-1.1,0.033,5701.0,0.1,5.0,0.5,1.0,0.002,0.65,-0.67,1.69,11.3,7.2,0.0094,7,0,-7,3,68.8,44,-38,5,0.1,0.006004,999999.99,99999.99,99999.99,0.23,0.13,0.1,-1,2009-08-23 12:00:00
2009,235,13,2402,51,52,60,36,2.7,2.2,-20.5,312.9,1.4,-1.5,-0.8,-1.7,0.0,0.1,1.5,0.7,0.6,1.2,51717.0,1.7,471.0,0.2,-1.9,0.033,6203.0,0.2,8.0,0.7,1.2,0.003,0.71,-0.0,1.75,11.4,7.2,0.0092,7,0,-6,3,68.8,58,-47,11,0.8,0.006004,999999.99,99999.99,99999.99,0.23,0.13,0.1,-1,2009-08-23 13:00:00
2009,235,14,2402,51,52,60,36,2.5,2.2,-21.1,324.1,1.6,-1.2,-0.8,-1.4,-0.2,0.1,1.1,0.6,0.8,0.4,52807.0,1.6,466.0,0.4,-1.8,0.034,9197.0,0.1,7.0,1.1,0.5,0.004,0.66,0.09,1.93,11.8,7.2,0.0086,7,0,-6,3,68.8,100,-93,8,1.1,0.006004,999999.99,99999.99,99999.99,0.24,0.12,0.08,-1,2009-08-23 14:00:00
2009,235,15,2402,51,52,58,36,2.5,2.3,-7.3,341.1,2.2,-0.7,-0.3,-0.8,0.0,0.0,0.9,0.6,0.6,0.3,58556.0,1.6,454.0,1.0,-1.1,0.037,10474.0,0.1,7.0,0.7,0.4,0.003,0.63,-0.0,1.99,11.5,7.0,0.009,3,0,-8,2,68.8,73,-64,8,1.1,0.006004,999999.99,99999.99,99999.99,0.22,0.11,0.09,-1,2009-08-23 15:00:00
2009,235,16,2402,51,52,63,38,2.6,2.3,-33.4,318.8,1.4,-1.3,-1.3,-1.7,-0.7,0.1,1.2,0.9,0.7,0.6,55730.0,1.8,458.0,0.5,-1.7,0.032,4197.0,0.1,7.0,0.7,0.6,0.004,0.71,0.32,2.04,11.8,7.1,0.0085,3,0,-7,2,68.8,57,-41,16,1.5,0.006004,999999.99,99999.99,99999.99,0.19,0.1,0.08,-1,2009-08-23 16:00:00
2009,235,17,2402,51,52,58,36,2.7,2.3,-10.2,251.3,-0.7,-2.2,-0.4,-2.2,0.3,0.1,1.2,0.8,0.5,0.8,56050.0,1.9,467.0,-0.3,-0.9,0.029,9730.0,0.1,9.0,0.6,1.0,0.003,0.77,-0.14,2.0,11.9,7.2,0.0084,3,0,-5,2,68.8,70,-54,15,1.6,0.006004,999999.99,99999.99,99999.99,0.3,0.13,0.11,-1,2009-08-23 17:00:00
2009,235,18,2402,51,52,61,37,2.7,2.5,-3.2,268.2,-0.1,-2.5,-0.1,-2.4,0.6,0.1,1.0,0.5,0.2,0.8,55009.0,1.8,464.0,-1.3,-0.5,0.028,4841.0,0.1,4.0,0.4,0.6,0.002,0.72,-0.28,1.88,11.5,7.1,0.0089,7,0,-5,3,68.8,72,-45,26,1.6,0.006004,999999.99,99999.99,99999.99,0.23,0.13,0.1,-1,2009-08-23 18:00:00
2009,235,19,2402,51,52,57,35,2.7,1.7,8.2,272.6,0.1,-1.7,0.2,-1.6,0.6,0.1,2.0,1.5,1.1,0.7,50727.0,1.9,458.0,-0.0,-0.3,0.029,3369.0,0.2,12.0,1.1,0.7,0.005,0.74,-0.27,1.94,11.7,7.1,0.0087,7,0,-4,3,68.8,48,-26,22,0.9,0.006004,999999.99,99999.99,99999.99,0.23,0.11,0.1,-1,2009-08-23 19:00:00
2009,235,20,2402,51,52,59,37,2.5,2.3,27.4,351.6,2.1,-0.3,1.1,-0.1,1.1,0.1,0.7,0.2,0.5,0.5,52656.0,2.0,439.0,1.2,0.4,0.033,5916.0,0.1,4.0,0.7,0.8,0.003,0.73,-0.48,2.41,12.4,7.1,0.0077,7,0,-4,3,68.8,52,-32,20,0.0,0.006004,999999.99,99999.99,99999.99,0.23,0.11,0.09,-1,2009-08-23 20:00:00
2009,235,21,2402,51,52,59,34,2.7,2.5,9.4,334.5,2.2,-1.0,0.4,-0.9,0.6,0.1,1.0,0.2,0.7,0.7,52879.0,1.9,432.0,-0.1,0.1,0.029,3674.0,0.2,5.0,0.9,1.0,0.003,0.66,-0.26,1.97,11.0,6.7,0.0098,7,0,-6,3,68.8,51,-36,15,0.0,0.006004,999999.99,99999.99,99999.99,0.22,0.13,0.1,-1,2009-08-23 21:00:00
2009,235,22,2402,51,52,60,37,2.8,2.7,-7.2,328.8,2.3,-1.4,-0.3,-1.4,0.0,0.1,0.4,0.2,0.3,0.2,54143.0,2.0,427.0,-0.5,-1.3,0.025,6220.0,0.2,4.0,0.4,0.4,0.002,0.67,-0.0,1.94,10.8,6.6,0.0102,7,0,-8,3,68.8,44,-31,13,0.4,0.006004,999999.99,99999.99,99999.99,0.26,0.12,0.09,-1,2009-08-23 22:00:00
2009,235,23,2402,51,52,60,37,2.8,2.7,-10.5,331.7,2.3,-1.3,-0.5,-1.4,-0.2,0.1,0.6,0.2,0.4,0.4,49422.0,2.1,425.0,0.1,-1.3,0.024,4136.0,0.1,2.0,1.2,0.8,0.002,0.69,0.09,1.98,11.0,6.7,0.0098,7,0,-9,3,68.8,44,-28,16,0.4,0.006004,999999.99,99999.99,99999.99,0.24,0.12,0.09,-1,2009-08-23 23:00:00
2009,236,0,2402,51,52,59,34,2.8,2.7,0.5,338.4,2.6,-1.0,0.0,-1.0,0.2,0.0,0.5,0.2,0.4,0.2,47323.0,1.8,417.0,0.2,-0.9,0.027,8484.0,0.2,5.0,0.7,0.6,0.002,0.58,-0.08,1.68,10.0,6.4,0.0119,10,0,-9,4,69.1,41,-25,15,0.4,0.00602,999999.99,99999.99,99999.99,0.26,0.17,0.13,-1,2009-08-24 00:00:00
2009,236,1,2402,51,52,60,36,2.7,2.6,-4.3,345.3,2.6,-0.7,-0.2,-0.7,0.0,0.2,0.3,0.2,0.2,0.1,44438.0,1.7,416.0,0.5,-1.5,0.027,11488.0,0.2,4.0,0.6,0.4,0.003,0.54,-0.0,1.68,10.0,6.4,0.0118,10,0,-10,4,69.1,41,-23,18,0.1,0.00602,999999.99,99999.99,99999.99,0.3,0.15,0.11,-1,2009-08-24 01:00:00
2009,236,2,2402,51,52,60,38,2.8,2.8,-3.1,344.4,2.7,-0.8,-0.2,-0.8,0.0,0.2,0.2,0.1,0.1,0.1,40768.0,1.9,417.0,0.7,-1.7,0.029,8470.0,0.2,3.0,0.2,0.2,0.001,0.62,-0.0,1.71,10.3,6.5,0.0113,10,0,-10,4,69.1,37,-23,14,0.2,0.00602,999999.99,99999.99,99999.99,0.21,0.12,0.09,-1,2009-08-24 02:00:00
2009,236,3,2402,51,52,60,35,3.0,2.9,-6.7,334.4,2.6,-1.3,-0.3,-1.3,0.1,0.0,0.4,0.1,0.3,0.2,40458.0,2.2,419.0,-0.4,-1.9,0.027,3402.0,0.1,1.0,0.4,0.3,0.002,0.71,-0.04,1.72,10.4,6.6,0.0111,3,0,-9,2,69.1,35,-19,15,0.2,0.00602,999999.99,99999.99,99999.99,0.25,0.14,0.11,-1,2009-08-24 03:00:00
2009,236,4,2402,51,52,60,37,3.0,3.0,-7.4,330.3,2.6,-1.5,-0.4,-1.5,0.1,0.1,0.3,0.1,0.2,0.2,38413.0,2.2,418.0,-0.9,-1.8,0.024,2287.0,0.1,2.0,0.3,0.3,0.002,0.7,-0.04,1.7,10.3,6.6,0.0111,3,0,-8,2,69.1,24,-8,16,0.2,0.00602,999999.99,99999.99,99999.99,0.27,0.14,0.11,-1,2009-08-24 04:00:00
2009,236,5,2402,51,52,60,36,3.2,3.1,-8.2,337.3,2.9,-1.2,-0.4,-1.3,0.1,0.0,0.4,0.1,0.3,0.3,41583.0,2.4,418.0,-0.9,-1.9,0.028,2984.0,0.1,2.0,0.4,0.4,0.003,0.78,-0.04,1.66,10.1,6.5,0.0116,3,0,-8,2,69.1,36,-12,24,0.3,0.00602,999999.99,99999.99,99999.99,0.2,0.12,0.09,-1,2009-08-24 05:00:00
2009,236,6,2402,51,52,59,34,3.2,3.1,-0.3,318.0,2.3,-2.1,0.0,-1.9,0.9,0.0,0.5,0.3,0.3,0.3,40472.0,2.5,417.0,-2.0,-1.6,0.026,2397.0,0.1,2.0,0.3,0.3,0.003,0.8,-0.38,1.71,10.3,6.5,0.0112,0,0,-7,0,69.1,25,-5,21,0.1,0.00602,999999.99,99999.99,99999.99,0.21,0.11,0.09,-1,2009-08-24 06:00:00
2009,236,7,2402,51,52,60,37,3.2,3.2,-1.0,325.1,2.6,-1.8,-0.1,-1.6,0.7,0.0,0.3,0.1,0.2,0.2,35782.0,2.5,410.0,-1.1,-1.4,0.032,1900.0,0.1,2.0,0.2,0.3,0.002,0.79,-0.29,1.67,10.1,6.5,0.0116,0,0,-6,0,69.1,34,-9,25,-0.0,0.00602,999999.99,99999.99,99999.99,0.27,0.13,0.1,-1,2009-08-24 07:00:00
2009,236,8,2402,51,52,59,36,3.2,3.1,4.3,330.1,2.7,-1.5,0.2,-1.2,0.9,0.1,0.5,0.1,0.3,0.4,33697.0,2.5,405.0,-1.4,-1.0,0.029,3811.0,0.2,3.0,0.3,0.5,0.002,0.76,-0.36,1.65,10.0,6.4,0.0119,0,0,-5,0,69.1,39,-20,19,-0.1,0.00602,999999.99,99999.99,99999.99,0.25,0.13,0.11,-1,2009-08-24 08:00:00
2009,236,9,2402,51,52,59,36,3.3,3.2,-3.6,320.1,2.4,-2.0,-0.2,-1.8,0.8,0.1,0.7,0.3,0.5,0.4,33322.0,2.6,406.0,-1.9,-1.5,0.03,3097.0,0.2,3.0,0.5,0.3,0.002,0.8,-0.32,1.61,9.9,6.4,0.0121,3,0,-6,2,69.1,38,-28,10,-0.1,0.00602,999999.99,99999.99,99999.99,0.24,0.12,0.09,-1,2009-08-24 09:00:00
2009,236,10,2402,51,52,58,32,3.3,3.3,-8.7,329.7,2.8,-1.6,-0.5,-1.6,0.4,0.1,0.6,0.3,0.3,0.3,31666.0,2.5,387.0,-0.9,-2.4,0.019,4504.0,0.1,3.0,0.4,0.3,0.002,0.67,-0.15,1.53,9.3,6.1,0.0138,3,0,-5,2,69.1,39,-33,7,0.0,0.00602,999999.99,99999.99,99999.99,0.29,0.15,0.1,-1,2009-08-24 10:00:00
2009,236,11,2402,51,52,59,36,3.4,3.3,-10.7,336.8,3.0,-1.3,-0.6,-1.4,0.2,0.1,0.7,0.4,0.5,0.2,33286.0,2.6,381.0,-0.8,-2.8,0.018,5495.0,0.1,2.0,0.6,0.3,0.003,0.68,-0.08,1.51,9.0,5.9,0.0146,3,0,-3,2,69.1,43,-36,7,0.2,0.00602,999999.99,99999.99,99999.99,0.18,0.09,0.08,-1,2009-08-24 11:00:00
2009,236,12,2402,51,52,60,37,3.5,3.5,-16.6,341.9,3.2,-1.0,-1.0,-1.4,-0.4,0.1,0.5,0.2,0.4,0.1,40015.0,2.6,374.0,-1.3,-3.5,0.023,2723.0,0.1,2.0,0.4,0.3,0.002,0.66,0.15,1.49,8.6,5.7,0.016,3,0,-1,2,69.1,55,-45,10,0.6,0.00602,999999.99,99999.99,99999.99,0.19,0.11,0.08,-1,2009-08-24 12:00:00
2009,236,13,2402,51,52,59,35,3.4,3.4,-14.2,351.3,3.2,-0.5,-0.8,-0.8,-0.5,0.1,0.4,0.1,0.4,0.1,34669.0,3.6,369.0,-0.8,-3.2,0.023,7109.0,0.7,3.0,0.4,0.2,0.003,0.89,0.18,2.11,10.3,6.1,0.0112,3,0,2,2,69.1,77,-63,13,0.8,0.00602,999999.99,99999.99,99999.99,0.27,0.13,0.08,-1,2009-08-24 13:00:00
2009,236,14,2402,51,52,58,36,3.4,3.3,-9.9,346.0,3.2,-0.8,-0.6,-1.0,-0.2,0.1,0.4,0.1,0.3,0.2,36105.0,4.6,368.0,-1.3,-3.0,0.022,4156.0,0.2,2.0,0.5,0.3,0.002,1.13,0.07,2.72,11.6,6.3,0.0088,3,0,2,2,69.1,35,-23,13,0.6,0.00602,999999.99,99999.99,99999.99,0.2,0.1,0.08,-1,2009-08-24 14:00:00
2009,236,15,2402,51,52,34,17,3.6,3.4,-4.4,341.5,3.2,-1.1,-0.3,-1.1,0.2,0.0,1.0,0.5,0.9,0.1,38055.0,5.1,368.0,-2.0,-2.5,0.02,3569.0,0.4,4.0,0.7,0.2,0.002,1.25,-0.07,2.72,11.5,6.3,0.0089,3,0,2,2,69.1,39,-21,18,0.9,0.00602,999999.99,99999.99,99999.99,0.23,0.14,0.1,-1,2009-08-24 15:00:00
2009,236,16,2402,51,52,36,2,3.3,3.2,5.1,340.6,3.0,-1.1,0.3,-0.9,0.7,0.1,0.5,0.1,0.5,0.1,30772.0,4.8,364.0,-1.4,-2.8,0.022,955.0,0.2,1.0,0.0,0.4,0.0,1.16,-0.25,2.92,12.1,6.4,0.0081,3,0,1,2,69.1,26,-18,9,0.3,0.00602,999999.99,99999.99,99999.99,0.32,0.16,0.09,-1,2009-08-24 16:00:00
2009,236,17,2402,51,52,57,7,3.5,3.5,9.6,353.8,3.4,-0.4,0.6,-0.2,0.7,0.1,0.2,0.1,0.2,0.1,26484.0,2.3,355.0,-0.4,-1.3,0.028,8938.0,0.4,2.0,0.5,1.7,0.004,0.54,-0.25,1.21,7.7,5.4,0.0201,3,0,2,2,69.1,39,-24,15,0.3,0.00602,999999.99,99999.99,99999.99,0.26,0.13,0.09,-1,2009-08-24 17:00:00
2009,236,18,2402,51,52,61,7,3.5,3.4,9.0,357.7,3.4,-0.1,0.5,0.0,0.5,0.1,0.3,0.1,0.3,0.1,15892.0,2.5,352.0,0.4,-2.7,0.028,2231.0,0.4,2.0,0.4,0.6,0.003,0.58,-0.18,1.22,8.0,5.5,0.0188,3,0,0,2,69.1,38,-23,15,0.2,0.00602,999999.99,99999.99,99999.99,0.19,0.13,0.1,-1,2009-08-24 18:00:00
2009,236,19,2402,51,52,60,3,3.4,3.4,10.6,350.2,3.3,-0.6,0.6,-0.4,0.7,0.1,0.4,0.1,0.4,0.2,13252.0,2.1,348.0,-0.5,-1.6,0.026,0.0,0.5,3.0,0.4,0.2,0.004,0.47,-0.24,1.07,7.4,5.3,0.0216,3,0,0,2,69.1,43,-25,17,-0.0,0.00602,999999.99,99999.99,99999.99,0.22,0.13,0.11,-1,2009-08-24 19:00:00
2009,236,20,2402,51,52,60,10,3.4,3.4,6.7,343.2,3.2,-1.0,0.4,-0.9,0.6,0.1,0.4,0.1,0.3,0.3,36232.0,2.2,349.0,-0.8,-1.3,0.029,31887.0,0.5,4.0,0.5,1.4,0.002,0.5,-0.21,1.3,7.6,5.2,0.0205,3,0,-1,2,69.1,42,-27,15,0.0,0.00602,999999.99,99999.99,99999.99,0.25,0.15,0.11,-1,2009-08-24 20:00:00
2009,236,21,2402,51,52,59,24,3.4,3.3,-0.6,350.0,3.3,-0.6,0.0,-0.6,0.1,0.1,0.4,0.1,0.1,0.3,38946.0,2.6,349.0,-0.4,-2.1,0.022,13275.0,0.5,3.0,0.4,0.9,0.006,0.58,-0.03,1.57,8.3,5.4,0.0174,0,0,-4,0,69.1,42,-28,14,0.1,0.00602,999999.99,99999.99,99999.99,0.25,0.11,0.08,-1,2009-08-24 21:00:00
2009,236,22,2402,51,52,60,31,3.0,3.0,-0.5,351.6,3.0,-0.4,0.0,-0.4,0.1,0.1,0.1,0.1,0.1,0.1,59791.0,2.1,344.0,-0.3,-2.1,0.025,43610.0,0.4,5.0,0.3,0.7,0.005,0.46,-0.03,1.83,8.3,5.2,0.0172,0,0,-6,0,69.1,34,-23,10,0.1,0.00602,999999.99,99999.99,99999.99,0.23,0.13,0.09,-1,2009-08-24 22:00:00
2009,236,23,2402,51,52,59,32,2.9,2.9,2.0,348.1,2.9,-0.6,0.1,-0.6,0.2,0.1,0.2,0.1,0.1,0.1,37759.0,2.3,348.0,-0.2,-1.6,0.024,32163.0,0.3,5.0,0.5,0.5,0.003,0.51,-0.07,1.89,9.1,5.6,0.0144,0,0,-8,0,69.1,24,-15,8,0.2,0.00602,999999.99,99999.99,99999.99,0.21,0.13,0.11,-1,2009-08-24 23:00:00
2009,237,0,2402,51,52,61,32,3.5,3.4,12.6,329.2,2.8,-1.7,0.7,-1.5,1.0,0.2,0.6,0.2,0.5,0.4,33130.0,2.9,348.0,-1.7,-0.5,0.022,12509.0,0.9,7.0,0.5,0.8,0.004,0.64,-0.35,1.59,8.5,5.5,0.0166,3,0,-7,2,68.5,27,-17,10,0.1,0.006026,999999.99,99999.99,99999.99,0.23,0.14,0.1,-1,2009-08-25 00:00:00
2009,237,1,2402,51,52,59,27,4.2,4.2,16.7,322.1,3.2,-2.5,1.2,-2.2,1.7,0.2,0.4,0.3,0.1,0.2,32559.0,3.6,351.0,-3.3,-0.2,0.018,7576.0,0.6,2.0,0.7,0.4,0.005,0.79,-0.6,1.37,7.9,5.4,0.0189,3,0,-5,2,68.5,29,-17,12,0.1,0.006026,999999.99,99999.99,99999.99,0.23,0.11,0.09,-1,2009-08-25 01:00:00
2009,237,2,2402,51,52,60,31,4.0,4.0,19.5,320.0,2.9,-2.4,1.3,-2.0,1.9,0.1,0.3,0.1,0.1,0.2,28284.0,4.0,348.0,-3.3,-0.3,0.016,4208.0,0.4,2.0,0.3,0.6,0.002,0.86,-0.66,1.63,8.7,5.6,0.0157,3,0,-6,2,68.5,23,-16,7,-0.0,0.006026,999999.99,99999.99,99999.99,0.3,0.17,0.12,-1,2009-08-25 02:00:00
2009,237,3,2402,51,52,60,33,4.0,3.9,17.2,316.3,2.7,-2.6,1.2,-2.1,1.9,0.1,0.4,0.3,0.2,0.1,29778.0,4.4,346.0,-3.5,-0.1,0.014,4246.0,0.6,3.0,0.5,0.6,0.004,0.93,-0.66,1.81,9.1,5.7,0.0145,10,0,-4,4,68.5,23,-14,9,-0.1,0.006026,999999.99,99999.99,99999.99,0.26,0.16,0.12,-1,2009-08-25 03:00:00
2009,237,4,2402,51,52,58,34,3.8,3.8,11.2,307.5,2.3,-2.9,0.7,-2.5,1.7,0.1,0.4,0.3,0.1,0.3,30999.0,5.2,344.0,-3.8,-1.0,0.013,3164.0,0.3,3.0,0.4,0.8,0.002,1.08,-0.58,2.39,10.3,5.9,0.0112,10,0,-2,4,68.5,20,-8,12,-0.1,0.006026,999999.99,99999.99,99999.99,0.21,0.12,0.09,-1,2009-08-25 04:00:00
2009,237,5,2402,51,52,63,37,2.7,0.5,50.8,174.3,-0.3,0.0,0.4,0.2,0.4,0.8,2.7,1.9,1.6,1.0,24939.0,9.5,350.0,-2.6,-1.8,0.007,6318.0,2.4,7.0,0.7,0.8,0.003,2.0,-0.14,8.31,20.0,7.0,0.003,10,0,4,4,68.5,25,-1,24,0.1,0.006026,999999.99,99999.99,99999.99,0.24,0.12,0.09,-1,2009-08-25 05:00:00
2009,237,6,2402,51,52,60,34,2.7,1.9,33.2,255.4,-0.4,-1.5,1.0,-0.9,1.5,0.6,1.9,1.2,1.2,0.9,24877.0,10.2,350.0,-2.5,-1.7,0.007,4375.0,1.8,3.0,0.7,0.9,0.003,2.15,-0.53,8.92,20.7,7.0,0.0028,0,0,4,0,68.5,19,-3,16,-0.1,0.006026,999999.99,99999.99,99999.99,0.3,0.12,0.08,-1,2009-08-25 06:00:00
2009,237,7,2402,51,52,57,32,4.1,4.0,8.4,310.8,2.6,-3.0,0.6,-2.4,1.9,0.4,1.1,0.6,0.4,0.8,23657.0,6.6,342.0,-4.8,-1.7,0.007,2817.0,0.8,3.0,0.3,1.0,0.001,1.33,-0.65,2.48,10.7,6.0,0.0104,0,0,3,0,68.5,26,-8,19,-0.2,0.006026,999999.99,99999.99,99999.99,0.24,0.13,0.08,-1,2009-08-25 07:00:00
2009,237,8,2402,51,52,60,32,4.2,4.1,-14.6,322.1,3.2,-2.5,-1.0,-2.7,0.3,0.1,0.9,0.3,0.7,0.6,23626.0,5.6,335.0,-3.9,-4.5,0.007,2424.0,0.5,3.0,0.7,1.1,0.001,1.08,-0.1,2.01,9.4,5.7,0.0134,0,0,3,0,68.5,32,-14,18,-0.2,0.006026,999999.99,99999.99,99999.99,0.27,0.14,0.1,-1,2009-08-25 08:00:00
2009,237,9,2402,51,52,59,36,4.5,4.4,-14.4,309.1,2.7,-3.3,-1.1,-3.4,0.7,0.1,0.6,0.2,0.3,0.4,21610.0,5.0,336.0,-4.3,-4.3,0.007,3842.0,0.8,5.0,0.4,0.7,0.001,0.97,-0.24,1.54,8.3,5.5,0.0171,3,0,3,2,68.5,46,-21,25,-0.2,0.006026,999999.99,99999.99,99999.99,0.21,0.1,0.08,-1,2009-08-25 09:00:00
2009,237,10,2402,51,52,61,34,4.4,4.1,4.1,321.1,3.2,-2.6,0.3,-2.1,1.6,0.1,1.5,0.5,0.5,1.3,20436.0,3.7,328.0,-4.0,-0.2,0.011,4810.0,0.7,5.0,0.9,2.2,0.003,0.69,-0.52,1.18,7.2,5.0,0.0231,3,0,2,2,68.5,40,-25,15,-0.0,0.006026,999999.99,99999.99,99999.99,0.24,0.13,0.1,-1,2009-08-25 10:00:00
2009,237,11,2402,51,52,62,36,4.4,4.4,-21.0,311.1,2.7,-3.1,-1.6,-3.5,0.2,0.1,0.4,0.2,0.2,0.2,23519.0,2.3,344.0,-2.6,-1.4,0.021,4071.0,0.3,7.0,0.6,1.7,0.0,0.49,-0.07,0.75,5.9,4.6,0.0338,3,0,1,2,68.5,40,-27,13,0.0,0.006026,999999.99,99999.99,99999.99,0.24,0.12,0.1,-1,2009-08-25 11:00:00
2009,237,12,2402,51,52,59,33,4.6,4.6,-16.1,312.0,3.0,-3.3,-1.3,-3.5,0.5,0.2,0.4,0.2,0.4,0.1,25043.0,2.2,342.0,-2.6,-2.2,9.999,8605.0,0.5,3.0,0.7,0.7,9.999,0.51,-0.17,0.66,5.5,4.4,0.0391,7,0,0,3,68.5,44,-30,14,0.4,0.006026,999999.99,99999.99,99999.99,0.19,0.11,0.09,-1,2009-08-25 12:00:00
2009,237,13,2402,51,52,57,29,5.2,5.0,-18.2,341.1,4.5,-1.5,-1.6,-2.1,-0.7,0.1,1.4,0.7,1.3,0.2,26375.0,2.8,327.0,-2.0,-3.9,0.016,6234.0,0.5,10.0,0.8,1.0,0.002,0.53,0.23,0.67,5.3,4.2,0.043,7,0,0,3,68.5,70,-53,18,1.1,0.006026,999999.99,99999.99,99999.99,0.26,0.11,0.07,-1,2009-08-25 13:00:00
2009,237,14,2402,51,52,60,36,5.3,5.3,-21.0,9.4,4.9,0.8,-1.9,-0.2,-2.1,0.1,0.4,0.2,0.4,0.1,21111.0,3.0,320.0,0.0,-4.3,0.015,4083.0,0.3,3.0,0.6,0.6,0.002,0.54,0.67,0.66,5.2,4.2,0.0435,7,0,-3,3,68.5,77,-58,18,1.3,0.006026,999999.99,99999.99,99999.99,0.2,0.11,0.08,-1,2009-08-25 14:00:00
2009,237,15,2402,51,52,59,30,5.1,4.9,-10.4,352.8,4.8,-0.6,-0.9,-0.9,-0.6,0.2,1.2,0.2,1.0,0.8,21924.0,2.9,314.0,-2.4,-2.8,0.02,5413.0,0.6,4.0,2.0,1.4,0.002,0.52,0.19,0.7,5.2,4.1,0.0433,7,0,-7,3,68.5,113,-101,12,0.9,0.006026,999999.99,99999.99,99999.99,0.2,0.12,0.1,-1,2009-08-25 15:00:00
2009,237,16,2402,51,52,61,28,5.1,5.0,1.7,344.7,4.8,-1.3,0.2,-1.1,0.7,0.1,0.8,0.4,0.6,0.3,22290.0,2.5,315.0,-3.8,-0.8,0.025,10193.0,0.8,5.0,1.1,0.6,0.004,0.46,-0.22,0.6,4.9,4.0,0.0499,7,0,-6,3,68.5,99,-88,12,0.8,0.006026,999999.99,99999.99,99999.99,0.2,0.13,0.1,-1,2009-08-25 16:00:00
2009,237,17,2402,51,52,59,37,4.9,4.4,13.2,6.4,4.3,0.5,1.0,0.8,0.8,0.2,2.1,0.3,2.1,0.3,27103.0,3.3,319.0,-2.3,1.3,0.018,7343.0,0.8,6.0,3.8,0.7,0.003,0.6,-0.26,0.89,5.9,4.4,0.034,7,0,-3,3,68.5,27,-12,14,0.3,0.006026,999999.99,99999.99,99999.99,0.24,0.13,0.1,-1,2009-08-25 17:00:00
2009,237,18,2402,51,52,58,33,4.9,4.8,12.0,22.7,4.4,1.8,1.0,2.0,0.4,0.3,0.8,0.4,0.4,0.6,30692.0,3.5,313.0,0.1,2.4,0.022,12307.0,0.6,4.0,0.6,1.1,0.001,0.62,-0.13,0.96,6.0,4.4,0.0333,3,0,-2,2,68.5,31,-18,13,0.0,0.006026,999999.99,99999.99,99999.99,0.25,0.12,0.1,-1,2009-08-25 18:00:00
2009,237,19,2402,51,52,59,32,4.1,4.0,6.4,7.7,3.9,0.5,0.4,0.6,0.3,0.1,0.6,0.1,0.4,0.4,39410.0,3.7,306.0,-0.9,1.5,0.023,17062.0,0.8,4.0,1.3,1.2,0.005,0.63,-0.09,1.54,7.2,4.7,0.0231,3,0,-1,2,68.5,32,-20,12,-0.1,0.006026,999999.99,99999.99,99999.99,0.21,0.11,0.08,-1,2009-08-25 19:00:00
2009,237,20,2402,51,52,65,35,4.5,4.1,8.4,339.8,3.8,-1.4,0.6,-1.2,0.9,0.3,1.8,0.8,1.4,0.7,25931.0,3.0,309.0,-3.5,2.8,0.018,12839.0,1.2,11.0,2.1,1.3,0.01,0.51,-0.28,0.95,5.9,4.4,0.0336,3,0,-1,2,68.5,41,-28,13,-0.1,0.006026,999999.99,99999.99,99999.99,0.21,0.12,0.09,-1,2009-08-25 20:00:00
2009,237,21,2402,51,52,58,35,5.4,5.3,-13.7,287.4,1.5,-4.9,-1.2,-5.0,-0.2,0.2,1.3,0.8,0.4,0.9,33694.0,3.8,330.0,-3.4,2.3,0.012,7973.0,0.7,7.0,0.5,1.2,0.005,0.72,0.07,0.88,6.0,4.5,0.0335,7,0,-2,3,68.5,56,-26,29,0.7,0.006026,999999.99,99999.99,99999.99,0.21,0.12,0.08,-1,2009-08-25 21:00:00
2009,237,22,2402,51,52,60,28,5.3,5.3,-6.7,292.0,2.0,-4.9,-0.6,-4.9,0.3,0.3,0.6,0.5,0.1,0.3,34214.0,3.9,325.0,-3.3,-1.1,0.014,6689.0,0.6,5.0,0.5,1.8,0.002,0.73,-0.1,0.94,6.1,4.5,0.0324,7,0,-3,3,68.5,49,-19,30,0.5,0.006026,999999.99,99999.99,99999.99,0.21,0.13,0.1,-1,2009-08-25 22:00:00
2009,237,23,2402,51,52,63,24,5.9,5.7,-25.5,295.9,2.2,-4.6,-2.5,-5.0,-1.6,0.2,1.4,0.6,0.6,1.1,30313.0,4.0,345.0,-3.9,-5.3,0.011,17079.0,1.1,8.0,0.9,1.5,0.001,0.83,0.55,0.76,5.8,4.5,0.0348,7,0,-1,3,68.5,61,-22,39,0.7,0.006026,999999.99,99999.99,99999.99,0.2,0.11,0.08,-1,2009-08-25 23:00:00
2009,238,0,2402,51,52,62,12,6.2,4.8,-38.8,317.8,2.8,-2.5,-3.0,-3.1,-2.4,0.2,3.9,1.7,3.3,1.2,44424.0,4.0,348.0,-2.5,-5.0,0.015,18830.0,1.6,9.0,2.1,1.8,0.002,0.86,0.84,0.75,5.6,4.4,0.0378,20,0,-1,7,68.7,66,-22,44,0.9,0.006029,999999.99,99999.99,99999.99,0.3,0.14,0.09,-1,2009-08-26 00:00:00
2009,238,1,2402,51,52,60,28,5.9,5.8,-14.1,106.9,-1.6,5.4,-1.4,4.9,-2.6,0.2,1.2,0.8,0.4,0.8,46656.0,6.4,362.0,2.6,-3.6,0.009,12702.0,1.2,4.0,0.7,1.3,0.004,1.45,0.94,1.34,7.8,5.3,0.0197,20,0,-4,7,68.7,152,-20,132,1.9,0.006029,999999.99,99999.99,99999.99,0.27,0.13,0.08,-1,2009-08-26 01:00:00
2009,238,2,2402,51,52,62,31,4.3,2.3,11.6,81.4,0.3,2.3,0.5,2.4,-0.1,0.8,3.6,1.0,1.6,3.1,112327.0,5.0,355.0,1.9,-2.5,0.013,52452.0,1.3,6.0,0.7,2.1,0.007,1.11,0.04,2.71,9.2,5.1,0.014,20,0,-10,7,68.7,109,-23,87,1.3,0.006029,999999.99,99999.99,99999.99,0.25,0.12,0.08,-1,2009-08-26 02:00:00
2009,238,3,2402,51,52,56,28,4.7,4.5,-49.5,5.9,2.9,0.3,-3.5,-0.8,-3.4,0.2,1.0,0.4,0.9,0.2,66699.0,2.5,351.0,2.3,-4.4,0.027,30773.0,0.8,5.0,0.5,1.0,0.002,0.57,1.19,0.92,5.9,4.4,0.0341,10,0,-14,4,68.7,117,-35,82,1.4,0.006029,999999.99,99999.99,99999.99,0.24,0.17,0.1,-1,2009-08-26 03:00:00
2009,238,4,2402,51,52,61,35,4.4,4.1,-39.0,330.1,2.8,-1.6,-2.6,-2.4,-1.9,0.1,1.5,0.7,1.1,0.7,63782.0,2.9,346.0,1.5,-4.1,9.999,18307.0,0.6,5.0,1.1,0.9,9.999,0.69,0.66,1.2,6.7,4.7,0.0265,10,0,-17,4,68.7,180,-93,87,1.0,0.006029,999999.99,99999.99,99999.99,0.24,0.11,0.08,-1,2009-08-26 04:00:00
2009,238,5,2402,51,52,58,33,4.5,4.3,-24.2,343.8,3.8,-1.1,-1.8,-1.7,-1.2,0.2,1.3,0.5,0.9,0.9,59804.0,2.6,342.0,1.6,-2.6,9.999,9061.0,0.5,4.0,1.4,1.4,9.999,0.61,0.41,1.01,6.1,4.5,0.0317,10,0,-19,4,68.7,144,-77,68,1.0,0.006029,999999.99,99999.99,99999.99,0.23,0.13,0.08,-1,2009-08-26 05:00:00
2009,238,6,2402,51,52,61,35,5.3,5.0,-39.8,348.3,3.7,-0.8,-3.2,-2.1,-2.5,0.3,1.9,1.0,1.5,0.8,62531.0,3.1,346.0,2.4,-4.4,0.021,15348.0,0.6,7.0,1.2,0.9,0.0,0.67,0.86,0.88,5.7,4.3,0.036,17,0,-17,6,68.7,269,-154,115,1.7,0.006029,999999.99,99999.99,99999.99,0.21,0.11,0.08,-1,2009-08-26 06:00:00
2009,238,7,2402,51,52,58,31,5.1,4.9,-41.1,21.6,3.4,1.4,-3.2,-0.2,-3.5,0.2,1.3,0.7,0.7,0.8,64439.0,2.7,348.0,4.7,-5.2,9.999,25588.0,0.8,7.0,1.1,1.2,9.999,0.65,1.22,0.83,5.6,4.3,0.0378,17,0,-19,6,68.7,297,-200,98,2.7,0.006029,999999.99,99999.99,99999.99,0.25,0.11,0.08,-1,2009-08-26 07:00:00
2009,238,8,2402,51,52,61,36,4.4,4.3,-40.2,31.3,2.8,1.7,-2.8,0.1,-3.3,0.4,0.8,0.5,0.6,0.2,62776.0,2.7,347.0,5.7,-4.6,0.03,21282.0,0.6,6.0,0.9,0.7,0.0,0.61,1.15,1.11,6.5,4.6,0.0283,17,0,-21,6,68.7,229,-172,57,2.3,0.006029,999999.99,99999.99,99999.99,0.26,0.12,0.09,-1,2009-08-26 08:00:00
2009,238,9,2402,51,52,59,33,3.6,3.0,-1.0,308.4,1.9,-2.4,-0.1,-2.1,1.1,0.1,1.9,0.4,1.5,1.2,96227.0,2.6,347.0,3.2,-2.0,9.999,14797.0,0.3,6.0,1.0,0.9,9.999,0.63,-0.38,1.87,7.8,4.8,0.0197,10,0,-19,4,68.7,125,-94,31,0.7,0.006029,999999.99,99999.99,99999.99,0.27,0.11,0.08,-1,2009-08-26 09:00:00
2009,238,10,2402,51,52,66,40,2.7,2.2,19.3,289.3,0.7,-2.0,0.7,-1.3,1.6,0.3,1.4,1.1,0.6,0.7,92586.0,2.8,361.0,5.3,-0.7,0.024,13714.0,0.2,13.0,0.9,1.4,0.005,0.67,-0.58,3.53,11.2,5.6,0.0095,10,0,-13,4,68.7,57,-35,23,0.3,0.006029,999999.99,99999.99,99999.99,0.25,0.12,0.08,-1,2009-08-26 10:00:00
2009,238,11,2402,51,52,60,33,3.1,2.4,-3.4,311.9,1.6,-1.8,-0.1,-1.6,0.8,0.3,1.9,1.3,0.9,1.2,75187.0,2.6,368.0,4.9,-0.3,0.022,19932.0,0.4,5.0,0.5,0.7,0.004,0.64,-0.29,2.29,9.6,5.5,0.013,10,0,-11,4,68.7,43,-20,23,0.4,0.006029,999999.99,99999.99,99999.99,0.2,0.13,0.09,-1,2009-08-26 11:00:00
2009,238,12,2402,51,52,61,37,3.3,3.2,1.2,327.0,2.7,-1.7,0.1,-1.4,1.0,0.2,1.0,0.4,0.3,0.9,60677.0,2.2,367.0,4.4,0.9,0.026,20246.0,0.5,6.0,0.6,0.8,0.002,0.55,-0.37,1.59,8.2,5.4,0.0175,3,0,-9,2,68.7,35,-19,16,0.3,0.006029,999999.99,99999.99,99999.99,0.22,0.12,0.09,-1,2009-08-26 12:00:00
2009,238,13,2402,51,52,59,37,2.5,2.4,48.4,329.2,1.4,-0.8,1.8,0.2,2.0,0.4,0.8,0.5,0.6,0.3,80087.0,2.5,375.0,4.5,2.9,0.023,9288.0,0.2,4.0,0.3,1.0,0.002,0.64,-0.75,3.47,11.9,5.9,0.0085,3,0,-8,2,68.7,30,-14,16,-0.3,0.006029,999999.99,99999.99,99999.99,0.24,0.13,0.11,-1,2009-08-26 13:00:00
2009,238,14,2402,51,52,61,37,2.4,1.5,48.7,62.4,0.5,0.9,1.1,1.3,0.6,0.4,1.8,0.8,1.5,0.7,82046.0,2.2,367.0,5.4,3.9,0.029,21450.0,0.5,5.0,0.8,0.7,0.0,0.55,-0.22,3.34,11.3,5.8,0.0092,3,0,-7,2,68.7,22,-14,8,-0.1,0.006029,999999.99,99999.99,99999.99,0.26,0.12,0.09,-1,2009-08-26 14:00:00
2009,238,15,2402,51,52,58,35,3.2,2.2,52.0,304.8,0.8,-1.1,1.7,-0.3,2.0,0.2,2.3,0.7,1.5,1.6,68162.0,2.5,364.0,3.2,4.5,9.999,19456.0,0.3,6.0,1.5,2.3,9.999,0.66,-0.73,2.0,9.0,5.4,0.0147,3,0,-7,2,68.7,26,-19,7,-0.2,0.006029,999999.99,99999.99,99999.99,0.2,0.11,0.08,-1,2009-08-26 15:00:00
2009,238,16,2402,51,52,59,35,2.9,2.3,9.2,259.6,-0.4,-2.2,0.4,-1.9,1.2,0.2,1.6,0.8,0.6,1.3,43017.0,3.0,371.0,0.3,2.2,9.999,7600.0,0.4,8.0,0.8,1.3,9.999,0.83,-0.45,2.54,11.1,6.2,0.0097,3,0,-5,2,68.7,35,-23,12,1.0,0.006029,999999.99,99999.99,99999.99,0.24,0.11,0.08,-1,2009-08-26 16:00:00
2009,238,17,2402,51,52,61,30,3.1,2.4,37.4,259.5,-0.3,-1.8,1.4,-1.2,1.9,0.1,1.9,0.8,0.7,1.6,36838.0,2.6,371.0,0.5,3.1,0.01,9035.0,0.6,6.0,1.1,2.0,0.003,0.62,-0.7,1.86,9.6,6.0,0.0128,3,0,-5,2,68.7,29,-22,7,0.6,0.006029,999999.99,99999.99,99999.99,0.27,0.16,0.1,-1,2009-08-26 17:00:00
2009,238,18,2402,51,52,61,24,3.0,2.6,12.9,254.7,-0.7,-2.4,0.6,-2.1,1.3,0.1,1.3,0.8,0.5,0.9,42200.0,2.8,369.0,-0.4,1.2,0.014,14980.0,0.7,6.0,0.8,1.2,0.0,0.67,-0.48,2.21,10.3,6.0,0.0112,3,0,-4,2,68.7,38,-24,14,0.7,0.006029,999999.99,99999.99,99999.99,0.24,0.13,0.11,-1,2009-08-26 18:00:00
2009,238,19,2402,51,52,57,32,3.0,2.6,48.2,300.7,0.9,-1.5,1.9,-1.0,2.2,0.2,1.5,0.9,0.8,0.8,33512.0,2.7,358.0,0.3,1.6,0.01,17415.0,0.6,7.0,1.0,1.6,0.003,0.6,-0.79,2.02,9.8,5.9,0.0124,3,0,-1,2,68.7,42,-28,15,0.3,0.006029,999999.99,99999.99,99999.99,0.21,0.11,0.09,-1,2009-08-26 19:00:00
2009,238,20,2402,51,52,58,32,3.0,2.4,32.2,334.6,1.8,-0.9,1.3,-0.6,1.5,0.2,1.7,1.0,1.0,1.0,32785.0,2.4,348.0,0.4,1.3,0.01,11242.0,0.6,12.0,1.3,1.3,0.002,0.5,-0.52,1.79,9.0,5.6,0.0147,3,0,0,2,68.7,46,-27,19,-0.1,0.006029,999999.99,99999.99,99999.99,0.24,0.13,0.1,-1,2009-08-26 20:00:00
2009,238,21,2402,51,52,61,31,2.9,2.8,20.1,337.5,2.4,-1.0,1.0,-0.8,1.2,0.1,0.8,0.4,0.5,0.6,28505.0,2.6,345.0,-1.0,2.1,0.01,9738.0,0.4,5.0,1.0,1.0,0.003,0.54,-0.41,2.02,9.6,5.8,0.0129,0,0,-2,0,68.7,40,-22,18,-0.1,0.006029,999999.99,99999.99,99999.99,0.21,0.13,0.1,-1,2009-08-26 21:00:00
2009,238,22,2402,51,52,62,26,3.0,2.8,52.2,309.9,1.1,-1.3,2.2,-0.9,2.4,0.2,1.1,0.6,0.9,0.4,39685.0,3.0,359.0,-1.2,2.6,0.015,17097.0,0.5,6.0,1.1,0.8,0.0,0.68,-0.86,2.33,10.4,6.0,0.0111,0,0,-3,0,68.7,22,-11,11,-0.2,0.006029,999999.99,99999.99,99999.99,0.22,0.12,0.08,-1,2009-08-26 22:00:00
2009,238,23,2402,51,52,60,30,3.2,2.9,24.0,292.3,1.0,-2.4,1.2,-2.1,1.6,0.1,1.3,0.6,0.8,0.9,42119.0,3.7,360.0,-2.4,1.6,0.009,12129.0,0.6,6.0,1.0,1.0,0.0,0.83,-0.58,2.56,10.8,6.0,0.0102,0,0,-3,0,68.7,28,-15,13,-0.2,0.006029,999999.99,99999.99,99999.99,0.18,0.09,0.07,-1,2009-08-26 23:00:00
2009,239,0,2402,51,52,62,30,3.4,3.0,-36.5,301.1,1.3,-2.1,-1.8,-2.4,-1.3,0.1,1.4,0.7,0.8,0.9,38324.0,4.0,359.0,-2.4,-1.0,0.017,6553.0,0.7,4.0,0.7,1.0,0.0,0.92,0.47,2.4,10.6,6.0,0.0107,7,0,-2,3,69.1,47,-21,25,0.1,0.006082,999999.99,99999.99,99999.99,0.2,0.12,0.1,-1,2009-08-27 00:00:00
2009,239,1,2402,51,52,56,29,3.3,2.8,-31.4,289.7,0.8,-2.3,-1.5,-2.6,-0.9,0.2,1.6,0.9,0.6,1.1,29003.0,3.3,356.0,-3.9,-0.8,9.999,11561.0,1.0,9.0,1.7,1.0,9.999,0.84,0.32,1.98,9.8,5.9,0.0124,7,0,-5,3,69.1,54,-24,30,0.6,0.006082,999999.99,99999.99,99999.99,0.25,0.14,0.1,-1,2009-08-27 01:00:00
2009,239,2,2402,51,52,57,31,3.8,3.7,-5.1,311.8,2.5,-2.8,-0.3,-2.8,0.5,0.2,0.9,0.4,0.4,0.8,19659.0,2.7,341.0,-5.4,-1.2,0.011,6386.0,0.4,5.0,0.6,1.1,0.0,0.55,-0.17,1.15,7.4,5.2,0.0219,7,0,-6,3,69.1,40,-22,19,0.4,0.006082,999999.99,99999.99,99999.99,0.24,0.12,0.09,-1,2009-08-27 02:00:00
2009,239,3,2402,51,52,62,34,3.9,3.4,-30.9,295.7,1.3,-2.6,-1.8,-3.0,-0.9,0.2,1.9,1.7,0.5,0.5,23557.0,3.0,350.0,-4.5,-2.9,0.01,11936.0,0.7,13.0,0.7,0.6,0.002,0.64,0.32,1.25,7.8,5.4,0.0197,13,0,-6,5,69.1,35,-13,22,0.3,0.006082,999999.99,99999.99,99999.99,0.23,0.14,0.11,-1,2009-08-27 03:00:00
2009,239,4,2402,51,52,62,35,4.0,2.7,-3.5,310.4,1.7,-2.0,-0.2,-1.9,0.5,0.3,2.9,1.6,0.3,2.4,22847.0,3.7,348.0,-3.2,-1.8,0.013,9708.0,1.3,10.0,1.5,1.9,0.003,0.79,-0.17,1.45,8.4,5.6,0.017,13,0,-5,5,69.1,58,-22,36,0.4,0.006082,999999.99,99999.99,99999.99,0.19,0.12,0.1,-1,2009-08-27 04:00:00
2009,239,5,2402,51,52,61,36,4.2,4.0,49.4,246.7,-1.0,-2.4,3.0,-1.0,3.7,0.1,1.1,0.4,0.9,0.5,16972.0,5.8,365.0,-1.1,-0.2,0.014,4009.0,0.8,4.0,0.8,0.5,0.004,1.36,-1.35,1.99,10.5,6.3,0.0109,13,0,-2,5,69.1,39,-3,35,0.2,0.006082,999999.99,99999.99,99999.99,0.24,0.12,0.09,-1,2009-08-27 05:00:00
2009,239,6,2402,51,52,61,35,4.6,4.3,55.7,242.5,-1.1,-2.2,3.6,-0.4,4.2,0.2,1.4,0.6,1.1,0.7,20775.0,6.6,366.0,-0.6,-0.1,0.014,10617.0,1.2,2.0,0.5,0.5,0.002,1.56,-1.54,1.94,10.2,6.3,0.0114,7,0,1,3,69.1,30,-2,28,-0.0,0.006082,999999.99,99999.99,99999.99,0.24,0.14,0.11,-1,2009-08-27 06:00:00
2009,239,7,2402,51,52,60,31,4.9,4.7,29.2,257.7,-0.9,-4.0,2.3,-2.5,3.9,0.2,1.3,0.6,0.5,1.0,21495.0,7.0,371.0,-1.7,0.3,0.01,3898.0,1.0,1.0,0.5,0.5,0.002,1.67,-1.45,1.82,10.0,6.2,0.0119,7,0,4,3,69.1,24,-8,17,-0.0,0.006082,999999.99,99999.99,99999.99,0.21,0.12,0.09,-1,2009-08-27 07:00:00
2009,239,8,2402,51,52,59,31,4.9,4.8,62.0,249.9,-0.8,-2.1,4.2,0.2,4.7,0.2,1.3,0.7,0.9,0.5,22522.0,8.5,366.0,-1.5,-0.3,0.012,3736.0,0.8,1.0,0.5,0.6,0.003,1.99,-1.72,2.22,10.9,6.4,0.01,7,0,6,3,69.1,36,-16,19,0.1,0.006082,999999.99,99999.99,99999.99,0.21,0.11,0.09,-1,2009-08-27 08:00:00
2009,239,9,2402,51,52,61,35,4.9,4.3,-3.0,266.3,-0.3,-4.3,-0.2,-3.8,2.0,0.2,2.2,0.4,0.5,2.1,31613.0,8.0,367.0,-2.9,-0.7,0.019,15602.0,0.9,2.0,0.7,1.1,0.005,1.94,-0.73,2.22,10.6,6.2,0.0106,10,0,7,4,69.1,44,-21,23,0.2,0.006082,999999.99,99999.99,99999.99,0.24,0.12,0.1,-1,2009-08-27 09:00:00
2009,239,10,2402,51,52,61,37,4.6,3.8,5.4,276.9,0.5,-3.8,0.4,-3.0,2.3,0.8,2.5,0.7,1.8,1.6,50648.0,8.7,366.0,-2.1,-0.7,0.02,10098.0,1.1,2.0,1.3,0.8,0.002,2.1,-0.84,3.06,11.7,6.1,0.0086,10,0,6,4,69.1,48,-29,19,-0.1,0.006082,999999.99,99999.99,99999.99,0.2,0.12,0.1,-1,2009-08-27 10:00:00
2009,239,11,2402,51,52,58,31,3.8,3.0,42.7,118.5,-1.1,1.9,2.0,2.7,0.7,0.7,2.4,1.2,1.8,1.0,60150.0,9.8,369.0,0.4,-1.4,0.019,10116.0,0.9,3.0,0.7,0.9,0.003,2.4,-0.26,5.32,15.2,6.4,0.0051,10,0,7,4,69.1,55,-28,27,0.4,0.006082,999999.99,99999.99,99999.99,0.22,0.11,0.08,-1,2009-08-27 11:00:00
2009,239,12,2402,51,52,58,34,4.9,1.6,42.7,314.3,0.8,-0.8,1.1,-0.1,1.4,0.9,4.7,1.6,4.1,1.5,66576.0,9.4,363.0,-0.7,-1.4,0.02,10239.0,1.4,6.0,1.6,0.9,0.005,2.23,-0.51,3.17,11.4,5.9,0.0092,13,0,6,5,69.1,63,-37,27,0.6,0.006082,999999.99,99999.99,99999.99,0.21,0.12,0.09,-1,2009-08-27 12:00:00
2009,239,13,2402,51,52,66,40,5.5,4.1,-35.1,340.4,3.2,-1.1,-2.4,-2.1,-1.6,0.7,3.7,2.8,2.3,0.7,67223.0,9.7,361.0,-2.0,-2.8,0.021,11437.0,1.4,14.0,1.2,1.5,0.004,2.29,0.58,2.61,10.2,5.7,0.0114,13,0,5,5,69.1,136,-84,51,1.1,0.006082,999999.99,99999.99,99999.99,0.23,0.12,0.1,-1,2009-08-27 13:00:00
2009,239,14,2402,51,52,57,33,5.7,3.6,-77.9,185.5,-0.7,-0.1,-3.5,-1.7,-3.1,0.3,4.4,2.4,3.2,1.9,68386.0,10.8,383.0,-1.5,-1.0,0.016,7148.0,1.2,11.0,1.9,1.7,0.002,2.82,1.19,2.72,11.0,6.0,0.0098,13,0,4,5,69.1,212,-159,53,1.6,0.006082,999999.99,99999.99,99999.99,0.25,0.12,0.09,-1,2009-08-27 14:00:00
2009,239,15,2402,51,52,60,34,6.0,5.5,-31.4,89.9,0.0,4.7,-2.9,3.0,-4.6,0.2,2.3,0.6,1.2,1.9,75548.0,10.7,377.0,1.5,-1.7,0.017,18547.0,1.0,3.0,1.1,1.0,0.002,2.71,1.73,2.52,10.3,5.8,0.0113,27,0,-4,12,69.1,246,-159,87,2.0,0.006082,999999.99,99999.99,99999.99,0.25,0.12,0.09,-1,2009-08-27 15:00:00
2009,239,16,2402,51,52,61,38,6.1,4.8,-14.2,78.1,1.0,4.6,-1.2,3.8,-2.9,0.3,3.7,1.0,1.2,3.4,76476.0,9.6,373.0,1.5,-1.6,0.018,12498.0,1.3,2.0,0.8,1.1,0.003,2.39,1.08,2.2,9.5,5.6,0.0133,27,0,-11,12,69.1,246,-137,109,1.2,0.006082,999999.99,99999.99,99999.99,0.29,0.14,0.09,-1,2009-08-27 16:00:00
2009,239,17,2402,51,52,60,34,5.1,4.7,-22.0,87.8,0.2,4.3,-1.8,3.4,-3.1,0.8,2.2,0.8,1.5,1.4,92097.0,9.7,378.0,1.0,-2.4,0.019,24834.0,1.2,4.0,0.8,0.7,0.002,2.49,1.17,3.42,11.5,5.8,0.0089,27,0,-14,12,69.1,425,-291,134,1.8,0.006082,999999.99,99999.99,99999.99,0.24,0.15,0.11,-1,2009-08-27 17:00:00
2009,239,18,2402,51,52,59,37,6.0,5.0,-29.9,48.1,2.9,3.2,-2.5,2.3,-3.3,0.3,3.4,1.1,2.4,2.0,80655.0,8.3,371.0,0.9,-2.7,0.02,13183.0,0.7,2.0,0.5,0.8,0.002,2.06,1.22,2.0,8.9,5.4,0.015,23,0,-15,9,69.1,373,-271,102,1.6,0.006082,999999.99,99999.99,99999.99,0.21,0.11,0.08,-1,2009-08-27 18:00:00
2009,239,19,2402,51,52,63,37,4.4,2.9,-72.6,335.0,0.8,-0.4,-2.8,-1.1,-2.6,0.7,3.2,1.4,2.6,1.2,118765.0,6.8,377.0,1.2,-1.3,0.023,55660.0,1.2,7.0,1.4,1.6,0.004,1.76,0.98,3.61,11.2,5.5,0.0095,23,0,-15,9,69.1,304,-196,107,1.7,0.006082,999999.99,99999.99,99999.99,0.2,0.1,0.08,-1,2009-08-27 19:00:00
2009,239,20,2402,51,52,59,36,4.4,3.5,-28.0,70.8,1.0,2.9,-1.7,2.4,-2.3,0.6,2.6,1.7,0.9,1.7,118197.0,6.0,382.0,3.8,0.4,0.025,20795.0,0.8,3.0,0.8,1.1,0.004,1.61,0.88,3.18,10.6,5.5,0.0105,23,0,-14,9,69.1,276,-164,111,1.9,0.006082,999999.99,99999.99,99999.99,0.21,0.12,0.09,-1,2009-08-27 20:00:00
2009,239,21,2402,51,52,61,39,3.6,1.7,62.3,333.3,0.7,-0.3,1.5,0.0,1.5,0.7,3.2,1.6,2.1,1.8,122345.0,5.7,384.0,2.7,0.2,0.025,19712.0,0.6,4.0,0.7,1.0,0.004,1.54,-0.58,4.59,12.7,5.7,0.0073,10,0,-14,4,69.1,106,-51,55,1.0,0.006082,999999.99,99999.99,99999.99,0.21,0.13,0.1,-1,2009-08-27 21:00:00
2009,239,22,2402,51,52,59,36,3.9,3.4,16.9,286.0,0.9,-3.2,1.0,-2.9,1.6,0.5,1.9,1.0,0.4,1.5,124341.0,5.4,381.0,1.7,-0.1,0.027,20522.0,0.4,3.0,0.3,0.8,0.003,1.45,-0.61,3.73,11.4,5.5,0.0092,10,0,-11,4,69.1,43,-23,19,0.3,0.006082,999999.99,99999.99,99999.99,0.27,0.14,0.1,-1,2009-08-27 22:00:00
2009,239,23,2402,51,52,60,35,3.9,3.5,58.1,325.5,1.5,-1.0,3.0,-0.4,3.1,0.4,1.8,0.9,1.4,0.5,102740.0,4.8,378.0,2.0,0.6,0.027,9307.0,0.3,3.0,0.7,0.8,0.003,1.27,-1.17,3.03,10.6,5.6,0.0106,10,0,-11,4,69.1,23,-13,9,-0.1,0.006082,999999.99,99999.99,99999.99,0.24,0.13,0.1,-1,2009-08-27 23:00:00
2009,240,0,2402,51,52,60,35,3.3,2.4,3.1,256.5,-0.6,-2.3,0.1,-2.2,0.6,0.3,2.3,1.3,0.7,1.7,100478.0,4.3,385.0,1.7,-0.8,0.024,8529.0,0.3,4.0,0.6,1.6,0.003,1.17,-0.23,3.76,12.1,5.9,0.0081,7,0,-10,3,69.3,36,-19,17,0.4,0.006083,999999.99,99999.99,99999.99,0.22,0.11,0.07,-1,2009-08-28 00:00:00
2009,240,1,2402,51,52,59,37,3.7,3.2,-33.4,300.2,1.3,-2.3,-1.8,-2.7,-1.2,0.4,1.8,0.6,0.4,1.6,95760.0,3.6,380.0,2.0,-2.5,0.023,15143.0,0.4,5.0,0.6,1.4,0.004,0.95,0.46,2.45,9.7,5.5,0.0125,7,0,-11,3,69.3,46,-22,24,0.4,0.006083,999999.99,99999.99,99999.99,0.27,0.14,0.1,-1,2009-08-28 01:00:00
2009,240,2,2402,51,52,61,36,3.1,2.0,-26.9,334.4,1.6,-0.8,-0.9,-1.0,-0.6,0.3,2.3,1.6,1.4,0.9,87833.0,3.4,376.0,3.2,-1.4,0.023,11260.0,0.5,13.0,2.0,1.1,0.004,0.88,0.23,3.18,11.2,5.8,0.0095,7,0,-12,3,69.3,74,-28,46,0.8,0.006083,999999.99,99999.99,99999.99,0.26,0.16,0.12,-1,2009-08-28 02:00:00
2009,240,3,2402,51,52,59,33,2.7,2.0,-8.7,285.3,0.5,-1.9,-0.3,-1.9,0.3,0.3,1.8,0.9,0.6,1.4,105892.0,3.0,382.0,1.9,-0.7,0.026,15780.0,0.3,7.0,0.9,1.9,0.004,0.81,-0.11,4.01,12.3,5.8,0.0079,13,0,-13,5,69.3,77,-41,36,0.7,0.006083,999999.99,99999.99,99999.99,0.26,0.12,0.08,-1,2009-08-28 03:00:00
2009,240,4,2402,51,52,59,32,3.3,1.9,-6.5,271.9,0.1,-1.9,-0.2,-1.8,0.5,0.3,2.7,1.1,0.9,2.3,96279.0,2.8,388.0,2.0,0.1,0.025,23949.0,0.3,8.0,0.8,2.4,0.005,0.77,-0.19,2.4,9.8,5.6,0.0123,13,0,-14,5,69.3,81,-27,54,0.4,0.006083,999999.99,99999.99,99999.99,0.25,0.15,0.09,-1,2009-08-28 04:00:00
2009,240,5,2402,51,52,61,24,3.1,2.5,9.4,297.0,1.1,-2.2,0.4,-1.9,1.2,0.2,1.8,1.5,0.5,0.9,74803.0,2.2,380.0,1.1,0.1,0.028,24717.0,0.6,14.0,1.4,1.5,0.003,0.59,-0.46,1.93,9.1,5.6,0.0144,13,0,-13,5,69.3,59,-22,37,0.4,0.006083,999999.99,99999.99,99999.99,0.23,0.12,0.09,-1,2009-08-28 05:00:00
2009,240,6,2402,51,52,58,31,2.8,2.0,29.6,298.1,0.8,-1.5,1.0,-0.9,1.6,0.2,1.7,1.3,0.8,0.9,77509.0,2.2,378.0,1.5,1.9,0.026,25227.0,0.4,16.0,1.3,1.9,0.008,0.58,-0.6,2.4,10.0,5.7,0.0119,3,0,-11,2,69.3,22,-4,18,0.1,0.006083,999999.99,99999.99,99999.99,0.23,0.15,0.09,-1,2009-08-28 06:00:00
2009,240,7,2402,51,52,50,26,2.4,1.9,-6.8,341.8,1.8,-0.6,-0.2,-0.6,0.1,0.2,1.3,0.6,0.9,0.8,69914.0,1.7,363.0,2.9,-0.5,0.029,27709.0,0.7,9.0,1.7,1.8,0.007,0.42,-0.04,2.43,9.9,5.6,0.0122,3,0,-9,2,69.3,21,-13,8,-0.1,0.006083,999999.99,99999.99,99999.99,0.2,0.11,0.08,-1,2009-08-28 07:00:00
2009,240,8,2402,51,52,16,8,2.5,2.3,38.9,329.6,1.6,-0.9,1.5,0.0,1.7,0.1,0.9,0.4,0.3,0.8,64194.0,1.9,364.0,1.9,3.9,0.04,23928.0,0.4,4.0,1.0,1.9,0.0,0.49,-0.62,2.44,10.0,5.7,0.0118,3,0,-8,2,69.3,23,-17,6,-0.2,0.006083,999999.99,99999.99,99999.99,0.27,0.14,0.09,-1,2009-08-28 08:00:00
2009,240,9,2402,71,71,14,14,3.1,2.9,-2.6,348.5,2.8,-0.6,-0.1,-0.6,0.2,0.1,0.9,0.3,0.7,0.5,92628.0,1.7,369.0,2.2,-1.8,9.999,11649.0,0.2,5.0,0.9,0.8,9.999,0.46,-0.07,1.63,7.8,5.0,0.0198,0,0,-8,0,69.3,30,-20,10,-0.1,0.006083,999999.99,99999.99,99999.99,0.22,0.12,0.09,-1,2009-08-28 09:00:00
2009,240,10,2402,71,71,16,16,3.0,2.6,-3.5,318.3,2.0,-1.8,-0.2,-1.6,0.8,0.1,1.3,0.7,0.8,0.6,71811.0,1.7,377.0,0.9,-1.2,9.999,24335.0,0.0,5.0,1.3,0.8,9.999,0.48,-0.3,1.57,8.2,5.3,0.0177,0,0,-10,0,69.3,35,-26,9,-0.0,0.006083,999999.99,99999.99,99999.99,0.26,0.13,0.1,-1,2009-08-28 10:00:00
2009,240,11,2402,71,71,15,15,3.0,2.6,5.3,309.1,1.6,-2.0,0.2,-1.6,1.2,0.1,1.4,0.6,0.8,0.9,45779.0,999.9,377.0,-0.0,-0.3,9.999,10833.0,999.9,4.0,1.2,0.4,9.999,99.99,-0.45,999.99,999.9,99.9,9.9999,0,0,-8,0,69.3,23,-15,8,0.0,0.006083,999999.99,99999.99,99999.99,0.22,0.11,0.09,-1,2009-08-28 11:00:00
2009,240,12,2402,71,71,14,14,3.5,3.4,34.1,351.8,2.8,-0.4,1.9,0.6,1.8,0.2,0.6,0.3,0.4,0.3,58791.0,999.9,370.0,-0.2,0.4,9.999,4029.0,999.9,3.0,0.6,0.5,9.999,99.99,-0.67,999.99,999.9,99.9,9.9999,0,0,-8,0,69.3,25,-13,12,-0.1,0.006083,999999.99,99999.99,99999.99,0.25,0.14,0.1,-1,2009-08-28 12:00:00
2009,240,13,2402,71,71,15,15,4.1,3.9,-15.5,346.4,3.6,-0.9,-1.0,-1.3,-0.4,0.1,1.1,0.4,0.5,0.9,9999999.0,999.9,357.0,0.5,-1.4,9.999,9999999.0,999.9,3.0,0.8,1.0,9.999,99.99,0.14,999.99,999.9,99.9,9.9999,0,0,-8,0,69.3,23,-13,9,0.2,0.006083,999999.99,99999.99,99999.99,0.26,0.13,0.07,-1,2009-08-28 13:00:00
2009,240,14,2402,71,71,15,15,3.7,3.6,-33.8,331.3,2.6,-1.4,-2.0,-2.2,-1.1,0.2,0.5,0.4,0.3,0.2,9999999.0,999.9,361.0,0.1,-1.6,9.999,9999999.0,999.9,2.0,0.4,0.5,9.999,99.99,0.4,999.99,999.9,99.9,9.9999,0,0,-10,0,69.3,44,-31,13,1.6,0.006083,999999.99,99999.99,99999.99,0.32,0.14,0.1,-1,2009-08-28 14:00:00
2009,240,15,2402,51,52,20,6,3.4,3.3,-30.4,307.8,1.8,-2.3,-1.7,-2.8,-0.6,0.0,0.5,0.4,0.2,0.2,18238.0,1.8,344.0,-3.8,-1.9,0.016,10176.0,0.7,6.0,0.4,1.1,0.005,0.38,0.21,0.95,6.8,5.0,0.0258,3,0,-12,2,69.3,83,-72,11,1.5,0.006083,999999.99,99999.99,99999.99,0.27,0.14,0.1,-1,2009-08-28 15:00:00
2009,240,16,2402,51,52,60,25,3.5,3.3,-15.7,304.6,1.8,-2.7,-0.9,-2.8,0.2,0.1,0.8,0.3,0.2,0.8,23421.0,1.8,348.0,-5.2,0.8,0.019,14597.0,0.4,4.0,0.9,1.6,0.006,0.39,-0.07,0.93,6.7,5.0,0.0267,3,0,-10,2,69.3,103,-96,7,1.4,0.006083,999999.99,99999.99,99999.99,0.25,0.11,0.09,-1,2009-08-28 16:00:00
2009,240,17,2402,51,52,5,2,3.5,3.5,10.8,306.4,2.0,-2.7,0.7,-2.3,1.6,0.0,0.2,0.1,0.1,0.1,32457.0,2.3,350.0,-5.7,3.2,9.999,2101.0,0.1,1.0,0.1,0.4,9.999,0.56,-0.56,1.26,7.6,5.3,0.0207,3,0,-6,2,69.3,34,-26,8,1.3,0.006083,999999.99,99999.99,99999.99,0.23,0.13,0.08,-1,2009-08-28 17:00:00
2009,240,18,2402,71,71,14,14,3.0,3.0,-1.7,320.9,2.3,-1.9,-0.1,-1.8,0.5,0.2,0.3,0.1,0.2,0.1,9999999.0,999.9,347.0,-0.1,0.7,9.999,9999999.0,999.9,6.0,0.5,0.6,9.999,99.99,-0.17,999.99,999.9,99.9,9.9999,3,0,-2,2,69.3,45,-26,19,0.9,0.006083,999999.99,99999.99,99999.99,0.26,0.14,0.09,-1,2009-08-28 18:00:00
2009,240,19,2402,71,71,14,14,3.3,3.2,-11.6,326.1,2.6,-1.8,-0.6,-1.9,-0.1,0.3,0.7,0.2,0.3,0.6,9999999.0,999.9,337.0,0.3,1.7,9.999,9999999.0,999.9,3.0,0.9,0.6,9.999,99.99,0.03,999.99,999.9,99.9,9.9999,3,0,-1,2,69.3,44,-26,18,0.6,0.006083,999999.99,99999.99,99999.99,0.22,0.12,0.08,-1,2009-08-28 19:00:00
2009,240,20,2402,71,71,14,14,2.1,0.4,-4.5,95.0,0.0,0.4,0.0,0.4,-0.1,0.4,2.0,1.3,1.4,0.6,9999999.0,999.9,319.0,-1.2,3.6,9.999,9999999.0,999.9,5.0,2.1,2.1,9.999,99.99,0.03,999.99,999.9,99.9,9.9999,3,0,-1,2,69.3,50,-28,22,0.6,0.006083,999999.99,99999.99,99999.99,0.24,0.13,0.09,-1,2009-08-28 20:00:00
2009,240,21,2402,71,71,15,15,2.6,2.5,3.8,148.7,-2.1,1.3,0.2,1.3,-0.1,0.1,0.5,0.4,0.3,0.2,9999999.0,999.9,310.0,-0.4,3.7,9.999,9999999.0,999.9,2.0,1.2,0.9,9.999,99.99,0.03,999.99,999.9,99.9,9.9999,3,0,-3,2,69.3,39,-18,21,0.4,0.006083,999999.99,99999.99,99999.99,0.24,0.12,0.08,-1,2009-08-28 21:00:00
2009,240,22,2402,71,71,15,15,2.4,2.3,5.9,144.2,-1.8,1.3,0.2,1.3,-0.1,0.2,0.6,0.4,0.3,0.3,9999999.0,999.9,310.0,-0.9,2.8,9.999,9999999.0,999.9,2.0,1.0,0.9,9.999,99.99,0.03,999.99,999.9,99.9,9.9999,3,0,-5,2,69.3,31,-13,18,0.4,0.006083,999999.99,99999.99,99999.99,0.25,0.12,0.08,-1,2009-08-28 22:00:00
2009,240,23,2402,51,52,35,20,2.7,2.6,17.6,142.9,-1.9,1.5,0.8,1.6,0.5,0.1,0.7,0.4,0.1,0.6,12198.0,6.0,317.0,-5.4,1.5,0.003,868.0,0.4,2.0,0.2,0.7,0.0,1.02,-0.16,4.81,14.4,6.3,0.0058,3,0,-6,2,69.3,26,-11,15,0.5,0.006083,999999.99,99999.99,99999.99,0.23,0.13,0.1,-1,2009-08-28 23:00:00
2009,241,0,2402,51,52,60,35,2.8,2.7,48.6,140.0,-1.4,1.1,2.0,1.5,1.7,0.2,0.7,0.3,0.3,0.6,12637.0,5.9,317.0,-4.8,0.8,0.004,1792.0,0.6,2.0,0.5,0.9,0.0,1.01,-0.54,4.41,13.7,6.3,0.0063,0,0,-6,0,69.3,17,-12,5,0.1,0.006148,999999.99,99999.99,99999.99,0.27,0.16,0.12,-1,2009-08-29 00:00:00
2009,241,1,2402,51,52,61,36,3.2,2.9,20.9,131.8,-1.8,2.0,1.0,2.2,0.5,0.5,1.5,0.4,0.5,1.3,19729.0,4.8,330.0,-3.2,2.6,0.006,2802.0,0.9,6.0,0.8,1.1,0.001,0.89,-0.17,2.89,11.3,6.0,0.0093,0,0,-8,0,69.3,26,-16,11,0.2,0.006148,999999.99,99999.99,99999.99,0.21,0.13,0.1,-1,2009-08-29 01:00:00
2009,241,2,2402,51,52,60,35,3.2,3.2,21.7,122.2,-1.6,2.5,1.2,2.7,0.5,0.3,0.5,0.3,0.3,0.3,18076.0,5.5,336.0,-3.7,2.6,0.006,1709.0,0.7,2.0,0.3,0.5,0.001,1.06,-0.17,3.27,12.3,6.3,0.0078,0,0,-7,0,69.3,28,-16,11,0.3,0.006148,999999.99,99999.99,99999.99,0.27,0.13,0.09,-1,2009-08-29 02:00:00
2009,241,3,2402,51,52,61,37,3.5,3.5,31.9,113.7,-1.2,2.7,1.8,3.1,0.9,0.3,0.7,0.4,0.2,0.5,16556.0,6.2,336.0,-3.7,2.4,0.004,1119.0,0.3,2.0,0.3,0.4,0.001,1.19,-0.3,3.05,12.0,6.3,0.0083,3,0,-5,2,69.3,25,-13,12,0.4,0.006148,999999.99,99999.99,99999.99,0.22,0.14,0.1,-1,2009-08-29 03:00:00
2009,241,4,2402,51,52,62,37,4.8,4.6,13.3,135.4,-3.2,3.1,1.0,3.3,-0.2,0.5,1.5,1.2,0.2,0.9,26637.0,5.4,343.0,-4.1,1.5,0.007,6887.0,1.3,6.0,0.7,0.8,0.003,1.09,0.07,1.51,8.3,5.5,0.0173,3,0,-4,2,69.3,26,-7,19,0.5,0.006148,999999.99,99999.99,99999.99,0.22,0.12,0.1,-1,2009-08-29 04:00:00
2009,241,5,2402,51,52,58,35,4.8,4.8,8.6,132.1,-3.2,3.5,0.7,3.5,-0.7,0.4,0.8,0.6,0.3,0.3,30238.0,5.9,344.0,-3.7,0.5,0.007,3805.0,1.2,5.0,0.7,0.3,0.002,1.2,0.24,1.69,8.7,5.6,0.0157,3,0,-4,2,69.3,49,-20,29,0.8,0.006148,999999.99,99999.99,99999.99,0.22,0.12,0.09,-1,2009-08-29 05:00:00
2009,241,6,2402,51,52,59,37,4.2,4.2,-1.4,121.1,-2.2,3.6,-0.1,3.2,-1.7,0.4,0.7,0.2,0.5,0.4,29585.0,6.7,336.0,-3.5,0.4,0.006,4029.0,0.6,2.0,0.6,0.6,0.001,1.29,0.57,2.5,10.4,5.8,0.0111,10,0,-5,4,69.3,132,-82,50,1.0,0.006148,999999.99,99999.99,99999.99,0.2,0.11,0.08,-1,2009-08-29 06:00:00
2009,241,7,2402,51,52,60,37,2.6,2.6,-6.5,132.2,-1.7,1.9,-0.3,1.5,-1.2,0.6,0.9,0.2,0.7,0.5,25538.0,9.4,337.0,-2.8,0.6,0.004,4480.0,2.1,3.0,0.5,0.4,0.002,1.81,0.4,8.9,19.9,6.7,0.003,10,0,-4,4,69.3,182,-100,82,1.2,0.006148,999999.99,99999.99,99999.99,0.2,0.11,0.09,-1,2009-08-29 07:00:00
2009,241,8,2402,51,52,61,36,2.1,1.1,-56.3,120.6,-0.3,0.5,-0.9,0.0,-1.0,0.7,1.9,0.8,1.2,1.2,21662.0,11.3,339.0,-2.0,-0.5,0.004,3483.0,1.1,2.0,0.6,0.5,0.001,2.2,0.34,15.99,27.1,7.1,0.0016,10,0,-2,4,69.3,91,-35,56,0.7,0.006148,999999.99,99999.99,99999.99,0.28,0.13,0.1,-1,2009-08-29 08:00:00
2009,241,9,2402,51,52,56,27,2.7,1.9,30.3,151.4,-1.5,0.8,1.0,1.2,0.4,0.5,2.0,0.8,1.4,1.1,35886.0,7.9,340.0,-0.3,-1.0,0.007,3305.0,1.2,4.0,1.5,0.5,0.002,1.57,-0.14,7.4,17.7,6.5,0.0038,7,0,-4,3,69.3,63,-30,33,0.7,0.006148,999999.99,99999.99,99999.99,0.27,0.13,0.09,-1,2009-08-29 09:00:00
2009,241,10,2402,51,52,60,37,3.1,3.0,40.7,134.6,-1.6,1.6,2.0,2.4,0.9,0.2,0.8,0.5,0.4,0.5,29003.0,7.3,343.0,1.4,-1.3,0.006,2470.0,0.3,2.0,0.3,0.3,0.001,1.47,-0.31,4.97,14.9,6.5,0.0053,7,0,-3,3,69.3,43,-18,25,0.6,0.006148,999999.99,99999.99,99999.99,0.25,0.13,0.1,-1,2009-08-29 10:00:00
2009,241,11,2402,51,52,56,35,3.1,0.6,14.6,341.4,0.6,-0.2,0.2,-0.1,0.3,0.5,3.0,1.6,1.6,2.0,23311.0,6.9,332.0,0.0,-2.4,0.005,6835.0,0.4,6.0,1.4,1.1,0.001,1.3,-0.1,4.53,14.1,6.3,0.006,7,0,-2,3,69.3,36,-23,13,0.6,0.006148,999999.99,99999.99,99999.99,0.23,0.12,0.09,-1,2009-08-29 11:00:00
2009,241,12,2402,51,52,61,36,3.4,3.3,-14.9,322.9,2.6,-1.9,-0.9,-2.1,0.2,0.1,0.8,0.2,0.5,0.6,19703.0,6.6,326.0,-1.4,-2.4,0.004,3551.0,0.5,2.0,0.6,0.4,0.001,1.19,-0.07,3.52,12.3,6.1,0.0078,3,0,0,2,69.3,32,-19,13,0.5,0.006148,999999.99,99999.99,99999.99,0.27,0.14,0.09,-1,2009-08-29 12:00:00
2009,241,13,2402,51,52,59,36,4.2,4.1,8.9,312.3,2.7,-3.0,0.6,-2.3,2.0,0.2,0.9,0.4,0.4,0.7,27231.0,4.7,325.0,-1.6,-0.8,0.01,2785.0,0.7,3.0,0.6,0.6,0.002,0.86,-0.65,1.72,8.4,5.3,0.0169,3,0,-1,2,69.3,32,-21,11,0.3,0.006148,999999.99,99999.99,99999.99,0.27,0.16,0.12,-1,2009-08-29 13:00:00
2009,241,14,2402,51,52,60,38,4.2,4.0,19.4,311.4,2.5,-2.9,1.3,-2.0,2.5,0.2,1.3,0.2,0.3,1.2,29142.0,4.6,327.0,-1.0,-0.1,0.009,10067.0,0.5,5.0,0.6,1.9,0.003,0.85,-0.82,1.71,8.3,5.3,0.0171,3,0,-1,2,69.3,34,-22,12,-0.0,0.006148,999999.99,99999.99,99999.99,0.22,0.12,0.09,-1,2009-08-29 14:00:00
2009,241,15,2402,51,52,61,37,4.2,4.1,-2.5,310.9,2.7,-3.1,-0.2,-2.9,1.1,0.1,0.7,0.2,0.2,0.7,29327.0,5.1,329.0,-0.9,-2.4,0.012,4658.0,0.5,2.0,0.5,0.7,0.001,0.97,-0.36,1.9,8.8,5.4,0.0152,3,0,-1,2,69.3,29,-23,7,0.9,0.006148,999999.99,99999.99,99999.99,0.19,0.11,0.08,-1,2009-08-29 15:00:00
2009,241,16,2402,51,52,60,35,4.4,3.9,19.5,306.2,2.2,-3.0,1.3,-2.3,2.4,0.1,2.1,1.4,0.4,1.4,27448.0,4.7,328.0,-0.3,-1.2,0.013,6366.0,0.9,11.0,0.6,1.8,0.002,0.89,-0.79,1.57,8.1,5.3,0.0182,3,0,0,2,69.3,30,-22,8,0.9,0.006148,999999.99,99999.99,99999.99,0.28,0.14,0.11,-1,2009-08-29 16:00:00
2009,241,17,2402,51,52,60,36,4.4,4.3,33.8,323.7,2.8,-2.1,2.4,-1.2,3.0,0.1,0.9,0.5,0.6,0.5,30388.0,5.2,327.0,0.4,0.7,0.015,4269.0,0.7,5.0,1.0,0.8,0.002,0.98,-0.98,1.77,8.5,5.3,0.0166,3,0,-1,2,69.3,21,-14,6,0.2,0.006148,999999.99,99999.99,99999.99,0.24,0.12,0.1,-1,2009-08-29 17:00:00
2009,241,18,2402,51,52,60,36,4.5,4.4,27.9,314.4,2.7,-2.8,2.0,-2.1,2.7,0.1,0.9,0.5,0.5,0.6,30128.0,4.5,326.0,-1.0,0.6,0.012,7484.0,0.7,5.0,0.8,1.2,0.001,0.84,-0.88,1.47,7.7,5.1,0.0201,3,0,0,2,69.3,26,-19,6,0.2,0.006148,999999.99,99999.99,99999.99,0.26,0.13,0.1,-1,2009-08-29 18:00:00
2009,241,19,2402,51,52,60,39,4.1,4.0,30.0,292.8,1.3,-3.2,2.0,-2.6,2.8,0.3,1.1,0.7,0.6,0.5,32306.0,5.5,338.0,-0.6,0.8,0.012,2978.0,0.7,4.0,0.9,0.5,0.002,1.1,-0.95,2.19,9.7,5.7,0.0127,3,0,5,2,69.3,38,-23,14,0.1,0.006148,999999.99,99999.99,99999.99,0.24,0.12,0.09,-1,2009-08-29 19:00:00
2009,241,20,2402,51,52,60,34,3.8,3.4,39.6,302.2,1.4,-2.2,2.2,-1.6,2.6,0.2,1.6,1.5,0.3,0.7,34601.0,6.0,339.0,0.6,1.5,0.016,3272.0,0.6,5.0,0.4,0.5,0.004,1.23,-0.88,2.82,10.9,5.9,0.01,3,0,7,2,69.3,42,-23,19,-0.1,0.006148,999999.99,99999.99,99999.99,0.21,0.13,0.09,-1,2009-08-29 20:00:00
2009,241,21,2402,51,52,61,39,4.0,3.7,11.9,318.0,2.7,-2.4,0.8,-2.2,1.3,0.4,1.3,0.9,0.4,0.9,38655.0,5.5,336.0,0.2,1.7,0.019,7554.0,0.5,5.0,0.7,0.9,0.001,1.12,-0.44,2.39,9.8,5.6,0.0123,0,0,4,0,69.3,43,-21,22,-0.1,0.006148,999999.99,99999.99,99999.99,0.21,0.11,0.08,-1,2009-08-29 21:00:00
2009,241,22,2402,51,52,60,35,3.1,2.7,30.7,302.9,1.3,-2.0,1.4,-1.7,1.8,0.4,1.6,1.1,0.9,0.6,48643.0,6.6,342.0,1.1,0.9,0.02,4025.0,0.4,7.0,0.8,0.6,0.001,1.39,-0.62,5.06,14.2,6.1,0.0059,0,0,3,0,69.3,31,-16,15,0.0,0.006148,999999.99,99999.99,99999.99,0.19,0.12,0.08,-1,2009-08-29 22:00:00
2009,241,23,2402,51,52,60,40,3.1,2.0,49.7,256.3,-0.3,-1.3,1.5,-1.0,1.7,0.4,2.3,1.6,1.3,0.9,50262.0,7.2,351.0,1.4,1.3,0.02,4546.0,0.7,11.0,1.0,0.9,0.002,1.6,-0.6,5.57,15.2,6.3,0.0052,0,0,6,0,69.3,22,-10,12,-0.1,0.006148,999999.99,99999.99,99999.99,0.26,0.11,0.07,-1,2009-08-29 23:00:00
2009,242,0,2402,51,52,61,37,2.7,2.0,44.7,172.7,-1.4,0.2,1.4,0.5,1.3,0.2,1.8,1.0,1.0,1.0,52445.0,8.1,353.0,1.6,1.7,0.018,3397.0,0.3,2.0,0.3,0.2,0.001,1.81,-0.46,8.36,18.6,6.5,0.0034,20,0,8,7,68.5,21,-9,12,0.1,0.00609,999999.99,99999.99,99999.99,0.23,0.13,0.1,-1,2009-08-30 00:00:00
2009,242,1,2402,51,52,61,32,4.2,3.7,5.5,310.0,2.4,-2.8,0.4,-2.6,1.1,1.4,2.4,1.2,1.2,1.6,65589.0,9.7,356.0,-1.4,0.2,0.026,16485.0,2.8,13.0,1.7,1.1,0.005,2.27,-0.39,4.44,13.2,6.0,0.0068,20,0,13,7,68.5,34,-14,20,0.2,0.00609,999999.99,99999.99,99999.99,0.24,0.13,0.1,-1,2009-08-30 01:00:00
2009,242,2,2402,51,52,44,22,5.8,5.0,30.5,302.3,2.3,-3.7,2.5,-2.9,3.4,0.5,3.0,1.3,1.6,2.1,80190.0,14.1,374.0,-2.5,0.7,0.024,13144.0,2.4,5.0,1.7,1.1,0.005,3.61,-1.27,3.64,12.1,5.9,0.0081,20,0,17,7,68.5,36,-11,25,-0.0,0.00609,999999.99,99999.99,99999.99,0.28,0.13,0.1,-1,2009-08-30 02:00:00
2009,242,3,2402,51,52,30,14,5.5,4.9,74.7,214.0,-1.1,-0.7,4.7,0.8,4.7,0.2,2.3,0.9,2.0,0.7,81942.0,11.6,385.0,-1.5,0.8,0.025,32640.0,3.4,6.0,1.3,3.0,0.008,3.16,-1.81,3.35,11.9,6.0,0.0084,13,0,16,5,68.5,45,-11,34,0.3,0.00609,999999.99,99999.99,99999.99,0.21,0.12,0.09,-1,2009-08-30 03:00:00
2009,242,4,2402,71,71,15,15,6.5,6.2,-13.8,318.6,4.5,-4.0,-1.5,-4.3,0.0,0.2,1.7,0.5,0.9,1.3,9999999.0,999.9,376.0,-3.5,-1.0,9.999,9999999.0,999.9,2.0,0.4,0.5,9.999,99.99,-0.0,999.99,999.9,99.9,9.9999,13,0,11,5,68.5,30,-5,26,0.1,0.00609,999999.99,99999.99,99999.99,0.22,0.12,0.1,-1,2009-08-30 04:00:00
2009,242,5,2402,71,71,14,14,7.0,6.5,-35.4,335.5,4.8,-2.2,-3.8,-3.5,-2.6,0.2,2.2,0.6,1.9,0.8,9999999.0,999.9,367.0,-3.1,-3.0,9.999,9999999.0,999.9,3.0,1.1,0.7,9.999,99.99,0.95,999.99,999.9,99.9,9.9999,13,0,9,5,68.5,114,-60,54,0.5,0.00609,999999.99,99999.99,99999.99,0.23,0.14,0.1,-1,2009-08-30 05:00:00
2009,242,6,2402,71,71,16,16,7.5,6.0,-45.9,9.9,4.1,0.7,-4.3,-1.3,-4.2,0.5,4.3,3.2,2.6,1.0,71985.0,14.7,377.0,-3.3,-3.3,9.999,4367.0,0.8,10.0,0.9,0.6,9.999,4.18,1.58,2.18,9.6,5.7,0.0128,27,0,7,12,68.5,393,-289,104,2.0,0.00609,999999.99,99999.99,99999.99,0.22,0.11,0.08,-1,2009-08-30 06:00:00
2009,242,7,2402,71,71,15,15,8.5,6.9,-65.5,24.9,2.6,1.2,-6.2,-1.9,-6.0,1.1,4.7,1.6,4.2,1.5,74909.0,10.3,385.0,-4.8,-2.4,9.999,10927.0,1.6,2.0,0.7,0.6,9.999,3.05,2.31,1.21,7.3,5.1,0.0225,27,0,-1,12,68.5,477,-328,149,3.5,0.00609,999999.99,99999.99,99999.99,0.24,0.11,0.08,-1,2009-08-30 07:00:00
2009,242,8,2402,71,71,16,16,8.1,5.3,-84.1,57.1,0.3,0.5,-5.3,-2.2,-4.8,1.7,5.6,2.6,4.1,2.9,80680.0,10.3,395.0,-3.9,-2.3,9.999,5751.0,1.8,7.0,1.2,1.0,9.999,3.21,1.9,1.37,7.8,5.3,0.0194,27,0,-12,12,68.5,515,-335,179,3.9,0.00609,999999.99,99999.99,99999.99,0.21,0.11,0.09,-1,2009-08-30 08:00:00
2009,242,9,2402,71,71,15,15,11.3,10.7,22.6,304.6,5.6,-8.1,4.1,-4.8,7.7,0.6,3.5,1.2,1.1,3.0,65130.0,8.4,403.0,-1.5,0.4,9.999,7824.0,1.9,2.0,1.4,1.2,9.999,2.73,-3.1,0.53,5.2,4.3,0.0445,20,0,-25,7,68.5,313,-156,157,1.5,0.00609,999999.99,99999.99,99999.99,0.24,0.13,0.11,-1,2009-08-30 09:00:00
2009,242,10,2402,71,71,15,15,12.2,9.9,40.2,296.5,3.4,-6.7,6.4,-2.3,9.0,0.4,7.0,3.9,3.0,5.0,54687.0,5.3,403.0,0.3,-2.5,9.999,13463.0,0.9,3.0,0.7,0.7,9.999,1.72,-3.63,0.27,3.8,3.4,0.0823,20,0,-19,7,68.5,90,-15,75,0.2,0.00609,999999.99,99999.99,99999.99,0.22,0.11,0.08,-1,2009-08-30 10:00:00
2009,242,11,2402,71,71,15,15,12.0,12.0,-4.6,312.1,8.0,-8.9,-1.0,-8.1,3.8,0.1,0.7,0.4,0.4,0.5,28593.0,5.3,395.0,0.1,-3.6,9.999,1665.0,0.5,4.0,0.3,0.4,9.999,1.65,-1.5,0.24,3.8,3.4,0.0828,20,0,-14,7,68.5,44,-13,31,0.3,0.00609,999999.99,99999.99,99999.99,0.22,0.12,0.09,-1,2009-08-30 11:00:00
2009,242,12,2402,71,71,15,15,12.3,12.1,-9.5,319.0,9.0,-7.9,-2.0,-7.8,2.4,0.1,1.6,0.5,0.6,1.4,28685.0,3.6,390.0,-0.4,-1.8,9.999,5090.0,0.8,2.0,0.8,1.8,9.999,1.1,-0.94,0.16,3.0,2.8,0.1315,30,0,-13,15,68.5,39,-20,20,0.7,0.00609,999999.99,99999.99,99999.99,0.22,0.13,0.09,-1,2009-08-30 12:00:00
2009,242,13,2402,71,71,15,15,11.7,11.3,-13.1,322.3,8.7,-6.7,-2.6,-7.1,1.1,0.2,2.9,0.5,1.6,2.3,48842.0,5.1,397.0,-1.1,0.6,9.999,22744.0,1.0,5.0,1.3,1.8,9.999,1.61,-0.44,0.27,3.8,3.4,0.081,30,0,-12,15,68.5,74,-30,44,0.9,0.00609,999999.99,99999.99,99999.99,0.22,0.11,0.07,-1,2009-08-30 13:00:00
2009,242,14,2402,71,71,16,16,9.6,4.6,-63.9,58.5,1.0,1.7,-4.1,-0.4,-4.4,1.7,8.4,4.0,6.4,3.7,84139.0,10.8,421.0,1.5,1.0,9.999,30846.0,3.0,9.0,2.1,2.5,9.999,3.83,1.85,1.04,7.2,5.2,0.0229,30,0,-9,15,68.5,127,-66,61,2.6,0.00609,999999.99,99999.99,99999.99,0.23,0.11,0.08,-1,2009-08-30 14:00:00
2009,242,15,2402,71,71,16,16,9.3,8.5,-56.7,89.9,0.0,4.7,-7.1,1.2,-8.4,1.9,4.0,1.2,2.2,3.1,85878.0,12.1,423.0,0.6,1.7,9.999,11088.0,2.7,6.0,1.5,0.7,9.999,4.33,3.55,1.25,7.9,5.5,0.019,57,0,-22,67,68.5,560,-316,244,2.7,0.00609,999999.99,99999.99,99999.99,0.23,0.13,0.08,-1,2009-08-30 15:00:00
2009,242,16,2402,71,71,15,15,5.5,3.7,-66.4,315.9,1.1,-1.0,-3.4,-2.2,-2.8,1.1,3.9,1.7,3.3,1.3,127472.0,14.0,442.0,2.6,1.8,9.999,24876.0,3.3,3.0,1.1,0.4,9.999,5.47,1.24,4.93,15.0,6.6,0.0053,57,0,-29,67,68.5,915,-684,231,3.6,0.00609,999999.99,99999.99,99999.99,0.27,0.13,0.09,-1,2009-08-30 16:00:00
2009,242,17,2402,71,71,16,16,5.7,4.2,2.8,299.3,2.1,-3.7,0.2,-3.4,1.5,1.4,3.7,1.1,1.9,3.0,101140.0,11.5,456.0,4.3,1.2,9.999,23245.0,3.2,8.0,1.0,0.8,9.999,4.78,-0.68,3.38,13.6,6.9,0.0065,57,0,-25,67,68.5,434,-307,127,1.7,0.00609,999999.99,99999.99,99999.99,0.23,0.14,0.1,-1,2009-08-30 17:00:00
2009,242,18,2402,71,71,14,14,5.1,1.7,-71.1,251.0,-0.2,-0.5,-1.6,-1.0,-1.4,1.2,4.9,2.8,3.4,2.1,100049.0,7.6,470.0,3.5,-0.3,9.999,12636.0,0.9,5.0,0.7,0.7,9.999,3.36,0.66,2.78,12.7,6.9,0.0074,43,0,-23,32,68.5,115,-72,43,0.9,0.00609,999999.99,99999.99,99999.99,0.21,0.13,0.09,-1,2009-08-30 18:00:00
2009,242,19,2402,71,71,16,16,5.2,2.0,-22.9,130.7,-1.2,1.4,-0.8,1.1,-1.1,0.9,4.8,2.9,2.1,3.2,73391.0,8.4,469.0,2.8,0.1,9.999,9431.0,1.3,3.0,0.3,0.7,9.999,3.7,0.52,2.61,13.1,7.2,0.007,43,0,-26,32,68.5,474,-294,180,2.6,0.00609,999999.99,99999.99,99999.99,0.22,0.11,0.08,-1,2009-08-30 19:00:00
2009,242,20,2402,71,71,15,15,5.2,4.7,6.8,350.6,4.6,-0.8,0.6,-0.6,0.8,0.6,2.2,0.5,1.1,1.8,68004.0,9.4,471.0,3.0,-0.4,9.999,4297.0,0.5,3.0,0.4,0.3,9.999,4.17,-0.38,2.84,13.9,7.5,0.0062,43,0,-25,32,68.5,546,-392,154,2.6,0.00609,999999.99,99999.99,99999.99,0.23,0.13,0.1,-1,2009-08-30 20:00:00
2009,242,21,2402,71,71,15,15,3.9,2.7,-47.3,114.9,-0.8,1.7,-2.0,1.2,-2.3,0.4,2.8,2.4,1.2,0.7,64197.0,9.1,470.0,3.1,-0.8,9.999,3577.0,0.6,2.0,0.3,0.2,9.999,4.02,1.08,4.79,18.2,8.0,0.0036,33,0,-22,18,68.5,203,-104,98,2.0,0.00609,999999.99,99999.99,99999.99,0.2,0.11,0.09,-1,2009-08-30 21:00:00
2009,242,22,2402,71,71,14,14,4.7,4.0,-6.4,337.2,3.7,-1.5,-0.4,-1.6,-0.1,1.0,2.6,2.1,1.4,0.5,79645.0,6.1,453.0,1.5,-0.6,9.999,4918.0,1.5,9.0,0.8,0.2,9.999,2.5,0.05,2.39,11.9,6.8,0.0084,33,0,-25,18,68.5,303,-200,103,1.5,0.00609,999999.99,99999.99,99999.99,0.25,0.13,0.11,-1,2009-08-30 22:00:00
2009,242,23,2402,51,52,29,17,6.5,6.4,1.0,315.0,4.5,-4.5,0.1,-4.4,1.0,0.2,0.6,0.3,0.3,0.4,60204.0,2.8,448.0,1.3,0.5,0.035,11083.0,0.3,4.0,0.6,0.5,0.004,1.07,-0.45,0.52,5.8,4.8,0.0358,33,0,-26,18,68.5,166,-125,42,0.9,0.00609,999999.99,99999.99,99999.99,0.24,0.13,0.1,-1,2009-08-30 23:00:00
2009,243,0,2402,51,52,62,38,5.8,5.7,-7.6,315.6,4.0,-3.9,-0.8,-4.0,0.1,0.8,1.3,1.1,0.3,0.6,57915.0,4.4,451.0,3.2,-0.1,0.027,9883.0,2.1,10.0,1.5,0.5,0.009,1.66,-0.05,1.01,8.2,6.0,0.0179,23,0,-23,9,69.6,93,-62,30,0.6,0.006013,999999.99,99999.99,99999.99,0.23,0.11,0.09,-1,2009-08-31 00:00:00
2009,243,1,2402,51,52,59,37,5.0,5.0,-8.8,313.1,3.4,-3.6,-0.8,-3.7,0.1,0.2,0.5,0.3,0.4,0.2,58370.0,6.2,460.0,4.6,-0.0,0.019,5004.0,0.6,3.0,0.3,0.3,0.003,2.36,-0.05,1.93,11.5,7.0,0.0091,23,0,-16,9,69.6,220,-138,81,1.1,0.006013,999999.99,99999.99,99999.99,0.23,0.12,0.08,-1,2009-08-31 01:00:00
2009,243,2,2402,51,52,60,36,5.3,5.3,-9.3,322.3,4.2,-3.2,-0.9,-3.3,0.0,0.2,0.5,0.4,0.2,0.2,63024.0,5.3,455.0,3.8,-0.1,0.021,5374.0,0.4,1.0,0.3,0.2,0.002,1.99,-0.0,1.5,9.9,6.5,0.0122,23,0,-17,9,69.6,202,-144,58,1.1,0.006013,999999.99,99999.99,99999.99,0.25,0.14,0.1,-1,2009-08-31 02:00:00
2009,243,3,2402,51,52,58,36,5.7,5.7,-5.0,328.4,4.8,-3.0,-0.5,-3.0,0.5,0.1,0.7,0.2,0.1,0.6,78527.0,4.1,445.0,2.6,0.3,0.032,4699.0,0.4,6.0,0.7,0.4,0.007,1.53,-0.22,1.09,7.9,5.7,0.019,13,0,-20,5,69.6,89,-27,62,0.5,0.006013,999999.99,99999.99,99999.99,0.24,0.13,0.09,-1,2009-08-31 03:00:00
2009,243,4,2402,51,52,61,38,4.7,4.4,-6.5,314.5,3.1,-3.1,-0.5,-3.1,0.6,1.2,2.0,1.4,0.8,1.1,89790.0,5.0,440.0,2.1,0.3,0.03,11949.0,1.3,5.0,0.7,1.0,0.005,1.81,-0.26,2.05,10.5,6.3,0.0109,13,0,-18,5,69.6,54,-21,32,0.1,0.006013,999999.99,99999.99,99999.99,0.22,0.13,0.1,-1,2009-08-31 04:00:00
2009,243,5,2402,51,52,60,38,5.1,4.6,15.5,318.7,3.3,-2.9,1.2,-2.2,2.3,0.3,2.2,0.6,0.7,2.0,85729.0,4.8,449.0,2.6,0.6,0.036,6965.0,0.5,5.0,0.6,0.9,0.004,1.85,-1.03,1.64,9.6,6.2,0.0128,13,0,-16,5,69.6,151,-98,52,0.4,0.006013,999999.99,99999.99,99999.99,0.22,0.11,0.08,-1,2009-08-31 05:00:00
2009,243,6,2402,51,52,60,35,5.2,4.7,58.0,343.4,2.4,-0.7,4.0,1.1,3.9,0.2,2.2,1.4,1.6,0.4,85141.0,4.9,450.0,2.7,0.9,0.033,25668.0,0.4,9.0,1.2,0.6,0.002,1.88,-1.75,1.61,9.6,6.2,0.013,13,0,-14,5,69.6,54,1,54,0.2,0.006013,999999.99,99999.99,99999.99,0.22,0.09,0.06,-1,2009-08-31 06:00:00
2009,243,7,2402,51,52,62,38,4.5,3.5,16.2,303.7,1.8,-2.8,1.0,-2.0,2.2,0.8,3.0,1.1,2.4,1.4,79423.0,5.6,448.0,1.7,0.1,0.028,11172.0,1.1,5.0,0.6,1.0,0.007,2.09,-0.99,2.39,11.8,6.7,0.0086,13,0,-10,5,69.6,31,-3,29,0.4,0.006013,999999.99,99999.99,99999.99,0.17,0.1,0.07,-1,2009-08-31 07:00:00
2009,243,8,2402,51,52,58,36,3.1,2.0,-17.2,10.1,1.9,0.3,-0.6,0.0,-0.7,0.6,2.4,0.4,2.2,0.8,55841.0,7.3,457.0,1.3,-1.2,0.016,8236.0,1.3,6.0,0.9,0.3,0.003,2.71,0.32,5.82,19.9,8.1,0.003,13,0,-6,5,69.6,52,-13,39,0.8,0.006013,999999.99,99999.99,99999.99,0.22,0.12,0.09,-1,2009-08-31 08:00:00
2009,243,9,2402,51,52,60,38,4.0,3.9,-3.6,309.2,2.5,-3.0,-0.2,-2.7,1.4,0.4,0.9,0.5,0.5,0.5,61765.0,4.3,448.0,0.1,-1.8,0.022,6343.0,0.6,5.0,0.6,0.4,0.002,1.57,-0.63,2.13,11.6,6.9,0.0088,13,0,-13,5,69.6,36,-22,13,0.2,0.006013,999999.99,99999.99,99999.99,0.25,0.11,0.08,-1,2009-08-31 09:00:00
2009,243,10,2402,51,52,59,34,3.9,3.8,-2.6,335.9,3.4,-1.5,-0.2,-1.4,0.6,0.1,1.1,0.7,0.8,0.2,72491.0,3.1,435.0,-0.1,-1.7,0.028,16124.0,0.4,8.0,0.4,0.4,0.003,1.09,-0.26,1.7,9.8,6.2,0.0123,13,0,-16,5,69.6,69,-60,9,0.3,0.006013,999999.99,99999.99,99999.99,0.21,0.1,0.07,-1,2009-08-31 10:00:00
2009,243,11,2402,51,52,59,36,3.8,3.8,-8.2,359.5,3.7,0.0,-0.5,-0.3,-0.4,0.2,0.8,0.2,0.7,0.3,67230.0,2.7,426.0,1.3,-2.0,0.029,22492.0,0.3,5.0,0.6,0.4,0.004,0.91,0.17,1.52,9.2,6.1,0.014,13,0,-12,5,69.6,91,-77,14,0.6,0.006013,999999.99,99999.99,99999.99,0.24,0.13,0.09,-1,2009-08-31 11:00:00
2009,243,12,2402,51,52,59,37,4.0,3.9,-5.2,7.0,3.9,0.5,-0.4,0.2,-0.6,0.1,0.8,0.1,0.5,0.6,64219.0,2.7,422.0,1.3,-1.7,0.027,13937.0,0.3,2.0,0.7,0.6,0.002,0.89,0.25,1.35,8.7,5.9,0.0158,13,0,-6,5,69.6,142,-123,20,0.7,0.006013,999999.99,99999.99,99999.99,0.22,0.11,0.07,-1,2009-08-31 12:00:00
2009,243,13,2402,51,52,60,38,3.9,3.8,-12.5,355.3,3.7,-0.3,-0.8,-0.7,-0.5,0.1,0.7,0.1,0.4,0.6,58037.0,2.6,419.0,0.9,-2.0,0.028,15744.0,0.2,3.0,0.8,0.9,0.003,0.85,0.21,1.33,8.7,5.9,0.0159,13,0,-4,5,69.6,67,-51,16,0.6,0.006013,999999.99,99999.99,99999.99,0.2,0.12,0.1,-1,2009-08-31 13:00:00
2009,243,14,2402,51,52,59,37,3.8,3.8,-11.0,357.2,3.7,-0.2,-0.7,-0.5,-0.5,0.1,0.6,0.1,0.4,0.5,60772.0,2.7,417.0,1.1,-1.7,0.025,13328.0,0.1,2.0,0.6,0.8,0.003,0.86,0.21,1.47,9.0,6.0,0.0146,13,0,-3,5,69.6,135,-115,20,1.1,0.006013,999999.99,99999.99,99999.99,0.24,0.13,0.1,-1,2009-08-31 14:00:00
2009,243,15,2402,51,52,61,37,3.6,3.4,-18.9,350.7,3.2,-0.5,-1.1,-0.9,-0.8,0.1,1.0,0.4,0.8,0.5,50509.0,2.6,420.0,0.5,-2.5,0.023,13156.0,0.2,5.0,1.4,1.1,0.003,0.84,0.34,1.49,9.4,6.2,0.0134,13,0,-5,5,69.6,156,-120,37,1.4,0.006013,999999.99,99999.99,99999.99,0.23,0.12,0.09,-1,2009-08-31 15:00:00
2009,243,16,2402,51,52,60,36,3.4,3.2,-12.5,351.8,3.1,-0.4,-0.7,-0.6,-0.5,0.1,0.9,0.3,0.7,0.4,46134.0,2.5,417.0,0.9,-1.4,0.027,10943.0,0.1,5.0,1.3,0.8,0.003,0.8,0.21,1.57,9.7,6.3,0.0127,13,0,-10,5,69.6,174,-151,24,0.9,0.006013,999999.99,99999.99,99999.99,0.22,0.11,0.09,-1,2009-08-31 16:00:00
2009,243,17,2402,51,52,59,38,3.4,3.3,-5.7,13.2,3.2,0.8,-0.3,0.6,-0.6,0.0,0.6,0.1,0.5,0.4,48281.0,2.7,416.0,2.3,-1.1,0.028,7574.0,0.2,3.0,0.6,0.5,0.004,0.87,0.25,1.72,10.1,6.4,0.0118,13,0,-12,5,69.6,131,-112,19,0.5,0.006013,999999.99,99999.99,99999.99,0.22,0.11,0.08,-1,2009-08-31 17:00:00
2009,243,18,2402,51,52,61,37,3.4,3.3,-15.0,357.2,3.2,-0.2,-0.9,-0.5,-0.8,0.0,0.6,0.1,0.4,0.3,44567.0,2.7,414.0,1.3,-1.9,0.026,8801.0,0.2,4.0,1.1,0.6,0.002,0.85,0.33,1.68,10.0,6.4,0.0119,17,0,-12,6,69.6,92,-68,24,0.7,0.006013,999999.99,99999.99,99999.99,0.19,0.12,0.08,-1,2009-08-31 18:00:00
2009,243,19,2402,51,52,59,35,3.4,3.3,6.7,15.6,3.2,0.9,0.4,1.0,0.1,0.1,0.8,0.1,0.4,0.7,41777.0,3.2,418.0,1.9,-0.5,0.024,4455.0,0.2,2.0,0.4,0.7,0.004,1.02,-0.04,1.96,11.0,6.7,0.0098,17,0,-12,6,69.6,47,-28,19,0.6,0.006013,999999.99,99999.99,99999.99,0.17,0.1,0.07,-1,2009-08-31 19:00:00
2009,243,20,2402,51,52,60,37,3.4,3.2,15.6,0.2,3.1,0.0,0.9,0.2,0.9,0.0,1.1,0.2,0.7,0.8,38299.0,3.3,416.0,1.0,-0.1,0.025,4595.0,0.2,2.0,0.8,0.8,0.003,1.05,-0.37,1.98,11.1,6.8,0.0096,17,0,-8,6,69.6,50,-23,27,0.2,0.006013,999999.99,99999.99,99999.99,0.16,0.1,0.07,-1,2009-08-31 20:00:00
2009,243,21,2402,51,52,60,36,3.4,3.3,29.6,4.6,2.9,0.2,1.6,0.5,1.5,0.1,0.7,0.2,0.6,0.4,35791.0,3.4,416.0,1.3,0.2,0.024,4229.0,0.3,2.0,1.2,0.7,0.004,1.08,-0.62,2.01,11.3,6.8,0.0093,7,0,-8,3,69.6,35,-12,23,0.0,0.006013,999999.99,99999.99,99999.99,0.22,0.11,0.08,-1,2009-08-31 21:00:00
2009,243,22,2402,51,52,60,35,3.5,3.1,13.6,350.9,3.0,-0.5,0.7,-0.3,0.8,0.0,1.5,0.5,1.3,0.6,40086.0,3.1,412.0,0.9,-0.1,0.025,13044.0,0.3,5.0,1.4,0.8,0.004,0.97,-0.33,1.77,10.4,6.5,0.0111,7,0,-7,3,69.6,20,-8,12,0.1,0.006013,999999.99,99999.99,99999.99,0.2,0.11,0.08,-1,2009-08-31 22:00:00
2009,243,23,2402,51,52,60,38,3.6,3.5,23.2,357.4,3.2,-0.1,1.4,0.2,1.4,0.0,0.8,0.2,0.6,0.5,36909.0,3.5,412.0,0.5,0.5,0.022,4682.0,0.2,2.0,0.5,0.7,0.002,1.08,-0.58,1.86,10.7,6.6,0.0104,7,0,-7,3,69.6,23,-10,13,0.2,0.006013,999999.99,99999.99,99999.99,0.29,0.12,0.09,-1,2009-08-31 23:00:00
2009,244,0,2403,51,52,58,35,3.6,3.5,28.3,357.3,3.1,-0.1,1.7,0.3,1.7,0.1,0.9,0.5,0.4,0.7,34922.0,3.4,407.0,0.1,0.8,0.017,3799.0,0.3,5.0,0.5,0.5,0.005,1.0,-0.69,1.78,10.4,6.5,0.0109,13,13,-8,5,70.4,16,-7,9,0.2,0.006069,999999.99,99999.99,99999.99,0.19,0.11,0.08,-1,2009-09-01 00:00:00
2009,244,1,2403,51,52,62,37,2.6,2.4,22.9,345.5,2.1,-0.5,0.9,-0.3,1.0,0.7,1.3,0.9,0.7,0.5,28154.0,6.1,409.0,0.0,0.3,0.009,3965.0,2.1,6.0,0.4,0.5,0.002,1.77,-0.41,5.88,19.4,7.9,0.0032,13,13,-7,5,70.4,27,-8,19,0.2,0.006069,999999.99,99999.99,99999.99,0.23,0.12,0.09,-1,2009-09-01 01:00:00
2009,244,2,2403,51,52,58,36,2.0,1.9,23.7,43.9,1.3,1.2,0.8,1.4,0.4,0.2,0.6,0.3,0.4,0.3,21621.0,8.4,405.0,0.5,0.3,0.008,4898.0,0.7,5.0,0.2,0.2,0.0,2.37,-0.16,13.1,29.3,8.4,0.0014,13,13,-3,5,70.4,22,-6,17,0.3,0.006069,999999.99,99999.99,99999.99,0.2,0.12,0.09,-1,2009-09-01 02:00:00
2009,244,3,2403,51,52,61,38,1.6,1.3,31.4,39.8,0.9,0.7,0.7,0.9,0.4,0.4,1.0,0.6,0.5,0.6,22818.0,8.1,404.0,0.6,-0.1,0.007,4238.0,0.5,3.0,0.2,0.3,0.001,2.27,-0.16,19.9,35.9,8.4,0.0009,3,13,-3,2,70.4,23,-7,16,0.3,0.006069,999999.99,99999.99,99999.99,0.28,0.16,0.11,-1,2009-09-01 03:00:00
2009,244,4,2403,51,52,59,37,2.2,2.1,33.5,65.7,0.7,1.6,1.2,1.9,0.5,0.2,0.6,0.4,0.2,0.3,21480.0,7.4,403.0,0.4,-0.4,0.006,2593.0,0.4,1.0,0.2,0.2,0.001,2.06,-0.2,9.53,24.9,8.2,0.0019,3,13,-4,2,70.4,27,-6,21,0.3,0.006069,999999.99,99999.99,99999.99,0.24,0.14,0.09,-1,2009-09-01 04:00:00
2009,244,5,2403,51,52,60,36,1.8,1.8,30.6,67.7,0.6,1.4,0.9,1.6,0.3,0.2,0.5,0.4,0.2,0.2,18219.0,7.5,402.0,0.4,-0.5,0.007,2586.0,0.4,3.0,0.2,0.1,0.001,2.08,-0.12,14.12,30.6,8.4,0.0013,3,13,-5,2,70.4,28,-3,25,0.4,0.006069,999999.99,99999.99,99999.99,0.22,0.11,0.08,-1,2009-09-01 05:00:00
2009,244,6,2403,51,52,59,37,1.6,1.3,15.4,86.7,0.1,1.3,0.4,1.3,-0.2,0.3,0.8,0.6,0.4,0.4,16417.0,7.9,396.0,0.1,-0.8,0.007,1784.0,0.2,1.0,0.1,0.1,0.001,2.13,0.08,18.59,34.8,8.4,0.001,0,13,-3,0,70.4,66,-32,34,0.5,0.006069,999999.99,99999.99,99999.99,0.22,0.13,0.09,-1,2009-09-01 06:00:00
2009,244,7,2403,51,52,61,38,1.6,1.5,0.7,93.4,-0.1,1.5,0.0,1.3,-0.7,0.4,0.7,0.5,0.5,0.2,18319.0,6.9,397.0,0.4,-1.0,0.007,1680.0,0.7,5.0,0.2,0.3,0.0,1.87,0.28,16.45,32.6,8.4,0.0011,0,13,-3,0,70.4,57,-18,39,0.5,0.006069,999999.99,99999.99,99999.99,0.21,0.12,0.09,-1,2009-09-01 07:00:00
2009,244,8,2403,51,52,60,37,1.9,1.8,-0.9,112.1,-0.7,1.7,0.0,1.5,-0.9,0.2,0.6,0.6,0.3,0.2,19370.0,6.0,404.0,1.0,-1.4,0.007,1064.0,0.4,4.0,0.5,0.2,0.001,1.68,0.36,10.21,26.0,8.3,0.0018,0,13,-4,0,70.4,74,-46,28,0.6,0.006069,999999.99,99999.99,99999.99,0.21,0.12,0.08,-1,2009-09-01 08:00:00
2009,244,9,2403,51,52,58,36,1.9,1.3,-11.2,116.7,-0.6,1.1,-0.3,0.8,-0.8,0.1,1.4,1.3,0.4,0.2,17515.0,6.3,399.0,0.9,-1.8,0.008,1372.0,0.2,7.0,0.2,0.3,0.001,1.73,0.32,10.59,26.4,8.3,0.0017,7,13,-7,3,70.4,61,-40,21,0.8,0.006069,999999.99,99999.99,99999.99,0.22,0.12,0.09,-1,2009-09-01 09:00:00
2009,244,10,2403,51,52,60,35,2.0,2.0,-13.7,9.6,1.9,0.3,-0.5,0.0,-0.6,0.1,0.3,0.1,0.2,0.1,15428.0,5.9,383.0,0.3,-2.5,0.006,1604.0,0.2,1.0,0.2,0.2,0.001,1.48,0.23,8.82,23.3,7.9,0.0022,7,13,-9,3,70.4,64,-46,19,0.7,0.006069,999999.99,99999.99,99999.99,0.27,0.11,0.08,-1,2009-09-01 10:00:00
2009,244,11,2403,51,52,59,36,2.0,1.9,-13.3,2.2,1.9,0.1,-0.4,-0.1,-0.4,0.1,0.3,0.1,0.3,0.1,15673.0,5.7,383.0,0.1,-2.4,0.005,1221.0,0.4,1.0,0.2,0.1,0.0,1.42,0.15,8.54,22.9,7.9,0.0023,7,13,-10,3,70.4,50,-35,15,0.6,0.006069,999999.99,99999.99,99999.99,0.24,0.12,0.08,-1,2009-09-01 11:00:00
2009,244,12,2403,51,52,59,36,2.4,2.4,-8.9,346.2,2.3,-0.6,-0.4,-0.7,0.0,0.4,0.5,0.4,0.2,0.2,21902.0,3.6,374.0,-0.4,-2.6,0.01,5156.0,1.1,5.0,0.2,0.3,0.005,0.87,-0.0,3.91,14.8,7.1,0.0054,13,13,-8,5,70.4,144,-124,20,0.4,0.006069,999999.99,99999.99,99999.99,0.22,0.12,0.09,-1,2009-09-01 12:00:00
2009,244,13,2403,51,52,59,37,2.7,2.6,-6.5,344.7,2.5,-0.7,-0.3,-0.8,0.1,0.0,0.2,0.1,0.1,0.2,20167.0,2.3,363.0,-0.5,-2.7,0.014,4900.0,0.3,3.0,0.2,0.3,0.002,0.53,-0.04,1.95,10.2,6.2,0.0114,13,13,-9,5,70.4,42,-26,17,0.4,0.006069,999999.99,99999.99,99999.99,0.21,0.11,0.09,-1,2009-09-01 13:00:00
2009,244,14,2403,51,52,61,37,2.7,2.7,-12.1,353.5,2.6,-0.3,-0.6,-0.5,-0.4,0.1,0.2,0.1,0.1,0.1,21707.0,2.5,363.0,-0.0,-2.6,0.016,4383.0,0.3,3.0,0.2,0.2,0.003,0.59,0.15,2.14,10.6,6.3,0.0105,13,13,-8,5,70.4,94,-81,14,0.5,0.006069,999999.99,99999.99,99999.99,0.23,0.14,0.09,-1,2009-09-01 14:00:00
2009,244,15,2403,51,52,59,38,2.6,2.6,-15.4,345.4,2.4,-0.6,-0.7,-0.8,-0.4,0.2,0.3,0.2,0.1,0.1,20135.0,2.8,367.0,-0.3,-2.6,0.014,2681.0,0.5,2.0,0.2,0.2,0.004,0.67,0.15,2.56,11.8,6.6,0.0085,7,13,-9,3,70.4,33,-13,19,0.7,0.006069,999999.99,99999.99,99999.99,0.23,0.12,0.09,-1,2009-09-01 15:00:00
2009,244,16,2403,51,52,59,35,1.7,1.7,-11.3,336.4,1.5,-0.7,-0.3,-0.8,0.0,0.5,0.5,0.5,0.2,0.1,18702.0,3.8,365.0,-0.5,-2.3,0.01,4703.0,0.6,3.0,0.5,0.3,0.002,0.88,-0.0,8.04,20.9,7.4,0.0027,7,13,-8,3,70.4,33,-11,22,0.4,0.006069,999999.99,99999.99,99999.99,0.19,0.11,0.07,-1,2009-09-01 16:00:00
2009,244,17,2403,51,52,60,34,1.4,1.4,-0.8,322.3,1.1,-0.8,0.0,-0.8,0.3,0.2,0.4,0.1,0.3,0.2,18828.0,4.3,363.0,-0.6,-2.3,0.009,2657.0,0.5,2.0,0.3,0.7,0.002,0.98,-0.11,13.43,26.9,7.6,0.0016,7,13,-9,3,70.4,34,-10,24,0.3,0.006069,999999.99,99999.99,99999.99,0.25,0.12,0.09,-1,2009-09-01 17:00:00
2009,244,18,2403,51,52,10,5,2.1,2.1,3.3,309.5,1.3,-1.6,0.1,-1.5,0.6,0.1,0.2,0.1,0.1,0.2,20128.0,3.2,364.0,-0.7,-2.2,0.012,1866.0,0.6,3.0,0.3,0.2,0.002,0.74,-0.22,4.48,15.5,7.0,0.0049,3,13,-6,2,70.4,36,-11,25,0.5,0.006069,999999.99,99999.99,99999.99,0.22,0.11,0.09,-1,2009-09-01 18:00:00
2009,244,19,2403,71,71,16,16,1.8,1.8,4.3,326.3,1.5,-1.0,0.1,-0.9,0.4,0.2,0.4,0.1,0.2,0.3,10835.0,3.9,386.0,-2.3,-0.6,9.999,601.0,0.2,0.0,0.2,0.3,9.999,1.16,-0.15,6.97,21.2,8.0,0.0027,3,13,0,2,70.4,30,-9,21,0.2,0.006069,999999.99,99999.99,99999.99,0.2,0.11,0.08,-1,2009-09-01 19:00:00
2009,244,20,2403,71,71,14,14,1.7,1.6,0.6,336.1,1.5,-0.7,0.0,-0.7,0.2,0.1,0.4,0.2,0.3,0.2,13743.0,3.8,386.0,-2.1,-0.8,9.999,1257.0,0.2,0.0,0.2,0.2,9.999,1.13,-0.08,7.77,22.1,8.0,0.0024,3,13,1,2,70.4,21,-6,15,0.1,0.006069,999999.99,99999.99,99999.99,0.25,0.14,0.11,-1,2009-09-01 20:00:00
2009,244,21,2403,71,71,15,15,1.9,1.6,8.9,314.6,1.1,-1.1,0.2,-1.0,0.4,0.3,1.0,0.6,0.7,0.4,14713.0,3.9,389.0,-2.9,-0.1,9.999,2217.0,0.5,3.0,0.7,0.6,9.999,1.18,-0.16,6.43,20.2,7.9,0.0029,10,13,-3,4,70.4,20,-6,15,0.2,0.006069,999999.99,99999.99,99999.99,0.22,0.11,0.08,-1,2009-09-01 21:00:00
2009,244,22,2403,71,71,15,15,2.1,1.9,-37.5,345.0,1.4,-0.4,-1.1,-0.6,-1.0,0.2,0.8,0.4,0.6,0.4,16606.0,3.4,382.0,-2.1,-1.2,9.999,2265.0,0.2,1.0,0.4,0.3,9.999,0.99,0.38,4.65,16.8,7.5,0.0042,10,13,-4,4,70.4,23,-7,17,0.2,0.006069,999999.99,99999.99,99999.99,0.22,0.09,0.07,-1,2009-09-01 22:00:00
2009,244,23,2403,71,71,15,15,2.5,2.4,-43.2,316.4,1.3,-1.2,-1.7,-1.5,-1.4,0.2,0.5,0.2,0.4,0.3,12201.0,3.5,382.0,-2.6,-0.6,9.999,984.0,0.3,0.0,0.2,0.2,9.999,1.02,0.53,3.27,14.3,7.3,0.0058,10,13,-4,4,70.4,41,-17,24,0.6,0.006069,999999.99,99999.99,99999.99,0.24,0.13,0.09,-1,2009-09-01 23:00:00
2009,245,0,2403,71,71,15,15,2.1,2.1,-19.8,295.2,0.8,-1.8,-0.7,-1.9,-0.3,0.4,0.5,0.3,0.2,0.4,12319.0,3.4,380.0,-2.8,-0.5,9.999,1761.0,0.2,1.0,0.3,0.2,9.999,0.98,0.11,4.51,16.7,7.5,0.0043,17,0,-4,6,69.4,49,-24,24,0.9,0.006071,999999.99,99999.99,99999.99,0.23,0.12,0.09,-1,2009-09-02 00:00:00
2009,245,1,2403,71,71,15,15,2.7,2.7,-12.5,305.7,1.5,-2.1,-0.6,-2.2,-0.1,0.2,0.5,0.3,0.2,0.4,9999999.0,999.9,377.0,-2.0,-0.7,9.999,9999999.0,999.9,1.0,0.5,0.5,9.999,99.99,0.04,999.99,999.9,99.9,9.9999,17,0,-5,6,69.4,34,-12,22,0.6,0.006071,999999.99,99999.99,99999.99,0.23,0.14,0.1,-1,2009-09-02 01:00:00
2009,245,2,2403,71,71,15,15,2.8,2.6,-26.0,292.7,0.9,-2.2,-1.2,-2.4,-0.5,0.2,0.9,0.4,0.3,0.7,9999999.0,999.9,375.0,-3.0,-0.6,9.999,9999999.0,999.9,2.0,0.5,0.7,9.999,99.99,0.19,999.99,999.9,99.9,9.9999,17,0,-7,6,69.4,37,-9,29,0.9,0.006071,999999.99,99999.99,99999.99,0.24,0.14,0.11,-1,2009-09-02 02:00:00
2009,245,3,2403,71,71,15,15,2.5,2.4,-65.1,292.5,0.4,-0.9,-2.2,-1.6,-1.8,0.3,0.6,0.2,0.5,0.3,9999999.0,999.9,373.0,-1.8,-2.1,9.999,9999999.0,999.9,1.0,0.8,0.7,9.999,99.99,0.67,999.99,999.9,99.9,9.9999,7,0,-8,3,69.4,51,-5,46,0.8,0.006071,999999.99,99999.99,99999.99,0.22,0.11,0.07,-1,2009-09-02 03:00:00
2009,245,4,2403,71,71,15,15,1.4,0.7,-56.9,28.6,0.3,0.2,-0.6,0.0,-0.6,0.2,1.2,0.4,1.0,0.5,9999999.0,999.9,372.0,-1.7,-0.3,9.999,9999999.0,999.9,2.0,0.3,0.3,9.999,99.99,0.22,999.99,999.9,99.9,9.9999,7,0,-8,3,69.4,60,-11,49,0.8,0.006071,999999.99,99999.99,99999.99,0.21,0.11,0.08,-1,2009-09-02 04:00:00
2009,245,5,2403,71,71,15,15,2.2,2.0,32.2,32.9,1.4,0.9,1.1,1.3,0.6,0.1,0.8,0.6,0.5,0.3,9999999.0,999.9,381.0,-1.7,-1.4,9.999,9999999.0,999.9,2.0,0.5,0.4,9.999,99.99,-0.23,999.99,999.9,99.9,9.9999,7,0,-9,3,69.4,43,-3,39,0.5,0.006071,999999.99,99999.99,99999.99,0.27,0.11,0.07,-1,2009-09-02 05:00:00
2009,245,6,2403,71,71,15,15,2.2,2.0,42.9,21.4,1.4,0.5,1.4,1.1,1.0,0.2,0.7,0.6,0.3,0.3,9999999.0,999.9,377.0,-1.5,-2.0,9.999,9999999.0,999.9,3.0,0.5,0.7,9.999,99.99,-0.38,999.99,999.9,99.9,9.9999,0,0,-7,0,69.4,38,-2,36,0.4,0.006071,999999.99,99999.99,99999.99,0.25,0.14,0.1,-1,2009-09-02 06:00:00
2009,245,7,2403,71,71,15,15,2.2,2.2,42.5,19.6,1.5,0.5,1.5,1.2,1.1,0.2,0.4,0.2,0.2,0.2,9999999.0,999.9,374.0,-1.5,-1.9,9.999,9999999.0,999.9,2.0,0.4,0.5,9.999,99.99,-0.41,999.99,999.9,99.9,9.9999,0,0,-3,0,69.4,42,-10,32,0.3,0.006071,999999.99,99999.99,99999.99,0.22,0.11,0.08,-1,2009-09-02 07:00:00
2009,245,8,2403,71,71,15,15,1.0,0.9,52.1,26.7,0.5,0.2,0.7,0.5,0.5,0.4,0.5,0.3,0.2,0.3,9999999.0,999.9,371.0,-1.6,-1.5,9.999,9999999.0,999.9,1.0,0.2,0.2,9.999,99.99,-0.19,999.99,999.9,99.9,9.9999,0,0,1,0,69.4,33,-14,19,0.2,0.006071,999999.99,99999.99,99999.99,0.22,0.14,0.1,-1,2009-09-02 08:00:00
2009,245,9,2403,71,71,14,14,1.1,1.1,46.1,19.6,0.7,0.3,0.8,0.7,0.5,0.2,0.3,0.2,0.2,0.2,9999999.0,999.9,368.0,-1.5,-2.0,9.999,9999999.0,999.9,1.0,0.3,0.3,9.999,99.99,-0.18,999.99,999.9,99.9,9.9999,3,0,1,2,69.4,34,-16,18,0.1,0.006071,999999.99,99999.99,99999.99,0.28,0.12,0.09,-1,2009-09-02 09:00:00
2009,245,10,2403,71,71,15,15,1.0,0.9,55.5,75.7,0.1,0.5,0.7,0.8,0.3,0.2,0.4,0.3,0.2,0.2,9999999.0,999.9,358.0,-0.2,-2.3,9.999,9999999.0,999.9,3.0,0.5,0.5,9.999,99.99,-0.11,999.99,999.9,99.9,9.9999,3,0,-2,2,69.4,42,-23,19,0.1,0.006071,999999.99,99999.99,99999.99,0.23,0.12,0.08,-1,2009-09-02 10:00:00
2009,245,11,2403,71,71,14,14,1.8,1.5,30.8,105.1,-0.3,1.3,0.8,1.5,0.0,0.3,0.9,0.2,0.6,0.7,9999999.0,999.9,352.0,0.6,-2.4,9.999,9999999.0,999.9,3.0,0.3,0.3,9.999,99.99,-0.0,999.99,999.9,99.9,9.9999,3,0,-3,2,69.4,45,-29,16,0.2,0.006071,999999.99,99999.99,99999.99,0.23,0.12,0.1,-1,2009-09-02 11:00:00
2009,245,12,2403,71,71,16,16,1.1,0.8,-4.2,42.2,0.6,0.6,-0.1,0.5,-0.4,0.2,0.7,0.4,0.5,0.2,9999999.0,999.9,346.0,1.1,-2.7,9.999,9999999.0,999.9,2.0,0.3,0.3,9.999,99.99,0.14,999.99,999.9,99.9,9.9999,10,0,-1,4,69.4,41,-25,17,0.2,0.006071,999999.99,99999.99,99999.99,0.23,0.12,0.09,-1,2009-09-02 12:00:00
2009,245,13,2403,71,71,15,15,1.4,1.2,34.3,23.5,0.9,0.4,0.6,0.6,0.3,0.3,0.9,0.5,0.6,0.4,9999999.0,999.9,345.0,1.3,-1.9,9.999,9999999.0,999.9,3.0,0.4,0.5,9.999,99.99,-0.1,999.99,999.9,99.9,9.9999,10,0,3,4,69.4,46,-31,14,0.1,0.006071,999999.99,99999.99,99999.99,0.23,0.11,0.07,-1,2009-09-02 13:00:00
2009,245,14,2403,71,71,16,16,1.6,1.4,-2.3,115.0,-0.6,1.3,-0.1,1.1,-0.7,0.6,0.9,0.6,0.5,0.3,9999999.0,999.9,358.0,0.8,-2.3,9.999,9999999.0,999.9,7.0,0.3,0.4,9.999,99.99,0.25,999.99,999.9,99.9,9.9999,10,0,2,4,69.4,42,-25,17,0.1,0.006071,999999.99,99999.99,99999.99,0.23,0.13,0.1,-1,2009-09-02 14:00:00
2009,245,15,2403,71,71,15,15,2.3,2.2,-0.9,129.4,-1.4,1.7,0.0,1.5,-0.7,0.2,0.3,0.2,0.1,0.2,9999999.0,999.9,373.0,1.2,-2.4,9.999,9999999.0,999.9,2.0,0.2,0.4,9.999,99.99,0.26,999.99,999.9,99.9,9.9999,7,0,-2,3,69.4,48,-33,15,0.2,0.006071,999999.99,99999.99,99999.99,0.23,0.14,0.09,-1,2009-09-02 15:00:00
2009,245,16,2403,71,71,15,15,1.6,1.6,-1.5,136.1,-1.1,1.1,0.0,1.0,-0.4,0.2,0.4,0.2,0.3,0.2,9999999.0,999.9,370.0,0.5,-2.1,9.999,9999999.0,999.9,1.0,0.5,0.4,9.999,99.99,0.15,999.99,999.9,99.9,9.9999,7,0,-1,3,69.4,55,-34,21,0.1,0.006071,999999.99,99999.99,99999.99,0.22,0.13,0.1,-1,2009-09-02 16:00:00
2009,245,17,2403,51,52,50,29,1.7,1.3,-9.5,231.2,-0.8,-1.0,-0.2,-1.0,0.2,0.3,1.1,0.6,0.6,0.7,22970.0,5.7,355.0,-0.1,-1.8,0.008,3194.0,0.6,3.0,0.8,0.8,0.002,1.24,-0.07,12.42,24.9,7.3,0.0019,7,0,0,3,69.4,44,-24,21,0.2,0.006071,999999.99,99999.99,99999.99,0.23,0.13,0.09,-1,2009-09-02 17:00:00
2009,245,18,2403,51,52,62,36,1.7,1.4,14.3,243.4,-0.6,-1.2,0.3,-1.1,0.7,0.3,1.1,0.5,0.6,0.8,29273.0,5.6,350.0,0.2,-1.0,0.011,2782.0,0.5,3.0,0.4,0.8,0.001,1.2,-0.24,12.71,24.4,7.0,0.002,3,0,-2,2,69.4,34,-18,16,0.4,0.006071,999999.99,99999.99,99999.99,0.23,0.12,0.09,-1,2009-09-02 18:00:00
2009,245,19,2403,51,52,58,36,2.5,2.2,4.6,308.4,1.4,-1.7,0.2,-1.6,0.6,0.2,1.1,0.5,0.9,0.5,22903.0,3.5,336.0,-1.2,-1.2,0.01,4545.0,0.6,5.0,1.3,0.7,0.002,0.69,-0.2,3.52,12.6,6.3,0.0075,3,0,-6,2,69.4,33,-18,16,0.7,0.006071,999999.99,99999.99,99999.99,0.25,0.14,0.1,-1,2009-09-02 19:00:00
2009,245,20,2403,51,52,59,37,2.4,2.2,6.6,274.9,0.2,-2.1,0.2,-2.0,0.7,0.1,1.0,0.9,0.3,0.3,20783.0,3.6,344.0,-1.0,-1.3,0.007,3417.0,0.5,7.0,0.5,0.5,0.002,0.73,-0.24,3.88,13.6,6.5,0.0064,3,0,-8,2,69.4,30,-13,17,0.3,0.006071,999999.99,99999.99,99999.99,0.24,0.13,0.08,-1,2009-09-02 20:00:00
2009,245,21,2403,51,52,60,36,1.8,1.4,-5.7,306.6,0.9,-1.1,-0.1,-1.1,0.1,0.4,1.1,0.3,0.7,0.8,20562.0,5.4,339.0,-0.8,-1.8,0.007,2919.0,1.2,3.0,0.7,0.8,0.001,1.07,-0.03,10.33,21.9,6.9,0.0025,10,0,-7,4,69.4,30,-11,20,0.4,0.006071,999999.99,99999.99,99999.99,0.24,0.1,0.07,-1,2009-09-02 21:00:00
2009,245,22,2403,51,52,61,38,2.6,2.6,-4.5,283.1,0.6,-2.5,-0.2,-2.5,0.3,0.0,0.3,0.3,0.1,0.2,21000.0,4.0,345.0,-2.1,-1.6,0.007,2958.0,0.6,3.0,0.4,0.4,0.001,0.82,-0.1,3.68,13.3,6.5,0.0068,10,0,-8,4,69.4,21,-8,13,0.4,0.006071,999999.99,99999.99,99999.99,0.21,0.12,0.09,-1,2009-09-02 22:00:00
2009,245,23,2403,51,52,61,38,2.5,2.1,-21.2,267.9,-0.1,-1.9,-0.7,-2.0,-0.3,0.2,1.4,0.8,0.7,0.8,20823.0,5.2,348.0,-1.7,-1.6,0.005,1841.0,0.4,4.0,0.5,0.7,0.001,1.07,0.1,5.16,15.9,6.8,0.0047,10,0,-7,4,69.4,23,-11,12,0.4,0.006071,999999.99,99999.99,99999.99,0.24,0.12,0.09,-1,2009-09-02 23:00:00
2009,246,0,2403,51,52,57,36,2.2,1.0,-36.5,282.9,0.2,-0.7,-0.6,-0.8,-0.4,0.2,2.0,1.0,0.9,1.5,21020.0,5.7,346.0,-0.7,-1.1,0.005,2596.0,0.3,4.0,0.8,1.1,0.001,1.16,0.14,7.32,18.8,6.9,0.0034,3,0,-7,2,69.8,27,-14,13,0.5,0.006073,999999.99,99999.99,99999.99,0.3,0.13,0.1,-1,2009-09-03 00:00:00
2009,246,1,2403,51,52,61,34,2.4,2.3,29.2,313.6,1.4,-1.5,1.1,-1.2,1.4,0.2,0.5,0.3,0.2,0.3,12939.0,6.2,343.0,-0.7,-0.7,0.004,2834.0,0.4,3.0,0.7,0.5,0.001,1.24,-0.48,6.33,17.8,7.0,0.0038,3,0,-6,2,69.8,28,-18,10,0.2,0.006073,999999.99,99999.99,99999.99,0.27,0.13,0.09,-1,2009-09-03 01:00:00
2009,246,2,2403,51,52,60,38,1.9,1.6,-7.6,310.1,1.0,-1.2,-0.2,-1.2,0.2,0.4,1.2,0.8,0.5,0.7,11560.0,8.0,343.0,0.1,-1.2,0.007,862.0,0.8,2.0,0.4,0.3,0.001,1.62,-0.07,12.9,25.5,7.3,0.0018,3,0,-3,2,69.8,31,-18,13,0.4,0.006073,999999.99,99999.99,99999.99,0.22,0.11,0.08,-1,2009-09-03 02:00:00
2009,246,3,2403,51,52,60,37,1.0,0.8,-30.7,263.2,-0.1,-0.7,-0.4,-0.8,-0.2,0.3,0.5,0.3,0.3,0.3,12801.0,8.5,343.0,0.1,-2.1,0.007,998.0,0.2,1.0,0.3,0.2,0.001,1.72,0.07,49.92,50.0,7.5,0.0005,3,0,0,2,69.8,29,-14,15,0.4,0.006073,999999.99,99999.99,99999.99,0.24,0.12,0.09,-1,2009-09-03 03:00:00
2009,246,4,2403,51,52,60,37,1.1,0.9,-39.8,295.2,0.3,-0.6,-0.6,-0.8,-0.3,0.4,0.7,0.5,0.5,0.3,13063.0,7.7,341.0,-0.1,-2.2,0.007,984.0,0.6,2.0,0.2,0.2,0.001,1.54,0.1,37.44,43.0,7.5,0.0006,3,0,0,2,69.8,24,-8,16,0.2,0.006073,999999.99,99999.99,99999.99,0.22,0.13,0.09,-1,2009-09-03 04:00:00
2009,246,5,2403,51,52,59,36,0.8,0.4,-60.5,80.6,0.0,0.2,-0.4,0.0,-0.4,0.3,0.7,0.5,0.4,0.4,12480.0,7.5,340.0,0.6,-1.7,0.007,1155.0,0.2,1.0,0.3,0.3,0.001,1.49,0.14,68.66,58.2,7.5,0.0004,3,0,-2,2,69.8,29,0,29,0.2,0.006073,999999.99,99999.99,99999.99,0.29,0.13,0.09,-1,2009-09-03 05:00:00
2009,246,6,2403,51,52,60,19,1.2,0.8,-36.0,340.4,0.6,-0.2,-0.5,-0.4,-0.4,0.6,1.1,0.8,0.6,0.4,11534.0,7.5,338.0,0.6,-1.8,0.006,995.0,0.3,1.0,0.2,0.2,0.001,1.47,0.14,30.31,38.6,7.4,0.0008,7,0,-1,3,69.8,61,-33,28,0.2,0.006073,999999.99,99999.99,99999.99,0.28,0.15,0.12,-1,2009-09-03 06:00:00
2009,246,7,2403,51,52,59,31,2.3,2.2,-20.6,340.3,2.0,-0.7,-0.8,-1.0,-0.4,0.2,0.5,0.2,0.4,0.2,14410.0,3.9,329.0,0.1,-2.2,0.008,3508.0,1.3,4.0,0.5,0.4,0.002,0.73,0.13,4.38,14.1,6.5,0.006,7,0,-3,3,69.8,57,-35,22,0.3,0.006073,999999.99,99999.99,99999.99,0.25,0.12,0.08,-1,2009-09-03 07:00:00
2009,246,8,2403,51,52,59,33,2.2,2.1,-8.3,333.1,1.8,-0.9,-0.3,-0.9,0.2,0.1,0.5,0.1,0.4,0.3,14333.0,3.2,326.0,-0.4,-1.6,0.006,4207.0,0.8,3.0,1.0,0.7,0.0,0.58,-0.07,3.92,13.3,6.3,0.0068,7,0,-3,3,69.8,60,-40,20,0.1,0.006073,999999.99,99999.99,99999.99,0.25,0.12,0.09,-1,2009-09-03 08:00:00
2009,246,9,2403,51,52,60,29,2.3,2.1,-10.0,344.8,2.0,-0.6,-0.4,-0.7,0.0,0.1,0.7,0.2,0.5,0.5,14069.0,3.3,325.0,0.5,-1.7,0.008,3636.0,0.7,3.0,0.8,0.9,0.0,0.6,-0.0,3.7,12.8,6.3,0.0072,7,0,-3,3,69.8,59,-34,25,0.1,0.006073,999999.99,99999.99,99999.99,0.25,0.12,0.09,-1,2009-09-03 09:00:00
2009,246,10,2403,51,52,61,37,2.3,2.2,-13.7,355.2,2.1,-0.2,-0.5,-0.4,-0.3,0.2,0.7,0.2,0.6,0.3,15738.0,3.2,325.0,0.7,-1.9,0.01,3792.0,0.6,5.0,0.9,0.5,0.001,0.59,0.1,3.63,12.6,6.2,0.0074,7,0,-5,3,69.8,41,-29,13,0.1,0.006073,999999.99,99999.99,99999.99,0.2,0.11,0.08,-1,2009-09-03 10:00:00
2009,246,11,2403,51,52,60,38,2.5,2.4,-15.6,323.4,1.8,-1.4,-0.6,-1.5,0.2,0.2,0.7,0.6,0.4,0.2,19236.0,3.5,335.0,-0.9,-1.4,0.01,2259.0,0.5,2.0,0.5,0.3,0.002,0.68,-0.07,3.44,12.5,6.3,0.0076,7,0,-3,3,69.8,36,-28,8,0.2,0.006073,999999.99,99999.99,99999.99,0.19,0.11,0.08,-1,2009-09-03 11:00:00
2009,246,12,2403,51,52,61,36,2.8,2.7,-10.2,348.9,2.6,-0.5,-0.5,-0.7,-0.2,0.1,0.4,0.1,0.4,0.1,20336.0,2.8,332.0,0.5,-1.1,0.016,4066.0,0.4,4.0,0.6,0.2,0.004,0.55,0.07,2.21,9.9,5.8,0.0121,10,0,-1,4,69.8,42,-32,10,0.2,0.006073,999999.99,99999.99,99999.99,0.23,0.11,0.08,-1,2009-09-03 12:00:00
2009,246,13,2403,51,52,60,36,2.9,2.8,-4.4,352.7,2.8,-0.4,-0.2,-0.4,0.0,0.0,0.3,0.0,0.2,0.2,23193.0,2.7,326.0,0.5,-1.0,0.023,8892.0,0.4,5.0,0.3,0.3,0.003,0.52,-0.0,2.02,9.2,5.6,0.0139,10,0,1,4,69.8,52,-40,12,0.6,0.006073,999999.99,99999.99,99999.99,0.28,0.12,0.08,-1,2009-09-03 13:00:00
2009,246,14,2403,51,52,58,38,2.7,2.7,4.7,339.6,2.6,-1.0,0.2,-0.8,0.6,0.1,0.3,0.1,0.1,0.2,16861.0,2.8,324.0,-0.5,-0.2,0.018,4184.0,0.4,4.0,0.5,0.3,0.003,0.53,-0.19,2.32,10.0,5.8,0.0118,10,0,0,4,69.8,69,-60,9,0.5,0.006073,999999.99,99999.99,99999.99,0.25,0.14,0.1,-1,2009-09-03 14:00:00
2009,246,15,2403,51,52,62,39,2.1,2.1,11.8,335.6,1.8,-0.8,0.4,-0.5,0.7,0.6,0.8,0.3,0.4,0.6,24579.0,4.8,329.0,-0.5,-0.4,0.01,4661.0,1.2,8.0,0.5,0.7,0.002,0.9,-0.23,6.93,17.2,6.5,0.004,23,0,1,9,69.8,51,-31,19,0.2,0.006073,999999.99,99999.99,99999.99,0.23,0.11,0.08,-1,2009-09-03 15:00:00
2009,246,16,2403,51,52,66,36,5.4,4.3,34.2,315.6,2.5,-2.5,2.4,-1.4,3.2,1.2,3.3,1.5,2.5,1.5,33588.0,11.9,368.0,-2.5,4.1,0.009,7344.0,2.8,10.0,1.2,1.5,0.002,2.79,-1.18,2.75,11.8,6.4,0.0086,23,0,12,9,69.8,46,-20,27,0.1,0.006073,999999.99,99999.99,99999.99,0.27,0.14,0.09,-1,2009-09-03 16:00:00
2009,246,17,2403,51,52,59,30,5.5,5.1,-4.3,115.3,-2.2,4.6,-0.4,4.2,-2.0,0.4,2.0,1.3,0.9,1.2,34984.0,11.7,376.0,-3.9,2.2,0.008,7298.0,2.4,4.0,0.8,1.5,0.003,2.85,0.75,2.63,11.7,6.5,0.0087,23,0,10,9,69.8,71,-29,43,0.8,0.006073,999999.99,99999.99,99999.99,0.25,0.12,0.08,-1,2009-09-03 17:00:00
2009,246,18,2403,51,52,60,31,3.9,3.6,1.0,152.5,-3.2,1.7,0.1,1.6,-0.4,0.3,1.5,0.7,1.0,0.8,41941.0,11.3,372.0,-4.6,0.3,0.008,8575.0,2.2,6.0,0.6,1.3,0.003,2.7,0.15,5.26,16.0,6.8,0.0046,20,0,4,7,69.8,67,-38,29,0.3,0.006073,999999.99,99999.99,99999.99,0.18,0.11,0.09,-1,2009-09-03 18:00:00
2009,246,19,2403,51,52,62,38,4.6,4.2,19.1,80.5,0.7,3.9,1.4,4.1,0.3,0.5,1.8,1.2,1.0,1.0,35758.0,11.9,381.0,-5.1,-0.9,0.011,4307.0,1.1,5.0,0.8,0.6,0.003,3.01,-0.11,3.84,14.3,6.9,0.0058,20,0,4,7,69.8,68,-29,39,0.5,0.006073,999999.99,99999.99,99999.99,0.21,0.13,0.09,-1,2009-09-03 19:00:00
2009,246,20,2403,51,52,58,36,4.4,4.0,-6.9,105.2,-1.0,3.9,-0.5,3.7,-1.4,0.9,2.0,1.0,1.5,0.9,29674.0,19.4,384.0,-5.7,-0.6,0.008,6130.0,4.7,5.0,0.4,0.8,0.004,4.93,0.54,6.59,19.2,7.4,0.0032,20,0,10,7,69.8,68,-27,40,1.1,0.006073,999999.99,99999.99,99999.99,0.2,0.11,0.09,-1,2009-09-03 20:00:00
2009,246,21,2403,51,52,63,39,5.9,3.3,-8.9,290.1,1.1,-3.0,-0.5,-3.0,0.2,1.6,5.1,2.9,3.1,2.7,46116.0,14.3,374.0,-4.1,0.8,0.009,20234.0,5.6,6.0,2.0,0.7,0.008,3.46,-0.07,2.98,12.0,6.3,0.0083,23,0,4,9,69.8,62,-22,40,1.2,0.006073,999999.99,99999.99,99999.99,0.21,0.13,0.1,-1,2009-09-03 21:00:00
2009,246,22,2403,51,52,62,38,7.7,6.9,42.4,16.1,4.9,1.4,4.6,2.3,4.2,0.4,3.4,1.8,2.8,0.8,88610.0,5.4,400.0,0.6,-1.7,0.032,16863.0,1.1,13.0,1.8,1.8,0.004,1.63,-1.68,0.82,6.0,4.6,0.0326,23,0,-7,9,69.8,46,-21,25,0.4,0.006073,999999.99,99999.99,99999.99,0.23,0.12,0.1,-1,2009-09-03 22:00:00
2009,246,23,2403,51,52,64,39,6.1,4.8,33.2,6.6,4.0,0.5,2.6,1.1,2.4,2.1,4.3,2.4,2.6,2.3,140564.0,4.9,436.0,4.2,-3.3,0.057,61163.0,1.6,19.0,2.8,1.4,0.017,1.91,-1.05,1.47,7.9,5.2,0.019,23,0,-3,9,69.8,30,-9,21,0.3,0.006073,999999.99,99999.99,99999.99,0.22,0.1,0.07,-1,2009-09-03 23:00:00
2009,247,0,2403,51,52,58,36,6.0,4.8,7.6,315.1,3.3,-3.3,0.6,-3.1,1.3,1.0,3.7,0.8,2.0,3.0,160322.0,6.3,434.0,7.2,-3.0,0.059,29411.0,0.8,5.0,0.4,2.5,0.01,2.45,-0.56,2.1,9.1,5.4,0.0144,20,0,3,7,69.5,45,-17,28,0.7,0.006057,999999.99,99999.99,99999.99,0.2,0.14,0.1,-1,2009-09-04 00:00:00
2009,247,1,2403,51,52,60,37,7.4,7.1,12.9,290.0,2.4,-6.5,1.6,-5.9,3.2,0.5,1.9,0.8,0.9,1.5,110809.0,5.0,417.0,4.7,-2.2,0.04,18836.0,0.9,6.0,1.6,1.1,0.008,1.68,-1.33,0.91,6.3,4.7,0.03,20,0,1,7,69.5,53,-23,29,0.1,0.006057,999999.99,99999.99,99999.99,0.23,0.12,0.09,-1,2009-09-04 01:00:00
2009,247,2,2403,51,52,57,35,8.1,7.9,2.0,289.5,2.6,-7.4,0.3,-7.0,2.4,0.8,2.0,0.4,1.0,1.7,87625.0,5.0,409.0,-0.3,-3.4,0.029,23039.0,1.1,6.0,1.5,1.6,0.006,1.56,-0.98,0.68,5.6,4.5,0.0373,20,0,0,7,69.5,56,-17,39,0.3,0.006057,999999.99,99999.99,99999.99,0.25,0.14,0.11,-1,2009-09-04 02:00:00
2009,247,3,2403,51,52,63,39,7.0,3.6,-44.6,271.5,0.1,-2.6,-2.5,-3.3,-1.5,1.3,6.2,3.0,5.3,0.7,81033.0,8.4,408.0,-2.0,-3.1,0.021,13627.0,2.8,9.0,1.5,1.2,0.003,2.53,0.61,1.49,8.4,5.6,0.0167,27,0,2,12,69.5,83,-17,67,1.2,0.006057,999999.99,99999.99,99999.99,0.22,0.11,0.08,-1,2009-09-04 03:00:00
2009,247,4,2403,51,52,60,37,5.7,3.3,9.4,104.4,-0.8,3.1,0.5,3.1,-0.7,1.1,4.7,3.0,1.6,3.3,98509.0,10.1,416.0,-1.9,-2.6,0.025,13383.0,1.0,6.0,1.0,1.1,0.004,3.21,0.29,2.93,11.6,6.2,0.0088,27,0,2,12,69.5,134,-26,108,2.2,0.006057,999999.99,99999.99,99999.99,0.23,0.13,0.09,-1,2009-09-04 04:00:00
2009,247,5,2403,51,52,61,38,5.8,4.2,-55.8,142.9,-1.9,1.4,-3.5,-0.2,-3.8,0.8,4.0,1.1,3.7,1.1,100470.0,10.6,427.0,-1.4,-4.4,0.028,12354.0,0.9,4.0,0.6,0.9,0.004,3.59,1.62,3.0,12.0,6.3,0.0083,27,0,-2,12,69.5,325,-137,188,3.1,0.006057,999999.99,99999.99,99999.99,0.2,0.1,0.08,-1,2009-09-04 05:00:00
2009,247,6,2403,51,52,63,37,6.0,1.0,-59.1,295.0,0.2,-0.5,-0.8,-0.8,-0.5,1.4,5.9,3.2,3.7,3.3,115756.0,9.0,440.0,1.9,-5.8,0.033,28257.0,2.1,8.0,2.5,0.8,0.009,3.29,0.22,2.54,11.0,6.2,0.0098,20,0,-6,7,69.5,273,-125,148,2.4,0.006057,999999.99,99999.99,99999.99,0.22,0.12,0.08,-1,2009-09-04 06:00:00
2009,247,7,2403,51,52,60,37,5.8,4.0,17.3,292.8,1.5,-3.6,1.2,-2.6,2.8,0.6,4.0,1.9,1.7,3.1,193912.0,5.3,454.0,3.7,-6.7,0.07,20796.0,0.4,6.0,0.5,1.1,0.011,2.34,-1.27,2.11,9.0,5.4,0.0147,20,0,-8,7,69.5,89,-35,54,1.3,0.006057,999999.99,99999.99,99999.99,0.22,0.12,0.09,-1,2009-09-04 07:00:00
2009,247,8,2403,51,52,60,38,6.5,5.8,-41.1,260.2,-0.7,-4.3,-3.8,-5.6,-1.1,0.7,2.8,1.6,1.6,1.6,192670.0,5.1,454.0,2.8,-7.7,0.067,20103.0,0.5,5.0,1.0,0.8,0.012,2.23,0.5,1.61,7.9,5.1,0.0191,20,0,-4,7,69.5,93,-48,46,0.9,0.006057,999999.99,99999.99,99999.99,0.21,0.11,0.09,-1,2009-09-04 08:00:00
2009,247,9,2403,51,52,59,35,6.2,5.8,29.1,305.9,3.0,-4.1,2.8,-2.0,4.5,0.4,2.1,0.5,0.9,1.9,197936.0,5.2,455.0,2.2,-7.2,0.057,11672.0,0.6,4.0,0.4,1.0,0.007,2.21,-2.05,1.84,8.4,5.2,0.017,20,0,-7,7,69.5,213,-146,67,1.0,0.006057,999999.99,99999.99,99999.99,0.23,0.13,0.09,-1,2009-09-04 09:00:00
2009,247,10,2403,51,52,62,34,4.5,3.4,61.9,328.0,1.4,-0.8,3.0,0.9,3.0,0.7,2.9,1.2,2.5,0.9,184764.0,4.7,464.0,3.6,-5.8,0.057,20098.0,0.5,6.0,1.1,0.7,0.008,2.08,-1.39,3.02,11.2,5.9,0.0095,20,0,-5,7,69.5,111,-77,34,0.9,0.006057,999999.99,99999.99,99999.99,0.2,0.11,0.08,-1,2009-09-04 10:00:00
2009,247,11,2403,51,52,60,37,4.6,3.4,35.9,290.7,1.0,-2.6,2.0,-1.1,3.1,0.4,3.1,1.5,2.1,1.8,154850.0,4.5,461.0,2.9,-3.8,0.056,11032.0,0.5,4.0,1.2,1.3,0.01,1.95,-1.43,2.51,10.6,6.0,0.0105,20,0,-2,7,69.5,50,-22,28,0.7,0.006057,999999.99,99999.99,99999.99,0.24,0.12,0.09,-1,2009-09-04 11:00:00
2009,247,12,2403,51,52,60,38,3.1,2.0,59.7,60.7,0.5,0.9,1.7,1.7,1.0,0.6,2.4,1.7,0.8,1.5,139476.0,4.1,472.0,5.0,-2.5,0.051,16435.0,0.3,6.0,0.7,0.7,0.005,1.84,-0.47,4.75,15.4,6.8,0.005,13,0,-2,5,69.5,46,-21,25,0.4,0.006057,999999.99,99999.99,99999.99,0.22,0.11,0.09,-1,2009-09-04 12:00:00
2009,247,13,2403,51,52,61,38,2.8,2.2,-2.9,29.3,1.9,1.1,-0.1,0.9,-0.6,0.4,1.7,0.8,1.1,1.0,113715.0,3.5,472.0,4.8,-3.1,0.038,9768.0,0.5,4.0,0.8,0.4,0.005,1.5,0.28,4.5,15.8,7.1,0.0048,13,0,-3,5,69.5,47,-26,21,0.7,0.006057,999999.99,99999.99,99999.99,0.22,0.1,0.08,-1,2009-09-04 13:00:00
2009,247,14,2403,51,52,61,35,2.8,2.6,12.9,19.7,2.4,0.9,0.6,1.1,0.1,0.1,0.8,0.2,0.5,0.6,85801.0,2.3,483.0,3.5,-1.3,0.043,11250.0,0.2,4.0,0.6,0.5,0.004,1.05,-0.05,2.61,13.1,7.2,0.007,13,0,-6,5,69.5,55,-41,15,0.6,0.006057,999999.99,99999.99,99999.99,0.26,0.12,0.08,-1,2009-09-04 14:00:00
2009,247,15,2403,51,52,59,37,3.0,2.9,10.5,354.6,2.9,-0.3,0.5,-0.1,0.6,0.1,0.5,0.2,0.4,0.2,74410.0,1.7,478.0,2.0,-0.6,0.051,10032.0,0.2,4.0,0.6,0.4,0.01,0.78,-0.29,1.59,10.4,6.7,0.011,17,0,-5,6,69.5,82,-64,18,0.3,0.006057,999999.99,99999.99,99999.99,0.25,0.15,0.1,-1,2009-09-04 15:00:00
2009,247,16,2403,51,52,62,39,2.5,1.8,7.9,358.6,1.8,0.0,0.2,0.1,0.2,0.5,1.8,1.3,1.2,0.5,76092.0,2.0,487.0,1.5,-0.7,0.051,10293.0,0.4,7.0,0.7,0.5,0.007,0.95,-0.1,2.72,13.8,7.5,0.0063,17,0,-6,6,69.5,41,-28,13,0.1,0.006057,999999.99,99999.99,99999.99,0.22,0.11,0.08,-1,2009-09-04 16:00:00
2009,247,17,2403,51,52,59,36,2.7,1.8,-8.3,17.9,1.7,0.5,-0.3,0.4,-0.5,0.2,2.1,1.5,1.4,0.3,70888.0,1.8,483.0,1.8,-1.2,0.052,10591.0,0.4,9.0,1.4,0.5,0.007,0.85,0.24,2.05,12.0,7.2,0.0083,17,0,-5,6,69.5,79,-52,26,0.9,0.006057,999999.99,99999.99,99999.99,0.18,0.11,0.08,-1,2009-09-04 17:00:00
2009,247,18,2403,51,52,59,36,2.9,2.7,-2.4,354.0,2.7,-0.3,-0.1,-0.3,0.0,0.1,1.0,0.2,0.9,0.4,92198.0,1.6,482.0,1.4,-0.7,0.057,14117.0,0.1,3.0,0.8,0.5,0.006,0.76,-0.0,1.75,10.5,6.6,0.0108,13,0,-6,5,69.5,78,-52,26,0.7,0.006057,999999.99,99999.99,99999.99,0.21,0.12,0.07,-1,2009-09-04 18:00:00
2009,247,19,2403,51,52,60,38,2.9,2.5,-4.5,286.2,0.7,-2.4,-0.2,-2.4,0.5,0.1,1.4,1.2,0.5,0.4,97726.0,1.9,493.0,0.0,-0.5,0.051,7829.0,0.1,10.0,0.5,0.6,0.003,0.93,-0.25,2.12,11.7,7.0,0.0087,13,0,-7,5,69.5,53,-31,22,0.3,0.006057,999999.99,99999.99,99999.99,0.24,0.12,0.09,-1,2009-09-04 19:00:00
2009,247,20,2403,51,52,60,37,3.0,2.7,0.2,294.6,1.1,-2.4,0.0,-2.3,0.6,0.1,1.2,0.5,0.4,1.0,94802.0,2.0,480.0,-0.1,-0.3,0.049,12435.0,0.1,6.0,0.5,1.0,0.003,0.92,-0.29,2.06,11.3,6.8,0.0093,13,0,-5,5,69.5,57,-22,35,0.8,0.006057,999999.99,99999.99,99999.99,0.18,0.11,0.08,-1,2009-09-04 20:00:00
2009,247,21,2403,51,52,60,37,2.7,2.5,44.1,271.1,0.0,-1.8,1.7,-1.4,2.1,0.2,0.9,0.7,0.4,0.4,95924.0,2.2,483.0,0.3,1.3,0.045,6378.0,0.1,4.0,0.3,0.3,0.003,1.01,-1.01,2.82,13.3,7.2,0.0068,3,0,-7,2,69.5,39,-16,24,0.2,0.006057,999999.99,99999.99,99999.99,0.27,0.12,0.08,-1,2009-09-04 21:00:00
2009,247,22,2403,51,52,59,35,3.1,3.0,-6.9,305.1,1.7,-2.5,-0.4,-2.5,0.1,0.2,0.6,0.2,0.3,0.4,98369.0,1.7,480.0,1.6,0.2,0.043,8986.0,0.1,5.0,0.4,0.2,0.003,0.77,-0.05,1.67,10.1,6.5,0.0117,3,0,-8,2,69.5,31,-10,20,0.2,0.006057,999999.99,99999.99,99999.99,0.23,0.12,0.09,-1,2009-09-04 22:00:00
2009,247,23,2403,51,52,58,36,2.6,2.4,12.9,320.6,1.8,-1.5,0.5,-1.4,0.8,0.2,1.0,0.4,0.6,0.7,78387.0,2.1,469.0,0.7,-0.3,0.039,10903.0,0.1,6.0,0.7,0.8,0.006,0.89,-0.38,2.67,13.1,7.2,0.007,3,0,-7,2,69.5,35,-16,19,0.1,0.006057,999999.99,99999.99,99999.99,0.2,0.11,0.09,-1,2009-09-04 23:00:00
2009,248,0,2403,51,52,59,36,2.8,2.8,-1.4,324.4,2.3,-1.6,-0.1,-1.6,0.3,0.2,0.4,0.2,0.3,0.2,59419.0,2.0,452.0,-0.6,-0.9,0.039,8370.0,0.1,5.0,0.6,0.3,0.004,0.79,-0.14,1.99,11.4,6.9,0.0091,10,0,-6,4,69.6,31,-16,15,0.2,0.006048,999999.99,99999.99,99999.99,0.24,0.12,0.08,-1,2009-09-05 00:00:00
2009,248,1,2403,51,52,59,37,3.3,3.2,-1.3,321.9,2.5,-2.0,-0.1,-2.0,0.4,0.1,0.4,0.2,0.3,0.2,44153.0,2.0,438.0,-1.4,-0.8,0.03,5269.0,0.2,7.0,0.3,0.5,0.002,0.72,-0.18,1.32,9.4,6.4,0.0135,10,0,-5,4,69.6,32,-18,14,0.3,0.006048,999999.99,99999.99,99999.99,0.19,0.1,0.07,-1,2009-09-05 01:00:00
2009,248,2,2403,51,52,61,38,2.9,2.8,9.0,322.7,2.2,-1.7,0.4,-1.5,0.9,0.3,0.7,0.3,0.3,0.5,50557.0,2.3,447.0,-0.3,-1.0,0.039,4310.0,0.1,7.0,0.5,0.5,0.006,0.89,-0.4,2.04,11.7,7.0,0.0087,10,0,-3,4,69.6,46,-21,25,0.3,0.006048,999999.99,99999.99,99999.99,0.22,0.11,0.08,-1,2009-09-05 02:00:00
2009,248,3,2403,51,52,60,37,2.6,2.6,-13.5,321.3,2.0,-1.6,-0.6,-1.7,0.0,0.1,0.5,0.2,0.4,0.3,53478.0,2.3,446.0,-0.4,-1.6,0.044,4919.0,0.1,2.0,1.1,0.3,0.002,0.9,-0.0,2.57,13.0,7.2,0.007,10,0,-3,4,69.6,29,-3,26,0.2,0.006048,999999.99,99999.99,99999.99,0.24,0.13,0.1,-1,2009-09-05 03:00:00
2009,248,4,2403,51,52,60,36,2.3,2.2,-40.1,5.6,1.7,0.2,-1.4,-0.3,-1.4,0.2,0.7,0.5,0.4,0.3,51655.0,2.3,444.0,0.1,-2.8,0.041,6379.0,0.2,3.0,0.3,0.5,0.005,0.88,0.62,3.26,14.6,7.5,0.0056,10,0,-4,4,69.6,54,-14,39,0.6,0.006048,999999.99,99999.99,99999.99,0.27,0.16,0.11,-1,2009-09-05 04:00:00
2009,248,5,2403,51,52,59,35,2.0,1.8,-21.9,15.4,1.6,0.4,-0.7,0.1,-0.8,0.5,1.0,0.3,0.7,0.7,51759.0,2.1,438.0,0.5,-2.5,0.039,10719.0,0.2,2.0,0.6,0.7,0.005,0.78,0.35,3.93,15.9,7.6,0.0047,10,0,-6,4,69.6,131,-105,27,0.9,0.006048,999999.99,99999.99,99999.99,0.21,0.12,0.09,-1,2009-09-05 05:00:00
2009,248,6,2403,51,52,60,37,2.0,1.9,6.0,344.6,1.8,-0.5,0.2,-0.4,0.4,0.3,0.4,0.3,0.2,0.3,52091.0,1.9,441.0,0.6,-2.0,0.048,10479.0,0.2,3.0,0.4,0.5,0.007,0.74,-0.18,3.57,15.2,7.5,0.0052,7,0,-5,3,69.6,47,-18,28,0.4,0.006048,999999.99,99999.99,99999.99,0.21,0.12,0.08,-1,2009-09-05 06:00:00
2009,248,7,2403,51,52,61,37,2.1,2.1,4.4,333.4,1.8,-0.9,0.2,-0.7,0.6,0.1,0.5,0.1,0.3,0.3,51050.0,1.7,443.0,0.3,-1.9,0.046,7059.0,0.1,2.0,0.3,0.5,0.005,0.66,-0.27,2.88,13.8,7.4,0.0063,7,0,-4,3,69.6,28,-9,20,0.3,0.006048,999999.99,99999.99,99999.99,0.21,0.09,0.07,-1,2009-09-05 07:00:00
2009,248,8,2403,51,52,60,37,2.1,2.1,14.6,347.9,1.9,-0.4,0.5,-0.1,0.6,0.1,0.3,0.1,0.3,0.2,43525.0,1.7,441.0,-0.2,-1.9,0.044,4015.0,0.0,1.0,0.3,0.2,0.002,0.65,-0.26,2.76,13.7,7.4,0.0063,7,0,-4,3,69.6,29,-15,15,0.1,0.006048,999999.99,99999.99,99999.99,0.19,0.11,0.07,-1,2009-09-05 08:00:00
2009,248,9,2403,51,52,59,37,2.1,2.0,5.0,343.3,2.0,-0.6,0.2,-0.4,0.5,0.1,0.4,0.1,0.1,0.3,37099.0,1.7,440.0,-0.4,-1.8,0.039,2161.0,0.0,3.0,0.2,0.1,0.002,0.64,-0.22,2.65,13.7,7.5,0.0064,3,0,-5,2,69.6,28,-18,11,0.1,0.006048,999999.99,99999.99,99999.99,0.22,0.11,0.08,-1,2009-09-05 09:00:00
2009,248,10,2403,51,52,59,37,1.9,1.9,-3.1,334.4,1.7,-0.8,-0.1,-0.7,0.3,0.1,0.2,0.1,0.1,0.2,40133.0,1.7,434.0,-0.5,-1.6,0.037,2192.0,0.0,2.0,0.1,0.2,0.002,0.61,-0.13,3.3,14.9,7.6,0.0054,3,0,-6,2,69.6,24,-19,5,0.2,0.006048,999999.99,99999.99,99999.99,0.26,0.14,0.1,-1,2009-09-05 10:00:00
2009,248,11,2403,51,52,60,36,1.5,1.4,75.0,325.9,0.3,-0.2,1.3,0.5,1.2,0.3,0.6,0.3,0.3,0.4,44282.0,1.8,431.0,-0.7,-2.1,0.035,3845.0,0.1,3.0,0.3,0.2,0.005,0.64,-0.52,5.75,19.3,7.9,0.0032,3,0,-6,2,69.6,29,-22,7,0.2,0.006048,999999.99,99999.99,99999.99,0.28,0.16,0.11,-1,2009-09-05 11:00:00
2009,248,12,2403,51,52,58,37,1.5,1.5,53.5,312.4,0.6,-0.6,1.2,0.1,1.3,0.3,0.5,0.3,0.3,0.4,40101.0,1.7,425.0,-1.3,-1.8,0.031,3336.0,0.1,3.0,0.4,0.3,0.005,0.58,-0.55,5.3,18.5,7.8,0.0035,0,0,-5,0,69.6,32,-21,11,0.1,0.006048,999999.99,99999.99,99999.99,0.2,0.12,0.09,-1,2009-09-05 12:00:00
2009,248,13,2403,51,52,60,37,2.0,1.8,58.4,329.1,0.8,-0.5,1.5,0.3,1.5,0.1,0.8,0.8,0.2,0.2,30110.0,1.7,410.0,-0.9,-0.5,0.021,4098.0,0.1,5.0,0.3,0.3,0.003,0.52,-0.61,2.8,13.4,7.2,0.0067,0,0,-6,0,69.6,29,-22,7,0.0,0.006048,999999.99,99999.99,99999.99,0.21,0.12,0.1,-1,2009-09-05 13:00:00
2009,248,14,2403,51,52,58,36,1.8,1.7,34.8,337.5,1.3,-0.5,0.9,0.0,1.0,0.1,0.7,0.6,0.3,0.3,32443.0,2.0,394.0,-0.3,-0.8,0.021,3443.0,0.1,5.0,0.4,0.5,0.003,0.56,-0.39,4.13,15.5,7.2,0.005,0,0,-4,0,69.6,35,-26,9,0.1,0.006048,999999.99,99999.99,99999.99,0.21,0.13,0.09,-1,2009-09-05 14:00:00
2009,248,15,2403,51,52,60,35,1.4,1.1,17.0,295.6,0.5,-1.0,0.3,-0.8,0.7,0.3,0.8,0.4,0.5,0.5,32591.0,2.3,400.0,-1.1,-2.0,0.02,2987.0,0.1,4.0,0.9,0.7,0.002,0.66,-0.28,7.86,21.7,7.8,0.0025,3,0,-2,2,69.6,37,-26,11,0.4,0.006048,999999.99,99999.99,99999.99,0.22,0.12,0.09,-1,2009-09-05 15:00:00
2009,248,16,2403,51,52,59,34,1.8,1.6,-2.4,352.5,1.6,-0.2,-0.1,-0.2,0.0,0.3,0.9,0.5,0.5,0.5,26928.0,2.3,389.0,-0.6,-2.0,0.019,3846.0,0.1,4.0,0.4,0.5,0.002,0.63,-0.0,4.59,16.4,7.4,0.0044,3,0,-2,2,69.6,40,-26,14,0.6,0.006048,999999.99,99999.99,99999.99,0.28,0.14,0.09,-1,2009-09-05 16:00:00
2009,248,17,2403,51,52,60,36,1.9,1.3,-23.6,235.9,-0.7,-1.0,-0.5,-1.1,-0.1,0.2,1.3,1.0,0.7,0.5,24283.0,2.4,394.0,-0.6,-1.6,0.013,5794.0,0.2,4.0,0.6,0.3,0.002,0.65,0.04,4.22,16.1,7.5,0.0046,3,0,-4,2,69.6,39,-27,13,0.6,0.006048,999999.99,99999.99,99999.99,0.22,0.11,0.09,-1,2009-09-05 17:00:00
2009,248,18,2403,51,52,60,38,2.0,1.6,-4.8,259.6,-0.3,-1.6,-0.1,-1.6,0.4,0.2,1.1,0.4,0.2,1.0,29703.0,2.7,394.0,-1.2,-1.7,0.016,3659.0,0.2,2.0,0.4,0.8,0.001,0.74,-0.16,4.44,16.2,7.4,0.0045,7,0,-5,3,69.6,44,-28,16,0.5,0.006048,999999.99,99999.99,99999.99,0.21,0.14,0.1,-1,2009-09-05 18:00:00
2009,248,19,2403,51,52,62,36,2.1,1.8,-13.5,308.2,1.1,-1.4,-0.4,-1.5,0.0,0.5,1.2,0.7,0.5,0.8,31719.0,2.8,394.0,-1.5,-2.4,0.014,4463.0,0.3,7.0,0.6,0.8,0.003,0.77,-0.0,4.23,15.7,7.3,0.0048,7,0,-5,3,69.6,46,-29,17,0.6,0.006048,999999.99,99999.99,99999.99,0.2,0.13,0.1,-1,2009-09-05 19:00:00
2009,248,20,2403,51,52,60,35,2.1,1.7,34.1,252.5,-0.4,-1.4,1.0,-1.1,1.3,0.4,1.2,0.8,0.8,0.5,29590.0,3.0,399.0,-1.5,-1.8,0.017,3369.0,0.2,3.0,0.4,0.3,0.003,0.85,-0.52,4.47,16.5,7.5,0.0044,7,0,-5,3,69.6,39,-23,16,0.2,0.006048,999999.99,99999.99,99999.99,0.18,0.1,0.07,-1,2009-09-05 20:00:00
2009,248,21,2403,51,52,60,38,2.2,2.1,17.7,232.7,-1.2,-1.6,0.6,-1.4,0.9,0.3,0.8,0.4,0.5,0.5,27523.0,3.0,400.0,-1.4,-1.8,0.018,3473.0,0.2,2.0,0.5,0.3,0.002,0.86,-0.36,4.02,15.7,7.4,0.0048,3,0,-8,2,69.6,31,-14,17,0.1,0.006048,999999.99,99999.99,99999.99,0.22,0.11,0.07,-1,2009-09-05 21:00:00
2009,248,22,2403,51,52,58,33,2.0,1.8,0.4,268.6,0.0,-1.8,0.0,-1.8,0.4,0.3,0.8,0.4,0.3,0.5,31722.0,3.3,399.0,-1.5,-1.8,0.023,4401.0,0.1,3.0,0.4,0.4,0.002,0.96,-0.16,5.49,18.1,7.6,0.0036,3,0,-8,2,69.6,27,-9,18,0.1,0.006048,999999.99,99999.99,99999.99,0.2,0.1,0.08,-1,2009-09-05 22:00:00
2009,248,23,2403,51,52,61,36,1.5,1.1,11.4,216.3,-0.8,-0.6,0.2,-0.5,0.3,0.3,1.1,0.7,0.8,0.3,34742.0,3.4,395.0,-1.1,-2.0,0.02,3561.0,0.1,2.0,0.6,0.4,0.003,0.96,-0.12,10.25,24.3,7.7,0.002,3,0,-9,2,69.6,27,-12,15,0.1,0.006048,999999.99,99999.99,99999.99,0.21,0.12,0.09,-1,2009-09-05 23:00:00
2009,249,0,2403,51,52,59,36,2.2,2.1,11.3,196.3,-2.0,-0.6,0.4,-0.5,0.5,0.1,0.4,0.1,0.3,0.2,24373.0,3.6,395.0,-0.6,-1.8,0.017,2223.0,0.1,2.0,0.2,0.2,0.001,1.0,-0.2,4.73,17.0,7.6,0.0041,0,0,-7,0,70.3,22,-11,11,0.1,0.006076,999999.99,99999.99,99999.99,0.24,0.11,0.08,-1,2009-09-06 00:00:00
2009,249,1,2403,51,52,61,37,2.0,1.9,19.1,204.8,-1.6,-0.7,0.6,-0.5,0.8,0.2,0.7,0.2,0.5,0.4,31969.0,3.9,391.0,-0.4,-1.6,0.018,4982.0,0.2,3.0,0.5,0.3,0.001,1.07,-0.31,6.5,19.3,7.5,0.0032,0,0,-5,0,70.3,20,-8,12,-0.0,0.006076,999999.99,99999.99,99999.99,0.2,0.11,0.09,-1,2009-09-06 01:00:00
2009,249,2,2403,51,52,58,37,2.2,1.7,18.6,44.2,1.2,1.1,0.5,1.2,0.2,0.5,1.5,1.2,0.7,0.4,42384.0,4.0,390.0,-0.6,-1.4,0.033,2768.0,0.2,2.0,0.5,0.4,0.007,1.15,-0.08,5.87,17.7,7.2,0.0038,0,0,-2,0,70.3,25,-7,18,0.1,0.006076,999999.99,99999.99,99999.99,0.23,0.14,0.1,-1,2009-09-06 02:00:00
2009,249,3,2403,51,52,60,37,2.9,2.7,-23.0,33.8,2.1,1.4,-1.0,1.0,-1.4,0.1,1.2,0.3,0.6,0.9,43461.0,4.1,389.0,-0.3,-1.0,0.039,2735.0,0.2,2.0,0.3,0.3,0.002,1.2,0.54,3.48,13.6,6.8,0.0064,17,0,-2,6,70.3,48,-14,35,0.6,0.006076,999999.99,99999.99,99999.99,0.27,0.16,0.11,-1,2009-09-06 03:00:00
2009,249,4,2403,51,52,61,37,2.4,0.1,-31.3,91.7,0.0,0.0,0.0,0.0,0.0,0.6,2.5,1.7,1.1,1.4,42194.0,4.2,387.0,0.2,-1.0,0.031,6246.0,0.3,2.0,0.3,0.4,0.007,1.18,-0.0,5.17,16.5,7.1,0.0044,17,0,-2,6,70.3,116,-77,39,0.9,0.006076,999999.99,99999.99,99999.99,0.22,0.12,0.09,-1,2009-09-06 04:00:00
2009,249,5,2403,51,52,60,37,2.8,2.6,16.3,220.0,-1.9,-1.6,0.7,-1.2,1.3,0.3,1.1,0.6,0.5,0.7,37259.0,4.0,389.0,0.1,-1.1,0.03,4497.0,0.3,2.0,0.7,0.3,0.007,1.13,-0.51,3.52,13.9,6.9,0.0062,17,0,-1,6,70.3,41,-21,21,0.3,0.006076,999999.99,99999.99,99999.99,0.23,0.13,0.09,-1,2009-09-06 05:00:00
2009,249,6,2403,51,52,59,37,3.3,3.1,26.0,236.0,-1.6,-2.3,1.4,-1.4,2.3,0.4,1.1,0.5,0.9,0.5,33543.0,3.6,388.0,0.3,-0.7,0.027,4202.0,0.4,2.0,0.6,0.3,0.005,1.0,-0.89,2.23,11.2,6.5,0.0096,3,0,0,2,70.3,19,0,18,-0.0,0.006076,999999.99,99999.99,99999.99,0.22,0.13,0.1,-1,2009-09-06 06:00:00
2009,249,7,2403,51,52,61,38,3.1,2.2,19.9,227.9,-1.4,-1.5,0.8,-0.9,1.4,0.4,2.1,0.6,1.6,1.2,42407.0,4.3,389.0,1.4,-0.5,0.026,4294.0,0.3,2.0,0.8,0.6,0.005,1.2,-0.54,3.18,13.0,6.7,0.007,3,0,3,2,70.3,25,-8,17,-0.1,0.006076,999999.99,99999.99,99999.99,0.23,0.13,0.09,-1,2009-09-06 07:00:00
2009,249,8,2403,51,52,59,34,3.6,3.4,27.8,233.7,-1.8,-2.4,1.6,-1.2,2.6,0.3,1.4,0.6,1.2,0.5,32239.0,3.7,387.0,1.0,-0.7,0.027,2232.0,0.2,3.0,0.7,0.4,0.004,1.03,-1.01,1.91,10.3,6.4,0.0111,3,0,2,2,70.3,32,-18,14,-0.1,0.006076,999999.99,99999.99,99999.99,0.2,0.1,0.09,-1,2009-09-06 08:00:00
2009,249,9,2403,51,52,60,36,3.8,3.5,-4.5,265.3,-0.3,-3.5,-0.3,-3.1,1.6,0.4,1.5,0.5,0.7,1.3,35878.0,3.7,385.0,0.3,-1.1,0.024,6282.0,0.2,2.0,0.4,0.5,0.004,1.0,-0.62,1.75,9.7,6.1,0.0125,17,0,2,6,70.3,35,-19,16,-0.1,0.006076,999999.99,99999.99,99999.99,0.23,0.12,0.08,-1,2009-09-06 09:00:00
2009,249,10,2403,51,52,60,37,2.7,1.3,-17.6,7.8,1.3,0.2,-0.4,0.0,-0.4,0.2,2.3,0.9,1.9,1.0,45084.0,4.1,384.0,0.4,-0.1,0.022,3418.0,0.2,3.0,0.4,0.5,0.002,1.1,0.15,4.06,14.4,6.8,0.0057,17,0,2,6,70.3,39,-22,16,0.3,0.006076,999999.99,99999.99,99999.99,0.22,0.12,0.08,-1,2009-09-06 10:00:00
2009,249,11,2403,51,52,61,38,2.6,2.4,-12.5,354.2,2.3,-0.2,-0.5,-0.4,-0.3,0.1,1.1,0.4,1.0,0.4,47627.0,4.1,387.0,-0.6,-0.6,0.024,3649.0,0.3,5.0,0.5,0.3,0.002,1.12,0.12,4.44,15.1,6.9,0.0052,17,0,1,6,70.3,63,-53,11,0.5,0.006076,999999.99,99999.99,99999.99,0.2,0.1,0.09,-1,2009-09-06 11:00:00
2009,249,12,2403,51,52,60,37,2.9,2.9,-12.4,323.6,2.3,-1.7,-0.6,-1.8,0.4,0.3,0.5,0.2,0.4,0.2,43475.0,3.4,394.0,-0.2,0.2,0.029,3171.0,0.4,3.0,0.4,0.3,0.003,0.98,-0.16,2.89,12.5,6.7,0.0076,7,0,1,3,70.3,47,-37,10,0.4,0.006076,999999.99,99999.99,99999.99,0.28,0.14,0.1,-1,2009-09-06 12:00:00
2009,249,13,2403,51,52,60,37,2.9,2.8,-15.5,326.5,2.3,-1.5,-0.8,-1.7,0.1,0.2,0.9,0.6,0.5,0.4,48695.0,3.3,394.0,-0.1,0.4,0.031,5784.0,0.3,2.0,0.3,0.3,0.002,0.96,-0.04,2.89,12.3,6.6,0.0078,7,0,3,3,70.3,41,-30,11,0.5,0.006076,999999.99,99999.99,99999.99,0.25,0.11,0.09,-1,2009-09-06 13:00:00
2009,249,14,2403,51,52,59,37,2.6,2.4,14.1,287.3,0.7,-2.2,0.6,-1.6,1.6,0.6,1.0,0.7,0.7,0.4,54721.0,3.7,384.0,-0.1,0.4,0.031,5436.0,0.2,2.0,1.1,0.3,0.003,1.02,-0.61,4.17,14.2,6.6,0.0059,7,0,5,3,70.3,28,-21,7,0.4,0.006076,999999.99,99999.99,99999.99,0.21,0.1,0.07,-1,2009-09-06 14:00:00
2009,249,15,2403,51,52,59,37,2.3,1.8,18.5,269.1,0.0,-1.7,0.6,-1.3,1.3,0.5,1.4,1.0,0.7,0.7,54037.0,4.1,384.0,0.6,0.5,0.03,5569.0,0.2,4.0,0.5,0.3,0.003,1.13,-0.5,5.88,16.9,6.9,0.0042,7,0,6,3,70.3,35,-25,10,0.6,0.006076,999999.99,99999.99,99999.99,0.21,0.12,0.09,-1,2009-09-06 15:00:00
2009,249,16,2403,51,52,62,37,3.5,3.2,15.6,257.2,-0.7,-3.0,0.9,-2.4,2.0,0.3,1.3,0.8,0.6,0.8,56881.0,3.5,385.0,-0.8,0.4,0.032,15621.0,0.2,3.0,0.7,0.5,0.002,0.98,-0.77,2.2,10.3,6.0,0.0112,7,0,4,3,70.3,36,-26,11,0.9,0.006076,999999.99,99999.99,99999.99,0.21,0.11,0.08,-1,2009-09-06 16:00:00
2009,249,17,2403,51,52,57,36,3.4,3.4,25.8,251.3,-1.0,-2.9,1.5,-2.2,2.4,0.6,0.9,0.6,0.5,0.5,50912.0,3.5,384.0,-0.7,0.4,0.03,10408.0,0.3,4.0,0.9,0.7,0.003,0.97,-0.92,2.26,10.6,6.2,0.0107,7,0,2,3,70.3,42,-27,15,0.9,0.006076,999999.99,99999.99,99999.99,0.22,0.12,0.1,-1,2009-09-06 17:00:00
2009,249,18,2403,51,52,60,37,1.2,0.9,16.3,3.6,0.9,0.1,0.3,0.2,0.3,0.5,0.9,0.6,0.6,0.2,67326.0,4.3,374.0,1.7,-0.8,0.032,2907.0,0.1,2.0,0.2,0.3,0.001,1.13,-0.11,24.31,32.3,6.9,0.0011,10,0,2,4,70.3,46,-24,22,0.5,0.006076,999999.99,99999.99,99999.99,0.21,0.12,0.09,-1,2009-09-06 18:00:00
2009,249,19,2403,51,52,61,38,2.6,2.3,-17.5,3.9,2.2,0.2,-0.7,0.0,-0.7,0.5,1.2,0.4,0.7,0.9,57256.0,3.7,377.0,1.1,-0.1,0.032,5172.0,0.3,2.0,0.4,0.3,0.002,0.99,0.26,4.23,13.9,6.5,0.0061,10,0,0,4,70.3,49,-25,25,0.4,0.006076,999999.99,99999.99,99999.99,0.21,0.12,0.09,-1,2009-09-06 19:00:00
2009,249,20,2403,51,52,61,18,2.7,2.6,-14.8,29.8,2.2,1.2,-0.7,1.0,-1.0,0.1,0.7,0.4,0.4,0.4,57000.0,3.5,377.0,-0.0,0.2,0.034,2168.0,0.1,2.0,0.4,0.4,0.001,0.94,0.38,3.7,13.1,6.4,0.007,10,0,-4,4,70.3,52,-30,22,0.5,0.006076,999999.99,99999.99,99999.99,0.2,0.11,0.09,-1,2009-09-06 20:00:00
2009,249,21,2403,51,52,58,20,2.5,2.0,40.0,10.7,1.5,0.3,1.3,0.6,1.2,0.3,1.5,1.0,0.6,1.0,54600.0,3.5,373.0,0.3,-0.5,0.028,3465.0,0.1,3.0,0.4,0.3,0.003,0.9,-0.45,4.26,14.0,6.5,0.0061,7,0,-5,3,70.3,39,-23,16,0.2,0.006076,999999.99,99999.99,99999.99,0.24,0.11,0.08,-1,2009-09-06 21:00:00
2009,249,22,2403,51,52,61,38,2.5,2.2,28.8,14.8,1.9,0.5,1.1,0.7,1.0,0.2,1.1,0.6,0.6,0.6,49034.0,3.4,377.0,-0.4,-0.4,0.032,3790.0,0.1,2.0,0.3,0.3,0.004,0.91,-0.38,4.01,13.9,6.6,0.0062,7,0,-5,3,70.3,31,-16,15,0.2,0.006076,999999.99,99999.99,99999.99,0.19,0.1,0.07,-1,2009-09-06 22:00:00
2009,249,23,2403,51,52,59,36,2.5,2.2,13.5,342.5,2.0,-0.6,0.5,-0.5,0.6,0.2,1.1,0.4,0.8,0.6,45005.0,3.2,375.0,-0.5,-0.8,0.029,3449.0,0.1,2.0,0.3,0.4,0.004,0.84,-0.23,3.69,13.4,6.6,0.0066,7,0,-6,3,70.3,20,-9,11,0.0,0.006076,999999.99,99999.99,99999.99,0.25,0.13,0.09,-1,2009-09-06 23:00:00
2009,250,0,2403,51,52,59,35,2.6,2.5,-12.9,269.6,0.0,-2.4,-0.6,-2.5,0.0,0.2,0.7,0.5,0.3,0.3,40945.0,3.5,369.0,-1.2,-1.7,0.02,6096.0,0.2,2.0,0.2,0.5,0.003,0.86,-0.0,3.65,13.3,6.5,0.0067,0,0,-5,0,69.8,23,-11,12,0.0,0.006031,999999.99,99999.99,99999.99,0.21,0.11,0.09,-1,2009-09-07 00:00:00
2009,250,1,2403,51,52,60,36,2.6,2.6,5.2,280.5,0.5,-2.5,0.2,-2.4,0.8,0.1,0.6,0.4,0.1,0.4,36652.0,3.5,368.0,-1.4,-1.7,0.021,3928.0,0.2,1.0,0.4,0.3,0.001,0.86,-0.29,3.55,13.2,6.6,0.0068,0,0,-3,0,69.8,29,-14,15,0.0,0.006031,999999.99,99999.99,99999.99,0.25,0.14,0.09,-1,2009-09-07 01:00:00
2009,250,2,2403,51,52,59,36,2.1,2.0,-0.5,262.9,-0.2,-2.0,0.0,-1.9,0.6,0.3,0.6,0.3,0.4,0.3,35212.0,3.6,365.0,-2.0,-1.4,0.017,4366.0,0.1,3.0,0.3,0.5,0.002,0.86,-0.22,5.55,16.5,6.8,0.0044,0,0,0,0,69.8,29,-14,15,0.1,0.006031,999999.99,99999.99,99999.99,0.25,0.12,0.09,-1,2009-09-07 02:00:00
2009,250,3,2403,51,52,60,38,1.9,1.7,4.8,289.6,0.6,-1.6,0.1,-1.5,0.6,0.2,0.9,0.6,0.4,0.5,40996.0,3.8,363.0,-1.8,-0.7,0.017,2542.0,0.1,3.0,0.4,0.4,0.002,0.89,-0.22,7.42,18.6,6.8,0.0034,0,0,3,0,69.8,19,-8,12,0.1,0.006031,999999.99,99999.99,99999.99,0.18,0.1,0.07,-1,2009-09-07 03:00:00
2009,250,4,2403,51,52,61,38,2.1,1.7,0.8,257.8,-0.4,-1.7,0.0,-1.6,0.6,0.4,1.2,1.0,0.5,0.3,36963.0,3.9,365.0,-2.2,-0.5,0.017,4290.0,0.2,7.0,0.6,0.2,0.002,0.93,-0.22,6.08,17.2,6.9,0.004,0,0,3,0,69.8,16,0,15,0.0,0.006031,999999.99,99999.99,99999.99,0.22,0.11,0.09,-1,2009-09-07 04:00:00
2009,250,5,2403,51,52,60,36,2.4,2.2,0.1,281.8,0.4,-2.1,0.0,-1.9,0.9,0.3,1.1,0.9,0.3,0.5,39437.0,4.1,368.0,-1.8,-0.0,0.018,3142.0,0.2,3.0,0.2,0.4,0.003,0.99,-0.33,4.97,15.5,6.7,0.0049,0,0,1,0,69.8,18,1,19,0.1,0.006031,999999.99,99999.99,99999.99,0.21,0.13,0.1,-1,2009-09-07 05:00:00
2009,250,6,2403,51,52,60,37,2.6,2.4,-15.2,282.4,0.5,-2.2,-0.6,-2.2,0.5,0.3,1.2,0.5,0.5,0.9,40881.0,4.0,368.0,-1.5,-0.0,0.02,3740.0,0.2,2.0,0.4,0.2,0.003,0.98,-0.18,4.17,14.2,6.6,0.0059,3,0,1,2,69.8,17,0,17,-0.0,0.006031,999999.99,99999.99,99999.99,0.24,0.13,0.09,-1,2009-09-07 06:00:00
2009,250,7,2403,51,52,59,37,2.6,1.9,3.2,288.3,0.6,-1.8,0.1,-1.5,1.0,0.2,1.8,1.4,0.5,1.0,43017.0,3.8,361.0,-1.4,0.1,0.021,5386.0,0.2,4.0,0.4,0.5,0.002,0.9,-0.36,4.01,13.5,6.4,0.0065,3,0,2,2,69.8,36,-12,24,0.0,0.006031,999999.99,99999.99,99999.99,0.22,0.14,0.1,-1,2009-09-07 07:00:00
2009,250,8,2403,51,52,58,36,2.9,2.6,8.6,264.4,-0.3,-2.6,0.4,-2.0,1.7,0.2,1.1,0.9,0.5,0.5,42791.0,3.7,356.0,-0.4,-0.3,0.021,3939.0,0.1,2.0,0.4,0.2,0.002,0.85,-0.61,3.13,11.8,6.1,0.0085,3,0,1,2,69.8,34,-20,14,-0.0,0.006031,999999.99,99999.99,99999.99,0.22,0.12,0.08,-1,2009-09-07 08:00:00
2009,250,9,2403,51,52,64,38,3.0,3.0,-17.1,5.4,2.8,0.3,-0.9,-0.2,-0.9,0.3,0.7,0.2,0.6,0.2,46551.0,2.8,360.0,-0.3,0.3,0.024,7648.0,0.5,7.0,0.6,0.5,0.002,0.66,0.32,2.26,10.0,5.8,0.0118,10,0,-1,4,69.8,48,-29,19,0.2,0.006031,999999.99,99999.99,99999.99,0.26,0.11,0.08,-1,2009-09-07 09:00:00
2009,250,10,2403,51,52,57,35,3.3,3.3,-10.9,20.1,3.0,1.1,-0.6,0.6,-1.1,0.2,0.3,0.1,0.2,0.2,39657.0,2.4,364.0,-0.9,0.7,0.024,9847.0,0.2,6.0,0.5,0.5,0.002,0.58,0.4,1.54,8.5,5.6,0.0163,10,0,-3,4,69.8,75,-64,11,0.7,0.006031,999999.99,99999.99,99999.99,0.24,0.14,0.09,-1,2009-09-07 10:00:00
2009,250,11,2403,51,52,60,37,3.0,2.9,-0.5,15.7,2.8,0.8,0.0,0.7,-0.4,0.1,0.6,0.1,0.2,0.6,30345.0,3.0,354.0,0.4,0.9,0.024,3028.0,0.3,2.0,0.3,0.7,0.003,0.69,0.14,2.2,10.2,6.0,0.0114,10,0,-2,4,69.8,127,-113,14,0.7,0.006031,999999.99,99999.99,99999.99,0.21,0.13,0.08,-1,2009-09-07 11:00:00
2009,250,12,2403,51,52,57,36,2.5,2.4,-2.7,8.2,2.4,0.3,-0.1,0.2,-0.2,0.6,0.8,0.6,0.4,0.4,36525.0,3.1,350.0,0.4,0.6,0.025,12102.0,0.3,4.0,0.3,0.3,0.003,0.7,0.07,3.4,12.3,6.2,0.0078,7,0,1,3,69.8,70,-48,21,0.4,0.006031,999999.99,99999.99,99999.99,0.22,0.11,0.07,-1,2009-09-07 12:00:00
2009,250,13,2403,51,52,61,36,2.6,2.5,-11.4,16.3,2.4,0.7,-0.5,0.3,-0.8,0.3,0.5,0.3,0.4,0.3,35906.0,3.0,346.0,0.9,0.5,0.027,7555.0,0.5,3.0,1.0,0.4,0.004,0.66,0.28,3.03,11.5,6.1,0.009,7,0,5,3,69.8,36,-20,16,0.5,0.006031,999999.99,99999.99,99999.99,0.26,0.13,0.1,-1,2009-09-07 13:00:00
2009,250,14,2403,51,52,60,37,2.5,1.8,-21.9,275.5,0.2,-1.7,-0.7,-1.8,0.2,0.3,1.7,1.1,1.2,0.4,39728.0,3.9,347.0,-0.7,0.1,0.021,6551.0,0.3,3.0,0.9,0.4,0.004,0.85,-0.07,4.36,13.7,6.3,0.0063,7,0,7,3,69.8,34,-25,9,0.9,0.006031,999999.99,99999.99,99999.99,0.2,0.12,0.09,-1,2009-09-07 14:00:00
2009,250,15,2403,51,52,59,37,2.5,2.4,-16.7,329.3,2.0,-1.2,-0.7,-1.4,-0.1,0.2,0.8,0.3,0.5,0.5,39356.0,4.2,341.0,-0.5,-0.0,0.022,2782.0,0.1,2.0,0.5,0.3,0.001,0.89,0.03,4.69,14.0,6.2,0.0061,10,0,5,4,69.8,42,-32,10,0.7,0.006031,999999.99,99999.99,99999.99,0.25,0.12,0.08,-1,2009-09-07 15:00:00
2009,250,16,2403,51,52,60,37,2.6,2.5,-7.7,344.0,2.4,-0.7,-0.3,-0.8,0.0,0.1,0.6,0.1,0.5,0.4,41131.0,4.4,340.0,0.5,0.4,0.021,5398.0,0.1,1.0,1.0,0.4,0.001,0.92,-0.0,4.59,13.7,6.2,0.0063,10,0,2,4,69.8,45,-34,10,0.5,0.006031,999999.99,99999.99,99999.99,0.26,0.13,0.09,-1,2009-09-07 16:00:00
2009,250,17,2403,51,52,59,36,2.7,2.6,1.9,344.3,2.5,-0.7,0.1,-0.6,0.3,0.1,0.4,0.1,0.2,0.4,39104.0,4.4,338.0,0.4,0.3,0.024,4200.0,0.1,1.0,0.2,0.2,0.002,0.92,-0.1,4.2,13.1,6.1,0.0069,10,0,-2,4,69.8,39,-27,13,0.5,0.006031,999999.99,99999.99,99999.99,0.2,0.12,0.1,-1,2009-09-07 17:00:00
2009,250,18,2403,51,52,60,38,2.5,2.0,20.1,340.0,1.8,-0.7,0.7,-0.4,0.9,0.2,1.4,1.0,1.0,0.5,40808.0,4.5,337.0,0.6,-0.1,0.02,5630.0,0.2,2.0,0.5,0.3,0.003,0.92,-0.3,5.07,14.3,6.2,0.0058,7,0,-3,3,69.8,43,-24,19,0.2,0.006031,999999.99,99999.99,99999.99,0.24,0.12,0.08,-1,2009-09-07 18:00:00
2009,250,19,2403,51,52,60,37,2.5,1.6,11.8,337.4,1.4,-0.6,0.3,-0.5,0.5,0.2,1.9,1.2,1.4,0.6,33970.0,4.7,336.0,0.9,-0.3,0.015,3921.0,0.2,4.0,0.5,0.3,0.004,0.94,-0.17,5.08,14.6,6.3,0.0056,7,0,-5,3,69.8,39,-19,20,0.2,0.006031,999999.99,99999.99,99999.99,0.21,0.11,0.08,-1,2009-09-07 19:00:00
2009,250,20,2403,51,52,60,37,2.4,2.3,-13.9,263.2,-0.3,-2.3,-0.6,-2.4,0.0,0.1,0.6,0.5,0.2,0.2,27634.0,5.0,338.0,0.3,-1.0,0.01,3141.0,0.2,4.0,0.2,0.3,0.001,0.99,-0.0,5.63,15.7,6.5,0.0048,7,0,-6,3,69.8,37,-15,22,0.3,0.006031,999999.99,99999.99,99999.99,0.26,0.13,0.09,-1,2009-09-07 20:00:00
2009,250,21,2403,51,52,62,38,2.5,2.3,-26.2,271.3,0.0,-2.0,-1.0,-2.2,-0.5,0.3,1.0,0.4,0.6,0.7,31729.0,5.2,340.0,0.4,-1.5,0.011,5464.0,0.2,3.0,0.4,0.5,0.002,1.05,0.17,5.54,15.5,6.4,0.0049,3,0,-6,2,69.8,38,-10,28,0.5,0.006031,999999.99,99999.99,99999.99,0.18,0.1,0.07,-1,2009-09-07 21:00:00
2009,250,22,2403,51,52,60,37,2.5,2.0,-18.1,287.0,0.6,-1.8,-0.6,-1.9,-0.2,0.5,1.4,1.0,0.9,0.5,33068.0,5.6,344.0,0.3,-1.6,0.011,7176.0,0.2,3.0,0.8,0.5,0.002,1.16,0.07,6.02,16.3,6.5,0.0045,3,0,-6,2,69.8,38,-13,25,0.4,0.006031,999999.99,99999.99,99999.99,0.22,0.13,0.09,-1,2009-09-07 22:00:00
2009,250,23,2403,51,52,58,36,2.8,2.0,4.5,266.3,-0.1,-2.0,0.2,-1.9,0.6,0.4,2.0,1.3,1.3,0.8,32342.0,5.4,345.0,0.2,-1.1,0.012,4246.0,0.4,4.0,0.8,0.6,0.003,1.12,-0.21,4.6,14.3,6.4,0.0058,3,0,-3,2,69.8,29,-13,16,0.6,0.006031,999999.99,99999.99,99999.99,0.21,0.12,0.08,-1,2009-09-07 23:00:00
2009,251,0,2403,51,52,59,37,3.1,3.0,3.5,349.1,3.0,-0.6,0.2,-0.5,0.3,0.1,0.4,0.1,0.3,0.3,35092.0,4.7,333.0,0.7,-1.2,0.019,3214.0,0.1,1.0,0.3,0.3,0.002,0.94,-0.1,3.33,11.6,5.9,0.0088,7,0,-2,3,70.0,25,-12,13,0.6,0.006019,999999.99,99999.99,99999.99,0.24,0.15,0.12,-1,2009-09-08 00:00:00
2009,251,1,2403,51,52,59,33,2.7,2.7,4.7,346.7,2.6,-0.6,0.2,-0.5,0.4,0.2,0.4,0.2,0.3,0.2,34135.0,4.8,333.0,-0.3,-0.7,0.018,5785.0,0.5,3.0,0.4,0.4,0.001,0.95,-0.13,4.45,13.5,6.1,0.0065,7,0,-2,3,70.0,23,-10,13,0.2,0.006019,999999.99,99999.99,99999.99,0.25,0.13,0.1,-1,2009-09-08 01:00:00
2009,251,2,2403,51,52,61,38,2.5,2.4,-7.8,323.9,1.9,-1.4,-0.3,-1.4,0.1,0.1,0.9,0.6,0.5,0.4,36206.0,5.1,333.0,-1.1,-0.8,0.014,4051.0,0.5,2.0,0.2,0.3,0.003,1.0,-0.03,5.59,15.0,6.2,0.0053,7,0,-2,3,70.0,27,-9,17,0.1,0.006019,999999.99,99999.99,99999.99,0.25,0.14,0.1,-1,2009-09-08 02:00:00
2009,251,3,2403,51,52,59,36,2.6,2.6,-19.5,305.3,1.4,-2.0,-0.9,-2.2,-0.2,0.4,0.8,0.4,0.6,0.3,34061.0,5.5,331.0,-1.0,-0.7,0.011,1783.0,0.2,2.0,0.3,0.2,0.002,1.05,0.07,5.5,14.9,6.2,0.0053,0,0,0,0,70.0,25,-2,24,0.1,0.006019,999999.99,99999.99,99999.99,0.23,0.13,0.08,-1,2009-09-08 03:00:00
2009,251,4,2403,51,52,60,37,3.3,3.3,-12.8,277.2,0.4,-3.1,-0.7,-3.1,0.5,0.2,0.4,0.2,0.2,0.3,35626.0,5.1,327.0,-0.9,-0.4,0.011,2720.0,0.3,1.0,0.3,0.2,0.001,0.95,-0.16,3.19,11.2,5.8,0.0095,0,0,-1,0,70.0,16,1,17,-0.0,0.006019,999999.99,99999.99,99999.99,0.25,0.13,0.09,-1,2009-09-08 04:00:00
2009,251,5,2403,51,52,59,37,3.2,3.1,-8.8,288.9,1.0,-2.9,-0.5,-2.8,0.8,0.2,0.9,0.4,0.2,0.8,32698.0,5.3,326.0,-0.8,-0.3,0.01,3396.0,0.4,1.0,0.6,0.3,0.002,0.98,-0.26,3.47,11.7,5.9,0.0086,0,0,-1,0,70.0,24,0,23,-0.0,0.006019,999999.99,99999.99,99999.99,0.24,0.11,0.08,-1,2009-09-08 05:00:00
2009,251,6,2403,51,52,59,37,2.9,2.5,-12.0,298.8,1.2,-2.1,-0.5,-2.1,0.5,0.1,1.5,1.1,1.0,0.5,31782.0,5.5,324.0,-0.7,-0.3,0.01,3490.0,0.5,4.0,0.3,0.4,0.003,1.0,-0.16,4.36,13.1,6.0,0.0069,0,0,1,0,70.0,24,0,24,0.1,0.006019,999999.99,99999.99,99999.99,0.24,0.14,0.1,-1,2009-09-08 06:00:00
2009,251,7,2403,51,52,60,37,2.7,2.4,-13.3,340.5,2.2,-0.8,-0.5,-0.9,0.0,0.2,1.3,1.0,0.6,0.6,32414.0,6.1,319.0,-0.3,-0.3,0.012,3948.0,0.2,2.0,0.5,0.3,0.002,1.09,-0.0,5.6,14.6,6.0,0.0056,0,0,3,0,70.0,31,-5,26,0.2,0.006019,999999.99,99999.99,99999.99,0.23,0.11,0.08,-1,2009-09-08 07:00:00
2009,251,8,2403,51,52,59,37,3.0,3.0,6.1,229.2,-1.9,-2.3,0.3,-1.8,1.4,0.1,0.5,0.3,0.2,0.4,18858.0,6.3,322.0,-0.4,-0.3,0.006,2975.0,0.4,2.0,0.2,0.3,0.001,1.12,-0.45,4.29,13.5,6.2,0.0066,0,0,3,0,70.0,29,-12,17,-0.1,0.006019,999999.99,99999.99,99999.99,0.27,0.12,0.09,-1,2009-09-08 08:00:00
2009,251,9,2403,51,52,60,37,3.1,3.0,1.7,238.6,-1.6,-2.5,0.1,-2.1,1.4,0.1,0.9,0.6,0.3,0.6,18677.0,6.9,320.0,-0.8,-0.1,0.006,3127.0,0.3,2.0,0.2,0.4,0.001,1.21,-0.45,4.39,13.6,6.2,0.0065,0,0,5,0,70.0,34,-17,17,0.0,0.006019,999999.99,99999.99,99999.99,0.23,0.12,0.09,-1,2009-09-08 09:00:00
2009,251,10,2403,51,52,61,38,3.4,2.8,9.8,256.1,-0.7,-2.7,0.5,-2.0,1.9,0.2,1.9,1.4,0.8,0.9,20653.0,7.0,319.0,-0.6,0.5,0.007,8326.0,0.3,2.0,0.2,0.3,0.003,1.22,-0.61,3.75,12.4,6.0,0.0077,0,0,4,0,70.0,37,-25,12,-0.0,0.006019,999999.99,99999.99,99999.99,0.19,0.12,0.09,-1,2009-09-08 10:00:00
2009,251,11,2403,51,52,59,35,3.2,3.2,12.0,224.9,-2.2,-2.2,0.7,-1.5,1.8,0.1,0.6,0.3,0.2,0.4,20933.0,7.1,322.0,-0.2,0.8,0.009,2159.0,0.3,4.0,0.4,0.4,0.001,1.27,-0.58,4.31,13.4,6.2,0.0066,0,0,5,0,70.0,37,-28,10,0.0,0.006019,999999.99,99999.99,99999.99,0.25,0.12,0.09,-1,2009-09-08 11:00:00
2009,251,12,2403,51,52,60,36,3.2,3.1,14.2,230.4,-1.9,-2.3,0.8,-1.5,1.9,0.1,0.9,0.5,0.2,0.8,20573.0,7.6,320.0,-0.2,0.6,0.009,1727.0,0.1,2.0,0.1,0.5,0.001,1.35,-0.61,4.6,13.8,6.2,0.0063,0,0,7,0,70.0,38,-28,9,0.0,0.006019,999999.99,99999.99,99999.99,0.21,0.13,0.09,-1,2009-09-08 12:00:00
2009,251,13,2403,51,52,60,38,3.3,3.2,27.2,251.5,-0.9,-2.7,1.5,-1.6,2.7,0.2,0.8,0.4,0.4,0.6,22753.0,7.5,317.0,-0.4,0.7,0.008,1549.0,0.3,1.0,0.3,0.4,0.001,1.3,-0.86,4.33,13.2,6.0,0.0069,0,0,12,0,70.0,38,-29,9,-0.1,0.006019,999999.99,99999.99,99999.99,0.21,0.13,0.1,-1,2009-09-08 13:00:00
2009,251,14,2403,51,52,60,36,3.4,3.1,23.6,241.2,-1.4,-2.5,1.2,-1.6,2.2,0.2,1.5,0.3,0.6,1.3,22824.0,8.1,319.0,-0.9,-0.2,0.007,1418.0,0.4,1.0,0.4,0.8,0.001,1.42,-0.7,4.41,13.4,6.1,0.0067,0,0,15,0,70.0,35,-25,10,0.0,0.006019,999999.99,99999.99,99999.99,0.21,0.1,0.07,-1,2009-09-08 14:00:00
2009,251,15,2403,51,52,60,34,3.4,3.2,-14.2,236.9,-1.7,-2.6,-0.8,-2.7,0.4,0.3,1.2,0.3,0.7,1.0,26452.0,7.9,320.0,-1.1,-1.5,0.008,3828.0,0.5,4.0,0.5,1.0,0.002,1.39,-0.13,4.4,13.2,6.0,0.0068,10,0,14,4,70.0,38,-24,14,1.0,0.006019,999999.99,99999.99,99999.99,0.21,0.12,0.09,-1,2009-09-08 15:00:00
2009,251,16,2403,51,52,59,37,3.4,3.2,-0.9,256.5,-0.8,-3.2,0.0,-2.9,1.3,0.1,0.9,0.6,0.2,0.7,29338.0,8.4,321.0,-1.3,-2.4,0.01,2827.0,0.3,2.0,0.3,0.4,0.001,1.5,-0.42,4.77,13.7,6.0,0.0064,10,0,11,4,70.0,31,-20,11,0.9,0.006019,999999.99,99999.99,99999.99,0.24,0.13,0.1,-1,2009-09-08 16:00:00
