YEAR,DOY,Hour,Bartels_rotation_number,ID_for_IMF_spacecraft,ID_for_SW_Plasma_spacecraft,num_points_IMF_averages,num_points_Plasma_averages,Scalar_B_nT,Vector_B_Magnitude_nT,Lat_Angle_of_B_GSE,Long_Angle_of_B_GSE,BX_nT_GSE_GSM,BY_nT_GSE,BZ_nT_GSE,BY_nT_GSM,BZ_nT_GSM,RMS_magnitude_nT,RMS_field_vector_nT,RMS_BX_GSE_nT,RMS_BY_GSE_nT,RMS_BZ_GSE_nT,SW_Plasma_Temperature_K,SW_Proton_Density_N_cm3,SW_Plasma_Speed_km_s,SW_Plasma_flow_long_angle,SW_Plasma_flow_lat_angle,Alpha_Prot_ratio,sigma_T_K,sigma_n_N_cm3,sigma_V_km_s,sigma_phi_V_degrees,sigma_theta_V_degrees,sigma_ratio,Flow_pressure,E_electric_field,Plasma_Beta,Alfen_mach_number,Magnetosonic_Mach_number,Quasy_Invariant,Kp_index,R_Sunspot_No,Dst_index_nT,ap_index_nT,f10.7_index,AE_index_nT,AL_index_nT,AU_index_nT,pc_index,Lyman_alpha,Proton_flux_>1_Mev,Proton_flux_>2_Mev,Proton_flux_>4_Mev,Proton_flux_>10_Mev,Proton_flux_>30_Mev,Proton_flux_>60_Mev,Flux_FLAG,Timestamp
2003,36,9,2314,51,52,58,34,6.9,6.7,10.9,344.5,6.3,-1.8,1.3,-1.9,1.1,0.5,1.7,0.9,1.0,1.0,236127.0,1.9,538.0,0.5,-1.1,0.065,32673.0,0.3,12.0,1.5,1.1,0.013,1.16,-0.59,0.61,5.4,4.4,0.0412,27,82,-29,12,136.2,156,-76,80,0.5,0.007992,999999.99,99999.99,99999.99,99999.99,99999.99,99999.99,0,2003-02-05 09:00:00
2003,36,10,2314,51,52,62,37,7.3,7.2,-1.9,344.1,6.9,-2.0,-0.2,-2.0,-0.4,0.4,1.4,0.6,1.0,0.8,208029.0,1.9,540.0,1.0,-2.5,0.049,34621.0,0.3,9.0,2.0,1.3,0.013,1.11,0.22,0.5,5.1,4.3,0.0458,27,82,-33,12,136.2,103,-52,50,0.3,0.007992,999999.99,99999.99,99999.99,99999.99,99999.99,99999.99,0,2003-02-05 10:00:00
2003,36,11,2314,51,52,60,35,8.0,7.7,-14.5,334.2,6.7,-3.3,-1.9,-3.1,-2.3,0.6,1.9,1.3,1.2,0.9,191219.0,1.9,555.0,0.2,-4.5,0.048,44138.0,0.5,12.0,1.6,1.3,0.011,1.17,1.28,0.39,4.8,4.1,0.052,27,82,-34,12,136.2,249,-177,72,1.4,0.007992,999999.99,99999.99,99999.99,99999.99,99999.99,99999.99,0,2003-02-05 11:00:00
2003,36,12,2314,51,52,63,39,6.6,4.7,34.8,283.1,0.9,-3.7,2.7,-4.0,2.2,0.4,4.4,3.4,1.5,2.5,250172.0,2.9,593.0,-0.1,0.2,0.045,63299.0,0.5,37.0,2.0,2.9,0.015,2.01,-1.3,1.05,7.7,5.5,0.0203,37,82,-27,22,136.2,247,-151,96,0.8,0.007992,999999.99,99999.99,99999.99,99999.99,99999.99,99999.99,0,2003-02-05 12:00:00
2003,36,13,2314,51,52,58,35,8.4,8.3,-16.5,336.2,7.3,-3.2,-2.4,-2.8,-2.9,0.3,1.4,0.5,1.0,0.8,183626.0,2.0,566.0,1.8,-3.4,0.032,20586.0,0.1,7.0,1.1,0.8,0.001,1.21,1.64,0.37,4.8,4.2,0.0524,37,82,-27,22,136.2,220,-147,73,2.1,0.007992,999999.99,99999.99,99999.99,99999.99,99999.99,99999.99,0,2003-02-05 13:00:00
2003,36,14,2314,51,52,60,37,8.3,8.1,-19.6,338.1,7.1,-2.8,-2.7,-2.2,-3.2,0.3,1.5,0.6,0.9,1.1,175751.0,1.8,569.0,2.1,-3.1,0.032,34116.0,0.2,9.0,1.2,1.5,0.002,1.1,1.82,0.33,4.6,4.1,0.0562,37,82,-26,22,136.2,596,-508,88,2.9,0.007992,999999.99,99999.99,99999.99,99999.99,99999.99,99999.99,0,2003-02-05 14:00:00
2003,36,15,2314,51,52,61,38,8.0,7.9,-9.5,334.6,7.0,-3.3,-1.3,-2.9,-2.0,0.2,1.2,0.3,0.8,0.8,193632.0,1.7,575.0,2.1,-1.4,0.033,31374.0,0.1,5.0,1.0,1.1,0.003,1.06,1.15,0.36,4.7,4.1,0.0542,37,82,-33,22,136.2,455,-366,89,2.6,0.007992,999999.99,99999.99,99999.99,99999.99,99999.99,99999.99,0,2003-02-05 15:00:00
2003,36,16,2314,51,52,59,36,7.9,7.4,-5.8,337.4,6.8,-2.8,-0.7,-2.5,-1.4,0.2,2.6,0.7,1.9,1.6,176306.0,1.6,574.0,3.1,-1.0,0.042,33091.0,0.2,9.0,3.2,2.7,0.009,1.03,0.8,0.32,4.6,4.1,0.0563,37,82,-36,22,136.2,279,-188,91,1.5,0.007992,999999.99,99999.99,99999.99,99999.99,99999.99,99999.99,0,2003-02-05 16:00:00
2003,36,17,2314,51,52,62,37,7.6,5.3,25.0,335.3,4.4,-2.0,2.3,-2.6,1.5,0.3,5.2,3.9,1.3,3.3,250686.0,2.0,585.0,3.5,1.9,0.045,70094.0,0.4,30.0,1.4,3.2,0.012,1.35,-0.88,0.55,5.4,4.5,0.0401,37,82,-29,22,136.2,224,-142,82,1.0,0.007992,999999.99,99999.99,99999.99,99999.99,99999.99,99999.99,0,2003-02-05 17:00:00
2003,36,18,2314,51,52,57,34,7.6,7.3,2.4,319.5,5.6,-4.7,0.3,-4.5,-1.4,0.4,2.0,0.9,0.9,1.5,210508.0,1.8,577.0,-0.0,0.0,0.047,40553.0,0.3,14.0,1.2,1.8,0.012,1.19,0.81,0.44,5.1,4.3,0.0459,17,82,-26,6,136.2,129,-80,50,1.6,0.007992,999999.99,99999.99,99999.99,99999.99,99999.99,99999.99,0,2003-02-05 18:00:00
2003,36,19,2314,51,52,60,37,7.8,7.6,0.5,332.8,6.7,-3.5,0.1,-3.2,-1.3,0.1,1.6,0.3,0.5,1.5,191397.0,1.6,562.0,1.3,0.5,9.999,33676.0,0.2,10.0,0.9,2.3,9.999,1.01,0.73,0.35,4.6,4.0,0.0573,17,82,-28,6,136.2,224,-152,71,1.1,0.007992,999999.99,99999.99,99999.99,99999.99,99999.99,99999.99,0,2003-02-05 19:00:00
2003,36,20,2314,51,52,60,37,7.8,7.7,-2.4,345.1,7.5,-2.0,-0.3,-1.7,-1.1,0.1,1.0,0.2,0.7,0.7,168368.0,1.7,551.0,3.5,-0.6,0.033,15712.0,0.1,3.0,1.4,1.3,0.005,0.98,0.61,0.34,4.6,4.0,0.0561,17,82,-33,6,136.2,195,-118,77,0.6,0.007992,999999.99,99999.99,99999.99,99999.99,99999.99,99999.99,0,2003-02-05 20:00:00
2003,36,21,2314,51,52,60,37,7.9,7.9,2.7,342.9,7.5,-2.3,0.4,-2.2,-0.7,0.1,0.7,0.1,0.5,0.4,155198.0,1.9,548.0,3.0,0.5,0.03,12709.0,0.1,2.0,0.8,0.7,0.002,1.07,0.38,0.36,4.8,4.2,0.052,23,82,-33,9,136.2,174,-131,43,0.4,0.007992,999999.99,99999.99,99999.99,99999.99,99999.99,99999.99,0,2003-02-05 21:00:00
2003,36,22,2314,51,52,58,36,7.6,7.6,6.2,340.0,7.1,-2.6,0.8,-2.7,-0.5,0.2,1.1,0.3,0.9,0.7,156165.0,1.8,536.0,3.1,2.1,0.032,31991.0,0.2,8.0,1.1,1.7,0.002,0.97,0.27,0.37,4.7,4.1,0.0531,23,82,-26,9,136.2,80,-44,36,0.3,0.007992,999999.99,99999.99,99999.99,99999.99,99999.99,99999.99,0,2003-02-05 22:00:00
2003,36,23,2314,51,52,57,36,6.9,6.3,20.5,351.1,5.8,-0.9,2.2,-1.8,1.5,0.3,2.8,0.9,1.7,2.0,174510.0,2.7,505.0,1.9,4.9,0.066,46631.0,0.5,16.0,2.6,2.5,0.018,1.45,-0.76,0.71,6.0,4.7,0.0329,23,82,-23,9,136.2,73,-38,35,0.1,0.007992,999999.99,99999.99,99999.99,99999.99,99999.99,99999.99,0,2003-02-05 23:00:00
2003,37,0,2314,51,52,65,37,6.7,4.9,19.2,336.6,4.3,-1.8,1.6,-2.3,0.6,0.5,4.4,2.0,3.2,2.2,165698.0,3.5,504.0,-0.3,3.7,0.055,19564.0,0.9,19.0,2.8,2.0,0.014,1.81,-0.3,0.95,7.0,5.2,0.024,20,112,-21,7,145.4,110,-62,48,0.3,0.00824,999999.99,99999.99,99999.99,99999.99,99999.99,99999.99,0,2003-02-06 00:00:00
2003,37,1,2314,51,52,59,36,7.3,6.4,48.4,96.0,-0.4,4.2,4.8,1.6,6.2,0.2,3.0,1.9,1.3,1.9,175492.0,5.6,536.0,4.1,5.2,0.038,21818.0,0.4,15.0,1.3,1.8,0.006,3.1,-3.32,1.33,8.7,5.9,0.0158,20,112,-12,7,145.4,73,1,74,-0.4,0.00824,999999.99,99999.99,99999.99,99999.99,99999.99,99999.99,0,2003-02-06 01:00:00
2003,37,2,2314,51,52,58,36,7.5,6.2,74.8,54.3,0.9,1.3,6.0,-1.3,6.0,0.2,3.9,2.1,2.8,1.7,187238.0,6.1,519.0,2.2,6.0,0.035,20638.0,0.5,14.0,2.3,1.3,0.005,3.13,-3.11,1.42,8.5,5.7,0.0163,20,112,-8,7,145.4,56,-1,55,-0.3,0.00824,999999.99,99999.99,99999.99,99999.99,99999.99,99999.99,0,2003-02-06 02:00:00
2003,37,3,2314,51,52,54,32,7.3,6.3,5.5,13.2,6.1,1.4,0.6,1.1,1.1,0.1,3.4,1.6,1.9,2.4,182040.0,5.4,465.0,2.5,1.8,0.038,29658.0,0.6,14.0,1.9,3.1,0.004,2.25,-0.51,1.31,7.4,5.1,0.0217,17,112,-11,6,145.4,54,-2,52,0.1,0.00824,999999.99,99999.99,99999.99,99999.99,99999.99,99999.99,0,2003-02-06 03:00:00
2003,37,4,2314,51,52,61,36,7.5,7.0,3.7,350.2,6.9,-1.2,0.5,-1.3,0.1,0.1,2.5,0.5,1.6,1.8,177922.0,5.1,457.0,-0.8,2.0,0.04,34506.0,0.4,7.0,2.4,2.7,0.003,2.06,-0.05,1.16,6.9,4.9,0.0251,17,112,-13,6,145.4,50,-4,46,0.0,0.00824,999999.99,99999.99,99999.99,99999.99,99999.99,99999.99,0,2003-02-06 04:00:00
2003,37,5,2314,51,52,60,37,7.6,7.0,-4.0,5.1,6.9,0.6,-0.5,0.7,-0.3,0.2,2.8,0.6,1.1,2.5,188325.0,5.1,462.0,1.5,1.0,0.043,30857.0,0.4,7.0,1.7,3.9,0.006,2.13,0.14,1.16,6.9,4.8,0.0252,17,112,-12,6,145.4,193,-139,54,0.6,0.00824,999999.99,99999.99,99999.99,99999.99,99999.99,99999.99,0,2003-02-06 05:00:00
2003,37,6,2314,51,52,62,39,7.6,5.9,-26.8,357.6,5.3,-0.2,-2.7,0.4,-2.7,0.2,4.6,2.1,3.7,1.7,193069.0,5.6,472.0,0.5,-0.8,0.046,34764.0,0.6,17.0,3.8,1.7,0.006,2.47,1.27,1.3,7.3,5.0,0.022,30,112,-13,15,145.4,300,-243,57,1.6,0.00824,999999.99,99999.99,99999.99,99999.99,99999.99,99999.99,0,2003-02-06 06:00:00
2003,37,7,2314,51,52,57,35,7.8,7.3,-21.3,357.3,6.8,-0.3,-2.6,0.2,-2.6,0.1,2.6,0.7,0.8,2.4,196523.0,5.4,454.0,-0.5,-1.3,0.05,23543.0,0.4,8.0,1.4,3.6,0.003,2.23,1.18,1.2,6.8,4.7,0.026,30,112,-23,15,145.4,343,-228,116,2.2,0.00824,999999.99,99999.99,99999.99,99999.99,99999.99,99999.99,0,2003-02-06 07:00:00
2003,37,8,2314,51,52,61,35,7.6,5.3,39.1,352.8,4.0,-0.5,3.3,-1.0,3.2,0.2,5.2,2.6,3.5,2.8,189061.0,6.0,477.0,-0.0,5.5,0.05,34858.0,0.9,22.0,3.0,2.5,0.006,2.74,-1.53,1.37,7.7,5.2,0.0201,30,112,-20,15,145.4,154,-46,108,0.7,0.00824,999999.99,99999.99,99999.99,99999.99,99999.99,99999.99,0,2003-02-06 08:00:00
2003,37,9,2314,51,52,61,38,7.8,6.1,-20.0,15.0,5.5,1.5,-2.1,1.8,-1.9,0.2,4.6,1.2,3.4,2.9,203283.0,6.1,469.0,0.9,0.8,0.059,25273.0,0.5,10.0,3.1,2.9,0.008,2.77,0.89,1.38,7.4,5.0,0.0216,33,112,-17,18,145.4,139,-30,109,0.6,0.00824,999999.99,99999.99,99999.99,99999.99,99999.99,99999.99,0,2003-02-06 09:00:00
2003,37,10,2314,51,52,60,36,7.5,5.3,-5.9,2.4,5.3,0.2,-0.5,0.3,-0.5,0.4,5.1,1.4,3.5,3.5,189496.0,5.8,467.0,0.4,1.8,0.059,20736.0,0.6,13.0,3.4,3.6,0.009,2.61,0.23,1.36,7.5,5.1,0.0212,33,112,-18,18,145.4,97,-32,65,0.1,0.00824,999999.99,99999.99,99999.99,99999.99,99999.99,99999.99,0,2003-02-06 10:00:00
2003,37,11,2314,51,52,61,35,8.0,6.8,-35.7,335.5,5.0,-2.3,-4.0,-1.8,-4.3,0.5,4.1,2.5,2.5,2.1,195343.0,5.2,473.0,-1.1,-0.2,0.067,36118.0,0.6,19.0,2.6,2.4,0.022,2.46,2.03,1.09,6.7,4.8,0.0262,33,112,-22,18,145.4,344,-221,123,1.4,0.00824,999999.99,99999.99,99999.99,99999.99,99999.99,99999.99,0,2003-02-06 11:00:00
2003,37,12,2314,51,52,58,36,7.0,5.5,-21.7,306.0,3.0,-4.1,-2.0,-3.8,-2.5,1.0,4.0,2.0,2.6,2.3,243122.0,5.4,485.0,-2.4,1.1,0.053,45324.0,0.6,18.0,2.4,2.1,0.014,2.57,1.21,1.7,8.1,5.1,0.0184,37,112,-26,22,145.4,425,-316,109,1.7,0.00824,999999.99,99999.99,99999.99,99999.99,99999.99,99999.99,0,2003-02-06 12:00:00
2003,37,13,2314,51,52,59,37,8.7,8.3,-6.3,320.5,6.3,-5.2,-0.9,-5.0,-1.7,0.4,2.4,0.8,1.4,1.7,218854.0,6.1,470.0,-3.4,2.3,0.051,18221.0,0.6,6.0,1.5,1.8,0.007,2.71,0.8,1.16,6.7,4.7,0.0267,37,112,-24,22,145.4,313,-225,88,1.8,0.00824,999999.99,99999.99,99999.99,99999.99,99999.99,99999.99,0,2003-02-06 13:00:00
2003,37,14,2314,51,52,62,37,9.1,8.1,-7.6,305.2,4.6,-6.6,-1.1,-6.3,-2.4,0.2,3.8,1.3,1.4,3.3,206284.0,6.3,489.0,-3.7,2.4,0.038,15048.0,0.3,13.0,0.8,2.6,0.005,2.9,1.17,1.06,6.7,4.9,0.0262,37,112,-21,22,145.4,348,-240,108,2.1,0.00824,999999.99,99999.99,99999.99,99999.99,99999.99,99999.99,0,2003-02-06 14:00:00
2003,37,15,2314,51,52,61,38,9.7,8.6,-21.2,301.3,4.2,-6.9,-3.1,-6.0,-4.6,0.6,4.4,1.0,2.9,3.1,175326.0,5.1,495.0,-3.1,0.9,0.037,31218.0,0.7,8.0,1.3,2.3,0.004,2.4,2.28,0.68,5.8,4.6,0.0358,30,112,-25,15,145.4,433,-298,135,2.5,0.00824,999999.99,99999.99,99999.99,99999.99,99999.99,99999.99,0,2003-02-06 15:00:00
2003,37,16,2314,51,52,61,32,10.0,9.2,-0.2,296.4,4.1,-8.2,0.0,-7.9,-2.3,0.2,3.5,1.4,1.7,2.7,176812.0,4.8,502.0,-3.1,2.9,0.034,30355.0,0.3,11.0,1.0,2.0,0.003,2.29,1.15,0.61,5.5,4.5,0.0393,30,112,-31,15,145.4,525,-331,194,2.1,0.00824,999999.99,99999.99,99999.99,99999.99,99999.99,99999.99,0,2003-02-06 16:00:00
2003,37,17,2314,51,52,59,34,9.7,9.2,-16.0,291.4,3.2,-8.2,-2.5,-6.9,-5.0,0.4,2.8,1.8,1.3,1.8,175909.0,4.8,505.0,-3.1,0.4,0.037,24458.0,0.4,10.0,1.0,1.8,0.003,2.35,2.52,0.65,5.7,4.6,0.0366,30,112,-30,15,145.4,741,-475,266,3.2,0.00824,999999.99,99999.99,99999.99,99999.99,99999.99,99999.99,0,2003-02-06 17:00:00
2003,37,18,2314,51,52,60,36,9.2,7.0,-17.7,316.7,4.9,-4.6,-2.1,-3.5,-3.6,0.7,5.9,1.4,4.3,3.7,192984.0,5.2,496.0,-1.8,0.7,0.034,23009.0,0.7,12.0,2.5,2.9,0.004,2.43,1.79,0.82,6.1,4.7,0.0315,33,112,-30,18,145.4,792,-512,280,3.8,0.00824,999999.99,99999.99,99999.99,99999.99,99999.99,99999.99,0,2003-02-06 18:00:00
2003,37,19,2314,51,52,61,38,9.0,7.6,-24.7,328.3,5.9,-3.6,-3.2,-2.0,-4.4,0.5,4.6,1.5,3.4,2.8,191259.0,4.5,490.0,-0.8,-1.2,0.036,33982.0,0.5,15.0,3.0,2.5,0.004,2.06,2.16,0.74,5.8,4.5,0.0357,33,112,-35,18,145.4,643,-365,278,2.8,0.00824,999999.99,99999.99,99999.99,99999.99,99999.99,99999.99,0,2003-02-06 19:00:00
2003,37,20,2314,51,52,57,35,8.9,6.4,-4.4,316.6,4.6,-4.4,-0.5,-3.7,-2.4,0.3,6.0,2.3,4.9,2.6,191975.0,4.3,498.0,-0.3,0.7,0.041,30333.0,0.6,18.0,5.5,2.8,0.012,2.07,1.2,0.72,5.8,4.6,0.0353,33,112,-39,18,145.4,460,-288,172,1.9,0.00824,999999.99,99999.99,99999.99,99999.99,99999.99,99999.99,0,2003-02-06 20:00:00
2003,37,21,2314,51,52,65,38,8.3,6.7,24.1,7.7,6.0,0.8,2.7,-0.5,2.8,0.3,4.7,2.2,3.4,2.5,208992.0,4.2,494.0,4.8,4.5,0.041,40415.0,0.5,24.0,3.5,2.7,0.005,1.99,-1.38,0.86,6.1,4.6,0.032,30,112,-40,15,145.4,249,-94,154,0.9,0.00824,999999.99,99999.99,99999.99,99999.99,99999.99,99999.99,0,2003-02-06 21:00:00
2003,37,22,2314,51,52,57,36,7.9,6.4,17.8,43.8,4.4,4.2,2.0,2.7,3.8,0.5,4.3,1.0,4.0,1.3,231237.0,4.5,512.0,7.0,3.0,0.039,53003.0,0.5,12.0,3.8,1.6,0.009,2.28,-1.95,1.08,6.9,4.9,0.0252,30,112,-35,15,145.4,157,-47,110,0.5,0.00824,999999.99,99999.99,99999.99,99999.99,99999.99,99999.99,0,2003-02-06 22:00:00
2003,37,23,2314,51,52,62,37,7.3,5.4,-23.0,337.6,4.6,-1.9,-2.1,-0.7,-2.8,0.6,4.6,1.7,3.8,2.1,222872.0,3.8,507.0,1.5,-1.8,0.046,52739.0,0.6,19.0,4.1,2.5,0.006,1.93,1.42,1.04,6.8,4.9,0.026,30,112,-31,15,145.4,249,-141,108,1.4,0.00824,999999.99,99999.99,99999.99,99999.99,99999.99,99999.99,0,2003-02-06 23:00:00
2003,38,0,2314,51,52,60,33,7.2,5.7,-1.5,288.7,1.8,-5.4,-0.1,-4.7,-2.6,0.5,4.2,1.8,3.3,1.7,243361.0,3.5,534.0,-2.2,0.3,0.049,49567.0,0.5,16.0,2.8,1.8,0.009,1.99,1.39,1.04,6.9,5.0,0.0247,33,135,-32,18,143.3,417,-248,170,2.4,0.008406,999999.99,99999.99,99999.99,99999.99,99999.99,99999.99,0,2003-02-07 00:00:00
2003,38,1,2314,51,52,56,30,7.2,6.3,-15.0,310.9,4.0,-4.6,-1.6,-3.4,-3.5,0.3,3.2,2.0,2.1,1.2,209382.0,3.1,508.0,-1.8,-1.5,0.05,34647.0,0.4,23.0,2.5,2.1,0.005,1.6,1.78,0.84,6.2,4.7,0.0308,33,135,-30,18,143.3,500,-282,218,4.2,0.008406,999999.99,99999.99,99999.99,99999.99,99999.99,99999.99,0,2003-02-07 01:00:00
2003,38,2,2314,51,52,62,37,7.2,6.2,23.5,351.1,5.6,-0.9,2.5,-1.9,1.9,0.3,3.4,1.0,2.6,1.9,168126.0,3.0,490.0,2.7,4.6,0.038,38854.0,0.5,15.0,3.2,2.6,0.007,1.39,-0.93,0.71,5.9,4.6,0.0342,33,135,-31,18,143.3,211,-77,134,1.2,0.008406,999999.99,99999.99,99999.99,99999.99,99999.99,99999.99,0,2003-02-07 02:00:00
2003,38,3,2314,51,52,58,33,7.6,6.1,8.6,317.5,4.5,-4.1,0.9,-4.1,-0.7,0.4,4.4,1.1,3.4,2.5,133616.0,3.1,499.0,-1.8,2.6,0.033,27305.0,0.6,13.0,3.3,2.9,0.006,1.46,0.35,0.58,5.8,4.7,0.0356,30,135,-27,15,143.3,141,-32,108,0.8,0.008406,999999.99,99999.99,99999.99,99999.99,99999.99,99999.99,0,2003-02-07 03:00:00
2003,38,4,2314,51,52,63,36,7.2,6.3,16.1,356.5,6.0,-0.4,1.7,-0.9,1.5,0.2,3.1,0.9,2.4,1.9,149937.0,3.3,484.0,1.4,3.7,0.032,31820.0,0.4,12.0,3.3,2.7,0.004,1.46,-0.73,0.74,6.1,4.8,0.0319,30,135,-26,15,143.3,78,-4,74,-0.3,0.008406,999999.99,99999.99,99999.99,99999.99,99999.99,99999.99,0,2003-02-07 04:00:00
2003,38,5,2314,51,52,60,37,7.2,6.9,37.7,48.3,3.6,4.1,4.2,2.7,5.2,0.1,1.8,1.0,1.3,0.8,136126.0,3.6,510.0,5.0,4.8,0.027,23521.0,0.4,15.0,2.0,1.0,0.003,1.73,-2.65,0.76,6.7,5.2,0.0263,30,135,-25,15,143.3,75,-4,72,-0.5,0.008406,999999.99,99999.99,99999.99,99999.99,99999.99,99999.99,0,2003-02-07 05:00:00
2003,38,6,2314,51,52,58,36,7.3,5.9,21.9,343.5,5.2,-1.5,2.2,-2.0,1.8,0.3,4.2,0.9,3.8,1.5,156816.0,3.1,498.0,-0.1,3.8,0.031,25927.0,0.5,9.0,3.5,2.0,0.004,1.44,-0.9,0.69,6.0,4.8,0.033,23,135,-26,9,143.3,54,-5,49,-0.4,0.008406,999999.99,99999.99,99999.99,99999.99,99999.99,99999.99,0,2003-02-07 06:00:00
2003,38,7,2314,51,52,62,38,7.4,6.8,-17.3,335.8,5.9,-2.7,-2.0,-2.3,-2.5,0.2,2.7,1.1,2.1,1.3,151440.0,2.6,486.0,-0.8,-0.7,0.034,23585.0,0.3,13.0,2.6,1.7,0.003,1.17,1.22,0.55,5.3,4.4,0.0424,23,135,-29,9,143.3,123,-37,86,-0.3,0.008406,999999.99,99999.99,99999.99,99999.99,99999.99,99999.99,0,2003-02-07 07:00:00
2003,38,8,2314,51,52,59,34,7.4,7.0,-31.2,307.4,3.6,-4.7,-3.6,-4.1,-4.3,0.2,2.2,1.1,0.9,1.6,159294.0,2.6,512.0,-2.8,-2.8,0.035,27375.0,0.3,14.0,1.4,2.4,0.003,1.3,2.2,0.57,5.6,4.6,0.0382,23,135,-34,9,143.3,180,-101,79,0.1,0.008406,999999.99,99999.99,99999.99,99999.99,99999.99,99999.99,0,2003-02-07 08:00:00
2003,38,9,2314,51,52,60,38,7.0,6.3,-16.3,314.7,4.3,-4.3,-1.8,-4.0,-2.4,0.2,2.8,1.1,1.7,2.0,146395.0,2.6,496.0,-3.1,-0.3,0.034,27119.0,0.3,15.0,1.9,2.9,0.002,1.21,1.19,0.61,5.7,4.6,0.0364,23,135,-38,9,143.3,430,-267,163,2.1,0.008406,999999.99,99999.99,99999.99,99999.99,99999.99,99999.99,0,2003-02-07 09:00:00
2003,38,10,2314,51,52,63,39,7.1,6.2,-7.3,289.5,2.1,-5.8,-0.8,-5.7,-1.5,0.2,3.3,2.4,1.1,2.0,165203.0,3.1,521.0,-4.2,1.1,0.033,45432.0,0.5,21.0,0.9,2.2,0.003,1.59,0.78,0.75,6.5,5.0,0.0285,23,135,-36,9,143.3,405,-164,241,1.7,0.008406,999999.99,99999.99,99999.99,99999.99,99999.99,99999.99,0,2003-02-07 10:00:00
2003,38,11,2314,51,52,56,34,7.2,6.3,-6.1,293.6,2.5,-5.8,-0.7,-5.7,-1.4,0.5,3.4,2.3,0.7,2.4,146042.0,3.2,507.0,-4.7,1.1,0.033,31112.0,0.2,20.0,0.7,2.1,0.005,1.55,0.71,0.7,6.3,5.0,0.03,23,135,-34,9,143.3,239,-63,175,0.6,0.008406,999999.99,99999.99,99999.99,99999.99,99999.99,99999.99,0,2003-02-07 11:00:00
2003,38,12,2314,51,52,58,35,7.8,7.4,-29.2,326.8,5.4,-3.6,-3.6,-3.0,-4.1,0.1,2.4,1.0,2.1,0.5,114104.0,2.9,479.0,-2.7,-1.2,0.022,14361.0,0.3,12.0,2.6,1.0,0.002,1.21,1.96,0.48,5.2,4.4,0.0435,33,135,-35,18,143.3,414,-240,173,1.5,0.008406,999999.99,99999.99,99999.99,99999.99,99999.99,99999.99,0,2003-02-07 12:00:00
2003,38,13,2314,51,52,61,36,7.4,6.6,-5.1,327.5,5.6,-3.5,-0.6,-3.4,-1.2,0.4,3.2,0.7,1.1,3.0,123832.0,3.0,471.0,-2.1,1.5,0.029,23169.0,0.3,8.0,1.4,3.4,0.005,1.24,0.57,0.57,5.5,4.5,0.0391,33,135,-35,18,143.3,443,-334,109,2.1,0.008406,999999.99,99999.99,99999.99,99999.99,99999.99,99999.99,0,2003-02-07 13:00:00
2003,38,14,2314,51,52,60,36,6.9,5.5,-12.6,319.6,4.1,-3.5,-1.2,-3.2,-1.9,0.6,4.1,1.8,2.8,2.4,136160.0,3.1,479.0,-2.4,1.2,0.027,31075.0,0.3,17.0,2.7,2.8,0.006,1.32,0.91,0.72,6.1,4.8,0.0318,33,135,-35,18,143.3,203,-91,112,1.9,0.008406,999999.99,99999.99,99999.99,99999.99,99999.99,99999.99,0,2003-02-07 14:00:00
2003,38,15,2314,51,52,58,34,6.9,6.2,-15.5,322.0,4.7,-3.7,-1.6,-3.2,-2.4,0.2,2.8,1.3,1.5,2.0,151001.0,3.2,468.0,-2.0,-0.1,0.036,26325.0,0.5,14.0,1.9,2.5,0.004,1.34,1.12,0.78,6.1,4.7,0.0323,23,135,-36,9,143.3,284,-210,75,2.2,0.008406,999999.99,99999.99,99999.99,99999.99,99999.99,99999.99,0,2003-02-07 15:00:00
2003,38,16,2314,51,52,62,38,6.8,5.5,13.9,310.4,3.5,-4.1,1.3,-4.3,0.1,0.5,3.7,1.5,1.7,2.9,162603.0,3.3,485.0,-2.6,3.2,0.038,28506.0,0.3,15.0,1.9,3.3,0.005,1.49,-0.05,0.86,6.5,4.9,0.0283,23,135,-36,9,143.3,217,-146,72,1.1,0.008406,999999.99,99999.99,99999.99,99999.99,99999.99,99999.99,0,2003-02-07 16:00:00
2003,38,17,2314,51,52,60,37,6.9,4.9,-5.1,308.1,3.0,-3.9,-0.4,-3.5,-1.7,0.2,4.7,1.3,2.2,3.9,161652.0,3.4,490.0,-2.4,0.6,0.035,43830.0,0.3,15.0,2.5,4.1,0.003,1.55,0.83,0.86,6.5,5.0,0.0277,23,135,-31,9,143.3,351,-238,114,2.1,0.008406,999999.99,99999.99,99999.99,99999.99,99999.99,99999.99,0,2003-02-07 17:00:00
2003,38,18,2314,51,52,62,39,7.5,6.4,-15.5,285.9,1.7,-5.9,-1.7,-4.8,-3.8,0.2,3.7,1.4,1.1,3.3,153152.0,3.4,507.0,-3.7,-0.6,0.033,15607.0,0.3,15.0,1.0,3.6,0.004,1.65,1.93,0.71,6.2,4.9,0.0306,30,135,-30,15,143.3,366,-240,126,1.9,0.008406,999999.99,99999.99,99999.99,99999.99,99999.99,99999.99,0,2003-02-07 18:00:00
2003,38,19,2314,51,52,56,32,7.3,6.0,-22.4,315.6,4.0,-3.9,-2.3,-2.6,-3.7,0.1,3.8,1.8,1.3,3.1,133531.0,3.1,483.0,-2.3,-3.3,0.034,19886.0,0.3,18.0,1.5,3.4,0.004,1.37,1.79,0.63,5.8,4.7,0.0351,30,135,-31,15,143.3,719,-465,254,3.9,0.008406,999999.99,99999.99,99999.99,99999.99,99999.99,99999.99,0,2003-02-07 19:00:00
2003,38,20,2314,51,52,59,35,7.4,5.9,1.9,342.0,5.6,-1.8,0.2,-1.7,-0.6,0.3,4.2,1.7,3.1,2.3,118101.0,2.9,469.0,-0.5,0.1,0.036,17461.0,0.3,18.0,4.4,2.4,0.004,1.22,0.28,0.54,5.4,4.5,0.0408,30,135,-32,15,143.3,533,-325,207,3.1,0.008406,999999.99,99999.99,99999.99,99999.99,99999.99,99999.99,0,2003-02-07 20:00:00
2003,38,21,2314,51,52,61,37,7.2,6.2,71.6,50.3,1.3,1.5,5.9,-1.4,5.9,0.3,3.4,2.5,1.7,1.6,149829.0,3.3,513.0,3.3,5.7,0.038,30505.0,0.2,24.0,2.0,1.1,0.007,1.67,-3.03,0.74,6.5,5.1,0.0284,23,135,-29,9,143.3,135,-53,81,-0.4,0.008406,999999.99,99999.99,99999.99,99999.99,99999.99,99999.99,0,2003-02-07 21:00:00
2003,38,22,2314,51,52,59,34,7.0,5.7,40.3,331.5,3.8,-2.1,3.7,-3.6,2.2,0.1,3.8,1.6,2.7,2.2,136935.0,2.9,486.0,-0.3,4.5,0.039,20413.0,0.3,18.0,2.9,2.4,0.003,1.32,-1.07,0.65,5.9,4.7,0.034,23,135,-26,9,143.3,63,-13,50,-0.2,0.008406,999999.99,99999.99,99999.99,99999.99,99999.99,99999.99,0,2003-02-07 22:00:00
2003,38,23,2314,51,52,61,36,7.3,5.6,3.7,313.3,3.8,-4.1,0.4,-3.8,-1.6,0.2,4.5,1.3,2.6,3.5,138546.0,2.6,491.0,-1.6,0.7,0.035,19064.0,0.2,15.0,3.2,4.6,0.006,1.19,0.79,0.54,5.4,4.5,0.0404,23,135,-27,9,143.3,173,-87,86,0.8,0.008406,999999.99,99999.99,99999.99,99999.99,99999.99,99999.99,0,2003-02-07 23:00:00
2003,39,0,2314,51,52,62,36,7.4,6.7,-7.4,305.1,3.8,-5.4,-0.9,-4.3,-3.3,0.2,2.9,1.0,1.1,2.5,152413.0,2.7,496.0,-3.3,-1.0,0.031,24628.0,0.2,12.0,1.3,3.6,0.002,1.25,1.64,0.58,5.5,4.5,0.0392,33,143,-30,18,135.4,152,-69,83,0.7,0.008441,999999.99,99999.99,99999.99,99999.99,99999.99,99999.99,0,2003-02-08 00:00:00
2003,39,1,2314,51,52,63,38,6.9,4.9,-3.3,336.5,4.4,-1.9,-0.3,-1.6,-1.1,0.2,4.7,1.8,3.2,3.0,183761.0,2.6,503.0,2.4,-1.1,0.03,50119.0,0.5,26.0,4.7,3.8,0.002,1.23,0.55,0.71,5.9,4.6,0.0344,33,143,-32,18,135.4,263,-150,113,2.0,0.008441,999999.99,99999.99,99999.99,99999.99,99999.99,99999.99,0,2003-02-08 01:00:00
2003,39,2,2314,51,52,54,32,7.0,5.9,-16.3,306.9,3.4,-4.5,-1.6,-3.4,-3.3,0.1,3.5,2.0,2.1,1.9,178727.0,2.5,515.0,-1.8,-3.0,0.026,41204.0,0.3,28.0,2.6,3.0,0.004,1.22,1.7,0.65,5.8,4.7,0.0352,33,143,-26,18,135.4,243,-98,146,1.5,0.008441,999999.99,99999.99,99999.99,99999.99,99999.99,99999.99,0,2003-02-08 02:00:00
2003,39,3,2314,51,52,60,36,7.1,5.8,-4.7,301.4,3.0,-4.9,-0.5,-4.3,-2.3,0.2,3.9,2.1,2.6,2.1,176062.0,2.6,514.0,-2.3,-1.3,0.027,30913.0,0.3,24.0,3.8,3.0,0.003,1.27,1.18,0.65,5.8,4.7,0.0349,33,143,-26,18,135.4,232,-136,96,1.2,0.008441,999999.99,99999.99,99999.99,99999.99,99999.99,99999.99,0,2003-02-08 03:00:00
2003,39,4,2314,51,52,60,35,7.2,6.1,-11.2,339.6,5.6,-2.1,-1.2,-1.6,-1.8,0.1,3.6,1.2,2.4,2.4,169248.0,2.5,483.0,1.2,-2.2,0.029,31505.0,0.3,16.0,3.3,3.5,0.006,1.09,0.87,0.6,5.3,4.3,0.0423,33,143,-30,18,135.4,198,-112,85,1.5,0.008441,999999.99,99999.99,99999.99,99999.99,99999.99,99999.99,0,2003-02-08 04:00:00
2003,39,5,2314,51,52,61,38,7.0,6.9,-5.0,3.6,6.8,0.4,-0.6,0.6,-0.5,0.1,1.3,0.2,1.1,0.8,163347.0,2.4,468.0,4.5,-1.5,0.028,26795.0,0.1,4.0,1.6,1.5,0.001,0.98,0.23,0.59,5.2,4.2,0.0443,33,143,-30,18,135.4,85,-18,66,0.7,0.008441,999999.99,99999.99,99999.99,99999.99,99999.99,99999.99,0,2003-02-08 05:00:00
2003,39,6,2314,51,52,59,37,7.1,6.7,9.5,331.8,5.8,-3.1,1.1,-3.3,0.3,0.2,2.4,0.9,2.0,1.0,153015.0,2.6,478.0,-0.7,0.7,0.026,19047.0,0.1,12.0,2.5,1.7,0.003,1.1,-0.14,0.6,5.4,4.4,0.0404,30,143,-25,15,135.4,43,-1,41,-0.3,0.008441,999999.99,99999.99,99999.99,99999.99,99999.99,99999.99,0,2003-02-08 06:00:00
2003,39,7,2314,51,52,65,38,7.4,6.9,-28.4,308.4,3.8,-4.8,-3.3,-4.1,-4.2,0.1,2.5,1.7,1.0,1.6,146743.0,2.7,500.0,-2.6,-5.3,0.022,12647.0,0.2,20.0,1.2,2.0,0.002,1.23,2.1,0.56,5.6,4.6,0.0386,30,143,-23,15,135.4,177,-87,91,0.3,0.008441,999999.99,99999.99,99999.99,99999.99,99999.99,99999.99,0,2003-02-08 07:00:00
2003,39,8,2314,51,52,60,37,7.2,5.9,-4.6,310.5,3.8,-4.5,-0.5,-4.4,-1.2,0.2,4.0,1.4,1.3,3.5,134847.0,2.8,498.0,-2.9,-1.6,0.023,15846.0,0.2,16.0,1.7,4.3,0.003,1.27,0.6,0.59,5.8,4.7,0.0355,30,143,-29,15,135.4,395,-273,122,1.8,0.008441,999999.99,99999.99,99999.99,99999.99,99999.99,99999.99,0,2003-02-08 08:00:00
2003,39,9,2314,51,52,59,33,7.2,5.7,44.2,316.4,3.0,-2.8,4.0,-3.3,3.6,0.2,4.3,2.2,2.0,3.1,144628.0,3.2,509.0,-0.5,3.1,0.028,17231.0,0.3,25.0,2.1,3.2,0.003,1.54,-1.83,0.7,6.3,5.0,0.0297,30,143,-24,15,135.4,105,-25,80,0.1,0.008441,999999.99,99999.99,99999.99,99999.99,99999.99,99999.99,0,2003-02-08 09:00:00
2003,39,10,2314,51,52,56,34,7.0,5.7,17.9,322.5,4.3,-3.3,1.8,-3.5,1.4,0.1,3.8,1.7,1.9,2.9,125644.0,3.0,487.0,-0.8,1.0,0.027,19400.0,0.4,21.0,2.2,3.8,0.003,1.32,-0.68,0.65,6.0,4.8,0.0328,30,143,-20,15,135.4,96,-19,78,-0.1,0.008441,999999.99,99999.99,99999.99,99999.99,99999.99,99999.99,0,2003-02-08 10:00:00
2003,39,11,2314,51,52,59,35,7.0,6.0,-10.5,330.8,5.1,-2.9,-1.1,-2.7,-1.5,0.2,3.5,1.9,1.4,2.6,118364.0,2.9,476.0,-0.8,-1.9,0.026,24887.0,0.3,23.0,1.8,3.2,0.002,1.21,0.71,0.61,5.8,4.7,0.0355,30,143,-19,15,135.4,130,-60,70,0.3,0.008441,999999.99,99999.99,99999.99,99999.99,99999.99,99999.99,0,2003-02-08 11:00:00
2003,39,12,2314,51,52,61,38,7.2,6.8,-16.9,341.0,6.1,-2.1,-2.0,-1.8,-2.3,0.2,2.5,0.7,2.0,1.2,115925.0,2.9,465.0,0.2,-3.0,0.032,16868.0,0.2,8.0,2.5,1.8,0.0,1.18,1.07,0.57,5.5,4.5,0.0393,30,143,-19,15,135.4,207,-138,69,0.5,0.008441,999999.99,99999.99,99999.99,99999.99,99999.99,99999.99,0,2003-02-08 12:00:00
2003,39,13,2314,51,52,62,38,6.9,6.8,-40.4,348.4,5.1,-1.0,-4.4,-0.2,-4.5,0.2,1.4,0.5,1.2,0.5,135132.0,3.1,476.0,1.2,-6.4,0.029,15568.0,0.2,7.0,1.5,0.6,0.004,1.31,2.14,0.71,6.1,4.8,0.0322,30,143,-21,15,135.4,390,-331,59,2.1,0.008441,999999.99,99999.99,99999.99,99999.99,99999.99,99999.99,0,2003-02-08 13:00:00
2003,39,14,2314,51,52,61,38,6.8,4.6,12.1,312.0,3.0,-3.3,1.0,-3.4,0.3,0.2,5.0,1.7,2.0,4.2,137049.0,3.4,494.0,-1.1,0.2,0.029,26328.0,0.5,14.0,2.6,4.4,0.003,1.55,-0.15,0.81,6.7,5.1,0.0265,30,143,-28,15,135.4,724,-608,116,2.6,0.008441,999999.99,99999.99,99999.99,99999.99,99999.99,99999.99,0,2003-02-08 14:00:00
2003,39,15,2314,51,52,57,34,6.8,5.9,40.1,284.5,1.1,-4.4,3.8,-5.2,2.6,0.2,3.2,1.5,1.5,2.4,122876.0,3.7,509.0,-1.2,2.7,0.029,16436.0,0.2,15.0,1.6,2.0,0.003,1.79,-1.32,0.84,7.2,5.5,0.0229,27,143,-28,12,135.4,186,-108,79,0.5,0.008441,999999.99,99999.99,99999.99,99999.99,99999.99,99999.99,0,2003-02-08 15:00:00
2003,39,16,2314,51,52,61,34,6.5,5.7,8.2,313.6,3.9,-4.1,0.8,-4.2,-0.4,0.1,2.6,1.4,0.7,2.1,129150.0,3.5,481.0,-1.9,0.2,0.032,17674.0,0.2,15.0,0.9,2.6,0.004,1.53,0.19,0.89,6.9,5.2,0.0248,27,143,-23,12,135.4,77,-36,41,1.1,0.008441,999999.99,99999.99,99999.99,99999.99,99999.99,99999.99,0,2003-02-08 16:00:00
2003,39,17,2314,51,52,63,36,6.6,6.1,-3.8,320.0,4.6,-3.9,-0.4,-3.5,-1.7,0.1,2.3,0.9,1.2,1.7,129779.0,3.4,478.0,-1.8,-0.9,0.034,19798.0,0.4,13.0,1.8,2.4,0.003,1.47,0.81,0.84,6.7,5.1,0.0267,27,143,-22,12,135.4,214,-135,79,1.7,0.008441,999999.99,99999.99,99999.99,99999.99,99999.99,99999.99,0,2003-02-08 17:00:00
2003,39,18,2314,51,52,59,37,6.2,5.2,-24.0,336.3,4.4,-1.9,-2.1,-1.0,-2.7,0.5,3.2,1.0,2.6,1.4,161771.0,3.3,486.0,1.3,-2.5,0.054,37231.0,0.3,15.0,3.4,2.1,0.01,1.58,1.31,1.04,7.1,5.2,0.0235,27,143,-24,12,135.4,454,-319,135,2.2,0.008441,999999.99,99999.99,99999.99,99999.99,99999.99,99999.99,0,2003-02-08 18:00:00
2003,39,19,2314,51,52,59,35,5.9,5.0,8.8,317.8,3.7,-3.3,0.8,-3.3,-0.6,0.2,2.9,1.1,1.2,2.4,193437.0,3.4,496.0,-0.1,1.1,0.053,24307.0,0.2,13.0,1.3,2.6,0.005,1.69,0.3,1.31,7.8,5.3,0.0198,27,143,-28,12,135.4,363,-257,106,1.8,0.008441,999999.99,99999.99,99999.99,99999.99,99999.99,99999.99,0,2003-02-08 19:00:00
2003,39,20,2314,51,52,63,36,6.0,4.1,5.6,30.4,3.6,2.1,0.4,1.7,1.3,0.4,4.1,1.2,2.2,3.2,195976.0,3.3,505.0,7.1,0.5,0.053,30056.0,0.3,16.0,2.7,3.8,0.005,1.7,-0.66,1.24,7.6,5.3,0.0204,27,143,-30,12,135.4,164,-81,83,0.8,0.008441,999999.99,99999.99,99999.99,99999.99,99999.99,99999.99,0,2003-02-08 20:00:00
2003,39,21,2314,51,52,57,33,6.3,4.4,0.1,322.7,3.5,-2.7,0.0,-2.4,-1.3,0.2,4.3,1.6,1.9,3.4,198168.0,3.2,501.0,1.3,0.3,0.049,39762.0,0.4,20.0,2.2,4.2,0.006,1.6,0.65,1.1,7.1,5.1,0.0235,37,143,-30,22,135.4,170,-66,104,1.0,0.008441,999999.99,99999.99,99999.99,99999.99,99999.99,99999.99,0,2003-02-08 21:00:00
2003,39,22,2314,51,52,58,36,6.4,4.9,5.6,331.6,4.3,-2.3,0.5,-2.3,-0.7,0.1,3.9,0.9,1.9,3.2,164123.0,3.1,492.0,2.0,1.1,0.046,34040.0,0.4,11.0,2.9,4.9,0.004,1.48,0.34,0.92,6.8,5.1,0.026,37,143,-32,22,135.4,310,-205,105,1.7,0.008441,999999.99,99999.99,99999.99,99999.99,99999.99,99999.99,0,2003-02-08 22:00:00
2003,39,23,2314,51,52,64,38,6.5,5.2,-35.8,308.2,2.6,-3.3,-3.0,-1.4,-4.2,0.1,3.8,2.0,2.0,2.6,153019.0,3.0,504.0,1.5,-3.8,0.049,22787.0,0.3,22.0,2.8,3.4,0.005,1.52,2.12,0.83,6.7,5.1,0.0264,37,143,-28,22,135.4,483,-317,166,3.1,0.008441,999999.99,99999.99,99999.99,99999.99,99999.99,99999.99,0,2003-02-08 23:00:00
2003,40,0,2314,51,52,60,36,6.6,5.5,-32.6,296.4,2.1,-4.2,-3.0,-2.3,-4.6,0.2,3.3,1.7,1.4,2.5,159866.0,3.2,509.0,0.1,-3.7,0.043,25915.0,0.4,18.0,1.4,3.1,0.007,1.62,2.34,0.88,6.9,5.2,0.025,40,153,-31,27,137.6,351,-187,164,2.4,0.008499,999999.99,99999.99,99999.99,99999.99,99999.99,99999.99,0,2003-02-09 00:00:00
2003,40,1,2314,51,52,53,28,6.3,5.0,3.6,317.4,3.7,-3.4,0.3,-3.2,-1.3,0.2,3.6,1.6,1.4,2.9,141310.0,3.2,485.0,-0.1,0.5,0.042,24479.0,0.3,19.0,2.0,4.2,0.005,1.47,0.63,0.9,6.9,5.2,0.0251,40,153,-32,27,137.6,422,-264,159,3.6,0.008499,999999.99,99999.99,99999.99,99999.99,99999.99,99999.99,0,2003-02-09 01:00:00
2003,40,2,2314,51,52,60,37,6.9,5.2,-24.9,320.0,3.6,-3.0,-2.2,-1.8,-3.3,0.1,4.4,2.9,1.8,2.8,117960.0,3.3,479.0,0.8,-2.5,0.036,18639.0,0.3,34.0,2.3,3.4,0.006,1.45,1.58,0.71,6.3,5.0,0.0299,40,153,-29,27,137.6,340,-153,187,3.1,0.008499,999999.99,99999.99,99999.99,99999.99,99999.99,99999.99,0,2003-02-09 02:00:00
2003,40,3,2314,51,52,64,38,6.8,6.4,14.9,317.9,4.6,-4.1,1.6,-4.4,-0.1,0.1,2.2,1.1,0.8,1.6,115117.0,3.4,466.0,-1.3,2.0,0.035,27044.0,0.2,12.0,1.2,2.0,0.003,1.41,0.05,0.74,6.3,4.9,0.0298,27,153,-31,12,137.6,217,-52,165,1.2,0.008499,999999.99,99999.99,99999.99,99999.99,99999.99,99999.99,0,2003-02-09 03:00:00
2003,40,4,2314,51,52,58,34,6.5,5.8,38.8,329.5,3.9,-2.3,3.6,-3.4,2.6,0.1,2.7,1.1,1.8,1.7,114471.0,3.5,471.0,1.2,4.4,0.037,19045.0,0.3,14.0,2.5,1.8,0.004,1.49,-1.22,0.84,6.8,5.2,0.0259,27,153,-25,12,137.6,87,1,88,-0.4,0.008499,999999.99,99999.99,99999.99,99999.99,99999.99,99999.99,0,2003-02-09 04:00:00
2003,40,5,2314,51,52,57,33,6.3,5.6,-9.9,310.6,3.6,-4.2,-1.0,-3.7,-2.2,0.1,2.6,1.3,1.1,2.0,110149.0,3.8,461.0,-1.7,-1.2,0.04,14689.0,0.4,14.0,1.2,2.5,0.003,1.56,1.01,0.95,7.1,5.3,0.0234,27,153,-21,12,137.6,115,-6,109,-0.0,0.008499,999999.99,99999.99,99999.99,99999.99,99999.99,99999.99,0,2003-02-09 05:00:00
2003,40,6,2314,51,52,60,36,6.2,5.6,-29.6,314.0,3.4,-3.5,-2.7,-2.7,-3.5,0.1,2.6,1.4,1.4,1.7,106602.0,3.9,460.0,-0.9,-3.6,0.043,11701.0,0.4,12.0,1.4,1.8,0.007,1.62,1.61,0.99,7.3,5.4,0.0222,33,153,-26,18,137.6,191,-79,112,0.5,0.008499,999999.99,99999.99,99999.99,99999.99,99999.99,99999.99,0,2003-02-09 06:00:00
2003,40,7,2314,51,52,57,34,6.3,5.7,-7.2,306.1,3.3,-4.5,-0.7,-4.3,-1.6,0.2,2.6,1.6,1.5,1.4,94991.0,3.9,456.0,-2.2,-1.4,0.044,18056.0,0.5,17.0,1.4,2.0,0.008,1.59,0.73,0.91,7.1,5.3,0.0233,33,153,-31,18,137.6,377,-254,123,2.3,0.008499,999999.99,99999.99,99999.99,99999.99,99999.99,99999.99,0,2003-02-09 07:00:00
2003,40,8,2314,51,52,63,40,6.2,4.7,-28.6,318.6,3.1,-2.7,-2.2,-2.3,-2.6,0.2,3.9,2.9,2.3,1.3,101946.0,3.9,454.0,0.5,-3.5,0.041,29992.0,0.5,27.0,2.8,1.9,0.007,1.56,1.18,0.97,7.2,5.3,0.0228,33,153,-29,18,137.6,222,-93,130,1.6,0.008499,999999.99,99999.99,99999.99,99999.99,99999.99,99999.99,0,2003-02-09 08:00:00
2003,40,9,2314,51,52,59,34,6.2,5.3,9.7,294.6,2.2,-4.7,0.9,-4.8,0.2,0.2,3.0,1.9,1.1,2.0,99851.0,4.2,461.0,-2.4,0.6,0.045,11489.0,0.4,18.0,1.2,2.1,0.007,1.76,-0.09,1.04,7.6,5.5,0.0205,23,153,-30,9,137.6,187,-83,104,0.4,0.008499,999999.99,99999.99,99999.99,99999.99,99999.99,99999.99,0,2003-02-09 09:00:00
2003,40,10,2314,51,52,62,37,6.4,5.3,22.9,295.9,2.1,-4.4,2.1,-4.6,1.5,0.1,3.2,1.4,1.1,2.7,98135.0,4.3,457.0,-1.9,2.0,0.044,19090.0,0.4,13.0,1.5,3.0,0.004,1.76,-0.69,0.99,7.4,5.4,0.0217,23,153,-26,9,137.6,145,-55,90,0.1,0.008499,999999.99,99999.99,99999.99,99999.99,99999.99,99999.99,0,2003-02-09 10:00:00
2003,40,11,2314,51,52,58,35,6.7,5.5,29.6,264.3,-0.5,-4.7,2.7,-5.0,2.0,0.1,3.7,3.1,1.2,1.7,77259.0,4.3,482.0,-2.2,2.4,0.04,8762.0,0.3,27.0,1.5,2.1,0.004,1.94,-0.96,0.82,7.5,5.7,0.0214,23,153,-21,9,137.6,100,-23,77,-0.2,0.008499,999999.99,99999.99,99999.99,99999.99,99999.99,99999.99,0,2003-02-09 11:00:00
2003,40,12,2314,51,52,62,37,6.8,4.7,0.1,311.3,3.1,-3.5,0.0,-3.5,-0.5,0.3,4.8,1.8,1.6,4.1,90785.0,4.5,448.0,-0.8,-0.6,0.045,18597.0,0.4,17.0,1.9,4.9,0.004,1.78,0.22,0.89,7.0,5.3,0.0244,33,153,-17,18,137.6,253,-155,98,0.8,0.008499,999999.99,99999.99,99999.99,99999.99,99999.99,99999.99,0,2003-02-09 12:00:00
2003,40,13,2314,51,52,60,28,7.7,5.7,2.0,297.0,2.6,-5.0,0.2,-5.0,-0.7,1.2,5.1,2.9,1.9,3.8,99348.0,5.1,462.0,-2.4,0.5,0.048,16262.0,0.9,22.0,1.5,3.6,0.005,2.17,0.32,0.81,6.8,5.2,0.0259,33,153,-11,18,137.6,186,-103,83,1.2,0.008499,999999.99,99999.99,99999.99,99999.99,99999.99,99999.99,0,2003-02-09 13:00:00
2003,40,14,2314,51,52,63,38,9.4,7.6,-22.1,279.6,1.2,-6.9,-2.9,-6.1,-4.3,0.2,5.0,1.5,2.0,4.3,118446.0,6.5,485.0,-2.6,-3.3,0.044,21056.0,0.4,11.0,1.7,3.8,0.004,3.0,2.09,0.76,6.6,5.1,0.0275,33,153,-15,18,137.6,455,-367,88,3.1,0.008499,999999.99,99999.99,99999.99,99999.99,99999.99,99999.99,0,2003-02-09 14:00:00
2003,40,15,2314,51,52,56,33,9.1,4.7,5.8,352.5,4.6,-0.6,0.5,-0.7,0.3,0.2,7.6,3.1,6.1,3.4,115283.0,6.4,460.0,3.8,0.1,0.045,16804.0,0.6,22.0,5.8,3.2,0.006,2.67,-0.14,0.78,6.4,4.9,0.0291,43,153,-25,32,137.6,210,-112,97,0.6,0.008499,999999.99,99999.99,99999.99,99999.99,99999.99,99999.99,0,2003-02-09 15:00:00
2003,40,16,2314,51,52,63,39,9.1,8.0,-33.8,311.1,4.4,-5.0,-4.5,-3.5,-5.8,0.3,4.0,2.1,1.3,3.1,89634.0,6.2,451.0,-1.7,-4.6,0.04,16582.0,0.6,16.0,1.3,2.9,0.004,2.44,2.62,0.68,6.2,4.9,0.0312,43,153,-21,32,137.6,258,-154,104,1.9,0.008499,999999.99,99999.99,99999.99,99999.99,99999.99,99999.99,0,2003-02-09 16:00:00
2003,40,17,2314,51,52,58,31,9.0,7.8,-46.5,313.2,3.7,-3.9,-5.7,-1.7,-6.7,0.2,4.1,1.8,2.5,2.8,89154.0,6.2,457.0,-0.9,-5.3,0.041,14781.0,0.8,14.0,2.6,2.6,0.005,2.52,3.06,0.69,6.3,5.0,0.0298,43,153,-25,32,137.6,906,-628,278,4.9,0.008499,999999.99,99999.99,99999.99,99999.99,99999.99,99999.99,0,2003-02-09 17:00:00
2003,40,18,2314,51,52,60,37,8.7,7.1,-12.3,307.8,4.2,-5.5,-1.5,-4.5,-3.5,0.1,4.6,3.1,2.0,2.8,111873.0,6.2,451.0,-2.3,-1.2,0.043,15424.0,0.8,26.0,1.7,3.4,0.009,2.47,1.58,0.82,6.5,4.9,0.0286,33,153,-28,18,137.6,972,-684,288,4.3,0.008499,999999.99,99999.99,99999.99,99999.99,99999.99,99999.99,0,2003-02-09 18:00:00
2003,40,19,2314,51,52,58,35,8.6,7.9,-3.5,286.8,2.3,-7.6,-0.5,-6.7,-3.6,0.1,3.1,0.8,0.5,3.0,105261.0,6.3,458.0,-3.9,-0.3,0.039,8279.0,0.4,7.0,0.5,2.4,0.004,2.55,1.65,0.83,6.7,5.1,0.0266,33,153,-32,18,137.6,794,-515,279,3.3,0.008499,999999.99,99999.99,99999.99,99999.99,99999.99,99999.99,0,2003-02-09 19:00:00
2003,40,20,2314,51,52,61,38,8.1,7.4,9.8,289.0,2.4,-6.9,1.3,-6.7,-1.9,0.2,3.1,1.5,1.4,2.4,115077.0,6.3,452.0,-3.4,0.5,0.044,14201.0,0.5,10.0,1.3,2.1,0.005,2.53,0.86,0.97,7.0,5.2,0.0243,33,153,-35,18,137.6,544,-298,246,2.2,0.008499,999999.99,99999.99,99999.99,99999.99,99999.99,99999.99,0,2003-02-09 20:00:00
2003,40,21,2314,51,52,58,34,8.0,7.5,-10.4,318.9,5.5,-4.8,-1.4,-3.6,-3.5,0.2,2.6,1.2,0.7,2.2,112939.0,6.8,432.0,-2.3,-1.8,0.048,5879.0,0.2,7.0,0.6,1.8,0.003,2.53,1.51,1.07,7.0,5.1,0.024,33,153,-36,18,137.6,401,-265,135,2.1,0.008499,999999.99,99999.99,99999.99,99999.99,99999.99,99999.99,0,2003-02-09 21:00:00
2003,40,22,2314,51,52,61,38,7.9,7.1,7.0,301.2,3.7,-6.0,0.9,-5.7,-2.1,0.1,3.4,1.0,1.1,3.0,110936.0,6.7,440.0,-3.1,0.0,0.047,6557.0,0.3,7.0,0.9,2.6,0.004,2.57,0.92,1.07,7.2,5.2,0.0229,33,153,-36,18,137.6,379,-217,162,2.1,0.008499,999999.99,99999.99,99999.99,99999.99,99999.99,99999.99,0,2003-02-09 22:00:00
2003,40,23,2314,51,52,59,36,7.9,6.9,-7.8,299.1,3.3,-6.0,-0.9,-4.8,-3.7,0.2,3.6,0.9,1.3,3.2,103335.0,6.5,439.0,-2.9,-2.3,0.047,10190.0,0.5,7.0,1.2,3.0,0.004,2.49,1.62,1.0,7.1,5.2,0.0237,33,153,-33,18,137.6,277,-78,199,1.4,0.008499,999999.99,99999.99,99999.99,99999.99,99999.99,99999.99,0,2003-02-09 23:00:00
2003,41,0,2314,51,52,60,36,8.2,7.9,-7.2,290.4,2.7,-7.4,-1.0,-6.0,-4.4,0.2,2.1,1.5,1.0,1.1,85991.0,6.1,439.0,-4.3,-2.0,0.043,13113.0,0.4,10.0,0.7,1.0,0.004,2.3,1.93,0.81,6.6,5.1,0.0272,37,120,-30,22,132.6,424,-278,146,2.0,0.008562,999999.99,99999.99,99999.99,99999.99,99999.99,99999.99,0,2003-02-10 00:00:00
2003,41,1,2314,51,52,60,37,8.7,7.9,-13.2,287.4,2.3,-7.3,-1.8,-5.7,-5.0,0.3,3.5,1.9,1.5,2.5,66745.0,5.5,442.0,-3.5,-2.3,0.038,18441.0,0.6,9.0,1.4,2.1,0.007,2.07,2.21,0.59,6.0,4.8,0.0335,37,120,-31,22,132.6,430,-295,136,2.7,0.008562,999999.99,99999.99,99999.99,99999.99,99999.99,99999.99,0,2003-02-10 01:00:00
2003,41,2,2314,51,52,60,35,8.5,8.0,-9.1,295.9,3.4,-7.1,-1.3,-5.9,-4.2,0.1,2.4,1.1,0.9,2.0,80660.0,5.7,437.0,-3.0,-1.9,0.044,13324.0,0.5,10.0,0.9,2.1,0.003,2.14,1.84,0.69,6.1,4.9,0.0316,37,120,-33,22,132.6,321,-146,175,2.1,0.008562,999999.99,99999.99,99999.99,99999.99,99999.99,99999.99,0,2003-02-10 02:00:00
2003,41,3,2314,51,52,60,37,8.5,7.6,11.2,305.4,4.3,-6.1,1.5,-6.2,-1.0,0.3,3.6,1.4,0.8,3.2,83345.0,5.8,428.0,-1.8,0.4,0.047,11500.0,0.5,10.0,0.6,2.3,0.005,2.11,0.43,0.71,6.1,4.8,0.0324,40,120,-28,27,132.6,312,-178,134,2.9,0.008562,999999.99,99999.99,99999.99,99999.99,99999.99,99999.99,0,2003-02-10 03:00:00
2003,41,4,2314,51,52,61,37,8.6,8.4,-52.0,319.6,3.9,-3.3,-6.6,-0.8,-7.3,0.5,2.0,0.7,1.5,1.1,94116.0,5.0,440.0,0.7,-3.1,0.05,13168.0,0.4,4.0,1.3,1.0,0.007,1.94,3.21,0.63,5.7,4.6,0.0364,40,120,-24,27,132.6,246,-119,128,2.3,0.008562,999999.99,99999.99,99999.99,99999.99,99999.99,99999.99,0,2003-02-10 04:00:00
2003,41,5,2314,51,52,59,36,7.9,7.5,-50.8,330.2,4.1,-2.3,-5.8,-0.5,-6.2,0.2,2.4,1.1,1.9,1.0,98500.0,5.1,441.0,1.7,-3.7,0.056,15059.0,0.4,7.0,1.5,0.6,0.007,2.03,2.73,0.77,6.3,4.9,0.0299,40,120,-33,27,132.6,398,-285,113,2.5,0.008562,999999.99,99999.99,99999.99,99999.99,99999.99,99999.99,0,2003-02-10 05:00:00
2003,41,6,2314,51,52,62,39,7.5,7.2,-44.2,345.1,5.0,-1.3,-5.0,0.0,-5.2,0.2,2.0,0.9,1.7,0.6,105927.0,5.0,439.0,2.7,-3.4,0.057,14356.0,0.5,9.0,1.7,0.9,0.009,1.98,2.28,0.87,6.5,4.9,0.0278,40,120,-43,27,132.6,645,-403,242,4.6,0.008562,999999.99,99999.99,99999.99,99999.99,99999.99,99999.99,0,2003-02-10 06:00:00
2003,41,7,2314,51,52,58,35,7.2,6.3,-35.0,322.1,4.0,-3.2,-3.6,-2.4,-4.2,0.2,3.3,1.3,2.2,2.2,128909.0,5.3,441.0,1.8,-2.2,0.066,10149.0,0.4,8.0,1.4,2.0,0.011,2.18,1.85,1.09,7.1,5.1,0.0239,40,120,-45,27,132.6,534,-351,183,2.9,0.008562,999999.99,99999.99,99999.99,99999.99,99999.99,99999.99,0,2003-02-10 07:00:00
2003,41,8,2314,51,52,61,37,7.2,6.6,-21.8,296.8,2.8,-5.5,-2.5,-5.0,-3.4,0.2,2.6,1.4,1.1,1.9,126981.0,5.3,444.0,-0.2,-1.6,0.055,20432.0,0.7,10.0,1.1,1.5,0.009,2.13,1.51,1.09,7.1,5.1,0.0236,40,120,-44,27,132.6,446,-250,196,2.1,0.008562,999999.99,99999.99,99999.99,99999.99,99999.99,99999.99,0,2003-02-10 08:00:00
2003,41,9,2314,51,52,59,36,7.6,7.4,-12.8,306.0,4.2,-5.8,-1.6,-5.5,-2.5,0.1,1.7,0.9,0.7,1.2,94943.0,4.5,437.0,-0.5,-1.3,0.052,12514.0,0.3,7.0,0.8,1.5,0.008,1.73,1.09,0.72,6.1,4.8,0.032,23,120,-41,9,132.6,373,-192,181,1.7,0.008562,999999.99,99999.99,99999.99,99999.99,99999.99,99999.99,0,2003-02-10 09:00:00
2003,41,10,2314,51,52,59,37,7.4,6.9,-5.7,309.7,4.4,-5.2,-0.7,-5.1,-1.4,0.3,2.4,1.3,1.3,1.6,91553.0,4.5,431.0,-0.1,-0.8,0.055,17730.0,0.3,9.0,2.0,1.7,0.017,1.7,0.6,0.75,6.2,4.8,0.0312,23,120,-31,9,132.6,448,-256,192,1.5,0.008562,999999.99,99999.99,99999.99,99999.99,99999.99,99999.99,0,2003-02-10 10:00:00
2003,41,11,2314,51,52,63,39,7.3,6.9,-1.6,302.9,3.8,-5.8,-0.2,-5.7,-1.0,0.2,2.1,0.9,0.9,1.6,99021.0,4.6,438.0,-0.4,-0.2,0.055,14096.0,0.3,7.0,1.3,1.7,0.008,1.8,0.44,0.82,6.4,4.9,0.0287,23,120,-27,9,132.6,223,-89,135,0.8,0.008562,999999.99,99999.99,99999.99,99999.99,99999.99,99999.99,0,2003-02-10 11:00:00
2003,41,12,2314,51,52,61,37,7.3,6.6,-7.2,304.1,3.7,-5.4,-0.8,-5.2,-1.6,0.1,3.0,2.3,1.6,1.0,94483.0,4.5,439.0,-0.7,-1.3,0.051,20237.0,0.7,19.0,1.1,1.3,0.007,1.74,0.7,0.78,6.4,4.9,0.0292,20,120,-21,7,132.6,215,-79,137,1.1,0.008562,999999.99,99999.99,99999.99,99999.99,99999.99,99999.99,0,2003-02-10 12:00:00
2003,41,13,2314,51,52,59,35,7.1,6.6,-3.3,286.6,1.9,-6.3,-0.4,-6.1,-1.5,0.2,2.3,1.2,1.3,1.5,106601.0,5.1,454.0,-1.2,-0.4,0.05,12131.0,0.4,6.0,1.2,1.3,0.008,2.11,0.68,0.99,7.2,5.3,0.0228,20,120,-20,7,132.6,134,-55,79,0.9,0.008562,999999.99,99999.99,99999.99,99999.99,99999.99,99999.99,0,2003-02-10 13:00:00
2003,41,14,2314,51,52,61,39,7.3,6.8,5.4,301.6,3.6,-5.8,0.6,-5.8,-0.7,0.1,2.3,1.5,0.7,1.6,94848.0,4.9,441.0,-1.0,-0.2,0.061,10652.0,0.4,11.0,1.0,1.4,0.008,1.98,0.31,0.85,6.7,5.1,0.0266,20,120,-22,7,132.6,183,-129,54,1.0,0.008562,999999.99,99999.99,99999.99,99999.99,99999.99,99999.99,0,2003-02-10 14:00:00
2003,41,15,2314,51,52,57,35,7.4,6.9,15.3,286.6,1.9,-6.4,1.8,-6.6,0.1,0.2,2.2,1.1,0.6,1.9,90299.0,5.0,452.0,-1.5,1.1,0.056,12878.0,0.4,9.0,0.7,1.8,0.005,2.09,-0.05,0.83,6.8,5.2,0.0255,13,120,-22,5,132.6,143,-88,54,0.8,0.008562,999999.99,99999.99,99999.99,99999.99,99999.99,99999.99,0,2003-02-10 15:00:00
2003,41,16,2314,51,52,59,35,7.3,7.1,5.5,302.9,3.8,-5.9,0.7,-5.8,-1.1,0.1,1.7,1.0,0.6,1.3,85886.0,4.8,436.0,-1.4,-0.2,0.069,10679.0,0.3,8.0,0.5,1.3,0.007,1.94,0.48,0.8,6.5,5.0,0.0278,13,120,-24,5,132.6,128,-75,53,0.8,0.008562,999999.99,99999.99,99999.99,99999.99,99999.99,99999.99,0,2003-02-10 16:00:00
2003,41,17,2314,51,52,61,38,7.0,6.5,-1.6,337.7,6.0,-2.4,-0.2,-2.2,-1.0,0.1,2.5,1.1,2.1,0.7,96851.0,4.6,427.0,2.2,-0.8,0.08,7062.0,0.5,5.0,1.7,0.5,0.026,1.85,0.43,0.88,6.5,4.9,0.0278,13,120,-25,5,132.6,161,-73,88,0.6,0.008562,999999.99,99999.99,99999.99,99999.99,99999.99,99999.99,0,2003-02-10 17:00:00
2003,41,18,2314,51,52,60,37,7.1,6.6,0.8,305.4,3.8,-5.4,0.1,-5.0,-2.0,0.2,2.2,1.0,1.1,1.6,94531.0,5.3,437.0,-0.5,-0.5,0.072,15826.0,0.4,7.0,1.1,1.6,0.013,2.18,0.87,0.97,7.1,5.2,0.0237,23,120,-16,9,132.6,403,-315,89,1.5,0.008562,999999.99,99999.99,99999.99,99999.99,99999.99,99999.99,0,2003-02-10 18:00:00
2003,41,19,2314,51,52,59,35,7.0,6.6,10.1,301.2,3.3,-5.5,1.1,-5.4,-1.3,0.2,2.2,1.3,1.3,1.2,97463.0,5.9,441.0,-0.5,0.2,0.07,8923.0,0.4,9.0,1.2,1.0,0.007,2.45,0.57,1.13,7.7,5.4,0.0203,23,120,-16,9,132.6,350,-243,106,2.4,0.008562,999999.99,99999.99,99999.99,99999.99,99999.99,99999.99,0,2003-02-10 19:00:00
2003,41,20,2314,51,52,61,36,7.1,6.0,20.1,308.1,3.5,-4.4,2.1,-4.9,-0.1,0.3,3.6,1.5,2.2,2.4,91624.0,5.9,440.0,0.3,0.9,0.073,14022.0,0.4,8.0,1.6,1.6,0.008,2.46,0.04,1.07,7.5,5.4,0.021,23,120,-15,9,132.6,165,-78,87,1.4,0.008562,999999.99,99999.99,99999.99,99999.99,99999.99,99999.99,0,2003-02-10 20:00:00
2003,41,21,2314,51,52,62,38,7.3,6.7,11.6,292.2,2.5,-6.1,1.4,-6.0,-1.7,0.3,2.8,2.5,0.4,1.2,90363.0,6.1,439.0,-1.6,0.4,0.068,9590.0,0.3,10.0,0.5,0.7,0.005,2.5,0.75,1.04,7.4,5.4,0.0216,37,120,-15,22,132.6,106,-38,68,1.0,0.008562,999999.99,99999.99,99999.99,99999.99,99999.99,99999.99,0,2003-02-10 21:00:00
2003,41,22,2314,51,52,59,36,7.3,7.0,-14.1,257.5,-1.5,-6.6,-1.7,-4.9,-4.7,0.4,1.8,0.9,0.5,1.5,82330.0,6.6,448.0,-0.9,-0.9,0.063,11526.0,0.5,4.0,0.3,0.9,0.006,2.77,2.11,1.09,7.9,5.7,0.0191,37,120,-12,22,132.6,179,-80,99,1.4,0.008562,999999.99,99999.99,99999.99,99999.99,99999.99,99999.99,0,2003-02-10 22:00:00
2003,41,23,2314,51,52,61,36,6.9,5.9,-21.9,271.4,0.1,-5.5,-2.2,-3.7,-4.6,0.5,3.4,2.3,1.5,2.0,89464.0,6.4,441.0,0.0,-1.1,0.068,19545.0,0.5,12.0,1.6,1.4,0.01,2.64,2.03,1.22,8.1,5.6,0.0182,37,120,-16,22,132.6,581,-433,149,3.3,0.008562,999999.99,99999.99,99999.99,99999.99,99999.99,99999.99,0,2003-02-10 23:00:00
2003,42,0,2314,51,52,57,33,7.4,7.1,-16.3,272.4,0.3,-6.8,-2.0,-5.0,-5.0,0.1,2.2,1.6,0.8,1.2,80273.0,6.1,439.0,-2.0,-1.0,0.055,8826.0,0.3,9.0,0.5,1.0,0.005,2.4,2.19,0.97,7.3,5.4,0.0222,40,120,-19,27,131.4,439,-247,192,2.3,0.008541,999999.99,99999.99,99999.99,99999.99,99999.99,99999.99,0,2003-02-11 00:00:00
2003,42,1,2314,51,52,59,36,7.2,7.1,-30.6,276.7,0.7,-6.0,-3.6,-3.7,-6.0,0.1,1.2,1.0,0.4,0.6,84318.0,6.2,432.0,-1.4,-2.3,0.054,7326.0,0.3,6.0,0.5,0.5,0.003,2.35,2.59,1.06,7.5,5.4,0.0213,40,120,-22,27,131.4,387,-199,188,2.0,0.008541,999999.99,99999.99,99999.99,99999.99,99999.99,99999.99,0,2003-02-11 01:00:00
2003,42,2,2314,51,52,61,38,6.7,6.1,-19.0,277.6,0.8,-5.7,-2.0,-4.3,-4.3,0.2,2.8,1.9,1.0,1.7,87668.0,6.4,428.0,-1.0,-0.7,0.056,14147.0,0.4,10.0,0.7,1.2,0.005,2.4,1.84,1.28,8.1,5.6,0.0182,40,120,-22,27,131.4,388,-265,124,4.0,0.008541,999999.99,99999.99,99999.99,99999.99,99999.99,99999.99,0,2003-02-11 02:00:00
2003,42,3,2314,51,52,58,36,6.6,6.3,-26.6,303.7,3.1,-4.7,-2.8,-3.2,-4.4,0.1,1.8,0.8,1.0,1.2,88334.0,6.3,419.0,-0.8,-1.3,0.056,6051.0,0.3,5.0,0.9,1.2,0.005,2.26,1.84,1.3,8.0,5.5,0.0187,27,120,-23,12,131.4,299,-102,197,1.9,0.008541,999999.99,99999.99,99999.99,99999.99,99999.99,99999.99,0,2003-02-11 03:00:00
2003,42,4,2314,51,52,60,37,6.7,6.3,-44.2,328.5,3.8,-2.4,-4.4,-0.7,-5.0,0.2,2.1,1.0,1.8,0.6,90166.0,6.5,418.0,0.8,-1.9,0.05,7174.0,0.3,7.0,1.4,0.4,0.007,2.28,2.09,1.32,8.0,5.4,0.0188,27,120,-24,12,131.4,337,-176,160,2.7,0.008541,999999.99,99999.99,99999.99,99999.99,99999.99,99999.99,0,2003-02-11 04:00:00
2003,42,5,2314,51,52,61,37,6.9,6.5,-45.3,3.6,4.6,0.3,-4.6,1.7,-4.3,0.1,2.1,0.6,1.9,0.7,92646.0,6.9,421.0,2.0,-1.8,0.037,3720.0,0.4,4.0,1.8,0.5,0.004,2.34,1.81,1.33,8.0,5.5,0.0185,27,120,-28,12,131.4,335,-157,178,2.8,0.008541,999999.99,99999.99,99999.99,99999.99,99999.99,99999.99,0,2003-02-11 05:00:00
2003,42,6,2314,51,52,62,39,6.6,6.1,-53.8,299.5,1.8,-3.2,-5.0,-1.8,-5.6,0.3,2.3,1.5,1.6,0.7,91655.0,7.9,422.0,-0.0,-3.0,0.051,9723.0,0.5,7.0,0.9,0.5,0.008,2.83,2.36,1.66,9.0,5.8,0.0147,30,120,-34,15,131.4,465,-232,233,2.3,0.008541,999999.99,99999.99,99999.99,99999.99,99999.99,99999.99,0,2003-02-11 06:00:00
2003,42,7,2314,51,52,59,35,7.6,7.0,-1.9,268.2,-0.2,-7.0,-0.2,-6.8,-1.7,0.4,2.9,1.9,0.9,2.0,71854.0,8.1,427.0,-1.9,-0.6,0.054,9572.0,1.0,9.0,1.0,1.3,0.006,3.0,0.73,1.17,8.0,5.6,0.0186,30,120,-36,15,131.4,442,-261,181,1.8,0.008541,999999.99,99999.99,99999.99,99999.99,99999.99,99999.99,0,2003-02-11 07:00:00
2003,42,8,2314,51,52,56,34,6.3,5.6,14.3,283.7,1.3,-5.3,1.4,-5.5,0.4,0.3,2.6,2.1,0.9,1.3,80995.0,9.4,408.0,0.5,-0.6,0.067,9033.0,0.6,8.0,0.8,0.8,0.007,3.31,-0.16,2.06,9.9,6.0,0.0121,30,120,-34,15,131.4,268,-76,192,1.3,0.008541,999999.99,99999.99,99999.99,99999.99,99999.99,99999.99,0,2003-02-11 08:00:00
2003,42,9,2314,51,52,62,38,6.5,4.6,2.1,325.2,3.8,-2.6,0.2,-2.6,-0.2,0.4,4.5,2.8,2.4,2.5,72433.0,9.3,397.0,1.4,-1.5,0.072,15332.0,0.6,13.0,1.5,1.5,0.01,3.15,0.08,1.84,9.3,5.8,0.0137,20,120,-31,7,131.4,201,-47,154,0.9,0.008541,999999.99,99999.99,99999.99,99999.99,99999.99,99999.99,0,2003-02-11 09:00:00
2003,42,10,2314,51,52,60,37,6.4,5.9,37.9,269.8,0.0,-4.6,3.6,-5.1,2.9,0.3,2.4,0.8,2.1,0.8,64525.0,9.6,413.0,0.2,0.6,0.063,5730.0,0.5,4.0,1.3,0.6,0.004,3.42,-1.2,1.88,10.0,6.2,0.0119,20,120,-31,7,131.4,170,-27,143,0.2,0.008541,999999.99,99999.99,99999.99,99999.99,99999.99,99999.99,0,2003-02-11 10:00:00
2003,42,11,2314,51,52,60,37,6.6,5.6,23.6,243.3,-2.3,-4.6,2.2,-4.9,1.5,0.4,3.4,1.7,2.6,1.3,55482.0,8.9,422.0,-0.3,0.0,0.061,9629.0,0.7,7.0,1.8,1.1,0.006,3.29,-0.63,1.56,9.5,6.2,0.0131,20,120,-26,7,131.4,100,-22,78,0.1,0.008541,999999.99,99999.99,99999.99,99999.99,99999.99,99999.99,0,2003-02-11 11:00:00
2003,42,12,2314,51,52,60,38,6.9,6.8,7.3,251.4,-2.2,-6.4,0.9,-6.5,-0.1,0.2,0.7,0.5,0.2,0.5,48130.0,8.5,416.0,-2.0,-0.8,0.066,2630.0,0.4,3.0,0.4,0.3,0.005,3.11,0.04,1.31,8.8,6.0,0.0154,13,120,-21,5,131.4,178,-81,97,0.5,0.008541,999999.99,99999.99,99999.99,99999.99,99999.99,99999.99,0,2003-02-11 12:00:00
2003,42,13,2314,51,52,60,33,7.1,7.1,9.5,250.2,-2.4,-6.6,1.2,-6.7,0.0,0.2,0.7,0.3,0.2,0.6,44550.0,8.3,416.0,-2.6,-0.5,0.069,2961.0,0.3,2.0,0.2,0.2,0.002,3.06,-0.0,1.18,8.4,5.9,0.0167,13,120,-15,5,131.4,305,-200,104,0.9,0.008541,999999.99,99999.99,99999.99,99999.99,99999.99,99999.99,0,2003-02-11 13:00:00
2003,42,14,2314,51,52,59,37,7.2,7.2,12.7,253.2,-2.0,-6.7,1.6,-6.9,0.1,0.1,0.7,0.4,0.1,0.5,45708.0,8.3,412.0,-2.7,-0.5,0.064,1827.0,0.2,2.0,0.1,0.2,0.002,2.96,-0.04,1.16,8.2,5.8,0.0175,13,120,-15,5,131.4,160,-83,77,1.1,0.008541,999999.99,99999.99,99999.99,99999.99,99999.99,99999.99,0,2003-02-11 14:00:00
2003,42,15,2314,51,52,60,37,7.2,7.1,7.3,253.1,-2.1,-6.8,0.9,-6.8,-0.9,0.1,0.6,0.4,0.1,0.5,44013.0,8.5,406.0,-2.9,-0.6,0.066,2006.0,0.2,1.0,0.2,0.3,0.002,2.96,0.37,1.18,8.2,5.8,0.0176,17,120,-15,6,131.4,76,-36,40,1.4,0.008541,999999.99,99999.99,99999.99,99999.99,99999.99,99999.99,0,2003-02-11 15:00:00
2003,42,16,2314,51,52,61,38,7.1,7.0,5.6,252.7,-2.1,-6.7,0.7,-6.6,-1.4,0.1,1.0,0.8,0.2,0.5,45264.0,8.8,407.0,-2.5,-1.2,0.061,2814.0,0.2,4.0,0.2,0.4,0.002,3.03,0.57,1.26,8.5,5.9,0.0165,17,120,-13,6,131.4,280,-214,66,1.7,0.008541,999999.99,99999.99,99999.99,99999.99,99999.99,99999.99,0,2003-02-11 16:00:00
2003,42,17,2314,51,52,54,32,6.8,4.5,7.2,261.7,-0.6,-4.4,0.6,-4.3,-1.0,0.3,5.1,3.8,3.0,1.6,52397.0,8.3,401.0,-1.0,-1.3,0.053,6308.0,0.9,18.0,2.2,1.2,0.011,2.7,0.4,1.35,8.5,5.8,0.0165,17,120,-15,6,131.4,275,-172,103,1.7,0.008541,999999.99,99999.99,99999.99,99999.99,99999.99,99999.99,0,2003-02-11 17:00:00
2003,42,18,2314,51,52,61,38,6.5,6.2,22.5,354.9,5.7,-0.5,2.4,-1.4,2.0,0.2,1.6,0.4,1.3,0.9,63433.0,6.5,372.0,0.7,0.4,0.045,6099.0,0.4,4.0,1.4,0.9,0.009,1.77,-0.74,1.23,7.3,5.1,0.0223,13,120,-20,5,131.4,149,-46,103,0.1,0.008541,999999.99,99999.99,99999.99,99999.99,99999.99,99999.99,0,2003-02-11 18:00:00
2003,42,19,2314,51,52,61,38,6.4,5.9,24.5,356.2,5.4,-0.4,2.5,-1.4,2.1,0.1,2.3,0.8,1.6,1.4,68787.0,6.6,372.0,1.4,0.6,0.055,8570.0,0.4,6.0,1.9,1.2,0.008,1.86,-0.78,1.32,7.5,5.1,0.0213,13,120,-17,5,131.4,62,-10,52,-0.0,0.008541,999999.99,99999.99,99999.99,99999.99,99999.99,99999.99,0,2003-02-11 19:00:00
2003,42,20,2314,51,52,59,36,6.7,5.7,47.7,336.8,3.5,-1.5,4.2,-3.3,3.0,0.1,3.4,1.1,3.0,1.1,62733.0,7.1,379.0,1.0,2.2,0.045,5051.0,0.4,7.0,2.4,1.0,0.005,2.01,-1.14,1.26,7.5,5.2,0.0209,13,120,-16,5,131.4,53,-10,44,-0.2,0.008541,999999.99,99999.99,99999.99,99999.99,99999.99,99999.99,0,2003-02-11 20:00:00
2003,42,21,2314,51,52,59,36,6.5,5.7,19.9,323.8,4.3,-3.2,1.9,-3.7,0.1,0.1,3.1,1.0,1.7,2.4,61078.0,6.6,370.0,-0.7,0.5,0.053,6932.0,0.6,8.0,1.6,2.5,0.009,1.83,-0.04,1.23,7.3,5.1,0.0222,13,120,-17,5,131.4,47,-11,36,0.0,0.008541,999999.99,99999.99,99999.99,99999.99,99999.99,99999.99,0,2003-02-11 21:00:00
2003,42,22,2314,51,52,59,37,6.3,5.8,27.9,350.7,5.1,-0.8,2.7,-2.0,2.0,0.1,2.3,0.9,1.9,0.9,66567.0,6.1,363.0,1.7,2.0,0.062,8639.0,0.4,6.0,2.4,0.9,0.013,1.68,-0.73,1.25,7.1,4.9,0.0235,13,120,-15,5,131.4,57,-17,40,-0.1,0.008541,999999.99,99999.99,99999.99,99999.99,99999.99,99999.99,0,2003-02-11 22:00:00
2003,42,23,2314,51,52,57,35,6.1,5.8,24.9,353.6,5.2,-0.6,2.4,-1.7,1.8,0.2,1.8,0.6,1.3,1.0,67430.0,5.5,355.0,2.0,2.0,0.068,8859.0,0.5,7.0,1.7,1.4,0.01,1.47,-0.64,1.2,6.8,4.8,0.0255,13,120,-10,5,131.4,32,-4,28,-0.3,0.008541,999999.99,99999.99,99999.99,99999.99,99999.99,99999.99,0,2003-02-11 23:00:00
2003,43,0,2314,51,52,60,37,6.0,5.7,-2.6,341.4,5.4,-1.8,-0.3,-1.4,-1.1,0.2,1.8,0.4,1.3,1.2,59804.0,5.1,352.0,-0.6,-2.1,0.074,9981.0,0.5,6.0,2.2,2.1,0.016,1.37,0.39,1.11,6.6,4.7,0.0271,13,117,-6,5,128.2,33,-6,27,-0.3,0.008449,999999.99,99999.99,99999.99,99999.99,99999.99,99999.99,0,2003-02-12 00:00:00
2003,43,1,2314,51,52,62,37,5.6,5.4,5.5,332.4,4.8,-2.5,0.5,-2.4,-0.7,0.4,1.3,0.7,1.0,0.7,70695.0,5.6,356.0,-1.5,-1.2,0.072,19212.0,0.9,7.0,1.5,1.1,0.014,1.53,0.25,1.48,7.5,5.0,0.021,13,117,-7,5,128.2,39,-7,32,-0.2,0.008449,999999.99,99999.99,99999.99,99999.99,99999.99,99999.99,0,2003-02-12 01:00:00
2003,43,2,2314,51,52,64,40,5.9,5.2,11.1,289.9,1.7,-4.8,1.0,-4.8,-1.2,0.3,2.6,1.5,1.0,1.9,88042.0,7.3,379.0,-2.6,-1.0,0.044,9530.0,0.5,9.0,1.0,1.5,0.014,2.06,0.45,1.89,8.7,5.4,0.0158,13,117,-6,5,128.2,97,-50,47,-0.1,0.008449,999999.99,99999.99,99999.99,99999.99,99999.99,99999.99,0,2003-02-12 02:00:00
2003,43,3,2314,51,52,56,30,6.0,4.9,-15.1,297.2,2.2,-4.2,-1.3,-3.3,-2.9,0.4,3.3,2.0,1.3,2.3,75331.0,7.0,379.0,-2.6,-2.9,0.054,7200.0,0.5,11.0,0.9,1.9,0.015,2.04,1.1,1.65,8.4,5.4,0.017,23,117,-8,9,128.2,185,-130,54,0.7,0.008449,999999.99,99999.99,99999.99,99999.99,99999.99,99999.99,0,2003-02-12 03:00:00
2003,43,4,2314,51,52,59,35,5.8,4.4,17.1,330.5,3.6,-2.1,1.3,-2.4,0.5,0.1,3.6,1.1,1.1,3.2,81108.0,7.0,369.0,-1.1,-0.3,0.057,12130.0,0.6,6.0,1.1,3.0,0.012,1.95,-0.18,1.81,8.4,5.3,0.0168,23,117,-12,9,128.2,194,-114,80,1.2,0.008449,999999.99,99999.99,99999.99,99999.99,99999.99,99999.99,0,2003-02-12 04:00:00
2003,43,5,2314,51,52,66,41,5.6,3.4,-13.0,274.8,0.3,-3.3,-0.8,-2.9,-1.8,0.4,4.4,3.8,0.8,2.0,81338.0,7.5,385.0,-2.6,-2.5,0.049,8005.0,0.8,19.0,0.9,1.3,0.013,2.22,0.69,2.09,9.4,5.6,0.0134,23,117,-9,9,128.2,120,-22,98,0.4,0.008449,999999.99,99999.99,99999.99,99999.99,99999.99,99999.99,0,2003-02-12 05:00:00
2003,43,6,2314,51,52,58,36,6.4,5.5,-18.6,261.0,-0.8,-5.1,-1.7,-4.5,-3.0,0.7,3.2,1.9,1.4,2.2,89125.0,8.7,390.0,-3.0,-2.3,0.049,14123.0,0.6,9.0,0.6,1.3,0.007,2.64,1.17,1.92,9.0,5.5,0.0147,17,117,-7,6,128.2,191,-34,157,0.6,0.008449,999999.99,99999.99,99999.99,99999.99,99999.99,99999.99,0,2003-02-12 06:00:00
2003,43,7,2314,51,52,61,37,8.3,6.8,34.5,259.9,-1.0,-5.5,3.9,-6.2,2.6,0.5,4.6,2.2,2.6,3.1,89249.0,10.0,389.0,-2.2,-0.8,0.046,17765.0,1.4,6.0,1.2,1.3,0.01,2.99,-1.01,1.31,7.4,5.1,0.0217,17,117,-9,6,128.2,158,-35,123,0.3,0.008449,999999.99,99999.99,99999.99,99999.99,99999.99,99999.99,0,2003-02-12 07:00:00
2003,43,8,2314,51,52,58,36,8.5,8.2,85.3,262.5,-0.1,-0.7,8.1,-2.2,7.8,0.3,2.3,1.4,1.8,0.5,88737.0,10.2,388.0,0.5,1.5,0.036,14100.0,1.3,5.0,1.1,0.6,0.006,2.93,-3.03,1.28,7.3,5.0,0.0224,17,117,-9,6,128.2,68,-1,68,-0.5,0.008449,999999.99,99999.99,99999.99,99999.99,99999.99,99999.99,0,2003-02-12 08:00:00
2003,43,9,2314,51,52,60,37,6.6,3.2,-61.6,307.1,0.9,-1.2,-2.8,-0.7,-3.0,1.2,5.6,1.7,2.2,4.9,87641.0,12.9,380.0,-0.2,-1.4,0.052,13991.0,2.3,10.0,0.9,2.0,0.011,3.76,1.14,2.66,10.3,5.7,0.0111,30,117,-8,15,128.2,115,-17,98,0.4,0.008449,999999.99,99999.99,99999.99,99999.99,99999.99,99999.99,0,2003-02-12 09:00:00
2003,43,10,2314,51,52,59,34,6.2,2.8,-30.3,92.6,-0.1,2.4,-1.4,2.6,-1.0,1.5,5.6,2.0,2.4,4.7,73915.0,16.1,379.0,0.7,-0.9,0.037,13789.0,2.3,5.0,1.2,0.8,0.006,4.43,0.38,3.52,12.3,6.1,0.0079,30,117,-12,15,128.2,86,-10,75,0.4,0.008449,999999.99,99999.99,99999.99,99999.99,99999.99,99999.99,0,2003-02-12 10:00:00
2003,43,11,2314,51,52,61,36,7.4,5.1,36.7,82.5,0.5,4.1,3.1,3.6,3.7,0.5,5.2,1.2,1.1,5.0,47488.0,14.4,375.0,1.3,0.2,0.031,12200.0,1.0,2.0,0.6,0.6,0.005,3.8,-1.39,1.92,9.6,5.9,0.0129,30,117,-15,15,128.2,336,-193,143,0.7,0.008449,999999.99,99999.99,99999.99,99999.99,99999.99,99999.99,0,2003-02-12 11:00:00
2003,43,12,2314,51,52,59,36,6.7,6.6,55.1,82.2,0.5,3.7,5.4,2.8,5.9,0.5,1.3,0.7,0.8,0.7,48567.0,13.4,377.0,1.7,-0.7,0.026,5599.0,1.2,3.0,0.6,0.6,0.004,3.51,-2.22,2.2,10.3,6.1,0.0112,23,117,-10,9,128.2,204,-128,76,0.1,0.008449,999999.99,99999.99,99999.99,99999.99,99999.99,99999.99,0,2003-02-12 12:00:00
2003,43,13,2314,51,52,58,36,5.3,5.1,41.2,73.4,1.1,3.7,3.3,3.0,3.9,0.8,1.5,1.0,0.9,0.8,63319.0,13.3,369.0,1.5,-0.9,0.031,8844.0,0.9,4.0,0.6,0.5,0.005,3.4,-1.44,3.78,12.7,6.2,0.0074,23,117,-4,9,128.2,53,-20,33,-0.1,0.008449,999999.99,99999.99,99999.99,99999.99,99999.99,99999.99,0,2003-02-12 13:00:00
2003,43,14,2314,51,52,63,38,5.8,2.9,-58.9,211.0,-1.3,-0.8,-2.5,-0.2,-2.6,0.9,5.1,2.8,2.4,3.5,57986.0,10.5,377.0,-0.3,-2.4,0.035,12189.0,0.6,11.0,0.9,1.6,0.007,2.84,0.98,2.42,10.5,6.0,0.0107,23,117,-3,9,128.2,51,-20,32,0.7,0.008449,999999.99,99999.99,99999.99,99999.99,99999.99,99999.99,0,2003-02-12 14:00:00
2003,43,15,2314,51,52,59,37,6.6,6.4,-65.5,235.7,-1.5,-2.2,-5.8,-0.6,-6.2,0.2,1.6,0.9,1.2,0.6,47233.0,10.0,376.0,-0.9,-4.6,0.033,7406.0,0.6,6.0,0.9,0.6,0.003,2.67,2.33,1.68,9.0,5.8,0.0147,37,117,-10,22,128.2,153,-92,61,1.5,0.008449,999999.99,99999.99,99999.99,99999.99,99999.99,99999.99,0,2003-02-12 15:00:00
2003,43,16,2314,51,52,59,33,4.4,2.2,-52.0,41.7,1.0,0.9,-1.7,1.4,-1.3,1.2,3.9,2.2,1.6,2.8,66976.0,13.5,372.0,0.6,-2.5,0.022,9809.0,3.0,7.0,1.0,0.9,0.006,3.39,0.48,5.67,15.5,6.4,0.0049,37,117,-13,22,128.2,785,-613,172,2.6,0.008449,999999.99,99999.99,99999.99,99999.99,99999.99,99999.99,0,2003-02-12 16:00:00
2003,43,17,2314,51,52,61,37,2.4,1.0,-49.4,89.1,0.0,0.7,-0.8,0.9,-0.5,0.7,2.2,0.6,1.3,1.7,53672.0,17.6,372.0,0.8,-2.4,0.02,4252.0,1.4,2.0,0.4,0.3,0.002,4.39,0.19,23.14,32.5,7.1,0.0011,37,117,-7,22,128.2,372,-272,100,1.5,0.008449,999999.99,99999.99,99999.99,99999.99,99999.99,99999.99,0,2003-02-12 17:00:00
2003,43,18,2314,51,52,60,37,4.4,3.8,-63.1,101.0,-0.3,1.7,-3.4,2.9,-2.5,1.4,2.6,1.0,1.3,2.1,70749.0,13.1,372.0,1.4,-3.5,0.023,7933.0,2.5,3.0,0.9,1.1,0.003,3.31,0.93,5.6,15.3,6.3,0.0051,33,117,-9,18,128.2,152,-78,74,1.0,0.008449,999999.99,99999.99,99999.99,99999.99,99999.99,99999.99,0,2003-02-12 18:00:00
2003,43,19,2314,51,52,59,37,5.5,3.9,-67.6,335.6,1.4,-0.6,-3.7,1.1,-3.6,1.3,4.0,1.8,3.2,1.6,73295.0,12.2,366.0,0.0,-3.3,0.026,6618.0,1.9,7.0,2.2,1.1,0.004,3.01,1.32,3.38,11.6,5.9,0.0088,33,117,-12,18,128.2,227,-128,99,1.6,0.008449,999999.99,99999.99,99999.99,99999.99,99999.99,99999.99,0,2003-02-12 19:00:00
2003,43,20,2314,51,52,61,35,3.6,3.3,-29.8,79.1,0.5,2.8,-1.7,3.3,-0.2,1.1,1.6,0.5,1.1,1.1,72883.0,17.1,372.0,1.2,-2.7,0.019,2637.0,1.0,2.0,0.6,0.3,0.002,4.25,0.07,11.05,21.4,6.6,0.0026,33,117,-16,18,128.2,224,-118,106,1.2,0.008449,999999.99,99999.99,99999.99,99999.99,99999.99,99999.99,0,2003-02-12 20:00:00
2003,43,21,2314,51,52,59,36,6.8,6.2,-47.0,303.9,2.3,-3.5,-4.5,-0.9,-5.6,0.7,2.8,1.0,2.4,1.1,68664.0,13.8,371.0,-1.3,-5.0,0.024,8850.0,1.2,4.0,1.5,0.7,0.002,3.48,2.08,2.45,10.1,5.7,0.0116,33,117,-13,18,128.2,504,-384,120,3.7,0.008449,999999.99,99999.99,99999.99,99999.99,99999.99,99999.99,0,2003-02-12 21:00:00
2003,43,22,2314,51,52,63,39,7.7,6.8,-37.5,302.7,2.9,-4.5,-4.2,-1.8,-5.9,0.7,3.5,2.3,2.6,0.8,35176.0,16.6,374.0,-1.7,-4.7,0.023,13388.0,1.6,6.0,1.0,1.0,0.002,4.23,2.21,1.9,9.9,6.1,0.0121,33,117,-19,18,128.2,500,-365,134,3.4,0.008449,999999.99,99999.99,99999.99,99999.99,99999.99,99999.99,0,2003-02-12 22:00:00
2003,43,23,2314,51,52,58,36,7.0,6.8,-36.0,123.9,-3.1,4.6,-4.0,6.0,-1.2,0.7,1.8,0.8,0.8,1.4,93290.0,15.1,383.0,-0.2,-3.7,0.013,13953.0,2.2,2.0,0.5,1.6,0.005,3.89,0.46,2.84,10.6,5.7,0.0105,33,117,-25,18,128.2,340,-167,174,2.4,0.008449,999999.99,99999.99,99999.99,99999.99,99999.99,99999.99,0,2003-02-12 23:00:00
2003,44,0,2314,51,52,60,35,8.8,8.6,-21.9,109.4,-2.7,7.5,-3.2,8.1,0.9,0.5,2.0,0.5,0.9,1.7,106681.0,10.6,377.0,-2.6,-2.5,0.009,11488.0,1.6,4.0,0.9,1.3,0.003,2.61,-0.34,1.34,7.0,4.7,0.0245,20,97,-22,7,127.3,199,-73,126,1.4,0.008303,999999.99,99999.99,99999.99,99999.99,99999.99,99999.99,0,2003-02-13 00:00:00
2003,44,1,2314,51,52,61,38,10.1,9.8,-7.6,102.4,-2.1,9.5,-1.3,9.0,3.3,0.5,2.6,0.7,0.6,2.4,77066.0,9.4,377.0,-4.2,-3.4,0.011,11722.0,0.4,5.0,0.4,1.8,0.003,2.33,-1.24,0.79,5.7,4.4,0.0363,20,97,-20,7,127.3,136,-68,68,0.5,0.008303,999999.99,99999.99,99999.99,99999.99,99999.99,99999.99,0,2003-02-13 01:00:00
2003,44,2,2314,51,52,58,35,10.8,10.6,2.6,107.5,-3.2,10.1,0.5,8.8,4.9,0.1,1.9,0.8,0.6,1.6,60651.0,8.8,374.0,-3.8,-4.6,0.015,8535.0,0.9,5.0,0.9,1.5,0.003,2.18,-1.83,0.59,5.1,4.2,0.0451,20,97,-23,7,127.3,105,-53,52,0.4,0.008303,999999.99,99999.99,99999.99,99999.99,99999.99,99999.99,0,2003-02-13 02:00:00
2003,44,3,2314,51,52,63,38,10.4,9.5,-10.3,107.7,-2.8,8.9,-1.7,8.8,2.0,0.5,4.1,2.7,1.7,2.7,68259.0,9.9,373.0,-3.7,-3.0,0.023,13428.0,1.2,12.0,1.6,2.1,0.005,2.51,-0.75,0.75,5.6,4.4,0.0374,17,97,-21,6,127.3,90,-41,50,0.3,0.008303,999999.99,99999.99,99999.99,99999.99,99999.99,99999.99,0,2003-02-13 03:00:00
2003,44,4,2314,51,52,62,36,10.7,10.3,8.6,91.5,-0.3,10.2,1.5,9.0,5.0,0.2,2.7,1.7,0.6,2.1,61352.0,11.3,394.0,-5.1,-5.0,0.025,10171.0,0.9,9.0,0.5,0.9,0.005,3.22,-1.97,0.78,6.2,4.8,0.0311,17,97,-16,6,127.3,159,-89,70,0.3,0.008303,999999.99,99999.99,99999.99,99999.99,99999.99,99999.99,0,2003-02-13 04:00:00
2003,44,5,2314,51,52,59,37,10.8,10.6,10.5,85.2,0.9,10.3,1.9,9.2,5.0,0.2,2.1,1.6,0.5,1.3,57896.0,11.3,402.0,-5.7,-4.5,0.026,8667.0,0.7,8.0,0.7,1.0,0.003,3.37,-2.01,0.75,6.3,4.9,0.0304,17,97,-14,6,127.3,135,-75,61,0.4,0.008303,999999.99,99999.99,99999.99,99999.99,99999.99,99999.99,0,2003-02-13 05:00:00
2003,44,6,2314,51,52,56,33,11.2,10.5,8.5,108.0,-3.2,9.9,1.6,9.1,4.1,0.2,3.8,2.2,1.3,2.8,55039.0,10.8,382.0,-6.3,-3.9,0.027,7117.0,1.1,10.0,1.0,1.9,0.002,2.92,-1.57,0.66,5.6,4.5,0.0379,10,97,-13,4,127.3,83,-30,53,0.5,0.008303,999999.99,99999.99,99999.99,99999.99,99999.99,99999.99,0,2003-02-13 06:00:00
2003,44,7,2314,51,52,62,39,12.3,11.9,6.6,122.2,-6.3,10.0,1.4,9.4,3.6,0.2,2.8,0.9,1.1,2.4,51074.0,11.3,372.0,-6.7,-4.1,0.028,6597.0,0.9,5.0,1.0,1.9,0.002,2.9,-1.34,0.56,5.1,4.2,0.046,10,97,-11,4,127.3,68,-22,47,0.3,0.008303,999999.99,99999.99,99999.99,99999.99,99999.99,99999.99,0,2003-02-13 07:00:00
2003,44,8,2314,51,52,57,33,13.0,12.6,12.6,123.6,-6.8,10.3,2.8,9.6,4.7,0.2,2.9,1.1,0.7,2.6,48553.0,11.3,374.0,-6.9,-3.8,0.028,5098.0,1.3,5.0,0.4,1.6,0.003,2.94,-1.76,0.49,4.8,4.1,0.0509,10,97,-10,4,127.3,63,-18,44,0.1,0.008303,999999.99,99999.99,99999.99,99999.99,99999.99,99999.99,0,2003-02-13 08:00:00
2003,44,9,2314,51,52,60,37,13.3,13.2,20.5,133.3,-8.5,9.0,4.6,8.1,6.0,0.2,2.0,0.7,1.2,1.5,40615.0,11.1,367.0,-6.4,-4.2,0.028,4283.0,0.5,4.0,0.7,1.3,0.002,2.78,-2.2,0.44,4.6,3.9,0.0563,17,97,-6,6,127.3,49,-15,35,-0.1,0.008303,999999.99,99999.99,99999.99,99999.99,99999.99,99999.99,0,2003-02-13 09:00:00
2003,44,10,2314,51,52,63,38,13.0,10.6,3.8,127.7,-6.5,8.4,0.7,8.2,2.0,0.8,7.4,4.7,3.1,4.9,55755.0,11.8,373.0,-5.9,-2.8,0.029,14839.0,1.1,17.0,1.5,3.2,0.007,3.06,-0.75,0.53,4.9,4.1,0.049,17,97,-1,6,127.3,98,-30,67,0.5,0.008303,999999.99,99999.99,99999.99,99999.99,99999.99,99999.99,0,2003-02-13 10:00:00
2003,44,11,2314,51,52,61,38,10.0,8.5,21.8,98.1,-1.1,7.8,3.1,7.2,4.3,0.8,5.2,1.9,3.4,3.5,128506.0,13.6,388.0,-3.2,-4.9,0.02,21591.0,1.3,6.0,2.2,1.8,0.005,3.69,-1.67,1.45,7.2,4.8,0.0232,17,97,-3,6,127.3,106,-67,39,0.0,0.008303,999999.99,99999.99,99999.99,99999.99,99999.99,99999.99,0,2003-02-13 11:00:00
2003,44,12,2314,51,52,60,36,10.0,9.5,-8.1,92.9,-0.5,9.4,-1.3,9.5,0.3,0.9,2.8,1.2,1.2,2.2,186179.0,11.5,390.0,-3.2,-2.2,0.025,46098.0,2.5,4.0,1.6,1.5,0.005,3.21,-0.12,1.5,6.6,4.4,0.0272,10,97,-1,4,127.3,144,-92,52,0.7,0.008303,999999.99,99999.99,99999.99,99999.99,99999.99,99999.99,0,2003-02-13 12:00:00
2003,44,13,2314,51,52,60,37,11.0,10.9,-4.4,87.7,0.4,10.8,-0.8,10.8,1.3,0.2,1.8,0.8,0.4,1.6,242323.0,8.0,395.0,-0.5,-2.3,0.027,9743.0,0.8,3.0,1.5,1.1,0.007,2.31,-0.51,1.02,5.1,3.7,0.0461,10,97,0,4,127.3,210,-151,59,0.8,0.008303,999999.99,99999.99,99999.99,99999.99,99999.99,99999.99,0,2003-02-13 13:00:00
2003,44,14,2314,51,52,58,35,10.2,9.5,9.1,98.2,-1.3,9.3,1.5,8.7,3.6,0.7,3.5,2.1,1.6,2.4,253920.0,7.6,391.0,1.6,-2.8,0.025,29695.0,0.8,6.0,0.9,2.1,0.007,2.13,-1.41,1.16,5.3,3.7,0.0426,10,97,1,4,127.3,116,-78,38,0.4,0.008303,999999.99,99999.99,99999.99,99999.99,99999.99,99999.99,0,2003-02-13 14:00:00
2003,44,15,2314,51,52,62,38,9.4,7.9,13.3,110.5,-2.7,7.2,1.8,6.5,3.7,0.4,4.9,3.6,2.0,2.7,249062.0,7.4,387.0,3.0,-3.0,0.028,33623.0,0.9,15.0,2.1,1.6,0.009,2.06,-1.43,1.31,5.6,3.8,0.0379,3,97,0,2,127.3,44,-9,35,0.1,0.008303,999999.99,99999.99,99999.99,99999.99,99999.99,99999.99,0,2003-02-13 15:00:00
2003,44,16,2314,51,52,63,40,9.1,8.7,20.3,119.6,-4.0,7.1,3.0,5.8,5.1,0.4,2.7,2.2,0.9,1.3,224327.0,6.6,395.0,2.3,-0.7,0.032,33212.0,0.9,7.0,1.3,1.3,0.004,1.94,-2.01,1.17,5.6,3.9,0.0383,3,97,2,2,127.3,44,-17,27,-0.4,0.008303,999999.99,99999.99,99999.99,99999.99,99999.99,99999.99,0,2003-02-13 16:00:00
2003,44,17,2314,51,52,55,25,8.1,7.5,23.2,109.0,-2.2,6.5,2.9,5.1,5.0,0.4,2.8,2.1,0.9,1.6,249758.0,8.0,395.0,1.3,0.5,0.028,14727.0,0.5,7.0,0.8,1.0,0.002,2.32,-1.98,1.92,6.9,4.2,0.025,3,97,2,2,127.3,42,-18,24,-0.4,0.008303,999999.99,99999.99,99999.99,99999.99,99999.99,99999.99,0,2003-02-13 17:00:00
2003,44,18,2314,51,52,59,38,7.8,7.6,3.3,125.0,-4.3,6.2,0.4,5.5,2.8,0.2,1.4,0.7,0.5,1.0,224164.0,8.6,385.0,0.7,2.2,0.029,19037.0,0.9,6.0,0.9,0.9,0.002,2.38,-1.08,2.07,7.2,4.3,0.0227,10,97,3,4,127.3,35,-14,22,-0.2,0.008303,999999.99,99999.99,99999.99,99999.99,99999.99,99999.99,0,2003-02-13 18:00:00
2003,44,19,2314,51,52,59,35,7.1,6.6,17.2,121.2,-3.3,5.4,2.0,4.0,4.1,0.9,2.5,0.7,1.1,2.2,233096.0,8.6,381.0,-0.5,1.5,0.03,31186.0,0.9,5.0,0.7,1.5,0.003,2.33,-1.56,2.57,7.9,4.4,0.0192,10,97,2,4,127.3,36,-11,25,-0.3,0.008303,999999.99,99999.99,99999.99,99999.99,99999.99,99999.99,0,2003-02-13 19:00:00
2003,44,20,2314,51,52,49,30,5.1,3.0,-10.7,79.1,0.5,2.9,-0.5,2.8,0.9,1.2,4.1,2.0,2.5,2.6,250504.0,9.5,395.0,-0.5,1.9,0.027,28910.0,0.7,12.0,1.8,1.3,0.003,2.74,-0.36,5.76,11.9,4.9,0.0083,10,97,1,4,127.3,29,-4,25,-0.1,0.008303,999999.99,99999.99,99999.99,99999.99,99999.99,99999.99,0,2003-02-13 20:00:00
2003,44,21,2314,71,71,15,15,7.1,6.7,-87.0,309.3,0.2,-0.3,-6.7,3.0,-6.0,0.7,2.2,1.7,1.3,0.7,167521.0,8.8,397.0,0.3,7.0,9.999,5862.0,0.4,6.0,1.0,0.5,9.999,2.77,2.38,2.15,8.3,4.9,0.0173,37,97,-1,22,127.3,93,-49,43,0.6,0.008303,999999.99,99999.99,99999.99,99999.99,99999.99,99999.99,0,2003-02-13 21:00:00
2003,44,22,2314,71,71,15,15,8.9,8.5,-74.0,318.3,1.7,-1.6,-8.1,2.7,-7.8,0.7,2.5,2.0,1.5,0.5,140710.0,8.5,398.0,0.3,7.6,9.999,11997.0,0.6,5.0,0.8,0.5,9.999,2.69,3.1,1.2,6.5,4.6,0.028,37,97,-10,22,127.3,450,-348,102,2.3,0.008303,999999.99,99999.99,99999.99,99999.99,99999.99,99999.99,0,2003-02-13 22:00:00
2003,44,23,2314,71,71,15,15,9.3,8.7,-78.8,348.3,1.7,-0.3,-8.6,4.1,-7.6,0.6,2.5,1.4,1.7,1.2,112563.0,9.1,389.0,-3.0,7.2,9.999,13284.0,0.5,6.0,1.8,0.7,9.999,2.75,2.96,1.05,6.3,4.6,0.0299,37,97,-22,22,127.3,597,-436,160,3.2,0.008303,999999.99,99999.99,99999.99,99999.99,99999.99,99999.99,0,2003-02-13 23:00:00
2003,45,0,2314,71,71,15,15,9.2,6.3,-58.2,96.5,-0.4,3.3,-5.3,5.5,-3.0,0.8,6.3,1.9,3.7,4.8,125024.0,10.6,388.0,-3.7,6.8,9.999,8372.0,1.2,5.0,2.1,1.8,9.999,3.19,1.16,1.32,6.9,4.7,0.0252,43,74,-27,32,128.1,414,-278,137,2.4,0.008029,999999.99,99999.99,99999.99,99999.99,99999.99,99999.99,0,2003-02-14 00:00:00
2003,45,1,2314,71,71,14,14,9.6,7.4,-4.3,113.3,-2.9,6.7,-0.5,6.1,2.7,0.2,5.3,2.5,2.9,3.7,135458.0,11.3,385.0,-5.2,5.4,9.999,4998.0,0.5,6.0,1.7,1.4,9.999,3.35,-1.04,1.35,6.7,4.6,0.0262,43,74,-23,32,128.1,290,-169,121,2.2,0.008029,999999.99,99999.99,99999.99,99999.99,99999.99,99999.99,0,2003-02-14 01:00:00
2003,45,2,2314,71,71,15,15,9.4,5.9,-9.9,143.2,-4.6,3.5,-1.0,3.6,0.7,0.5,6.7,2.2,2.7,5.7,149070.0,10.4,384.0,-2.8,6.0,9.999,11685.0,0.5,7.0,1.6,2.7,9.999,3.07,-0.27,1.36,6.6,4.5,0.0274,43,74,-19,32,128.1,196,-106,90,0.9,0.008029,999999.99,99999.99,99999.99,99999.99,99999.99,99999.99,0,2003-02-14 02:00:00
2003,45,3,2314,71,71,16,16,10.1,6.5,-45.6,142.0,-3.6,2.8,-4.7,4.5,-3.2,0.7,6.7,3.4,3.0,4.9,147363.0,11.3,394.0,-0.3,8.1,9.999,17715.0,1.2,12.0,1.8,2.5,9.999,3.51,1.26,1.27,6.6,4.5,0.0277,37,74,-17,22,128.1,127,-53,75,0.2,0.008029,999999.99,99999.99,99999.99,99999.99,99999.99,99999.99,0,2003-02-14 03:00:00
2003,45,4,2314,71,71,15,15,11.0,10.1,0.0,120.7,-5.1,8.7,0.0,8.1,3.1,0.5,3.7,1.0,1.4,3.2,121280.0,11.4,391.0,-3.4,4.7,9.999,9362.0,0.8,2.0,1.0,1.9,9.999,3.49,-1.21,0.98,6.0,4.4,0.033,37,74,-20,22,128.1,359,-250,109,2.3,0.008029,999999.99,99999.99,99999.99,99999.99,99999.99,99999.99,0,2003-02-14 04:00:00
2003,45,5,2314,71,71,16,16,11.0,7.9,17.6,97.8,-1.0,7.5,2.4,6.4,4.6,1.1,6.5,4.2,2.2,4.4,141470.0,10.9,418.0,-2.7,4.7,9.999,17014.0,0.8,20.0,1.8,2.2,9.999,3.81,-1.92,1.01,6.3,4.6,0.0302,37,74,-16,22,128.1,188,-110,78,1.6,0.008029,999999.99,99999.99,99999.99,99999.99,99999.99,99999.99,0,2003-02-14 05:00:00
2003,45,6,2314,71,71,14,14,12.8,12.2,51.4,116.8,-3.4,6.8,9.5,4.0,11.0,0.4,3.0,1.5,2.0,1.8,116557.0,10.7,408.0,-3.7,1.4,9.999,8024.0,0.9,7.0,1.4,1.5,9.999,3.56,-4.49,0.67,5.2,4.2,0.0438,20,74,-9,7,128.1,74,-9,64,-0.1,0.008029,999999.99,99999.99,99999.99,99999.99,99999.99,99999.99,0,2003-02-14 06:00:00
2003,45,7,2314,71,71,15,15,13.1,11.3,27.0,128.4,-6.3,7.9,5.1,6.6,6.7,0.4,5.9,2.6,1.5,5.1,108073.0,10.8,410.0,-3.7,1.8,9.999,11208.0,0.6,10.0,0.9,1.6,9.999,3.63,-2.75,0.62,5.1,4.2,0.045,20,74,-7,7,128.1,56,-2,55,0.3,0.008029,999999.99,99999.99,99999.99,99999.99,99999.99,99999.99,0,2003-02-14 07:00:00
2003,45,8,2314,71,71,15,15,12.8,11.2,8.1,156.8,-10.2,4.4,1.6,4.0,2.4,0.6,4.5,1.4,2.5,3.5,170279.0,11.8,403.0,0.9,4.6,9.999,19696.0,1.0,7.0,2.1,2.5,9.999,3.83,-0.97,0.89,5.4,4.1,0.0407,20,74,-6,7,128.1,91,-16,74,0.6,0.008029,999999.99,99999.99,99999.99,99999.99,99999.99,99999.99,0,2003-02-14 08:00:00
2003,45,9,2314,71,71,16,16,13.7,11.7,-8.0,123.1,-6.3,9.7,-1.6,9.8,0.1,0.2,6.0,3.0,2.0,4.8,147985.0,12.8,423.0,-2.7,6.3,9.999,6607.0,0.8,13.0,1.4,3.0,9.999,4.58,-0.04,0.78,5.5,4.3,0.039,30,74,-7,15,128.1,92,-17,75,0.8,0.008029,999999.99,99999.99,99999.99,99999.99,99999.99,99999.99,0,2003-02-14 09:00:00
2003,45,10,2314,71,71,15,15,13.2,11.5,31.7,146.3,-8.2,5.5,6.1,4.5,6.9,0.4,5.3,2.6,3.1,3.4,171239.0,12.1,421.0,-0.0,1.5,9.999,13481.0,0.8,13.0,2.1,2.4,9.999,4.29,-2.9,0.87,5.5,4.2,0.0387,30,74,-14,15,128.1,93,-40,53,0.3,0.008029,999999.99,99999.99,99999.99,99999.99,99999.99,99999.99,0,2003-02-14 10:00:00
2003,45,11,2314,71,71,15,15,14.0,12.1,-16.1,121.1,-6.0,10.0,-3.4,10.4,-1.8,0.4,5.9,2.3,1.2,5.2,175244.0,11.7,440.0,-2.3,6.7,9.999,18700.0,0.4,9.0,1.5,2.9,9.999,4.53,0.79,0.75,5.4,4.2,0.0412,30,74,-10,15,128.1,317,-221,96,1.1,0.008029,999999.99,99999.99,99999.99,99999.99,99999.99,99999.99,0,2003-02-14 11:00:00
2003,45,12,2314,71,71,15,15,14.7,13.9,27.1,126.3,-7.3,10.0,6.4,8.7,8.0,0.5,3.6,1.6,1.4,2.8,144704.0,9.7,439.0,-3.3,-0.0,9.999,14820.0,1.2,5.0,0.6,1.6,9.999,3.74,-3.51,0.51,4.7,3.9,0.055,37,74,-9,22,128.1,279,-196,83,0.7,0.008029,999999.99,99999.99,99999.99,99999.99,99999.99,99999.99,0,2003-02-14 12:00:00
2003,45,13,2314,71,71,17,17,13.3,11.4,-16.8,120.8,-5.6,9.4,-3.3,9.9,-1.4,0.8,6.1,2.8,2.0,5.0,247146.0,8.3,470.0,0.5,1.0,9.999,39325.0,0.5,17.0,1.8,1.7,9.999,3.67,0.66,0.73,5.1,4.0,0.0459,37,74,-1,22,128.1,208,-142,65,2.2,0.008029,999999.99,99999.99,99999.99,99999.99,99999.99,99999.99,0,2003-02-14 13:00:00
2003,45,14,2314,71,71,15,15,12.2,10.6,-9.1,136.1,-7.6,7.3,-1.7,7.5,0.0,0.3,5.0,1.9,2.3,4.0,290514.0,8.1,477.0,0.9,-0.4,9.999,10267.0,0.5,7.0,1.8,2.2,9.999,3.69,-0.0,0.95,5.6,4.1,0.0384,37,74,-4,22,128.1,402,-347,54,1.9,0.008029,999999.99,99999.99,99999.99,99999.99,99999.99,99999.99,0,2003-02-14 14:00:00
2003,45,15,2314,71,71,15,15,13.1,11.0,-5.4,134.7,-7.7,7.8,-1.0,7.8,1.1,0.3,6.4,1.2,2.8,5.6,229178.0,7.0,492.0,0.8,-0.4,9.999,29007.0,0.7,6.0,1.7,2.5,9.999,3.39,-0.54,0.61,5.0,4.0,0.0482,33,74,-8,18,128.1,524,-426,98,2.3,0.008029,999999.99,99999.99,99999.99,99999.99,99999.99,99999.99,0,2003-02-14 15:00:00
2003,45,16,2314,71,71,15,11,12.7,11.7,0.5,130.8,-7.6,8.9,0.1,8.4,2.9,0.4,4.1,1.2,1.4,3.6,243983.0,7.1,497.0,-0.1,-0.4,9.999,20823.0,0.4,8.0,0.7,2.0,9.999,3.51,-1.44,0.68,5.2,4.1,0.0438,33,74,-9,18,128.1,166,-102,64,0.7,0.008029,999999.99,99999.99,99999.99,99999.99,99999.99,99999.99,0,2003-02-14 16:00:00
2003,45,17,2314,71,99,15,999,12.3,10.7,-0.8,120.2,-5.4,9.3,-0.2,8.8,3.1,0.2,5.3,1.8,2.1,4.6,9999999.0,999.9,9999.0,999.9,999.9,9.999,9999999.0,999.9,9999.0,999.9,999.9,9.999,99.99,999.99,999.99,999.9,99.9,9.9999,33,74,-10,18,128.1,477,-336,141,2.5,0.008029,999999.99,99999.99,99999.99,99999.99,99999.99,99999.99,0,2003-02-14 17:00:00
2003,45,18,2314,51,52,21,7,13.0,12.5,8.0,130.7,-8.1,9.4,1.7,7.9,5.3,0.3,3.2,1.0,1.6,2.7,213626.0,7.7,490.0,-3.8,-4.7,0.032,19854.0,0.5,7.0,0.6,1.2,0.003,3.48,-2.6,0.65,5.2,4.2,0.0435,33,74,-11,18,128.1,397,-304,92,1.0,0.008029,999999.99,99999.99,99999.99,99999.99,99999.99,99999.99,0,2003-02-14 18:00:00
2003,45,19,2314,51,52,42,18,13.1,11.3,12.0,115.6,-4.8,10.0,2.4,7.9,6.5,0.2,6.0,4.5,2.3,3.2,197891.0,7.4,503.0,-4.8,-3.9,0.031,34841.0,0.8,38.0,1.0,2.6,0.004,3.51,-3.27,0.59,5.2,4.3,0.0436,33,74,-5,18,128.1,83,-41,42,-0.2,0.008029,999999.99,99999.99,99999.99,99999.99,99999.99,99999.99,0,2003-02-14 19:00:00
2003,45,20,2314,71,71,16,16,13.2,11.1,-1.3,135.5,-7.9,7.8,-0.3,7.0,3.4,0.2,6.6,1.7,2.2,6.0,164155.0,7.6,481.0,-2.4,-0.6,9.999,29911.0,0.5,12.0,1.5,4.4,9.999,3.52,-1.64,0.53,5.0,4.2,0.0471,33,74,-5,18,128.1,117,-49,69,0.6,0.008029,999999.99,99999.99,99999.99,99999.99,99999.99,99999.99,0,2003-02-14 20:00:00
2003,45,21,2314,71,71,14,14,13.3,12.9,33.8,136.7,-7.8,7.4,7.2,2.9,9.9,0.2,2.4,1.0,1.1,1.9,176743.0,8.5,488.0,-1.7,-5.9,9.999,18441.0,0.5,9.0,0.9,1.1,9.999,4.05,-4.83,0.61,5.3,4.3,0.0416,37,74,-6,22,128.1,56,-14,42,-0.8,0.008029,999999.99,99999.99,99999.99,99999.99,99999.99,99999.99,0,2003-02-14 21:00:00
2003,45,22,2314,71,71,16,16,12.6,11.2,-15.8,142.9,-8.6,6.5,-3.1,7.2,0.6,0.5,5.1,2.1,1.7,4.3,175017.0,7.9,477.0,-1.0,-0.0,9.999,32045.0,1.0,14.0,1.2,2.8,9.999,3.59,-0.29,0.63,5.3,4.3,0.042,37,74,-4,22,128.1,73,-25,48,0.5,0.008029,999999.99,99999.99,99999.99,99999.99,99999.99,99999.99,0,2003-02-14 22:00:00
2003,45,23,2314,71,71,15,15,12.1,10.9,-36.9,137.5,-6.4,5.9,-6.6,8.4,-2.7,0.3,4.3,2.4,1.8,3.1,223831.0,8.1,492.0,0.0,1.8,9.999,23546.0,0.8,13.0,1.3,2.4,9.999,3.92,1.33,0.81,5.8,4.4,0.0355,37,74,-8,22,128.1,350,-245,105,1.5,0.008029,999999.99,99999.99,99999.99,99999.99,99999.99,99999.99,0,2003-02-14 23:00:00
2003,46,0,2314,71,71,15,15,11.9,9.8,-26.7,147.0,-7.3,4.8,-4.4,6.3,-1.4,0.2,4.9,2.1,2.7,3.5,229442.0,8.8,490.0,0.7,0.3,9.999,21936.0,0.6,15.0,1.9,2.4,9.999,4.23,0.69,0.92,6.1,4.6,0.0319,40,51,-16,27,120.6,523,-411,112,2.8,0.007835,999999.99,99999.99,99999.99,99999.99,99999.99,99999.99,0,2003-02-15 00:00:00
2003,46,1,2314,71,71,15,15,11.6,10.4,19.1,144.8,-8.0,5.7,3.4,3.4,5.7,0.4,3.6,1.5,1.8,2.7,237982.0,9.5,491.0,-0.1,-4.5,9.999,26301.0,0.6,11.0,1.3,2.0,9.999,4.58,-2.8,1.08,6.5,4.7,0.028,40,51,-18,27,120.6,219,-145,74,0.7,0.007835,999999.99,99999.99,99999.99,99999.99,99999.99,99999.99,0,2003-02-15 01:00:00
2003,46,2,2314,71,71,15,15,12.1,10.0,4.6,152.1,-8.8,4.7,0.8,3.8,2.8,0.1,5.2,1.9,3.0,3.7,244168.0,9.6,495.0,0.7,-2.5,9.999,26710.0,0.9,12.0,1.8,2.8,9.999,4.7,-1.39,1.02,6.3,4.6,0.0296,40,51,-10,27,120.6,183,-90,94,0.6,0.007835,999999.99,99999.99,99999.99,99999.99,99999.99,99999.99,0,2003-02-15 02:00:00
2003,46,3,2314,71,71,16,16,12.0,9.8,-10.2,147.1,-8.1,5.2,-1.7,5.4,0.6,0.2,5.5,1.1,2.7,4.6,255815.0,9.5,504.0,0.6,0.4,9.999,16582.0,0.8,9.0,1.6,2.6,9.999,4.83,-0.3,1.05,6.5,4.7,0.0284,43,51,-10,32,120.6,365,-241,123,1.6,0.007835,999999.99,99999.99,99999.99,99999.99,99999.99,99999.99,0,2003-02-15 03:00:00
2003,46,4,2314,71,71,15,15,12.5,10.5,8.6,139.1,-7.9,6.8,1.6,5.8,4.0,0.2,5.9,0.8,2.6,5.3,255063.0,9.4,525.0,1.0,-0.6,9.999,10934.0,0.9,6.0,1.6,3.3,9.999,5.18,-2.1,0.96,6.4,4.8,0.0287,43,51,-12,32,120.6,270,-181,89,1.2,0.007835,999999.99,99999.99,99999.99,99999.99,99999.99,99999.99,0,2003-02-15 04:00:00
2003,46,5,2314,71,71,15,15,12.8,9.5,12.0,139.1,-7.0,6.1,2.0,5.2,3.8,0.2,7.7,1.4,2.1,7.3,250843.0,8.5,536.0,0.9,-2.8,9.999,9854.0,0.6,9.0,1.2,3.9,9.999,4.88,-2.04,0.82,6.1,4.7,0.0319,43,51,-14,32,120.6,260,-129,131,1.1,0.007835,999999.99,99999.99,99999.99,99999.99,99999.99,99999.99,0,2003-02-15 05:00:00
2003,46,6,2314,71,71,16,16,11.5,9.8,26.2,141.7,-6.9,5.4,4.3,4.0,5.6,0.9,5.2,1.4,3.2,3.9,278005.0,7.2,555.0,1.5,-1.5,9.999,31399.0,0.7,15.0,2.1,2.2,9.999,4.44,-3.11,0.92,6.5,4.8,0.0284,27,51,-11,12,120.6,237,-163,74,0.6,0.007835,999999.99,99999.99,99999.99,99999.99,99999.99,99999.99,0,2003-02-15 06:00:00
2003,46,7,2314,71,71,15,15,10.0,7.9,31.7,144.9,-5.5,3.9,4.2,2.8,5.0,0.5,4.8,1.7,2.3,3.9,355293.0,6.6,594.0,3.5,-1.2,9.999,13348.0,0.7,13.0,1.3,1.9,9.999,4.66,-2.97,1.33,7.6,5.2,0.0204,27,51,-7,12,120.6,134,-65,69,0.3,0.007835,999999.99,99999.99,99999.99,99999.99,99999.99,99999.99,0,2003-02-15 07:00:00
2003,46,8,2314,71,71,15,15,9.0,7.5,1.0,140.8,-5.8,4.7,0.1,4.6,1.0,0.2,3.7,1.1,1.8,3.1,343986.0,5.8,605.0,2.8,0.6,9.999,15220.0,0.4,9.0,1.1,2.0,9.999,4.25,-0.6,1.41,8.1,5.4,0.0182,27,51,-10,12,120.6,109,-32,78,0.6,0.007835,999999.99,99999.99,99999.99,99999.99,99999.99,99999.99,0,2003-02-15 08:00:00
2003,46,9,2314,71,71,16,16,9.1,6.2,-29.7,129.4,-3.4,4.1,-3.1,4.6,-2.3,0.5,5.5,3.1,2.4,3.8,325601.0,5.4,621.0,3.1,1.5,9.999,26785.0,0.4,19.0,1.6,2.5,9.999,4.16,1.43,1.23,7.9,5.5,0.0189,40,51,-13,27,120.6,524,-337,187,2.8,0.007835,999999.99,99999.99,99999.99,99999.99,99999.99,99999.99,0,2003-02-15 09:00:00
2003,46,10,2314,71,71,15,15,8.0,5.2,-35.4,104.8,-1.1,4.1,-3.0,4.5,-2.3,0.3,5.2,3.3,3.3,2.3,356681.0,4.7,639.0,3.0,1.6,9.999,25826.0,0.5,23.0,2.3,1.4,9.999,3.84,1.47,1.48,8.7,5.7,0.0159,40,51,-22,27,120.6,524,-409,116,3.1,0.007835,999999.99,99999.99,99999.99,99999.99,99999.99,99999.99,0,2003-02-15 10:00:00
2003,46,11,2314,71,71,14,14,7.5,5.0,-21.4,150.4,-4.1,2.3,-1.8,2.6,-1.4,0.3,4.8,2.7,1.1,3.8,297321.0,5.0,619.0,3.3,0.8,9.999,21897.0,0.6,17.0,0.8,2.6,9.999,3.83,0.87,1.57,9.2,6.0,0.014,40,51,-22,27,120.6,532,-353,179,2.9,0.007835,999999.99,99999.99,99999.99,99999.99,99999.99,99999.99,0,2003-02-15 11:00:00
2003,46,12,2314,71,71,15,15,7.6,4.9,-1.1,156.4,-4.5,2.0,-0.1,2.0,0.3,0.3,5.3,2.8,2.1,4.0,273006.0,4.9,612.0,3.1,-0.4,9.999,20400.0,0.6,18.0,1.4,2.9,9.999,3.67,-0.18,1.42,8.9,6.0,0.015,40,51,-24,27,120.6,397,-279,118,1.3,0.007835,999999.99,99999.99,99999.99,99999.99,99999.99,99999.99,0,2003-02-15 12:00:00
2003,46,13,2314,71,71,15,15,7.8,6.7,-11.9,135.9,-4.7,4.6,-1.4,4.8,-0.4,0.2,3.1,1.4,1.0,2.5,246746.0,4.6,607.0,0.8,0.3,9.999,14975.0,0.5,10.0,0.8,2.0,9.999,3.39,0.24,1.18,8.3,5.9,0.0171,40,51,-17,27,120.6,569,-398,171,2.5,0.007835,999999.99,99999.99,99999.99,99999.99,99999.99,99999.99,0,2003-02-15 13:00:00
2003,46,14,2314,71,71,15,15,7.7,6.6,-12.7,154.7,-5.8,2.7,-1.4,3.0,-0.7,0.1,3.3,1.6,0.9,2.8,219792.0,4.7,602.0,1.6,0.8,9.999,16465.0,0.5,14.0,0.6,2.0,9.999,3.41,0.42,1.15,8.5,6.0,0.0166,40,51,-21,27,120.6,580,-448,132,2.5,0.007835,999999.99,99999.99,99999.99,99999.99,99999.99,99999.99,0,2003-02-15 14:00:00
2003,46,15,2314,71,71,15,15,8.4,7.4,-44.7,133.0,-3.6,3.9,-5.2,5.2,-3.9,0.2,3.1,2.0,1.5,1.7,194246.0,4.4,607.0,0.4,3.4,9.999,19272.0,0.2,16.0,1.6,1.5,9.999,3.24,2.37,0.84,7.6,5.8,0.0207,43,51,-24,32,120.6,646,-463,183,2.6,0.007835,999999.99,99999.99,99999.99,99999.99,99999.99,99999.99,0,2003-02-15 15:00:00
2003,46,16,2314,71,71,15,15,8.3,6.7,-27.7,130.9,-3.9,4.5,-3.1,5.3,-1.5,0.1,4.2,2.8,1.6,2.8,185851.0,4.7,602.0,-0.6,1.8,9.999,11648.0,0.4,21.0,1.2,2.2,9.999,3.41,0.9,0.89,7.9,5.9,0.0192,43,51,-33,32,120.6,970,-708,262,4.5,0.007835,999999.99,99999.99,99999.99,99999.99,99999.99,99999.99,0,2003-02-15 16:00:00
2003,46,17,2314,71,71,15,15,8.5,7.8,1.9,146.4,-6.5,4.3,0.3,3.9,1.8,0.1,2.7,1.1,1.4,2.1,162763.0,4.9,579.0,-0.8,-0.4,9.999,7530.0,0.4,9.0,1.3,1.9,9.999,3.29,-1.04,0.82,7.5,5.8,0.0209,43,51,-31,32,120.6,366,-258,108,2.0,0.007835,999999.99,99999.99,99999.99,99999.99,99999.99,99999.99,0,2003-02-15 17:00:00
2003,46,18,2314,71,71,15,15,8.4,7.4,-5.3,140.5,-5.7,4.7,-0.7,4.6,1.3,0.1,2.9,1.3,1.3,2.2,173408.0,4.7,583.0,-1.1,0.5,9.999,14287.0,0.4,11.0,1.0,1.9,9.999,3.19,-0.76,0.84,7.5,5.7,0.021,27,51,-23,12,120.6,221,-149,72,1.2,0.007835,999999.99,99999.99,99999.99,99999.99,99999.99,99999.99,0,2003-02-15 18:00:00
2003,46,19,2314,51,52,33,19,8.8,8.6,-18.1,185.9,-8.1,-0.8,-2.7,0.5,-2.8,0.1,1.7,0.6,1.3,0.9,201638.0,3.7,547.0,3.8,2.5,0.044,18240.0,0.1,6.0,1.4,1.0,0.006,2.17,1.53,0.66,6.0,4.8,0.0333,27,51,-22,12,120.6,131,-63,68,0.2,0.007835,999999.99,99999.99,99999.99,99999.99,99999.99,99999.99,0,2003-02-15 19:00:00
2003,46,20,2314,51,52,62,38,8.7,8.4,4.1,172.7,-8.3,1.1,0.6,0.7,1.0,0.2,2.1,0.2,1.4,1.6,177176.0,3.8,546.0,1.7,-1.1,0.034,32934.0,0.3,6.0,1.7,1.8,0.003,2.15,-0.55,0.64,6.1,4.9,0.0318,27,51,-22,12,120.6,114,-57,57,0.5,0.007835,999999.99,99999.99,99999.99,99999.99,99999.99,99999.99,0,2003-02-15 20:00:00
2003,46,21,2314,51,52,62,35,9.1,7.8,-16.9,129.6,-4.8,5.8,-2.3,6.2,0.9,0.2,4.4,2.0,2.2,3.3,146916.0,4.0,585.0,-2.4,1.1,0.039,36093.0,0.4,21.0,1.7,2.8,0.007,2.64,-0.53,0.55,6.4,5.3,0.0288,27,51,-21,12,120.6,96,-43,53,0.2,0.007835,999999.99,99999.99,99999.99,99999.99,99999.99,99999.99,0,2003-02-15 21:00:00
2003,46,22,2314,51,52,59,35,9.1,8.8,-7.0,120.7,-4.5,7.5,-1.1,7.0,2.8,0.2,1.9,0.9,0.6,1.6,179844.0,4.2,589.0,-2.8,0.1,0.037,16892.0,0.2,9.0,0.5,1.3,0.004,2.79,-1.65,0.65,6.6,5.3,0.027,27,51,-24,12,120.6,169,-92,77,0.7,0.007835,999999.99,99999.99,99999.99,99999.99,99999.99,99999.99,0,2003-02-15 22:00:00
2003,46,23,2314,51,52,61,36,8.7,8.3,2.8,147.1,-6.9,4.5,0.4,3.7,2.6,0.1,2.3,0.7,1.2,1.8,192330.0,3.9,569.0,-1.7,-1.0,0.041,23039.0,0.2,10.0,1.1,1.8,0.004,2.45,-1.48,0.69,6.5,5.1,0.0285,27,51,-21,12,120.6,147,-101,46,0.2,0.007835,999999.99,99999.99,99999.99,99999.99,99999.99,99999.99,0,2003-02-15 23:00:00
2003,47,0,2314,51,52,26,14,8.9,8.6,-12.0,137.9,-6.2,5.6,-1.8,5.8,1.2,0.1,1.9,0.8,1.0,1.4,181575.0,4.0,578.0,-2.1,1.5,0.046,16316.0,0.2,11.0,0.9,1.5,0.004,2.64,-0.69,0.65,6.5,5.2,0.0282,27,33,-12,12,115.7,182,-115,67,0.7,0.007687,999999.99,99999.99,99999.99,99999.99,99999.99,99999.99,0,2003-02-16 00:00:00
2003,47,1,2314,71,71,15,15,8.9,8.2,17.5,170.6,-7.7,1.3,2.5,-0.1,2.8,0.1,2.6,0.5,2.3,1.0,167827.0,4.4,562.0,1.8,-2.0,9.999,7861.0,0.4,8.0,1.8,0.8,9.999,2.78,-1.57,0.68,6.6,5.2,0.0271,27,33,-15,12,115.7,185,-111,74,0.6,0.007687,999999.99,99999.99,99999.99,99999.99,99999.99,99999.99,0,2003-02-16 01:00:00
2003,47,2,2314,71,71,15,15,8.7,8.4,6.5,165.5,-8.1,2.1,1.0,1.4,1.8,0.1,1.5,0.3,1.4,0.6,139382.0,4.2,559.0,0.8,-0.3,9.999,6977.0,0.3,4.0,1.2,0.6,9.999,2.62,-1.01,0.62,6.6,5.3,0.0274,27,33,-15,12,115.7,61,-17,44,-0.4,0.007687,999999.99,99999.99,99999.99,99999.99,99999.99,99999.99,0,2003-02-16 02:00:00
2003,47,3,2314,71,71,15,15,8.8,8.0,11.8,191.1,-7.7,-1.5,1.6,-2.0,0.8,0.2,2.7,1.2,2.0,1.5,182082.0,4.5,575.0,3.9,-1.3,9.999,10949.0,0.4,14.0,1.8,1.7,9.999,2.98,-0.46,0.75,6.9,5.4,0.0248,30,33,-13,15,115.7,84,-21,63,0.2,0.007687,999999.99,99999.99,99999.99,99999.99,99999.99,99999.99,0,2003-02-16 03:00:00
2003,47,4,2314,71,71,15,15,8.9,7.0,-13.1,144.8,-5.6,3.9,-1.6,4.2,-0.1,0.2,4.7,1.8,3.7,2.2,196365.0,4.8,590.0,-0.9,2.1,9.999,10117.0,0.4,13.0,3.2,1.8,9.999,3.34,0.06,0.82,7.3,5.6,0.0226,30,33,-15,15,115.7,116,-48,67,-0.2,0.007687,999999.99,99999.99,99999.99,99999.99,99999.99,99999.99,0,2003-02-16 04:00:00
2003,47,5,2314,71,71,15,15,9.3,8.1,-11.5,152.5,-7.0,3.7,-1.6,4.0,-0.3,0.2,3.8,1.1,2.1,2.9,198540.0,4.3,575.0,-0.2,2.5,9.999,18730.0,0.4,9.0,2.1,2.3,9.999,2.84,0.17,0.68,6.4,5.1,0.0289,30,33,-17,15,115.7,201,-120,81,0.6,0.007687,999999.99,99999.99,99999.99,99999.99,99999.99,99999.99,0,2003-02-16 05:00:00
2003,47,6,2314,71,71,16,16,8.4,6.9,-6.0,130.3,-4.4,5.2,-0.7,5.2,0.7,0.3,3.7,2.3,1.7,2.4,240039.0,5.2,610.0,-0.4,0.7,9.999,14446.0,0.3,17.0,1.0,1.6,9.999,3.87,-0.43,1.13,8.3,5.9,0.0173,33,33,-20,18,115.7,269,-163,106,1.5,0.007687,999999.99,99999.99,99999.99,99999.99,99999.99,99999.99,0,2003-02-16 06:00:00
2003,47,7,2314,71,71,14,14,8.6,8.2,5.7,108.5,-2.6,7.8,0.8,7.4,2.6,0.2,1.8,1.4,0.6,1.0,215645.0,4.8,620.0,-2.1,-0.1,9.999,13706.0,0.2,9.0,0.3,0.9,9.999,3.69,-1.61,0.93,7.9,5.9,0.0191,33,33,-16,18,115.7,279,-160,119,1.8,0.007687,999999.99,99999.99,99999.99,99999.99,99999.99,99999.99,0,2003-02-16 07:00:00
2003,47,8,2314,71,71,15,15,8.1,6.6,0.2,147.6,-5.5,3.5,0.0,3.4,0.7,0.2,4.1,1.5,3.0,2.3,213073.0,5.4,601.0,0.8,0.5,9.999,14933.0,0.6,9.0,2.4,2.0,9.999,3.9,-0.42,1.17,8.6,6.1,0.016,33,33,-14,18,115.7,386,-231,155,2.4,0.007687,999999.99,99999.99,99999.99,99999.99,99999.99,99999.99,0,2003-02-16 08:00:00
2003,47,9,2314,71,71,16,16,7.7,6.0,4.3,221.0,-4.5,-3.9,0.4,-3.9,-0.3,0.5,4.2,1.7,3.4,1.8,241060.0,5.3,613.0,6.0,-0.6,9.999,31966.0,0.4,14.0,2.0,1.4,9.999,3.98,0.18,1.37,9.2,6.2,0.0142,30,33,-17,15,115.7,205,-100,105,1.0,0.007687,999999.99,99999.99,99999.99,99999.99,99999.99,99999.99,0,2003-02-16 09:00:00
2003,47,10,2314,71,71,15,15,6.6,3.1,-14.1,201.1,-2.8,-1.1,-0.8,-1.0,-1.0,0.9,5.2,2.1,3.8,2.9,299371.0,5.6,631.0,3.2,0.2,9.999,17111.0,0.5,14.0,2.0,1.8,9.999,4.46,0.63,2.29,11.3,6.6,0.0093,30,33,-16,15,115.7,295,-157,138,1.1,0.007687,999999.99,99999.99,99999.99,99999.99,99999.99,99999.99,0,2003-02-16 10:00:00
2003,47,11,2314,71,71,15,15,7.4,5.3,-11.9,166.0,-5.1,1.3,-1.1,1.5,-0.9,0.4,4.5,1.5,4.1,1.3,248049.0,5.0,618.0,1.9,0.8,9.999,17438.0,0.5,10.0,2.4,1.0,9.999,3.82,0.56,1.43,9.3,6.2,0.0136,30,33,-14,15,115.7,375,-213,161,1.1,0.007687,999999.99,99999.99,99999.99,99999.99,99999.99,99999.99,0,2003-02-16 11:00:00
2003,47,12,2314,71,71,14,14,7.8,6.3,0.0,134.3,-4.4,4.5,0.0,4.4,0.8,0.8,4.3,1.6,3.3,2.2,243947.0,4.3,621.0,0.4,0.8,9.999,29245.0,0.5,10.0,2.0,1.4,9.999,3.32,-0.5,1.09,8.3,5.9,0.0175,33,33,-10,18,115.7,470,-342,127,1.8,0.007687,999999.99,99999.99,99999.99,99999.99,99999.99,99999.99,0,2003-02-16 12:00:00
2003,47,13,2314,71,71,16,16,7.4,5.3,-7.8,206.1,-4.7,-2.3,-0.7,-2.1,-1.2,0.3,4.3,2.0,3.4,1.6,223108.0,5.0,626.0,3.5,0.6,9.999,29761.0,0.5,14.0,1.8,1.1,9.999,3.92,0.75,1.34,9.5,6.4,0.0133,33,33,-12,18,115.7,778,-647,131,2.9,0.007687,999999.99,99999.99,99999.99,99999.99,99999.99,99999.99,0,2003-02-16 13:00:00
2003,47,14,2314,71,71,15,15,7.6,5.6,30.0,185.0,-4.8,-0.4,2.8,-1.1,2.6,0.3,4.4,1.4,3.9,1.4,195809.0,5.8,625.0,2.2,-1.0,9.999,14389.0,0.6,9.0,1.8,0.8,9.999,4.53,-1.62,1.35,9.9,6.7,0.0121,33,33,-18,18,115.7,456,-375,81,1.8,0.007687,999999.99,99999.99,99999.99,99999.99,99999.99,99999.99,0,2003-02-16 14:00:00
2003,47,15,2314,71,71,14,14,7.6,6.5,23.7,125.6,-3.5,4.8,2.6,3.9,3.8,0.3,3.1,1.8,1.5,2.0,214716.0,4.5,628.0,-0.5,-0.8,9.999,14908.0,0.7,9.0,1.0,1.0,9.999,3.55,-2.39,1.11,8.8,6.3,0.0155,33,33,-19,18,115.7,179,-84,95,-0.1,0.007687,999999.99,99999.99,99999.99,99999.99,99999.99,99999.99,0,2003-02-16 15:00:00
2003,47,16,2314,71,71,16,16,7.2,6.0,-0.2,117.2,-2.7,5.3,0.0,5.0,1.7,0.3,3.1,1.7,2.0,1.7,207899.0,4.2,632.0,-1.1,0.8,9.999,11395.0,0.2,12.0,1.5,1.2,9.999,3.36,-1.07,1.13,9.0,6.4,0.0147,33,33,-15,18,115.7,140,-68,72,0.4,0.007687,999999.99,99999.99,99999.99,99999.99,99999.99,99999.99,0,2003-02-16 16:00:00
2003,47,17,2314,71,71,15,15,7.6,7.1,8.1,95.6,-0.7,7.0,1.0,6.2,3.5,0.3,2.0,1.8,0.7,0.8,200537.0,3.6,642.0,-1.8,0.0,9.999,10665.0,0.3,12.0,0.6,0.6,9.999,2.97,-2.25,0.85,8.0,6.1,0.0185,33,33,-11,18,115.7,329,-257,71,0.8,0.007687,999999.99,99999.99,99999.99,99999.99,99999.99,99999.99,0,2003-02-16 17:00:00
2003,47,18,2314,71,71,15,15,7.2,6.3,0.2,139.2,-4.8,4.1,0.0,3.7,1.7,0.2,3.0,1.6,2.0,1.6,169727.0,4.3,611.0,-0.1,0.3,9.999,14289.0,0.8,9.0,1.2,1.1,9.999,3.21,-1.04,1.03,8.8,6.4,0.0154,30,33,-9,15,115.7,169,-114,55,0.4,0.007687,999999.99,99999.99,99999.99,99999.99,99999.99,99999.99,0,2003-02-16 18:00:00
2003,47,19,2314,71,71,15,15,7.1,6.3,-9.1,143.9,-5.0,3.6,-1.0,3.7,0.7,0.2,2.5,0.7,1.2,2.0,174159.0,3.7,610.0,0.1,1.4,9.999,14448.0,0.4,7.0,1.3,1.7,9.999,2.75,-0.43,0.92,8.3,6.2,0.0174,30,33,-10,15,115.7,221,-156,64,1.1,0.007687,999999.99,99999.99,99999.99,99999.99,99999.99,99999.99,0,2003-02-16 19:00:00
2003,47,20,2314,71,71,15,15,7.0,5.2,35.1,156.5,-3.9,1.7,3.0,0.1,3.4,0.2,4.1,1.2,3.4,2.0,191633.0,4.3,619.0,1.4,-1.8,9.999,10297.0,0.4,10.0,2.5,1.5,9.999,3.3,-2.1,1.17,9.2,6.5,0.0141,30,33,-13,15,115.7,380,-312,68,0.8,0.007687,999999.99,99999.99,99999.99,99999.99,99999.99,99999.99,0,2003-02-16 20:00:00
2003,47,21,2314,51,52,56,33,6.4,4.9,16.1,252.4,-1.4,-4.5,1.4,-4.6,-1.0,0.4,3.7,2.4,1.3,2.5,238969.0,3.8,665.0,6.5,-1.8,0.042,46429.0,0.4,22.0,0.9,2.1,0.005,3.28,0.67,1.42,10.1,6.8,0.0116,40,33,-9,27,115.7,199,-130,69,1.5,0.007687,999999.99,99999.99,99999.99,99999.99,99999.99,99999.99,0,2003-02-16 21:00:00
2003,47,22,2314,51,52,60,37,6.9,6.2,-4.2,211.9,-5.3,-3.3,-0.5,-2.6,-2.1,0.3,2.6,1.3,1.3,1.8,247262.0,3.8,631.0,5.9,-0.0,0.038,35578.0,0.4,13.0,1.2,1.7,0.006,2.91,1.33,1.25,8.9,6.2,0.015,40,33,-16,27,115.7,276,-175,102,1.6,0.007687,999999.99,99999.99,99999.99,99999.99,99999.99,99999.99,0,2003-02-16 22:00:00
2003,47,23,2314,51,52,58,34,6.8,5.9,-15.5,206.1,-5.1,-2.5,-1.6,-1.3,-2.7,0.4,3.2,1.6,2.2,1.7,190430.0,3.6,619.0,5.3,1.1,0.039,30616.0,0.3,23.0,1.9,1.9,0.007,2.66,1.67,1.03,8.6,6.3,0.0159,40,33,-19,27,115.7,575,-376,200,4.0,0.007687,999999.99,99999.99,99999.99,99999.99,99999.99,99999.99,0,2003-02-16 23:00:00
2003,48,0,2314,51,52,49,29,6.8,5.2,2.2,164.7,-5.0,1.4,0.2,1.1,0.9,0.2,4.1,1.3,3.6,1.5,189665.0,3.3,612.0,1.9,-0.7,0.039,30549.0,0.5,17.0,3.7,1.7,0.007,2.39,-0.55,0.94,8.2,6.1,0.0178,33,16,-19,18,109.4,225,-81,144,1.4,0.007426,999999.99,99999.99,99999.99,99999.99,99999.99,99999.99,0,2003-02-17 00:00:00
2003,48,1,2314,71,71,16,16,7.1,5.9,6.6,123.0,-3.2,4.9,0.7,4.0,3.0,0.4,3.1,1.8,1.9,1.5,210851.0,2.8,626.0,-0.1,0.5,9.999,25426.0,0.2,16.0,1.7,1.6,9.999,2.19,-1.88,0.78,7.4,5.7,0.0219,33,16,-12,18,109.4,97,-6,91,0.4,0.007426,999999.99,99999.99,99999.99,99999.99,99999.99,99999.99,0,2003-02-17 01:00:00
2003,48,2,2314,71,71,14,14,7.1,6.3,5.6,130.1,-4.1,4.8,0.6,4.0,2.7,0.2,2.8,0.9,1.5,2.1,177219.0,2.7,613.0,-0.1,0.7,9.999,19496.0,0.3,10.0,1.6,1.9,9.999,2.03,-1.66,0.68,7.1,5.6,0.0236,33,16,-13,18,109.4,67,-13,54,0.4,0.007426,999999.99,99999.99,99999.99,99999.99,99999.99,99999.99,0,2003-02-17 02:00:00
2003,48,3,2314,71,71,15,15,7.6,7.2,18.4,137.0,-5.0,4.6,2.3,3.2,4.0,0.2,2.0,0.7,0.8,1.7,148034.0,3.0,604.0,-0.7,-0.8,9.999,9478.0,0.3,6.0,0.9,1.6,9.999,2.19,-2.42,0.6,6.9,5.6,0.0251,23,16,-16,9,109.4,41,-10,32,-0.2,0.007426,999999.99,99999.99,99999.99,99999.99,99999.99,99999.99,0,2003-02-17 03:00:00
2003,48,4,2314,71,71,15,15,7.3,6.4,-4.0,151.6,-5.6,3.0,-0.4,2.9,0.7,0.1,2.7,0.9,2.0,1.6,163691.0,2.8,600.0,0.2,1.2,9.999,15859.0,0.3,11.0,2.0,1.9,9.999,2.02,-0.42,0.64,6.9,5.5,0.0252,23,16,-17,9,109.4,122,-47,75,0.5,0.007426,999999.99,99999.99,99999.99,99999.99,99999.99,99999.99,0,2003-02-17 04:00:00
2003,48,5,2314,71,71,15,15,7.4,6.6,5.2,134.0,-4.6,4.7,0.6,4.3,2.1,0.1,2.6,1.2,1.6,1.7,146194.0,2.6,610.0,-2.1,-0.1,9.999,10264.0,0.2,15.0,1.3,2.1,9.999,1.93,-1.28,0.54,6.6,5.5,0.0269,23,16,-17,9,109.4,191,-108,83,0.6,0.007426,999999.99,99999.99,99999.99,99999.99,99999.99,99999.99,0,2003-02-17 05:00:00
2003,48,6,2314,71,71,15,15,7.4,6.7,7.3,152.6,-5.9,3.0,0.8,2.7,1.6,0.1,2.4,0.6,1.9,1.3,134985.0,2.7,594.0,-0.7,-0.3,9.999,13204.0,0.2,7.0,2.2,1.5,9.999,1.91,-0.95,0.54,6.6,5.4,0.0273,27,16,-16,12,109.4,139,-70,69,0.6,0.007426,999999.99,99999.99,99999.99,99999.99,99999.99,99999.99,0,2003-02-17 06:00:00
2003,48,7,2314,71,71,16,16,6.7,5.8,-5.7,137.1,-4.2,3.9,-0.6,3.9,0.3,0.4,2.9,0.9,1.6,2.2,184343.0,3.3,626.0,-0.6,0.8,9.999,37071.0,0.4,14.0,1.8,1.7,9.999,2.59,-0.19,0.96,8.5,6.3,0.0165,27,16,-13,12,109.4,143,-31,112,1.1,0.007426,999999.99,99999.99,99999.99,99999.99,99999.99,99999.99,0,2003-02-17 07:00:00
2003,48,8,2314,71,71,15,15,6.3,4.3,23.8,143.7,-3.2,2.4,1.8,2.0,2.2,0.2,3.8,1.9,2.4,2.3,224357.0,3.8,639.0,1.1,-1.3,9.999,19454.0,0.4,15.0,1.9,1.7,9.999,3.1,-1.41,1.4,9.9,6.6,0.0122,27,16,-13,12,109.4,144,-64,81,0.5,0.007426,999999.99,99999.99,99999.99,99999.99,99999.99,99999.99,0,2003-02-17 08:00:00
2003,48,9,2314,71,71,15,15,6.5,5.4,-12.4,128.2,-3.3,4.1,-1.2,4.2,-0.4,0.2,3.0,1.0,1.2,2.6,196577.0,3.5,636.0,-0.3,1.4,9.999,11829.0,0.3,6.0,1.0,2.1,9.999,2.83,0.25,1.12,9.2,6.5,0.0142,33,16,-12,18,109.4,238,-128,110,1.1,0.007426,999999.99,99999.99,99999.99,99999.99,99999.99,99999.99,0,2003-02-17 09:00:00
2003,48,10,2314,71,71,14,14,6.4,5.3,3.1,138.5,-3.9,3.5,0.3,3.4,0.9,0.2,2.9,1.7,2.0,1.3,180705.0,3.5,629.0,-0.3,-0.0,9.999,13157.0,0.4,14.0,1.9,1.2,9.999,2.77,-0.57,1.1,9.2,6.6,0.0141,33,16,-16,18,109.4,379,-279,100,2.3,0.007426,999999.99,99999.99,99999.99,99999.99,99999.99,99999.99,0,2003-02-17 10:00:00
2003,48,11,2314,71,71,15,15,6.5,5.2,11.8,181.9,-5.1,-0.2,1.1,-0.4,1.0,0.1,3.2,0.6,2.6,1.8,157711.0,4.0,618.0,2.5,-1.3,9.999,6569.0,0.4,4.0,2.2,1.6,9.999,3.06,-0.62,1.13,9.5,6.8,0.0132,33,16,-15,18,109.4,373,-253,120,2.0,0.007426,999999.99,99999.99,99999.99,99999.99,99999.99,99999.99,0,2003-02-17 11:00:00
2003,48,12,2314,71,71,16,16,6.7,5.4,-12.8,138.8,-4.0,3.5,-1.2,3.7,-0.5,0.3,3.1,1.7,2.1,1.6,158980.0,3.5,625.0,-1.1,1.1,9.999,13422.0,0.2,13.0,1.9,1.4,9.999,2.73,0.31,0.93,8.7,6.5,0.0156,27,16,-11,12,109.4,246,-134,112,1.6,0.007426,999999.99,99999.99,99999.99,99999.99,99999.99,99999.99,0,2003-02-17 12:00:00
2003,48,13,2314,71,71,15,15,6.7,5.4,8.6,113.7,-2.1,4.9,0.8,4.6,1.8,0.1,3.2,1.4,1.3,2.6,161615.0,3.5,636.0,-2.7,-0.5,9.999,9302.0,0.3,10.0,1.0,2.1,9.999,2.83,-1.14,0.94,8.9,6.6,0.0151,27,16,-3,12,109.4,317,-263,53,0.9,0.007426,999999.99,99999.99,99999.99,99999.99,99999.99,99999.99,0,2003-02-17 13:00:00
2003,48,14,2314,71,71,14,14,6.7,5.6,-13.5,137.8,-4.0,3.6,-1.3,3.8,-0.4,0.2,2.5,0.9,1.0,2.1,158036.0,3.6,616.0,-1.6,1.3,9.999,17623.0,0.3,8.0,1.0,1.9,9.999,2.73,0.25,0.96,8.7,6.5,0.0156,27,16,-6,12,109.4,357,-288,69,1.7,0.007426,999999.99,99999.99,99999.99,99999.99,99999.99,99999.99,0,2003-02-17 14:00:00
2003,48,15,2314,71,71,15,15,6.9,5.9,21.1,153.2,-4.9,2.5,2.1,1.8,2.7,0.0,3.1,1.4,2.3,1.4,161143.0,3.9,606.0,-0.8,-1.8,9.999,11545.0,0.4,13.0,2.0,1.4,9.999,2.86,-1.64,0.99,8.7,6.4,0.0158,23,16,-11,9,109.4,300,-254,46,0.4,0.007426,999999.99,99999.99,99999.99,99999.99,99999.99,99999.99,0,2003-02-17 15:00:00
2003,48,16,2314,71,71,15,15,7.0,5.9,-7.3,133.8,-4.0,4.2,-0.7,4.2,0.7,0.1,2.9,1.9,1.8,1.3,159275.0,3.6,607.0,-2.4,1.2,9.999,11924.0,0.2,15.0,1.8,1.2,9.999,2.65,-0.42,0.88,8.2,6.2,0.0176,23,16,-11,9,109.4,193,-148,44,0.9,0.007426,999999.99,99999.99,99999.99,99999.99,99999.99,99999.99,0,2003-02-17 16:00:00
2003,48,17,2314,71,71,15,15,7.0,5.4,2.9,141.9,-4.2,3.3,0.3,3.0,1.5,0.1,3.9,1.7,2.6,2.4,169304.0,3.4,600.0,-1.5,0.6,9.999,9085.0,0.3,16.0,2.7,2.0,9.999,2.45,-0.9,0.86,7.9,6.0,0.019,23,16,-12,9,109.4,272,-183,89,0.6,0.007426,999999.99,99999.99,99999.99,99999.99,99999.99,99999.99,0,2003-02-17 17:00:00
2003,48,18,2314,71,71,16,16,7.3,6.6,15.5,101.5,-1.3,6.3,1.8,5.0,4.2,0.1,2.5,1.5,0.6,1.9,168382.0,3.4,624.0,-3.5,-0.1,9.999,11235.0,0.2,13.0,0.7,1.6,9.999,2.65,-2.62,0.79,7.9,6.1,0.0192,17,16,-8,6,109.4,152,-102,50,-0.1,0.007426,999999.99,99999.99,99999.99,99999.99,99999.99,99999.99,0,2003-02-17 18:00:00
2003,48,19,2314,71,71,14,14,6.6,5.3,9.4,125.7,-3.1,4.3,0.9,3.4,2.7,0.6,3.0,1.4,1.6,2.1,211511.0,3.9,608.0,-1.5,0.7,9.999,24392.0,0.3,11.0,1.2,1.4,9.999,2.88,-1.64,1.27,9.1,6.3,0.0144,17,16,-5,6,109.4,90,-47,44,0.6,0.007426,999999.99,99999.99,99999.99,99999.99,99999.99,99999.99,0,2003-02-17 19:00:00
2003,48,20,2314,71,71,15,15,6.3,5.0,21.9,97.8,-0.6,4.6,1.8,3.2,3.8,0.3,3.4,1.4,1.9,2.4,212584.0,3.8,624.0,-1.2,-0.1,9.999,14343.0,0.2,10.0,1.4,2.0,9.999,2.96,-2.37,1.36,9.7,6.5,0.0128,17,16,-8,6,109.4,94,-37,57,0.4,0.007426,999999.99,99999.99,99999.99,99999.99,99999.99,99999.99,0,2003-02-17 20:00:00
2003,48,21,2314,71,71,15,15,7.2,6.3,3.3,108.4,-2.0,6.0,0.4,5.0,3.3,0.2,2.8,1.4,0.9,2.2,201031.0,3.9,613.0,-2.5,0.9,9.999,11206.0,0.2,9.0,0.7,1.5,9.999,2.93,-2.02,1.03,8.4,6.1,0.0168,27,16,-11,12,109.4,69,-22,47,0.1,0.007426,999999.99,99999.99,99999.99,99999.99,99999.99,99999.99,0,2003-02-17 21:00:00
2003,48,22,2314,71,71,15,15,9.0,8.3,-10.5,108.4,-2.6,7.7,-1.5,7.4,2.6,1.8,3.2,1.9,2.0,1.6,217765.0,4.8,619.0,-3.2,0.5,9.999,33982.0,0.8,19.0,1.1,2.5,9.999,3.68,-1.61,0.85,7.5,5.7,0.021,27,16,-7,12,109.4,210,-156,54,1.4,0.007426,999999.99,99999.99,99999.99,99999.99,99999.99,99999.99,0,2003-02-17 22:00:00
2003,48,23,2314,71,71,16,16,11.6,8.6,-0.1,135.6,-6.2,6.0,0.0,5.1,3.1,2.0,6.4,2.4,5.2,2.9,289223.0,6.3,624.0,-1.6,-1.0,9.999,49383.0,1.3,24.0,2.6,2.0,9.999,4.91,-1.93,0.81,6.8,5.2,0.0261,27,16,2,12,109.4,145,-83,62,0.8,0.007426,999999.99,99999.99,99999.99,99999.99,99999.99,99999.99,0,2003-02-17 23:00:00
2003,49,0,2314,71,71,16,16,15.6,14.6,18.4,102.3,-2.9,13.5,4.6,9.3,10.8,0.6,4.1,1.6,1.6,3.3,398554.0,6.0,680.0,-4.7,-1.9,9.999,29906.0,0.5,13.0,0.5,1.8,9.999,5.55,-7.34,0.54,5.3,4.4,0.0417,23,33,10,9,107.4,90,-43,47,0.4,0.007433,999999.99,99999.99,99999.99,99999.99,99999.99,99999.99,0,2003-02-18 00:00:00
2003,49,1,2314,71,71,14,14,13.8,12.1,16.4,114.3,-4.8,10.6,3.4,7.6,8.1,0.5,5.4,3.3,3.7,2.2,449421.0,6.6,663.0,-4.8,-1.2,9.999,59400.0,0.7,20.0,1.3,0.8,9.999,5.8,-5.37,0.83,6.2,4.7,0.0312,23,33,14,9,107.4,77,-34,42,0.6,0.007433,999999.99,99999.99,99999.99,99999.99,99999.99,99999.99,0,2003-02-18 01:00:00
2003,49,2,2314,71,71,15,15,12.2,9.9,5.3,133.3,-6.8,7.2,0.9,6.0,4.1,0.5,5.3,2.8,1.9,4.1,421891.0,7.2,653.0,-4.8,-0.3,9.999,36926.0,0.7,15.0,1.1,2.1,9.999,6.14,-2.68,1.11,7.2,5.1,0.0231,23,33,14,9,107.4,110,-51,59,0.6,0.007433,999999.99,99999.99,99999.99,99999.99,99999.99,99999.99,0,2003-02-18 02:00:00
2003,49,3,2314,71,71,15,15,12.4,10.1,5.3,124.4,-5.7,8.3,0.9,7.2,4.3,0.2,5.7,1.2,1.6,5.4,385715.0,6.2,649.0,-6.2,-0.1,9.999,17581.0,0.4,8.0,1.1,2.8,9.999,5.22,-2.79,0.86,6.5,4.9,0.028,53,33,10,56,107.4,286,-197,89,1.1,0.007433,999999.99,99999.99,99999.99,99999.99,99999.99,99999.99,0,2003-02-18 03:00:00
2003,49,4,2314,71,71,16,16,14.0,12.4,69.0,159.2,-4.1,1.6,11.6,-2.8,11.4,1.6,6.2,1.9,4.8,3.5,265250.0,4.7,670.0,-3.0,-1.9,9.999,115249.0,1.3,22.0,2.3,2.6,9.999,4.22,-7.64,0.39,5.2,4.5,0.0442,53,33,6,56,107.4,197,-131,67,0.5,0.007433,999999.99,99999.99,99999.99,99999.99,99999.99,99999.99,0,2003-02-18 04:00:00
2003,49,5,2314,71,71,15,15,13.5,13.1,62.2,262.6,-0.8,-6.1,11.6,-9.5,9.0,1.0,2.9,1.2,2.4,1.1,75776.0,5.3,697.0,1.9,0.1,9.999,11490.0,1.9,1.0,0.7,1.5,9.999,5.15,-6.27,0.25,5.9,5.4,0.0337,53,33,16,56,107.4,169,-64,105,-1.2,0.007433,999999.99,99999.99,99999.99,99999.99,99999.99,99999.99,0,2003-02-18 05:00:00
2003,49,6,2314,71,71,14,14,10.2,9.9,77.9,242.0,-1.0,-1.8,9.7,-4.4,8.8,0.6,2.1,1.2,1.7,0.5,57881.0,7.0,689.0,1.2,1.3,9.999,11458.0,1.4,4.0,0.4,1.1,9.999,6.65,-6.06,0.52,8.9,7.4,0.0149,40,33,26,27,107.4,132,-18,113,-1.2,0.007433,999999.99,99999.99,99999.99,99999.99,99999.99,99999.99,0,2003-02-18 06:00:00
2003,49,7,2314,71,71,15,15,9.2,8.2,70.9,290.8,1.0,-2.5,7.7,-4.3,6.9,0.9,4.1,1.9,3.1,1.8,40360.0,5.3,677.0,0.6,0.7,9.999,7567.0,0.7,7.0,0.3,0.5,9.999,4.86,-4.67,0.44,8.5,7.2,0.0166,40,33,11,27,107.4,96,-18,77,-0.5,0.007433,999999.99,99999.99,99999.99,99999.99,99999.99,99999.99,0,2003-02-18 07:00:00
2003,49,8,2314,71,71,16,16,6.3,4.0,52.4,168.4,-2.4,0.5,3.2,-0.2,3.2,0.4,4.8,3.5,2.2,2.3,53963.0,3.6,685.0,0.6,1.9,9.999,22630.0,1.2,14.0,0.4,0.7,9.999,3.38,-2.19,0.69,10.3,8.2,0.0112,40,33,7,27,107.4,110,-14,96,-0.3,0.007433,999999.99,99999.99,99999.99,99999.99,99999.99,99999.99,0,2003-02-18 08:00:00
2003,49,9,2314,71,71,14,14,6.0,6.0,7.0,189.4,-5.9,-1.0,0.7,-1.1,0.5,0.2,0.4,0.2,0.3,0.1,55893.0,2.5,696.0,0.1,1.9,9.999,17262.0,0.6,3.0,0.1,0.1,9.999,2.42,-0.35,0.53,9.2,7.6,0.0141,33,33,-5,18,107.4,271,-136,135,0.5,0.007433,999999.99,99999.99,99999.99,99999.99,99999.99,99999.99,0,2003-02-18 09:00:00
2003,49,10,2314,71,71,15,15,5.9,5.9,11.0,185.7,-5.8,-0.6,1.1,-0.8,1.0,0.1,0.4,0.1,0.3,0.2,47100.0,2.6,687.0,0.0,1.8,9.999,8625.0,0.1,1.0,0.2,0.1,9.999,2.45,-0.69,0.55,9.4,7.7,0.0135,33,33,-17,18,107.4,307,-185,122,0.5,0.007433,999999.99,99999.99,99999.99,99999.99,99999.99,99999.99,0,2003-02-18 10:00:00
2003,49,11,2314,71,71,15,15,6.1,6.1,19.6,191.3,-5.6,-1.1,2.0,-1.4,1.8,0.1,0.8,0.2,0.4,0.7,21654.0,2.2,680.0,-0.0,1.9,9.999,4505.0,0.3,2.0,0.1,0.1,9.999,2.03,-1.22,0.37,8.3,7.2,0.0174,33,33,-14,18,107.4,597,-494,103,1.7,0.007433,999999.99,99999.99,99999.99,99999.99,99999.99,99999.99,0,2003-02-18 11:00:00
2003,49,12,2314,71,71,15,15,6.1,6.1,24.6,191.8,-5.4,-1.1,2.5,-1.6,2.2,0.1,0.5,0.2,0.2,0.4,20222.0,2.5,671.0,0.1,1.8,9.999,3375.0,0.4,3.0,0.2,0.1,9.999,2.25,-1.48,0.42,8.7,7.5,0.0157,30,33,-11,15,107.4,158,-107,51,0.2,0.007433,999999.99,99999.99,99999.99,99999.99,99999.99,99999.99,0,2003-02-18 12:00:00
2003,49,13,2314,71,71,15,15,6.2,6.2,19.1,187.1,-5.8,-0.7,2.0,-1.1,1.8,0.1,0.2,0.1,0.2,0.2,19704.0,2.5,659.0,0.0,1.9,9.999,2750.0,0.1,2.0,0.1,0.1,9.999,2.17,-1.19,0.4,8.4,7.2,0.0168,30,33,-6,15,107.4,255,-217,38,0.3,0.007433,999999.99,99999.99,99999.99,99999.99,99999.99,99999.99,0,2003-02-18 13:00:00
2003,49,14,2314,71,71,15,15,6.4,6.3,22.9,188.9,-5.8,-0.9,2.5,-1.5,2.2,0.0,0.4,0.1,0.1,0.3,14257.0,2.6,651.0,0.0,1.9,9.999,764.0,0.3,3.0,0.2,0.2,9.999,2.2,-1.43,0.38,8.2,7.1,0.0177,30,33,-4,15,107.4,361,-303,58,0.5,0.007433,999999.99,99999.99,99999.99,99999.99,99999.99,99999.99,0,2003-02-18 14:00:00
2003,49,15,2314,71,71,15,15,6.4,6.4,23.9,190.3,-5.8,-1.0,2.6,-1.7,2.2,0.1,0.3,0.1,0.1,0.3,11516.0,2.9,642.0,-0.0,1.7,9.999,884.0,0.2,1.0,0.2,0.1,9.999,2.39,-1.41,0.41,8.5,7.3,0.0163,23,33,-9,9,107.4,224,-156,67,0.4,0.007433,999999.99,99999.99,99999.99,99999.99,99999.99,99999.99,0,2003-02-18 15:00:00
2003,49,16,2314,71,71,15,15,6.6,6.6,27.2,188.3,-5.8,-0.8,3.0,-1.7,2.6,0.1,0.2,0.1,0.1,0.2,11735.0,3.0,634.0,-0.1,1.6,9.999,788.0,0.2,2.0,0.2,0.2,9.999,2.41,-1.65,0.4,8.3,7.2,0.0172,23,33,-11,9,107.4,263,-186,77,0.5,0.007433,999999.99,99999.99,99999.99,99999.99,99999.99,99999.99,0,2003-02-18 16:00:00
2003,49,17,2314,51,52,25,10,6.6,6.6,24.9,185.6,-5.9,-0.6,2.8,-1.6,2.4,0.1,0.5,0.2,0.5,0.2,7101.0,6.9,631.0,0.8,-0.8,0.084,386.0,0.4,2.0,0.3,0.2,0.007,6.13,-1.51,0.89,12.6,9.4,0.0075,23,33,-13,9,107.4,128,-50,78,0.5,0.007433,999999.99,99999.99,99999.99,99999.99,99999.99,99999.99,0,2003-02-18 17:00:00
2003,49,18,2314,51,52,60,29,6.8,6.8,33.2,192.6,-5.5,-1.2,3.7,-2.6,2.9,0.1,0.6,0.2,0.5,0.3,9046.0,6.7,627.0,1.2,-1.1,0.086,12045.0,1.8,3.0,0.6,0.4,0.005,5.91,-1.82,0.83,11.9,9.1,0.0084,23,33,-7,9,107.4,151,-65,86,0.7,0.007433,999999.99,99999.99,99999.99,99999.99,99999.99,99999.99,0,2003-02-18 18:00:00
2003,49,19,2314,51,52,59,36,6.7,6.5,30.7,184.8,-5.6,-0.5,3.3,-1.9,2.7,0.1,1.6,0.4,1.1,1.0,7708.0,7.3,618.0,0.8,-0.7,0.084,1133.0,0.6,4.0,0.5,0.5,0.008,6.22,-1.67,0.92,12.5,9.3,0.0077,23,33,0,9,107.4,149,-89,59,0.8,0.007433,999999.99,99999.99,99999.99,99999.99,99999.99,99999.99,0,2003-02-18 19:00:00
2003,49,20,2314,51,52,60,35,6.7,6.3,30.8,174.8,-5.4,0.5,3.2,-1.1,3.0,0.1,2.0,0.4,1.8,0.8,7922.0,7.0,611.0,0.3,-1.0,0.084,1017.0,0.6,4.0,0.9,0.5,0.004,5.83,-1.83,0.88,12.1,9.1,0.0082,23,33,-3,9,107.4,105,-45,61,0.5,0.007433,999999.99,99999.99,99999.99,99999.99,99999.99,99999.99,0,2003-02-18 20:00:00
2003,49,21,2314,51,52,59,31,6.7,6.4,25.0,183.7,-5.8,-0.4,2.7,-1.7,2.1,0.1,1.7,0.6,0.7,1.4,7984.0,6.9,600.0,0.9,-0.8,0.085,931.0,0.4,5.0,0.4,0.8,0.005,5.56,-1.26,0.87,11.8,8.9,0.0086,40,33,-11,27,107.4,155,-72,84,0.9,0.007433,999999.99,99999.99,99999.99,99999.99,99999.99,99999.99,0,2003-02-18 21:00:00
2003,49,22,2314,51,52,60,33,6.7,6.5,6.3,194.4,-6.3,-1.6,0.7,-1.7,-0.2,0.1,1.1,0.2,0.9,0.7,9316.0,6.3,592.0,1.4,0.2,0.085,2044.0,0.3,4.0,0.5,0.4,0.005,4.94,0.12,0.8,11.1,8.5,0.0097,40,33,-14,27,107.4,499,-383,117,1.9,0.007433,999999.99,99999.99,99999.99,99999.99,99999.99,99999.99,0,2003-02-18 22:00:00
2003,49,23,2314,51,52,59,31,6.7,6.3,16.5,175.1,-6.1,0.5,1.8,-0.5,1.8,0.1,2.0,0.7,1.6,1.0,8954.0,6.0,585.0,0.3,-0.6,0.087,2008.0,0.4,7.0,1.0,0.6,0.008,4.62,-1.05,0.76,10.7,8.3,0.0104,40,33,-16,27,107.4,321,-229,91,0.7,0.007433,999999.99,99999.99,99999.99,99999.99,99999.99,99999.99,0,2003-02-18 23:00:00
2003,50,0,2314,51,52,59,30,6.5,6.5,14.5,184.3,-6.2,-0.5,1.6,-1.2,1.1,0.1,0.9,0.2,0.8,0.5,18697.0,5.1,574.0,0.8,-0.8,0.072,32456.0,2.0,2.0,0.5,0.5,0.015,3.61,-0.63,0.74,10.0,7.8,0.012,23,54,-12,9,113.6,179,-100,78,0.4,0.007378,999999.99,99999.99,99999.99,99999.99,99999.99,99999.99,0,2003-02-19 00:00:00
2003,50,1,2314,51,52,61,32,6.4,6.3,24.8,184.2,-5.7,-0.4,2.6,-1.6,2.1,0.1,1.4,0.4,1.3,0.5,12042.0,5.4,572.0,0.7,-1.3,0.084,18957.0,1.2,3.0,1.0,0.4,0.006,3.94,-1.2,0.77,10.4,8.0,0.011,23,54,-8,9,113.6,96,-37,59,-0.2,0.007378,999999.99,99999.99,99999.99,99999.99,99999.99,99999.99,0,2003-02-19 01:00:00
2003,50,2,2314,51,52,60,34,6.4,5.7,21.2,169.2,-5.2,1.0,2.1,-0.1,2.3,0.1,2.7,0.7,2.3,1.2,16606.0,5.7,569.0,0.3,-1.0,0.092,6969.0,0.8,5.0,1.6,0.7,0.025,4.22,-1.31,0.84,10.6,8.1,0.0106,23,54,-4,9,113.6,103,-22,81,-0.2,0.007378,999999.99,99999.99,99999.99,99999.99,99999.99,99999.99,0,2003-02-19 02:00:00
2003,50,3,2314,51,52,59,36,6.2,5.7,25.1,130.6,-3.3,3.9,2.4,2.5,3.8,0.1,2.3,0.9,1.4,1.5,16630.0,6.1,575.0,-1.5,-1.5,0.091,3131.0,0.5,6.0,1.1,1.2,0.016,4.59,-2.19,0.96,11.5,8.5,0.0091,27,54,-3,12,113.6,114,-20,94,-0.2,0.007378,999999.99,99999.99,99999.99,99999.99,99999.99,99999.99,0,2003-02-19 03:00:00
2003,50,4,2314,51,52,59,30,5.9,5.0,44.3,153.4,-3.2,1.6,3.5,0.2,3.8,0.2,2.9,1.6,2.0,1.4,23113.0,6.1,568.0,0.1,-2.3,0.105,6300.0,0.3,11.0,1.3,0.7,0.012,4.67,-2.16,1.1,11.9,8.5,0.0084,27,54,0,12,113.6,221,-125,96,-0.3,0.007378,999999.99,99999.99,99999.99,99999.99,99999.99,99999.99,0,2003-02-19 04:00:00
2003,50,5,2314,51,52,60,34,5.9,5.6,9.3,197.3,-5.2,-1.6,0.9,-1.8,0.3,0.2,1.9,0.5,1.4,1.2,26246.0,5.7,551.0,1.7,-0.8,0.116,5882.0,0.5,4.0,0.8,0.8,0.012,4.23,-0.17,1.05,11.1,8.1,0.0096,27,54,2,12,113.6,193,-90,103,0.0,0.007378,999999.99,99999.99,99999.99,99999.99,99999.99,99999.99,0,2003-02-19 05:00:00
2003,50,6,2314,51,52,59,35,6.0,5.9,12.3,210.3,-4.9,-2.9,1.2,-3.1,0.3,0.1,1.2,0.4,0.6,0.9,24571.0,5.6,547.0,2.4,-1.0,0.13,2281.0,0.4,3.0,0.4,0.7,0.012,4.25,-0.16,0.99,10.8,7.9,0.0102,20,54,-1,7,113.6,326,-213,113,0.6,0.007378,999999.99,99999.99,99999.99,99999.99,99999.99,99999.99,0,2003-02-19 06:00:00
2003,50,7,2314,51,52,60,30,6.0,5.4,30.9,138.6,-3.5,3.1,2.8,2.3,3.5,0.1,2.5,1.3,2.0,0.9,313698.0,6.2,550.0,-1.4,-1.7,0.132,1535969.0,1.1,8.0,1.4,1.8,0.011,4.79,-1.93,3.17,11.4,5.9,0.0091,20,54,-1,7,113.6,98,-27,71,-0.2,0.007378,999999.99,99999.99,99999.99,99999.99,99999.99,99999.99,0,2003-02-19 07:00:00
2003,50,8,2314,51,52,60,26,5.9,5.4,28.0,212.5,-4.1,-2.6,2.6,-3.1,2.0,0.0,2.1,0.8,1.8,0.8,30371.0,5.6,541.0,1.5,-2.4,0.155,3925.0,0.2,4.0,1.1,0.7,0.013,4.43,-1.08,1.06,10.8,7.8,0.0101,20,54,1,7,113.6,93,-15,77,-0.2,0.007378,999999.99,99999.99,99999.99,99999.99,99999.99,99999.99,0,2003-02-19 08:00:00
2003,50,9,2314,51,52,60,29,5.9,5.4,37.9,193.2,-4.2,-1.0,3.3,-1.6,3.1,0.1,2.1,0.7,1.6,1.2,68347.0,4.9,535.0,0.9,-2.3,0.151,134048.0,1.1,4.0,1.0,1.6,0.038,3.76,-1.66,1.15,10.0,7.1,0.0118,20,54,1,7,113.6,180,-93,87,-0.2,0.007378,999999.99,99999.99,99999.99,99999.99,99999.99,99999.99,0,2003-02-19 09:00:00
2003,50,10,2314,51,52,59,26,6.1,5.6,29.1,232.0,-3.0,-3.9,2.7,-4.3,2.0,0.1,2.1,1.0,1.3,1.3,56366.0,4.7,537.0,1.9,-1.8,0.173,81077.0,1.4,6.0,1.1,1.2,0.037,3.83,-1.07,0.97,9.5,7.0,0.0131,20,54,0,7,113.6,118,-39,78,-0.2,0.007378,999999.99,99999.99,99999.99,99999.99,99999.99,99999.99,0,2003-02-19 10:00:00
2003,50,11,2314,51,52,60,31,5.9,5.3,24.6,207.5,-4.3,-2.2,2.2,-2.6,1.8,0.1,2.4,1.0,2.1,0.6,94920.0,4.5,524.0,1.0,-2.0,0.179,154057.0,1.1,6.0,1.6,1.1,0.055,3.54,-0.94,1.2,9.4,6.6,0.0134,20,54,-3,7,113.6,123,-47,76,0.0,0.007378,999999.99,99999.99,99999.99,99999.99,99999.99,99999.99,0,2003-02-19 11:00:00
2003,50,12,2314,51,52,60,36,5.9,5.4,5.0,178.6,-5.4,0.1,0.5,0.0,0.5,0.1,2.3,0.7,1.4,1.7,66199.0,4.4,521.0,0.3,-0.6,0.235,15004.0,0.5,6.0,1.0,1.2,0.033,3.87,-0.26,1.02,9.3,6.7,0.0139,33,54,-6,18,113.6,363,-266,98,0.5,0.007378,999999.99,99999.99,99999.99,99999.99,99999.99,99999.99,0,2003-02-19 12:00:00
2003,50,13,2314,51,52,60,35,6.3,5.6,28.9,188.5,-4.8,-0.7,2.7,-1.3,2.5,0.2,2.7,0.5,2.2,1.5,66596.0,5.2,523.0,0.7,-2.2,0.235,8894.0,0.4,3.0,1.2,1.0,0.021,4.61,-1.31,1.06,9.5,6.8,0.0133,33,54,-2,18,113.6,217,-170,46,0.8,0.007378,999999.99,99999.99,99999.99,99999.99,99999.99,99999.99,0,2003-02-19 13:00:00
2003,50,14,2314,51,52,60,34,7.0,5.9,9.5,173.9,-5.8,0.6,1.0,0.3,1.1,0.6,3.6,0.7,3.0,1.9,79013.0,5.3,523.0,-0.3,-1.1,0.248,15911.0,0.7,4.0,1.8,0.9,0.032,4.82,-0.58,0.93,8.6,6.4,0.0161,33,54,-2,18,113.6,294,-231,62,0.7,0.007378,999999.99,99999.99,99999.99,99999.99,99999.99,99999.99,0,2003-02-19 14:00:00
2003,50,15,2314,51,52,61,37,8.3,6.6,-10.6,150.8,-5.7,3.2,-1.2,3.4,-0.2,0.3,4.4,2.0,3.0,2.5,89331.0,6.5,529.0,-1.3,-0.1,0.221,23196.0,1.2,11.0,2.0,1.3,0.046,5.72,0.11,0.85,8.1,6.2,0.018,30,54,0,15,113.6,492,-426,66,1.5,0.007378,999999.99,99999.99,99999.99,99999.99,99999.99,99999.99,0,2003-02-19 15:00:00
2003,50,16,2314,51,52,60,36,8.4,6.5,26.0,143.6,-4.7,3.5,2.9,2.3,3.9,0.6,5.0,1.1,3.3,3.6,120201.0,7.9,542.0,-1.2,-1.8,0.129,16599.0,1.1,7.0,1.8,1.9,0.047,5.88,-2.11,1.16,9.1,6.4,0.0145,30,54,1,15,113.6,249,-187,62,0.6,0.007378,999999.99,99999.99,99999.99,99999.99,99999.99,99999.99,0,2003-02-19 16:00:00
2003,50,17,2314,51,52,62,38,7.2,6.3,40.4,186.3,-4.8,-0.5,4.1,-2.0,3.6,0.8,3.2,1.8,2.1,1.7,146351.0,9.3,546.0,0.8,-1.9,0.088,17608.0,0.7,6.0,1.1,1.0,0.01,6.26,-1.97,2.05,11.6,6.9,0.0089,30,54,4,15,113.6,138,-86,52,0.0,0.007378,999999.99,99999.99,99999.99,99999.99,99999.99,99999.99,0,2003-02-19 17:00:00
2003,50,18,2314,51,52,59,36,6.1,3.8,67.9,165.0,-1.4,0.4,3.5,-1.1,3.3,0.8,4.7,1.1,3.5,3.0,174828.0,10.8,556.0,-0.1,-1.8,0.062,16871.0,0.9,5.0,1.5,1.5,0.01,6.96,-1.83,3.66,15.0,7.3,0.0053,23,54,6,9,113.6,161,-88,73,0.9,0.007378,999999.99,99999.99,99999.99,99999.99,99999.99,99999.99,0,2003-02-19 18:00:00
2003,50,19,2314,51,52,59,36,5.5,4.4,9.4,99.9,-0.8,4.3,0.7,3.5,2.6,1.3,3.3,1.6,2.0,2.1,210545.0,10.0,555.0,-1.6,0.4,0.049,27074.0,0.5,6.0,0.8,0.7,0.005,6.15,-1.44,4.66,16.0,7.1,0.0047,23,54,3,9,113.6,126,-39,87,0.8,0.007378,999999.99,99999.99,99999.99,99999.99,99999.99,99999.99,0,2003-02-19 19:00:00
2003,50,20,2314,51,52,60,37,4.9,3.7,-33.5,176.4,-3.1,0.2,-2.1,1.2,-1.7,1.1,3.3,1.1,2.0,2.4,234722.0,9.9,545.0,0.1,1.5,0.046,16623.0,0.5,2.0,0.7,0.6,0.007,5.81,0.93,6.23,17.5,6.9,0.0039,23,54,0,9,113.6,229,-135,94,1.4,0.007378,999999.99,99999.99,99999.99,99999.99,99999.99,99999.99,0,2003-02-19 20:00:00
2003,50,21,2314,51,52,59,37,5.2,3.6,-47.9,211.2,-2.1,-1.3,-2.7,0.2,-3.0,0.7,3.6,1.5,2.8,1.7,233445.0,8.3,540.0,1.3,1.3,0.039,26658.0,1.2,7.0,0.7,0.6,0.006,4.67,1.62,4.62,15.0,6.7,0.0053,40,54,-13,27,113.6,321,-196,125,2.1,0.007378,999999.99,99999.99,99999.99,99999.99,99999.99,99999.99,0,2003-02-19 21:00:00
2003,50,22,2314,51,52,62,36,4.6,3.1,10.6,138.3,-2.3,2.0,0.6,1.4,1.5,1.0,3.3,1.7,2.1,1.9,315238.0,6.9,551.0,1.8,-1.2,0.038,27175.0,0.4,10.0,1.2,0.9,0.005,4.03,-0.83,6.02,15.7,6.3,0.0048,40,54,-20,27,113.6,346,-253,93,1.9,0.007378,999999.99,99999.99,99999.99,99999.99,99999.99,99999.99,0,2003-02-19 22:00:00
2003,50,23,2314,51,52,59,37,6.6,6.0,-5.0,111.6,-2.2,5.6,-0.5,5.0,2.5,0.5,2.6,1.5,1.0,1.8,259920.0,6.4,550.0,-0.5,-0.9,0.037,31609.0,0.4,8.0,0.9,1.2,0.003,3.71,-1.38,2.37,10.5,6.0,0.0107,40,54,-13,27,113.6,203,-123,80,0.6,0.007378,999999.99,99999.99,99999.99,99999.99,99999.99,99999.99,0,2003-02-19 23:00:00
2003,51,0,2314,51,52,59,34,7.5,5.6,7.4,124.5,-3.1,4.5,0.7,3.5,2.9,0.8,5.0,1.6,3.3,3.4,191854.0,7.4,538.0,-2.0,-2.9,0.031,13056.0,0.4,7.0,1.6,1.4,0.002,4.02,-1.56,1.75,9.8,6.2,0.0125,23,72,-7,9,115.7,118,-42,76,-0.0,0.007372,999999.99,99999.99,99999.99,99999.99,99999.99,99999.99,0,2003-02-20 00:00:00
2003,51,1,2314,51,52,62,39,8.5,5.8,21.8,113.4,-2.1,4.9,2.1,3.2,4.2,0.5,6.0,2.5,3.3,4.4,170867.0,9.1,545.0,-3.2,-3.5,0.031,11058.0,1.1,12.0,1.3,2.1,0.003,5.07,-2.29,1.57,9.7,6.3,0.0127,23,72,-2,9,115.7,203,-119,84,0.8,0.007372,999999.99,99999.99,99999.99,99999.99,99999.99,99999.99,0,2003-02-20 01:00:00
2003,51,2,2314,51,52,61,33,8.2,6.3,44.1,118.8,-2.2,4.0,4.4,1.5,5.7,0.6,4.8,2.0,3.3,2.9,214208.0,9.5,551.0,-3.3,-5.6,0.032,26798.0,1.1,7.0,1.5,1.7,0.003,5.43,-3.14,2.01,10.4,6.3,0.0111,23,72,3,9,115.7,134,-68,65,0.4,0.007372,999999.99,99999.99,99999.99,99999.99,99999.99,99999.99,0,2003-02-20 02:00:00
2003,51,3,2314,51,52,62,39,8.2,5.0,15.4,120.1,-2.4,4.2,1.3,3.3,3.0,1.5,6.5,1.8,5.4,3.0,399611.0,5.4,590.0,0.8,-4.8,0.035,73022.0,0.7,14.0,1.9,1.3,0.005,3.58,-1.77,1.76,8.4,5.3,0.017,33,72,-1,18,115.7,78,-19,60,0.3,0.007372,999999.99,99999.99,99999.99,99999.99,99999.99,99999.99,0,2003-02-20 03:00:00
2003,51,4,2314,51,52,59,33,8.4,6.2,-34.1,111.0,-1.9,4.8,-3.5,5.8,-1.4,2.3,5.5,2.3,3.7,3.4,454839.0,5.1,602.0,0.0,-2.4,0.04,47349.0,0.5,16.0,1.6,2.7,0.009,3.58,0.84,1.75,8.1,5.1,0.0182,33,72,-1,18,115.7,93,-26,68,0.4,0.007372,999999.99,99999.99,99999.99,99999.99,99999.99,99999.99,0,2003-02-20 04:00:00
2003,51,5,2314,51,52,59,36,10.5,7.9,-18.3,166.8,-7.3,1.7,-2.5,2.4,-1.8,0.5,6.7,2.7,4.2,4.5,411188.0,5.0,568.0,1.2,-3.2,0.041,44128.0,0.6,14.0,3.2,3.1,0.006,3.14,1.02,1.02,6.0,4.4,0.0325,33,72,-9,18,115.7,362,-223,139,1.6,0.007372,999999.99,99999.99,99999.99,99999.99,99999.99,99999.99,0,2003-02-20 05:00:00
2003,51,6,2314,51,52,64,35,9.7,7.3,-3.1,137.3,-5.4,4.9,-0.4,4.8,1.0,0.4,6.0,2.8,1.9,5.0,368383.0,4.6,615.0,-0.2,-3.2,0.044,40991.0,0.6,31.0,1.6,2.9,0.013,3.42,-0.61,1.01,6.8,5.0,0.0257,33,72,-10,18,115.7,362,-209,153,2.1,0.007372,999999.99,99999.99,99999.99,99999.99,99999.99,99999.99,0,2003-02-20 06:00:00
2003,51,7,2314,51,52,63,40,9.1,7.2,44.0,139.0,-3.9,3.4,5.0,2.1,5.7,0.8,5.3,2.3,3.0,3.7,394292.0,5.1,675.0,3.3,-4.5,0.049,43843.0,0.2,32.0,2.1,1.9,0.01,4.64,-3.85,1.34,8.4,5.7,0.017,33,72,-11,18,115.7,286,-150,136,1.6,0.007372,999999.99,99999.99,99999.99,99999.99,99999.99,99999.99,0,2003-02-20 07:00:00
2003,51,8,2314,51,52,59,37,7.6,5.9,38.0,140.9,-3.6,2.9,3.7,2.0,4.2,0.3,4.3,2.4,1.5,3.2,400799.0,4.8,696.0,3.9,-3.4,0.051,75529.0,0.4,22.0,1.2,1.9,0.01,4.68,-2.92,1.83,10.0,6.2,0.0118,33,72,-6,18,115.7,142,-33,109,0.4,0.007372,999999.99,99999.99,99999.99,99999.99,99999.99,99999.99,0,2003-02-20 08:00:00
2003,51,9,2314,51,52,62,39,7.9,6.3,-17.5,133.9,-4.1,4.3,-1.9,4.6,-1.0,0.3,4.5,1.8,2.2,3.4,348185.0,4.8,693.0,3.2,-0.7,0.041,39207.0,0.4,19.0,1.6,2.4,0.005,4.48,0.69,1.52,9.6,6.3,0.0129,37,72,-4,22,115.7,208,-86,122,1.5,0.007372,999999.99,99999.99,99999.99,99999.99,99999.99,99999.99,0,2003-02-20 09:00:00
2003,51,10,2314,51,52,58,34,7.4,5.7,7.4,146.8,-4.7,3.1,0.7,2.9,1.2,0.2,4.4,1.7,2.4,3.3,337646.0,4.3,687.0,3.8,-2.4,0.044,35385.0,0.4,13.0,1.8,2.3,0.007,3.99,-0.82,1.52,9.6,6.3,0.0128,37,72,-15,22,115.7,508,-357,151,1.5,0.007372,999999.99,99999.99,99999.99,99999.99,99999.99,99999.99,0,2003-02-20 10:00:00
2003,51,11,2314,51,52,61,38,7.2,5.7,22.8,147.0,-4.4,2.8,2.2,2.4,2.7,0.1,4.1,1.7,1.9,3.3,295478.0,4.5,689.0,3.2,-3.2,0.031,41140.0,0.3,16.0,1.6,2.5,0.005,4.01,-1.86,1.53,10.1,6.7,0.0115,37,72,-16,22,115.7,415,-325,90,1.9,0.007372,999999.99,99999.99,99999.99,99999.99,99999.99,99999.99,0,2003-02-20 11:00:00
2003,51,12,2314,51,52,58,37,7.1,5.3,14.3,133.2,-3.5,3.7,1.3,3.4,2.0,0.3,4.6,2.6,2.1,3.1,256408.0,4.0,685.0,1.7,-2.6,0.039,28649.0,0.4,22.0,1.9,2.6,0.01,3.62,-1.37,1.27,9.6,6.7,0.0128,30,72,-15,15,115.7,262,-197,65,1.0,0.007372,999999.99,99999.99,99999.99,99999.99,99999.99,99999.99,0,2003-02-20 12:00:00
2003,51,13,2314,51,52,61,37,6.4,5.1,12.6,146.3,-4.1,2.7,1.1,2.4,1.7,0.5,3.6,1.3,1.9,2.8,257236.0,3.7,676.0,1.2,-3.2,0.046,34268.0,0.3,14.0,1.6,2.2,0.007,3.34,-1.15,1.45,10.2,6.8,0.0115,30,72,-12,15,115.7,316,-242,74,1.1,0.007372,999999.99,99999.99,99999.99,99999.99,99999.99,99999.99,0,2003-02-20 13:00:00
2003,51,14,2314,51,52,60,37,5.9,5.1,39.3,141.2,-3.1,2.5,3.2,1.6,3.7,0.2,2.7,1.1,1.9,1.5,275964.0,3.8,690.0,0.9,-3.6,0.042,26239.0,0.3,9.0,1.4,1.0,0.004,3.53,-2.55,1.84,11.4,7.1,0.0092,30,72,-10,15,115.7,288,-221,67,-0.1,0.007372,999999.99,99999.99,99999.99,99999.99,99999.99,99999.99,0,2003-02-20 14:00:00
2003,51,15,2314,51,52,60,36,5.8,4.9,-2.2,181.6,-4.9,-0.1,-0.2,0.0,-0.2,0.1,2.9,0.8,1.5,2.4,282601.0,3.3,674.0,2.1,-1.4,0.042,42303.0,0.3,10.0,1.2,2.1,0.004,2.92,0.13,1.68,10.6,6.7,0.0107,30,72,-13,15,115.7,153,-99,54,0.9,0.007372,999999.99,99999.99,99999.99,99999.99,99999.99,99999.99,0,2003-02-20 15:00:00
2003,51,16,2314,51,52,41,24,5.9,4.7,2.7,176.1,-4.7,0.3,0.2,0.2,0.3,0.2,3.5,0.6,2.4,2.5,255105.0,3.4,675.0,1.8,-1.9,0.041,16840.0,0.2,8.0,1.8,2.1,0.003,3.01,-0.2,1.56,10.5,6.9,0.0107,30,72,-13,15,115.7,193,-123,69,0.3,0.007372,999999.99,99999.99,99999.99,99999.99,99999.99,99999.99,0,2003-02-20 16:00:00
2003,51,17,2314,71,71,15,15,6.0,3.7,-37.8,157.1,-2.7,1.1,-2.3,1.9,-1.7,0.4,3.8,1.8,1.6,2.9,250869.0,3.0,671.0,0.8,0.8,9.999,19067.0,0.3,17.0,1.3,1.8,9.999,2.7,1.14,1.31,9.7,6.6,0.0127,30,72,-15,15,115.7,437,-330,107,1.8,0.007372,999999.99,99999.99,99999.99,99999.99,99999.99,99999.99,0,2003-02-20 17:00:00
2003,51,18,2314,71,71,15,15,5.8,4.7,12.8,177.5,-4.6,0.2,1.0,-0.2,1.0,0.2,2.5,1.4,1.5,1.5,224915.0,3.1,655.0,1.1,-1.5,9.999,18232.0,0.3,14.0,1.4,1.4,9.999,2.66,-0.66,1.35,9.9,6.7,0.012,40,72,-19,27,115.7,699,-551,149,2.8,0.007372,999999.99,99999.99,99999.99,99999.99,99999.99,99999.99,0,2003-02-20 18:00:00
2003,51,19,2314,71,71,15,15,6.0,5.0,-13.9,185.5,-4.8,-0.5,-1.2,0.1,-1.3,0.2,2.9,0.9,2.1,1.8,184443.0,2.9,652.0,2.1,-0.3,9.999,26502.0,0.3,7.0,2.0,1.4,9.999,2.47,0.85,1.05,9.3,6.7,0.0139,40,72,-19,27,115.7,372,-276,96,2.3,0.007372,999999.99,99999.99,99999.99,99999.99,99999.99,99999.99,0,2003-02-20 19:00:00
2003,51,20,2314,71,71,15,15,5.8,4.4,-21.2,130.9,-2.7,3.1,-1.6,3.5,0.1,0.3,3.0,1.7,1.5,2.0,219712.0,2.5,668.0,-1.2,0.2,9.999,24772.0,0.2,19.0,1.5,2.1,9.999,2.23,-0.07,1.08,9.1,6.6,0.0143,40,72,-23,27,115.7,274,-179,95,1.5,0.007372,999999.99,99999.99,99999.99,99999.99,99999.99,99999.99,0,2003-02-20 20:00:00
2003,51,21,2314,51,52,39,22,5.9,5.0,23.1,112.4,-1.8,4.3,2.0,2.7,3.9,0.2,2.7,1.3,1.0,2.2,188504.0,2.8,683.0,-1.5,-4.0,0.04,25158.0,0.2,18.0,0.9,2.0,0.004,2.53,-2.66,1.06,9.7,7.0,0.0127,30,72,-27,15,115.7,343,-257,86,1.1,0.007372,999999.99,99999.99,99999.99,99999.99,99999.99,99999.99,0,2003-02-20 21:00:00
2003,51,22,2314,51,52,57,35,5.4,3.3,25.1,130.7,-2.0,2.3,1.4,1.2,2.4,0.1,3.9,3.2,1.2,1.9,222287.0,2.5,669.0,-0.0,-3.8,0.044,60525.0,0.5,43.0,1.3,2.4,0.008,2.2,-1.61,1.25,9.8,6.8,0.0124,30,72,-22,15,115.7,232,-159,73,0.4,0.007372,999999.99,99999.99,99999.99,99999.99,99999.99,99999.99,0,2003-02-20 22:00:00
2003,51,23,2314,51,52,59,37,4.9,3.8,14.7,121.8,-1.9,3.1,1.0,2.1,2.5,0.3,2.9,2.0,1.5,1.5,198016.0,3.0,646.0,-0.9,-1.7,0.049,22413.0,0.4,15.0,1.2,1.3,0.006,2.5,-1.61,1.7,11.4,7.3,0.0091,30,72,-15,15,115.7,105,-57,48,0.3,0.007372,999999.99,99999.99,99999.99,99999.99,99999.99,99999.99,0,2003-02-20 23:00:00
2003,52,0,2314,51,52,58,33,5.2,4.3,-16.1,144.5,-3.3,2.4,-1.2,2.7,0.2,0.3,2.8,1.3,1.8,1.7,205955.0,3.0,633.0,-0.5,-0.5,0.059,15729.0,0.2,13.0,1.3,1.3,0.006,2.48,-0.13,1.54,10.5,6.9,0.0107,20,76,-10,7,117.0,71,-23,48,0.2,0.0072,999999.99,99999.99,99999.99,99999.99,99999.99,99999.99,0,2003-02-21 00:00:00
2003,52,1,2314,51,52,62,37,4.9,2.9,-21.6,138.2,-2.0,1.8,-1.1,2.1,-0.1,0.2,3.8,2.0,2.2,2.4,212031.0,3.2,635.0,-0.4,-0.4,0.057,15569.0,0.3,16.0,1.7,1.8,0.006,2.65,0.06,1.89,11.6,7.1,0.0089,20,76,-9,7,117.0,69,-22,48,-0.0,0.0072,999999.99,99999.99,99999.99,99999.99,99999.99,99999.99,0,2003-02-21 01:00:00
2003,52,2,2314,51,52,59,36,5.1,3.8,-31.5,155.6,-3.0,1.4,-2.0,2.2,-1.1,0.3,3.2,1.6,2.3,1.6,209244.0,3.4,629.0,-0.2,0.1,0.055,21521.0,0.2,14.0,1.6,1.2,0.004,2.74,0.69,1.84,11.4,7.1,0.0092,20,76,-9,7,117.0,192,-119,73,0.6,0.0072,999999.99,99999.99,99999.99,99999.99,99999.99,99999.99,0,2003-02-21 02:00:00
2003,52,3,2314,51,52,61,38,5.2,3.3,-13.6,104.1,-0.8,3.1,-0.8,3.1,0.6,0.3,3.9,1.7,2.9,1.9,207544.0,3.7,647.0,-1.6,-0.8,0.05,20234.0,0.2,13.0,2.0,1.5,0.004,3.1,-0.39,1.91,12.0,7.3,0.0083,33,76,-9,18,117.0,459,-356,103,2.5,0.0072,999999.99,99999.99,99999.99,99999.99,99999.99,99999.99,0,2003-02-21 03:00:00
2003,52,4,2314,51,52,62,38,6.0,4.3,12.3,65.0,1.8,3.8,0.9,3.2,2.3,0.5,4.0,2.9,1.0,2.6,155533.0,3.9,659.0,-1.8,-2.0,0.041,39084.0,0.3,21.0,1.1,1.8,0.009,3.29,-1.52,1.28,10.8,7.5,0.0101,33,76,-6,18,117.0,360,-259,101,2.0,0.0072,999999.99,99999.99,99999.99,99999.99,99999.99,99999.99,0,2003-02-21 04:00:00
2003,52,5,2314,51,52,58,36,5.3,2.7,16.0,114.0,-1.0,2.3,0.7,1.9,1.4,0.5,4.5,3.4,2.6,1.4,177611.0,4.1,631.0,-0.7,-2.1,0.045,23315.0,0.4,23.0,1.6,0.8,0.008,3.22,-0.88,1.86,12.1,7.5,0.0082,33,76,-5,18,117.0,160,-72,89,0.4,0.0072,999999.99,99999.99,99999.99,99999.99,99999.99,99999.99,0,2003-02-21 05:00:00
2003,52,6,2314,51,52,58,34,5.7,3.9,-4.1,75.2,1.0,3.7,-0.3,3.6,0.8,0.5,4.1,2.8,1.1,2.8,174403.0,4.6,642.0,-1.4,-1.5,0.041,25913.0,0.6,14.0,0.6,1.3,0.004,3.69,-0.51,1.78,12.1,7.6,0.0082,30,76,-2,15,117.0,232,-111,121,1.2,0.0072,999999.99,99999.99,99999.99,99999.99,99999.99,99999.99,0,2003-02-21 06:00:00
2003,52,7,2314,51,52,57,36,6.1,4.1,-35.3,99.1,-0.5,3.3,-2.4,3.8,-1.5,0.3,4.4,3.3,1.4,2.6,164153.0,4.1,629.0,-1.8,-0.4,0.041,32925.0,0.6,28.0,0.7,1.5,0.006,3.15,0.94,1.34,10.4,7.1,0.0109,30,76,-3,15,117.0,337,-188,150,2.0,0.0072,999999.99,99999.99,99999.99,99999.99,99999.99,99999.99,0,2003-02-21 07:00:00
2003,52,8,2314,51,52,61,37,7.1,6.8,4.1,182.8,-6.8,-0.3,0.5,-0.4,0.4,0.2,2.0,0.4,1.6,1.2,135609.0,2.7,574.0,1.4,-2.3,0.038,37629.0,0.6,10.0,2.0,1.7,0.015,1.71,-0.23,0.59,6.6,5.4,0.027,30,76,-11,15,117.0,244,-140,104,0.7,0.0072,999999.99,99999.99,99999.99,99999.99,99999.99,99999.99,0,2003-02-21 08:00:00
2003,52,9,2314,51,52,61,35,6.8,6.0,-8.9,170.2,-5.8,1.0,-0.9,1.2,-0.7,0.6,3.2,1.4,2.4,1.5,160694.0,3.2,581.0,0.4,-1.2,0.042,50262.0,0.7,14.0,2.8,1.9,0.008,2.11,0.41,0.83,7.6,5.8,0.0204,27,76,-14,12,117.0,275,-164,110,0.9,0.0072,999999.99,99999.99,99999.99,99999.99,99999.99,99999.99,0,2003-02-21 09:00:00
2003,52,10,2314,51,52,61,36,7.0,6.3,18.3,112.3,-2.3,5.5,2.0,5.0,3.0,0.1,2.6,2.1,0.9,1.3,231108.0,3.3,624.0,-3.6,-4.1,0.045,23072.0,0.3,18.0,0.6,1.3,0.006,2.53,-1.87,1.01,8.1,5.9,0.0181,27,76,-12,12,117.0,237,-126,111,1.5,0.0072,999999.99,99999.99,99999.99,99999.99,99999.99,99999.99,0,2003-02-21 10:00:00
2003,52,11,2314,51,52,58,36,6.9,6.5,11.7,170.6,-6.3,1.0,1.3,0.7,1.5,0.2,2.2,0.7,2.0,0.6,207017.0,2.5,581.0,0.2,-4.1,0.047,33687.0,0.4,10.0,2.0,0.8,0.006,1.67,-0.87,0.73,6.7,5.2,0.0268,27,76,-12,12,117.0,119,-56,63,0.1,0.0072,999999.99,99999.99,99999.99,99999.99,99999.99,99999.99,0,2003-02-21 11:00:00
2003,52,12,2314,51,52,60,35,6.4,5.9,23.3,157.9,-5.0,2.0,2.3,1.5,2.7,0.2,2.5,0.9,1.8,1.4,169980.0,2.6,589.0,-0.3,-3.4,0.047,20251.0,0.2,7.0,1.5,0.9,0.007,1.79,-1.59,0.79,7.4,5.7,0.0216,13,76,-7,5,117.0,53,-18,35,-0.2,0.0072,999999.99,99999.99,99999.99,99999.99,99999.99,99999.99,0,2003-02-21 12:00:00
2003,52,13,2314,51,52,61,37,6.4,5.7,12.0,143.8,-4.5,3.3,1.2,3.0,1.9,0.2,2.9,1.3,1.8,1.8,223178.0,2.9,583.0,-1.1,-3.1,0.06,24564.0,0.3,11.0,1.7,1.8,0.01,2.04,-1.11,1.04,7.8,5.6,0.0198,13,76,-3,5,117.0,40,-11,29,0.1,0.0072,999999.99,99999.99,99999.99,99999.99,99999.99,99999.99,0,2003-02-21 13:00:00
2003,52,14,2314,51,52,59,33,6.5,5.4,-3.7,132.6,-3.6,3.9,-0.3,3.8,0.7,0.1,3.4,1.4,2.1,2.1,216730.0,3.2,589.0,-1.8,-1.9,0.05,23855.0,0.2,12.0,1.5,2.0,0.005,2.22,-0.41,1.09,8.1,5.8,0.0181,13,76,-5,5,117.0,99,-50,49,0.4,0.0072,999999.99,99999.99,99999.99,99999.99,99999.99,99999.99,0,2003-02-21 14:00:00
2003,52,15,2314,51,52,63,39,6.0,4.9,-46.5,85.7,0.3,3.4,-3.5,4.3,-2.3,0.3,3.4,2.2,1.8,1.7,200892.0,3.2,623.0,-0.2,0.3,0.037,36677.0,0.2,18.0,1.9,1.4,0.006,2.38,1.43,1.22,9.3,6.5,0.0138,37,76,-7,22,117.0,392,-289,103,1.4,0.0072,999999.99,99999.99,99999.99,99999.99,99999.99,99999.99,0,2003-02-21 15:00:00
2003,52,16,2314,51,52,58,36,5.8,4.8,-1.2,104.1,-1.2,4.6,-0.1,4.4,1.5,0.2,3.2,2.3,1.2,1.9,161112.0,2.8,616.0,-1.2,-2.4,0.035,25376.0,0.2,18.0,1.1,1.6,0.005,2.02,-0.92,1.0,8.9,6.5,0.0151,37,76,-14,22,117.0,594,-445,148,2.4,0.0072,999999.99,99999.99,99999.99,99999.99,99999.99,99999.99,0,2003-02-21 16:00:00
2003,52,17,2314,51,52,60,36,5.5,5.1,14.4,140.0,-3.8,3.2,1.3,2.5,2.4,0.3,2.0,0.8,1.4,1.3,138081.0,2.5,596.0,0.2,-3.6,0.028,17591.0,0.2,9.0,0.8,1.4,0.004,1.65,-1.43,0.92,8.6,6.4,0.0162,37,76,-15,22,117.0,102,-55,47,-0.2,0.0072,999999.99,99999.99,99999.99,99999.99,99999.99,99999.99,0,2003-02-21 17:00:00
2003,52,18,2314,51,52,58,36,4.8,4.5,-3.9,164.0,-4.4,1.3,-0.3,1.3,0.3,0.2,1.5,0.4,1.3,0.6,141379.0,2.0,575.0,2.1,-1.1,0.031,25953.0,0.2,11.0,1.6,1.1,0.006,1.24,-0.17,0.97,8.5,6.2,0.0166,33,76,-14,18,117.0,84,-38,46,0.7,0.0072,999999.99,99999.99,99999.99,99999.99,99999.99,99999.99,0,2003-02-21 18:00:00
2003,52,19,2314,51,52,59,36,4.7,4.6,-14.0,169.2,-4.3,0.8,-1.1,1.2,-0.6,0.2,0.9,0.3,0.8,0.4,109002.0,1.7,560.0,1.1,1.3,0.039,29177.0,0.2,7.0,1.3,1.1,0.002,1.03,0.34,0.76,7.8,6.0,0.0197,33,76,-19,18,117.0,125,-71,54,1.4,0.0072,999999.99,99999.99,99999.99,99999.99,99999.99,99999.99,0,2003-02-21 19:00:00
2003,52,20,2314,51,52,58,36,5.0,4.9,-17.9,177.0,-4.7,0.2,-1.5,0.9,-1.2,0.3,0.9,0.4,0.7,0.4,119555.0,2.0,538.0,1.0,2.4,0.037,27656.0,0.2,10.0,0.9,1.0,0.006,1.11,0.65,0.83,7.6,5.8,0.0205,33,76,-24,18,117.0,309,-244,65,2.1,0.0072,999999.99,99999.99,99999.99,99999.99,99999.99,99999.99,0,2003-02-21 20:00:00
2003,52,21,2314,51,52,59,36,5.9,5.5,-0.8,174.4,-5.5,0.5,-0.1,0.5,0.2,0.2,1.9,0.9,1.5,0.8,117684.0,2.3,527.0,0.4,-0.9,0.045,32874.0,0.4,13.0,1.7,1.1,0.013,1.26,-0.11,0.68,6.8,5.4,0.0259,27,76,-19,12,117.0,226,-159,67,1.6,0.0072,999999.99,99999.99,99999.99,99999.99,99999.99,99999.99,0,2003-02-21 21:00:00
2003,52,22,2314,51,52,63,39,5.6,4.7,-5.5,151.1,-4.1,2.3,-0.4,2.2,0.9,0.3,3.0,1.8,2.1,1.1,129158.0,2.6,533.0,-1.8,-0.3,0.045,26458.0,0.4,18.0,2.6,1.5,0.006,1.46,-0.48,0.89,7.7,5.8,0.0202,27,76,-18,12,117.0,90,-45,45,0.4,0.0072,999999.99,99999.99,99999.99,99999.99,99999.99,99999.99,0,2003-02-21 22:00:00
2003,52,23,2314,51,52,59,36,6.5,5.4,-9.2,105.9,-1.5,5.1,-0.9,4.8,1.9,0.2,3.5,1.4,2.8,1.5,136884.0,3.0,564.0,-3.5,-0.2,0.04,21047.0,0.2,9.0,2.6,1.3,0.004,1.85,-1.07,0.78,7.5,5.8,0.0211,27,76,-12,12,117.0,59,-23,36,0.0,0.0072,999999.99,99999.99,99999.99,99999.99,99999.99,99999.99,0,2003-02-21 23:00:00
2003,53,0,2314,51,52,61,37,6.3,5.3,5.3,158.3,-4.9,1.9,0.5,1.4,1.4,0.1,3.4,1.7,2.7,1.2,125846.0,2.6,537.0,-1.6,-1.3,0.042,32967.0,0.3,16.0,3.0,1.5,0.007,1.46,-0.75,0.69,6.9,5.4,0.0252,20,56,-9,7,104.3,53,-21,33,-0.3,0.007139,999999.99,99999.99,99999.99,99999.99,99999.99,99999.99,0,2003-02-22 00:00:00
2003,53,1,2314,51,52,62,37,6.3,5.7,-16.5,96.9,-0.6,5.4,-1.6,5.5,1.3,0.3,2.7,2.2,0.4,1.5,148769.0,2.9,563.0,-4.4,0.3,0.045,20010.0,0.2,15.0,0.6,1.1,0.006,1.81,-0.73,0.84,7.6,5.8,0.0205,20,56,-6,7,104.3,60,-21,39,-0.2,0.007139,999999.99,99999.99,99999.99,99999.99,99999.99,99999.99,0,2003-02-22 01:00:00
2003,53,2,2314,51,52,60,36,6.9,6.3,-17.0,118.7,-2.9,5.3,-1.8,5.5,0.9,0.1,2.7,1.9,0.5,1.7,167331.0,3.1,572.0,-3.2,0.5,0.035,19882.0,0.2,12.0,0.6,1.2,0.006,1.93,-0.51,0.8,7.3,5.6,0.0223,20,56,-8,7,104.3,154,-89,66,1.0,0.007139,999999.99,99999.99,99999.99,99999.99,99999.99,99999.99,0,2003-02-22 02:00:00
2003,53,3,2314,51,52,58,36,6.9,6.4,14.6,138.9,-4.7,4.1,1.6,3.0,3.2,0.2,2.4,1.0,1.3,1.8,149319.0,2.8,561.0,-2.9,-2.2,0.032,20148.0,0.3,12.0,1.2,1.9,0.002,1.66,-1.8,0.68,6.8,5.4,0.0257,30,56,-9,15,104.3,253,-188,65,0.9,0.007139,999999.99,99999.99,99999.99,99999.99,99999.99,99999.99,0,2003-02-22 03:00:00
2003,53,4,2314,51,52,60,37,6.5,6.2,6.3,146.3,-5.1,3.4,0.7,2.9,2.0,0.1,1.7,0.7,0.9,1.2,140284.0,2.6,557.0,-2.7,-1.4,0.027,17563.0,0.3,10.0,1.5,1.3,0.003,1.49,-1.11,0.69,6.9,5.5,0.0249,30,56,-4,15,104.3,80,-11,68,0.2,0.007139,999999.99,99999.99,99999.99,99999.99,99999.99,99999.99,0,2003-02-22 04:00:00
2003,53,5,2314,51,52,61,37,6.3,6.0,12.9,155.9,-5.4,2.4,1.3,1.8,2.0,0.2,1.8,0.6,1.4,1.1,170055.0,2.2,571.0,-1.3,-2.1,0.03,37720.0,0.3,11.0,1.8,1.8,0.002,1.34,-1.14,0.69,6.7,5.3,0.0263,30,56,-2,15,104.3,49,1,50,-0.3,0.007139,999999.99,99999.99,99999.99,99999.99,99999.99,99999.99,0,2003-02-22 05:00:00
2003,53,6,2314,51,52,62,38,5.9,5.0,0.2,171.1,-4.9,0.8,0.0,0.8,0.2,0.2,3.1,0.7,2.7,1.4,207319.0,2.3,574.0,1.2,-0.5,0.03,47336.0,0.4,14.0,3.5,2.0,0.002,1.42,-0.11,0.92,7.4,5.5,0.0219,20,56,-2,7,104.3,51,-2,50,-0.5,0.007139,999999.99,99999.99,99999.99,99999.99,99999.99,99999.99,0,2003-02-22 06:00:00
2003,53,7,2314,51,52,60,37,5.8,4.3,-15.0,178.6,-4.2,0.1,-1.1,0.4,-1.0,0.3,3.8,1.8,3.0,1.3,209885.0,2.6,581.0,2.3,0.4,0.027,45725.0,0.4,24.0,3.1,1.7,0.002,1.62,0.58,1.09,8.1,5.8,0.0182,20,56,-5,7,104.3,108,-32,76,-0.3,0.007139,999999.99,99999.99,99999.99,99999.99,99999.99,99999.99,0,2003-02-22 07:00:00
2003,53,8,2314,51,52,61,37,5.7,4.0,-23.6,169.2,-3.6,0.7,-1.6,1.0,-1.4,0.1,4.1,1.5,3.1,2.2,209471.0,2.7,589.0,2.1,0.8,0.029,28167.0,0.3,16.0,3.3,2.4,0.004,1.75,0.82,1.17,8.5,6.0,0.0165,20,56,-6,7,104.3,153,-76,77,0.2,0.007139,999999.99,99999.99,99999.99,99999.99,99999.99,99999.99,0,2003-02-22 08:00:00
2003,53,9,2314,51,52,59,36,5.9,5.4,3.7,116.1,-2.3,4.8,0.3,4.6,1.2,0.1,2.3,1.4,0.8,1.7,208725.0,2.8,597.0,-2.6,-0.9,0.028,20935.0,0.2,15.0,0.5,1.8,0.002,1.85,-0.72,1.13,8.5,6.0,0.0166,27,56,-6,12,104.3,340,-261,79,1.5,0.007139,999999.99,99999.99,99999.99,99999.99,99999.99,99999.99,0,2003-02-22 09:00:00
2003,53,10,2314,51,52,59,35,6.5,6.2,6.5,120.7,-3.2,5.3,0.7,5.1,1.7,0.4,1.9,1.1,0.8,1.2,186876.0,2.6,587.0,-3.0,-0.5,0.031,20764.0,0.3,13.0,0.5,1.4,0.005,1.68,-1.0,0.81,7.3,5.6,0.0224,27,56,-6,12,104.3,167,-113,54,0.8,0.007139,999999.99,99999.99,99999.99,99999.99,99999.99,99999.99,0,2003-02-22 10:00:00
2003,53,11,2314,51,52,60,37,6.9,5.6,-3.2,114.4,-2.3,5.1,-0.3,5.1,0.7,0.2,3.8,2.2,1.4,2.7,202790.0,2.7,590.0,-2.1,-0.2,0.032,35357.0,0.3,23.0,1.3,3.0,0.005,1.77,-0.41,0.78,7.0,5.4,0.0241,27,56,-3,12,104.3,229,-156,73,1.3,0.007139,999999.99,99999.99,99999.99,99999.99,99999.99,99999.99,0,2003-02-22 11:00:00
2003,53,12,2314,51,52,58,34,6.9,6.1,10.1,133.0,-4.1,4.4,1.1,4.1,2.0,0.3,3.1,1.0,0.9,2.8,180032.0,2.8,576.0,-2.0,-0.7,0.03,30094.0,0.3,7.0,1.4,2.4,0.003,1.74,-1.15,0.75,7.0,5.4,0.0244,33,56,2,18,104.3,283,-228,55,1.1,0.007139,999999.99,99999.99,99999.99,99999.99,99999.99,99999.99,0,2003-02-22 12:00:00
2003,53,13,2314,51,52,62,38,6.3,5.8,-20.1,124.4,-3.1,4.5,-2.0,4.8,-0.9,0.3,2.4,1.4,1.3,1.5,196521.0,3.0,573.0,-2.6,2.1,0.026,32472.0,0.4,15.0,1.2,1.4,0.003,1.82,0.52,1.02,7.9,5.7,0.0192,33,56,1,18,104.3,214,-159,55,1.8,0.007139,999999.99,99999.99,99999.99,99999.99,99999.99,99999.99,0,2003-02-22 13:00:00
2003,53,14,2314,51,52,59,37,6.9,6.1,-47.9,114.6,-1.7,3.7,-4.5,4.7,-3.4,0.5,3.2,1.7,1.8,1.9,169185.0,3.4,589.0,-1.0,2.3,0.037,16995.0,0.2,14.0,1.5,1.5,0.004,2.26,2.0,0.88,7.9,5.9,0.0192,33,56,0,18,104.3,532,-460,72,2.2,0.007139,999999.99,99999.99,99999.99,99999.99,99999.99,99999.99,0,2003-02-22 14:00:00
2003,53,15,2314,51,52,58,34,7.4,6.1,33.2,163.4,-4.9,1.5,3.3,0.5,3.6,0.1,4.0,1.0,2.4,3.0,172286.0,3.7,563.0,0.5,-3.8,0.035,25484.0,0.4,12.0,2.2,2.3,0.005,2.23,-2.03,0.85,7.3,5.6,0.0222,33,56,-11,18,104.3,621,-525,96,2.3,0.007139,999999.99,99999.99,99999.99,99999.99,99999.99,99999.99,0,2003-02-22 15:00:00
2003,53,16,2314,51,52,63,39,7.2,6.1,26.8,151.8,-4.8,2.6,2.7,1.5,3.4,0.1,3.7,1.4,2.8,2.1,165466.0,3.8,560.0,-1.0,-3.4,0.03,20732.0,0.3,16.0,2.7,2.1,0.003,2.23,-1.9,0.9,7.6,5.7,0.0207,33,56,-8,18,104.3,137,-74,64,-0.2,0.007139,999999.99,99999.99,99999.99,99999.99,99999.99,99999.99,0,2003-02-22 16:00:00
2003,53,17,2314,51,52,57,34,7.2,6.6,26.9,160.3,-5.5,2.0,3.0,0.7,3.5,0.2,2.8,0.7,1.6,2.1,159408.0,3.8,555.0,-1.2,-3.4,0.03,17111.0,0.3,11.0,1.8,2.6,0.004,2.19,-1.94,0.88,7.5,5.7,0.0211,33,56,-4,18,104.3,70,-23,47,-0.2,0.007139,999999.99,99999.99,99999.99,99999.99,99999.99,99999.99,0,2003-02-22 17:00:00
2003,53,18,2314,51,52,61,33,7.4,7.1,30.3,180.7,-6.2,-0.1,3.6,-1.6,3.2,0.2,1.8,0.7,1.2,1.1,144724.0,3.5,547.0,0.8,-3.5,0.028,10639.0,0.3,9.0,1.4,1.0,0.003,1.94,-1.75,0.73,6.9,5.4,0.0249,17,56,-6,6,104.3,55,-12,43,0.2,0.007139,999999.99,99999.99,99999.99,99999.99,99999.99,99999.99,0,2003-02-22 18:00:00
2003,53,19,2314,51,52,63,35,7.5,5.6,17.4,171.5,-5.3,0.8,1.7,-0.1,1.9,0.2,4.9,1.5,3.7,2.9,164485.0,4.2,570.0,1.1,-2.2,0.031,26503.0,0.5,16.0,2.1,2.2,0.006,2.56,-1.08,0.91,7.8,5.8,0.0196,17,56,-5,6,104.3,60,-20,40,0.4,0.007139,999999.99,99999.99,99999.99,99999.99,99999.99,99999.99,0,2003-02-22 19:00:00
2003,53,20,2314,51,52,60,37,7.3,6.8,-11.6,119.5,-3.3,5.8,-1.4,5.7,1.6,0.2,2.5,1.3,0.9,2.0,174624.0,3.9,595.0,-1.5,0.1,0.031,23391.0,0.2,10.0,0.8,1.3,0.004,2.59,-0.95,0.92,8.0,6.0,0.0184,17,56,-7,6,104.3,57,-17,41,0.2,0.007139,999999.99,99999.99,99999.99,99999.99,99999.99,99999.99,0,2003-02-22 20:00:00
2003,53,21,2314,51,52,60,38,6.8,6.4,-18.0,122.8,-3.3,5.1,-2.0,5.4,0.9,0.2,2.0,1.1,0.7,1.6,191798.0,4.0,600.0,-1.1,0.6,0.033,24586.0,0.3,10.0,0.9,1.3,0.004,2.72,-0.54,1.15,8.8,6.2,0.0153,20,56,-9,7,104.3,154,-111,44,0.3,0.007139,999999.99,99999.99,99999.99,99999.99,99999.99,99999.99,0,2003-02-22 21:00:00
2003,53,22,2314,51,52,59,34,5.8,4.1,0.2,138.9,-3.1,2.7,0.0,2.3,1.4,0.4,3.9,2.5,1.7,2.4,245788.0,3.8,613.0,1.4,-0.8,0.042,31854.0,0.3,21.0,1.4,1.7,0.007,2.79,-0.86,1.76,10.3,6.5,0.0112,20,56,-9,7,104.3,214,-168,46,0.6,0.007139,999999.99,99999.99,99999.99,99999.99,99999.99,99999.99,0,2003-02-22 22:00:00
2003,53,23,2314,51,52,61,36,5.9,4.8,-9.1,105.7,-1.3,4.6,-0.8,4.3,1.7,0.3,3.2,1.9,1.2,2.2,243199.0,3.9,622.0,-0.5,-0.7,0.036,25717.0,0.3,18.0,1.0,1.6,0.004,2.88,-1.06,1.73,10.4,6.6,0.011,20,56,-4,7,104.3,108,-62,46,0.5,0.007139,999999.99,99999.99,99999.99,99999.99,99999.99,99999.99,0,2003-02-22 23:00:00
2003,54,0,2314,51,52,61,36,5.7,4.4,-8.6,130.9,-2.8,3.3,-0.7,3.2,1.1,0.4,3.5,1.7,2.1,2.2,228579.0,3.8,607.0,0.6,-0.3,0.034,20962.0,0.2,14.0,2.0,1.8,0.004,2.66,-0.67,1.74,10.4,6.6,0.011,30,46,-1,15,101.8,172,-111,61,1.4,0.007169,999999.99,99999.99,99999.99,99999.99,99999.99,99999.99,0,2003-02-23 00:00:00
2003,54,1,2314,51,52,61,31,6.2,5.8,-3.8,112.5,-2.2,5.4,-0.4,4.9,2.3,0.3,1.8,1.2,0.7,1.1,179857.0,3.5,615.0,-0.9,-0.1,0.029,20609.0,0.3,10.0,0.4,0.9,0.003,2.47,-1.41,1.17,9.3,6.5,0.0138,30,46,-2,15,101.8,114,-58,56,0.2,0.007169,999999.99,99999.99,99999.99,99999.99,99999.99,99999.99,0,2003-02-23 01:00:00
2003,54,2,2314,51,52,57,29,5.7,4.9,-26.3,121.4,-2.3,3.8,-2.2,4.4,-0.2,0.3,2.6,2.2,0.9,1.0,199962.0,3.4,604.0,1.6,1.2,0.037,32508.0,0.3,15.0,1.2,0.8,0.005,2.38,0.12,1.43,9.8,6.5,0.0125,30,46,0,15,101.8,212,-132,80,0.8,0.007169,999999.99,99999.99,99999.99,99999.99,99999.99,99999.99,0,2003-02-23 02:00:00
2003,54,3,2314,51,52,62,38,5.6,4.7,-17.0,138.1,-3.4,3.0,-1.4,3.3,0.0,0.5,2.9,2.3,1.0,1.4,178688.0,3.3,588.0,2.0,1.5,0.034,26963.0,0.5,18.0,1.0,1.2,0.007,2.16,-0.0,1.34,9.5,6.5,0.0131,27,46,1,12,101.8,233,-156,77,1.2,0.007169,999999.99,99999.99,99999.99,99999.99,99999.99,99999.99,0,2003-02-23 03:00:00
2003,54,4,2314,51,52,61,39,6.3,4.5,-10.1,99.8,-0.8,4.4,-0.8,4.4,1.0,0.3,4.1,3.3,0.9,2.3,177967.0,3.5,609.0,0.1,1.0,0.033,19882.0,0.3,27.0,1.2,2.2,0.004,2.45,-0.61,1.12,9.0,6.4,0.0145,27,46,-4,12,101.8,249,-163,86,1.0,0.007169,999999.99,99999.99,99999.99,99999.99,99999.99,99999.99,0,2003-02-23 04:00:00
2003,54,5,2314,51,52,58,35,5.8,2.8,-19.5,43.3,1.9,1.8,-1.0,2.0,-0.3,0.7,4.9,3.8,2.0,2.4,223089.0,3.4,638.0,1.5,0.9,0.03,49436.0,0.5,26.0,1.6,1.7,0.005,2.59,0.19,1.48,10.1,6.7,0.0116,27,46,-3,12,101.8,340,-222,117,1.1,0.007169,999999.99,99999.99,99999.99,99999.99,99999.99,99999.99,0,2003-02-23 05:00:00
2003,54,6,2314,51,52,62,36,5.8,4.9,-8.1,102.9,-1.1,4.8,-0.7,4.8,0.7,0.4,2.8,1.9,1.0,1.7,255182.0,3.4,622.0,-0.9,1.2,0.033,31499.0,0.4,19.0,1.1,1.4,0.005,2.49,-0.44,1.61,9.9,6.4,0.0122,20,46,0,7,101.8,287,-170,117,1.1,0.007169,999999.99,99999.99,99999.99,99999.99,99999.99,99999.99,0,2003-02-23 06:00:00
2003,54,7,2314,51,52,55,33,6.4,5.9,16.0,144.9,-4.6,3.3,1.6,2.8,2.4,0.2,2.3,1.3,1.3,1.4,212473.0,2.8,583.0,-0.8,-0.9,0.033,37235.0,0.5,21.0,1.4,2.1,0.005,1.8,-1.4,0.97,7.6,5.6,0.0205,20,46,-2,7,101.8,143,-79,64,-0.1,0.007169,999999.99,99999.99,99999.99,99999.99,99999.99,99999.99,0,2003-02-23 07:00:00
2003,54,8,2314,51,52,62,38,6.5,6.1,24.7,162.8,-5.3,1.6,2.5,1.0,2.8,0.2,2.2,1.3,1.1,1.5,191446.0,2.8,569.0,1.3,-1.7,0.03,25496.0,0.3,14.0,1.4,1.9,0.002,1.7,-1.59,0.88,7.3,5.5,0.0222,20,46,-2,7,101.8,47,-15,33,-0.8,0.007169,999999.99,99999.99,99999.99,99999.99,99999.99,99999.99,0,2003-02-23 08:00:00
2003,54,9,2314,51,52,61,38,5.8,5.2,27.0,180.0,-4.6,0.0,2.3,-0.5,2.3,0.5,2.7,1.4,1.9,1.4,230026.0,3.4,606.0,3.0,0.4,0.032,43547.0,0.2,7.0,1.2,0.9,0.004,2.35,-1.39,1.51,9.6,6.3,0.0128,20,46,0,7,101.8,79,-25,54,-0.3,0.007169,999999.99,99999.99,99999.99,99999.99,99999.99,99999.99,0,2003-02-23 09:00:00
2003,54,10,2314,51,52,60,36,5.1,3.1,9.6,164.7,-2.9,0.8,0.5,0.7,0.6,0.4,3.9,2.1,3.0,1.5,284716.0,3.6,601.0,1.8,0.8,0.038,41059.0,0.3,11.0,2.3,1.2,0.006,2.5,-0.36,2.38,11.2,6.4,0.0095,20,46,0,7,101.8,75,-11,65,-0.2,0.007169,999999.99,99999.99,99999.99,99999.99,99999.99,99999.99,0,2003-02-23 10:00:00
2003,54,11,2314,51,52,61,37,5.4,4.1,7.6,99.8,-0.7,4.0,0.5,3.8,1.3,0.6,3.3,2.4,1.2,1.8,260969.0,3.4,610.0,0.0,-0.2,0.036,34995.0,0.3,21.0,1.2,1.9,0.006,2.42,-0.79,1.89,10.4,6.4,0.011,20,46,2,7,101.8,98,-43,55,0.1,0.007169,999999.99,99999.99,99999.99,99999.99,99999.99,99999.99,0,2003-02-23 11:00:00
2003,54,12,2314,51,52,60,37,6.2,5.4,-49.2,80.9,0.6,3.5,-4.1,4.3,-3.3,0.5,3.0,1.9,1.5,1.8,204082.0,3.5,617.0,1.0,2.1,0.029,23895.0,0.5,10.0,0.5,1.1,0.003,2.48,2.04,1.26,9.3,6.4,0.0137,33,46,3,18,101.8,374,-303,71,1.7,0.007169,999999.99,99999.99,99999.99,99999.99,99999.99,99999.99,0,2003-02-23 12:00:00
2003,54,13,2314,51,52,57,35,5.8,3.2,-10.3,112.7,-1.2,2.9,-0.6,3.0,0.1,0.3,4.8,3.9,1.5,2.5,155905.0,2.9,599.0,-0.4,-0.1,0.026,28871.0,0.3,26.0,1.3,2.0,0.003,1.92,-0.06,1.02,8.8,6.4,0.0154,33,46,-7,18,101.8,687,-600,87,2.8,0.007169,999999.99,99999.99,99999.99,99999.99,99999.99,99999.99,0,2003-02-23 13:00:00
2003,54,14,2314,51,52,61,36,5.6,5.2,-1.9,144.3,-4.3,3.1,-0.2,3.0,0.6,0.1,1.8,0.6,0.9,1.4,149567.0,2.8,585.0,-0.8,-0.2,0.028,17367.0,0.2,8.0,0.8,1.6,0.003,1.78,-0.35,1.03,8.7,6.4,0.0156,33,46,-12,18,101.8,234,-148,86,1.2,0.007169,999999.99,99999.99,99999.99,99999.99,99999.99,99999.99,0,2003-02-23 14:00:00
2003,54,15,2314,51,52,58,36,5.6,5.4,-10.4,137.6,-3.9,3.6,-1.0,3.7,0.1,0.2,1.5,0.7,0.8,1.1,139241.0,2.8,581.0,-1.1,0.4,0.03,15407.0,0.3,12.0,1.0,1.4,0.003,1.77,-0.06,0.99,8.7,6.4,0.0158,23,46,-10,9,101.8,110,-71,38,0.9,0.007169,999999.99,99999.99,99999.99,99999.99,99999.99,99999.99,0,2003-02-23 15:00:00
2003,54,16,2314,51,52,60,36,5.5,4.6,-14.1,120.6,-2.3,3.8,-1.1,3.9,0.3,0.3,2.7,1.6,1.1,2.0,182251.0,2.8,586.0,-1.2,-0.2,0.047,35310.0,0.3,16.0,0.9,1.8,0.008,1.91,-0.18,1.2,8.9,6.3,0.015,23,46,-9,9,101.8,232,-187,45,1.0,0.007169,999999.99,99999.99,99999.99,99999.99,99999.99,99999.99,0,2003-02-23 16:00:00
2003,54,17,2314,51,52,59,35,5.1,4.4,-3.1,148.9,-3.7,2.3,-0.2,2.2,0.7,0.2,2.5,1.4,1.8,1.0,171404.0,2.5,563.0,-0.1,-0.1,0.042,21627.0,0.2,19.0,2.2,1.4,0.01,1.55,-0.39,1.2,8.7,6.1,0.0156,23,46,-12,9,101.8,192,-146,46,0.6,0.007169,999999.99,99999.99,99999.99,99999.99,99999.99,99999.99,0,2003-02-23 17:00:00
2003,54,18,2314,51,52,60,37,5.3,5.2,7.1,175.5,-5.1,0.4,0.6,0.1,0.7,0.2,1.0,0.3,0.7,0.6,163004.0,2.4,543.0,1.4,-1.2,0.029,45665.0,0.3,4.0,1.0,0.7,0.005,1.32,-0.38,1.04,7.9,5.8,0.0189,23,46,-15,9,101.8,136,-71,65,1.2,0.007169,999999.99,99999.99,99999.99,99999.99,99999.99,99999.99,0,2003-02-23 18:00:00
2003,54,19,2314,51,52,59,36,5.3,4.8,-17.6,146.2,-3.8,2.5,-1.4,2.9,-0.1,0.2,2.2,1.4,1.3,1.2,177865.0,2.8,548.0,-0.7,0.7,0.041,16591.0,0.2,15.0,1.0,1.0,0.006,1.63,0.05,1.27,8.7,6.0,0.0159,23,46,-11,9,101.8,89,-38,51,0.9,0.007169,999999.99,99999.99,99999.99,99999.99,99999.99,99999.99,0,2003-02-23 19:00:00
2003,54,20,2314,51,52,59,35,5.2,4.9,-11.2,153.1,-4.3,2.2,-1.0,2.4,0.2,0.1,1.5,0.6,0.6,1.3,159675.0,2.5,539.0,-1.5,1.0,0.039,30908.0,0.3,9.0,0.7,1.2,0.005,1.4,-0.11,1.11,8.2,5.9,0.0177,23,46,-12,9,101.8,57,-19,38,0.7,0.007169,999999.99,99999.99,99999.99,99999.99,99999.99,99999.99,0,2003-02-23 20:00:00
2003,54,21,2314,51,52,60,37,5.0,4.6,9.5,148.9,-3.9,2.4,0.8,1.6,1.9,0.2,1.8,1.1,1.3,0.5,132299.0,2.1,535.0,-1.3,-0.1,0.038,31984.0,0.4,11.0,1.6,0.6,0.004,1.16,-1.02,0.91,7.8,5.8,0.0198,23,46,-12,9,101.8,110,-83,27,0.4,0.007169,999999.99,99999.99,99999.99,99999.99,99999.99,99999.99,0,2003-02-23 21:00:00
2003,54,22,2314,51,52,62,38,5.0,4.5,-39.8,116.4,-1.5,3.1,-2.9,4.2,-0.8,0.2,2.1,1.2,1.1,1.4,190818.0,2.9,557.0,-0.6,2.6,0.042,20517.0,0.3,8.0,0.9,0.9,0.004,1.75,0.45,1.54,9.5,6.2,0.0132,23,46,-5,9,101.8,107,-56,51,0.7,0.007169,999999.99,99999.99,99999.99,99999.99,99999.99,99999.99,0,2003-02-23 22:00:00
2003,54,23,2314,51,52,59,36,5.2,4.6,-1.2,191.0,-4.5,-0.9,-0.1,-0.7,-0.6,0.6,2.4,0.9,1.4,1.7,166953.0,3.2,541.0,2.2,0.3,0.033,25007.0,0.2,6.0,1.0,0.9,0.005,1.77,0.32,1.45,9.3,6.2,0.0137,23,46,-4,9,101.8,186,-129,56,1.0,0.007169,999999.99,99999.99,99999.99,99999.99,99999.99,99999.99,0,2003-02-23 23:00:00
2003,55,0,2314,51,52,59,36,5.3,5.1,10.8,193.5,-4.9,-1.2,1.0,-1.5,0.2,0.2,1.4,0.3,1.1,0.7,150063.0,2.9,529.0,2.5,-0.5,0.03,12017.0,0.1,8.0,1.0,0.8,0.007,1.52,-0.11,1.2,8.5,6.0,0.0165,17,46,-5,6,99.9,126,-74,52,0.3,0.0073,999999.99,99999.99,99999.99,99999.99,99999.99,99999.99,0,2003-02-24 00:00:00
2003,55,1,2314,51,52,59,35,5.4,5.3,0.7,181.3,-5.3,-0.1,0.1,-0.1,0.0,0.1,0.6,0.1,0.2,0.6,137698.0,3.0,518.0,1.8,0.6,0.022,19870.0,0.3,2.0,0.4,0.6,0.005,1.46,-0.0,1.14,8.3,5.9,0.0172,17,46,-5,6,99.9,85,-14,71,0.1,0.0073,999999.99,99999.99,99999.99,99999.99,99999.99,99999.99,0,2003-02-24 01:00:00
2003,55,2,2314,51,52,61,36,5.2,5.1,5.1,181.2,-5.1,-0.1,0.4,-0.3,0.3,0.3,1.1,0.3,0.6,0.8,124594.0,3.1,512.0,2.0,-0.1,0.02,16568.0,0.3,6.0,0.5,0.6,0.003,1.47,-0.15,1.21,8.7,6.1,0.0158,17,46,-5,6,99.9,95,-13,82,-0.1,0.0073,999999.99,99999.99,99999.99,99999.99,99999.99,99999.99,0,2003-02-24 02:00:00
2003,55,3,2314,51,52,61,38,5.0,4.0,10.7,107.4,-1.2,3.8,0.7,3.1,2.3,0.2,3.0,2.3,1.5,1.1,140091.0,3.3,539.0,-0.9,-0.2,0.036,20534.0,0.2,11.0,1.3,0.7,0.006,1.83,-1.24,1.47,9.8,6.5,0.0124,7,46,-3,3,99.9,75,-13,62,-0.2,0.0073,999999.99,99999.99,99999.99,99999.99,99999.99,99999.99,0,2003-02-24 03:00:00
2003,55,4,2314,51,52,59,37,5.0,4.6,33.1,100.5,-0.7,3.8,2.5,2.5,3.8,0.2,1.7,1.4,0.6,0.8,125788.0,3.0,538.0,-1.6,-1.6,0.037,18269.0,0.2,10.0,0.5,0.9,0.003,1.66,-2.04,1.27,9.3,6.4,0.0137,7,46,-3,3,99.9,37,3,40,-0.4,0.0073,999999.99,99999.99,99999.99,99999.99,99999.99,99999.99,0,2003-02-24 04:00:00
2003,55,5,2314,51,52,60,34,5.2,4.6,29.8,119.5,-2.0,3.5,2.3,2.5,3.4,0.3,2.3,1.3,1.1,1.5,107058.0,2.6,519.0,-1.9,-1.4,0.032,18037.0,0.2,14.0,1.5,1.9,0.005,1.32,-1.76,0.94,8.0,6.0,0.0184,7,46,-2,3,99.9,25,5,30,-0.6,0.0073,999999.99,99999.99,99999.99,99999.99,99999.99,99999.99,0,2003-02-24 05:00:00
2003,55,6,2314,51,52,58,36,6.0,5.6,38.7,115.7,-1.9,4.0,3.5,2.8,4.5,0.1,2.1,1.0,1.6,1.0,112619.0,2.6,519.0,-2.4,-2.4,0.026,24816.0,0.2,11.0,1.6,1.5,0.003,1.29,-2.34,0.72,7.0,5.5,0.0245,7,46,0,3,99.9,25,1,27,-0.8,0.0073,999999.99,99999.99,99999.99,99999.99,99999.99,99999.99,0,2003-02-24 06:00:00
2003,55,7,2314,51,52,57,36,6.1,5.7,16.4,131.8,-3.6,4.1,1.6,3.5,2.6,0.1,2.1,1.3,0.8,1.5,101402.0,2.5,494.0,-3.0,-0.5,0.027,21916.0,0.4,15.0,1.3,1.6,0.004,1.13,-1.28,0.64,6.4,5.1,0.029,7,46,2,3,99.9,26,0,27,-0.6,0.0073,999999.99,99999.99,99999.99,99999.99,99999.99,99999.99,0,2003-02-24 07:00:00
2003,55,8,2314,51,52,59,36,6.0,5.8,9.1,165.9,-5.6,1.4,0.9,1.2,1.2,0.1,1.4,0.2,1.0,0.9,82068.0,2.1,465.0,-0.0,-0.1,0.031,10618.0,0.1,4.0,1.7,1.4,0.002,0.85,-0.56,0.51,5.6,4.7,0.0377,7,46,0,3,99.9,30,0,30,-0.7,0.0073,999999.99,99999.99,99999.99,99999.99,99999.99,99999.99,0,2003-02-24 08:00:00
2003,55,9,2314,51,52,60,35,6.3,5.6,-3.5,174.8,-5.6,0.5,-0.3,0.6,-0.2,0.1,2.7,0.3,1.7,2.1,84651.0,2.2,467.0,1.1,1.8,0.038,15274.0,0.2,5.0,2.3,3.1,0.005,0.92,0.09,0.49,5.5,4.6,0.0394,20,46,0,7,99.9,32,2,35,-0.6,0.0073,999999.99,99999.99,99999.99,99999.99,99999.99,99999.99,0,2003-02-24 09:00:00
2003,55,10,2314,51,52,61,38,6.1,6.0,-35.7,162.7,-4.7,1.5,-3.5,2.1,-3.1,0.1,1.0,0.4,0.6,0.7,108581.0,2.4,476.0,-0.5,6.4,0.032,27771.0,0.3,9.0,1.0,1.2,0.003,1.02,1.48,0.64,6.0,4.9,0.0326,20,46,-3,7,99.9,157,-86,71,0.2,0.0073,999999.99,99999.99,99999.99,99999.99,99999.99,99999.99,0,2003-02-24 10:00:00
2003,55,11,2314,51,52,59,37,5.7,5.1,-25.2,159.7,-4.3,1.6,-2.2,2.0,-1.8,0.1,2.5,0.6,1.0,2.2,115031.0,2.5,478.0,-0.4,3.7,0.036,28445.0,0.4,9.0,1.5,3.3,0.005,1.09,0.86,0.78,6.6,5.1,0.0271,20,46,-9,7,99.9,366,-281,85,1.2,0.0073,999999.99,99999.99,99999.99,99999.99,99999.99,99999.99,0,2003-02-24 11:00:00
2003,55,12,2314,51,52,58,34,6.0,5.2,-5.0,151.9,-4.6,2.5,-0.5,2.5,0.0,0.1,2.8,0.7,0.9,2.5,101508.0,2.5,468.0,-2.2,1.6,0.031,19415.0,0.4,12.0,1.8,4.3,0.002,1.03,-0.0,0.66,6.2,4.9,0.0313,20,46,-11,7,99.9,304,-197,107,1.2,0.0073,999999.99,99999.99,99999.99,99999.99,99999.99,99999.99,0,2003-02-24 12:00:00
2003,55,13,2314,51,52,60,35,6.0,5.8,11.5,173.2,-5.6,0.7,1.2,0.4,1.3,0.1,1.5,0.4,0.5,1.3,91912.0,2.4,448.0,0.5,-0.7,0.031,12525.0,0.2,7.0,0.9,2.3,0.004,0.9,-0.58,0.61,5.8,4.7,0.0356,20,46,-14,7,99.9,212,-111,101,0.7,0.0073,999999.99,99999.99,99999.99,99999.99,99999.99,99999.99,0,2003-02-24 13:00:00
2003,55,14,2314,51,52,64,39,5.8,5.3,-19.1,158.9,-4.7,1.8,-1.7,2.2,-1.2,0.3,2.4,1.2,0.8,1.9,100674.0,2.5,460.0,-1.4,3.7,0.036,25514.0,0.3,16.0,1.0,3.1,0.007,1.01,0.55,0.71,6.3,4.9,0.0303,20,46,-13,7,99.9,106,-74,32,0.7,0.0073,999999.99,99999.99,99999.99,99999.99,99999.99,99999.99,0,2003-02-24 14:00:00
2003,55,15,2314,51,52,59,36,5.4,4.7,-9.1,134.2,-3.2,3.3,-0.7,3.4,0.3,0.2,2.6,1.0,1.2,2.0,110586.0,3.0,479.0,-2.7,1.8,0.03,19785.0,0.3,9.0,1.5,2.4,0.004,1.29,-0.14,1.02,7.7,5.6,0.0202,17,46,-9,6,99.9,159,-109,49,0.7,0.0073,999999.99,99999.99,99999.99,99999.99,99999.99,99999.99,0,2003-02-24 15:00:00
2003,55,16,2314,51,52,62,38,5.3,5.0,21.4,124.7,-2.7,3.8,1.8,2.9,3.0,0.3,1.7,0.8,0.8,1.2,92987.0,3.2,484.0,-3.3,-1.7,0.028,21266.0,0.3,9.0,0.9,1.5,0.003,1.39,-1.45,1.05,8.2,5.9,0.0178,17,46,-10,6,99.9,74,-33,41,-0.2,0.0073,999999.99,99999.99,99999.99,99999.99,99999.99,99999.99,0,2003-02-24 16:00:00
2003,55,17,2314,51,52,57,34,4.9,4.3,16.6,145.9,-3.4,2.3,1.2,1.7,2.0,0.3,2.4,1.4,1.1,1.5,133436.0,3.3,481.0,-0.6,-1.2,0.039,32091.0,0.3,13.0,1.3,1.4,0.008,1.47,-0.96,1.5,8.9,5.9,0.015,17,46,-6,6,99.9,78,-51,27,-0.4,0.0073,999999.99,99999.99,99999.99,99999.99,99999.99,99999.99,0,2003-02-24 17:00:00
2003,55,18,2314,51,52,60,36,5.2,5.0,16.9,150.2,-4.1,2.4,1.4,1.6,2.3,0.1,1.2,0.4,0.5,1.0,123840.0,3.3,471.0,-1.5,-1.5,0.043,12965.0,0.3,5.0,1.0,1.2,0.004,1.43,-1.08,1.28,8.2,5.7,0.0176,17,46,-4,6,99.9,35,-8,27,-0.2,0.0073,999999.99,99999.99,99999.99,99999.99,99999.99,99999.99,0,2003-02-24 18:00:00
2003,55,19,2314,51,52,60,38,5.2,4.8,-12.6,161.0,-4.5,1.5,-1.1,1.8,-0.3,0.1,1.8,0.5,1.0,1.3,108812.0,2.9,462.0,-0.7,1.6,0.04,26690.0,0.5,10.0,1.5,1.6,0.003,1.2,0.14,1.06,7.6,5.5,0.0208,17,46,-2,6,99.9,33,-4,29,0.2,0.0073,999999.99,99999.99,99999.99,99999.99,99999.99,99999.99,0,2003-02-24 19:00:00
2003,55,20,2314,51,52,58,36,5.2,4.7,-19.8,155.6,-4.0,1.8,-1.6,2.4,-0.5,0.1,2.0,1.2,1.2,1.0,116567.0,3.2,469.0,-0.3,1.7,0.046,20624.0,0.4,13.0,1.1,1.3,0.006,1.39,0.23,1.21,8.1,5.6,0.0183,17,46,-4,6,99.9,65,-24,41,0.6,0.0073,999999.99,99999.99,99999.99,99999.99,99999.99,99999.99,0,2003-02-24 20:00:00
2003,55,21,2314,51,52,62,38,5.1,4.8,-21.9,160.9,-4.2,1.5,-1.8,2.2,-0.8,0.1,1.7,0.4,1.2,1.1,111238.0,3.3,464.0,-0.5,1.9,0.042,16365.0,0.4,7.0,1.4,1.5,0.004,1.39,0.37,1.26,8.3,5.7,0.0174,20,46,-4,7,99.9,130,-75,56,0.8,0.0073,999999.99,99999.99,99999.99,99999.99,99999.99,99999.99,0,2003-02-24 21:00:00
2003,55,22,2314,51,52,59,35,5.2,5.1,-33.6,176.0,-4.2,0.3,-2.8,1.7,-2.2,0.1,1.1,0.5,0.7,0.7,101881.0,3.5,461.0,0.9,3.3,0.034,15763.0,0.3,8.0,0.9,0.6,0.003,1.41,1.01,1.24,8.3,5.8,0.0173,20,46,-6,7,99.9,150,-98,52,1.5,0.0073,999999.99,99999.99,99999.99,99999.99,99999.99,99999.99,0,2003-02-24 22:00:00
2003,55,23,2314,51,52,59,37,4.8,4.6,-25.0,168.9,-4.1,0.8,-2.0,1.7,-1.3,0.5,1.4,0.6,1.0,0.8,89475.0,4.4,456.0,0.3,2.8,0.038,11179.0,0.7,3.0,0.9,0.6,0.008,1.76,0.59,1.73,10.0,6.3,0.012,20,46,-8,7,99.9,200,-137,63,1.7,0.0073,999999.99,99999.99,99999.99,99999.99,99999.99,99999.99,0,2003-02-24 23:00:00
2003,56,0,2314,51,52,60,36,4.3,4.2,-15.2,166.2,-4.0,1.0,-1.1,1.4,-0.4,0.1,0.6,0.2,0.4,0.4,79690.0,5.2,446.0,-0.1,2.3,0.043,4180.0,0.1,3.0,0.3,0.3,0.003,2.02,0.18,2.43,11.8,6.7,0.0085,20,53,-8,7,99.5,117,-57,59,0.6,0.007324,999999.99,99999.99,99999.99,99999.99,99999.99,99999.99,0,2003-02-25 00:00:00
2003,56,1,2314,51,52,59,36,4.5,4.4,-11.2,166.0,-4.1,1.0,-0.8,1.3,-0.2,0.1,0.9,0.2,0.6,0.7,75385.0,5.4,444.0,-0.4,2.0,0.043,4139.0,0.1,2.0,0.5,0.5,0.003,2.08,0.09,2.26,11.5,6.7,0.0091,20,53,-7,7,99.5,73,-23,50,0.3,0.007324,999999.99,99999.99,99999.99,99999.99,99999.99,99999.99,0,2003-02-25 01:00:00
2003,56,2,2314,51,52,62,38,4.7,4.3,6.8,135.2,-3.1,3.0,0.5,2.4,1.9,0.1,1.8,0.9,1.0,1.2,70278.0,5.6,447.0,-1.4,1.3,0.039,4382.0,0.3,5.0,0.6,0.7,0.003,2.16,-0.85,2.09,11.3,6.7,0.0094,20,53,-6,7,99.5,86,-38,47,0.2,0.007324,999999.99,99999.99,99999.99,99999.99,99999.99,99999.99,0,2003-02-25 02:00:00
2003,56,3,2314,51,52,59,37,4.9,3.5,37.8,119.5,-1.4,2.4,2.1,1.2,2.9,0.2,3.3,1.8,1.5,2.3,65180.0,5.9,450.0,-1.6,0.6,0.044,9625.0,0.3,6.0,0.7,1.3,0.006,2.35,-1.3,1.98,11.2,6.8,0.0096,7,53,-4,3,99.5,49,-5,43,0.0,0.007324,999999.99,99999.99,99999.99,99999.99,99999.99,99999.99,0,2003-02-25 03:00:00
2003,56,4,2314,51,52,59,36,4.2,4.0,-1.8,141.7,-3.2,2.5,-0.1,2.3,0.9,0.7,1.4,0.9,0.7,0.8,76920.0,6.0,442.0,-1.7,2.0,0.044,9275.0,0.6,4.0,0.4,0.5,0.003,2.3,-0.4,2.9,12.9,6.9,0.0072,7,53,-2,3,99.5,33,3,35,-0.2,0.007324,999999.99,99999.99,99999.99,99999.99,99999.99,99999.99,0,2003-02-25 04:00:00
2003,56,5,2314,51,52,58,35,3.3,3.2,-8.1,146.9,-2.6,1.7,-0.5,1.8,0.1,0.4,0.7,0.6,0.3,0.3,84466.0,7.0,437.0,-1.6,2.8,0.042,4521.0,0.3,6.0,0.4,0.2,0.002,2.61,-0.04,5.69,17.5,7.2,0.0039,7,53,0,3,99.5,31,5,36,-0.3,0.007324,999999.99,99999.99,99999.99,99999.99,99999.99,99999.99,0,2003-02-25 05:00:00
2003,56,6,2314,51,52,61,38,4.1,4.0,2.1,121.1,-2.0,3.4,0.1,3.2,1.1,0.4,1.0,0.7,0.5,0.5,72647.0,7.5,428.0,-1.5,2.0,0.044,3935.0,0.2,3.0,0.4,0.3,0.002,2.7,-0.47,3.73,14.3,7.0,0.0058,13,53,2,5,99.5,52,-4,48,-0.3,0.007324,999999.99,99999.99,99999.99,99999.99,99999.99,99999.99,0,2003-02-25 06:00:00
2003,56,7,2314,51,52,58,36,5.6,5.2,6.1,170.8,-5.1,0.8,0.6,0.6,0.8,0.4,2.1,1.3,1.5,0.5,67516.0,6.0,418.0,-1.0,1.6,0.04,12872.0,0.5,4.0,0.5,0.5,0.004,2.03,-0.33,1.56,9.1,6.0,0.0142,13,53,2,5,99.5,37,7,45,-0.7,0.007324,999999.99,99999.99,99999.99,99999.99,99999.99,99999.99,0,2003-02-25 07:00:00
2003,56,8,2314,51,52,60,37,5.9,5.9,-3.4,176.7,-5.8,0.3,-0.4,0.4,-0.3,0.2,0.8,0.2,0.7,0.4,68683.0,6.1,415.0,-0.8,2.3,0.039,8267.0,0.3,3.0,0.5,0.3,0.004,2.03,0.12,1.44,8.7,5.8,0.0158,13,53,2,5,99.5,55,-5,50,-0.5,0.007324,999999.99,99999.99,99999.99,99999.99,99999.99,99999.99,0,2003-02-25 08:00:00
2003,56,9,2314,51,52,59,35,5.9,5.7,-4.3,162.8,-5.4,1.7,-0.4,1.7,0.0,0.2,1.6,0.5,0.9,1.3,62404.0,6.5,415.0,-1.6,2.6,0.043,7048.0,0.4,3.0,0.6,1.0,0.004,2.19,-0.0,1.48,9.0,5.9,0.0148,17,53,2,6,99.5,218,-113,105,0.3,0.007324,999999.99,99999.99,99999.99,99999.99,99999.99,99999.99,0,2003-02-25 09:00:00
2003,56,10,2314,51,52,60,36,5.9,5.0,-0.7,113.9,-2.0,4.6,-0.1,4.5,0.8,0.2,3.1,2.6,1.2,1.2,51125.0,7.6,414.0,-2.8,2.8,0.041,5630.0,0.5,4.0,0.5,0.4,0.005,2.53,-0.33,1.63,9.7,6.2,0.0127,17,53,1,6,99.5,220,-146,74,0.3,0.007324,999999.99,99999.99,99999.99,99999.99,99999.99,99999.99,0,2003-02-25 10:00:00
2003,56,11,2314,51,52,59,37,6.1,5.0,-9.7,133.2,-3.4,3.6,-0.8,3.7,-0.1,0.4,3.5,1.9,2.5,1.6,51240.0,7.5,407.0,-2.4,3.8,0.04,6091.0,0.5,5.0,1.2,1.0,0.005,2.41,0.04,1.51,9.1,6.0,0.0142,17,53,1,6,99.5,232,-177,55,0.8,0.007324,999999.99,99999.99,99999.99,99999.99,99999.99,99999.99,0,2003-02-25 11:00:00
2003,56,12,2314,51,52,63,38,6.7,4.1,-16.1,155.1,-3.6,1.7,-1.1,1.9,-0.7,0.3,5.1,2.8,2.4,3.6,50260.0,7.1,411.0,-1.5,3.8,0.038,9788.0,0.6,11.0,1.4,2.7,0.006,2.31,0.29,1.18,8.2,5.8,0.0178,17,53,0,6,99.5,160,-94,65,1.0,0.007324,999999.99,99999.99,99999.99,99999.99,99999.99,99999.99,0,2003-02-25 12:00:00
2003,56,13,2314,51,52,60,36,6.6,6.1,36.8,60.2,2.4,4.2,3.7,3.2,4.6,0.2,2.3,2.0,1.0,0.7,47478.0,8.1,426.0,-2.5,1.2,0.032,5415.0,0.7,6.0,0.8,0.5,0.002,2.77,-1.96,1.36,9.2,6.2,0.0141,17,53,-1,6,99.5,95,-29,65,-0.2,0.007324,999999.99,99999.99,99999.99,99999.99,99999.99,99999.99,0,2003-02-25 13:00:00
2003,56,14,2314,51,52,56,35,6.6,6.3,4.2,81.1,1.0,6.2,0.5,5.8,2.1,0.1,1.9,1.5,0.5,1.1,44473.0,8.1,411.0,-3.8,3.1,0.036,3752.0,0.4,8.0,0.3,0.7,0.004,2.61,-0.86,1.34,8.9,6.0,0.0151,17,53,-1,6,99.5,52,-11,41,-0.1,0.007324,999999.99,99999.99,99999.99,99999.99,99999.99,99999.99,0,2003-02-25 14:00:00
2003,56,15,2314,51,52,58,35,6.0,5.8,-15.6,111.8,-2.1,5.2,-1.6,5.4,0.1,0.3,1.1,0.8,0.7,0.4,43642.0,7.4,392.0,-3.0,3.2,0.039,4132.0,0.3,4.0,1.1,0.7,0.002,2.2,-0.04,1.47,8.9,5.9,0.0151,10,53,-3,4,99.5,124,-95,29,0.2,0.007324,999999.99,99999.99,99999.99,99999.99,99999.99,99999.99,0,2003-02-25 15:00:00
2003,56,16,2314,51,52,63,40,5.6,5.1,-6.1,101.9,-1.0,5.0,-0.5,4.9,1.3,0.2,2.3,1.8,0.9,1.1,51754.0,7.4,401.0,-2.5,1.6,0.038,6665.0,0.7,11.0,0.8,1.0,0.003,2.29,-0.52,1.77,9.7,6.1,0.0125,10,53,-3,4,99.5,101,-70,31,-0.0,0.007324,999999.99,99999.99,99999.99,99999.99,99999.99,99999.99,0,2003-02-25 16:00:00
2003,56,17,2314,51,52,65,36,6.5,6.0,-25.7,150.6,-4.7,2.7,-2.6,3.5,-1.3,0.5,2.3,1.1,1.8,0.9,66347.0,5.3,414.0,-0.5,1.3,0.04,20068.0,1.6,24.0,1.6,1.9,0.009,1.76,0.54,1.02,7.3,5.4,0.0221,10,53,-5,4,99.5,108,-79,30,0.3,0.007324,999999.99,99999.99,99999.99,99999.99,99999.99,99999.99,0,2003-02-25 17:00:00
2003,56,18,2314,51,52,59,36,6.4,6.3,-15.4,126.4,-3.6,4.9,-1.7,5.2,0.6,0.2,0.9,0.6,0.4,0.5,65158.0,4.1,434.0,2.0,0.7,0.036,10128.0,0.3,6.0,0.7,0.6,0.008,1.48,-0.26,0.81,6.9,5.3,0.0252,7,53,-8,3,99.5,148,-115,33,0.3,0.007324,999999.99,99999.99,99999.99,99999.99,99999.99,99999.99,0,2003-02-25 18:00:00
2003,56,19,2314,51,52,61,38,5.0,4.9,-1.7,133.9,-3.4,3.5,-0.1,3.1,1.6,0.7,1.3,0.4,1.1,0.7,71254.0,4.8,435.0,2.3,1.1,0.024,12211.0,0.5,5.0,1.0,0.3,0.004,1.66,-0.7,1.59,9.5,6.2,0.0131,7,53,-7,3,99.5,71,-46,25,0.1,0.007324,999999.99,99999.99,99999.99,99999.99,99999.99,99999.99,0,2003-02-25 19:00:00
2003,56,20,2314,51,52,62,38,4.5,4.4,9.6,143.2,-3.5,2.6,0.7,1.9,1.9,0.3,0.9,0.3,0.4,0.8,67021.0,4.1,450.0,-0.8,0.8,0.02,11294.0,0.3,5.0,0.5,0.5,0.002,1.5,-0.85,1.65,10.1,6.5,0.0116,7,53,-7,3,99.5,34,-8,26,-0.0,0.007324,999999.99,99999.99,99999.99,99999.99,99999.99,99999.99,0,2003-02-25 20:00:00
2003,56,21,2314,51,52,57,35,5.4,5.3,6.4,147.1,-4.4,2.9,0.6,2.2,2.0,0.3,1.2,0.7,0.4,0.9,52298.0,3.2,450.0,-1.6,0.6,0.025,16080.0,0.6,6.0,0.5,0.6,0.006,1.19,-0.9,0.82,7.5,5.7,0.0214,7,53,-5,3,99.5,33,-1,32,-0.1,0.007324,999999.99,99999.99,99999.99,99999.99,99999.99,99999.99,0,2003-02-25 21:00:00
2003,56,22,2314,51,52,58,36,4.9,4.2,-5.7,128.7,-2.6,3.2,-0.4,2.9,1.4,1.1,2.7,2.6,0.6,0.7,83473.0,5.2,434.0,-2.8,0.1,0.03,24041.0,1.2,6.0,0.6,0.5,0.004,1.83,-0.61,1.91,10.1,6.2,0.0117,7,53,-2,3,99.5,34,-1,34,-0.1,0.007324,999999.99,99999.99,99999.99,99999.99,99999.99,99999.99,0,2003-02-25 22:00:00
2003,56,23,2314,51,52,58,35,4.8,4.7,-7.3,143.5,-3.7,2.7,-0.6,2.6,0.9,0.8,1.2,0.9,0.5,0.6,73252.0,5.9,397.0,-3.5,-1.3,0.037,14266.0,0.8,7.0,0.9,0.6,0.006,1.78,-0.36,2.15,10.0,5.9,0.0118,7,53,-1,3,99.5,31,-1,30,-0.0,0.007324,999999.99,99999.99,99999.99,99999.99,99999.99,99999.99,0,2003-02-25 23:00:00
2003,57,0,2314,51,52,61,36,6.0,5.8,-8.0,155.0,-5.2,2.4,-0.8,2.5,0.6,0.4,1.4,0.5,1.0,0.9,66474.0,4.5,400.0,-3.5,-1.1,0.029,15225.0,0.9,10.0,0.7,0.8,0.004,1.34,-0.24,1.01,7.1,5.2,0.0238,7,49,2,3,107.2,28,-2,26,-0.1,0.007322,999999.99,99999.99,99999.99,99999.99,99999.99,99999.99,0,2003-02-26 00:00:00
2003,57,1,2314,51,52,56,35,6.3,6.3,1.6,139.5,-4.8,4.1,0.2,3.4,2.2,0.2,0.7,0.3,0.4,0.5,57048.0,5.0,401.0,-4.8,-1.8,0.032,10117.0,0.6,7.0,0.5,0.7,0.003,1.51,-0.88,0.97,7.1,5.2,0.0235,7,49,4,3,107.2,33,-6,27,0.1,0.007322,999999.99,99999.99,99999.99,99999.99,99999.99,99999.99,0,2003-02-26 01:00:00
2003,57,2,2314,51,52,60,36,6.3,6.3,0.5,142.4,-5.0,3.8,0.1,3.3,1.9,0.2,0.6,0.2,0.4,0.3,49623.0,5.1,392.0,-4.9,-1.5,0.032,11324.0,0.8,5.0,0.6,0.3,0.002,1.48,-0.74,0.95,7.0,5.2,0.0241,7,49,5,3,107.2,29,-5,24,-0.2,0.007322,999999.99,99999.99,99999.99,99999.99,99999.99,99999.99,0,2003-02-26 02:00:00
2003,57,3,2314,51,52,60,36,6.2,6.2,-3.2,140.8,-4.8,3.9,-0.4,3.7,1.3,0.2,0.6,0.3,0.4,0.2,55527.0,5.2,386.0,-4.7,-0.7,0.031,19112.0,0.5,3.0,0.7,0.4,0.003,1.45,-0.5,1.03,7.1,5.2,0.0236,23,49,5,9,107.2,27,-4,23,-0.2,0.007322,999999.99,99999.99,99999.99,99999.99,99999.99,99999.99,0,2003-02-26 03:00:00
2003,57,4,2314,51,52,62,39,6.2,5.9,-18.2,133.2,-3.8,4.1,-1.8,4.5,0.0,0.4,2.0,1.1,1.4,0.9,39240.0,6.7,388.0,-4.5,0.5,0.024,7155.0,0.9,8.0,0.7,0.5,0.005,1.85,-0.0,1.22,8.1,5.7,0.0181,23,49,7,9,107.2,40,-2,39,0.1,0.007322,999999.99,99999.99,99999.99,99999.99,99999.99,99999.99,0,2003-02-26 04:00:00
2003,57,5,2314,51,52,62,38,8.5,7.7,-36.4,147.8,-5.2,3.3,-4.6,4.7,-3.2,0.7,3.6,1.5,2.6,2.0,55220.0,9.2,407.0,-2.5,2.0,0.02,8731.0,0.7,8.0,1.2,1.0,0.003,2.75,1.3,0.97,7.3,5.4,0.0226,23,49,9,9,107.2,130,-56,74,1.2,0.007322,999999.99,99999.99,99999.99,99999.99,99999.99,99999.99,0,2003-02-26 05:00:00
2003,57,6,2314,51,52,59,36,9.4,9.0,-38.2,145.3,-5.8,4.0,-5.5,5.5,-4.0,0.4,2.8,1.2,2.4,0.9,64956.0,9.2,421.0,-2.6,1.5,0.019,15566.0,1.1,6.0,1.1,1.0,0.003,2.93,1.68,0.84,6.8,5.2,0.0258,37,49,1,22,107.2,349,-243,106,2.6,0.007322,999999.99,99999.99,99999.99,99999.99,99999.99,99999.99,0,2003-02-26 06:00:00
2003,57,7,2314,51,52,62,38,7.5,6.8,-34.6,170.9,-5.5,0.9,-3.8,1.9,-3.4,1.0,3.2,1.6,2.7,0.6,76019.0,11.6,422.0,-3.1,0.5,0.023,16377.0,2.0,8.0,1.4,0.5,0.003,3.77,1.43,1.75,9.6,6.0,0.013,37,49,-7,22,107.2,432,-284,148,3.6,0.007322,999999.99,99999.99,99999.99,99999.99,99999.99,99999.99,0,2003-02-26 07:00:00
2003,57,8,2314,51,52,65,40,8.9,8.6,-34.9,207.1,-6.3,-3.2,-4.9,-2.0,-5.5,0.6,2.5,0.6,2.2,0.9,54275.0,10.0,442.0,1.0,-0.8,0.018,8002.0,1.9,8.0,1.9,1.2,0.005,3.5,2.43,0.96,7.9,5.8,0.0193,37,49,-14,22,107.2,441,-234,207,2.9,0.007322,999999.99,99999.99,99999.99,99999.99,99999.99,99999.99,0,2003-02-26 08:00:00
2003,57,9,2314,51,52,62,39,8.1,8.0,-27.6,192.0,-6.9,-1.5,-3.7,-0.7,-3.9,0.5,1.6,0.4,0.9,1.2,50328.0,11.3,480.0,2.8,-4.5,0.039,6994.0,1.2,5.0,0.6,0.5,0.005,5.03,1.87,1.28,10.0,6.9,0.012,33,49,-21,18,107.2,376,-243,134,2.3,0.007322,999999.99,99999.99,99999.99,99999.99,99999.99,99999.99,0,2003-02-26 09:00:00
2003,57,10,2314,51,52,60,36,7.0,7.0,-15.4,171.8,-6.6,1.0,-1.8,1.3,-1.6,0.2,0.9,0.3,0.8,0.3,53048.0,10.3,492.0,4.1,-4.1,0.036,2985.0,0.8,6.0,0.2,0.3,0.003,4.76,0.79,1.59,11.3,7.3,0.0094,33,49,-21,18,107.2,605,-390,215,2.5,0.007322,999999.99,99999.99,99999.99,99999.99,99999.99,99999.99,0,2003-02-26 10:00:00
2003,57,11,2314,51,52,59,36,5.0,4.9,-19.1,153.2,-4.1,2.1,-1.6,2.4,-1.1,1.3,1.7,1.2,0.6,1.1,51962.0,15.4,481.0,5.1,-4.7,0.047,3852.0,3.9,4.0,0.5,0.5,0.004,7.07,0.53,4.62,18.9,8.4,0.0033,33,49,-7,18,107.2,621,-387,234,2.9,0.007322,999999.99,99999.99,99999.99,99999.99,99999.99,99999.99,0,2003-02-26 11:00:00
2003,57,12,2314,51,52,57,35,5.7,5.2,-3.9,152.1,-4.6,2.4,-0.4,2.4,0.1,0.9,2.3,0.6,0.9,2.1,50926.0,15.8,463.0,4.1,-3.5,0.05,7792.0,1.9,10.0,0.6,0.8,0.007,6.79,-0.05,3.63,16.1,7.9,0.0046,30,49,-6,15,107.2,435,-239,197,2.1,0.007322,999999.99,99999.99,99999.99,99999.99,99999.99,99999.99,0,2003-02-26 12:00:00
2003,57,13,2314,51,52,59,37,6.7,6.6,16.9,138.5,-4.8,4.2,1.9,3.6,2.8,0.2,0.9,0.5,0.3,0.7,35020.0,12.3,449.0,3.6,-2.6,0.052,3873.0,0.9,2.0,0.2,0.4,0.008,5.0,-1.26,1.86,11.8,7.3,0.0086,30,49,-10,15,107.2,263,-118,145,0.6,0.007322,999999.99,99999.99,99999.99,99999.99,99999.99,99999.99,0,2003-02-26 13:00:00
2003,57,14,2314,51,52,59,36,3.8,2.9,-6.2,150.0,-2.5,1.4,-0.3,1.4,0.1,1.2,2.7,1.9,1.4,1.3,49514.0,20.7,433.0,1.1,-3.6,0.042,6585.0,3.0,5.0,0.4,0.6,0.003,7.57,-0.04,10.61,25.9,8.1,0.0018,30,49,-4,15,107.2,133,-69,64,0.2,0.007322,999999.99,99999.99,99999.99,99999.99,99999.99,99999.99,0,2003-02-26 14:00:00
2003,57,15,2314,51,52,61,38,4.8,4.2,-10.7,150.7,-3.6,2.0,-0.8,2.1,-0.1,1.2,2.5,1.8,1.4,1.0,58194.0,16.9,443.0,0.6,-4.4,0.041,9237.0,2.3,4.0,0.4,0.5,0.004,6.45,0.04,5.69,19.0,7.8,0.0033,23,49,-5,9,107.2,86,-40,46,-0.0,0.007322,999999.99,99999.99,99999.99,99999.99,99999.99,99999.99,0,2003-02-26 15:00:00
2003,57,16,2314,51,52,59,36,6.9,6.9,-9.3,152.2,-6.0,3.2,-1.1,3.4,0.1,0.3,0.5,0.2,0.3,0.3,51012.0,10.6,443.0,0.2,-4.2,0.03,6660.0,0.6,5.0,0.2,0.4,0.002,3.89,-0.04,1.66,10.5,6.7,0.0109,23,49,-10,9,107.2,180,-117,64,0.4,0.007322,999999.99,99999.99,99999.99,99999.99,99999.99,99999.99,0,2003-02-26 16:00:00
2003,57,17,2314,51,52,57,36,6.1,6.0,-7.8,151.2,-5.2,2.9,-0.8,3.0,0.4,0.8,1.4,0.9,0.4,1.0,38368.0,13.6,429.0,-0.1,-3.0,0.043,6225.0,3.1,9.0,0.8,0.4,0.012,4.9,-0.17,2.54,13.0,7.3,0.0071,23,49,-10,9,107.2,275,-212,63,0.7,0.007322,999999.99,99999.99,99999.99,99999.99,99999.99,99999.99,0,2003-02-26 17:00:00
2003,57,18,2314,51,52,61,37,5.7,5.6,5.3,131.3,-3.7,4.2,0.5,3.6,2.3,1.2,1.4,0.9,1.0,0.5,31033.0,22.0,412.0,-2.4,-2.0,0.057,2946.0,3.8,3.0,0.3,0.4,0.009,7.66,-0.95,4.49,17.0,7.7,0.0041,27,49,0,12,107.2,146,-62,83,0.7,0.007322,999999.99,99999.99,99999.99,99999.99,99999.99,99999.99,0,2003-02-26 18:00:00
2003,57,19,2314,51,52,59,37,5.1,1.9,51.7,169.0,-1.2,0.2,1.5,-0.5,1.4,1.0,4.6,2.0,3.3,2.6,65657.0,26.4,418.0,-3.7,-1.3,0.042,18434.0,3.1,5.0,1.6,0.7,0.011,9.0,-0.59,8.19,21.1,7.4,0.0027,27,49,7,12,107.2,135,-57,78,0.4,0.007322,999999.99,99999.99,99999.99,99999.99,99999.99,99999.99,0,2003-02-26 19:00:00
2003,57,20,2314,51,52,60,37,7.5,6.3,2.3,331.1,5.5,-3.0,0.3,-2.7,-1.2,1.1,4.2,1.8,2.3,3.1,81491.0,33.0,406.0,-6.6,-2.3,0.028,6984.0,3.7,3.0,1.1,0.6,0.003,10.1,0.49,5.12,15.5,6.7,0.0049,27,49,9,12,107.2,185,-78,107,1.2,0.007322,999999.99,99999.99,99999.99,99999.99,99999.99,99999.99,0,2003-02-26 20:00:00
2003,57,21,2314,51,52,60,37,11.3,8.9,5.9,302.7,4.8,-7.4,0.9,-6.8,-3.1,1.8,7.0,1.3,4.8,4.9,71993.0,34.2,416.0,-6.5,-1.8,0.033,11319.0,6.6,5.0,0.9,0.9,0.007,11.19,1.29,2.23,10.8,6.3,0.0103,43,49,6,32,107.2,213,-91,122,1.7,0.007322,999999.99,99999.99,99999.99,99999.99,99999.99,99999.99,0,2003-02-26 21:00:00
2003,57,22,2314,51,52,61,37,14.0,13.7,22.5,292.1,4.7,-11.7,5.2,-12.7,-1.8,0.6,3.1,1.0,0.7,2.9,73697.0,32.7,418.0,-7.8,-1.0,0.043,5030.0,2.1,3.0,0.3,0.5,0.003,11.18,0.75,1.4,8.5,5.7,0.0163,43,49,1,32,107.2,391,-108,283,3.1,0.007322,999999.99,99999.99,99999.99,99999.99,99999.99,99999.99,0,2003-02-26 22:00:00
2003,57,23,2314,51,52,63,38,16.5,13.0,-16.0,292.9,4.9,-11.5,-3.6,-7.8,-9.2,1.2,10.0,1.2,1.5,9.9,106807.0,18.1,428.0,-4.2,-0.5,0.047,35958.0,9.7,8.0,2.8,0.9,0.011,6.58,3.94,0.65,5.5,4.4,0.0391,43,49,-3,32,107.2,542,-285,257,3.9,0.007322,999999.99,99999.99,99999.99,99999.99,99999.99,99999.99,0,2003-02-26 23:00:00
2003,58,0,2314,51,52,61,36,15.3,14.1,-19.8,291.0,4.7,-12.4,-4.8,-8.0,-10.6,1.2,5.6,1.4,1.9,5.0,213010.0,12.4,451.0,-0.3,-1.4,0.054,32834.0,1.0,8.0,1.3,2.5,0.006,5.12,4.78,0.75,5.2,4.0,0.0442,50,71,-19,48,115.4,663,-479,184,5.1,0.007326,999999.99,99999.99,99999.99,99999.99,99999.99,99999.99,0,2003-02-27 00:00:00
2003,58,1,2314,51,52,66,37,15.3,13.5,-35.8,293.6,4.4,-10.1,-7.9,-4.7,-11.9,1.6,6.9,1.7,4.8,4.7,345320.0,9.3,495.0,4.3,-5.1,0.063,83065.0,2.7,22.0,2.4,1.2,0.017,4.76,5.89,0.78,4.9,3.8,0.0489,50,71,-41,48,115.4,489,-366,122,4.3,0.007326,999999.99,99999.99,99999.99,99999.99,99999.99,99999.99,0,2003-02-27 01:00:00
2003,58,2,2314,51,52,59,36,15.1,14.3,5.2,301.8,7.5,-12.1,1.3,-11.3,-4.6,0.9,4.5,1.6,1.7,3.9,316465.0,6.4,511.0,6.2,-3.9,0.069,41086.0,0.8,5.0,1.1,1.0,0.012,3.56,2.35,0.52,4.3,3.6,0.0649,50,71,-60,48,115.4,622,-429,193,3.1,0.007326,999999.99,99999.99,99999.99,99999.99,99999.99,99999.99,0,2003-02-27 02:00:00
2003,58,3,2314,51,52,63,35,12.9,11.6,22.0,311.2,7.1,-8.1,4.3,-9.2,0.3,0.6,5.3,0.9,2.4,4.7,303585.0,6.1,520.0,4.8,-4.8,0.054,39050.0,0.7,14.0,1.1,2.1,0.018,3.35,-0.16,0.66,5.0,4.0,0.048,47,71,-50,39,115.4,357,-190,167,2.2,0.007326,999999.99,99999.99,99999.99,99999.99,99999.99,99999.99,0,2003-02-27 03:00:00
2003,58,4,2314,51,52,60,35,10.9,9.5,11.0,321.4,7.3,-5.8,1.8,-6.0,-0.6,0.7,4.8,2.0,3.3,2.8,368267.0,5.2,541.0,6.6,-5.2,0.076,52211.0,0.7,16.0,3.5,2.8,0.037,3.31,0.32,0.9,5.7,4.2,0.0371,47,71,-41,39,115.4,219,-88,131,1.7,0.007326,999999.99,99999.99,99999.99,99999.99,99999.99,99999.99,0,2003-02-27 04:00:00
2003,58,5,2314,51,52,63,30,9.8,7.7,5.2,346.9,7.4,-1.7,0.7,-1.8,0.1,0.6,5.8,1.5,3.8,4.0,423055.0,5.5,564.0,9.0,-5.2,0.052,76660.0,0.8,14.0,3.0,2.9,0.005,3.53,-0.06,1.31,6.7,4.6,0.0261,47,71,-43,39,115.4,131,-23,108,0.4,0.007326,999999.99,99999.99,99999.99,99999.99,99999.99,99999.99,0,2003-02-27 05:00:00
2003,58,6,2314,51,52,60,35,8.7,7.8,7.6,36.8,6.2,4.6,1.0,4.1,2.4,0.2,3.6,1.9,2.8,1.2,348868.0,6.0,591.0,11.9,-4.6,0.034,34894.0,0.4,19.0,1.8,0.8,0.005,3.98,-1.42,1.57,8.3,5.4,0.0172,33,71,-47,18,115.4,157,-63,94,0.7,0.007326,999999.99,99999.99,99999.99,99999.99,99999.99,99999.99,0,2003-02-27 06:00:00
2003,58,7,2314,51,52,60,30,8.4,7.7,9.0,33.9,6.3,4.2,1.2,3.7,2.3,0.2,3.0,1.4,2.1,1.5,308041.0,6.8,588.0,11.4,-4.9,0.027,36623.0,0.7,16.0,1.0,1.3,0.004,4.35,-1.35,1.75,9.1,5.8,0.0143,33,71,-46,18,115.4,227,-123,104,0.8,0.007326,999999.99,99999.99,99999.99,99999.99,99999.99,99999.99,0,2003-02-27 07:00:00
2003,58,8,2314,51,52,60,35,9.0,6.8,15.4,317.2,4.8,-4.5,1.8,-4.8,0.7,0.4,5.5,2.5,4.6,1.7,316881.0,5.0,568.0,4.2,-4.7,0.041,50205.0,0.9,20.0,4.6,2.0,0.012,3.14,-0.4,1.14,7.1,5.0,0.0239,33,71,-45,18,115.4,350,-251,98,1.1,0.007326,999999.99,99999.99,99999.99,99999.99,99999.99,99999.99,0,2003-02-27 08:00:00
2003,58,9,2314,51,52,62,31,7.8,4.8,31.7,336.6,3.8,-1.6,2.5,-2.1,2.1,0.9,5.9,3.1,4.5,2.2,495176.0,5.3,570.0,6.5,-5.6,0.037,67000.0,1.0,28.0,3.4,2.1,0.009,3.3,-1.2,2.26,8.4,4.9,0.0168,33,71,-41,18,115.4,389,-217,173,2.1,0.007326,999999.99,99999.99,99999.99,99999.99,99999.99,99999.99,0,2003-02-27 09:00:00
2003,58,10,2314,51,52,57,33,8.8,6.7,29.3,292.0,2.2,-5.4,3.3,-6.0,2.1,0.9,5.6,1.2,5.1,2.0,518998.0,5.1,576.0,3.4,-5.6,0.041,46154.0,0.5,13.0,3.2,1.1,0.01,3.29,-1.21,1.77,7.4,4.6,0.0218,33,71,-41,18,115.4,373,-182,191,0.8,0.007326,999999.99,99999.99,99999.99,99999.99,99999.99,99999.99,0,2003-02-27 10:00:00
2003,58,11,2314,51,52,61,26,9.7,9.0,-8.4,275.9,0.9,-8.9,-1.3,-8.5,-3.1,0.3,3.4,1.8,0.8,2.7,461754.0,4.7,575.0,1.4,-7.0,0.035,44871.0,0.5,10.0,0.6,1.9,0.005,2.96,1.78,1.23,6.4,4.5,0.0288,33,71,-30,18,115.4,402,-239,163,2.1,0.007326,999999.99,99999.99,99999.99,99999.99,99999.99,99999.99,0,2003-02-27 11:00:00
2003,58,12,2314,51,52,60,36,9.1,7.5,-6.6,285.1,2.0,-7.2,-0.9,-6.8,-2.4,0.6,5.0,2.5,2.8,3.2,459077.0,5.5,575.0,3.5,-5.6,0.032,44113.0,0.6,18.0,2.4,2.5,0.005,3.43,1.38,1.62,7.4,4.8,0.0217,43,71,-34,32,115.4,457,-345,113,2.8,0.007326,999999.99,99999.99,99999.99,99999.99,99999.99,99999.99,0,2003-02-27 12:00:00
2003,58,13,2314,51,52,58,30,8.6,7.9,-4.2,287.2,2.3,-7.5,-0.6,-7.1,-2.4,0.7,3.0,1.4,1.9,1.8,413145.0,5.0,557.0,1.6,-5.2,0.044,56716.0,0.4,12.0,2.0,1.4,0.009,3.05,1.34,1.52,7.2,4.8,0.0227,43,71,-32,32,115.4,847,-584,263,3.8,0.007326,999999.99,99999.99,99999.99,99999.99,99999.99,99999.99,0,2003-02-27 13:00:00
2003,58,14,2314,51,52,62,37,6.7,6.3,0.8,277.4,0.8,-6.3,0.1,-6.1,-1.6,1.4,2.4,1.4,1.5,1.3,339711.0,4.0,594.0,0.5,-1.6,0.037,42227.0,1.0,27.0,0.4,1.9,0.01,2.71,0.95,1.74,8.9,5.6,0.0151,43,71,-41,32,115.4,530,-354,176,2.8,0.007326,999999.99,99999.99,99999.99,99999.99,99999.99,99999.99,0,2003-02-27 14:00:00
2003,58,15,2314,51,52,60,37,6.5,6.2,-15.8,302.2,3.2,-5.0,-1.7,-4.2,-3.2,0.2,1.8,0.8,0.7,1.5,246636.0,3.0,576.0,0.1,-2.8,0.029,33124.0,0.3,12.0,1.0,1.7,0.003,1.86,1.84,1.11,7.7,5.5,0.0202,40,71,-44,27,115.4,471,-252,219,2.1,0.007326,999999.99,99999.99,99999.99,99999.99,99999.99,99999.99,0,2003-02-27 15:00:00
2003,58,16,2314,51,52,57,36,6.9,6.6,-16.3,301.8,3.3,-5.4,-1.9,-4.4,-3.7,0.1,1.8,1.1,0.7,1.1,213688.0,2.9,566.0,-0.6,-2.5,0.028,28268.0,0.3,14.0,0.5,1.4,0.004,1.73,2.09,0.87,7.0,5.3,0.0244,40,71,-47,27,115.4,828,-621,207,2.9,0.007326,999999.99,99999.99,99999.99,99999.99,99999.99,99999.99,0,2003-02-27 16:00:00
2003,58,17,2314,51,52,58,34,7.1,6.8,-4.7,298.8,3.2,-5.9,-0.6,-5.2,-2.9,0.1,1.9,0.9,0.7,1.6,225598.0,3.1,557.0,-0.2,-1.1,0.027,27265.0,0.2,13.0,0.8,1.8,0.002,1.78,1.62,0.91,6.9,5.2,0.0249,40,71,-51,27,115.4,867,-613,255,3.6,0.007326,999999.99,99999.99,99999.99,99999.99,99999.99,99999.99,0,2003-02-27 17:00:00
2003,58,18,2314,51,52,61,36,7.4,7.0,-22.2,303.7,3.6,-5.4,-2.6,-3.7,-4.7,0.2,2.3,1.4,0.9,1.7,200589.0,3.2,544.0,0.1,-3.1,0.029,23696.0,0.2,18.0,0.6,1.8,0.004,1.76,2.56,0.8,6.6,5.1,0.0275,37,71,-53,22,115.4,804,-537,267,3.7,0.007326,999999.99,99999.99,99999.99,99999.99,99999.99,99999.99,0,2003-02-27 18:00:00
2003,58,19,2314,51,52,60,35,7.3,6.9,-12.6,311.1,4.4,-5.1,-1.5,-3.8,-3.7,0.2,2.1,1.3,1.3,0.9,190655.0,3.2,529.0,0.4,-2.0,0.029,37659.0,0.3,18.0,1.6,1.3,0.002,1.67,1.96,0.8,6.5,5.0,0.0283,37,71,-58,22,115.4,764,-541,223,3.3,0.007326,999999.99,99999.99,99999.99,99999.99,99999.99,99999.99,0,2003-02-27 19:00:00
2003,58,20,2314,51,52,59,36,7.7,7.3,-22.9,289.1,2.2,-6.4,-2.8,-4.1,-5.6,0.1,2.2,1.7,0.5,1.3,160894.0,3.4,543.0,-1.1,-2.3,0.029,21738.0,0.3,20.0,0.5,1.8,0.003,1.87,3.04,0.69,6.5,5.1,0.0281,37,71,-63,22,115.4,694,-539,155,3.3,0.007326,999999.99,99999.99,99999.99,99999.99,99999.99,99999.99,0,2003-02-27 20:00:00
2003,58,21,2314,51,52,58,35,7.5,7.1,-18.1,309.1,4.3,-5.3,-2.2,-3.4,-4.7,0.2,2.0,1.0,1.0,1.4,165857.0,3.5,516.0,-0.4,-2.2,0.035,21899.0,0.4,13.0,0.7,1.7,0.003,1.77,2.43,0.76,6.4,5.0,0.0287,43,71,-66,32,115.4,643,-488,155,3.8,0.007326,999999.99,99999.99,99999.99,99999.99,99999.99,99999.99,0,2003-02-27 21:00:00
2003,58,22,2314,51,52,60,36,6.9,6.0,-7.6,316.8,4.4,-4.1,-0.8,-3.0,-2.9,0.5,3.2,1.2,1.5,2.6,178352.0,3.9,513.0,1.2,-0.2,0.04,23363.0,0.5,12.0,1.6,2.8,0.006,1.99,1.49,1.05,7.3,5.3,0.0221,43,71,-58,32,115.4,639,-430,208,3.0,0.007326,999999.99,99999.99,99999.99,99999.99,99999.99,99999.99,0,2003-02-27 22:00:00
2003,58,23,2314,51,52,62,37,6.6,5.5,0.5,319.3,4.2,-3.6,0.0,-3.0,-1.9,0.3,3.3,1.4,2.5,1.7,201463.0,4.8,511.0,2.4,-0.1,0.039,25346.0,0.4,12.0,2.3,1.8,0.003,2.42,0.97,1.51,8.5,5.6,0.0165,43,71,-43,32,115.4,554,-328,227,3.3,0.007326,999999.99,99999.99,99999.99,99999.99,99999.99,99999.99,0,2003-02-27 23:00:00
2003,59,0,2314,51,52,59,35,6.1,4.6,-4.9,9.3,4.5,0.7,-0.4,0.8,0.0,0.3,3.8,1.1,2.5,2.6,202073.0,5.1,511.0,5.2,-1.2,0.037,19635.0,0.5,10.0,2.0,2.3,0.005,2.55,-0.0,1.88,9.5,5.8,0.0133,33,56,-37,18,122.6,439,-237,202,2.6,0.007415,999999.99,99999.99,99999.99,99999.99,99999.99,99999.99,0,2003-02-28 00:00:00
2003,59,1,2314,51,52,59,37,6.9,6.0,47.4,356.1,4.1,-0.3,4.4,-2.5,3.6,0.3,3.1,1.4,2.5,1.2,173871.0,5.4,509.0,3.9,2.2,0.029,16915.0,0.4,9.0,1.7,0.8,0.004,2.61,-1.83,1.43,8.6,5.7,0.0162,33,56,-33,18,122.6,101,-28,73,0.0,0.007415,999999.99,99999.99,99999.99,99999.99,99999.99,99999.99,0,2003-02-28 01:00:00
2003,59,2,2314,51,52,59,35,7.2,6.6,17.8,6.1,6.2,0.7,2.0,-0.3,2.1,0.2,2.7,0.6,2.2,1.4,157951.0,5.3,492.0,4.1,0.8,0.028,15546.0,0.4,5.0,1.7,1.5,0.002,2.38,-1.03,1.22,7.9,5.5,0.0192,33,56,-32,18,122.6,52,-6,45,-0.4,0.007415,999999.99,99999.99,99999.99,99999.99,99999.99,99999.99,0,2003-02-28 02:00:00
2003,59,3,2314,51,52,59,37,7.0,6.3,29.9,1.7,5.5,0.2,3.2,-1.2,3.0,0.1,2.6,0.9,2.3,0.9,168967.0,5.0,497.0,3.7,2.2,0.028,18118.0,0.4,9.0,2.3,0.8,0.002,2.29,-1.49,1.26,7.9,5.5,0.0189,10,56,-31,4,122.6,64,-11,53,-0.3,0.007415,999999.99,99999.99,99999.99,99999.99,99999.99,99999.99,0,2003-02-28 03:00:00
2003,59,4,2314,51,52,59,36,7.1,6.9,11.0,353.8,6.8,-0.7,1.3,-1.2,0.9,0.2,1.5,0.5,1.0,1.0,161253.0,4.4,481.0,2.2,1.0,0.027,30254.0,0.5,8.0,1.5,1.2,0.003,1.88,-0.43,1.05,7.1,5.1,0.0236,10,56,-25,4,122.6,53,-6,47,-0.3,0.007415,999999.99,99999.99,99999.99,99999.99,99999.99,99999.99,0,2003-02-28 04:00:00
2003,59,5,2314,51,52,60,38,7.1,6.7,1.7,341.4,6.4,-2.2,0.2,-2.1,-0.6,0.2,2.0,1.0,1.4,1.0,138509.0,4.0,467.0,0.1,0.2,0.038,39999.0,0.7,10.0,1.4,1.4,0.006,1.68,0.28,0.88,6.6,5.0,0.0275,10,56,-23,4,122.6,46,-4,42,-0.2,0.007415,999999.99,99999.99,99999.99,99999.99,99999.99,99999.99,0,2003-02-28 05:00:00
2003,59,6,2314,51,52,60,34,7.1,6.5,-3.1,324.0,5.2,-3.8,-0.3,-3.5,-1.5,0.2,2.7,1.4,1.7,1.6,135174.0,4.5,467.0,-0.9,-0.1,0.041,30065.0,0.8,15.0,1.5,1.9,0.007,1.91,0.7,0.98,7.0,5.1,0.0244,27,56,-20,12,122.6,66,-8,58,-0.3,0.007415,999999.99,99999.99,99999.99,99999.99,99999.99,99999.99,0,2003-02-28 06:00:00
2003,59,7,2314,51,52,62,38,7.3,6.4,-8.1,300.7,3.2,-5.4,-0.9,-5.0,-2.3,0.2,3.2,1.9,1.1,2.3,144388.0,5.9,479.0,-2.1,-0.2,0.035,24676.0,0.7,15.0,0.6,1.8,0.005,2.58,1.1,1.26,8.0,5.5,0.0187,27,56,-20,12,122.6,169,-39,129,-0.1,0.007415,999999.99,99999.99,99999.99,99999.99,99999.99,99999.99,0,2003-02-28 07:00:00
2003,59,8,2314,51,52,59,37,7.5,7.0,-6.0,277.1,0.9,-6.9,-0.7,-6.5,-2.3,0.5,2.4,1.5,0.6,1.8,133936.0,5.3,484.0,-1.9,1.0,0.038,19697.0,0.7,10.0,0.5,1.4,0.006,2.39,1.11,1.03,7.4,5.4,0.0216,27,56,-30,12,122.6,441,-323,117,1.0,0.007415,999999.99,99999.99,99999.99,99999.99,99999.99,99999.99,0,2003-02-28 08:00:00
2003,59,9,2314,51,52,61,36,7.7,6.2,1.6,291.9,2.3,-5.8,0.2,-5.7,-1.0,0.3,4.3,2.3,1.4,3.4,125931.0,5.8,463.0,-0.5,2.3,0.045,17450.0,0.6,16.0,1.1,2.8,0.006,2.45,0.46,1.03,7.2,5.3,0.0227,37,56,-38,22,122.6,425,-272,153,1.7,0.007415,999999.99,99999.99,99999.99,99999.99,99999.99,99999.99,0,2003-02-28 09:00:00
2003,59,10,2314,51,52,56,33,8.0,7.6,-21.8,280.3,1.3,-7.0,-2.8,-6.3,-4.2,0.2,2.1,1.7,0.5,1.1,102182.0,5.9,458.0,-1.7,0.7,0.052,14502.0,0.7,13.0,0.6,1.2,0.006,2.5,1.92,0.88,7.0,5.2,0.0246,37,56,-35,22,122.6,338,-154,185,2.0,0.007415,999999.99,99999.99,99999.99,99999.99,99999.99,99999.99,0,2003-02-28 10:00:00
2003,59,11,2314,51,52,59,36,7.7,5.9,-15.1,294.9,2.4,-5.1,-1.5,-4.7,-2.5,0.1,4.7,1.2,1.5,4.3,115074.0,6.6,448.0,-0.1,1.4,0.052,10276.0,0.4,9.0,1.4,3.9,0.004,2.67,1.12,1.13,7.5,5.3,0.0213,37,56,-29,22,122.6,698,-520,178,2.4,0.007415,999999.99,99999.99,99999.99,99999.99,99999.99,99999.99,0,2003-02-28 11:00:00
2003,59,12,2314,51,52,60,37,7.4,6.5,-27.4,300.9,2.9,-4.9,-3.0,-4.1,-4.0,0.4,3.3,1.3,2.2,2.0,109210.0,6.8,440.0,0.3,-0.0,0.053,13862.0,0.8,9.0,2.1,1.9,0.009,2.66,1.76,1.23,7.8,5.4,0.0198,30,56,-26,15,122.6,547,-443,103,3.4,0.007415,999999.99,99999.99,99999.99,99999.99,99999.99,99999.99,0,2003-02-28 12:00:00
2003,59,13,2314,51,52,61,38,6.4,4.4,-20.4,309.9,2.7,-3.2,-1.5,-2.7,-2.2,0.9,4.4,1.8,3.0,2.7,124351.0,6.9,445.0,1.1,1.1,0.054,18252.0,0.5,10.0,2.4,2.2,0.008,2.77,0.98,1.77,9.1,5.7,0.0143,30,56,-32,15,122.6,436,-331,105,2.5,0.007415,999999.99,99999.99,99999.99,99999.99,99999.99,99999.99,0,2003-02-28 13:00:00
2003,59,14,2314,51,52,59,33,6.7,5.0,-7.9,318.4,3.7,-3.3,-0.7,-3.0,-1.6,0.2,4.1,1.9,2.4,2.7,115582.0,7.1,438.0,1.1,1.7,0.05,12346.0,0.4,12.0,2.0,2.2,0.007,2.73,0.7,1.61,8.7,5.6,0.0157,30,56,-36,15,122.6,223,-161,62,0.8,0.007415,999999.99,99999.99,99999.99,99999.99,99999.99,99999.99,0,2003-02-28 14:00:00
2003,59,15,2314,51,52,59,36,7.1,6.4,-41.0,314.9,3.4,-3.4,-4.2,-1.9,-5.1,0.3,2.7,1.1,2.0,1.5,102765.0,6.1,441.0,0.2,-1.5,0.044,13478.0,0.9,8.0,1.8,1.4,0.006,2.33,2.25,1.16,7.7,5.4,0.0202,37,56,-34,22,122.6,271,-137,134,1.7,0.007415,999999.99,99999.99,99999.99,99999.99,99999.99,99999.99,0,2003-02-28 15:00:00
2003,59,16,2314,51,52,64,40,7.4,6.3,-26.1,311.2,3.7,-4.3,-2.8,-3.0,-4.1,0.2,3.8,2.3,1.5,2.7,86971.0,5.3,441.0,-1.3,-0.2,0.044,10940.0,0.6,15.0,1.6,2.8,0.007,2.02,1.81,0.87,6.9,5.2,0.0253,37,56,-32,22,122.6,533,-365,168,2.2,0.007415,999999.99,99999.99,99999.99,99999.99,99999.99,99999.99,0,2003-02-28 16:00:00
2003,59,17,2314,51,52,59,36,7.0,5.7,-20.0,262.0,-0.7,-5.3,-1.9,-4.1,-3.9,0.3,4.0,1.8,1.1,3.3,92080.0,6.0,467.0,-1.8,0.0,0.041,12848.0,0.6,13.0,0.9,2.5,0.006,2.54,1.82,1.12,8.2,5.8,0.0178,37,56,-32,22,122.6,916,-699,217,3.5,0.007415,999999.99,99999.99,99999.99,99999.99,99999.99,99999.99,0,2003-02-28 17:00:00
2003,59,18,2314,51,52,60,36,7.3,6.9,-44.9,277.1,0.6,-4.8,-4.9,-2.2,-6.5,0.2,2.1,0.7,1.4,1.4,87656.0,5.7,458.0,-2.0,-2.7,0.038,12174.0,0.4,4.0,0.9,1.3,0.003,2.3,2.98,0.96,7.5,5.5,0.0212,30,56,-37,15,122.6,854,-614,239,4.0,0.007415,999999.99,99999.99,99999.99,99999.99,99999.99,99999.99,0,2003-02-28 18:00:00
2003,59,19,2314,51,52,58,34,6.8,5.2,-24.2,309.5,3.0,-3.6,-2.1,-2.2,-3.6,0.2,4.2,1.4,1.2,3.8,86459.0,5.6,442.0,-1.4,-1.2,0.043,7679.0,0.4,8.0,1.1,2.9,0.004,2.14,1.59,1.08,7.7,5.5,0.0201,30,56,-49,15,122.6,884,-692,192,4.2,0.007415,999999.99,99999.99,99999.99,99999.99,99999.99,99999.99,0,2003-02-28 19:00:00
2003,59,20,2314,51,52,60,37,6.5,6.1,57.5,341.2,3.1,-1.1,5.1,-3.5,3.8,0.1,2.1,1.3,1.4,0.9,94496.0,6.4,449.0,1.3,4.4,0.039,9668.0,0.4,9.0,1.3,0.6,0.004,2.49,-1.71,1.4,8.7,5.9,0.0156,30,56,-55,15,122.6,668,-390,278,2.2,0.007415,999999.99,99999.99,99999.99,99999.99,99999.99,99999.99,0,2003-02-28 20:00:00
2003,59,21,2314,51,52,60,37,6.7,5.1,31.1,323.2,3.5,-2.6,2.6,-3.6,0.8,0.2,4.3,0.9,1.9,3.7,91936.0,6.4,447.0,0.1,2.2,0.037,11213.0,0.4,8.0,1.8,3.0,0.004,2.45,-0.36,1.31,8.4,5.8,0.0167,43,56,-48,32,122.6,147,-31,116,0.4,0.007415,999999.99,99999.99,99999.99,99999.99,99999.99,99999.99,0,2003-02-28 21:00:00
2003,59,22,2314,51,52,60,37,6.6,5.7,-41.2,300.0,2.2,-3.7,-3.8,-1.1,-5.2,0.1,3.1,1.4,1.7,2.1,100756.0,6.3,454.0,-0.8,-2.3,0.042,15370.0,0.6,10.0,1.6,1.7,0.005,2.53,2.36,1.38,8.6,5.8,0.016,43,56,-42,32,122.6,169,-42,127,2.0,0.007415,999999.99,99999.99,99999.99,99999.99,99999.99,99999.99,0,2003-02-28 22:00:00
2003,59,23,2314,51,52,59,35,6.2,4.1,-3.3,319.2,3.1,-2.7,-0.2,-2.2,-1.6,0.2,4.4,2.0,2.1,3.3,111779.0,6.4,447.0,0.5,0.7,0.045,14134.0,0.5,16.0,1.9,2.8,0.005,2.52,0.72,1.66,9.1,5.8,0.0143,43,56,-46,32,122.6,520,-347,173,3.7,0.007415,999999.99,99999.99,99999.99,99999.99,99999.99,99999.99,0,2003-02-28 23:00:00
2003,60,0,2315,51,52,59,35,5.9,4.6,22.9,18.5,4.1,1.4,1.8,0.2,2.3,0.6,3.5,1.2,2.2,2.5,113979.0,6.4,442.0,3.5,2.0,0.045,18248.0,0.4,10.0,1.9,2.4,0.005,2.46,-1.02,1.85,9.5,5.9,0.0132,43,79,-48,32,135.6,591,-461,130,3.8,0.007716,999999.99,99999.99,99999.99,99999.99,99999.99,99999.99,0,2003-03-01 00:00:00
2003,60,1,2315,51,52,60,36,5.7,4.6,14.8,350.6,4.4,-0.7,1.2,-1.2,0.7,0.1,3.1,1.1,2.6,1.4,101754.0,5.8,435.0,2.4,2.4,0.053,10650.0,0.4,7.0,2.2,1.4,0.005,2.22,-0.3,1.71,9.2,5.8,0.0141,43,79,-49,32,135.6,306,-203,104,1.9,0.007716,999999.99,99999.99,99999.99,99999.99,99999.99,99999.99,0,2003-03-01 01:00:00
2003,60,2,2315,51,52,62,38,6.3,6.0,44.6,21.9,4.0,1.6,4.2,-0.6,4.5,0.2,1.5,0.5,1.0,1.1,83461.0,5.8,442.0,3.9,4.1,0.039,10798.0,0.3,5.0,1.6,0.6,0.005,2.19,-1.99,1.29,8.4,5.8,0.0167,43,79,-38,32,135.6,197,-81,116,0.8,0.007716,999999.99,99999.99,99999.99,99999.99,99999.99,99999.99,0,2003-03-01 02:00:00
2003,60,3,2315,51,52,61,35,6.1,5.8,54.9,1.9,3.3,0.1,4.7,-2.0,4.3,0.2,1.9,0.7,1.6,0.7,94611.0,6.0,445.0,2.2,4.9,0.044,10473.0,0.4,6.0,1.3,0.7,0.004,2.33,-1.91,1.5,8.9,5.9,0.0149,20,79,-32,7,135.6,77,-15,62,-0.2,0.007716,999999.99,99999.99,99999.99,99999.99,99999.99,99999.99,0,2003-03-01 03:00:00
2003,60,4,2315,51,52,59,36,6.2,5.3,50.6,359.0,3.4,-0.1,4.1,-1.7,3.7,0.1,2.9,1.6,1.4,1.9,104698.0,6.1,444.0,2.2,4.0,0.048,8935.0,0.5,11.0,1.3,1.9,0.006,2.39,-1.64,1.54,8.8,5.8,0.0152,20,79,-29,7,135.6,50,-10,40,-0.3,0.007716,999999.99,99999.99,99999.99,99999.99,99999.99,99999.99,0,2003-03-01 04:00:00
2003,60,5,2315,51,52,58,36,6.2,5.4,39.3,9.3,4.1,0.7,3.4,-0.6,3.4,0.2,2.7,0.8,2.2,1.5,105215.0,6.3,438.0,2.8,3.3,0.048,11046.0,0.3,6.0,1.7,1.2,0.006,2.41,-1.49,1.59,8.9,5.8,0.0151,20,79,-26,7,135.6,69,-19,50,-0.3,0.007716,999999.99,99999.99,99999.99,99999.99,99999.99,99999.99,0,2003-03-01 05:00:00
2003,60,6,2315,51,52,60,37,5.7,4.9,27.2,336.4,4.0,-1.8,2.3,-2.4,1.6,0.2,2.7,1.3,1.9,1.3,111535.0,6.4,434.0,1.2,2.3,0.055,8105.0,0.3,7.0,1.4,1.0,0.005,2.46,-0.69,1.97,9.6,5.9,0.0128,17,79,-25,6,135.6,64,-15,49,-0.4,0.007716,999999.99,99999.99,99999.99,99999.99,99999.99,99999.99,0,2003-03-01 06:00:00
2003,60,7,2315,51,52,61,37,5.8,4.7,20.1,342.7,4.2,-1.3,1.6,-1.7,1.2,0.1,3.3,1.1,2.4,2.0,108839.0,6.2,432.0,1.4,2.0,0.056,9356.0,0.5,6.0,1.7,1.3,0.007,2.37,-0.52,1.82,9.3,5.8,0.0138,17,79,-23,6,135.6,55,-12,43,-0.6,0.007716,999999.99,99999.99,99999.99,99999.99,99999.99,99999.99,0,2003-03-01 07:00:00
2003,60,8,2315,51,52,61,38,6.3,5.9,-34.5,297.9,2.3,-4.3,-3.3,-3.4,-4.2,0.2,2.0,1.5,0.8,1.1,90942.0,6.3,439.0,-1.1,-1.3,0.044,8500.0,0.6,8.0,0.9,0.9,0.007,2.38,1.84,1.45,8.7,5.8,0.0156,17,79,-21,6,135.6,148,-32,116,-0.3,0.007716,999999.99,99999.99,99999.99,99999.99,99999.99,99999.99,0,2003-03-01 08:00:00
2003,60,9,2315,51,52,63,37,6.7,5.6,-6.7,275.3,0.5,-5.6,-0.7,-5.3,-1.9,0.1,3.3,1.2,1.1,2.8,85987.0,5.8,443.0,-2.5,1.0,0.039,8249.0,0.4,9.0,1.0,2.1,0.004,2.2,0.84,1.15,8.0,5.6,0.0188,33,79,-29,18,135.6,323,-153,170,0.4,0.007716,999999.99,99999.99,99999.99,99999.99,99999.99,99999.99,0,2003-03-01 09:00:00
2003,60,10,2315,51,52,55,32,6.9,4.4,-3.8,319.9,3.4,-2.9,-0.3,-2.8,-0.9,0.2,5.1,2.8,3.2,2.7,83200.0,5.1,419.0,-0.3,0.8,0.04,17754.0,0.6,20.0,3.3,2.8,0.004,1.73,0.38,0.94,6.9,5.1,0.0253,33,79,-31,18,135.6,313,-165,148,0.9,0.007716,999999.99,99999.99,99999.99,99999.99,99999.99,99999.99,0,2003-03-01 10:00:00
2003,60,11,2315,51,52,60,34,7.2,6.0,-19.9,285.3,1.5,-5.4,-2.0,-4.9,-3.1,0.2,4.0,0.7,1.0,3.8,77135.0,5.4,431.0,-3.2,-0.4,0.035,12715.0,0.4,4.0,0.8,3.4,0.003,1.91,1.34,0.89,7.0,5.2,0.0246,33,79,-32,18,135.6,410,-280,130,1.7,0.007716,999999.99,99999.99,99999.99,99999.99,99999.99,99999.99,0,2003-03-01 11:00:00
2003,60,12,2315,51,52,59,36,6.9,6.4,15.9,282.5,1.3,-6.0,1.7,-6.2,0.3,0.2,2.4,1.5,0.5,1.8,89535.0,5.3,432.0,-3.2,2.6,0.038,11579.0,0.4,11.0,0.5,1.6,0.003,1.9,-0.13,1.01,7.2,5.3,0.0229,33,79,-34,18,135.6,272,-182,91,0.2,0.007716,999999.99,99999.99,99999.99,99999.99,99999.99,99999.99,0,2003-03-01 12:00:00
2003,60,13,2315,51,52,64,39,7.1,5.1,54.0,298.9,1.4,-2.6,4.1,-3.5,3.3,0.2,4.9,0.9,2.1,4.3,85671.0,5.7,430.0,-0.3,4.0,0.036,13797.0,0.4,7.0,1.9,3.0,0.003,2.01,-1.42,1.01,7.2,5.3,0.0228,33,79,-27,18,135.6,174,-117,58,0.6,0.007716,999999.99,99999.99,99999.99,99999.99,99999.99,99999.99,0,2003-03-01 13:00:00
2003,60,14,2315,51,52,54,34,7.1,4.8,-22.7,283.0,1.0,-4.3,-1.8,-3.6,-2.9,0.4,5.2,2.2,2.2,4.1,93424.0,6.0,434.0,-1.5,-0.1,0.037,17410.0,0.5,13.0,2.0,3.4,0.005,2.17,1.26,1.1,7.5,5.4,0.0212,33,79,-22,18,135.6,169,-112,57,0.7,0.007716,999999.99,99999.99,99999.99,99999.99,99999.99,99999.99,0,2003-03-01 14:00:00
2003,60,15,2315,51,52,58,33,6.7,6.1,14.8,326.4,4.9,-3.3,1.6,-3.6,0.5,0.3,2.6,0.5,1.8,1.9,88011.0,5.2,406.0,-1.6,2.4,0.044,10330.0,0.4,5.0,2.2,2.1,0.006,1.68,-0.2,1.04,6.9,5.0,0.0249,27,79,-27,12,135.6,220,-182,38,0.5,0.007716,999999.99,99999.99,99999.99,99999.99,99999.99,99999.99,0,2003-03-01 15:00:00
2003,60,16,2315,51,52,59,37,7.2,6.8,48.3,332.9,4.0,-2.1,5.1,-3.8,4.0,0.3,2.3,1.0,1.7,1.0,69532.0,5.2,417.0,-0.1,4.6,0.036,19879.0,0.3,8.0,1.7,0.7,0.006,1.73,-1.67,0.83,6.6,5.0,0.0273,27,79,-22,12,135.6,283,-236,47,1.1,0.007716,999999.99,99999.99,99999.99,99999.99,99999.99,99999.99,0,2003-03-01 16:00:00
2003,60,17,2315,51,52,61,37,7.4,7.1,7.5,309.3,4.4,-5.4,0.9,-5.3,-1.3,0.1,2.2,0.5,0.7,2.0,55022.0,4.8,410.0,-3.6,1.6,0.034,6818.0,0.2,4.0,0.8,1.7,0.003,1.53,0.53,0.67,6.1,4.8,0.0323,27,79,-22,12,135.6,85,-29,56,0.7,0.007716,999999.99,99999.99,99999.99,99999.99,99999.99,99999.99,0,2003-03-01 17:00:00
2003,60,18,2315,51,52,60,36,7.6,7.4,-11.9,305.2,4.2,-5.9,-1.5,-4.6,-4.0,0.2,1.7,0.6,0.6,1.5,47652.0,4.5,409.0,-3.9,-0.7,0.032,7851.0,0.2,6.0,0.6,1.6,0.002,1.42,1.64,0.57,5.7,4.7,0.0365,27,79,-23,12,135.6,167,-108,58,1.7,0.007716,999999.99,99999.99,99999.99,99999.99,99999.99,99999.99,0,2003-03-01 18:00:00
2003,60,19,2315,51,52,58,34,6.4,5.9,-42.0,294.4,1.8,-4.0,-3.9,-1.6,-5.3,0.8,2.5,1.1,1.8,1.3,74672.0,6.0,408.0,-1.7,-0.9,0.045,19551.0,1.0,7.0,1.0,1.8,0.008,1.97,2.16,1.24,7.8,5.4,0.0195,27,79,-25,12,135.6,568,-405,162,3.1,0.007716,999999.99,99999.99,99999.99,99999.99,99999.99,99999.99,0,2003-03-01 19:00:00
2003,60,20,2315,51,52,56,35,6.7,5.9,-20.0,310.2,3.6,-4.2,-2.0,-2.6,-3.9,0.7,3.2,1.9,2.1,1.6,88823.0,5.9,390.0,-1.2,1.7,0.06,18935.0,0.7,7.0,1.4,1.3,0.026,1.86,1.52,1.19,7.1,5.0,0.0238,27,79,-33,12,135.6,516,-339,177,3.4,0.007716,999999.99,99999.99,99999.99,99999.99,99999.99,99999.99,0,2003-03-01 20:00:00
2003,60,21,2315,51,52,64,38,7.3,6.7,19.9,321.2,4.9,-3.9,2.3,-4.5,-0.1,0.7,2.8,0.9,1.8,1.9,87490.0,6.3,394.0,-1.3,3.8,0.041,11585.0,0.5,10.0,1.0,1.1,0.009,1.9,0.04,1.06,6.8,4.9,0.0259,27,79,-40,12,135.6,429,-247,182,3.1,0.007716,999999.99,99999.99,99999.99,99999.99,99999.99,99999.99,0,2003-03-01 21:00:00
2003,60,22,2315,51,52,59,37,8.3,8.1,29.8,327.9,5.9,-3.7,4.0,-5.3,1.4,0.1,1.7,0.9,1.3,0.7,77461.0,6.7,398.0,-0.2,4.5,0.037,4403.0,0.3,3.0,0.8,0.6,0.003,2.03,-0.56,0.83,6.2,4.7,0.0309,27,79,-36,12,135.6,255,-67,187,0.9,0.007716,999999.99,99999.99,99999.99,99999.99,99999.99,99999.99,0,2003-03-01 22:00:00
2003,60,23,2315,51,52,65,39,7.0,5.3,22.3,345.5,4.7,-1.2,2.0,-2.1,1.0,0.8,4.6,3.4,2.7,1.6,94594.0,7.1,401.0,1.4,4.1,0.039,16226.0,0.6,14.0,2.0,1.4,0.006,2.2,-0.4,1.34,7.6,5.2,0.0204,27,79,-28,12,135.6,72,-8,65,0.3,0.007716,999999.99,99999.99,99999.99,99999.99,99999.99,99999.99,0,2003-03-01 23:00:00
2003,61,0,2315,51,52,59,35,5.8,5.0,16.3,302.7,2.6,-4.0,1.4,-4.1,-0.9,0.3,2.9,2.3,1.4,1.0,116903.0,7.7,422.0,-0.0,2.4,0.036,15175.0,0.7,7.0,0.7,0.6,0.004,2.62,0.38,2.34,10.1,5.8,0.0117,20,97,-23,7,144.7,155,-81,74,1.1,0.007905,999999.99,99999.99,99999.99,99999.99,99999.99,99999.99,0,2003-03-02 00:00:00
2003,61,1,2315,51,52,59,37,5.1,4.4,0.2,11.0,4.3,0.8,0.0,0.7,0.4,0.4,2.6,1.0,1.8,1.6,125559.0,7.9,423.0,2.8,1.6,0.042,10009.0,0.4,5.0,1.0,0.8,0.004,2.76,-0.17,3.21,11.7,6.0,0.0088,20,97,-22,7,144.7,97,-36,60,0.7,0.007905,999999.99,99999.99,99999.99,99999.99,99999.99,99999.99,0,2003-03-02 01:00:00
2003,61,2,2315,51,52,59,36,5.5,4.8,-15.4,26.6,4.2,2.1,-1.3,2.5,-0.1,0.4,2.4,1.1,1.5,1.5,116102.0,8.1,418.0,3.4,0.8,0.038,11344.0,0.4,5.0,0.7,0.9,0.003,2.72,0.04,2.72,10.8,5.9,0.0102,20,97,-22,7,144.7,252,-149,103,1.5,0.007905,999999.99,99999.99,99999.99,99999.99,99999.99,99999.99,0,2003-03-02 02:00:00
2003,61,3,2315,51,52,62,38,5.6,5.2,-23.4,5.8,4.7,0.5,-2.1,1.4,-1.7,0.2,1.8,0.7,1.5,0.8,110592.0,8.2,413.0,2.6,0.6,0.042,8756.0,0.3,3.0,0.8,0.6,0.003,2.73,0.7,2.6,10.6,5.9,0.0107,27,97,-25,12,144.7,309,-184,125,2.3,0.007905,999999.99,99999.99,99999.99,99999.99,99999.99,99999.99,0,2003-03-02 03:00:00
2003,61,4,2315,51,52,58,34,4.9,3.6,-46.7,350.7,2.5,-0.4,-2.6,0.7,-2.5,0.3,3.1,2.3,1.6,1.3,120599.0,8.5,419.0,2.3,-0.9,0.041,14792.0,0.5,10.0,0.9,0.8,0.006,2.9,1.05,3.67,12.5,6.1,0.0077,27,97,-27,12,144.7,156,-85,71,1.2,0.007905,999999.99,99999.99,99999.99,99999.99,99999.99,99999.99,0,2003-03-02 04:00:00
2003,61,5,2315,51,52,60,37,5.2,3.1,-40.4,311.1,1.5,-1.8,-2.0,-1.0,-2.5,0.3,4.1,0.9,3.4,2.1,117570.0,8.7,420.0,1.4,-0.6,0.036,8938.0,0.3,4.0,1.7,1.2,0.003,2.93,1.05,3.29,11.9,6.1,0.0084,27,97,-22,12,144.7,224,-110,114,0.9,0.007905,999999.99,99999.99,99999.99,99999.99,99999.99,99999.99,0,2003-03-02 05:00:00
2003,61,6,2315,51,52,60,37,5.9,5.2,3.4,298.7,2.5,-4.5,0.3,-4.4,-1.1,0.4,2.7,1.3,1.2,2.0,98464.0,8.5,414.0,0.1,0.2,0.032,9142.0,0.2,7.0,0.7,1.3,0.004,2.74,0.46,2.3,10.2,5.9,0.0114,20,97,-19,7,144.7,315,-204,111,1.2,0.007905,999999.99,99999.99,99999.99,99999.99,99999.99,99999.99,0,2003-03-02 06:00:00
2003,61,7,2315,51,52,59,37,5.6,5.1,19.4,316.0,3.5,-3.4,1.7,-3.7,0.7,0.3,2.0,1.0,1.2,1.3,97709.0,8.0,407.0,0.6,1.0,0.031,6976.0,0.3,5.0,0.7,0.8,0.004,2.49,-0.28,2.4,10.3,5.9,0.0113,20,97,-19,7,144.7,200,-103,97,0.6,0.007905,999999.99,99999.99,99999.99,99999.99,99999.99,99999.99,0,2003-03-02 07:00:00
2003,61,8,2315,51,52,59,35,5.6,5.6,45.5,318.2,2.9,-2.6,4.0,-3.5,3.3,0.1,0.9,0.4,0.7,0.3,87905.0,8.0,406.0,1.0,1.9,0.025,4478.0,0.2,1.0,0.3,0.3,0.002,2.42,-1.34,2.3,10.3,5.9,0.0113,20,97,-19,7,144.7,95,-22,73,-0.4,0.007905,999999.99,99999.99,99999.99,99999.99,99999.99,99999.99,0,2003-03-02 08:00:00
2003,61,9,2315,51,52,63,39,5.9,3.5,24.8,278.8,0.5,-3.2,1.5,-3.5,0.8,0.6,4.8,3.0,1.8,3.2,84938.0,7.2,405.0,0.5,1.0,0.031,12008.0,0.5,11.0,0.4,1.5,0.004,2.22,-0.32,1.84,9.2,5.7,0.014,27,97,-17,12,144.7,71,-10,60,-0.7,0.007905,999999.99,99999.99,99999.99,99999.99,99999.99,99999.99,0,2003-03-02 09:00:00
2003,61,10,2315,51,52,60,37,6.4,6.1,-50.8,167.5,-3.8,0.8,-4.8,1.8,-4.5,0.3,1.7,0.6,1.4,0.8,57256.0,7.2,424.0,1.5,-2.3,0.032,5735.0,0.7,2.0,0.8,0.8,0.002,2.44,1.91,1.36,8.9,6.0,0.0151,27,97,-15,12,144.7,198,-75,122,1.1,0.007905,999999.99,99999.99,99999.99,99999.99,99999.99,99999.99,0,2003-03-02 10:00:00
2003,61,11,2315,51,52,59,35,6.8,6.7,-52.6,225.4,-2.9,-2.9,-5.3,-1.7,-5.8,0.1,1.2,0.3,1.1,0.4,54424.0,7.4,424.0,-0.6,-4.3,0.031,3850.0,0.3,2.0,0.6,0.4,0.002,2.5,2.46,1.22,8.5,5.9,0.0165,27,97,-22,12,144.7,403,-278,125,1.2,0.007905,999999.99,99999.99,99999.99,99999.99,99999.99,99999.99,0,2003-03-02 11:00:00
2003,61,12,2315,51,52,53,32,6.3,4.4,-26.5,287.5,1.2,-3.7,-2.0,-3.2,-2.8,0.3,4.5,3.5,1.0,2.7,62604.0,6.8,403.0,-1.2,-2.6,0.034,10749.0,0.9,18.0,0.8,1.9,0.006,2.1,1.13,1.36,8.3,5.7,0.0171,27,97,-30,12,144.7,419,-342,77,1.7,0.007905,999999.99,99999.99,99999.99,99999.99,99999.99,99999.99,0,2003-03-02 12:00:00
2003,61,13,2315,51,52,59,36,6.8,6.4,-13.1,351.5,6.2,-0.9,-1.4,-0.5,-1.6,0.2,2.3,0.6,1.5,1.6,52405.0,5.0,377.0,1.3,-3.6,0.046,11980.0,0.7,8.0,1.7,1.9,0.012,1.41,0.6,0.81,6.2,4.8,0.031,27,97,-33,12,144.7,370,-268,102,1.5,0.007905,999999.99,99999.99,99999.99,99999.99,99999.99,99999.99,0,2003-03-02 13:00:00
2003,61,14,2315,51,52,65,41,6.2,5.2,2.6,315.9,3.7,-3.6,0.2,-3.5,-0.8,0.3,3.3,1.5,2.8,0.9,82684.0,6.2,393.0,0.2,-2.1,0.039,21212.0,0.8,12.0,2.0,0.8,0.007,1.85,0.31,1.42,7.9,5.3,0.0191,27,97,-31,12,144.7,155,-101,54,0.9,0.007905,999999.99,99999.99,99999.99,99999.99,99999.99,99999.99,0,2003-03-02 14:00:00
2003,61,15,2315,51,52,60,36,6.5,6.3,22.2,305.2,3.4,-4.8,2.4,-5.3,0.8,0.2,1.4,0.6,0.5,1.1,77669.0,5.8,391.0,-1.4,-0.5,0.034,8711.0,0.4,4.0,0.4,0.9,0.004,1.68,-0.31,1.18,7.2,5.1,0.0227,20,97,-29,7,144.7,217,-162,55,1.1,0.007905,999999.99,99999.99,99999.99,99999.99,99999.99,99999.99,0,2003-03-02 15:00:00
2003,61,16,2315,51,52,61,38,6.5,6.3,24.2,282.3,1.2,-5.6,2.6,-6.2,0.4,0.2,1.6,1.3,0.4,0.9,70661.0,6.2,399.0,-1.5,-0.7,0.029,7036.0,0.3,4.0,0.3,0.5,0.002,1.84,-0.16,1.21,7.6,5.3,0.0204,20,97,-23,7,144.7,131,-77,55,1.4,0.007905,999999.99,99999.99,99999.99,99999.99,99999.99,99999.99,0,2003-03-02 16:00:00
2003,61,17,2315,51,52,59,36,5.9,5.4,-1.5,271.5,0.1,-5.4,-0.1,-4.9,-2.3,0.5,2.3,1.3,1.0,1.6,74740.0,7.2,401.0,-1.0,-2.1,0.035,10607.0,0.5,6.0,0.9,0.6,0.004,2.2,0.92,1.75,9.1,5.8,0.0143,20,97,-20,7,144.7,121,-70,50,1.7,0.007905,999999.99,99999.99,99999.99,99999.99,99999.99,99999.99,0,2003-03-02 17:00:00
2003,61,18,2315,51,52,62,38,5.1,4.5,-86.0,181.4,-0.3,0.0,-4.5,2.0,-4.0,0.9,2.5,1.3,1.8,1.1,72968.0,8.0,400.0,0.8,-3.0,0.034,11443.0,0.5,4.0,0.5,1.0,0.003,2.43,1.6,2.58,11.1,6.2,0.0097,33,97,-23,18,144.7,204,-108,96,1.6,0.007905,999999.99,99999.99,99999.99,99999.99,99999.99,99999.99,0,2003-03-02 18:00:00
2003,61,19,2315,51,52,58,36,5.6,3.9,-37.6,306.4,1.9,-2.5,-2.4,-1.0,-3.3,0.3,4.0,1.3,1.7,3.4,69880.0,8.3,399.0,0.8,-3.0,0.031,8541.0,0.6,4.0,1.0,1.1,0.004,2.48,1.32,2.18,10.3,6.0,0.0113,33,97,-27,18,144.7,524,-348,176,3.2,0.007905,999999.99,99999.99,99999.99,99999.99,99999.99,99999.99,0,2003-03-02 19:00:00
2003,61,20,2315,51,52,58,33,5.9,5.3,38.7,320.5,3.2,-2.6,3.3,-3.9,1.5,0.4,2.4,0.7,1.7,1.6,83386.0,7.2,400.0,1.1,-1.6,0.034,5618.0,0.5,5.0,1.3,0.7,0.005,2.19,-0.6,1.82,9.1,5.7,0.0144,33,97,-34,18,144.7,333,-193,140,1.9,0.007905,999999.99,99999.99,99999.99,99999.99,99999.99,99999.99,0,2003-03-02 20:00:00
2003,61,21,2315,51,52,59,37,6.2,5.8,-17.6,301.8,2.9,-4.7,-1.7,-3.1,-3.9,0.2,2.4,0.7,0.7,2.2,57786.0,7.5,382.0,-4.1,-3.3,0.017,6797.0,0.7,3.0,0.6,1.0,0.004,1.95,1.49,1.51,8.4,5.6,0.0167,30,97,-28,15,144.7,197,-106,91,1.7,0.007905,999999.99,99999.99,99999.99,99999.99,99999.99,99999.99,0,2003-03-02 21:00:00
2003,61,22,2315,51,52,60,37,6.4,5.0,-77.7,128.7,-0.7,0.8,-4.8,3.3,-3.6,0.5,4.0,1.3,3.4,1.7,33771.0,9.3,384.0,-3.1,-3.6,0.021,8843.0,0.7,3.0,1.4,0.4,0.002,2.48,1.38,1.53,9.1,6.0,0.0142,30,97,-25,15,144.7,443,-299,144,3.2,0.007905,999999.99,99999.99,99999.99,99999.99,99999.99,99999.99,0,2003-03-02 22:00:00
2003,61,23,2315,51,52,60,35,7.1,6.5,-86.2,25.9,0.4,0.2,-6.5,3.7,-5.4,0.2,2.8,1.5,2.2,0.8,35015.0,9.3,379.0,-3.5,-3.7,0.022,5025.0,0.7,4.0,1.1,0.4,0.002,2.43,2.05,1.25,8.1,5.6,0.018,30,97,-27,15,144.7,533,-311,222,4.2,0.007905,999999.99,99999.99,99999.99,99999.99,99999.99,99999.99,0,2003-03-02 23:00:00
2003,62,0,2315,51,52,59,37,6.3,5.0,-36.3,310.9,2.7,-3.1,-3.0,-1.0,-4.2,0.3,3.7,1.4,0.9,3.3,52652.0,10.1,371.0,-5.3,-3.2,0.028,5853.0,1.0,4.0,0.6,1.6,0.005,2.58,1.56,1.92,9.4,5.7,0.0136,33,94,-30,18,146.5,663,-403,260,4.5,0.008155,999999.99,99999.99,99999.99,99999.99,99999.99,99999.99,0,2003-03-03 00:00:00
2003,62,1,2315,51,52,59,35,6.3,6.1,17.1,314.9,4.1,-4.1,1.8,-4.4,-0.6,0.2,1.5,0.5,0.7,1.2,53762.0,10.3,366.0,-5.4,-1.3,0.032,2795.0,0.4,2.0,0.3,0.5,0.002,2.6,0.22,1.97,9.3,5.7,0.0137,33,94,-31,18,146.5,357,-180,178,2.0,0.008155,999999.99,99999.99,99999.99,99999.99,99999.99,99999.99,0,2003-03-03 01:00:00
2003,62,2,2315,51,52,63,39,6.8,6.3,17.5,310.2,3.9,-4.6,1.9,-4.9,-0.6,0.5,2.4,1.3,1.2,1.7,55165.0,10.6,371.0,-5.4,-1.7,0.031,6268.0,0.8,8.0,0.7,1.0,0.004,2.74,0.22,1.75,8.9,5.6,0.0151,33,94,-22,18,146.5,175,-56,119,1.3,0.008155,999999.99,99999.99,99999.99,99999.99,99999.99,99999.99,0,2003-03-03 02:00:00
2003,62,3,2315,51,52,60,37,7.7,7.5,24.0,287.0,2.0,-6.6,3.1,-7.3,-0.2,0.2,1.4,0.8,0.4,1.1,50761.0,11.2,388.0,-5.9,-2.5,0.024,4596.0,0.4,4.0,0.2,0.6,0.002,3.09,0.08,1.41,8.4,5.7,0.0167,13,94,-19,5,146.5,146,-34,112,1.1,0.008155,999999.99,99999.99,99999.99,99999.99,99999.99,99999.99,0,2003-03-03 03:00:00
2003,62,4,2315,51,52,58,35,8.5,8.4,33.2,298.7,3.4,-6.1,4.6,-7.4,1.7,0.3,1.4,0.9,0.7,0.8,39942.0,10.6,380.0,-6.3,-1.5,0.02,5114.0,0.6,6.0,0.4,0.9,0.001,2.76,-0.65,1.03,7.3,5.3,0.0225,13,94,-19,5,146.5,88,-18,70,0.6,0.008155,999999.99,99999.99,99999.99,99999.99,99999.99,99999.99,0,2003-03-03 04:00:00
2003,62,5,2315,51,52,59,37,9.1,9.0,33.0,306.6,4.5,-6.0,4.9,-7.4,2.4,0.2,1.4,0.8,0.6,1.0,30818.0,9.7,369.0,-7.4,-1.0,0.02,3723.0,0.6,4.0,0.5,0.9,0.002,2.38,-0.89,0.78,6.3,4.9,0.0298,13,94,-16,5,146.5,63,-3,60,0.1,0.008155,999999.99,99999.99,99999.99,99999.99,99999.99,99999.99,0,2003-03-03 05:00:00
2003,62,6,2315,51,52,61,37,9.1,9.0,26.8,305.2,4.6,-6.5,4.0,-7.4,1.8,0.3,1.3,0.5,0.6,1.1,39093.0,10.4,370.0,-7.7,-1.1,0.022,9733.0,0.7,3.0,0.6,1.0,0.004,2.59,-0.67,0.87,6.6,4.9,0.0277,20,94,-12,7,146.5,54,-3,51,-0.2,0.008155,999999.99,99999.99,99999.99,99999.99,99999.99,99999.99,0,2003-03-03 06:00:00
2003,62,7,2315,51,52,63,37,8.2,6.1,-7.6,293.9,2.5,-5.5,-0.8,-5.1,-2.3,0.5,5.4,3.7,1.4,3.7,49328.0,11.8,373.0,-6.7,-2.1,0.032,8708.0,1.3,13.0,1.2,2.0,0.007,3.09,0.86,1.3,7.8,5.4,0.0195,20,94,-8,7,146.5,90,-14,76,-0.2,0.008155,999999.99,99999.99,99999.99,99999.99,99999.99,99999.99,0,2003-03-03 07:00:00
2003,62,8,2315,51,52,58,36,8.0,6.1,-31.4,269.8,0.0,-5.2,-3.2,-4.3,-4.4,0.4,5.2,2.7,3.1,3.2,54415.0,13.1,383.0,-5.1,-4.4,0.03,7247.0,0.7,5.0,0.7,0.7,0.003,3.59,1.69,1.56,8.7,5.7,0.0158,20,94,-11,7,146.5,420,-225,195,1.8,0.008155,999999.99,99999.99,99999.99,99999.99,99999.99,99999.99,0,2003-03-03 08:00:00
2003,62,9,2315,51,52,57,36,8.8,7.9,11.7,296.1,3.4,-7.0,1.6,-7.2,0.0,0.2,3.8,1.7,2.0,2.7,53100.0,12.1,375.0,-5.7,-2.8,0.033,8181.0,0.7,5.0,0.7,1.5,0.007,3.22,-0.0,1.18,7.4,5.2,0.0217,20,94,-20,7,146.5,358,-144,214,1.8,0.008155,999999.99,99999.99,99999.99,99999.99,99999.99,99999.99,0,2003-03-03 09:00:00
2003,62,10,2315,51,52,63,39,9.8,9.1,12.5,308.5,5.5,-6.9,2.0,-7.2,0.5,0.6,3.5,2.0,1.3,2.6,66153.0,12.1,374.0,-5.8,-2.0,0.042,10723.0,0.6,6.0,0.8,0.8,0.005,3.3,-0.19,1.02,6.6,4.8,0.027,20,94,-16,7,146.5,201,-65,136,0.7,0.008155,999999.99,99999.99,99999.99,99999.99,99999.99,99999.99,0,2003-03-03 10:00:00
2003,62,11,2315,51,52,60,36,10.3,9.9,19.2,289.7,3.2,-8.8,3.3,-9.3,1.4,0.4,2.5,1.0,0.7,2.2,66345.0,13.2,384.0,-5.4,-1.2,0.041,6973.0,0.8,4.0,0.5,1.1,0.003,3.78,-0.54,1.01,6.8,5.0,0.0259,20,94,-11,7,146.5,170,-55,115,0.2,0.008155,999999.99,99999.99,99999.99,99999.99,99999.99,99999.99,0,2003-03-03 11:00:00
2003,62,12,2315,51,52,61,37,10.1,8.3,3.3,300.3,4.2,-7.1,0.5,-7.0,-1.1,0.4,5.6,2.3,1.7,4.8,79061.0,15.4,388.0,-4.2,-2.8,0.043,9319.0,1.0,7.0,0.7,2.1,0.006,4.54,0.43,1.3,7.5,5.2,0.0209,30,94,-7,15,146.5,180,-83,97,1.2,0.008155,999999.99,99999.99,99999.99,99999.99,99999.99,99999.99,0,2003-03-03 12:00:00
2003,62,13,2315,51,52,59,37,11.1,10.3,37.1,306.2,4.8,-6.6,6.2,-7.9,4.4,0.4,3.9,2.1,1.7,2.7,75675.0,15.4,389.0,-4.4,0.2,0.044,8402.0,1.4,10.0,0.9,1.8,0.006,4.58,-1.71,1.06,6.9,5.0,0.0252,30,94,-9,15,146.5,226,-159,67,-0.1,0.008155,999999.99,99999.99,99999.99,99999.99,99999.99,99999.99,0,2003-03-03 13:00:00
2003,62,14,2315,51,52,63,39,11.2,8.7,1.0,322.2,6.8,-5.3,0.2,-5.1,-1.3,0.3,6.9,2.1,2.2,6.2,84604.0,15.4,385.0,-4.2,-2.8,0.062,6628.0,1.3,9.0,1.2,2.2,0.008,4.76,0.5,1.09,6.7,4.8,0.0261,30,94,-8,15,146.5,196,-112,83,0.7,0.008155,999999.99,99999.99,99999.99,99999.99,99999.99,99999.99,0,2003-03-03 14:00:00
2003,62,15,2315,51,52,60,37,11.9,10.7,-69.9,350.4,3.6,-0.6,-10.0,2.6,-9.7,0.5,5.1,1.3,4.5,2.1,96103.0,18.9,398.0,-2.3,-6.4,0.055,11860.0,1.4,5.0,1.6,0.8,0.009,6.1,3.86,1.25,7.3,5.0,0.0225,40,94,-8,27,146.5,234,-115,120,1.7,0.008155,999999.99,99999.99,99999.99,99999.99,99999.99,99999.99,0,2003-03-03 15:00:00
2003,62,16,2315,51,52,60,37,13.5,11.9,-1.6,303.7,6.6,-9.9,-0.3,-9.1,-3.9,1.1,6.3,1.6,3.6,4.9,104409.0,14.7,400.0,-4.2,-3.4,0.033,11910.0,1.2,4.0,1.0,1.8,0.009,4.45,1.56,0.78,5.7,4.4,0.0369,40,94,-24,27,146.5,687,-497,191,1.8,0.008155,999999.99,99999.99,99999.99,99999.99,99999.99,99999.99,0,2003-03-03 16:00:00
2003,62,17,2315,51,52,60,32,14.5,14.0,-15.8,312.9,9.2,-9.8,-3.8,-7.4,-7.4,0.5,3.6,0.7,1.7,3.1,126691.0,13.3,403.0,-3.2,-5.2,0.033,28390.0,0.6,5.0,1.1,1.8,0.005,4.08,2.98,0.67,5.1,4.0,0.0463,40,94,-37,27,146.5,748,-523,225,3.2,0.008155,999999.99,99999.99,99999.99,99999.99,99999.99,99999.99,0,2003-03-03 17:00:00
2003,62,18,2315,51,52,62,37,14.4,13.3,13.8,315.7,9.3,-9.0,3.2,-9.5,-1.1,0.3,4.9,2.2,1.6,4.1,153718.0,12.3,403.0,-3.6,0.4,0.035,17733.0,1.2,9.0,1.0,2.3,0.005,3.8,0.44,0.7,4.9,3.9,0.0494,53,94,-36,56,146.5,685,-370,315,3.7,0.008155,999999.99,99999.99,99999.99,99999.99,99999.99,99999.99,0,2003-03-03 18:00:00
2003,62,19,2315,51,52,64,36,14.3,12.7,12.9,295.7,5.4,-11.1,2.8,-11.1,-2.9,0.5,6.2,1.7,1.0,5.9,197178.0,11.9,433.0,-1.8,0.1,0.045,49836.0,1.0,14.0,1.5,3.1,0.015,4.4,1.26,0.79,5.2,4.0,0.0436,53,94,-26,56,146.5,388,-211,177,2.5,0.008155,999999.99,99999.99,99999.99,99999.99,99999.99,99999.99,0,2003-03-03 19:00:00
2003,62,20,2315,51,52,61,35,13.5,9.2,30.9,327.0,6.6,-4.3,4.7,-6.1,1.8,1.0,9.5,3.5,5.3,7.1,256222.0,11.6,443.0,3.8,0.8,0.06,42468.0,1.1,14.0,3.8,3.7,0.021,4.71,-0.8,1.02,5.6,4.1,0.0381,53,94,-29,56,146.5,293,-116,177,1.4,0.008155,999999.99,99999.99,99999.99,99999.99,99999.99,99999.99,0,2003-03-03 20:00:00
2003,62,21,2315,51,52,60,38,13.1,10.5,-6.5,309.0,6.6,-8.1,-1.2,-6.2,-5.3,0.5,7.4,2.7,3.0,6.2,251225.0,12.5,445.0,1.4,-3.3,0.052,46106.0,1.2,14.0,2.0,3.8,0.014,4.99,2.36,1.15,6.0,4.3,0.033,53,94,-29,56,146.5,213,-68,145,2.0,0.008155,999999.99,99999.99,99999.99,99999.99,99999.99,99999.99,0,2003-03-03 21:00:00
2003,62,22,2315,51,52,61,36,13.6,12.2,-18.7,301.1,6.0,-9.9,-3.9,-6.2,-8.6,0.4,5.5,1.5,2.7,4.5,215160.0,12.5,450.0,0.3,-5.0,0.045,19753.0,1.0,10.0,1.7,2.3,0.009,4.99,3.87,0.97,5.8,4.3,0.0348,53,94,-35,56,146.5,716,-311,406,5.2,0.008155,999999.99,99999.99,99999.99,99999.99,99999.99,99999.99,0,2003-03-03 22:00:00
2003,62,23,2315,51,52,57,32,15.4,14.4,-38.2,310.4,7.3,-8.6,-8.9,-2.4,-12.1,0.6,5.2,1.5,3.7,3.4,173672.0,10.2,453.0,0.1,-6.1,0.046,21296.0,2.0,6.0,2.1,1.6,0.011,4.14,5.48,0.54,4.7,3.9,0.0539,53,94,-51,56,146.5,651,-428,224,6.2,0.008155,999999.99,99999.99,99999.99,99999.99,99999.99,99999.99,0,2003-03-03 23:00:00
2003,63,0,2315,51,52,62,35,14.4,13.0,20.1,300.7,6.2,-10.5,4.5,-11.3,-1.8,1.0,5.9,2.3,2.1,5.0,251360.0,7.5,472.0,2.1,-1.2,0.075,58940.0,1.0,15.0,1.8,2.5,0.016,3.63,0.85,0.57,4.5,3.7,0.059,50,132,-67,48,143.6,376,-240,135,3.6,0.008434,999999.99,99999.99,99999.99,99999.99,99999.99,99999.99,0,2003-03-04 00:00:00
2003,63,1,2315,51,52,63,26,13.3,10.7,-8.4,314.7,7.5,-7.6,-1.6,-5.7,-5.3,0.4,7.5,2.3,3.4,6.2,277719.0,7.1,458.0,2.5,-3.6,0.057,33740.0,0.7,16.0,1.6,3.7,0.01,3.05,2.43,0.68,4.6,3.6,0.0565,50,132,-55,48,143.6,370,-160,210,2.5,0.008434,999999.99,99999.99,99999.99,99999.99,99999.99,99999.99,0,2003-03-04 01:00:00
2003,63,2,2315,51,52,62,29,12.6,10.2,-9.2,304.7,5.8,-8.3,-1.6,-6.5,-5.4,0.9,7.1,2.3,3.6,5.7,287091.0,7.5,488.0,2.8,-4.3,0.065,27117.0,0.9,11.0,1.7,3.2,0.015,3.76,2.64,0.82,5.3,4.1,0.0423,50,132,-57,48,143.6,416,-233,183,2.8,0.008434,999999.99,99999.99,99999.99,99999.99,99999.99,99999.99,0,2003-03-04 02:00:00
2003,63,3,2315,51,52,62,35,10.5,9.8,2.1,305.5,5.7,-8.0,0.4,-7.3,-3.2,0.3,3.7,1.6,1.2,3.1,270601.0,8.7,508.0,4.1,-2.0,0.049,17027.0,0.4,11.0,0.7,1.9,0.006,4.48,1.63,1.31,7.1,4.9,0.0234,47,132,-65,39,143.6,458,-317,141,2.7,0.008434,999999.99,99999.99,99999.99,99999.99,99999.99,99999.99,0,2003-03-04 03:00:00
2003,63,4,2315,51,52,59,36,10.9,10.4,2.0,303.4,5.7,-8.7,0.4,-8.1,-3.2,0.4,3.0,2.0,0.9,2.0,281378.0,6.2,534.0,3.7,-0.7,0.051,34186.0,0.8,14.0,0.6,1.5,0.013,3.55,1.71,0.89,6.1,4.6,0.032,47,132,-59,39,143.6,388,-187,201,2.4,0.008434,999999.99,99999.99,99999.99,99999.99,99999.99,99999.99,0,2003-03-04 04:00:00
2003,63,5,2315,51,52,61,38,10.8,10.4,-15.6,325.4,8.3,-5.7,-2.8,-4.3,-4.7,0.2,2.2,0.9,1.5,1.3,303656.0,5.6,519.0,6.0,-4.0,0.035,30306.0,0.5,9.0,1.5,1.6,0.004,2.87,2.44,0.86,5.7,4.3,0.0368,47,132,-57,39,143.6,347,-140,207,2.9,0.008434,999999.99,99999.99,99999.99,99999.99,99999.99,99999.99,0,2003-03-04 05:00:00
2003,63,6,2315,51,52,62,37,10.6,9.7,-1.1,325.4,8.0,-5.5,-0.2,-5.2,-1.9,0.1,4.1,1.8,2.3,2.9,292373.0,5.6,523.0,6.8,-1.2,0.03,33818.0,0.4,16.0,2.3,3.1,0.003,2.87,0.99,0.87,5.8,4.4,0.0349,47,132,-57,39,143.6,419,-241,178,3.0,0.008434,999999.99,99999.99,99999.99,99999.99,99999.99,99999.99,0,2003-03-04 06:00:00
2003,63,7,2315,51,52,60,33,10.1,8.5,1.9,321.3,6.6,-5.3,0.3,-5.2,-1.2,0.3,5.1,1.9,2.9,3.8,261191.0,5.4,534.0,6.5,-0.5,0.033,64914.0,0.6,16.0,2.8,3.9,0.006,2.91,0.64,0.86,6.1,4.7,0.0315,47,132,-67,39,143.6,493,-329,164,3.0,0.008434,999999.99,99999.99,99999.99,99999.99,99999.99,99999.99,0,2003-03-04 07:00:00
2003,63,8,2315,51,52,61,37,9.8,8.0,18.5,352.3,7.5,-1.0,2.5,-1.6,2.2,0.2,5.4,1.7,4.0,3.2,240608.0,5.4,537.0,9.5,1.6,0.032,39023.0,0.6,13.0,4.1,3.4,0.005,2.93,-1.18,0.86,6.4,4.8,0.0293,47,132,-60,39,143.6,410,-253,157,3.5,0.008434,999999.99,99999.99,99999.99,99999.99,99999.99,99999.99,0,2003-03-04 08:00:00
2003,63,9,2315,51,52,59,35,9.2,7.6,22.6,336.4,6.4,-2.8,2.9,-3.4,2.2,0.2,4.6,1.7,2.9,3.2,211488.0,5.3,543.0,6.7,2.0,0.029,33541.0,0.5,19.0,2.8,3.2,0.004,2.91,-1.19,0.89,6.8,5.1,0.0258,47,132,-51,39,143.6,521,-287,234,2.7,0.008434,999999.99,99999.99,99999.99,99999.99,99999.99,99999.99,0,2003-03-04 09:00:00
2003,63,10,2315,51,52,55,27,9.3,7.7,-23.9,270.5,0.1,-7.0,-3.1,-6.2,-4.5,0.2,4.7,3.7,1.1,2.5,167979.0,4.0,583.0,0.6,-3.2,0.036,34853.0,0.6,38.0,1.2,2.5,0.006,2.6,2.62,0.57,6.3,5.1,0.0303,47,132,-43,39,143.6,309,-226,83,1.3,0.008434,999999.99,99999.99,99999.99,99999.99,99999.99,99999.99,0,2003-03-04 10:00:00
2003,63,11,2315,51,52,65,33,8.8,6.3,27.0,301.0,2.9,-4.8,2.9,-5.3,1.8,0.2,5.8,2.8,2.7,4.3,190582.0,4.0,552.0,2.3,2.7,0.038,36806.0,0.5,30.0,2.5,4.1,0.005,2.34,-0.99,0.69,6.3,5.0,0.0302,47,132,-44,39,143.6,519,-415,104,2.1,0.008434,999999.99,99999.99,99999.99,99999.99,99999.99,99999.99,0,2003-03-04 11:00:00
2003,63,12,2315,51,52,55,34,8.4,7.1,37.6,316.0,4.0,-3.9,4.3,-4.8,3.3,0.1,4.4,3.3,1.4,2.5,198263.0,4.1,537.0,3.5,4.8,0.035,25941.0,0.3,33.0,1.6,1.8,0.003,2.25,-1.77,0.79,6.5,5.0,0.0284,43,132,-42,32,143.6,457,-351,107,0.9,0.008434,999999.99,99999.99,99999.99,99999.99,99999.99,99999.99,0,2003-03-04 12:00:00
2003,63,13,2315,51,52,63,38,8.2,7.5,3.4,323.9,6.1,-4.4,0.4,-4.4,-0.7,0.1,3.1,1.2,1.6,2.4,166060.0,3.6,506.0,2.0,0.1,0.034,27530.0,0.2,13.0,2.3,3.6,0.004,1.75,0.35,0.66,5.9,4.7,0.0347,43,132,-42,32,143.6,177,-84,93,1.0,0.008434,999999.99,99999.99,99999.99,99999.99,99999.99,99999.99,0,2003-03-04 13:00:00
2003,63,14,2315,51,52,60,36,8.5,8.1,-11.5,300.7,4.0,-6.8,-1.6,-6.1,-3.5,0.2,2.6,1.1,0.7,2.2,121497.0,3.0,522.0,-0.4,-1.5,0.036,17319.0,0.4,12.0,0.7,2.4,0.003,1.56,1.83,0.43,5.3,4.5,0.0421,43,132,-43,32,143.6,213,-149,64,2.3,0.008434,999999.99,99999.99,99999.99,99999.99,99999.99,99999.99,0,2003-03-04 14:00:00
2003,63,15,2315,51,52,57,34,8.5,8.0,-2.8,305.3,4.6,-6.5,-0.4,-6.0,-2.5,0.2,2.6,0.7,1.1,2.3,110053.0,3.1,512.0,-0.5,0.2,0.032,13753.0,0.4,10.0,1.1,2.6,0.003,1.53,1.28,0.43,5.3,4.5,0.0423,40,132,-43,27,143.6,721,-530,191,3.1,0.008434,999999.99,99999.99,99999.99,99999.99,99999.99,99999.99,0,2003-03-04 15:00:00
2003,63,16,2315,51,52,63,38,8.1,7.7,4.3,309.9,4.9,-5.9,0.6,-5.7,-1.6,0.1,2.3,0.9,0.6,2.0,104673.0,3.4,497.0,-1.4,0.8,0.032,17179.0,0.3,12.0,0.8,2.7,0.003,1.58,0.8,0.5,5.7,4.7,0.0372,40,132,-42,27,143.6,328,-229,99,1.9,0.008434,999999.99,99999.99,99999.99,99999.99,99999.99,99999.99,0,2003-03-04 16:00:00
2003,63,17,2315,51,52,54,31,8.1,7.3,10.9,321.4,5.6,-4.5,1.4,-4.7,-0.6,0.2,3.5,1.5,2.1,2.3,105043.0,3.4,483.0,-0.5,1.1,0.034,24468.0,0.3,14.0,2.3,2.8,0.008,1.5,0.29,0.5,5.5,4.6,0.0394,40,132,-39,27,143.6,136,-85,52,1.0,0.008434,999999.99,99999.99,99999.99,99999.99,99999.99,99999.99,0,2003-03-04 17:00:00
2003,63,18,2315,51,52,65,38,7.6,6.0,-15.2,317.7,4.3,-3.9,-1.6,-2.8,-3.2,0.1,4.3,1.7,1.8,3.6,134389.0,3.8,492.0,-0.4,-2.4,0.057,12135.0,0.5,17.0,1.8,3.7,0.009,1.89,1.57,0.72,6.3,5.0,0.0299,33,132,-36,18,143.6,283,-174,109,1.6,0.008434,999999.99,99999.99,99999.99,99999.99,99999.99,99999.99,0,2003-03-04 18:00:00
2003,63,19,2315,51,52,56,32,7.5,6.5,-19.7,330.2,5.3,-3.1,-2.2,-1.6,-3.4,0.2,3.4,1.5,0.8,3.0,109712.0,3.4,474.0,-0.4,-2.8,0.055,21941.0,0.5,18.0,1.5,4.0,0.01,1.56,1.61,0.6,5.8,4.7,0.035,33,132,-34,18,143.6,404,-267,137,3.0,0.008434,999999.99,99999.99,99999.99,99999.99,99999.99,99999.99,0,2003-03-04 19:00:00
2003,63,20,2315,51,52,59,36,7.2,5.9,9.0,343.4,5.6,-1.7,0.9,-1.9,-0.1,0.1,3.9,0.9,2.5,3.0,114091.0,3.8,473.0,0.5,-0.0,0.06,19658.0,0.5,8.0,2.4,3.2,0.017,1.76,0.05,0.74,6.4,5.0,0.029,33,132,-43,18,143.6,462,-285,177,3.1,0.008434,999999.99,99999.99,99999.99,99999.99,99999.99,99999.99,0,2003-03-04 20:00:00
2003,63,21,2315,51,52,60,35,7.2,6.9,7.8,0.8,6.8,0.1,0.9,-0.4,0.8,0.1,1.9,0.4,1.3,1.3,138619.0,3.5,457.0,2.8,0.4,0.057,41530.0,0.4,10.0,1.7,1.3,0.021,1.5,-0.37,0.75,5.9,4.6,0.0337,40,132,-43,27,143.6,399,-203,197,2.6,0.008434,999999.99,99999.99,99999.99,99999.99,99999.99,99999.99,0,2003-03-04 21:00:00
2003,63,22,2315,51,52,60,36,7.0,5.6,0.4,317.0,4.1,-3.8,0.0,-3.2,-2.1,0.2,4.1,1.7,1.7,3.4,130792.0,4.7,484.0,-1.5,-0.1,0.06,17229.0,0.5,12.0,1.8,2.9,0.008,2.28,1.02,1.03,7.5,5.4,0.0212,40,132,-31,27,143.6,336,-213,123,2.0,0.008434,999999.99,99999.99,99999.99,99999.99,99999.99,99999.99,0,2003-03-04 22:00:00
2003,63,23,2315,51,52,63,37,7.0,6.0,-15.1,325.0,4.7,-3.3,-1.6,-1.9,-3.1,0.1,3.4,1.4,2.0,2.4,127041.0,5.0,476.0,-1.3,-1.6,0.061,13157.0,0.5,8.0,2.3,1.9,0.01,2.35,1.48,1.08,7.6,5.5,0.0206,40,132,-25,27,143.6,361,-205,157,2.4,0.008434,999999.99,99999.99,99999.99,99999.99,99999.99,99999.99,0,2003-03-04 23:00:00
2003,64,0,2315,51,52,55,33,7.0,5.7,16.2,292.6,2.1,-5.0,1.6,-5.1,-1.3,0.2,3.9,2.5,2.8,1.0,122586.0,5.3,490.0,-3.5,1.1,0.05,14164.0,0.6,21.0,2.5,1.1,0.011,2.55,0.64,1.13,8.1,5.7,0.0183,33,107,-29,18,146.2,421,-242,179,2.0,0.008556,999999.99,99999.99,99999.99,99999.99,99999.99,99999.99,0,2003-03-05 00:00:00
2003,64,1,2315,51,52,64,19,6.7,4.7,19.9,306.0,2.6,-3.6,1.6,-3.9,-0.5,0.3,4.5,2.2,2.6,2.8,139707.0,5.5,481.0,-2.8,-0.6,0.051,32476.0,0.7,20.0,2.3,2.3,0.01,2.56,0.24,1.37,8.4,5.7,0.0168,33,107,-32,18,146.2,313,-191,123,2.3,0.008556,999999.99,99999.99,99999.99,99999.99,99999.99,99999.99,0,2003-03-05 01:00:00
2003,64,2,2315,51,51,60,35,6.5,4.7,42.9,322.0,2.7,-2.1,3.2,-3.4,1.8,0.1,4.3,2.3,2.9,2.1,136270.0,5.9,473.0,-1.2,2.2,9.999,27073.0,0.4,18.0,3.1,2.1,9.999,2.64,-0.85,1.54,8.8,5.8,0.0152,33,107,-37,18,146.2,167,-24,143,0.8,0.008556,999999.99,99999.99,99999.99,99999.99,99999.99,99999.99,0,2003-03-05 02:00:00
2003,64,3,2315,51,51,60,36,6.6,5.8,-0.7,303.6,3.2,-4.9,-0.1,-4.3,-2.3,0.2,2.7,1.6,1.3,1.8,136560.0,5.9,470.0,-4.0,-0.5,9.999,21230.0,0.4,13.0,1.6,2.2,9.999,2.61,1.08,1.49,8.6,5.7,0.0159,27,107,-35,12,146.2,285,-118,167,2.4,0.008556,999999.99,99999.99,99999.99,99999.99,99999.99,99999.99,0,2003-03-05 03:00:00
2003,64,4,2315,51,51,60,33,6.8,5.5,0.0,323.5,4.4,-3.3,0.0,-3.0,-1.3,0.1,3.9,1.6,2.6,2.4,124437.0,6.2,456.0,-3.3,0.1,9.999,29124.0,0.4,14.0,1.8,2.1,9.999,2.58,0.59,1.41,8.3,5.6,0.0171,27,107,-37,12,146.2,295,-145,151,1.9,0.008556,999999.99,99999.99,99999.99,99999.99,99999.99,99999.99,0,2003-03-05 04:00:00
2003,64,5,2315,51,51,60,36,7.0,6.5,37.7,31.6,4.4,2.7,4.0,1.1,4.7,0.2,2.4,1.4,1.3,1.5,90983.0,6.6,446.0,1.7,3.2,9.999,16071.0,0.5,12.0,1.3,1.4,9.999,2.63,-2.1,1.23,8.2,5.7,0.0178,27,107,-34,12,146.2,207,-75,132,0.7,0.008556,999999.99,99999.99,99999.99,99999.99,99999.99,99999.99,0,2003-03-05 05:00:00
2003,64,6,2315,51,51,60,34,6.7,3.3,27.9,332.0,2.6,-1.4,1.6,-1.8,1.1,0.8,5.7,1.4,4.7,2.9,110088.0,6.7,463.0,-1.7,1.5,9.999,36180.0,0.7,10.0,3.5,2.0,9.999,2.87,-0.51,1.48,8.9,5.9,0.0149,27,107,-27,12,146.2,39,9,48,-0.2,0.008556,999999.99,99999.99,99999.99,99999.99,99999.99,99999.99,0,2003-03-05 06:00:00
2003,64,7,2315,51,51,60,36,7.4,6.4,-16.5,303.8,3.4,-5.1,-1.8,-4.4,-3.1,0.3,3.4,1.5,2.4,1.8,101544.0,6.7,458.0,-3.7,-1.4,9.999,24832.0,0.9,11.0,2.3,1.9,9.999,2.81,1.42,1.17,8.0,5.6,0.0185,27,107,-25,12,146.2,160,-51,109,0.1,0.008556,999999.99,99999.99,99999.99,99999.99,99999.99,99999.99,0,2003-03-05 07:00:00
2003,64,8,2315,51,51,60,36,7.9,7.0,-25.3,287.6,1.9,-6.0,-3.0,-5.1,-4.4,0.2,3.3,2.7,1.4,1.2,89834.0,6.7,470.0,-4.7,-1.4,9.999,17850.0,0.6,19.0,0.9,1.3,9.999,2.96,2.07,0.97,7.7,5.7,0.0201,27,107,-32,12,146.2,333,-178,156,0.7,0.008556,999999.99,99999.99,99999.99,99999.99,99999.99,99999.99,0,2003-03-05 08:00:00
2003,64,9,2315,51,51,60,35,7.4,6.2,-29.7,339.3,5.0,-1.9,-3.1,-1.2,-3.4,0.2,3.8,1.4,2.7,2.3,113569.0,7.3,447.0,-2.1,-2.1,9.999,19737.0,0.7,10.0,2.7,1.7,9.999,2.92,1.52,1.34,8.2,5.6,0.0179,33,107,-39,18,146.2,468,-274,195,2.3,0.008556,999999.99,99999.99,99999.99,99999.99,99999.99,99999.99,0,2003-03-05 09:00:00
2003,64,10,2315,51,51,60,36,7.5,6.2,-1.6,325.1,5.1,-3.6,-0.2,-3.5,-1.0,0.5,4.0,1.4,1.2,3.5,96617.0,8.0,449.0,-2.7,0.7,9.999,19881.0,0.6,11.0,1.8,2.8,9.999,3.23,0.45,1.33,8.5,5.8,0.0166,33,107,-39,18,146.2,293,-155,139,1.3,0.008556,999999.99,99999.99,99999.99,99999.99,99999.99,99999.99,0,2003-03-05 10:00:00
2003,64,11,2315,51,51,60,36,8.3,7.9,-21.4,335.3,6.7,-3.1,-2.9,-2.4,-3.5,0.2,2.5,0.8,1.9,1.3,79475.0,8.4,446.0,-2.2,-1.0,9.999,10514.0,0.5,8.0,2.2,1.3,9.999,3.34,1.56,1.05,7.8,5.6,0.0196,33,107,-33,18,146.2,266,-126,140,0.8,0.008556,999999.99,99999.99,99999.99,99999.99,99999.99,99999.99,0,2003-03-05 11:00:00
2003,64,12,2315,51,51,60,37,8.1,7.3,7.1,319.3,5.5,-4.7,0.9,-4.8,-0.2,0.3,3.4,2.0,2.0,1.9,98647.0,8.6,452.0,-3.7,1.4,9.999,15937.0,0.7,15.0,1.6,1.8,9.999,3.51,0.09,1.24,8.2,5.7,0.0178,33,107,-24,18,146.2,407,-333,74,1.4,0.008556,999999.99,99999.99,99999.99,99999.99,99999.99,99999.99,0,2003-03-05 12:00:00
2003,64,13,2315,51,51,60,34,8.6,8.1,-0.9,328.9,7.0,-4.2,-0.1,-4.0,-1.2,0.2,2.5,1.2,1.0,1.9,92640.0,9.0,442.0,-4.2,0.5,9.999,15603.0,0.7,8.0,1.3,1.6,9.999,3.52,0.53,1.12,7.7,5.5,0.02,33,107,-24,18,146.2,478,-411,67,1.8,0.008556,999999.99,99999.99,99999.99,99999.99,99999.99,99999.99,0,2003-03-05 13:00:00
2003,64,14,2315,51,51,60,42,8.1,6.8,12.2,311.7,4.4,-5.0,1.4,-5.2,-0.1,0.4,4.2,1.6,1.3,3.6,146136.0,9.0,474.0,-2.4,2.2,9.999,35306.0,0.7,19.0,2.2,2.2,9.999,4.04,0.05,1.57,8.8,5.7,0.0154,33,107,-25,18,146.2,278,-162,116,0.7,0.008556,999999.99,99999.99,99999.99,99999.99,99999.99,99999.99,0,2003-03-05 14:00:00
2003,64,15,2315,51,51,60,37,7.0,4.4,-15.8,327.6,3.5,-2.3,-1.2,-1.8,-1.9,0.6,5.4,3.4,3.1,2.9,255672.0,8.1,516.0,2.5,0.7,9.999,47592.0,0.6,10.0,1.3,1.4,9.999,4.31,0.98,2.64,10.5,5.8,0.0108,40,107,-21,27,146.2,292,-161,130,1.9,0.008556,999999.99,99999.99,99999.99,99999.99,99999.99,99999.99,0,2003-03-05 15:00:00
2003,64,16,2315,51,51,60,37,5.6,4.5,-14.2,328.4,3.7,-2.3,-1.1,-1.7,-1.9,1.4,3.5,2.0,2.4,1.7,236301.0,7.9,518.0,2.5,0.3,9.999,30693.0,0.5,10.0,1.2,0.9,9.999,4.24,0.98,3.82,13.0,6.3,0.007,40,107,-21,27,146.2,523,-368,155,1.4,0.008556,999999.99,99999.99,99999.99,99999.99,99999.99,99999.99,0,2003-03-05 16:00:00
2003,64,17,2315,51,51,59,35,6.6,5.4,10.5,315.4,3.8,-3.7,1.0,-3.8,-0.6,1.6,4.0,1.3,2.8,2.5,242119.0,7.2,513.0,1.7,0.9,9.999,36594.0,0.8,5.0,1.2,1.1,9.999,3.79,0.31,2.55,10.4,5.8,0.0109,40,107,-20,27,146.2,597,-458,139,2.3,0.008556,999999.99,99999.99,99999.99,99999.99,99999.99,99999.99,0,2003-03-05 17:00:00
2003,64,18,2315,51,51,59,38,7.6,5.7,0.7,294.3,2.4,-5.2,0.1,-4.7,-2.2,0.5,4.9,2.7,1.6,3.7,232245.0,6.0,528.0,1.7,-0.8,9.999,30713.0,0.5,14.0,1.2,2.0,9.999,3.35,1.16,1.56,8.5,5.6,0.0164,33,107,-19,18,146.2,389,-247,143,1.5,0.008556,999999.99,99999.99,99999.99,99999.99,99999.99,99999.99,0,2003-03-05 18:00:00
2003,64,19,2315,51,51,37,16,6.4,5.5,34.8,304.9,2.6,-3.7,3.2,-4.8,1.0,0.7,3.0,1.2,1.1,2.5,241729.0,6.1,526.0,2.7,0.6,9.999,44664.0,0.4,4.0,0.7,1.7,9.999,3.38,-0.53,2.29,10.1,5.9,0.0115,33,107,-23,18,146.2,243,-113,131,1.5,0.008556,999999.99,99999.99,99999.99,99999.99,99999.99,99999.99,0,2003-03-05 19:00:00
2003,64,20,2315,51,51,60,37,6.2,5.1,13.9,289.4,1.6,-4.7,1.2,-4.6,-1.4,0.2,3.3,1.7,1.8,2.2,235070.0,5.7,536.0,2.2,-0.4,9.999,36925.0,0.4,14.0,1.6,1.5,9.999,3.28,0.75,2.24,10.3,6.0,0.0112,33,107,-26,18,146.2,379,-231,148,1.9,0.008556,999999.99,99999.99,99999.99,99999.99,99999.99,99999.99,0,2003-03-05 20:00:00
2003,64,21,2315,51,51,60,35,6.7,5.7,4.9,292.1,2.1,-5.3,0.5,-4.7,-2.4,0.4,3.2,1.5,1.4,2.5,193530.0,5.2,527.0,1.6,0.3,9.999,33639.0,0.5,11.0,1.4,1.8,9.999,2.89,1.26,1.55,9.0,5.9,0.0148,40,107,-24,27,146.2,314,-199,114,2.5,0.008556,999999.99,99999.99,99999.99,99999.99,99999.99,99999.99,0,2003-03-05 21:00:00
2003,64,22,2315,51,51,60,36,7.3,6.0,14.4,319.3,4.4,-3.8,1.5,-4.0,-0.8,0.4,4.2,1.3,2.5,3.1,154475.0,4.5,501.0,0.2,1.1,9.999,34001.0,0.4,15.0,2.0,2.6,9.999,2.26,0.4,0.99,7.3,5.3,0.0224,40,107,-32,27,146.2,358,-218,140,2.3,0.008556,999999.99,99999.99,99999.99,99999.99,99999.99,99999.99,0,2003-03-05 22:00:00
2003,64,23,2315,51,51,60,36,7.0,5.9,-25.6,302.1,2.8,-4.5,-2.6,-2.4,-4.6,0.3,3.7,1.1,1.1,3.3,146104.0,4.7,501.0,-0.3,-0.4,9.999,27695.0,0.4,7.0,1.2,2.7,9.999,2.36,2.3,1.1,7.8,5.6,0.0198,40,107,-26,27,146.2,544,-361,183,3.8,0.008556,999999.99,99999.99,99999.99,99999.99,99999.99,99999.99,0,2003-03-05 23:00:00
2003,65,0,2315,51,52,61,4,7.2,6.6,-7.8,304.3,3.7,-5.4,-0.9,-4.1,-3.7,0.2,2.8,1.0,0.7,2.5,132103.0,4.6,484.0,-2.0,-1.2,0.053,3031.0,0.2,1.0,0.5,0.8,0.002,2.18,1.79,0.96,7.2,5.3,0.0229,43,104,-27,32,147.9,470,-310,161,3.1,0.008686,999999.99,99999.99,99999.99,99999.99,99999.99,99999.99,0,2003-03-06 00:00:00
2003,65,1,2315,51,52,59,37,7.3,6.6,-26.5,292.1,2.2,-5.5,-3.0,-3.2,-5.4,0.2,2.7,1.6,1.0,1.9,142233.0,4.8,507.0,-1.6,-0.8,0.05,16976.0,0.3,14.0,1.1,1.9,0.005,2.47,2.74,1.01,7.6,5.6,0.0205,43,104,-28,32,147.9,457,-306,152,2.8,0.008686,999999.99,99999.99,99999.99,99999.99,99999.99,99999.99,0,2003-03-06 01:00:00
2003,65,2,2315,51,52,63,36,7.2,6.5,-20.6,273.5,0.4,-6.1,-2.3,-4.2,-5.0,0.1,2.8,2.2,0.7,1.6,133945.0,4.8,518.0,-2.1,-0.2,0.051,12563.0,0.3,17.0,0.6,1.5,0.005,2.59,2.59,1.01,7.9,5.8,0.0191,43,104,-30,32,147.9,626,-435,191,5.6,0.008686,999999.99,99999.99,99999.99,99999.99,99999.99,99999.99,0,2003-03-06 02:00:00
2003,65,3,2315,51,52,61,37,7.0,6.4,-13.2,291.2,2.3,-5.8,-1.5,-4.5,-3.9,0.2,2.5,2.2,0.5,1.1,132156.0,4.6,515.0,-1.7,0.0,0.044,16721.0,0.3,17.0,0.5,1.2,0.005,2.4,2.01,1.02,7.9,5.8,0.0191,37,104,-35,22,147.9,485,-346,139,3.7,0.008686,999999.99,99999.99,99999.99,99999.99,99999.99,99999.99,0,2003-03-06 03:00:00
2003,65,4,2315,51,52,57,36,7.4,6.3,-10.8,278.6,0.9,-6.1,-1.2,-5.1,-3.6,0.3,3.7,3.4,0.7,1.2,108275.0,4.4,526.0,-2.2,0.6,0.04,23144.0,0.5,27.0,0.5,1.2,0.006,2.36,1.89,0.79,7.5,5.7,0.0214,37,104,-38,22,147.9,450,-276,175,3.1,0.008686,999999.99,99999.99,99999.99,99999.99,99999.99,99999.99,0,2003-03-06 04:00:00
2003,65,5,2315,51,52,63,39,7.4,7.1,3.8,299.0,3.4,-6.2,0.5,-6.0,-1.8,0.1,2.2,1.8,0.9,0.8,92513.0,4.1,510.0,-2.3,1.6,0.034,13362.0,0.4,12.0,0.6,1.0,0.004,2.02,0.92,0.69,7.0,5.5,0.0244,37,104,-39,22,147.9,342,-127,216,1.8,0.008686,999999.99,99999.99,99999.99,99999.99,99999.99,99999.99,0,2003-03-06 05:00:00
2003,65,6,2315,51,52,62,36,7.3,6.8,-5.9,279.3,1.1,-6.7,-0.7,-6.1,-2.8,0.5,2.6,1.7,1.3,1.4,101391.0,3.8,533.0,-2.9,0.1,0.039,20119.0,0.4,13.0,1.1,1.0,0.006,2.08,1.49,0.68,7.1,5.6,0.0235,37,104,-40,22,147.9,324,-123,200,1.1,0.008686,999999.99,99999.99,99999.99,99999.99,99999.99,99999.99,0,2003-03-06 06:00:00
2003,65,7,2315,51,52,57,35,6.4,5.9,-13.1,275.6,0.6,-5.7,-1.3,-5.1,-2.8,0.3,2.2,1.7,0.6,1.3,150419.0,4.6,541.0,-1.6,-0.7,0.046,20499.0,0.3,13.0,0.9,1.0,0.007,2.66,1.51,1.3,9.1,6.2,0.0145,37,104,-43,22,147.9,467,-264,203,1.8,0.008686,999999.99,99999.99,99999.99,99999.99,99999.99,99999.99,0,2003-03-06 07:00:00
2003,65,8,2315,51,52,59,36,6.4,5.7,2.2,331.6,5.0,-2.7,0.2,-2.7,-0.5,0.2,2.6,1.1,2.1,1.2,144552.0,3.9,510.0,0.3,0.8,0.049,26481.0,0.4,12.0,2.3,1.7,0.01,2.03,0.26,1.08,7.9,5.7,0.0192,37,104,-47,22,147.9,413,-258,155,2.2,0.008686,999999.99,99999.99,99999.99,99999.99,99999.99,99999.99,0,2003-03-06 08:00:00
2003,65,9,2315,51,52,58,36,6.3,5.9,-6.6,329.8,5.1,-2.9,-0.7,-2.7,-1.3,0.1,1.9,1.1,1.1,1.2,139886.0,3.7,504.0,-0.8,-0.7,0.047,21945.0,0.5,13.0,1.5,1.7,0.007,1.86,0.66,1.04,7.7,5.6,0.0201,37,104,-44,22,147.9,322,-90,232,1.5,0.008686,999999.99,99999.99,99999.99,99999.99,99999.99,99999.99,0,2003-03-06 09:00:00
2003,65,10,2315,51,52,62,38,7.7,7.3,0.3,329.1,6.3,-3.7,0.0,-3.6,-0.8,1.3,2.4,0.8,2.0,1.1,139066.0,4.9,509.0,-1.5,0.7,0.036,24762.0,1.1,15.0,1.8,1.5,0.004,2.43,0.41,0.92,7.3,5.5,0.0222,37,104,-37,22,147.9,330,-159,172,1.5,0.008686,999999.99,99999.99,99999.99,99999.99,99999.99,99999.99,0,2003-03-06 10:00:00
2003,65,11,2315,51,52,62,37,8.6,8.0,-2.3,315.0,5.6,-5.6,-0.3,-5.4,-1.5,0.3,3.2,1.7,1.3,2.4,176509.0,6.4,539.0,-2.6,-0.9,0.038,17345.0,0.4,13.0,0.7,2.3,0.005,3.58,0.81,1.1,7.9,5.7,0.0189,37,104,-33,22,147.9,334,-255,79,1.0,0.008686,999999.99,99999.99,99999.99,99999.99,99999.99,99999.99,0,2003-03-06 11:00:00
2003,65,12,2315,51,52,61,36,8.1,7.3,-8.9,311.9,4.8,-5.3,-1.1,-4.9,-2.3,0.7,3.3,1.8,1.8,2.1,183330.0,5.9,535.0,-1.4,-1.9,0.041,34287.0,0.7,16.0,1.8,1.5,0.008,3.28,1.23,1.17,8.0,5.7,0.0185,40,104,-24,27,147.9,1002,-890,111,2.5,0.008686,999999.99,99999.99,99999.99,99999.99,99999.99,99999.99,0,2003-03-06 12:00:00
2003,65,13,2315,51,52,60,36,8.5,7.8,-48.1,345.1,5.0,-1.3,-5.8,0.2,-5.9,0.1,3.0,1.0,2.7,0.9,181699.0,5.3,543.0,2.8,-4.4,0.046,21649.0,0.4,8.0,2.2,1.0,0.005,3.09,3.2,0.95,7.4,5.5,0.022,40,104,-28,27,147.9,816,-602,214,4.3,0.008686,999999.99,99999.99,99999.99,99999.99,99999.99,99999.99,0,2003-03-06 13:00:00
2003,65,14,2315,51,52,56,29,8.4,7.0,-23.6,3.3,6.4,0.4,-2.8,1.2,-2.6,0.2,4.2,1.7,3.4,1.8,194293.0,5.2,527.0,4.2,-2.5,0.04,35337.0,0.5,19.0,3.1,1.8,0.004,2.8,1.37,0.99,7.2,5.3,0.0232,40,104,-44,27,147.9,969,-654,315,3.5,0.008686,999999.99,99999.99,99999.99,99999.99,99999.99,99999.99,0,2003-03-06 14:00:00
2003,65,15,2315,51,52,63,38,8.2,6.0,2.5,327.6,5.1,-3.2,0.3,-3.1,-0.8,0.1,5.2,2.2,3.1,3.5,174643.0,5.0,536.0,0.2,0.4,0.037,31329.0,0.5,21.0,3.2,3.6,0.005,2.75,0.43,0.94,7.3,5.4,0.0223,47,104,-50,39,147.9,828,-509,319,2.5,0.008686,999999.99,99999.99,99999.99,99999.99,99999.99,99999.99,0,2003-03-06 15:00:00
2003,65,16,2315,51,52,58,36,8.1,7.7,-8.6,308.4,4.8,-6.0,-1.2,-5.1,-3.3,0.1,2.1,0.8,0.9,1.7,164878.0,5.2,526.0,-3.2,-1.4,0.033,9275.0,0.2,6.0,0.9,1.6,0.001,2.72,1.74,0.97,7.4,5.5,0.0217,47,104,-47,39,147.9,614,-390,224,2.3,0.008686,999999.99,99999.99,99999.99,99999.99,99999.99,99999.99,0,2003-03-06 16:00:00
2003,65,17,2315,51,52,58,35,7.9,7.3,1.7,329.6,6.3,-3.7,0.2,-3.5,-1.3,0.1,2.8,0.7,1.2,2.5,157497.0,4.9,505.0,-1.4,-0.1,0.03,14428.0,0.3,9.0,1.5,3.1,0.002,2.34,0.66,0.93,7.1,5.3,0.0238,47,104,-38,39,147.9,637,-359,278,3.6,0.008686,999999.99,99999.99,99999.99,99999.99,99999.99,99999.99,0,2003-03-06 17:00:00
2003,65,18,2315,51,52,60,35,7.8,7.3,-10.8,332.3,6.4,-3.3,-1.4,-2.3,-2.7,0.1,2.4,1.0,1.3,1.8,141744.0,4.6,497.0,-1.1,-1.9,0.029,17781.0,0.3,10.0,1.6,2.1,0.003,2.12,1.34,0.85,6.8,5.2,0.0255,33,104,-39,18,147.9,252,-137,114,1.5,0.008686,999999.99,99999.99,99999.99,99999.99,99999.99,99999.99,0,2003-03-06 18:00:00
2003,65,19,2315,51,52,62,36,7.6,5.9,11.0,308.0,3.5,-4.5,1.1,-4.5,-1.2,0.1,4.6,2.3,2.0,3.4,148577.0,4.8,520.0,-1.8,0.7,0.034,16909.0,0.3,21.0,2.3,3.4,0.003,2.46,0.62,0.96,7.5,5.5,0.0212,33,104,-40,18,147.9,383,-222,161,1.9,0.008686,999999.99,99999.99,99999.99,99999.99,99999.99,99999.99,0,2003-03-06 19:00:00
2003,65,20,2315,51,52,57,35,7.4,6.6,-9.4,301.0,3.4,-5.6,-1.1,-4.2,-3.8,0.1,3.1,1.9,1.3,2.0,136308.0,4.5,517.0,-3.1,-1.7,0.035,17955.0,0.5,18.0,1.2,2.2,0.002,2.29,1.96,0.9,7.4,5.6,0.0217,33,104,-43,18,147.9,587,-422,165,2.6,0.008686,999999.99,99999.99,99999.99,99999.99,99999.99,99999.99,0,2003-03-06 20:00:00
2003,65,21,2315,51,52,59,35,7.2,6.4,-10.8,339.7,5.9,-2.2,-1.2,-1.2,-2.2,0.1,2.9,0.7,1.9,2.0,129282.0,3.9,487.0,-0.3,-3.2,0.032,22992.0,0.4,10.0,2.5,2.4,0.002,1.74,1.07,0.81,6.7,5.1,0.0267,43,104,-44,32,147.9,450,-251,199,3.4,0.008686,999999.99,99999.99,99999.99,99999.99,99999.99,99999.99,0,2003-03-06 21:00:00
2003,65,22,2315,51,52,57,33,7.0,6.0,24.0,2.0,5.5,0.2,2.4,-1.1,2.1,0.1,3.3,1.4,1.8,2.3,129721.0,3.9,489.0,3.7,1.9,0.033,25509.0,0.4,13.0,2.8,3.0,0.003,1.76,-1.03,0.85,6.9,5.2,0.025,43,104,-47,32,147.9,348,-170,178,2.6,0.008686,999999.99,99999.99,99999.99,99999.99,99999.99,99999.99,0,2003-03-06 22:00:00
2003,65,23,2315,51,52,60,35,7.0,6.3,11.3,357.5,6.2,-0.3,1.2,-0.9,0.8,0.1,2.8,0.6,2.4,1.3,136534.0,3.8,479.0,2.4,0.8,0.033,27143.0,0.4,9.0,3.2,2.1,0.003,1.65,-0.38,0.85,6.7,5.1,0.0267,43,104,-40,32,147.9,297,-183,114,1.1,0.008686,999999.99,99999.99,99999.99,99999.99,99999.99,99999.99,0,2003-03-06 23:00:00
2003,66,0,2315,51,52,61,38,7.0,6.3,-15.6,358.9,6.1,-0.1,-1.7,0.8,-1.5,0.2,2.7,0.8,1.6,2.1,119500.0,3.8,480.0,3.0,-3.1,0.032,19920.0,0.4,13.0,2.3,2.9,0.004,1.65,0.72,0.8,6.7,5.1,0.0266,40,130,-33,27,147.6,222,-141,82,0.5,0.008732,999999.99,99999.99,99999.99,99999.99,99999.99,99999.99,0,2003-03-07 00:00:00
2003,66,1,2315,51,52,58,35,7.0,5.9,0.7,21.8,5.5,2.2,0.1,1.8,1.2,0.2,3.5,0.8,1.4,3.1,118769.0,4.1,488.0,5.2,-0.8,0.032,14004.0,0.4,10.0,2.0,3.8,0.002,1.84,-0.59,0.86,7.1,5.3,0.0239,40,130,-30,27,147.6,528,-379,149,3.1,0.008732,999999.99,99999.99,99999.99,99999.99,99999.99,99999.99,0,2003-03-07 01:00:00
2003,66,2,2315,51,52,63,39,6.9,5.7,11.3,313.0,3.8,-4.1,1.1,-4.1,-1.0,0.2,3.6,1.8,2.4,2.0,112313.0,3.7,496.0,-1.9,-0.2,0.034,15657.0,0.4,18.0,2.6,2.5,0.005,1.73,0.5,0.78,6.9,5.3,0.0249,40,130,-41,27,147.6,632,-480,152,4.9,0.008732,999999.99,99999.99,99999.99,99999.99,99999.99,99999.99,0,2003-03-07 02:00:00
2003,66,3,2315,51,52,59,36,7.0,6.2,8.7,306.1,3.6,-4.9,0.9,-4.8,-1.4,0.2,3.1,1.4,1.1,2.6,108314.0,3.9,499.0,-2.6,-0.3,0.036,12562.0,0.3,12.0,1.2,2.7,0.004,1.86,0.7,0.78,7.0,5.4,0.024,33,130,-45,18,147.6,308,-196,111,1.8,0.008732,999999.99,99999.99,99999.99,99999.99,99999.99,99999.99,0,2003-03-07 03:00:00
2003,66,4,2315,51,52,57,35,6.8,6.2,0.8,321.0,4.8,-3.9,0.1,-3.6,-1.5,0.1,2.6,1.3,1.8,1.3,96880.0,3.5,482.0,-1.9,-0.9,0.034,17208.0,0.4,14.0,2.0,1.8,0.004,1.54,0.72,0.71,6.6,5.2,0.0271,33,130,-39,18,147.6,154,-75,79,0.6,0.008732,999999.99,99999.99,99999.99,99999.99,99999.99,99999.99,0,2003-03-07 04:00:00
2003,66,5,2315,51,52,62,37,6.6,5.7,-9.4,328.9,4.8,-2.9,-0.9,-2.4,-1.9,0.1,3.3,1.5,2.6,1.2,91116.0,3.3,480.0,-0.6,-2.5,0.036,25159.0,0.5,18.0,3.4,1.8,0.006,1.45,0.91,0.69,6.6,5.2,0.0273,33,130,-32,18,147.6,193,-97,96,0.4,0.008732,999999.99,99999.99,99999.99,99999.99,99999.99,99999.99,0,2003-03-07 05:00:00
2003,66,6,2315,51,52,60,37,6.5,5.0,4.6,356.6,5.0,-0.3,0.4,-0.4,0.3,0.1,4.0,1.6,2.9,2.2,97129.0,3.4,477.0,2.4,-0.7,0.036,20199.0,0.5,17.0,3.7,3.3,0.003,1.48,-0.14,0.75,6.8,5.3,0.026,33,130,-33,18,147.6,357,-228,128,2.0,0.008732,999999.99,99999.99,99999.99,99999.99,99999.99,99999.99,0,2003-03-07 06:00:00
2003,66,7,2315,51,52,62,38,6.5,4.9,-7.7,307.4,3.0,-3.9,-0.7,-3.5,-1.8,0.1,3.9,1.6,1.8,3.0,102521.0,3.7,497.0,-1.9,-2.4,0.038,21332.0,0.5,19.0,2.1,3.3,0.005,1.76,0.89,0.84,7.4,5.6,0.022,33,130,-36,18,147.6,220,-75,145,0.9,0.008732,999999.99,99999.99,99999.99,99999.99,99999.99,99999.99,0,2003-03-07 07:00:00
2003,66,8,2315,51,52,57,35,6.5,5.7,-30.3,306.1,2.9,-4.0,-2.9,-3.2,-3.8,0.1,2.8,1.7,1.2,1.8,96717.0,3.8,492.0,-2.2,-4.8,0.036,9281.0,0.3,19.0,1.1,2.1,0.003,1.76,1.87,0.84,7.4,5.6,0.0219,33,130,-33,18,147.6,260,-110,150,1.3,0.008732,999999.99,99999.99,99999.99,99999.99,99999.99,99999.99,0,2003-03-07 08:00:00
2003,66,9,2315,51,52,62,38,6.4,5.6,-21.3,285.6,1.4,-5.0,-2.0,-4.4,-3.1,0.1,2.8,1.9,1.1,1.8,96700.0,4.0,504.0,-3.0,-3.7,0.036,12268.0,0.2,18.0,1.2,2.1,0.003,1.94,1.56,0.91,7.9,5.9,0.0192,33,130,-37,18,147.6,500,-289,210,1.1,0.008732,999999.99,99999.99,99999.99,99999.99,99999.99,99999.99,0,2003-03-07 09:00:00
2003,66,10,2315,51,52,61,36,6.5,4.8,18.7,286.2,1.3,-4.4,1.6,-4.6,0.6,0.1,4.1,1.8,2.0,3.1,97035.0,4.2,499.0,-2.1,-0.2,0.034,15399.0,0.4,15.0,2.0,3.4,0.003,1.98,-0.3,0.93,7.9,5.9,0.0192,33,130,-36,18,147.6,617,-312,305,2.4,0.008732,999999.99,99999.99,99999.99,99999.99,99999.99,99999.99,0,2003-03-07 10:00:00
2003,66,11,2315,51,52,62,36,6.4,4.8,36.9,285.5,1.0,-3.7,2.9,-4.2,2.0,0.2,4.2,1.6,3.4,1.9,94196.0,4.1,499.0,-1.7,1.6,0.033,11603.0,0.3,15.0,3.3,1.8,0.003,1.93,-1.0,0.93,7.9,5.9,0.0191,33,130,-31,18,147.6,217,-72,145,0.4,0.008732,999999.99,99999.99,99999.99,99999.99,99999.99,99999.99,0,2003-03-07 11:00:00
2003,66,12,2315,51,52,57,34,6.3,5.4,17.1,270.7,0.1,-5.1,1.6,-5.3,0.4,0.1,3.1,1.4,1.1,2.5,102197.0,4.1,506.0,-3.1,0.4,0.035,15828.0,0.4,14.0,1.3,2.5,0.005,2.0,-0.2,0.99,8.1,6.0,0.018,23,130,-25,9,147.6,134,-58,76,0.8,0.008732,999999.99,99999.99,99999.99,99999.99,99999.99,99999.99,0,2003-03-07 12:00:00
2003,66,13,2315,51,52,58,35,6.1,5.3,-2.5,320.0,4.1,-3.4,-0.2,-3.2,-1.1,0.1,2.7,1.3,1.6,1.8,88474.0,3.6,465.0,-2.3,-1.7,0.035,14525.0,0.4,14.0,2.0,2.7,0.003,1.48,0.51,0.87,7.2,5.5,0.0227,23,130,-28,9,147.6,109,-48,61,0.6,0.008732,999999.99,99999.99,99999.99,99999.99,99999.99,99999.99,0,2003-03-07 13:00:00
2003,66,14,2315,51,52,60,36,5.9,4.1,-0.4,332.7,3.7,-1.9,0.0,-1.8,-0.5,0.1,4.1,1.3,3.4,1.9,100210.0,3.7,469.0,0.2,-1.5,0.038,21368.0,0.5,12.0,4.1,2.5,0.004,1.57,0.23,1.01,7.6,5.6,0.0203,23,130,-29,9,147.6,188,-143,44,0.6,0.008732,999999.99,99999.99,99999.99,99999.99,99999.99,99999.99,0,2003-03-07 14:00:00
2003,66,15,2315,51,52,57,33,5.9,4.4,42.2,320.3,2.5,-2.1,3.0,-3.0,2.2,0.3,3.7,1.7,1.6,2.9,100744.0,3.8,477.0,-0.4,2.0,0.038,21770.0,0.5,17.0,1.8,3.2,0.004,1.66,-1.05,1.04,7.9,5.7,0.0192,13,130,-27,5,147.6,152,-121,30,0.3,0.008732,999999.99,99999.99,99999.99,99999.99,99999.99,99999.99,0,2003-03-07 15:00:00
2003,66,16,2315,51,52,63,35,5.9,4.9,24.9,321.9,3.5,-2.8,2.1,-3.4,0.9,0.1,3.0,1.4,1.2,2.4,86624.0,3.7,462.0,-1.6,1.1,0.037,16299.0,0.5,16.0,1.7,3.1,0.003,1.51,-0.42,0.95,7.5,5.6,0.021,13,130,-22,5,147.6,74,-25,49,-0.2,0.008732,999999.99,99999.99,99999.99,99999.99,99999.99,99999.99,0,2003-03-07 16:00:00
2003,66,17,2315,51,52,61,37,6.2,5.9,39.5,345.5,4.4,-1.2,3.8,-2.7,3.0,0.1,1.5,0.6,1.0,1.0,64483.0,3.6,456.0,0.3,3.5,0.03,9941.0,0.2,5.0,1.4,0.9,0.003,1.4,-1.37,0.75,7.0,5.4,0.0244,13,130,-19,5,147.6,55,-23,32,0.7,0.008732,999999.99,99999.99,99999.99,99999.99,99999.99,99999.99,0,2003-03-07 17:00:00
2003,66,18,2315,51,52,59,37,6.1,5.6,-49.4,306.2,2.1,-2.9,-4.2,-0.7,-5.1,0.1,2.5,1.2,0.9,2.0,75189.0,3.8,471.0,-1.9,-5.4,0.037,9106.0,0.3,11.0,1.2,2.3,0.003,1.62,2.4,0.86,7.5,5.7,0.021,27,130,-17,12,147.6,68,-11,57,0.1,0.008732,999999.99,99999.99,99999.99,99999.99,99999.99,99999.99,0,2003-03-07 18:00:00
2003,66,19,2315,51,52,55,34,6.1,4.9,8.4,335.4,4.4,-2.0,0.7,-2.1,-0.4,0.1,3.5,1.0,0.9,3.2,70337.0,3.5,446.0,-1.6,0.0,0.037,12182.0,0.4,12.0,1.3,3.7,0.004,1.33,0.18,0.78,6.8,5.3,0.0254,27,130,-20,12,147.6,209,-107,102,1.9,0.008732,999999.99,99999.99,99999.99,99999.99,99999.99,99999.99,0,2003-03-07 19:00:00
2003,66,20,2315,51,52,59,37,6.1,5.8,5.3,350.6,5.7,-0.9,0.5,-1.0,0.0,0.0,1.7,0.3,1.0,1.4,57532.0,3.1,426.0,0.0,-0.3,0.029,14207.0,0.2,5.0,1.6,2.2,0.002,1.05,-0.0,0.64,6.1,4.9,0.0315,27,130,-26,12,147.6,153,-84,68,0.8,0.008732,999999.99,99999.99,99999.99,99999.99,99999.99,99999.99,0,2003-03-07 20:00:00
2003,66,21,2315,51,52,61,37,6.2,6.1,10.9,348.4,5.8,-1.2,1.1,-1.6,0.3,0.1,1.0,0.2,0.8,0.6,44477.0,3.1,421.0,-0.5,0.4,0.028,5416.0,0.1,2.0,1.4,0.9,0.002,1.02,-0.13,0.58,6.0,4.9,0.0333,30,130,-20,15,147.6,92,-61,31,0.9,0.008732,999999.99,99999.99,99999.99,99999.99,99999.99,99999.99,0,2003-03-07 21:00:00
2003,66,22,2315,51,52,63,39,6.1,5.3,30.7,348.5,4.4,-0.9,2.7,-2.2,1.8,0.2,3.0,1.5,1.8,2.0,60018.0,3.7,436.0,-0.8,2.0,0.04,17582.0,0.4,14.0,1.9,2.4,0.008,1.36,-0.78,0.78,6.9,5.3,0.0252,30,130,-19,15,147.6,220,-147,73,1.9,0.008732,999999.99,99999.99,99999.99,99999.99,99999.99,99999.99,0,2003-03-07 22:00:00
2003,66,23,2315,51,52,59,36,6.0,5.3,43.1,307.1,2.3,-3.1,3.6,-4.6,1.3,0.0,2.6,1.6,1.0,1.8,71429.0,4.2,449.0,-3.0,2.9,0.044,10009.0,0.3,14.0,1.3,1.8,0.004,1.66,-0.58,0.97,7.7,5.7,0.0202,30,130,-17,15,147.6,277,-231,46,2.3,0.008732,999999.99,99999.99,99999.99,99999.99,99999.99,99999.99,0,2003-03-07 23:00:00
2003,67,0,2315,51,52,58,33,5.7,4.3,-17.4,327.7,3.4,-2.2,-1.3,-1.2,-2.3,0.2,3.6,1.4,1.8,2.7,83086.0,4.2,443.0,-1.7,-2.7,0.049,10595.0,0.3,13.0,2.0,3.0,0.007,1.65,1.02,1.14,8.0,5.7,0.0188,13,109,-17,5,146.2,66,-24,42,0.5,0.008621,999999.99,99999.99,99999.99,99999.99,99999.99,99999.99,0,2003-03-08 00:00:00
2003,67,1,2315,51,52,60,37,5.6,4.9,-24.6,342.2,4.3,-1.4,-2.0,-0.2,-2.4,0.1,2.4,0.7,1.1,2.0,90282.0,4.3,430.0,-1.1,-3.2,0.053,11819.0,0.5,8.0,1.3,2.5,0.006,1.61,1.03,1.25,8.0,5.5,0.0188,13,109,-14,5,146.2,58,-19,39,-0.1,0.008621,999999.99,99999.99,99999.99,99999.99,99999.99,99999.99,0,2003-03-08 01:00:00
2003,67,2,2315,51,52,57,36,5.7,4.7,17.8,349.8,4.4,-0.8,1.4,-1.4,0.8,0.3,3.1,1.9,1.8,1.7,87610.0,4.0,425.0,-0.2,1.3,0.051,11172.0,0.5,17.0,2.0,1.5,0.006,1.45,-0.34,1.11,7.5,5.3,0.0214,13,109,-14,5,146.2,40,-9,31,-0.2,0.008621,999999.99,99999.99,99999.99,99999.99,99999.99,99999.99,0,2003-03-08 02:00:00
2003,67,3,2315,51,52,62,36,5.7,5.2,-1.5,340.5,4.9,-1.7,-0.1,-1.5,-0.9,0.2,2.1,0.7,1.1,1.7,90819.0,4.1,421.0,-1.9,-0.2,0.055,18020.0,0.4,7.0,1.6,2.1,0.007,1.48,0.38,1.15,7.5,5.3,0.0213,13,109,-15,5,146.2,76,-18,58,-0.0,0.008621,999999.99,99999.99,99999.99,99999.99,99999.99,99999.99,0,2003-03-08 03:00:00
2003,67,4,2315,51,52,61,36,5.6,4.3,-3.0,340.3,4.1,-1.5,-0.2,-1.3,-0.8,0.1,3.2,0.9,1.8,2.6,90285.0,4.7,429.0,-0.8,-0.4,0.052,9906.0,0.5,9.0,1.9,2.9,0.007,1.75,0.34,1.36,8.3,5.6,0.0172,13,109,-16,5,146.2,63,-13,50,-0.4,0.008621,999999.99,99999.99,99999.99,99999.99,99999.99,99999.99,0,2003-03-08 04:00:00
2003,67,5,2315,51,52,62,38,5.8,4.8,3.9,332.1,4.3,-2.3,0.3,-2.3,-0.6,0.1,3.0,0.8,1.6,2.3,89106.0,4.8,424.0,-2.4,0.4,0.05,11136.0,0.4,8.0,1.8,2.7,0.006,1.73,0.25,1.29,8.0,5.5,0.0185,13,109,-14,5,146.2,59,-12,47,-0.4,0.008621,999999.99,99999.99,99999.99,99999.99,99999.99,99999.99,0,2003-03-08 05:00:00
2003,67,6,2315,51,52,59,36,5.5,4.9,4.3,312.1,3.3,-3.7,0.4,-3.6,-0.8,0.0,2.2,1.1,0.8,1.8,89251.0,5.4,429.0,-3.0,0.8,0.049,3741.0,0.3,8.0,0.6,1.7,0.005,1.98,0.34,1.62,9.1,5.9,0.0145,13,109,-12,5,146.2,104,-19,84,-0.3,0.008621,999999.99,99999.99,99999.99,99999.99,99999.99,99999.99,0,2003-03-08 06:00:00
2003,67,7,2315,51,52,58,34,5.7,5.0,27.7,348.2,4.3,-0.9,2.3,-1.5,2.0,0.2,2.8,0.7,1.8,2.0,69227.0,4.4,424.0,-0.3,3.1,0.043,13502.0,0.6,7.0,1.8,2.0,0.006,1.55,-0.85,1.11,7.8,5.6,0.0195,13,109,-16,5,146.2,177,-95,81,-0.1,0.008621,999999.99,99999.99,99999.99,99999.99,99999.99,99999.99,0,2003-03-08 07:00:00
2003,67,8,2315,51,52,59,36,5.8,5.3,38.2,354.1,4.1,-0.4,3.3,-1.2,3.1,0.1,2.4,0.4,2.1,1.0,71595.0,4.4,422.0,-0.1,3.7,0.045,7751.0,0.3,7.0,2.2,0.8,0.006,1.54,-1.31,1.09,7.6,5.5,0.0204,13,109,-16,5,146.2,115,-58,56,-0.4,0.008621,999999.99,99999.99,99999.99,99999.99,99999.99,99999.99,0,2003-03-08 08:00:00
2003,67,9,2315,51,52,66,41,5.7,4.6,19.2,308.1,2.7,-3.4,1.5,-3.7,0.7,0.2,3.2,2.3,1.8,1.2,84047.0,4.3,429.0,-2.8,1.9,0.056,12951.0,0.4,18.0,1.6,1.4,0.009,1.62,-0.3,1.17,7.8,5.5,0.0195,13,109,-15,5,146.2,66,-23,43,-0.5,0.008621,999999.99,99999.99,99999.99,99999.99,99999.99,99999.99,0,2003-03-08 09:00:00
2003,67,10,2315,51,52,60,37,5.7,3.0,48.8,299.9,1.0,-1.7,2.3,-2.2,1.9,0.3,4.7,2.2,3.5,2.3,94010.0,4.9,447.0,-0.7,1.7,0.051,14725.0,0.4,12.0,2.7,1.8,0.006,1.97,-0.85,1.4,8.7,5.8,0.0158,13,109,-14,5,146.2,52,-17,35,-0.6,0.008621,999999.99,99999.99,99999.99,99999.99,99999.99,99999.99,0,2003-03-08 10:00:00
2003,67,11,2315,51,52,55,31,5.7,3.2,4.5,315.0,2.2,-2.2,0.2,-2.2,-0.3,0.3,4.7,2.9,2.7,2.5,99795.0,5.0,438.0,-0.6,0.5,0.055,14979.0,0.4,14.0,2.1,1.8,0.01,1.95,0.13,1.46,8.6,5.7,0.0161,13,109,-13,5,146.2,103,-37,66,0.4,0.008621,999999.99,99999.99,99999.99,99999.99,99999.99,99999.99,0,2003-03-08 11:00:00
2003,67,12,2315,51,52,61,36,5.5,3.2,-19.3,342.0,2.9,-0.9,-1.1,-0.6,-1.3,0.2,4.4,1.5,2.6,3.2,111627.0,5.2,433.0,0.4,-1.1,0.054,11939.0,0.3,10.0,2.1,2.7,0.004,1.98,0.56,1.72,9.0,5.7,0.0148,23,109,-16,9,146.2,284,-254,30,1.0,0.008621,999999.99,99999.99,99999.99,99999.99,99999.99,99999.99,0,2003-03-08 12:00:00
2003,67,13,2315,51,52,57,36,5.5,5.1,-3.1,33.0,4.2,2.8,-0.3,2.8,0.4,0.1,2.1,0.7,0.8,1.8,103021.0,4.8,420.0,3.5,-0.4,0.056,6102.0,0.2,6.0,0.7,1.6,0.004,1.73,-0.17,1.53,8.4,5.5,0.017,23,109,-20,9,146.2,296,-234,62,0.7,0.008621,999999.99,99999.99,99999.99,99999.99,99999.99,99999.99,0,2003-03-08 13:00:00
2003,67,14,2315,51,52,61,38,5.4,4.0,-18.2,354.4,3.8,-0.4,-1.3,0.0,-1.4,0.3,3.5,1.3,3.0,1.0,100017.0,4.7,420.0,0.5,-1.2,0.06,11618.0,0.3,9.0,2.9,1.1,0.007,1.72,0.59,1.53,8.4,5.5,0.0167,23,109,-19,9,146.2,199,-107,92,0.2,0.008621,999999.99,99999.99,99999.99,99999.99,99999.99,99999.99,0,2003-03-08 14:00:00
2003,67,15,2315,51,52,57,34,5.9,5.0,-30.6,1.1,4.3,0.1,-2.6,0.9,-2.4,0.2,2.9,1.0,2.4,1.4,95653.0,4.6,415.0,0.9,-2.7,0.054,9332.0,0.4,9.0,2.4,1.4,0.003,1.61,1.0,1.23,7.5,5.3,0.0209,33,109,-16,18,146.2,116,-53,63,1.3,0.008621,999999.99,99999.99,99999.99,99999.99,99999.99,99999.99,0,2003-03-08 15:00:00
2003,67,16,2315,51,52,60,37,5.6,5.3,-22.3,339.7,4.6,-1.7,-2.0,-0.8,-2.5,0.1,1.6,0.8,1.0,1.0,100498.0,4.1,407.0,-1.0,-2.9,0.057,15919.0,0.4,10.0,1.3,1.2,0.006,1.39,1.02,1.24,7.4,5.1,0.022,33,109,-18,18,146.2,540,-396,144,2.2,0.008621,999999.99,99999.99,99999.99,99999.99,99999.99,99999.99,0,2003-03-08 16:00:00
2003,67,17,2315,51,52,59,36,6.0,5.8,-6.3,343.4,5.5,-1.6,-0.6,-1.2,-1.2,0.1,1.4,0.3,0.5,1.3,49936.0,3.5,391.0,-1.4,-1.3,0.048,11933.0,0.2,5.0,0.8,2.4,0.005,1.07,0.47,0.72,6.1,4.8,0.032,33,109,-22,18,146.2,699,-529,170,3.3,0.008621,999999.99,99999.99,99999.99,99999.99,99999.99,99999.99,0,2003-03-08 17:00:00
2003,67,18,2315,51,52,62,39,6.1,5.9,-4.5,325.9,4.9,-3.3,-0.5,-2.7,-1.9,0.1,1.5,0.4,0.8,1.2,53314.0,4.0,405.0,-3.2,-1.1,0.05,8264.0,0.3,7.0,1.1,1.9,0.005,1.31,0.77,0.81,6.6,5.1,0.027,27,109,-31,12,146.2,594,-430,164,2.4,0.008621,999999.99,99999.99,99999.99,99999.99,99999.99,99999.99,0,2003-03-08 18:00:00
2003,67,19,2315,51,52,61,37,6.1,5.4,-1.2,290.3,1.9,-5.0,-0.1,-4.3,-2.5,0.1,2.7,1.9,0.9,1.7,65973.0,4.9,432.0,-3.6,-0.4,0.053,7771.0,0.4,15.0,0.7,2.0,0.005,1.85,1.08,1.06,7.8,5.7,0.0194,27,109,-29,12,146.2,365,-214,151,2.0,0.008621,999999.99,99999.99,99999.99,99999.99,99999.99,99999.99,0,2003-03-08 19:00:00
2003,67,20,2315,51,52,61,38,6.2,5.7,1.7,292.8,2.2,-5.3,0.2,-4.6,-2.6,0.1,2.2,1.4,0.6,1.5,64420.0,5.1,427.0,-3.7,-0.1,0.051,5267.0,0.4,11.0,0.5,1.5,0.004,1.87,1.11,1.06,7.8,5.6,0.0197,27,109,-28,12,146.2,308,-121,187,1.6,0.008621,999999.99,99999.99,99999.99,99999.99,99999.99,99999.99,0,2003-03-08 20:00:00
2003,67,21,2315,51,52,58,32,6.3,6.1,8.5,309.4,3.8,-4.7,0.9,-4.4,-1.8,0.1,1.4,0.7,0.7,1.0,54672.0,4.7,414.0,-3.9,1.2,0.05,8866.0,0.4,6.0,0.6,1.2,0.004,1.61,0.75,0.9,7.1,5.3,0.0234,23,109,-28,9,146.2,290,-123,166,1.5,0.008621,999999.99,99999.99,99999.99,99999.99,99999.99,99999.99,0,2003-03-08 21:00:00
2003,67,22,2315,51,52,60,36,6.6,6.0,5.4,315.2,4.2,-4.2,0.6,-3.8,-1.8,0.1,2.6,1.2,1.1,2.0,42974.0,4.0,411.0,-4.0,1.0,0.049,11343.0,0.5,10.0,1.5,2.6,0.007,1.35,0.74,0.65,6.2,5.0,0.0307,23,109,-27,9,146.2,249,-150,99,1.4,0.008621,999999.99,99999.99,99999.99,99999.99,99999.99,99999.99,0,2003-03-08 22:00:00
2003,67,23,2315,51,52,61,38,6.6,6.1,5.4,328.4,5.1,-3.2,0.6,-3.0,-1.3,0.0,2.5,1.0,1.1,2.0,37593.0,4.0,404.0,-2.4,0.8,0.043,7451.0,0.3,10.0,1.9,2.5,0.004,1.28,0.53,0.63,6.1,4.9,0.0317,23,109,-28,9,146.2,393,-257,136,2.0,0.008621,999999.99,99999.99,99999.99,99999.99,99999.99,99999.99,0,2003-03-08 23:00:00
2003,68,0,2315,51,52,61,38,6.7,5.8,20.2,317.7,4.0,-3.7,2.0,-4.2,-0.3,0.1,3.2,1.1,2.0,2.2,41183.0,4.3,413.0,-2.5,2.6,0.042,5962.0,0.3,11.0,2.2,2.9,0.002,1.43,0.12,0.68,6.4,5.1,0.0291,23,147,-26,9,150.6,260,-122,137,1.1,0.008571,999999.99,99999.99,99999.99,99999.99,99999.99,99999.99,0,2003-03-09 00:00:00
2003,68,1,2315,51,52,60,35,6.1,3.6,19.6,354.0,3.4,-0.4,1.2,-1.0,0.8,0.3,4.8,0.8,3.7,2.9,63793.0,5.2,425.0,1.2,1.0,0.051,11181.0,0.4,6.0,3.4,2.7,0.007,1.89,-0.34,1.12,7.9,5.7,0.0188,23,147,-20,9,150.6,165,-67,97,0.9,0.008571,999999.99,99999.99,99999.99,99999.99,99999.99,99999.99,0,2003-03-09 01:00:00
2003,68,2,2315,51,52,59,35,6.0,4.7,-34.9,344.6,3.7,-1.0,-2.7,0.5,-2.8,0.2,3.5,0.9,2.6,2.2,66596.0,5.6,423.0,0.6,-2.6,0.052,8941.0,0.3,7.0,2.1,1.9,0.005,2.02,1.18,1.26,8.3,5.8,0.0171,23,147,-19,9,150.6,217,-101,116,1.1,0.008571,999999.99,99999.99,99999.99,99999.99,99999.99,99999.99,0,2003-03-09 02:00:00
2003,68,3,2315,51,52,61,38,6.1,5.3,-13.1,308.3,3.2,-4.0,-1.2,-3.0,-2.9,0.1,2.8,1.6,1.3,2.0,64075.0,5.5,423.0,-1.9,-1.2,0.051,9313.0,0.5,11.0,1.3,1.8,0.007,1.98,1.23,1.18,8.1,5.7,0.018,33,147,-22,18,150.6,247,-98,149,1.6,0.008571,999999.99,99999.99,99999.99,99999.99,99999.99,99999.99,0,2003-03-09 03:00:00
2003,68,4,2315,51,52,58,35,5.6,3.8,-14.5,341.2,3.5,-1.2,-1.0,-0.7,-1.4,0.7,4.0,1.0,2.6,2.8,77129.0,5.8,421.0,0.2,-0.5,0.054,11955.0,0.4,7.0,2.3,2.4,0.006,2.09,0.59,1.58,9.1,5.9,0.0145,33,147,-25,18,150.6,298,-175,123,1.8,0.008571,999999.99,99999.99,99999.99,99999.99,99999.99,99999.99,0,2003-03-09 04:00:00
2003,68,5,2315,51,52,60,37,5.8,5.1,-9.7,11.2,4.9,1.0,-0.9,1.3,-0.5,0.1,2.6,0.8,2.2,1.2,73569.0,5.6,415.0,2.3,-0.4,0.059,8970.0,0.5,7.0,1.7,1.3,0.008,1.99,0.21,1.4,8.5,5.7,0.0166,33,147,-27,18,150.6,367,-230,137,1.8,0.008571,999999.99,99999.99,99999.99,99999.99,99999.99,99999.99,0,2003-03-09 05:00:00
2003,68,6,2315,51,52,60,36,5.8,4.7,2.8,330.9,4.1,-2.3,0.2,-2.2,-0.6,0.1,3.1,1.3,2.2,1.8,72231.0,5.9,417.0,-0.3,-0.1,0.055,11205.0,0.5,7.0,1.7,1.5,0.005,2.09,0.25,1.46,8.7,5.8,0.0156,30,147,-26,15,150.6,319,-202,117,1.5,0.008571,999999.99,99999.99,99999.99,99999.99,99999.99,99999.99,0,2003-03-09 06:00:00
2003,68,7,2315,51,52,60,37,5.8,5.1,17.5,342.7,4.6,-1.4,1.5,-1.8,1.0,0.1,2.7,1.0,2.2,1.2,71324.0,5.7,409.0,0.1,0.7,0.057,7934.0,0.3,4.0,1.9,0.9,0.007,1.96,-0.41,1.41,8.4,5.7,0.0168,30,147,-24,15,150.6,299,-187,113,1.3,0.008571,999999.99,99999.99,99999.99,99999.99,99999.99,99999.99,0,2003-03-09 07:00:00
2003,68,8,2315,51,52,61,38,5.3,4.2,32.9,10.6,3.5,0.6,2.3,0.0,2.4,0.2,3.1,1.0,2.4,1.7,73566.0,6.1,415.0,1.7,1.1,0.052,9172.0,0.4,5.0,1.8,1.3,0.005,2.12,-1.0,1.82,9.7,6.0,0.0127,30,147,-20,15,150.6,188,-102,86,0.6,0.008571,999999.99,99999.99,99999.99,99999.99,99999.99,99999.99,0,2003-03-09 08:00:00
2003,68,9,2315,51,52,59,36,5.3,5.0,35.8,31.4,3.5,2.1,2.9,1.4,3.3,0.2,1.5,0.6,1.0,1.0,76088.0,5.9,414.0,3.1,1.6,0.051,7251.0,0.3,4.0,0.8,1.1,0.004,2.03,-1.37,1.79,9.5,5.9,0.0132,13,147,-18,5,150.6,47,-9,38,-0.4,0.008571,999999.99,99999.99,99999.99,99999.99,99999.99,99999.99,0,2003-03-09 09:00:00
2003,68,10,2315,51,52,59,36,5.8,5.1,-11.8,340.6,4.7,-1.6,-1.0,-1.3,-1.3,0.2,2.8,0.6,2.0,1.8,77022.0,5.6,404.0,0.3,-1.2,0.055,13937.0,0.4,4.0,1.7,1.7,0.006,1.86,0.53,1.42,8.2,5.5,0.0175,13,147,-14,5,150.6,47,-18,29,-0.6,0.008571,999999.99,99999.99,99999.99,99999.99,99999.99,99999.99,0,2003-03-09 10:00:00
2003,68,11,2315,51,52,61,37,6.0,4.7,18.9,345.5,4.3,-1.1,1.5,-1.4,1.2,0.1,3.6,1.6,2.8,1.4,68250.0,5.6,405.0,0.8,1.5,0.051,7795.0,0.5,11.0,2.6,1.5,0.005,1.85,-0.49,1.27,8.0,5.5,0.0186,13,147,-12,5,150.6,68,-24,44,0.1,0.008571,999999.99,99999.99,99999.99,99999.99,99999.99,99999.99,0,2003-03-09 11:00:00
2003,68,12,2315,51,52,60,37,6.3,5.6,-7.5,9.4,5.5,0.9,-0.7,1.0,-0.5,0.1,2.7,0.8,2.3,1.2,65147.0,5.7,395.0,2.7,-0.9,0.045,8214.0,0.4,8.0,2.6,1.5,0.003,1.75,0.2,1.16,7.5,5.3,0.0212,17,147,-12,6,150.6,61,-24,38,-0.4,0.008571,999999.99,99999.99,99999.99,99999.99,99999.99,99999.99,0,2003-03-09 12:00:00
2003,68,13,2315,51,52,58,35,6.2,5.9,11.3,316.0,4.2,-4.0,1.2,-4.2,0.1,0.1,1.6,0.9,0.8,1.1,65610.0,6.0,403.0,-2.3,1.4,0.045,5393.0,0.4,7.0,0.7,1.3,0.004,1.92,-0.04,1.26,8.0,5.5,0.0188,17,147,-12,6,150.6,68,-22,46,0.5,0.008571,999999.99,99999.99,99999.99,99999.99,99999.99,99999.99,0,2003-03-09 13:00:00
2003,68,14,2315,51,52,62,37,6.2,5.5,-3.7,308.0,3.4,-4.3,-0.4,-4.0,-1.6,0.1,2.9,1.2,1.6,2.1,66839.0,6.1,406.0,-2.5,-0.5,0.043,6018.0,0.3,8.0,1.4,2.2,0.004,1.97,0.65,1.29,8.1,5.6,0.0182,17,147,-12,6,150.6,165,-120,44,1.0,0.008571,999999.99,99999.99,99999.99,99999.99,99999.99,99999.99,0,2003-03-09 14:00:00
2003,68,15,2315,51,52,59,37,6.3,5.8,-11.0,299.8,2.8,-4.9,-1.1,-4.3,-2.6,0.0,2.4,1.7,1.0,1.3,63882.0,6.2,407.0,-3.2,-1.2,0.039,8503.0,0.5,12.0,0.6,1.2,0.004,1.98,1.06,1.25,8.0,5.6,0.0184,17,147,-14,6,150.6,188,-158,30,1.0,0.008571,999999.99,99999.99,99999.99,99999.99,99999.99,99999.99,0,2003-03-09 15:00:00
2003,68,16,2315,51,52,63,37,6.4,5.5,-17.0,296.2,2.3,-4.7,-1.6,-3.8,-3.2,0.1,3.1,1.4,1.5,2.3,62149.0,6.4,409.0,-2.6,-1.5,0.039,8346.0,0.5,9.0,1.5,2.3,0.003,2.07,1.31,1.24,8.1,5.6,0.0182,17,147,-11,6,150.6,210,-175,35,1.5,0.008571,999999.99,99999.99,99999.99,99999.99,99999.99,99999.99,0,2003-03-09 16:00:00
2003,68,17,2315,51,52,56,35,6.4,5.4,2.5,313.6,3.7,-3.9,0.2,-3.6,-1.4,0.1,3.3,2.0,1.5,2.1,60291.0,6.2,398.0,-2.5,0.5,0.042,5806.0,0.4,15.0,1.2,2.3,0.003,1.92,0.56,1.19,7.7,5.4,0.0198,17,147,-13,6,150.6,250,-186,64,1.8,0.008571,999999.99,99999.99,99999.99,99999.99,99999.99,99999.99,0,2003-03-09 17:00:00
2003,68,18,2315,51,52,56,35,6.6,6.2,-9.5,307.0,3.7,-4.9,-1.0,-3.9,-3.1,0.1,2.2,1.5,1.1,1.2,53284.0,6.1,393.0,-3.3,-0.7,0.039,4683.0,0.4,12.0,1.0,1.3,0.003,1.82,1.22,1.06,7.4,5.3,0.022,23,147,-19,9,150.6,315,-201,114,1.5,0.008571,999999.99,99999.99,99999.99,99999.99,99999.99,99999.99,0,2003-03-09 18:00:00
2003,68,19,2315,51,52,65,40,6.7,5.6,8.4,326.4,4.6,-3.1,0.8,-3.1,-0.8,0.1,3.5,2.3,2.1,1.6,50817.0,5.5,383.0,-0.9,1.7,0.04,14771.0,0.7,18.0,1.8,1.9,0.005,1.56,0.31,0.91,6.7,5.0,0.0265,23,147,-23,9,150.6,271,-152,120,1.3,0.008571,999999.99,99999.99,99999.99,99999.99,99999.99,99999.99,0,2003-03-09 19:00:00
2003,68,20,2315,51,52,58,36,6.9,6.7,0.6,297.1,3.1,-6.0,0.1,-5.2,-3.0,0.1,1.4,0.8,0.5,1.0,50203.0,5.7,393.0,-3.5,0.5,0.039,8713.0,0.5,6.0,0.6,1.2,0.003,1.7,1.18,0.89,6.8,5.1,0.0257,23,147,-23,9,150.6,313,-179,134,1.4,0.008571,999999.99,99999.99,99999.99,99999.99,99999.99,99999.99,0,2003-03-09 20:00:00
2003,68,21,2315,51,52,60,37,6.9,6.7,-3.1,293.6,2.7,-6.1,-0.4,-4.9,-3.6,0.1,1.3,0.5,0.3,1.2,52715.0,5.7,398.0,-4.0,-0.2,0.041,7747.0,0.3,4.0,0.4,1.2,0.003,1.76,1.43,0.9,6.9,5.2,0.0251,37,147,-29,22,150.6,262,-105,157,1.7,0.008571,999999.99,99999.99,99999.99,99999.99,99999.99,99999.99,0,2003-03-09 21:00:00
2003,68,22,2315,51,52,58,36,7.0,6.6,4.7,312.9,4.5,-4.8,0.5,-4.3,-2.2,0.1,2.1,0.8,1.0,1.6,44720.0,5.4,381.0,-3.6,0.9,0.043,6561.0,0.4,6.0,1.2,1.8,0.003,1.53,0.84,0.79,6.3,4.9,0.0297,37,147,-25,22,150.6,509,-269,240,3.5,0.008571,999999.99,99999.99,99999.99,99999.99,99999.99,99999.99,0,2003-03-09 22:00:00
2003,68,23,2315,51,52,59,35,6.7,6.4,6.9,333.8,5.7,-2.8,0.8,-2.8,-0.9,0.2,2.2,0.9,1.3,1.5,47323.0,5.0,374.0,-0.9,1.1,0.04,12433.0,0.4,8.0,1.8,1.8,0.005,1.35,0.34,0.81,6.2,4.8,0.0305,37,147,-23,22,150.6,154,-68,86,0.9,0.008571,999999.99,99999.99,99999.99,99999.99,99999.99,99999.99,0,2003-03-09 23:00:00
2003,69,0,2315,51,52,68,41,6.4,5.7,2.0,326.1,4.7,-3.2,0.2,-2.8,-1.6,0.3,2.8,2.2,1.4,1.1,59706.0,4.9,380.0,-1.5,0.1,0.046,13030.0,0.5,16.0,1.9,1.1,0.007,1.4,0.61,0.94,6.6,4.9,0.0275,17,117,-16,6,141.7,81,-12,69,0.2,0.008393,999999.99,99999.99,99999.99,99999.99,99999.99,99999.99,0,2003-03-10 00:00:00
2003,69,1,2315,51,52,57,35,6.1,4.7,-22.0,314.6,3.1,-3.1,-1.8,-1.7,-3.1,0.1,3.6,2.1,1.3,2.6,83835.0,6.0,400.0,-0.4,-1.8,0.054,7223.0,0.5,14.0,1.3,2.4,0.009,1.95,1.24,1.42,8.0,5.4,0.0184,17,117,-14,6,141.7,46,-8,38,-0.2,0.008393,999999.99,99999.99,99999.99,99999.99,99999.99,99999.99,0,2003-03-10 01:00:00
2003,69,2,2315,51,52,58,33,6.4,5.2,-20.9,319.3,3.7,-3.1,-1.8,-1.8,-3.1,0.2,3.7,2.1,2.4,1.9,77173.0,5.7,395.0,-0.4,-2.1,0.053,9987.0,0.5,12.0,2.1,1.6,0.012,1.8,1.22,1.19,7.4,5.2,0.0219,17,117,-18,6,141.7,134,-39,95,0.6,0.008393,999999.99,99999.99,99999.99,99999.99,99999.99,99999.99,0,2003-03-10 02:00:00
2003,69,3,2315,51,52,61,37,6.5,5.3,-1.9,309.4,3.4,-4.1,-0.2,-3.6,-2.0,0.2,3.6,2.7,1.6,1.8,84736.0,6.1,396.0,-1.5,-0.9,0.051,10467.0,0.6,17.0,1.5,1.8,0.01,1.92,0.79,1.28,7.5,5.2,0.021,33,117,-25,18,141.7,205,-113,92,0.7,0.008393,999999.99,99999.99,99999.99,99999.99,99999.99,99999.99,0,2003-03-10 03:00:00
2003,69,4,2315,51,52,64,38,6.3,4.5,11.2,300.8,2.2,-3.8,0.9,-3.8,-0.7,0.3,4.3,1.9,1.9,3.3,93376.0,6.9,409.0,-0.4,-0.5,0.052,8179.0,0.5,10.0,1.4,2.3,0.004,2.33,0.29,1.6,8.5,5.5,0.0164,33,117,-20,18,141.7,294,-189,105,2.4,0.008393,999999.99,99999.99,99999.99,99999.99,99999.99,99999.99,0,2003-03-10 04:00:00
2003,69,5,2315,51,52,58,36,6.8,6.4,0.9,278.7,1.0,-6.3,0.1,-5.9,-2.2,0.2,2.3,0.9,0.4,2.1,88295.0,7.3,414.0,-2.0,-0.8,0.05,8265.0,0.4,4.0,0.6,1.4,0.004,2.51,0.91,1.42,8.2,5.5,0.0176,33,117,-11,18,141.7,196,-62,134,0.7,0.008393,999999.99,99999.99,99999.99,99999.99,99999.99,99999.99,0,2003-03-10 05:00:00
2003,69,6,2315,51,52,62,36,6.7,4.7,-34.2,288.7,1.3,-3.7,-2.7,-2.6,-3.8,0.3,4.5,1.8,1.5,3.8,90323.0,7.2,410.0,-0.5,-2.3,0.054,11332.0,0.4,7.0,1.0,2.3,0.005,2.46,1.56,1.46,8.2,5.5,0.0176,27,117,-7,12,141.7,250,-76,174,1.1,0.008393,999999.99,99999.99,99999.99,99999.99,99999.99,99999.99,0,2003-03-10 06:00:00
2003,69,7,2315,51,52,56,33,7.0,3.3,-19.4,304.0,1.7,-2.5,-1.1,-2.1,-1.8,0.5,6.2,2.9,1.1,5.4,85951.0,7.1,411.0,0.4,-1.5,0.052,12724.0,0.3,11.0,0.8,3.0,0.004,2.42,0.74,1.29,7.8,5.4,0.0194,27,117,-19,12,141.7,429,-228,201,2.2,0.008393,999999.99,99999.99,99999.99,99999.99,99999.99,99999.99,0,2003-03-10 07:00:00
2003,69,8,2315,51,52,60,38,7.0,5.8,9.3,318.5,4.3,-3.8,0.9,-3.9,-0.1,0.3,3.7,1.9,0.8,3.1,88134.0,7.6,402.0,-0.5,0.7,0.056,12069.0,0.6,5.0,0.8,1.8,0.006,2.51,0.04,1.4,7.9,5.3,0.019,27,117,-25,12,141.7,269,-102,167,1.4,0.008393,999999.99,99999.99,99999.99,99999.99,99999.99,99999.99,0,2003-03-10 08:00:00
2003,69,9,2315,51,52,62,37,6.3,5.1,4.7,295.3,2.2,-4.6,0.4,-4.6,-0.7,0.5,3.5,2.4,1.0,2.4,99839.0,7.7,407.0,-1.7,0.1,0.06,13697.0,0.8,12.0,0.8,1.7,0.008,2.64,0.28,1.84,9.0,5.6,0.0148,27,117,-19,12,141.7,233,-47,186,1.3,0.008393,999999.99,99999.99,99999.99,99999.99,99999.99,99999.99,0,2003-03-10 09:00:00
2003,69,10,2315,51,52,57,35,7.2,4.6,-47.1,297.2,1.4,-2.8,-3.4,-2.0,-3.9,0.3,5.4,2.7,2.5,3.9,77923.0,8.2,411.0,-0.4,-2.8,0.057,9069.0,0.4,15.0,1.8,2.6,0.006,2.84,1.6,1.36,8.2,5.5,0.0178,27,117,-20,12,141.7,223,-87,136,1.9,0.008393,999999.99,99999.99,99999.99,99999.99,99999.99,99999.99,0,2003-03-10 10:00:00
2003,69,11,2315,51,52,64,37,7.0,4.7,-11.7,316.1,3.3,-3.2,-0.9,-2.9,-1.6,0.2,5.2,3.1,1.9,3.7,77539.0,7.7,394.0,-1.0,-0.5,0.068,10012.0,0.8,15.0,1.8,2.6,0.014,2.54,0.63,1.35,7.8,5.3,0.0195,27,117,-25,12,141.7,203,-152,50,0.9,0.008393,999999.99,99999.99,99999.99,99999.99,99999.99,99999.99,0,2003-03-10 11:00:00
2003,69,12,2315,51,52,61,37,7.1,6.5,-48.6,245.1,-1.8,-3.9,-4.9,-2.6,-5.7,0.2,2.8,1.6,1.6,1.5,70511.0,8.3,418.0,-1.6,-3.0,0.054,8748.0,0.5,9.0,1.0,1.1,0.005,2.94,2.38,1.36,8.5,5.7,0.0165,30,117,-18,15,141.7,500,-368,133,2.9,0.008393,999999.99,99999.99,99999.99,99999.99,99999.99,99999.99,0,2003-03-10 12:00:00
2003,69,13,2315,51,52,57,35,6.6,5.5,-53.6,280.5,0.6,-3.2,-4.4,-2.0,-5.1,0.2,3.4,1.5,2.4,1.9,86112.0,8.5,406.0,-1.5,-2.9,0.061,7714.0,0.4,8.0,1.4,1.4,0.007,2.91,2.07,1.74,9.0,5.7,0.0148,30,117,-22,15,141.7,677,-505,173,3.2,0.008393,999999.99,99999.99,99999.99,99999.99,99999.99,99999.99,0,2003-03-10 13:00:00
2003,69,14,2315,51,52,62,39,6.7,4.0,-23.0,291.9,1.4,-3.4,-1.6,-2.8,-2.5,0.2,5.3,1.5,3.8,3.4,87132.0,8.5,401.0,-1.0,-0.9,0.062,10164.0,0.5,8.0,2.7,2.4,0.006,2.85,1.0,1.7,8.7,5.6,0.0156,30,117,-28,15,141.7,464,-314,150,2.2,0.008393,999999.99,99999.99,99999.99,99999.99,99999.99,99999.99,0,2003-03-10 14:00:00
2003,69,15,2315,51,52,56,35,6.7,5.5,-39.0,284.8,1.1,-4.1,-3.5,-2.7,-4.7,0.3,3.5,2.0,1.8,2.3,84619.0,8.0,399.0,-1.9,-2.0,0.065,13664.0,0.8,10.0,1.3,1.6,0.011,2.68,1.88,1.58,8.4,5.5,0.0168,37,117,-27,22,141.7,417,-228,188,2.5,0.008393,999999.99,99999.99,99999.99,99999.99,99999.99,99999.99,0,2003-03-10 15:00:00
2003,69,16,2315,51,52,62,37,6.7,4.9,-12.4,285.0,1.2,-4.6,-1.1,-3.9,-2.7,0.2,4.3,1.8,1.5,3.6,91466.0,8.6,399.0,-2.0,-0.7,0.063,8206.0,0.4,10.0,1.0,2.8,0.005,2.86,1.08,1.75,8.7,5.5,0.0156,37,117,-27,22,141.7,548,-295,253,2.3,0.008393,999999.99,99999.99,99999.99,99999.99,99999.99,99999.99,0,2003-03-10 16:00:00
2003,69,17,2315,51,52,59,36,6.7,3.8,-24.1,316.8,2.5,-2.4,-1.6,-1.5,-2.5,0.2,5.3,1.8,2.5,4.3,89944.0,8.3,394.0,-0.7,-0.8,0.063,9613.0,0.9,10.0,1.9,3.1,0.011,2.69,0.98,1.68,8.5,5.4,0.0166,37,117,-22,22,141.7,442,-275,166,2.8,0.008393,999999.99,99999.99,99999.99,99999.99,99999.99,99999.99,0,2003-03-10 17:00:00
2003,69,18,2315,51,52,60,37,6.7,5.4,-68.5,7.7,2.0,0.3,-5.1,2.6,-4.4,0.2,3.6,1.3,2.8,1.6,92202.0,8.2,400.0,1.4,-3.7,0.06,8161.0,0.6,9.0,2.1,1.3,0.008,2.72,1.76,1.68,8.5,5.5,0.0163,30,117,-27,15,141.7,400,-250,150,2.1,0.008393,999999.99,99999.99,99999.99,99999.99,99999.99,99999.99,0,2003-03-10 18:00:00
2003,69,19,2315,51,52,59,35,6.9,5.3,-45.6,349.2,3.7,-0.7,-3.8,1.3,-3.7,0.1,3.9,1.7,2.9,2.1,89289.0,8.1,388.0,0.4,-3.1,0.063,10981.0,0.8,10.0,2.6,1.9,0.009,2.55,1.44,1.54,8.0,5.2,0.0186,30,117,-30,15,141.7,333,-180,153,2.2,0.008393,999999.99,99999.99,99999.99,99999.99,99999.99,99999.99,0,2003-03-10 19:00:00
2003,69,20,2315,51,52,61,37,7.0,5.8,-17.3,306.7,3.3,-4.4,-1.7,-2.9,-3.7,0.1,3.8,1.7,1.6,2.9,88138.0,8.1,390.0,-2.9,-1.6,0.06,7071.0,0.6,10.0,1.3,2.5,0.008,2.55,1.44,1.49,7.9,5.2,0.0189,30,117,-37,15,141.7,340,-199,141,2.4,0.008393,999999.99,99999.99,99999.99,99999.99,99999.99,99999.99,0,2003-03-10 20:00:00
2003,69,21,2315,51,52,58,35,6.9,3.9,11.6,337.2,3.5,-1.5,0.8,-1.7,-0.1,0.4,5.5,1.7,3.8,3.6,88770.0,8.2,387.0,0.1,0.0,0.06,10098.0,0.9,11.0,2.8,2.6,0.014,2.54,0.04,1.56,8.0,5.2,0.0184,40,117,-35,27,141.7,481,-349,133,2.4,0.008393,999999.99,99999.99,99999.99,99999.99,99999.99,99999.99,0,2003-03-10 21:00:00
2003,69,22,2315,51,52,61,37,7.0,5.9,-17.1,299.1,2.7,-4.9,-1.7,-3.2,-4.1,0.1,3.3,1.4,1.7,2.5,92204.0,8.1,391.0,-2.9,-1.7,0.054,10380.0,0.8,8.0,1.6,2.3,0.01,2.51,1.6,1.52,7.9,5.2,0.0188,40,117,-26,27,141.7,278,-183,95,1.8,0.008393,999999.99,99999.99,99999.99,99999.99,99999.99,99999.99,0,2003-03-10 22:00:00
2003,69,23,2315,51,52,63,38,6.9,4.8,-22.6,307.1,2.7,-3.5,-1.8,-1.9,-3.4,0.4,4.7,2.3,2.2,3.5,96065.0,8.2,393.0,-1.5,-1.6,0.055,15896.0,0.8,15.0,2.2,3.1,0.009,2.58,1.34,1.61,8.2,5.3,0.0179,40,117,-25,27,141.7,271,-149,123,1.4,0.008393,999999.99,99999.99,99999.99,99999.99,99999.99,99999.99,0,2003-03-10 23:00:00
2003,70,0,2315,51,52,55,32,7.1,5.2,-46.1,23.9,3.3,1.5,-3.7,3.3,-2.3,0.4,4.7,2.5,3.0,2.6,96077.0,8.3,394.0,3.1,-3.4,0.052,11348.0,0.5,13.0,2.3,2.1,0.01,2.6,0.91,1.54,8.0,5.2,0.0186,33,114,-23,18,139.7,421,-284,138,1.7,0.008227,999999.99,99999.99,99999.99,99999.99,99999.99,99999.99,0,2003-03-11 00:00:00
2003,70,1,2315,51,52,63,35,6.8,5.5,-0.3,334.8,5.0,-2.4,0.0,-2.0,-1.2,0.3,3.7,1.8,2.4,2.2,96560.0,7.4,378.0,0.2,-1.1,0.067,14231.0,0.5,11.0,2.0,2.3,0.015,2.24,0.45,1.5,7.6,5.0,0.0208,33,114,-19,18,139.7,271,-136,135,1.5,0.008227,999999.99,99999.99,99999.99,99999.99,99999.99,99999.99,0,2003-03-11 01:00:00
2003,70,2,2315,51,52,62,36,7.1,6.1,23.5,291.4,2.0,-5.2,2.4,-5.7,-0.5,0.1,3.5,1.3,2.0,2.6,104381.0,7.9,400.0,-2.4,0.8,0.044,9209.0,0.4,6.0,1.6,1.9,0.003,2.48,0.2,1.52,7.9,5.2,0.019,33,114,-19,18,139.7,230,-89,141,0.6,0.008227,999999.99,99999.99,99999.99,99999.99,99999.99,99999.99,0,2003-03-11 02:00:00
2003,70,3,2315,51,52,62,40,7.1,5.9,8.4,279.4,1.0,-5.8,0.9,-5.6,-1.8,0.3,3.6,2.2,1.5,2.4,109758.0,8.3,408.0,-2.4,-0.1,0.043,12353.0,0.5,12.0,1.0,2.0,0.006,2.7,0.73,1.63,8.3,5.3,0.0174,27,114,-19,12,139.7,153,-37,115,-0.3,0.008227,999999.99,99999.99,99999.99,99999.99,99999.99,99999.99,0,2003-03-11 03:00:00
2003,70,4,2315,51,52,58,34,7.6,7.0,-0.4,270.5,0.1,-7.0,-0.1,-6.3,-3.0,0.3,2.7,1.5,0.6,2.2,100080.0,7.9,413.0,-3.0,-1.0,0.04,12716.0,0.6,8.0,0.7,1.9,0.006,2.61,1.24,1.3,7.6,5.2,0.0204,27,114,-15,12,139.7,171,-47,123,0.2,0.008227,999999.99,99999.99,99999.99,99999.99,99999.99,99999.99,0,2003-03-11 04:00:00
2003,70,5,2315,51,52,58,36,7.6,6.0,-2.9,277.6,0.8,-6.0,-0.3,-5.5,-2.5,0.3,4.5,2.0,1.4,3.8,103782.0,8.2,410.0,-2.0,-1.5,0.04,13405.0,0.7,10.0,0.9,2.9,0.005,2.67,1.02,1.37,7.7,5.2,0.0199,27,114,-15,12,139.7,256,-119,136,0.8,0.008227,999999.99,99999.99,99999.99,99999.99,99999.99,99999.99,0,2003-03-11 05:00:00
2003,70,6,2315,51,52,60,34,7.4,4.7,-39.9,300.9,1.9,-3.1,-3.0,-2.0,-3.8,0.7,5.5,1.5,2.2,4.9,115400.0,8.3,411.0,0.3,-2.6,0.042,15286.0,0.7,8.0,1.6,3.4,0.006,2.73,1.56,1.54,8.0,5.2,0.0186,30,114,-15,15,139.7,325,-196,128,2.0,0.008227,999999.99,99999.99,99999.99,99999.99,99999.99,99999.99,0,2003-03-11 06:00:00
2003,70,7,2315,51,52,61,37,7.4,5.2,13.6,318.9,3.8,-3.3,1.2,-3.5,0.2,0.3,5.1,1.0,1.8,4.7,122774.0,8.8,402.0,0.3,0.3,0.047,16891.0,0.7,6.0,1.3,3.0,0.006,2.82,-0.08,1.68,8.1,5.1,0.0183,30,114,-22,15,139.7,373,-195,177,1.9,0.008227,999999.99,99999.99,99999.99,99999.99,99999.99,99999.99,0,2003-03-11 07:00:00
2003,70,8,2315,51,52,57,34,7.1,4.1,-2.3,298.4,2.0,-3.6,-0.2,-3.4,-1.1,0.2,5.5,2.0,2.4,4.5,125179.0,8.7,412.0,-0.2,-0.4,0.046,11209.0,0.7,9.0,1.7,2.7,0.006,2.92,0.45,1.82,8.6,5.3,0.0162,30,114,-21,15,139.7,170,-65,105,0.3,0.008227,999999.99,99999.99,99999.99,99999.99,99999.99,99999.99,0,2003-03-11 08:00:00
2003,70,9,2315,51,52,65,41,7.6,6.1,-1.3,267.4,-0.3,-6.1,-0.1,-5.9,-1.5,0.2,4.2,2.7,1.3,3.0,105202.0,8.7,422.0,-2.7,-1.0,0.041,13987.0,0.6,15.0,0.9,2.2,0.006,3.01,0.63,1.46,8.2,5.4,0.0177,23,114,-21,9,139.7,289,-149,139,0.7,0.008227,999999.99,99999.99,99999.99,99999.99,99999.99,99999.99,0,2003-03-11 09:00:00
2003,70,10,2315,51,52,57,34,7.8,7.1,32.4,266.0,-0.4,-5.9,3.8,-6.6,2.4,0.2,3.1,1.7,1.2,2.2,99169.0,9.0,422.0,-2.6,2.0,0.038,6603.0,0.5,9.0,1.0,1.4,0.003,3.08,-1.01,1.4,8.1,5.5,0.0181,23,114,-25,9,139.7,335,-164,171,0.5,0.008227,999999.99,99999.99,99999.99,99999.99,99999.99,99999.99,0,2003-03-11 10:00:00
2003,70,11,2315,51,52,58,37,8.1,6.9,46.6,273.5,0.3,-4.8,5.1,-5.8,3.9,0.3,3.9,2.3,2.2,2.2,86019.0,8.9,415.0,-2.3,2.8,0.033,13409.0,0.3,12.0,1.7,1.9,0.003,2.9,-1.62,1.21,7.6,5.3,0.0204,23,114,-23,9,139.7,162,-43,119,-0.1,0.008227,999999.99,99999.99,99999.99,99999.99,99999.99,99999.99,0,2003-03-11 11:00:00
2003,70,12,2315,51,52,60,36,8.6,8.1,33.0,311.8,4.5,-5.1,4.4,-6.0,3.1,0.2,2.7,0.9,2.1,1.5,51283.0,9.7,393.0,-2.8,2.9,0.033,9457.0,0.6,4.0,1.8,1.3,0.004,2.83,-1.22,0.98,7.1,5.2,0.0235,23,114,-13,9,139.7,68,-22,46,-0.1,0.008227,999999.99,99999.99,99999.99,99999.99,99999.99,99999.99,0,2003-03-11 12:00:00
2003,70,13,2315,51,52,58,36,8.9,8.8,7.0,306.6,5.2,-7.0,1.1,-7.0,-0.8,0.1,1.4,0.8,0.5,1.0,49114.0,10.0,389.0,-4.9,-0.0,0.035,10203.0,0.7,5.0,0.5,0.6,0.003,2.88,0.31,0.93,6.9,5.1,0.0249,23,114,-10,9,139.7,73,-31,42,1.0,0.008227,999999.99,99999.99,99999.99,99999.99,99999.99,99999.99,0,2003-03-11 13:00:00
2003,70,14,2315,51,52,59,34,8.7,8.5,3.0,313.9,5.9,-6.1,0.4,-6.0,-1.4,0.3,1.9,0.6,0.7,1.7,47439.0,11.2,386.0,-5.0,-0.6,0.036,8210.0,0.8,4.0,0.5,1.3,0.003,3.19,0.54,1.08,7.4,5.3,0.0216,23,114,-9,9,139.7,181,-126,55,1.7,0.008227,999999.99,99999.99,99999.99,99999.99,99999.99,99999.99,0,2003-03-11 14:00:00
2003,70,15,2315,51,52,61,39,8.8,8.6,23.0,320.5,6.1,-5.1,3.4,-5.9,1.5,0.4,1.5,0.8,0.7,1.1,49629.0,13.2,387.0,-4.4,1.5,0.034,4194.0,1.7,4.0,0.7,0.9,0.007,3.75,-0.58,1.26,8.0,5.5,0.0186,37,114,-8,22,139.7,233,-194,40,1.1,0.008227,999999.99,99999.99,99999.99,99999.99,99999.99,99999.99,0,2003-03-11 15:00:00
2003,70,16,2315,51,52,59,35,9.2,8.8,7.9,327.8,7.4,-4.7,1.2,-4.8,-0.6,0.5,2.4,0.8,1.4,1.9,52420.0,13.5,385.0,-6.1,0.0,0.032,10821.0,2.0,5.0,1.7,1.4,0.005,3.77,0.23,1.2,7.7,5.4,0.0201,37,114,-5,22,139.7,95,-62,33,1.5,0.008227,999999.99,99999.99,99999.99,99999.99,99999.99,99999.99,0,2003-03-11 16:00:00
2003,70,17,2315,51,52,68,42,8.2,4.6,11.3,122.3,-2.4,3.8,0.9,3.1,2.4,3.1,7.4,4.2,4.4,4.2,71324.0,16.7,409.0,-3.7,-1.7,0.028,33297.0,9.2,14.0,2.8,1.0,0.009,5.19,-0.98,2.06,10.2,6.1,0.0115,37,114,-3,22,139.7,124,-32,91,1.7,0.008227,999999.99,99999.99,99999.99,99999.99,99999.99,99999.99,0,2003-03-11 17:00:00
2003,70,18,2315,51,52,61,35,11.1,10.4,-1.9,116.6,-4.7,9.3,-0.3,8.4,4.0,0.6,3.6,1.0,1.6,3.1,205376.0,3.8,446.0,1.1,1.3,0.033,57957.0,0.5,10.0,2.0,3.2,0.007,1.43,-1.78,0.43,3.9,3.3,0.0776,17,114,-14,6,139.7,59,-4,55,-0.3,0.008227,999999.99,99999.99,99999.99,99999.99,99999.99,99999.99,0,2003-03-11 18:00:00
2003,70,19,2315,51,52,60,33,10.8,9.5,25.0,106.0,-2.4,8.2,4.0,5.2,7.5,0.5,5.0,1.8,1.8,4.3,218741.0,3.4,466.0,2.0,-3.2,0.035,42147.0,0.4,15.0,1.4,3.2,0.013,1.41,-3.5,0.42,4.0,3.4,0.0752,17,114,-14,6,139.7,59,-7,52,-0.4,0.008227,999999.99,99999.99,99999.99,99999.99,99999.99,99999.99,0,2003-03-11 19:00:00
2003,70,20,2315,51,52,66,33,10.1,8.4,27.4,106.3,-2.1,7.1,3.8,4.1,6.9,0.4,5.3,3.4,2.7,3.0,338284.0,3.3,474.0,4.1,-3.3,0.048,75110.0,0.4,31.0,2.3,2.9,0.028,1.48,-3.27,0.63,4.3,3.4,0.0655,17,114,-13,6,139.7,55,-9,46,-0.3,0.008227,999999.99,99999.99,99999.99,99999.99,99999.99,99999.99,0,2003-03-11 20:00:00
2003,70,21,2315,51,52,56,27,10.4,9.4,28.1,93.0,-0.4,8.3,4.4,4.6,8.2,0.4,4.0,2.0,2.2,2.7,363019.0,3.2,490.0,3.2,-4.9,0.032,46040.0,0.5,18.0,0.9,2.0,0.002,1.45,-4.02,0.6,4.2,3.4,0.067,10,114,-12,4,139.7,52,-13,39,-0.5,0.008227,999999.99,99999.99,99999.99,99999.99,99999.99,99999.99,0,2003-03-11 21:00:00
2003,70,22,2315,51,52,61,26,9.8,8.1,-11.1,109.7,-2.7,7.5,-1.6,7.1,2.8,0.4,5.3,1.2,1.8,4.8,364137.0,3.0,476.0,3.5,0.0,0.041,55517.0,0.3,8.0,1.8,4.3,0.006,1.32,-1.33,0.64,4.2,3.4,0.0672,10,114,-11,4,139.7,51,-21,30,0.1,0.008227,999999.99,99999.99,99999.99,99999.99,99999.99,99999.99,0,2003-03-11 22:00:00
2003,70,23,2315,51,52,61,36,10.0,8.6,-16.5,133.4,-5.6,6.0,-2.4,6.3,1.3,0.3,4.9,1.1,3.0,3.7,224306.0,3.0,462.0,2.9,-2.6,0.036,67627.0,0.4,13.0,3.0,4.2,0.006,1.22,-0.6,0.44,4.0,3.4,0.0743,10,114,-15,4,139.7,51,-24,28,-0.6,0.008227,999999.99,99999.99,99999.99,99999.99,99999.99,99999.99,0,2003-03-11 23:00:00
2003,71,0,2315,51,52,56,33,10.3,8.5,-25.9,138.1,-5.7,5.1,-3.7,6.3,-0.4,0.7,5.7,1.5,4.1,3.7,182224.0,3.0,467.0,3.5,-0.6,0.03,33275.0,0.3,13.0,3.9,2.8,0.004,1.22,0.19,0.37,3.9,3.4,0.0771,23,92,-17,9,136.2,180,-97,82,0.9,0.007896,999999.99,99999.99,99999.99,99999.99,99999.99,99999.99,0,2003-03-12 00:00:00
2003,71,1,2315,51,52,61,37,9.5,9.2,-3.8,141.1,-7.1,5.7,-0.6,5.2,2.5,0.2,2.3,1.0,1.3,1.6,153572.0,3.1,443.0,1.8,-1.8,0.038,22577.0,0.4,6.0,1.5,1.3,0.0,1.17,-1.11,0.4,4.1,3.5,0.0706,23,92,-19,9,136.2,225,-169,56,0.7,0.007896,999999.99,99999.99,99999.99,99999.99,99999.99,99999.99,0,2003-03-12 01:00:00
2003,71,2,2315,51,52,56,32,9.4,8.1,-16.9,149.5,-6.7,3.9,-2.4,4.6,-0.2,0.3,4.6,1.5,1.3,4.1,138873.0,3.4,441.0,1.6,0.9,0.034,26407.0,0.6,13.0,1.5,3.9,0.008,1.25,0.09,0.43,4.3,3.7,0.0636,23,92,-16,9,136.2,107,-52,55,0.2,0.007896,999999.99,99999.99,99999.99,99999.99,99999.99,99999.99,0,2003-03-12 02:00:00
2003,71,3,2315,51,52,64,39,9.1,7.4,11.6,140.3,-5.6,4.7,1.5,3.5,3.5,0.4,5.0,3.1,1.7,3.6,157626.0,4.0,451.0,1.0,-1.2,0.026,84961.0,0.6,23.0,2.2,3.8,0.005,1.5,-1.58,0.57,5.0,4.1,0.0484,17,92,-17,6,136.2,89,-42,47,-0.3,0.007896,999999.99,99999.99,99999.99,99999.99,99999.99,99999.99,0,2003-03-12 03:00:00
2003,71,4,2315,51,52,56,33,8.6,6.4,27.2,115.6,-2.5,5.2,2.9,3.5,4.8,0.2,5.5,4.0,2.0,3.3,150099.0,4.3,477.0,-0.3,-2.7,0.028,51045.0,0.5,37.0,2.5,3.4,0.012,1.82,-2.29,0.67,5.8,4.6,0.036,17,92,-13,6,136.2,92,-36,57,-0.5,0.007896,999999.99,99999.99,99999.99,99999.99,99999.99,99999.99,0,2003-03-12 04:00:00
2003,71,5,2315,51,52,66,39,8.5,6.8,-13.7,124.2,-3.7,5.5,-1.6,5.7,0.5,0.2,4.8,2.9,2.3,3.1,135098.0,4.3,470.0,-0.5,2.3,0.028,25870.0,0.5,28.0,2.6,3.7,0.004,1.76,-0.23,0.65,5.7,4.6,0.0362,17,92,-10,6,136.2,70,-16,54,-0.4,0.007896,999999.99,99999.99,99999.99,99999.99,99999.99,99999.99,0,2003-03-12 05:00:00
2003,71,6,2315,51,52,57,33,8.2,7.1,7.2,131.3,-4.7,5.3,0.9,4.7,2.6,0.2,3.7,1.9,1.5,2.8,122343.0,4.1,457.0,-1.4,-1.0,0.029,33137.0,0.7,20.0,1.5,3.2,0.003,1.6,-1.19,0.64,5.6,4.5,0.0374,20,92,-7,7,136.2,62,-25,37,-0.4,0.007896,999999.99,99999.99,99999.99,99999.99,99999.99,99999.99,0,2003-03-12 06:00:00
2003,71,7,2315,51,52,62,38,8.2,7.0,10.3,130.9,-4.5,5.2,1.3,4.6,2.7,0.2,3.9,3.2,1.1,1.9,114207.0,4.1,453.0,-2.1,-1.6,0.03,24006.0,0.6,28.0,2.0,2.4,0.004,1.57,-1.22,0.62,5.6,4.5,0.038,20,92,-10,7,136.2,168,-104,64,0.1,0.007896,999999.99,99999.99,99999.99,99999.99,99999.99,99999.99,0,2003-03-12 07:00:00
2003,71,8,2315,51,52,56,34,8.2,8.0,10.2,144.5,-6.4,4.6,1.4,4.1,2.5,0.2,1.7,0.8,1.0,1.1,90512.0,3.7,432.0,-2.1,-2.7,0.034,21832.0,0.6,8.0,1.3,1.5,0.004,1.31,-1.08,0.5,5.1,4.2,0.0463,20,92,-11,7,136.2,62,-28,34,-0.4,0.007896,999999.99,99999.99,99999.99,99999.99,99999.99,99999.99,0,2003-03-12 08:00:00
2003,71,9,2315,51,52,58,36,8.4,7.9,-6.1,143.8,-6.4,4.7,-0.8,4.8,0.3,0.1,2.5,1.5,1.4,1.4,95914.0,3.9,428.0,-1.8,-0.1,0.031,14893.0,0.4,16.0,1.6,1.7,0.005,1.34,-0.13,0.52,5.0,4.2,0.047,20,92,-9,7,136.2,34,-8,26,-0.4,0.007896,999999.99,99999.99,99999.99,99999.99,99999.99,99999.99,0,2003-03-12 09:00:00
2003,71,10,2315,51,52,58,35,8.1,7.8,-11.4,143.3,-6.2,4.6,-1.6,4.8,-0.5,0.2,2.0,0.4,0.9,1.8,88234.0,4.2,425.0,-2.9,1.1,0.034,15180.0,0.5,7.0,1.5,2.0,0.005,1.44,0.21,0.58,5.4,4.4,0.0411,20,92,-10,7,136.2,85,-34,51,0.4,0.007896,999999.99,99999.99,99999.99,99999.99,99999.99,99999.99,0,2003-03-12 10:00:00
2003,71,11,2315,51,52,60,35,7.8,7.3,-8.4,144.2,-5.9,4.2,-1.1,4.3,-0.1,0.1,2.6,1.1,1.3,2.0,73297.0,5.3,413.0,-3.6,1.1,0.031,8661.0,0.3,8.0,1.2,2.2,0.002,1.7,0.04,0.73,6.1,4.8,0.032,20,92,-11,7,136.2,92,-51,42,0.1,0.007896,999999.99,99999.99,99999.99,99999.99,99999.99,99999.99,0,2003-03-12 11:00:00
2003,71,12,2315,51,52,60,38,8.1,7.6,-6.1,153.1,-6.8,3.4,-0.8,3.5,0.0,0.1,2.6,0.7,1.3,2.1,71271.0,5.3,408.0,-3.9,1.0,0.034,13024.0,0.5,9.0,1.5,2.3,0.004,1.67,-0.0,0.67,5.8,4.6,0.0354,20,92,-9,7,136.2,155,-102,53,0.8,0.007896,999999.99,99999.99,99999.99,99999.99,99999.99,99999.99,0,2003-03-12 12:00:00
2003,71,13,2315,51,52,65,40,8.9,7.3,54.5,154.6,-3.8,1.8,6.0,0.2,6.3,0.5,4.9,2.7,3.6,1.9,84866.0,6.6,431.0,-1.5,-4.3,0.041,17656.0,0.7,16.0,3.3,1.2,0.006,2.38,-2.72,0.74,6.2,4.9,0.0307,20,92,-5,7,136.2,74,-32,41,-0.1,0.007896,999999.99,99999.99,99999.99,99999.99,99999.99,99999.99,0,2003-03-12 13:00:00
2003,71,14,2315,51,52,56,34,9.5,8.5,42.4,120.0,-3.2,5.5,5.7,3.6,7.1,0.1,4.0,2.4,1.5,2.9,87750.0,7.2,435.0,-4.9,-3.4,0.036,20582.0,0.8,15.0,1.9,1.8,0.005,2.6,-3.09,0.72,6.1,4.8,0.0315,20,92,-1,7,136.2,59,-24,36,-0.5,0.007896,999999.99,99999.99,99999.99,99999.99,99999.99,99999.99,0,2003-03-12 14:00:00
2003,71,15,2315,51,52,63,38,9.3,8.4,39.1,130.8,-4.3,4.9,5.3,2.9,6.6,0.2,3.8,2.1,1.1,2.9,84614.0,6.5,426.0,-5.3,-4.0,0.037,17493.0,0.4,15.0,1.9,2.5,0.003,2.26,-2.81,0.67,5.8,4.7,0.0349,13,92,1,5,136.2,53,-19,34,-0.3,0.007896,999999.99,99999.99,99999.99,99999.99,99999.99,99999.99,0,2003-03-12 15:00:00
2003,71,16,2315,51,52,62,39,8.7,7.1,20.9,131.4,-4.4,4.9,2.5,3.6,4.2,1.1,5.0,1.9,1.2,4.4,115898.0,6.1,435.0,-4.5,-3.3,0.041,39599.0,0.9,12.0,1.8,3.4,0.01,2.24,-1.83,0.82,6.2,4.7,0.0312,13,92,4,5,136.2,48,-19,29,-0.7,0.007896,999999.99,99999.99,99999.99,99999.99,99999.99,99999.99,0,2003-03-12 16:00:00
2003,71,17,2315,51,52,59,37,7.5,6.9,-0.1,148.8,-5.9,3.6,0.0,3.3,1.5,1.1,3.0,1.3,2.1,1.7,158104.0,6.4,442.0,-3.0,-2.3,0.048,34286.0,0.8,6.0,1.6,1.1,0.014,2.49,-0.66,1.36,7.5,5.1,0.0214,13,92,5,5,136.2,47,-25,22,-0.1,0.007896,999999.99,99999.99,99999.99,99999.99,99999.99,99999.99,0,2003-03-12 17:00:00
2003,71,18,2315,51,52,62,38,8.6,7.2,-12.2,154.4,-6.4,3.1,-1.5,3.4,0.1,0.3,4.3,1.4,3.1,2.6,163888.0,6.2,453.0,-0.9,-3.8,0.061,21584.0,0.6,8.0,2.2,2.2,0.014,2.64,-0.05,1.02,6.6,4.8,0.0277,17,92,4,6,136.2,38,-11,27,-0.1,0.007896,999999.99,99999.99,99999.99,99999.99,99999.99,99999.99,0,2003-03-12 18:00:00
2003,71,19,2315,51,52,59,35,8.1,7.1,-15.4,137.4,-5.0,4.6,-1.9,4.9,0.6,0.2,3.7,1.1,1.1,3.3,178570.0,6.8,456.0,-0.6,-2.6,0.052,15735.0,0.5,9.0,1.1,2.7,0.005,2.85,-0.27,1.32,7.3,5.0,0.0221,17,92,6,6,136.2,31,-3,28,0.1,0.007896,999999.99,99999.99,99999.99,99999.99,99999.99,99999.99,0,2003-03-12 19:00:00
2003,71,20,2315,51,52,60,36,7.6,6.5,-22.7,125.1,-3.4,4.9,-2.5,5.5,0.4,0.4,3.9,2.3,1.0,3.0,186526.0,7.0,462.0,-1.7,-1.5,0.05,18677.0,0.6,13.0,0.9,2.1,0.007,2.99,-0.18,1.59,8.0,5.2,0.0184,17,92,5,6,136.2,53,-15,38,0.5,0.007896,999999.99,99999.99,99999.99,99999.99,99999.99,99999.99,0,2003-03-12 20:00:00
2003,71,21,2315,51,52,62,39,7.4,6.7,-36.2,143.5,-4.3,3.2,-4.0,4.9,-1.6,0.4,3.0,1.4,1.9,1.8,178924.0,6.9,458.0,-0.7,-0.1,0.053,13013.0,0.5,8.0,1.2,1.3,0.006,2.93,0.73,1.61,8.1,5.3,0.018,33,92,4,18,136.2,308,-233,75,1.1,0.007896,999999.99,99999.99,99999.99,99999.99,99999.99,99999.99,0,2003-03-12 21:00:00
2003,71,22,2315,51,52,56,35,10.6,7.7,-27.0,165.2,-6.7,1.8,-3.5,3.4,-1.9,1.3,6.9,3.5,3.2,5.1,179283.0,6.5,462.0,-0.5,-0.7,0.045,43751.0,1.0,23.0,3.5,4.1,0.008,2.73,0.88,0.74,5.6,4.3,0.0385,33,92,-2,18,136.2,380,-280,100,1.8,0.007896,999999.99,99999.99,99999.99,99999.99,99999.99,99999.99,0,2003-03-12 22:00:00
2003,71,23,2315,51,52,61,35,11.3,10.0,-12.8,143.4,-7.8,5.8,-2.2,6.1,1.4,0.2,4.8,2.1,2.9,3.2,150125.0,6.5,458.0,-2.7,-0.5,0.036,32368.0,1.1,21.0,2.6,3.2,0.004,2.6,-0.64,0.59,5.2,4.2,0.0446,33,92,-10,18,136.2,165,-123,43,0.0,0.007896,999999.99,99999.99,99999.99,99999.99,99999.99,99999.99,0,2003-03-12 23:00:00
2003,72,0,2315,51,52,60,36,11.3,10.5,-34.3,170.8,-8.6,1.4,-5.9,4.4,-4.2,0.2,3.7,1.7,1.8,2.7,135717.0,6.1,447.0,1.2,3.3,0.034,25926.0,0.8,15.0,2.1,2.6,0.004,2.31,1.88,0.52,4.9,4.1,0.0498,40,74,-7,27,132.5,380,-273,107,2.0,0.007596,999999.99,99999.99,99999.99,99999.99,99999.99,99999.99,0,2003-03-13 00:00:00
2003,72,1,2315,51,52,67,38,10.9,7.5,-10.3,144.3,-6.0,4.3,-1.3,4.3,1.1,0.2,7.6,2.7,4.9,5.1,165499.0,6.6,468.0,-0.5,-1.0,0.039,28760.0,0.9,23.0,4.5,5.2,0.006,2.79,-0.51,0.68,5.5,4.4,0.0391,40,74,-16,27,132.5,596,-380,216,3.6,0.007596,999999.99,99999.99,99999.99,99999.99,99999.99,99999.99,0,2003-03-13 01:00:00
2003,72,2,2315,51,52,56,32,11.1,8.9,-22.4,128.5,-5.1,6.4,-3.4,7.2,0.2,0.1,6.4,3.3,2.1,5.0,156690.0,6.7,473.0,-3.0,0.5,0.034,14702.0,0.6,25.0,1.6,4.9,0.002,2.84,-0.09,0.64,5.5,4.4,0.0391,40,74,-15,27,132.5,408,-197,211,2.4,0.007596,999999.99,99999.99,99999.99,99999.99,99999.99,99999.99,0,2003-03-13 02:00:00
2003,72,3,2315,51,52,54,33,11.1,9.8,-0.8,159.3,-9.1,3.4,-0.1,3.1,1.5,0.1,5.1,3.0,3.2,2.7,119302.0,5.7,434.0,-0.1,-2.9,0.034,27598.0,0.7,26.0,3.1,3.5,0.004,2.04,-0.65,0.48,4.7,3.9,0.0546,33,74,-19,18,132.5,306,-158,149,0.9,0.007596,999999.99,99999.99,99999.99,99999.99,99999.99,99999.99,0,2003-03-13 03:00:00
2003,72,4,2315,51,52,66,40,11.2,10.1,-22.7,124.1,-5.2,7.7,-3.9,8.6,-0.4,0.1,4.5,2.2,2.3,3.2,112121.0,6.5,462.0,-4.3,1.2,0.035,13440.0,0.5,16.0,1.7,2.6,0.003,2.64,0.18,0.52,5.3,4.4,0.043,33,74,-16,18,132.5,232,-162,71,0.1,0.007596,999999.99,99999.99,99999.99,99999.99,99999.99,99999.99,0,2003-03-13 04:00:00
2003,72,5,2315,51,52,54,32,11.3,9.6,-16.6,129.3,-5.8,7.1,-2.8,7.6,0.0,0.2,5.6,1.8,2.2,4.8,86846.0,6.6,454.0,-4.1,1.3,0.042,11056.0,0.6,14.0,2.1,3.6,0.007,2.65,-0.0,0.46,5.2,4.4,0.0447,33,74,-19,18,132.5,428,-266,162,2.1,0.007596,999999.99,99999.99,99999.99,99999.99,99999.99,99999.99,0,2003-03-13 05:00:00
2003,72,6,2315,51,52,65,38,11.2,10.7,13.2,123.4,-5.7,8.7,2.4,7.4,5.1,0.1,3.0,1.5,1.2,2.3,90422.0,7.2,452.0,-5.0,-1.8,0.039,11874.0,0.5,11.0,0.9,2.2,0.004,2.84,-2.31,0.52,5.4,4.5,0.0406,27,74,-23,12,132.5,237,-147,90,1.3,0.007596,999999.99,99999.99,99999.99,99999.99,99999.99,99999.99,0,2003-03-13 06:00:00
2003,72,7,2315,51,52,57,34,11.4,10.6,24.9,117.7,-4.5,8.5,4.5,6.8,6.8,0.2,3.9,1.6,1.3,3.3,95602.0,7.5,462.0,-4.8,-3.9,0.039,12475.0,0.5,11.0,0.9,2.6,0.004,3.09,-3.14,0.54,5.5,4.6,0.0386,27,74,-14,12,132.5,76,-18,58,0.5,0.007596,999999.99,99999.99,99999.99,99999.99,99999.99,99999.99,0,2003-03-13 07:00:00
2003,72,8,2315,51,52,62,39,11.1,10.2,11.0,134.5,-7.0,7.1,1.9,6.4,3.7,0.2,4.2,1.8,1.1,3.7,94470.0,7.5,444.0,-4.4,-2.5,0.042,14430.0,0.6,14.0,1.0,3.2,0.004,2.88,-1.64,0.56,5.5,4.5,0.0396,27,74,-9,12,132.5,38,1,40,0.3,0.007596,999999.99,99999.99,99999.99,99999.99,99999.99,99999.99,0,2003-03-13 08:00:00
2003,72,9,2315,51,52,59,35,10.6,9.6,22.0,129.8,-5.7,6.8,3.6,5.8,5.1,0.1,4.3,2.3,1.4,3.4,125819.0,8.3,453.0,-3.9,-3.8,0.041,8045.0,0.7,15.0,0.6,2.0,0.003,3.31,-2.31,0.78,6.2,4.8,0.0314,27,74,-6,12,132.5,61,-6,55,0.4,0.007596,999999.99,99999.99,99999.99,99999.99,99999.99,99999.99,0,2003-03-13 09:00:00
2003,72,10,2315,51,52,57,36,10.5,9.6,-10.6,135.7,-6.8,6.6,-1.8,6.8,-0.3,0.1,4.1,1.1,1.0,3.9,113061.0,8.3,443.0,-4.5,-1.1,0.04,10991.0,0.6,7.0,0.6,2.4,0.003,3.16,0.13,0.76,6.1,4.7,0.0322,27,74,-7,12,132.5,77,-34,44,0.4,0.007596,999999.99,99999.99,99999.99,99999.99,99999.99,99999.99,0,2003-03-13 10:00:00
2003,72,11,2315,51,52,60,36,10.9,10.4,-3.4,152.7,-9.2,4.7,-0.6,4.7,0.5,0.4,3.2,0.8,0.7,3.1,116012.0,8.4,436.0,-4.3,-2.0,0.037,6590.0,0.6,5.0,0.7,2.7,0.003,3.06,-0.22,0.72,5.8,4.6,0.0354,27,74,-5,12,132.5,337,-279,58,1.5,0.007596,999999.99,99999.99,99999.99,99999.99,99999.99,99999.99,0,2003-03-13 11:00:00
2003,72,12,2315,51,52,62,34,11.0,10.4,-30.1,149.0,-7.7,4.6,-5.2,5.7,-4.0,0.1,3.3,1.5,1.4,2.6,112113.0,8.3,446.0,-3.4,1.6,0.043,13789.0,0.8,10.0,1.4,2.0,0.004,3.23,1.78,0.69,5.8,4.6,0.0349,37,74,-6,22,132.5,479,-420,59,2.4,0.007596,999999.99,99999.99,99999.99,99999.99,99999.99,99999.99,0,2003-03-13 12:00:00
2003,72,13,2315,51,52,64,41,10.5,8.8,53.5,130.9,-3.4,4.0,7.1,2.0,7.9,0.3,5.5,3.7,1.7,3.6,137050.0,9.5,474.0,-2.0,-6.8,0.049,16437.0,0.9,23.0,1.7,2.8,0.005,4.26,-3.74,0.95,7.0,5.2,0.0246,37,74,-21,22,132.5,389,-299,90,1.5,0.007596,999999.99,99999.99,99999.99,99999.99,99999.99,99999.99,0,2003-03-13 13:00:00
2003,72,14,2315,51,52,59,37,11.0,10.4,59.1,128.5,-3.3,4.2,8.9,1.4,9.7,0.2,3.5,2.4,1.9,1.7,110829.0,8.9,487.0,-0.2,-3.9,0.041,16836.0,0.6,11.0,1.2,1.2,0.004,4.1,-4.72,0.73,6.6,5.2,0.0273,37,74,-17,22,132.5,176,-130,46,-0.5,0.007596,999999.99,99999.99,99999.99,99999.99,99999.99,99999.99,0,2003-03-13 14:00:00
2003,72,15,2315,51,52,61,37,11.8,11.6,51.5,122.8,-3.9,6.1,9.1,2.7,10.6,0.4,2.3,1.3,1.2,1.5,92559.0,7.7,486.0,-0.5,-3.1,0.049,10883.0,0.7,6.0,0.5,0.6,0.005,3.63,-5.15,0.51,5.7,4.8,0.0364,13,74,-12,5,132.5,84,-15,69,-0.7,0.007596,999999.99,99999.99,99999.99,99999.99,99999.99,99999.99,0,2003-03-13 15:00:00
2003,72,16,2315,51,52,59,36,10.7,9.8,37.6,146.2,-6.4,4.3,6.0,1.7,7.2,0.6,4.1,2.2,1.1,3.3,133838.0,7.8,469.0,0.3,-1.1,0.078,33061.0,0.6,13.0,1.0,1.6,0.019,3.76,-3.38,0.74,6.1,4.8,0.0317,13,74,-11,5,132.5,61,-20,41,-0.6,0.007596,999999.99,99999.99,99999.99,99999.99,99999.99,99999.99,0,2003-03-13 16:00:00
2003,72,17,2315,51,52,58,35,10.9,10.2,3.9,161.9,-9.7,3.2,0.7,2.6,2.0,0.4,3.5,1.5,1.1,2.9,129193.0,8.0,464.0,0.3,0.1,0.092,25668.0,0.6,5.0,0.9,1.8,0.01,3.93,-0.93,0.72,6.0,4.7,0.0328,13,74,-8,5,132.5,49,-16,33,-0.2,0.007596,999999.99,99999.99,99999.99,99999.99,99999.99,99999.99,0,2003-03-13 17:00:00
2003,72,18,2315,51,52,61,37,11.1,10.2,-0.8,182.1,-10.2,-0.4,-0.1,-0.3,-0.3,0.2,4.2,0.9,3.1,2.8,110203.0,8.5,462.0,2.0,1.2,0.075,15591.0,0.3,4.0,1.7,1.6,0.007,3.94,0.14,0.68,6.1,4.8,0.0323,17,74,-8,6,132.5,69,-33,36,0.1,0.007596,999999.99,99999.99,99999.99,99999.99,99999.99,99999.99,0,2003-03-13 18:00:00
2003,72,19,2315,51,52,64,40,11.4,10.1,29.8,145.0,-7.1,5.0,5.0,1.9,6.8,0.1,5.2,4.2,2.7,1.6,90155.0,7.7,474.0,-0.3,-1.6,0.096,14687.0,0.4,25.0,1.6,0.9,0.009,4.0,-3.22,0.54,5.8,4.8,0.0357,17,74,-7,6,132.5,42,-8,33,-0.2,0.007596,999999.99,99999.99,99999.99,99999.99,99999.99,99999.99,0,2003-03-13 19:00:00
2003,72,20,2315,51,52,56,32,11.3,10.8,30.0,129.3,-5.9,7.3,5.4,3.4,8.4,0.2,3.1,1.8,1.2,2.2,96168.0,7.9,480.0,-1.6,-2.1,0.091,12546.0,0.8,11.0,0.8,1.5,0.011,4.15,-4.03,0.58,6.0,4.9,0.0334,17,74,-4,6,132.5,46,-7,39,-0.4,0.007596,999999.99,99999.99,99999.99,99999.99,99999.99,99999.99,0,2003-03-13 20:00:00
2003,72,21,2315,51,52,61,38,12.0,11.2,-2.6,163.5,-10.7,3.2,-0.5,3.0,1.3,0.6,4.2,0.9,1.9,3.6,71708.0,7.6,457.0,1.0,2.0,0.077,26032.0,0.5,5.0,1.5,2.6,0.014,3.47,-0.59,0.44,5.2,4.5,0.0432,17,74,-3,6,132.5,52,-12,40,-0.2,0.007596,999999.99,99999.99,99999.99,99999.99,99999.99,99999.99,0,2003-03-13 21:00:00
2003,72,22,2315,51,52,59,34,13.1,12.7,12.0,143.3,-10.0,7.4,2.6,4.7,6.3,0.3,3.1,1.0,1.1,2.7,31875.0,7.1,466.0,-1.8,-0.4,0.048,6799.0,0.4,6.0,0.9,1.7,0.009,3.07,-2.94,0.28,4.7,4.3,0.053,17,74,-5,6,132.5,58,-18,40,-0.5,0.007596,999999.99,99999.99,99999.99,99999.99,99999.99,99999.99,0,2003-03-13 22:00:00
2003,72,23,2315,51,52,59,35,13.1,12.7,18.9,151.7,-10.6,5.7,4.1,2.5,6.6,0.1,2.8,1.1,1.3,2.3,27675.0,7.4,464.0,-0.5,-2.3,0.048,4465.0,0.5,10.0,1.2,2.0,0.009,3.17,-3.06,0.28,4.8,4.3,0.0512,17,74,-6,6,132.5,35,-9,26,-0.7,0.007596,999999.99,99999.99,99999.99,99999.99,99999.99,99999.99,0,2003-03-13 23:00:00
2003,73,0,2315,51,52,61,36,12.9,12.0,6.4,153.4,-10.7,5.3,1.3,3.7,4.0,0.2,4.5,1.2,2.6,3.5,31931.0,7.6,463.0,-0.3,-0.2,0.079,7503.0,0.7,9.0,2.3,3.2,0.017,3.58,-1.85,0.3,4.9,4.4,0.0486,20,96,-2,7,137.3,69,-33,36,-0.6,0.007426,999999.99,99999.99,99999.99,99999.99,99999.99,99999.99,0,2003-03-14 00:00:00
2003,73,1,2315,51,52,59,35,12.9,11.4,8.2,161.5,-10.7,3.6,1.6,2.2,3.2,0.2,5.8,1.0,4.4,3.6,43041.0,7.8,463.0,0.9,-0.4,0.113,11019.0,0.6,8.0,3.6,3.2,0.015,4.05,-1.48,0.33,5.0,4.4,0.0473,20,96,-1,7,137.3,65,-30,35,-0.6,0.007426,999999.99,99999.99,99999.99,99999.99,99999.99,99999.99,0,2003-03-14 01:00:00
2003,73,2,2315,51,52,60,25,13.2,11.5,-13.7,149.6,-9.6,5.6,-2.7,6.2,0.4,0.5,6.2,1.9,4.0,4.3,42357.0,7.2,469.0,-1.6,2.0,0.088,9988.0,0.8,15.0,3.4,3.9,0.019,3.58,-0.19,0.29,4.8,4.3,0.0523,20,96,-3,7,137.3,112,-52,60,-0.4,0.007426,999999.99,99999.99,99999.99,99999.99,99999.99,99999.99,0,2003-03-14 02:00:00
2003,73,3,2315,51,52,65,38,14.0,12.4,27.3,130.0,-7.1,8.5,5.7,5.0,9.0,0.9,6.2,3.0,2.0,5.0,54936.0,7.4,494.0,-2.9,-4.6,0.101,33432.0,0.8,20.0,1.6,3.3,0.024,4.23,-4.45,0.29,4.8,4.3,0.0516,23,96,-7,9,137.3,216,-158,58,-0.3,0.007426,999999.99,99999.99,99999.99,99999.99,99999.99,99999.99,0,2003-03-14 03:00:00
2003,73,4,2315,51,52,58,34,11.9,10.0,43.3,143.3,-5.9,4.4,6.9,1.1,8.1,0.7,5.9,2.2,4.1,3.6,185258.0,7.9,502.0,-1.1,-5.8,0.144,116968.0,0.8,13.0,2.8,2.0,0.027,5.24,-4.07,0.73,5.9,4.6,0.0338,23,96,1,9,137.3,159,-97,61,-0.6,0.007426,999999.99,99999.99,99999.99,99999.99,99999.99,99999.99,0,2003-03-14 04:00:00
2003,73,5,2315,51,52,64,35,10.8,7.8,8.0,141.8,-6.1,4.8,1.1,4.1,2.8,1.5,7.2,3.1,5.2,3.9,210062.0,8.2,502.0,-1.2,-2.5,0.142,60790.0,1.4,21.0,3.8,2.1,0.038,5.41,-1.41,0.99,6.7,4.9,0.0269,23,96,6,9,137.3,67,-24,43,-0.5,0.007426,999999.99,99999.99,99999.99,99999.99,99999.99,99999.99,0,2003-03-14 05:00:00
2003,73,6,2315,51,52,59,36,9.4,4.3,-29.6,157.6,-3.4,1.4,-2.1,2.0,-1.5,0.9,8.1,2.6,7.0,3.4,301523.0,10.6,527.0,0.7,-0.6,0.081,39765.0,0.9,10.0,3.1,1.4,0.02,6.51,0.79,2.15,9.1,5.4,0.0143,37,96,7,22,137.3,99,-28,72,0.4,0.007426,999999.99,99999.99,99999.99,99999.99,99999.99,99999.99,0,2003-03-14 06:00:00
2003,73,7,2315,51,52,61,38,9.7,7.0,-10.8,125.9,-4.0,5.5,-1.3,5.6,0.3,1.4,6.7,2.1,5.2,3.7,290246.0,10.5,532.0,-0.5,-0.2,0.062,30806.0,1.6,8.0,2.4,1.8,0.015,6.19,-0.16,1.94,8.9,5.4,0.0151,37,96,-2,22,137.3,253,-120,133,1.4,0.007426,999999.99,99999.99,99999.99,99999.99,99999.99,99999.99,0,2003-03-14 07:00:00
2003,73,8,2315,51,52,62,38,13.1,12.9,-22.1,142.7,-9.5,7.2,-4.9,8.2,-2.9,0.7,2.2,0.9,0.9,1.7,287088.0,4.8,570.0,2.6,-0.6,0.066,37931.0,0.4,12.0,1.2,1.9,0.024,3.29,1.65,0.48,4.8,4.0,0.0524,37,96,-20,22,137.3,424,-273,151,2.5,0.007426,999999.99,99999.99,99999.99,99999.99,99999.99,99999.99,0,2003-03-14 08:00:00
2003,73,9,2315,51,52,60,35,13.5,13.2,-21.0,141.7,-9.7,7.7,-4.7,8.6,-2.8,0.3,2.4,0.9,1.2,1.8,253026.0,5.7,579.0,2.3,-1.6,0.023,31008.0,0.5,5.0,1.0,1.6,0.006,3.48,1.62,0.5,5.1,4.3,0.0454,37,96,-28,22,137.3,504,-473,31,4.1,0.007426,999999.99,99999.99,99999.99,99999.99,99999.99,99999.99,0,2003-03-14 09:00:00
2003,73,10,2315,51,52,60,35,12.0,11.1,-14.6,158.7,-10.0,3.9,-2.8,4.4,-1.8,0.7,4.2,1.1,2.5,3.2,374851.0,6.1,581.0,4.3,-1.8,0.041,64476.0,0.6,11.0,2.6,2.4,0.007,4.0,1.05,0.89,6.0,4.5,0.0333,37,96,-32,22,137.3,397,-379,18,5.0,0.007426,999999.99,99999.99,99999.99,99999.99,99999.99,99999.99,0,2003-03-14 10:00:00
2003,73,11,2315,51,52,65,40,11.9,9.5,-31.6,165.5,-7.8,2.0,-5.0,3.1,-4.4,0.7,7.0,2.4,3.6,5.4,351635.0,6.3,602.0,4.3,-0.6,0.035,72251.0,0.6,25.0,2.9,3.2,0.003,4.35,2.65,0.89,6.3,4.8,0.0295,37,96,-33,22,137.3,384,-296,88,2.3,0.007426,999999.99,99999.99,99999.99,99999.99,99999.99,99999.99,0,2003-03-14 11:00:00
2003,73,12,2315,51,52,57,35,11.0,10.1,-21.4,165.8,-9.1,2.3,-3.7,3.1,-3.0,0.5,4.0,0.8,2.4,3.1,326771.0,5.3,596.0,4.5,0.1,0.04,71938.0,0.6,13.0,2.3,2.8,0.006,3.65,1.79,0.83,6.2,4.8,0.0306,53,96,-19,56,137.3,822,-687,135,3.4,0.007426,999999.99,99999.99,99999.99,99999.99,99999.99,99999.99,0,2003-03-14 12:00:00
2003,73,13,2315,51,52,63,34,10.8,8.9,30.1,139.9,-5.9,5.0,4.5,3.6,5.7,0.2,5.6,3.2,2.6,3.8,299725.0,5.8,628.0,3.4,-5.2,0.043,36713.0,0.7,26.0,2.3,2.8,0.012,4.48,-3.58,0.89,7.0,5.3,0.0243,53,96,-29,56,137.3,905,-695,210,3.8,0.007426,999999.99,99999.99,99999.99,99999.99,99999.99,99999.99,0,2003-03-14 13:00:00
2003,73,14,2315,51,52,58,31,11.3,10.0,31.4,120.0,-4.3,7.4,5.2,5.5,7.2,0.2,4.9,1.5,2.4,4.0,276688.0,5.5,642.0,2.1,-5.2,0.046,34663.0,0.5,15.0,1.8,2.5,0.005,4.48,-4.62,0.73,6.7,5.2,0.0268,53,96,-29,56,137.3,339,-216,123,0.9,0.007426,999999.99,99999.99,99999.99,99999.99,99999.99,99999.99,0,2003-03-14 14:00:00
2003,73,15,2315,51,52,62,32,11.0,9.7,4.2,124.1,-5.4,8.1,0.7,7.4,3.4,0.2,4.5,1.7,1.7,3.8,276701.0,5.5,627.0,1.4,-1.9,0.042,41608.0,0.5,17.0,1.1,2.8,0.005,4.22,-2.13,0.77,6.7,5.2,0.0266,27,96,-24,12,137.3,118,-17,102,-1.0,0.007426,999999.99,99999.99,99999.99,99999.99,99999.99,99999.99,0,2003-03-14 15:00:00
2003,73,16,2315,51,52,58,33,10.7,9.0,8.0,122.8,-4.8,7.5,1.3,6.5,4.0,0.2,5.2,1.8,1.9,4.4,255080.0,5.2,629.0,1.7,-2.0,0.04,37459.0,0.4,19.0,1.3,3.7,0.004,3.99,-2.52,0.72,6.7,5.3,0.0265,27,96,-22,12,137.3,92,-32,60,-0.3,0.007426,999999.99,99999.99,99999.99,99999.99,99999.99,99999.99,0,2003-03-14 16:00:00
2003,73,17,2315,51,52,61,36,10.4,9.2,-24.3,147.5,-7.0,4.5,-3.8,5.7,-1.6,0.4,4.5,0.9,1.8,4.0,230773.0,5.4,617.0,3.3,0.8,0.032,31674.0,0.4,9.0,1.5,3.6,0.004,3.87,0.99,0.75,6.9,5.4,0.025,27,96,-19,12,137.3,131,-65,67,0.5,0.007426,999999.99,99999.99,99999.99,99999.99,99999.99,99999.99,0,2003-03-14 17:00:00
2003,73,18,2315,51,52,60,34,9.6,7.5,7.8,164.1,-7.1,2.0,1.0,1.3,1.8,0.2,5.8,1.0,1.7,5.4,273366.0,5.3,620.0,4.6,-3.5,0.035,52130.0,0.5,11.0,1.5,4.0,0.005,3.88,-1.12,0.96,7.4,5.5,0.0215,43,96,-28,32,137.3,463,-291,172,2.2,0.007426,999999.99,99999.99,99999.99,99999.99,99999.99,99999.99,0,2003-03-14 18:00:00
2003,73,19,2315,51,52,57,32,9.4,7.4,17.8,153.9,-6.3,3.1,2.3,1.6,3.5,0.6,5.6,2.6,2.4,4.3,298679.0,4.9,616.0,4.4,-3.3,0.036,52219.0,0.5,25.0,1.9,3.6,0.006,3.55,-2.16,0.99,7.3,5.3,0.0226,43,96,-36,32,137.3,677,-454,222,4.3,0.007426,999999.99,99999.99,99999.99,99999.99,99999.99,99999.99,0,2003-03-14 19:00:00
2003,73,20,2315,51,52,62,37,9.6,7.6,-5.1,162.0,-7.2,2.3,-0.7,2.3,0.6,0.3,5.6,2.0,1.9,4.9,305029.0,4.9,610.0,5.5,0.8,0.039,63305.0,0.6,25.0,2.1,4.6,0.005,3.52,-0.37,0.96,7.0,5.2,0.024,43,96,-40,32,137.3,344,-166,177,1.5,0.007426,999999.99,99999.99,99999.99,99999.99,99999.99,99999.99,0,2003-03-14 20:00:00
2003,73,21,2315,51,52,61,32,9.9,8.1,48.8,120.7,-2.7,4.6,6.1,0.5,7.6,0.3,5.1,2.9,1.8,3.8,243164.0,4.9,644.0,2.9,-4.9,0.042,42915.0,0.6,27.0,1.4,3.1,0.009,3.96,-4.89,0.77,7.2,5.6,0.0229,37,96,-31,22,137.3,315,-179,136,0.9,0.007426,999999.99,99999.99,99999.99,99999.99,99999.99,99999.99,0,2003-03-14 21:00:00
2003,73,22,2315,51,52,59,33,9.7,6.3,10.5,137.1,-4.6,4.2,1.2,2.8,3.3,0.1,7.1,2.3,3.4,5.8,251897.0,5.3,629.0,3.7,-1.6,0.042,38488.0,0.4,22.0,2.8,4.8,0.005,4.09,-2.08,0.89,7.5,5.6,0.0213,37,96,-24,22,137.3,358,-252,106,0.8,0.007426,999999.99,99999.99,99999.99,99999.99,99999.99,99999.99,0,2003-03-14 22:00:00
2003,73,23,2315,51,52,58,33,9.6,7.4,9.4,151.8,-6.5,3.5,1.2,2.3,2.9,0.2,5.8,1.8,3.3,4.4,238886.0,5.4,612.0,3.1,-1.9,0.039,29306.0,0.3,16.0,2.7,3.7,0.004,3.9,-1.77,0.9,7.4,5.6,0.0217,37,96,-21,22,137.3,171,-99,72,-0.1,0.007426,999999.99,99999.99,99999.99,99999.99,99999.99,99999.99,0,2003-03-14 23:00:00
2003,74,0,2315,51,52,64,38,9.0,6.1,-27.1,141.6,-4.2,3.4,-2.8,4.4,-0.5,0.2,6.3,2.5,3.6,4.5,221287.0,5.4,625.0,2.1,0.0,0.038,28216.0,0.6,21.0,2.9,3.3,0.005,4.06,0.31,0.97,8.1,6.0,0.0183,50,104,-24,48,129.3,585,-430,155,2.6,0.007467,999999.99,99999.99,99999.99,99999.99,99999.99,99999.99,0,2003-03-15 00:00:00
2003,74,1,2315,51,52,58,35,8.6,6.2,-18.9,150.9,-5.2,2.9,-2.0,3.5,-0.2,0.3,5.6,1.8,3.1,4.3,209401.0,5.0,612.0,1.9,0.5,0.043,22492.0,0.4,18.0,2.6,3.7,0.004,3.67,0.12,0.95,8.0,5.9,0.0188,50,104,-39,48,129.3,606,-475,131,2.1,0.007467,999999.99,99999.99,99999.99,99999.99,99999.99,99999.99,0,2003-03-15 01:00:00
2003,74,2,2315,51,52,61,37,8.2,6.9,-7.8,137.4,-5.0,4.6,-0.9,4.4,1.5,0.1,4.2,2.4,2.1,2.7,201336.0,4.6,610.0,-0.6,0.4,0.045,18305.0,0.4,20.0,1.8,2.2,0.007,3.37,-0.92,0.94,8.0,5.9,0.0187,50,104,-36,48,129.3,611,-413,198,2.6,0.007467,999999.99,99999.99,99999.99,99999.99,99999.99,99999.99,0,2003-03-15 02:00:00
2003,74,3,2315,51,52,57,36,8.1,6.9,3.6,149.1,-5.9,3.5,0.4,2.9,2.0,0.2,3.9,1.2,2.5,2.7,195490.0,4.0,594.0,0.1,0.8,0.059,24898.0,0.4,12.0,2.4,2.6,0.01,2.91,-1.19,0.82,7.3,5.6,0.0221,40,104,-28,27,129.3,389,-239,150,1.5,0.007467,999999.99,99999.99,99999.99,99999.99,99999.99,99999.99,0,2003-03-15 03:00:00
2003,74,4,2315,51,52,66,39,8.3,7.4,32.5,114.8,-2.6,5.7,4.0,3.5,6.0,0.4,3.5,2.5,1.4,2.1,206480.0,4.5,631.0,-1.3,-1.4,0.048,27053.0,0.4,25.0,1.2,1.7,0.008,3.57,-3.79,0.91,8.1,6.0,0.0183,40,104,-25,27,129.3,246,-139,107,0.3,0.007467,999999.99,99999.99,99999.99,99999.99,99999.99,99999.99,0,2003-03-15 04:00:00
2003,74,5,2315,51,52,59,35,6.6,4.7,26.0,102.8,-0.9,4.1,2.0,3.1,3.4,0.8,4.6,2.2,1.9,3.5,259288.0,4.9,660.0,0.4,-1.0,0.051,31822.0,0.3,13.0,1.0,1.5,0.004,4.29,-2.24,1.81,11.1,6.9,0.0097,40,104,-20,27,129.3,150,-71,80,0.4,0.007467,999999.99,99999.99,99999.99,99999.99,99999.99,99999.99,0,2003-03-15 05:00:00
2003,74,6,2315,51,52,59,33,6.3,4.7,-18.1,130.7,-2.9,3.4,-1.5,3.7,-0.3,0.6,4.2,2.1,1.3,3.3,208721.0,4.8,645.0,0.5,0.9,0.042,38127.0,0.3,9.0,0.6,1.2,0.006,3.9,0.19,1.7,11.2,7.1,0.0095,37,104,-22,22,129.3,177,-87,90,0.9,0.007467,999999.99,99999.99,99999.99,99999.99,99999.99,99999.99,0,2003-03-15 06:00:00
2003,74,7,2315,51,52,60,37,6.7,6.2,-23.2,144.5,-4.6,3.3,-2.4,3.9,-1.3,0.2,2.4,0.9,1.7,1.4,190133.0,4.2,632.0,-0.7,1.3,0.042,16358.0,0.3,7.0,1.4,1.0,0.004,3.27,0.82,1.24,9.7,6.7,0.0127,37,104,-30,22,129.3,569,-385,184,2.7,0.007467,999999.99,99999.99,99999.99,99999.99,99999.99,99999.99,0,2003-03-15 07:00:00
2003,74,8,2315,51,52,59,36,6.8,5.6,-15.7,152.0,-4.8,2.5,-1.5,2.8,-0.8,0.2,3.6,1.1,2.2,2.6,187168.0,3.8,622.0,-0.6,0.9,0.047,21866.0,0.3,13.0,2.0,2.3,0.004,2.92,0.5,1.08,8.9,6.4,0.015,37,104,-29,22,129.3,590,-482,108,3.2,0.007467,999999.99,99999.99,99999.99,99999.99,99999.99,99999.99,0,2003-03-15 08:00:00
2003,74,9,2315,51,52,61,37,6.9,6.2,-24.0,132.2,-3.8,4.2,-2.5,4.7,-1.4,0.2,2.8,1.3,1.5,1.9,176601.0,3.8,629.0,-2.4,1.7,0.049,16507.0,0.2,13.0,1.2,1.7,0.004,3.0,0.88,1.01,8.9,6.5,0.0151,33,104,-25,18,129.3,458,-325,133,3.5,0.007467,999999.99,99999.99,99999.99,99999.99,99999.99,99999.99,0,2003-03-15 09:00:00
2003,74,10,2315,51,52,57,31,6.7,6.1,-1.6,131.1,-4.0,4.6,-0.2,4.5,0.8,0.1,2.7,1.3,1.2,2.1,200530.0,4.0,625.0,-2.8,-0.9,0.048,15852.0,0.2,13.0,0.8,1.9,0.003,3.11,-0.5,1.22,9.3,6.5,0.0137,33,104,-25,18,129.3,432,-290,143,2.4,0.007467,999999.99,99999.99,99999.99,99999.99,99999.99,99999.99,0,2003-03-15 10:00:00
2003,74,11,2315,51,52,60,36,6.8,6.2,-22.5,160.9,-5.4,1.9,-2.4,2.4,-1.9,0.1,2.6,0.9,1.7,1.8,200196.0,3.8,611.0,-1.0,0.7,0.046,16546.0,0.3,9.0,1.5,1.6,0.005,2.81,1.16,1.12,8.8,6.2,0.0155,33,104,-12,18,129.3,310,-221,89,2.0,0.007467,999999.99,99999.99,99999.99,99999.99,99999.99,99999.99,0,2003-03-15 11:00:00
2003,74,12,2315,51,52,59,37,6.8,6.2,-29.3,171.4,-5.4,0.8,-3.1,1.5,-2.8,0.1,2.6,0.7,2.0,1.5,198184.0,3.7,610.0,0.3,1.7,0.048,19660.0,0.2,9.0,2.3,1.4,0.006,2.74,1.71,1.09,8.6,6.2,0.016,37,104,-14,22,129.3,406,-322,84,1.9,0.007467,999999.99,99999.99,99999.99,99999.99,99999.99,99999.99,0,2003-03-15 12:00:00
2003,74,13,2315,51,52,61,36,6.3,5.4,-5.9,159.3,-5.0,1.9,-0.6,2.0,-0.1,0.4,3.2,2.1,2.1,1.2,247680.0,3.6,614.0,-0.3,-1.3,0.058,35473.0,0.3,22.0,1.6,1.6,0.011,2.79,0.06,1.42,9.2,6.2,0.0139,37,104,-11,22,129.3,460,-330,130,1.2,0.007467,999999.99,99999.99,99999.99,99999.99,99999.99,99999.99,0,2003-03-15 13:00:00
2003,74,14,2315,51,52,59,36,6.3,5.2,22.1,141.5,-3.8,3.0,2.0,2.3,2.8,0.2,3.4,1.9,2.1,1.8,239461.0,3.9,625.0,-1.2,-3.4,0.059,27049.0,0.4,17.0,1.9,1.4,0.007,3.14,-1.75,1.5,9.8,6.5,0.0124,37,104,-11,22,129.3,188,-125,62,1.1,0.007467,999999.99,99999.99,99999.99,99999.99,99999.99,99999.99,0,2003-03-15 14:00:00
2003,74,15,2315,51,52,60,35,7.1,6.7,-22.1,176.2,-6.2,0.4,-2.5,1.2,-2.2,0.3,2.4,0.6,1.2,2.0,242416.0,3.6,606.0,0.8,0.7,0.039,28205.0,0.2,9.0,1.5,1.8,0.007,2.55,1.33,1.1,8.1,5.8,0.0181,43,104,-12,32,129.3,246,-181,65,1.2,0.007467,999999.99,99999.99,99999.99,99999.99,99999.99,99999.99,0,2003-03-15 15:00:00
2003,74,16,2315,51,52,62,38,7.3,6.8,-22.9,148.4,-5.3,3.3,-2.6,4.0,-1.2,0.1,2.2,0.9,1.5,1.4,215058.0,3.9,618.0,-1.8,0.4,0.036,26963.0,0.3,9.0,1.4,1.4,0.006,2.85,0.74,1.05,8.4,6.1,0.017,43,104,-14,32,129.3,594,-437,157,2.0,0.007467,999999.99,99999.99,99999.99,99999.99,99999.99,99999.99,0,2003-03-15 16:00:00
2003,74,17,2315,51,52,60,37,7.7,6.9,-33.2,143.5,-4.6,3.4,-3.8,4.7,-2.0,0.3,3.4,1.0,2.7,1.9,216637.0,4.2,631.0,-1.4,0.9,0.04,15285.0,0.2,9.0,2.2,1.5,0.005,3.24,1.26,1.02,8.4,6.1,0.0169,43,104,-18,32,129.3,692,-530,162,2.5,0.007467,999999.99,99999.99,99999.99,99999.99,99999.99,99999.99,0,2003-03-15 17:00:00
2003,74,18,2315,51,52,61,35,8.0,7.0,0.1,120.5,-3.6,6.0,0.0,5.3,2.8,0.2,3.4,1.6,1.2,2.8,229113.0,4.3,639.0,-3.2,-1.4,0.044,27185.0,0.3,15.0,1.0,2.3,0.005,3.45,-1.79,1.0,8.3,6.1,0.0173,33,104,-21,18,129.3,558,-393,165,2.1,0.007467,999999.99,99999.99,99999.99,99999.99,99999.99,99999.99,0,2003-03-15 18:00:00
2003,74,19,2315,51,52,58,34,7.5,5.8,-21.0,132.5,-3.6,4.0,-2.1,4.5,0.2,0.2,4.4,2.2,2.9,2.5,237997.0,4.2,641.0,-1.7,0.2,0.054,26417.0,0.4,22.0,2.3,2.0,0.006,3.5,-0.13,1.14,8.8,6.2,0.0155,33,104,-18,18,129.3,288,-208,80,2.0,0.007467,999999.99,99999.99,99999.99,99999.99,99999.99,99999.99,0,2003-03-15 19:00:00
2003,74,20,2315,51,52,58,36,8.4,7.2,-11.8,167.4,-6.9,1.5,-1.5,2.1,-0.5,0.4,4.1,1.1,2.5,3.1,195690.0,3.9,609.0,-0.1,-0.2,0.046,45300.0,0.2,13.0,2.6,3.3,0.006,2.86,0.3,0.75,7.2,5.6,0.0232,33,104,-23,18,129.3,269,-128,140,2.1,0.007467,999999.99,99999.99,99999.99,99999.99,99999.99,99999.99,0,2003-03-15 20:00:00
2003,74,21,2315,51,52,60,35,9.1,8.3,3.5,164.6,-8.0,2.2,0.5,1.6,1.6,0.1,3.5,0.9,1.6,2.9,147792.0,3.4,592.0,-1.2,-2.0,0.044,23258.0,0.2,10.0,1.7,3.1,0.002,2.34,-0.95,0.47,6.0,5.1,0.0331,37,104,-21,22,129.3,432,-316,116,2.1,0.007467,999999.99,99999.99,99999.99,99999.99,99999.99,99999.99,0,2003-03-15 21:00:00
2003,74,22,2315,51,52,65,34,9.1,8.0,-14.4,154.2,-6.9,3.4,-2.0,3.9,0.2,0.1,4.2,1.5,2.8,2.7,167111.0,3.6,606.0,-2.0,0.9,0.054,41045.0,0.5,21.0,3.1,2.7,0.008,2.68,-0.12,0.53,6.3,5.2,0.0298,37,104,-18,22,129.3,287,-194,94,1.7,0.007467,999999.99,99999.99,99999.99,99999.99,99999.99,99999.99,0,2003-03-15 22:00:00
2003,74,23,2315,51,52,61,37,7.8,5.5,-10.5,120.7,-2.8,4.7,-1.0,4.5,1.8,1.1,5.4,2.4,3.1,3.7,299342.0,4.5,673.0,-1.0,0.4,0.054,69977.0,0.4,22.0,2.0,2.5,0.01,4.14,-1.21,1.32,9.2,6.3,0.0142,37,104,-18,22,129.3,379,-275,104,1.3,0.007467,999999.99,99999.99,99999.99,99999.99,99999.99,99999.99,0,2003-03-15 23:00:00
2003,75,0,2315,51,52,59,35,6.9,6.0,19.6,120.2,-2.9,4.9,2.0,3.0,4.3,0.3,3.0,1.1,1.4,2.5,327023.0,4.2,679.0,-0.2,-1.0,0.056,21421.0,0.4,9.0,1.2,1.4,0.007,3.96,-2.92,1.67,10.1,6.4,0.0117,30,102,-16,15,127.2,172,-115,56,-0.1,0.007337,999999.99,99999.99,99999.99,99999.99,99999.99,99999.99,0,2003-03-16 00:00:00
2003,75,1,2315,51,52,59,36,7.0,6.3,-7.4,139.5,-4.8,4.1,-0.8,3.9,1.5,0.2,2.5,1.0,1.1,2.0,292399.0,3.8,660.0,-0.6,0.2,0.047,23001.0,0.2,12.0,0.8,1.9,0.009,3.28,-0.99,1.36,9.2,6.2,0.0141,30,102,-11,15,127.2,170,-101,69,-0.0,0.007337,999999.99,99999.99,99999.99,99999.99,99999.99,99999.99,0,2003-03-16 01:00:00
2003,75,2,2315,51,52,59,33,7.3,7.1,-7.1,148.7,-6.0,3.7,-0.9,3.7,1.0,0.2,1.5,0.7,1.1,0.8,245171.0,3.8,647.0,0.3,-0.1,0.03,31139.0,0.3,7.0,1.1,0.9,0.003,2.98,-0.65,1.11,8.6,6.2,0.0159,30,102,-13,15,127.2,323,-220,102,0.7,0.007337,999999.99,99999.99,99999.99,99999.99,99999.99,99999.99,0,2003-03-16 02:00:00
2003,75,3,2315,51,52,61,38,7.6,6.5,6.9,145.5,-5.3,3.6,0.8,2.8,2.4,0.4,4.0,1.8,3.2,1.6,224471.0,3.9,650.0,0.4,-2.0,0.031,30636.0,0.1,13.0,1.4,1.1,0.012,3.09,-1.56,0.99,8.4,6.2,0.0167,30,102,-15,15,127.2,321,-230,91,0.1,0.007337,999999.99,99999.99,99999.99,99999.99,99999.99,99999.99,0,2003-03-16 03:00:00
2003,75,4,2315,51,52,59,37,7.6,6.3,12.4,157.7,-5.7,2.4,1.4,1.6,2.3,0.4,3.9,1.5,2.8,2.4,274938.0,3.2,634.0,-1.3,-1.9,0.057,27912.0,0.3,15.0,2.4,2.0,0.014,2.64,-1.46,0.93,7.5,5.6,0.0214,30,102,-13,15,127.2,237,-161,76,0.2,0.007337,999999.99,99999.99,99999.99,99999.99,99999.99,99999.99,0,2003-03-16 04:00:00
2003,75,5,2315,51,52,61,37,7.8,5.7,46.7,260.9,-0.6,-3.8,4.1,-5.1,2.4,0.3,5.1,3.4,2.9,2.4,276749.0,3.4,703.0,3.1,-3.1,0.061,29329.0,0.3,27.0,1.9,1.6,0.007,3.49,-1.69,0.94,8.3,6.2,0.0172,30,102,-9,15,127.2,161,-82,79,0.2,0.007337,999999.99,99999.99,99999.99,99999.99,99999.99,99999.99,0,2003-03-16 05:00:00
2003,75,6,2315,51,52,61,37,7.2,6.5,41.8,153.3,-4.3,2.2,4.3,0.7,4.8,0.3,2.7,1.3,1.9,1.4,262471.0,3.3,671.0,-0.8,-4.1,0.061,33766.0,0.4,17.0,1.4,1.3,0.008,3.09,-3.22,1.03,8.5,6.1,0.0166,23,102,-7,9,127.2,97,-21,76,-0.6,0.007337,999999.99,99999.99,99999.99,99999.99,99999.99,99999.99,0,2003-03-16 06:00:00
2003,75,7,2315,51,52,59,34,6.9,6.1,26.7,136.5,-4.0,3.8,2.8,2.8,3.8,0.2,2.9,1.7,1.3,1.9,287279.0,3.5,681.0,-1.1,-3.4,0.059,27630.0,0.2,17.0,1.0,1.7,0.006,3.35,-2.59,1.27,9.2,6.4,0.014,23,102,-9,9,127.2,130,-60,70,0.2,0.007337,999999.99,99999.99,99999.99,99999.99,99999.99,99999.99,0,2003-03-16 07:00:00
2003,75,8,2315,51,52,60,37,6.6,4.6,-0.4,159.4,-4.3,1.6,0.0,1.5,0.4,0.3,4.5,1.6,2.4,3.4,305935.0,3.4,679.0,0.5,-1.2,0.064,34191.0,0.3,20.0,2.3,2.7,0.006,3.29,-0.27,1.41,9.5,6.4,0.0132,23,102,-8,9,127.2,199,-112,87,0.4,0.007337,999999.99,99999.99,99999.99,99999.99,99999.99,99999.99,0,2003-03-16 08:00:00
2003,75,9,2315,51,52,61,37,6.8,5.4,7.4,172.6,-5.3,0.7,0.7,0.5,0.8,0.2,3.8,1.2,3.0,2.1,306119.0,3.3,671.0,1.5,-2.1,0.06,34193.0,0.4,16.0,2.7,2.3,0.007,3.08,-0.54,1.29,9.0,6.2,0.0148,40,102,-12,27,127.2,271,-142,129,0.8,0.007337,999999.99,99999.99,99999.99,99999.99,99999.99,99999.99,0,2003-03-16 09:00:00
2003,75,10,2315,51,52,60,38,6.9,4.3,-0.9,150.4,-3.7,2.1,-0.1,2.1,0.4,0.3,5.2,2.4,3.9,2.4,293388.0,3.6,688.0,0.2,-1.6,0.051,42661.0,0.3,24.0,3.2,2.1,0.005,3.43,-0.28,1.33,9.5,6.5,0.0133,40,102,-15,27,127.2,187,-100,87,0.8,0.007337,999999.99,99999.99,99999.99,99999.99,99999.99,99999.99,0,2003-03-16 10:00:00
2003,75,11,2315,51,52,59,34,7.5,6.6,-39.6,212.4,-4.3,-2.7,-4.2,-1.7,-4.7,0.2,3.0,0.9,2.5,1.4,272213.0,3.6,685.0,4.0,1.0,0.047,33358.0,0.3,11.0,1.7,1.2,0.005,3.35,3.22,1.07,8.7,6.2,0.0158,40,102,-9,27,127.2,806,-673,133,2.6,0.007337,999999.99,99999.99,99999.99,99999.99,99999.99,99999.99,0,2003-03-16 11:00:00
2003,75,12,2315,51,52,59,36,7.3,6.6,-34.4,198.4,-5.1,-1.7,-3.7,-0.8,-4.0,0.2,2.9,0.9,2.3,1.5,253588.0,3.3,670.0,3.3,0.9,0.048,24800.0,0.3,11.0,2.3,1.4,0.005,2.95,2.68,0.98,8.3,6.1,0.0171,43,102,-10,32,127.2,883,-780,103,3.5,0.007337,999999.99,99999.99,99999.99,99999.99,99999.99,99999.99,0,2003-03-16 12:00:00
2003,75,13,2315,51,52,59,37,7.0,5.1,-45.3,162.3,-3.4,1.1,-3.6,2.0,-3.2,0.2,4.4,1.9,3.1,2.6,272884.0,3.4,684.0,0.9,0.6,0.045,34851.0,0.4,22.0,2.8,2.2,0.005,3.13,2.19,1.16,9.0,6.4,0.0147,43,102,-13,32,127.2,800,-635,164,4.2,0.007337,999999.99,99999.99,99999.99,99999.99,99999.99,99999.99,0,2003-03-16 13:00:00
2003,75,14,2315,51,52,60,34,7.0,6.3,-8.3,157.8,-5.8,2.4,-0.9,2.6,-0.1,0.5,2.9,0.7,1.5,2.4,215512.0,2.9,647.0,-0.6,-0.3,0.037,48881.0,0.3,12.0,1.7,2.6,0.007,2.33,0.06,0.85,7.9,6.0,0.0192,43,102,-29,32,127.2,839,-628,211,2.9,0.007337,999999.99,99999.99,99999.99,99999.99,99999.99,99999.99,0,2003-03-16 14:00:00
2003,75,15,2315,51,52,61,36,8.4,8.1,25.0,133.9,-5.1,5.3,3.4,3.9,5.0,0.1,2.0,0.8,1.0,1.5,179348.0,3.6,662.0,-2.7,-4.7,0.036,22918.0,0.4,11.0,0.8,1.4,0.004,3.01,-3.31,0.65,7.5,6.0,0.0213,43,102,-26,32,127.2,742,-556,186,1.6,0.007337,999999.99,99999.99,99999.99,99999.99,99999.99,99999.99,0,2003-03-16 15:00:00
2003,75,16,2315,51,52,60,36,8.4,7.4,-13.6,152.3,-6.4,3.3,-1.7,3.7,-0.3,0.2,3.7,0.9,2.4,2.7,185519.0,3.5,646.0,-1.6,-0.2,0.037,30198.0,0.3,14.0,2.4,2.5,0.003,2.8,0.19,0.65,7.2,5.8,0.023,43,102,-16,32,127.2,190,-96,94,-0.2,0.007337,999999.99,99999.99,99999.99,99999.99,99999.99,99999.99,0,2003-03-16 16:00:00
2003,75,17,2315,51,52,62,39,7.7,5.0,-40.3,232.8,-2.3,-3.0,-3.2,-1.4,-4.2,0.5,5.6,2.0,4.5,2.7,249003.0,4.3,703.0,3.0,-0.1,0.041,34269.0,0.4,17.0,2.7,1.7,0.005,4.13,2.95,1.14,9.5,6.7,0.0133,43,102,-17,32,127.2,456,-315,141,2.1,0.007337,999999.99,99999.99,99999.99,99999.99,99999.99,99999.99,0,2003-03-16 17:00:00
2003,75,18,2315,51,52,60,37,7.7,6.1,-70.7,233.1,-1.2,-1.6,-5.8,1.3,-5.9,0.3,4.3,2.7,2.8,1.9,292100.0,3.7,715.0,2.1,0.9,0.045,32165.0,0.3,23.0,1.7,1.3,0.006,3.73,4.22,1.09,8.9,6.4,0.0149,60,102,-38,80,127.2,632,-451,181,4.2,0.007337,999999.99,99999.99,99999.99,99999.99,99999.99,99999.99,0,2003-03-16 18:00:00
2003,75,19,2315,51,52,59,36,7.5,6.3,-61.1,137.2,-2.2,2.1,-5.5,4.6,-3.7,0.4,3.8,3.0,2.1,0.9,282041.0,3.5,709.0,0.2,1.5,0.044,47715.0,0.4,28.0,1.7,0.7,0.009,3.46,2.62,1.06,8.8,6.4,0.0152,60,102,-54,80,127.2,797,-524,273,6.1,0.007337,999999.99,99999.99,99999.99,99999.99,99999.99,99999.99,0,2003-03-16 19:00:00
2003,75,20,2315,51,52,60,37,7.5,6.7,-48.1,143.2,-3.6,2.7,-5.0,4.9,-2.8,0.2,3.1,1.3,2.6,1.2,286045.0,3.7,695.0,0.0,1.1,0.037,27544.0,0.2,11.0,1.5,0.7,0.003,3.43,1.95,1.13,8.9,6.3,0.015,60,102,-58,80,127.2,755,-445,311,5.7,0.007337,999999.99,99999.99,99999.99,99999.99,99999.99,99999.99,0,2003-03-16 20:00:00
2003,75,21,2315,51,52,61,39,7.2,5.9,-32.6,136.2,-3.6,3.4,-3.2,4.6,-0.8,0.3,3.9,2.2,1.8,2.7,288752.0,3.7,699.0,-0.0,0.3,0.036,41439.0,0.3,21.0,1.7,2.4,0.005,3.45,0.56,1.24,9.3,6.5,0.0136,47,102,-60,39,127.2,574,-296,278,3.5,0.007337,999999.99,99999.99,99999.99,99999.99,99999.99,99999.99,0,2003-03-16 21:00:00
2003,75,22,2315,51,52,61,38,6.7,6.0,-2.6,129.1,-3.8,4.7,-0.3,4.1,2.4,0.5,2.6,1.1,1.8,1.6,286812.0,3.5,699.0,-0.7,-1.1,0.041,53696.0,0.3,13.0,1.7,1.2,0.01,3.32,-1.68,1.35,9.8,6.6,0.0125,47,102,-54,39,127.2,574,-336,238,3.5,0.007337,999999.99,99999.99,99999.99,99999.99,99999.99,99999.99,0,2003-03-16 22:00:00
2003,75,23,2315,51,52,59,35,6.4,5.6,-17.9,102.9,-1.2,5.2,-1.7,5.3,1.5,0.2,2.7,1.4,1.0,2.1,312154.0,3.6,726.0,-1.0,-0.4,0.041,17917.0,0.2,12.0,0.7,1.6,0.004,3.69,-1.09,1.61,10.8,7.0,0.0103,47,102,-45,39,127.2,250,-155,95,1.5,0.007337,999999.99,99999.99,99999.99,99999.99,99999.99,99999.99,0,2003-03-16 23:00:00
2003,76,0,2315,51,52,61,36,6.3,4.5,3.2,122.3,-2.4,3.8,0.3,3.0,2.3,0.3,3.9,1.3,1.4,3.5,302849.0,3.4,713.0,-0.4,-1.3,0.041,34237.0,0.3,14.0,1.1,2.6,0.005,3.36,-1.64,1.54,10.4,6.8,0.0109,30,68,-44,15,123.1,291,-194,97,1.3,0.007272,999999.99,99999.99,99999.99,99999.99,99999.99,99999.99,0,2003-03-17 00:00:00
2003,76,1,2315,51,52,58,37,6.3,5.3,15.3,123.6,-2.8,4.3,1.4,2.9,3.4,0.1,3.1,1.1,1.3,2.6,285034.0,3.4,711.0,-1.6,-2.3,0.037,35118.0,0.3,15.0,0.9,2.1,0.004,3.3,-2.42,1.47,10.4,6.9,0.011,30,68,-40,15,123.1,212,-128,84,-0.2,0.007272,999999.99,99999.99,99999.99,99999.99,99999.99,99999.99,0,2003-03-17 01:00:00
2003,76,2,2315,51,52,59,37,6.6,5.6,11.4,147.0,-4.6,3.0,1.1,2.1,2.4,0.2,3.2,1.6,1.3,2.5,254455.0,3.5,691.0,-0.5,-2.7,0.029,18802.0,0.1,15.0,1.3,2.1,0.002,3.11,-1.66,1.28,9.8,6.7,0.0124,30,68,-37,15,123.1,172,-92,80,-0.2,0.007272,999999.99,99999.99,99999.99,99999.99,99999.99,99999.99,0,2003-03-17 02:00:00
2003,76,3,2315,51,52,61,33,7.0,5.7,-34.1,156.0,-4.3,1.9,-3.2,3.2,-2.0,0.3,3.8,2.0,2.9,1.6,211027.0,3.3,686.0,0.2,1.6,0.032,39565.0,0.3,14.0,2.9,1.7,0.01,2.93,1.37,0.95,8.9,6.6,0.015,47,68,-38,39,123.1,383,-245,139,1.3,0.007272,999999.99,99999.99,99999.99,99999.99,99999.99,99999.99,0,2003-03-17 03:00:00
2003,76,4,2315,51,52,60,37,6.5,5.2,-32.9,127.9,-2.7,3.4,-2.8,4.3,-1.1,0.3,3.6,2.1,1.6,2.5,242389.0,3.4,701.0,-1.0,1.1,0.05,29932.0,0.3,21.0,1.1,2.1,0.007,3.35,0.77,1.24,9.9,6.9,0.012,47,68,-43,39,123.1,690,-568,122,3.4,0.007272,999999.99,99999.99,99999.99,99999.99,99999.99,99999.99,0,2003-03-17 04:00:00
2003,76,5,2315,51,52,62,37,6.1,3.3,21.7,127.4,-1.9,2.4,1.2,1.8,2.0,0.2,4.8,2.4,2.9,3.0,283481.0,3.7,714.0,0.1,-2.5,0.058,35520.0,0.4,22.0,2.0,2.1,0.007,3.88,-1.43,1.7,11.3,7.2,0.0094,47,68,-51,39,123.1,900,-718,182,4.1,0.007272,999999.99,99999.99,99999.99,99999.99,99999.99,99999.99,0,2003-03-17 05:00:00
2003,76,6,2315,51,52,59,36,5.7,3.7,-8.3,162.6,-3.5,1.1,-0.5,1.2,-0.1,0.5,4.0,1.4,2.6,2.7,281347.0,3.9,697.0,0.8,-1.0,0.051,31863.0,0.2,13.0,2.1,2.1,0.005,3.81,0.07,2.05,12.1,7.3,0.0082,50,68,-50,48,123.1,497,-279,218,2.3,0.007272,999999.99,99999.99,99999.99,99999.99,99999.99,99999.99,0,2003-03-17 06:00:00
2003,76,7,2315,51,52,59,35,5.6,4.6,-22.6,179.5,-4.2,0.0,-1.8,0.5,-1.7,0.3,3.0,1.3,2.0,1.9,276724.0,4.1,695.0,1.7,0.3,0.052,23265.0,0.2,10.0,1.6,1.4,0.009,4.0,1.18,2.2,12.6,7.4,0.0075,50,68,-44,48,123.1,660,-482,178,3.8,0.007272,999999.99,99999.99,99999.99,99999.99,99999.99,99999.99,0,2003-03-17 07:00:00
2003,76,8,2315,51,52,60,34,5.7,4.5,-15.6,141.9,-3.4,2.7,-1.2,2.9,-0.5,0.3,3.0,1.5,1.8,1.9,274289.0,4.1,699.0,-0.6,0.3,0.05,29216.0,0.4,12.0,1.4,1.4,0.006,4.01,0.35,2.11,12.4,7.4,0.0077,50,68,-46,48,123.1,861,-581,280,4.7,0.007272,999999.99,99999.99,99999.99,99999.99,99999.99,99999.99,0,2003-03-17 08:00:00
2003,76,9,2315,51,52,60,37,6.5,5.8,-19.6,114.1,-2.2,5.0,-2.0,5.3,-0.8,0.7,2.6,1.3,1.9,1.3,237431.0,3.6,699.0,-3.0,0.9,0.045,36575.0,0.4,12.0,1.7,1.3,0.007,3.47,0.56,1.3,10.2,7.0,0.0114,37,68,-47,22,123.1,636,-392,245,4.6,0.007272,999999.99,99999.99,99999.99,99999.99,99999.99,99999.99,0,2003-03-17 09:00:00
2003,76,10,2315,51,52,59,32,7.7,6.5,-23.8,131.0,-3.9,4.5,-2.6,5.0,-1.5,0.1,3.7,1.6,1.5,3.0,181718.0,3.1,677.0,-3.7,1.8,0.033,32124.0,0.3,22.0,1.2,3.0,0.002,2.69,1.02,0.67,7.7,6.2,0.0199,37,68,-42,22,123.1,458,-288,170,4.5,0.007272,999999.99,99999.99,99999.99,99999.99,99999.99,99999.99,0,2003-03-17 10:00:00
2003,76,11,2315,51,52,61,36,7.9,6.8,-1.4,126.7,-4.1,5.5,-0.2,5.4,1.1,0.2,3.8,1.1,1.2,3.4,217024.0,2.8,675.0,-4.4,-0.1,0.03,41546.0,0.2,14.0,1.2,2.9,0.004,2.39,-0.74,0.64,7.1,5.7,0.0233,37,68,-44,22,123.1,477,-363,115,3.0,0.007272,999999.99,99999.99,99999.99,99999.99,99999.99,99999.99,0,2003-03-17 11:00:00
2003,76,12,2315,51,52,62,37,8.1,6.6,-18.4,141.5,-4.9,3.9,-2.1,4.3,-1.1,0.5,4.5,1.0,1.5,4.1,247472.0,3.0,690.0,-2.3,0.7,0.029,52446.0,0.3,18.0,1.4,2.8,0.007,2.66,0.76,0.71,7.4,5.8,0.0219,53,68,-39,56,123.1,386,-329,58,2.2,0.007272,999999.99,99999.99,99999.99,99999.99,99999.99,99999.99,0,2003-03-17 12:00:00
2003,76,13,2315,51,52,61,37,7.7,4.4,-61.5,149.8,-1.8,1.1,-3.9,2.1,-3.5,0.4,6.0,2.3,3.3,4.5,295920.0,3.2,741.0,0.6,1.6,0.036,41265.0,0.3,28.0,2.7,3.3,0.004,3.36,2.59,0.95,8.6,6.4,0.0161,53,68,-30,56,123.1,751,-584,167,2.3,0.007272,999999.99,99999.99,99999.99,99999.99,99999.99,99999.99,0,2003-03-17 13:00:00
2003,76,14,2315,51,52,58,34,7.5,5.9,-21.9,142.1,-4.3,3.3,-2.2,3.8,-1.1,0.3,4.3,1.7,2.8,2.8,274260.0,3.1,709.0,-1.8,1.0,0.039,40101.0,0.3,20.0,2.3,2.2,0.005,3.01,0.78,0.92,8.3,6.2,0.0172,53,68,-40,56,123.1,1517,-1193,324,5.4,0.007272,999999.99,99999.99,99999.99,99999.99,99999.99,99999.99,0,2003-03-17 14:00:00
2003,76,15,2315,51,52,59,37,9.1,7.9,-28.3,179.5,-7.0,0.1,-3.8,1.4,-3.5,0.6,4.2,1.8,3.3,1.9,288841.0,3.4,706.0,-0.4,2.6,0.037,43557.0,0.4,20.0,2.8,1.4,0.004,3.25,2.47,0.71,7.2,5.6,0.0232,47,68,-46,39,123.1,904,-625,279,4.4,0.007272,999999.99,99999.99,99999.99,99999.99,99999.99,99999.99,0,2003-03-17 15:00:00
2003,76,16,2315,51,52,61,38,9.7,7.8,-19.6,169.8,-7.2,1.3,-2.6,2.2,-1.9,0.4,5.5,1.5,3.5,3.9,318226.0,3.2,701.0,0.2,1.7,0.044,73189.0,0.5,21.0,3.7,3.3,0.007,3.09,1.33,0.63,6.5,5.2,0.0285,47,68,-48,39,123.1,387,-236,151,-0.1,0.007272,999999.99,99999.99,99999.99,99999.99,99999.99,99999.99,0,2003-03-17 16:00:00
2003,76,17,2315,51,52,61,35,8.9,6.9,17.9,143.7,-5.3,3.9,2.1,2.6,3.6,0.4,5.4,3.7,2.2,3.1,347844.0,2.9,727.0,-1.7,-2.7,0.043,72171.0,0.4,34.0,1.9,2.8,0.01,3.0,-2.62,0.73,7.0,5.5,0.0246,47,68,-38,39,123.1,125,-21,103,-0.7,0.007272,999999.99,99999.99,99999.99,99999.99,99999.99,99999.99,0,2003-03-17 17:00:00
2003,76,18,2315,51,52,61,36,8.7,8.2,13.7,136.5,-5.8,5.5,1.9,4.0,4.2,0.2,2.6,1.0,1.2,2.1,314529.0,2.9,719.0,-2.8,-3.6,0.04,40324.0,0.2,14.0,1.1,2.0,0.005,2.9,-3.02,0.71,7.0,5.5,0.024,50,68,-37,48,123.1,100,-41,59,0.1,0.007272,999999.99,99999.99,99999.99,99999.99,99999.99,99999.99,0,2003-03-17 18:00:00
2003,76,19,2315,51,52,62,39,6.3,3.8,17.0,341.1,3.5,-1.2,1.1,-1.6,0.4,0.9,4.9,3.1,1.8,3.3,370364.0,4.3,809.0,1.8,-1.5,0.032,79478.0,0.8,20.0,0.8,2.7,0.012,5.3,-0.32,2.25,13.3,7.8,0.0067,50,68,-37,48,123.1,110,-35,75,1.2,0.007272,999999.99,99999.99,99999.99,99999.99,99999.99,99999.99,0,2003-03-17 19:00:00
2003,76,20,2315,51,52,59,38,7.4,6.7,-58.6,146.5,-2.9,1.9,-5.8,4.7,-3.9,1.1,3.0,1.8,2.1,1.1,276798.0,3.7,767.0,0.4,3.3,0.026,35645.0,1.1,19.0,1.5,1.4,0.012,4.01,2.99,1.14,10.0,7.1,0.012,50,68,-35,48,123.1,389,-197,192,3.2,0.007272,999999.99,99999.99,99999.99,99999.99,99999.99,99999.99,0,2003-03-17 20:00:00
2003,76,21,2315,51,52,61,36,7.8,7.1,-54.0,157.9,-3.9,1.6,-5.8,4.5,-4.0,0.1,2.8,1.7,1.8,1.4,237884.0,2.8,756.0,0.7,3.7,0.025,22021.0,0.3,18.0,1.3,1.1,0.005,2.94,3.02,0.7,8.1,6.4,0.0181,57,68,-44,67,123.1,1043,-786,257,8.5,0.007272,999999.99,99999.99,99999.99,99999.99,99999.99,99999.99,0,2003-03-17 21:00:00
2003,76,22,2315,51,52,60,39,7.3,6.0,-30.5,152.4,-4.6,2.4,-3.0,3.7,-1.2,0.3,3.8,1.3,2.1,3.0,251001.0,2.4,778.0,1.2,1.2,0.043,42798.0,0.3,21.0,2.2,3.2,0.009,2.84,0.93,0.71,8.3,6.5,0.0175,57,68,-52,67,123.1,837,-601,236,5.1,0.007272,999999.99,99999.99,99999.99,99999.99,99999.99,99999.99,0,2003-03-17 22:00:00
2003,76,23,2315,51,52,60,38,7.2,5.8,-16.7,128.3,-3.4,4.3,-1.7,4.5,1.0,0.4,4.0,1.3,2.3,3.0,253364.0,2.4,796.0,-0.4,0.4,0.046,26717.0,0.2,18.0,2.0,2.7,0.005,3.01,-0.8,0.74,8.6,6.7,0.0162,57,68,-47,67,123.1,516,-315,201,2.5,0.007272,999999.99,99999.99,99999.99,99999.99,99999.99,99999.99,0,2003-03-17 23:00:00
2003,77,0,2315,51,52,59,36,7.0,4.7,-10.3,175.5,-4.6,0.4,-0.8,0.8,-0.5,0.3,4.9,1.7,2.7,3.7,280663.0,2.2,786.0,3.1,0.1,0.039,39411.0,0.2,24.0,2.6,3.1,0.004,2.62,0.39,0.76,8.3,6.5,0.0172,47,71,-45,39,117.3,578,-415,163,3.5,0.007234,999999.99,99999.99,99999.99,99999.99,99999.99,99999.99,0,2003-03-18 00:00:00
2003,77,1,2315,51,52,61,35,7.0,5.6,8.0,157.1,-5.1,2.2,0.8,1.5,1.8,0.4,3.8,1.8,2.5,2.2,306793.0,2.1,782.0,1.7,-1.2,0.041,45041.0,0.2,27.0,2.4,2.7,0.004,2.5,-1.41,0.78,8.1,6.3,0.0182,47,71,-54,39,117.3,541,-423,119,2.1,0.007234,999999.99,99999.99,99999.99,99999.99,99999.99,99999.99,0,2003-03-18 01:00:00
2003,77,2,2315,51,52,58,33,6.9,5.6,-8.4,171.4,-5.4,0.8,-0.8,1.1,-0.3,0.1,3.8,1.3,2.4,2.7,289307.0,2.0,776.0,3.0,0.7,0.037,51892.0,0.2,20.0,2.5,2.8,0.005,2.31,0.23,0.73,8.0,6.2,0.0188,47,71,-52,39,117.3,432,-287,144,0.9,0.007234,999999.99,99999.99,99999.99,99999.99,99999.99,99999.99,0,2003-03-18 02:00:00
2003,77,3,2315,51,52,63,35,7.1,5.9,-22.7,149.9,-4.7,2.7,-2.3,3.5,-0.8,0.1,3.5,1.1,1.5,3.0,271327.0,2.2,784.0,1.4,2.1,0.034,52905.0,0.2,18.0,1.7,3.2,0.004,2.57,0.63,0.73,8.2,6.4,0.0177,47,71,-48,39,117.3,169,-81,88,-0.2,0.007234,999999.99,99999.99,99999.99,99999.99,99999.99,99999.99,0,2003-03-18 03:00:00
2003,77,4,2315,51,52,58,37,7.2,4.9,-7.6,144.3,-4.0,2.8,-0.6,2.8,0.6,0.2,5.0,1.7,2.2,4.2,290152.0,2.4,792.0,1.1,0.6,0.036,42939.0,0.2,24.0,1.8,3.3,0.004,2.88,-0.48,0.81,8.5,6.5,0.0164,47,71,-46,39,117.3,576,-367,209,3.3,0.007234,999999.99,99999.99,99999.99,99999.99,99999.99,99999.99,0,2003-03-18 04:00:00
2003,77,5,2315,51,52,61,37,6.9,5.7,-10.4,137.9,-4.2,3.8,-1.0,3.9,0.5,0.2,3.4,1.2,1.9,2.6,293955.0,2.5,787.0,0.1,1.9,0.043,40860.0,0.2,17.0,1.7,2.6,0.004,3.03,-0.39,0.92,9.0,6.7,0.0146,47,71,-41,39,117.3,447,-262,185,3.2,0.007234,999999.99,99999.99,99999.99,99999.99,99999.99,99999.99,0,2003-03-18 05:00:00
2003,77,6,2315,51,52,59,38,6.8,6.2,-34.6,153.8,-4.6,2.3,-3.5,3.3,-2.5,0.1,2.5,1.2,1.4,1.6,289828.0,2.5,778.0,0.8,3.3,0.037,32751.0,0.2,16.0,1.4,1.5,0.003,2.9,1.95,0.94,9.0,6.7,0.0145,47,71,-38,39,117.3,533,-325,208,3.5,0.007234,999999.99,99999.99,99999.99,99999.99,99999.99,99999.99,0,2003-03-18 06:00:00
2003,77,7,2315,51,52,60,37,6.5,5.3,-39.0,156.7,-3.8,1.6,-3.3,2.5,-2.7,0.4,3.4,1.1,2.1,2.4,346013.0,2.6,786.0,1.6,2.9,0.038,47308.0,0.2,18.0,2.0,2.2,0.005,3.09,2.12,1.21,9.7,6.8,0.0125,47,71,-44,39,117.3,533,-335,198,2.3,0.007234,999999.99,99999.99,99999.99,99999.99,99999.99,99999.99,0,2003-03-18 07:00:00
2003,77,8,2315,51,52,61,38,6.2,4.4,-26.2,150.2,-3.4,2.0,-1.9,2.4,-1.3,0.2,4.1,1.6,2.5,2.9,362476.0,2.6,792.0,1.1,2.3,0.041,33864.0,0.2,18.0,1.8,2.2,0.007,3.17,1.03,1.38,10.3,7.0,0.0112,47,71,-42,39,117.3,600,-469,131,2.8,0.007234,999999.99,99999.99,99999.99,99999.99,99999.99,99999.99,0,2003-03-18 08:00:00
2003,77,9,2315,51,52,59,35,5.5,4.5,-32.7,174.6,-3.8,0.4,-2.4,1.0,-2.2,0.2,2.8,1.0,1.9,1.8,336982.0,2.5,786.0,2.9,2.8,0.035,43721.0,0.2,15.0,1.4,1.4,0.004,2.94,1.73,1.6,11.3,7.3,0.0093,47,71,-42,39,117.3,708,-556,152,4.5,0.007234,999999.99,99999.99,99999.99,99999.99,99999.99,99999.99,0,2003-03-18 09:00:00
2003,77,10,2315,51,52,62,39,5.4,3.7,19.8,96.2,-0.4,3.5,1.3,3.1,2.1,0.4,3.6,2.6,1.6,1.9,430068.0,1.8,833.0,0.7,-0.2,0.052,84777.0,0.2,31.0,1.3,2.1,0.007,2.52,-1.75,1.43,10.3,6.9,0.0111,47,71,-47,39,117.3,608,-500,107,3.8,0.007234,999999.99,99999.99,99999.99,99999.99,99999.99,99999.99,0,2003-03-18 10:00:00
2003,77,11,2315,51,52,59,37,5.9,4.6,19.5,124.9,-2.5,3.6,1.5,3.2,2.3,0.4,3.5,1.7,1.6,2.6,368444.0,1.8,798.0,-0.3,-1.3,0.047,42633.0,0.1,18.0,1.4,2.5,0.008,2.27,-1.84,1.07,9.1,6.5,0.0144,47,71,-41,39,117.3,439,-331,108,1.8,0.007234,999999.99,99999.99,99999.99,99999.99,99999.99,99999.99,0,2003-03-18 11:00:00
2003,77,12,2315,51,52,60,36,5.9,4.1,-13.7,183.9,-4.0,-0.3,-1.0,0.0,-1.0,0.2,4.0,1.2,1.7,3.4,345518.0,2.1,778.0,2.8,0.9,0.049,58041.0,0.2,17.0,1.6,3.2,0.007,2.54,0.78,1.19,9.6,6.7,0.013,47,71,-36,39,117.3,215,-101,114,0.9,0.007234,999999.99,99999.99,99999.99,99999.99,99999.99,99999.99,0,2003-03-18 12:00:00
2003,77,13,2315,51,52,59,37,5.8,4.9,-25.4,156.2,-4.0,1.8,-2.1,2.3,-1.5,0.4,2.7,1.2,1.6,1.8,319593.0,2.2,771.0,0.4,2.1,0.05,47887.0,0.2,14.0,1.7,2.0,0.007,2.62,1.16,1.22,9.9,6.9,0.0122,47,71,-35,39,117.3,627,-482,145,2.4,0.007234,999999.99,99999.99,99999.99,99999.99,99999.99,99999.99,0,2003-03-18 13:00:00
2003,77,14,2315,51,52,60,36,5.9,3.7,25.7,148.3,-2.8,1.7,1.6,1.1,2.0,0.3,4.3,1.3,2.3,3.5,314266.0,2.4,781.0,0.6,-0.8,0.054,37861.0,0.2,16.0,1.8,2.7,0.006,2.97,-1.56,1.27,10.3,7.1,0.0113,47,71,-37,39,117.3,721,-560,161,2.6,0.007234,999999.99,99999.99,99999.99,99999.99,99999.99,99999.99,0,2003-03-18 14:00:00
2003,77,15,2315,51,52,61,37,5.5,3.8,17.1,126.7,-2.2,2.9,1.1,2.4,2.0,0.2,3.6,2.5,1.5,2.2,300798.0,2.3,782.0,-0.6,-0.2,0.059,41747.0,0.3,30.0,1.2,2.2,0.007,2.9,-1.56,1.36,10.8,7.3,0.0102,23,71,-33,9,117.3,211,-146,64,-0.1,0.007234,999999.99,99999.99,99999.99,99999.99,99999.99,99999.99,0,2003-03-18 15:00:00
2003,77,16,2315,51,52,58,37,5.5,4.7,14.5,129.9,-2.9,3.5,1.2,2.8,2.4,0.8,2.6,1.5,0.9,1.9,237026.0,2.1,763.0,-1.2,-0.7,0.055,66087.0,0.3,21.0,1.1,1.8,0.008,2.49,-1.83,1.06,10.1,7.3,0.0118,23,71,-32,9,117.3,195,-153,42,0.6,0.007234,999999.99,99999.99,99999.99,99999.99,99999.99,99999.99,0,2003-03-18 16:00:00
2003,77,17,2315,51,52,58,36,6.2,5.6,13.9,148.3,-4.6,2.9,1.3,2.1,2.4,0.2,2.4,0.8,1.7,1.5,235552.0,2.0,732.0,-1.0,-0.8,0.049,52998.0,0.1,15.0,1.9,1.8,0.004,2.14,-1.76,0.79,8.3,6.4,0.0171,23,71,-31,9,117.3,89,-37,52,-0.1,0.007234,999999.99,99999.99,99999.99,99999.99,99999.99,99999.99,0,2003-03-18 17:00:00
2003,77,18,2315,51,52,61,34,6.4,5.8,11.0,140.7,-4.4,3.6,1.1,2.7,2.6,0.1,2.5,0.7,1.4,2.0,227474.0,2.0,736.0,-2.1,-0.3,0.051,27868.0,0.2,12.0,1.2,2.2,0.011,2.18,-1.91,0.72,8.1,6.4,0.018,23,71,-30,9,117.3,220,-173,47,0.5,0.007234,999999.99,99999.99,99999.99,99999.99,99999.99,99999.99,0,2003-03-18 18:00:00
2003,77,19,2315,51,52,62,38,5.9,4.8,-9.0,136.0,-3.4,3.3,-0.7,3.2,1.0,0.3,3.3,1.1,2.4,2.0,251015.0,2.2,759.0,-0.8,1.1,0.06,37137.0,0.2,18.0,1.9,1.8,0.009,2.62,-0.76,1.0,9.5,7.0,0.0131,23,71,-28,9,117.3,169,-114,54,1.4,0.007234,999999.99,99999.99,99999.99,99999.99,99999.99,99999.99,0,2003-03-18 19:00:00
2003,77,20,2315,51,52,60,38,5.4,4.8,2.1,128.2,-3.0,3.8,0.2,3.1,2.2,0.3,2.3,1.1,0.9,1.8,242643.0,2.4,769.0,-1.4,0.1,0.053,26799.0,0.2,11.0,0.6,1.5,0.007,2.87,-1.69,1.27,11.0,7.6,0.0098,23,71,-27,9,117.3,123,-75,48,0.8,0.007234,999999.99,99999.99,99999.99,99999.99,99999.99,99999.99,0,2003-03-18 20:00:00
2003,77,21,2315,51,52,60,37,5.0,3.3,27.0,136.3,-2.1,2.0,1.5,0.9,2.3,0.3,3.6,0.8,3.3,1.2,243445.0,2.5,778.0,-0.5,-0.9,0.049,26117.0,0.2,10.0,2.4,1.1,0.005,3.02,-1.79,1.55,12.3,8.0,0.0079,27,71,-25,12,117.3,283,-215,68,1.1,0.007234,999999.99,99999.99,99999.99,99999.99,99999.99,99999.99,0,2003-03-18 21:00:00
2003,77,22,2315,51,52,60,36,4.6,3.3,15.0,167.3,-3.1,0.7,0.8,0.1,1.1,0.2,3.0,1.0,2.3,1.7,269741.0,2.6,767.0,1.1,-0.6,0.052,29597.0,0.2,13.0,1.9,1.5,0.004,3.09,-0.84,2.03,13.4,8.1,0.0066,27,71,-21,12,117.3,303,-235,68,1.9,0.007234,999999.99,99999.99,99999.99,99999.99,99999.99,99999.99,0,2003-03-18 22:00:00
2003,77,23,2315,51,52,59,38,5.2,3.5,2.5,102.8,-0.8,3.4,0.2,2.7,2.0,0.6,3.8,1.8,2.4,2.2,241239.0,2.7,786.0,-0.7,-0.1,0.041,38490.0,0.2,17.0,2.0,1.9,0.005,3.24,-1.57,1.54,12.4,8.1,0.0077,27,71,-19,12,117.3,324,-241,83,1.1,0.007234,999999.99,99999.99,99999.99,99999.99,99999.99,99999.99,0,2003-03-18 23:00:00
2003,78,0,2315,51,52,61,37,5.7,4.0,-46.4,227.9,-1.8,-2.0,-2.9,-0.1,-3.5,0.3,3.8,2.0,3.0,1.3,241627.0,2.4,766.0,3.1,2.8,0.044,37655.0,0.2,24.0,2.5,1.2,0.004,2.77,2.68,1.14,10.4,7.4,0.011,33,64,-18,18,107.2,200,-125,75,0.8,0.007167,999999.99,99999.99,99999.99,99999.99,99999.99,99999.99,0,2003-03-19 00:00:00
2003,78,1,2315,51,52,59,36,5.3,3.6,43.5,204.5,-2.4,-1.1,2.5,-2.2,1.6,0.2,3.6,1.6,2.1,2.4,230607.0,2.3,758.0,2.8,-1.8,0.046,31483.0,0.2,19.0,2.1,2.3,0.006,2.61,-1.21,1.22,10.8,7.6,0.0101,33,64,-19,18,107.2,476,-337,139,1.7,0.007167,999999.99,99999.99,99999.99,99999.99,99999.99,99999.99,0,2003-03-19 01:00:00
2003,78,2,2315,51,52,60,36,5.3,4.8,62.6,183.5,-2.2,-0.1,4.2,-2.2,3.6,0.2,2.0,0.9,1.6,0.8,233474.0,2.4,759.0,2.4,-2.2,0.047,37536.0,0.2,11.0,1.5,0.5,0.003,2.74,-2.73,1.29,11.1,7.6,0.0097,33,64,-18,18,107.2,456,-326,130,2.1,0.007167,999999.99,99999.99,99999.99,99999.99,99999.99,99999.99,0,2003-03-19 02:00:00
2003,78,3,2315,51,52,59,35,5.0,3.2,1.1,161.0,-3.0,1.0,0.1,0.8,0.5,0.2,3.6,1.2,1.9,2.8,248941.0,2.2,751.0,1.8,1.4,0.052,30444.0,0.2,16.0,1.8,2.8,0.007,2.5,-0.38,1.38,11.1,7.5,0.0096,40,64,-20,27,107.2,331,-164,167,1.5,0.007167,999999.99,99999.99,99999.99,99999.99,99999.99,99999.99,0,2003-03-19 03:00:00
2003,78,4,2315,51,52,62,39,4.6,2.7,-23.0,113.8,-1.0,2.2,-1.0,2.4,0.0,0.2,3.6,1.3,1.2,3.1,223403.0,2.1,775.0,0.1,2.6,0.045,30010.0,0.2,16.0,1.3,2.6,0.005,2.49,-0.0,1.45,12.2,8.1,0.008,40,64,-28,27,107.2,470,-273,197,2.4,0.007167,999999.99,99999.99,99999.99,99999.99,99999.99,99999.99,0,2003-03-19 04:00:00
2003,78,5,2315,51,52,60,39,4.3,3.1,-30.8,115.5,-1.1,2.4,-1.6,2.8,-0.6,0.3,2.9,1.0,1.2,2.4,220438.0,2.0,772.0,-0.5,3.1,0.047,22103.0,0.1,10.0,1.3,1.8,0.005,2.36,0.46,1.57,12.7,8.3,0.0074,40,64,-29,27,107.2,442,-279,163,2.2,0.007167,999999.99,99999.99,99999.99,99999.99,99999.99,99999.99,0,2003-03-19 05:00:00
2003,78,6,2315,51,52,58,35,4.1,2.1,21.5,151.6,-1.7,0.9,0.8,0.6,1.1,0.2,3.4,1.2,1.5,2.8,212014.0,1.9,758.0,0.7,1.5,0.043,23156.0,0.2,13.0,1.2,2.5,0.007,2.14,-0.83,1.6,12.7,8.3,0.0073,30,64,-31,15,107.2,206,-131,75,1.0,0.007167,999999.99,99999.99,99999.99,99999.99,99999.99,99999.99,0,2003-03-19 06:00:00
2003,78,7,2315,51,52,60,37,3.8,2.3,32.4,146.3,-1.6,1.1,1.2,0.7,1.5,0.1,2.9,1.6,2.1,1.1,211890.0,1.6,751.0,-0.3,1.6,0.047,11740.0,0.1,16.0,2.1,1.2,0.004,1.79,-1.13,1.57,12.5,8.1,0.0076,30,64,-32,15,107.2,157,-84,74,0.4,0.007167,999999.99,99999.99,99999.99,99999.99,99999.99,99999.99,0,2003-03-19 07:00:00
2003,78,8,2315,51,52,57,36,3.6,2.6,49.2,136.3,-1.2,1.2,2.0,0.6,2.2,0.3,2.5,1.5,1.5,1.2,193367.0,1.4,735.0,-1.2,0.4,0.045,32128.0,0.1,23.0,1.7,1.0,0.006,1.49,-1.62,1.45,12.1,8.1,0.0082,30,64,-32,15,107.2,146,-79,67,-0.0,0.007167,999999.99,99999.99,99999.99,99999.99,99999.99,99999.99,0,2003-03-19 08:00:00
2003,78,9,2315,51,52,61,39,3.7,2.4,40.4,134.6,-1.3,1.3,1.6,0.9,1.9,0.4,2.7,1.5,1.9,1.3,211119.0,1.7,697.0,-2.1,-0.7,0.054,28970.0,0.3,15.0,1.8,1.3,0.01,1.68,-1.32,1.75,12.3,7.7,0.0079,17,64,-28,6,107.2,69,-29,40,-0.5,0.007167,999999.99,99999.99,99999.99,99999.99,99999.99,99999.99,0,2003-03-19 09:00:00
2003,78,10,2315,51,52,57,33,4.2,4.0,-10.5,98.1,-0.5,3.9,-0.7,4.0,0.2,0.3,1.3,1.0,0.4,0.7,185401.0,2.0,691.0,-4.1,0.2,0.041,13113.0,0.2,18.0,0.5,0.7,0.004,1.86,-0.14,1.48,11.6,7.7,0.0088,17,64,-24,6,107.2,99,-45,54,0.7,0.007167,999999.99,99999.99,99999.99,99999.99,99999.99,99999.99,0,2003-03-19 10:00:00
2003,78,11,2315,51,52,60,36,5.0,4.6,-16.8,83.8,0.5,4.4,-1.3,4.6,-0.3,0.1,1.9,1.6,0.7,0.8,146101.0,2.0,661.0,-3.0,-0.2,0.032,18289.0,0.1,9.0,0.6,0.7,0.004,1.65,0.2,0.91,9.3,7.0,0.0136,17,64,-23,6,107.2,297,-197,101,1.5,0.007167,999999.99,99999.99,99999.99,99999.99,99999.99,99999.99,0,2003-03-19 11:00:00
2003,78,12,2315,51,52,60,37,5.4,4.6,0.7,83.2,0.5,4.6,0.1,4.4,1.2,0.2,2.5,1.4,0.6,2.0,155050.0,2.4,653.0,-3.0,-1.1,0.034,16276.0,0.2,12.0,0.7,1.3,0.005,1.94,-0.78,0.97,9.4,6.9,0.0136,23,64,-19,9,107.2,443,-335,108,2.0,0.007167,999999.99,99999.99,99999.99,99999.99,99999.99,99999.99,0,2003-03-19 12:00:00
2003,78,13,2315,51,52,61,37,6.0,5.7,-9.5,92.0,-0.2,5.6,-0.9,5.6,0.6,0.2,1.6,1.0,0.4,1.2,169968.0,2.5,655.0,-3.9,-0.6,0.037,13984.0,0.2,5.0,0.3,0.7,0.004,2.06,-0.39,0.86,8.6,6.5,0.016,23,64,-15,9,107.2,276,-175,101,2.1,0.007167,999999.99,99999.99,99999.99,99999.99,99999.99,99999.99,0,2003-03-19 13:00:00
2003,78,14,2315,51,52,58,33,5.9,5.4,11.7,91.1,-0.1,5.3,1.1,4.7,2.6,0.3,2.2,1.2,1.1,1.4,195843.0,2.7,653.0,-4.2,-1.5,0.033,22735.0,0.2,14.0,0.7,1.0,0.006,2.18,-1.7,1.05,9.1,6.6,0.0144,23,64,-17,9,107.2,116,-61,55,0.5,0.007167,999999.99,99999.99,99999.99,99999.99,99999.99,99999.99,0,2003-03-19 14:00:00
2003,78,15,2315,51,52,60,38,6.6,5.6,7.8,92.2,-0.2,5.5,0.8,4.9,2.6,0.4,3.3,2.3,1.5,1.9,228845.0,3.2,658.0,-4.1,-1.3,0.027,35339.0,0.4,13.0,1.0,1.1,0.003,2.56,-1.71,1.09,8.9,6.4,0.015,23,64,-15,9,107.2,107,-64,43,0.5,0.007167,999999.99,99999.99,99999.99,99999.99,99999.99,99999.99,0,2003-03-19 15:00:00
2003,78,16,2315,51,52,66,39,9.0,7.2,1.3,95.0,-0.6,7.2,0.2,6.6,2.9,1.1,5.2,3.4,2.7,2.9,304652.0,4.6,678.0,-4.1,-0.3,0.03,76564.0,0.6,26.0,1.6,1.8,0.005,3.96,-1.97,1.02,8.1,5.9,0.0182,23,64,-7,9,107.2,156,-110,46,1.0,0.007167,999999.99,99999.99,99999.99,99999.99,99999.99,99999.99,0,2003-03-19 16:00:00
2003,78,17,2315,51,52,57,35,9.7,7.6,8.6,86.1,0.5,7.5,1.1,6.3,4.2,0.3,5.7,3.6,3.4,2.9,300997.0,4.5,698.0,-3.9,-2.2,0.024,50730.0,0.6,20.0,2.3,1.9,0.005,4.01,-2.93,0.85,7.6,5.8,0.0204,23,64,-11,9,107.2,171,-102,68,0.6,0.007167,999999.99,99999.99,99999.99,99999.99,99999.99,99999.99,0,2003-03-19 17:00:00
2003,78,18,2315,51,52,61,39,10.7,8.4,67.5,114.6,-1.3,2.9,7.7,-1.0,8.2,1.8,6.8,3.5,4.8,3.4,319417.0,3.5,712.0,-1.4,-4.7,0.041,69264.0,0.7,11.0,1.8,0.9,0.017,3.45,-5.84,0.57,6.2,5.1,0.0307,23,64,-10,9,107.2,101,-52,48,1.5,0.007167,999999.99,99999.99,99999.99,99999.99,99999.99,99999.99,0,2003-03-19 18:00:00
2003,78,19,2315,51,52,59,38,10.5,10.0,14.6,127.2,-5.8,7.7,2.5,5.4,6.0,1.7,3.5,1.6,1.6,2.7,342431.0,4.3,694.0,-0.6,-3.9,0.059,46962.0,0.7,9.0,0.9,1.2,0.017,4.27,-4.16,0.76,6.9,5.3,0.0253,23,64,-6,9,107.2,57,2,59,0.1,0.007167,999999.99,99999.99,99999.99,99999.99,99999.99,99999.99,0,2003-03-19 19:00:00
2003,78,20,2315,51,52,60,37,6.2,5.0,-0.8,168.5,-4.9,1.0,-0.1,0.9,0.4,1.1,3.5,1.5,2.0,2.4,517226.0,4.1,680.0,1.4,-3.1,0.062,43325.0,0.3,12.0,1.1,1.2,0.008,3.95,-0.27,2.86,11.1,6.0,0.0096,23,64,-9,9,107.2,90,-36,54,0.6,0.007167,999999.99,99999.99,99999.99,99999.99,99999.99,99999.99,0,2003-03-19 20:00:00
2003,78,21,2315,51,52,61,39,8.3,6.7,81.0,254.8,-0.3,-1.0,6.7,-4.5,5.1,0.3,4.5,3.6,2.5,1.1,415637.0,4.0,712.0,1.4,-5.5,0.05,63380.0,0.4,26.0,1.7,1.1,0.01,4.06,-3.63,1.31,8.6,5.9,0.0162,20,64,-13,7,107.2,172,-108,65,0.4,0.007167,999999.99,99999.99,99999.99,99999.99,99999.99,99999.99,0,2003-03-19 21:00:00
2003,78,22,2315,51,52,60,35,8.9,8.1,50.6,56.4,2.9,4.3,6.3,0.1,7.6,0.4,3.3,1.8,2.4,1.2,368691.0,3.6,712.0,0.6,-5.5,0.043,59819.0,0.6,16.0,1.2,0.8,0.006,3.57,-5.41,0.94,7.6,5.6,0.0206,20,64,-13,7,107.2,96,-48,48,-0.4,0.007167,999999.99,99999.99,99999.99,99999.99,99999.99,99999.99,0,2003-03-19 22:00:00
2003,78,23,2315,51,52,56,36,9.8,9.3,43.2,19.2,6.4,2.2,6.4,-1.7,6.5,0.3,2.9,1.1,2.6,0.5,323642.0,2.6,687.0,1.1,-4.3,0.031,32698.0,0.2,18.0,1.6,1.1,0.006,2.3,-4.47,0.51,5.7,4.7,0.0372,20,64,-15,7,107.2,48,-22,27,-0.7,0.007167,999999.99,99999.99,99999.99,99999.99,99999.99,99999.99,0,2003-03-19 23:00:00
2003,79,0,2315,51,52,60,36,9.8,9.3,38.9,71.1,2.3,6.9,5.9,2.6,8.7,0.3,2.8,2.2,0.9,1.6,298321.0,2.6,620.0,-1.7,-2.9,0.031,28667.0,0.3,15.0,0.7,1.4,0.003,1.88,-5.39,0.48,5.1,4.3,0.0457,10,48,-16,4,96.6,32,-10,21,-1.0,0.00698,999999.99,99999.99,99999.99,99999.99,99999.99,99999.99,0,2003-03-20 00:00:00
2003,79,1,2315,51,52,58,36,9.3,9.1,32.4,91.9,-0.3,7.7,4.9,4.0,8.2,0.3,2.1,1.8,0.6,0.9,325693.0,2.3,626.0,-2.0,-3.1,0.04,22398.0,0.4,14.0,0.8,0.8,0.01,1.75,-5.13,0.5,5.1,4.3,0.0457,10,48,-10,4,96.6,34,-12,22,-0.7,0.00698,999999.99,99999.99,99999.99,99999.99,99999.99,99999.99,0,2003-03-20 01:00:00
2003,79,2,2315,51,52,61,35,9.9,9.6,26.6,88.9,0.2,8.6,4.3,5.4,8.0,0.3,2.5,1.9,0.8,1.5,229099.0,2.2,637.0,-1.8,-4.2,0.034,29053.0,0.3,13.0,0.9,0.8,0.007,1.69,-5.1,0.33,4.8,4.2,0.0522,10,48,-8,4,96.6,29,-7,22,-0.3,0.00698,999999.99,99999.99,99999.99,99999.99,99999.99,99999.99,0,2003-03-20 02:00:00
2003,79,3,2315,51,52,61,38,10.2,9.1,26.2,104.0,-2.0,7.9,4.0,5.2,7.2,0.3,4.5,2.9,1.1,3.2,173214.0,2.3,634.0,-2.8,-3.0,0.029,39654.0,0.4,12.0,1.0,1.4,0.009,1.72,-4.56,0.28,4.7,4.2,0.0535,27,48,-8,12,96.6,32,-6,26,-0.2,0.00698,999999.99,99999.99,99999.99,99999.99,99999.99,99999.99,0,2003-03-20 03:00:00
2003,79,4,2315,51,52,63,39,10.2,10.1,25.6,85.1,0.8,9.1,4.4,6.4,7.8,0.3,1.1,0.8,0.4,0.7,124866.0,1.9,680.0,-3.2,-4.0,0.032,20532.0,0.1,17.0,0.4,0.5,0.005,1.65,-5.3,0.19,4.6,4.3,0.0563,27,48,-6,12,96.6,47,-7,40,-0.2,0.00698,999999.99,99999.99,99999.99,99999.99,99999.99,99999.99,0,2003-03-20 04:00:00
2003,79,5,2315,51,52,64,40,13.2,11.9,14.6,85.2,1.0,11.5,3.0,9.6,7.1,2.0,5.6,3.8,2.0,3.5,312094.0,3.1,769.0,-1.7,-0.9,0.054,130583.0,0.7,40.0,1.0,2.5,0.028,3.72,-5.46,0.33,5.1,4.5,0.0452,27,48,4,12,96.6,178,-100,78,0.9,0.00698,999999.99,99999.99,99999.99,99999.99,99999.99,99999.99,0,2003-03-20 05:00:00
2003,79,6,2315,51,52,58,34,9.4,6.9,0.3,143.4,-5.6,4.1,0.0,3.9,1.3,0.8,6.0,3.5,3.5,3.5,501702.0,3.7,741.0,1.8,0.0,0.08,95898.0,0.8,28.0,2.1,2.2,0.037,4.48,-0.96,1.1,7.6,5.4,0.0207,33,48,-7,18,96.6,354,-238,116,2.0,0.00698,999999.99,99999.99,99999.99,99999.99,99999.99,99999.99,0,2003-03-20 06:00:00
2003,79,7,2315,51,52,64,40,8.8,5.5,12.8,123.2,-2.9,4.5,1.2,4.0,2.5,0.8,6.5,3.9,4.0,3.3,587136.0,4.0,792.0,1.5,-1.2,0.056,131114.0,0.5,32.0,2.4,1.9,0.018,5.13,-1.98,1.54,9.0,5.9,0.0147,33,48,-12,18,96.6,432,-246,185,2.0,0.00698,999999.99,99999.99,99999.99,99999.99,99999.99,99999.99,0,2003-03-20 07:00:00
2003,79,8,2315,51,52,61,37,9.0,6.1,18.9,92.8,-0.3,5.8,2.0,5.1,3.4,0.6,6.1,2.7,3.1,4.5,607384.0,4.0,818.0,-0.0,-1.5,0.047,63156.0,0.4,24.0,1.8,2.8,0.013,5.31,-2.78,1.51,9.1,6.0,0.0144,33,48,-15,18,96.6,416,-216,200,2.3,0.00698,999999.99,99999.99,99999.99,99999.99,99999.99,99999.99,0,2003-03-20 08:00:00
2003,79,9,2315,51,52,55,35,9.7,8.5,-3.9,179.2,-8.5,0.1,-0.6,0.2,-0.6,0.7,4.4,2.4,2.4,2.8,556697.0,3.7,749.0,2.9,-1.0,0.056,43448.0,0.2,25.0,1.9,1.9,0.009,4.24,0.45,1.12,7.4,5.3,0.0216,37,48,-20,22,96.6,245,-118,128,0.1,0.00698,999999.99,99999.99,99999.99,99999.99,99999.99,99999.99,0,2003-03-20 09:00:00
2003,79,10,2315,51,52,60,37,10.6,9.7,-12.4,170.4,-9.3,1.6,-2.1,2.0,-1.7,0.3,4.0,1.9,3.0,1.9,517343.0,3.6,729.0,2.2,-1.9,0.046,115611.0,0.5,17.0,2.3,1.5,0.01,3.78,1.24,0.86,6.5,4.9,0.0279,37,48,-15,22,96.6,720,-541,179,1.8,0.00698,999999.99,99999.99,99999.99,99999.99,99999.99,99999.99,0,2003-03-20 10:00:00
2003,79,11,2315,51,52,62,39,11.0,10.3,-10.2,218.3,-8.0,-6.3,-1.8,-5.7,-3.2,0.4,3.5,2.0,2.0,2.1,437373.0,3.4,758.0,7.6,-5.6,0.044,35585.0,0.3,22.0,1.1,1.6,0.006,3.84,2.43,0.66,6.4,5.1,0.0295,37,48,-18,22,96.6,975,-821,153,5.3,0.00698,999999.99,99999.99,99999.99,99999.99,99999.99,99999.99,0,2003-03-20 11:00:00
2003,79,12,2315,51,52,57,34,11.7,11.4,9.3,242.7,-5.2,-10.0,1.8,-10.1,-0.7,0.5,2.7,1.0,0.8,2.4,437670.0,3.5,753.0,8.7,-5.9,0.041,62400.0,0.4,18.0,1.5,1.8,0.007,3.86,0.53,0.6,6.0,4.9,0.0328,43,48,-24,32,96.6,628,-416,212,5.8,0.00698,999999.99,99999.99,99999.99,99999.99,99999.99,99999.99,0,2003-03-20 12:00:00
2003,79,13,2315,51,52,56,35,11.7,9.3,-11.0,229.6,-5.9,-7.0,-1.8,-6.3,-3.6,1.0,6.9,3.9,4.9,2.9,372369.0,2.8,714.0,7.8,-2.2,0.036,171539.0,0.6,32.0,2.0,2.1,0.01,2.73,2.57,0.43,5.1,4.4,0.0456,43,48,-32,32,96.6,578,-394,185,3.9,0.00698,999999.99,99999.99,99999.99,99999.99,99999.99,99999.99,0,2003-03-20 13:00:00
2003,79,14,2315,51,52,60,37,11.9,11.8,-8.5,215.8,-9.5,-6.8,-1.8,-6.0,-3.7,0.2,1.4,0.7,0.7,1.0,275469.0,2.0,666.0,7.3,-3.5,0.03,23712.0,0.4,9.0,0.9,1.4,0.002,1.66,2.46,0.24,4.0,3.6,0.0759,43,48,-37,32,96.6,791,-521,270,5.3,0.00698,999999.99,99999.99,99999.99,99999.99,99999.99,99999.99,0,2003-03-20 14:00:00
2003,79,15,2315,51,52,61,37,12.0,11.9,-18.2,203.5,-10.3,-4.5,-3.7,-3.0,-5.0,0.2,1.3,0.3,1.0,0.7,270027.0,1.4,652.0,4.1,-2.3,0.045,25459.0,0.1,16.0,0.9,1.4,0.008,1.17,3.26,0.16,3.2,3.0,0.1151,47,48,-43,39,96.6,790,-556,233,3.6,0.00698,999999.99,99999.99,99999.99,99999.99,99999.99,99999.99,0,2003-03-20 15:00:00
2003,79,16,2315,51,52,59,37,11.8,11.8,-34.4,195.2,-9.4,-2.5,-6.6,0.2,-7.1,0.2,1.3,0.5,0.6,1.0,215506.0,1.2,656.0,1.3,-0.5,0.047,54627.0,0.3,7.0,1.5,0.5,0.003,1.02,4.66,0.12,3.0,2.9,0.1283,47,48,-49,39,96.6,939,-673,267,3.4,0.00698,999999.99,99999.99,99999.99,99999.99,99999.99,99999.99,0,2003-03-20 16:00:00
2003,79,17,2315,51,52,61,37,11.4,11.3,-36.0,179.9,-9.2,0.0,-6.7,2.8,-6.1,0.4,1.2,0.4,1.1,0.4,251985.0,1.3,643.0,-0.9,0.0,0.04,51629.0,0.3,11.0,1.3,0.9,0.004,1.04,3.92,0.16,3.2,3.0,0.115,47,48,-46,39,96.6,1168,-827,341,4.5,0.00698,999999.99,99999.99,99999.99,99999.99,99999.99,99999.99,0,2003-03-20 17:00:00
2003,79,18,2315,51,52,12,35,11.2,11.2,-38.2,197.6,-8.4,-2.7,-6.9,0.8,-7.4,0.1,0.4,0.2,0.2,0.2,144415.0,1.9,648.0,1.9,0.6,0.052,21980.0,0.2,13.0,1.5,0.7,0.007,1.61,4.8,0.17,4.0,3.7,0.0748,43,48,-55,32,96.6,1051,-840,211,4.1,0.00698,999999.99,99999.99,99999.99,99999.99,99999.99,99999.99,0,2003-03-20 18:00:00
2003,79,19,2315,71,52,15,39,10.6,10.2,-28.5,168.4,-8.8,1.8,-4.9,4.0,-3.3,0.3,2.5,0.7,2.3,0.9,179364.0,2.0,650.0,-1.4,-2.0,0.054,27174.0,0.3,12.0,1.1,1.1,0.011,1.72,2.15,0.23,4.3,4.0,0.0633,43,48,-64,32,96.6,1115,-787,329,5.1,0.00698,999999.99,99999.99,99999.99,99999.99,99999.99,99999.99,0,2003-03-20 19:00:00
2003,79,20,2315,71,52,15,36,10.6,10.2,-34.0,160.1,-8.0,2.9,-5.7,5.5,-3.3,0.2,2.5,0.5,2.0,1.5,139024.0,1.8,670.0,-3.1,-2.7,0.082,64997.0,0.3,12.0,1.6,0.8,0.036,1.79,2.21,0.18,4.2,3.9,0.0662,43,48,-63,32,96.6,743,-484,259,4.8,0.00698,999999.99,99999.99,99999.99,99999.99,99999.99,99999.99,0,2003-03-20 20:00:00
2003,79,21,2315,71,52,15,35,10.5,10.3,-17.0,144.7,-8.0,5.7,-3.0,6.4,0.6,0.2,1.9,0.4,1.0,1.5,144536.0,2.1,678.0,-2.4,-3.0,0.036,22987.0,0.2,6.0,0.6,0.4,0.011,1.84,-0.41,0.22,4.7,4.3,0.0543,47,48,-58,39,96.6,515,-356,159,3.7,0.00698,999999.99,99999.99,99999.99,99999.99,99999.99,99999.99,0,2003-03-20 21:00:00
2003,79,22,2315,71,52,16,35,9.9,9.4,1.9,137.6,-6.9,6.3,0.3,5.1,3.7,0.2,2.6,0.8,0.8,2.4,189456.0,2.3,679.0,-2.9,-4.6,0.043,36919.0,0.2,13.0,0.7,2.1,0.012,2.08,-2.51,0.31,5.2,4.6,0.044,47,48,-49,39,96.6,491,-370,121,1.5,0.00698,999999.99,99999.99,99999.99,99999.99,99999.99,99999.99,0,2003-03-20 22:00:00
2003,79,23,2315,71,52,14,34,8.9,6.8,-17.6,152.4,-5.8,3.0,-2.1,3.7,-0.1,0.4,5.0,1.4,2.7,3.9,231637.0,2.7,684.0,0.2,-0.2,0.056,39170.0,0.2,14.0,2.6,2.9,0.008,2.58,0.07,0.51,6.3,5.3,0.0298,47,48,-37,39,96.6,537,-367,171,3.8,0.00698,999999.99,99999.99,99999.99,99999.99,99999.99,99999.99,0,2003-03-20 23:00:00
2003,80,0,2315,71,52,16,35,9.1,7.2,-20.8,155.8,-6.2,2.8,-2.6,3.8,-0.7,0.2,4.5,1.2,2.4,3.5,262188.0,2.9,676.0,1.5,-0.5,0.045,50080.0,0.4,25.0,2.7,3.8,0.004,2.61,0.47,0.57,6.3,5.2,0.0297,43,38,-42,32,90.3,518,-363,155,2.3,0.006912,999999.99,99999.99,99999.99,99999.99,99999.99,99999.99,0,2003-03-21 00:00:00
2003,80,1,2315,71,52,15,34,8.6,7.2,-3.0,139.6,-5.5,4.6,-0.4,4.1,2.1,0.1,3.7,1.2,2.3,2.7,284468.0,3.2,699.0,-0.8,-3.4,0.044,39142.0,0.3,19.0,1.3,2.4,0.007,3.07,-1.47,0.74,7.3,5.7,0.0225,43,38,-36,32,90.3,692,-508,184,3.7,0.006912,999999.99,99999.99,99999.99,99999.99,99999.99,99999.99,0,2003-03-21 01:00:00
2003,80,2,2315,71,52,15,36,8.3,7.3,6.7,135.8,-5.2,5.1,0.9,4.0,3.3,0.1,2.4,1.3,1.3,1.5,271366.0,3.0,690.0,-0.4,-1.4,0.04,38500.0,0.3,18.0,1.2,2.6,0.005,2.77,-2.28,0.72,7.2,5.6,0.0229,43,38,-27,32,90.3,200,-68,132,1.1,0.006912,999999.99,99999.99,99999.99,99999.99,99999.99,99999.99,0,2003-03-21 02:00:00
2003,80,3,2315,71,52,15,37,7.5,6.6,10.5,110.8,-2.3,6.1,1.2,4.9,3.9,0.6,2.7,1.8,1.0,1.7,293221.0,3.3,702.0,-0.9,-1.5,0.038,73636.0,0.4,19.0,0.9,1.9,0.007,3.13,-2.74,1.03,8.5,6.2,0.0165,47,38,-23,39,90.3,99,-37,62,0.3,0.006912,999999.99,99999.99,99999.99,99999.99,99999.99,99999.99,0,2003-03-21 03:00:00
2003,80,4,2315,71,52,15,39,6.2,4.1,-58.4,156.8,-2.0,0.8,-3.5,2.2,-2.9,0.4,3.7,1.1,3.0,1.9,312285.0,3.3,720.0,2.4,1.5,0.04,30552.0,0.3,16.0,2.6,1.7,0.005,3.31,2.09,1.57,10.5,6.9,0.0107,47,38,-25,39,90.3,300,-174,127,1.5,0.006912,999999.99,99999.99,99999.99,99999.99,99999.99,99999.99,0,2003-03-21 04:00:00
2003,80,5,2315,71,52,15,37,6.1,5.3,-13.4,87.6,0.2,5.1,-1.2,5.2,0.8,0.2,2.1,1.6,0.7,1.2,338529.0,2.8,716.0,0.7,0.9,0.044,37878.0,0.3,19.0,1.5,1.1,0.006,2.82,-0.57,1.46,9.8,6.5,0.0123,47,38,-33,39,90.3,693,-533,159,3.7,0.006912,999999.99,99999.99,99999.99,99999.99,99999.99,99999.99,0,2003-03-21 05:00:00
2003,80,6,2315,71,52,14,35,5.9,4.2,42.6,140.9,-2.4,2.0,2.9,0.9,3.4,0.1,3.4,1.1,2.3,2.2,299498.0,2.7,702.0,0.9,-3.2,0.038,42845.0,0.3,14.0,1.5,2.3,0.004,2.56,-2.39,1.38,9.8,6.6,0.0124,40,38,-31,27,90.3,232,-134,97,1.5,0.006912,999999.99,99999.99,99999.99,99999.99,99999.99,99999.99,0,2003-03-21 06:00:00
2003,80,7,2315,71,52,15,37,6.2,5.0,-16.4,159.6,-4.5,1.7,-1.4,2.0,-0.8,0.2,3.2,1.1,2.4,1.9,265897.0,2.7,697.0,1.0,1.1,0.031,22112.0,0.2,28.0,2.3,2.2,0.003,2.46,0.56,1.15,9.2,6.5,0.0139,40,38,-30,27,90.3,250,-113,137,1.4,0.006912,999999.99,99999.99,99999.99,99999.99,99999.99,99999.99,0,2003-03-21 07:00:00
2003,80,8,2315,71,52,15,35,6.6,5.0,1.0,126.3,-3.0,4.0,0.1,3.8,1.1,0.2,3.8,2.3,1.9,2.3,216003.0,2.7,687.0,-1.9,-0.6,0.031,40749.0,0.2,26.0,1.5,1.8,0.003,2.39,-0.76,0.89,8.6,6.4,0.0163,40,38,-30,27,90.3,409,-266,143,2.0,0.006912,999999.99,99999.99,99999.99,99999.99,99999.99,99999.99,0,2003-03-21 08:00:00
2003,80,9,2315,51,52,59,37,6.8,5.7,-41.1,193.7,-4.1,-1.0,-3.7,-0.1,-3.8,0.2,3.5,0.9,3.1,1.4,213505.0,3.0,684.0,1.6,1.9,0.041,25868.0,0.3,15.0,3.0,1.3,0.004,2.73,2.6,0.92,8.7,6.5,0.0157,50,38,-30,48,90.3,517,-355,163,3.3,0.006912,999999.99,99999.99,99999.99,99999.99,99999.99,99999.99,0,2003-03-21 09:00:00
2003,80,10,2315,51,52,58,35,7.3,6.3,-42.0,194.9,-4.6,-1.2,-4.2,-0.2,-4.4,0.1,3.2,1.2,2.8,1.1,204447.0,3.1,681.0,2.0,2.4,0.037,29206.0,0.4,18.0,2.4,1.1,0.007,2.76,3.0,0.81,8.2,6.3,0.0176,50,38,-27,48,90.3,893,-752,141,5.3,0.006912,999999.99,99999.99,99999.99,99999.99,99999.99,99999.99,0,2003-03-21 10:00:00
2003,80,11,2315,51,52,62,37,7.3,6.5,-8.6,138.9,-4.9,4.2,-1.0,4.3,0.0,0.2,2.8,1.3,1.9,1.6,224090.0,3.2,674.0,-2.7,-0.2,0.041,28550.0,0.2,17.0,1.8,2.1,0.004,2.83,-0.0,0.88,8.3,6.2,0.0174,50,38,-28,48,90.3,665,-520,144,4.5,0.006912,999999.99,99999.99,99999.99,99999.99,99999.99,99999.99,0,2003-03-21 11:00:00
2003,80,12,2315,51,52,61,36,7.3,5.8,13.8,182.3,-5.6,-0.2,1.4,-0.5,1.3,0.2,4.2,1.2,2.9,2.7,244422.0,3.2,666.0,1.1,-1.7,0.039,46943.0,0.4,17.0,3.0,2.9,0.005,2.74,-0.87,0.93,8.2,6.1,0.0179,33,38,-22,18,90.3,566,-446,120,1.5,0.006912,999999.99,99999.99,99999.99,99999.99,99999.99,99999.99,0,2003-03-21 12:00:00
2003,80,13,2315,51,52,60,36,7.2,6.2,46.8,177.4,-4.2,0.2,4.5,-1.0,4.4,0.2,3.5,1.6,2.5,1.8,231213.0,3.2,678.0,0.5,-3.8,0.041,25245.0,0.3,16.0,2.5,1.3,0.004,2.86,-2.98,0.92,8.4,6.3,0.0168,33,38,-18,18,90.3,533,-405,127,0.6,0.006912,999999.99,99999.99,99999.99,99999.99,99999.99,99999.99,0,2003-03-21 13:00:00
2003,80,14,2315,51,52,58,36,7.1,6.5,55.2,183.5,-3.7,-0.2,5.3,-1.8,5.0,0.2,2.5,1.0,2.2,0.7,231416.0,3.1,687.0,1.0,-4.4,0.043,29849.0,0.2,12.0,1.9,0.6,0.004,2.86,-3.44,0.92,8.5,6.4,0.0164,33,38,-20,18,90.3,144,-69,75,-0.1,0.006912,999999.99,99999.99,99999.99,99999.99,99999.99,99999.99,0,2003-03-21 14:00:00
2003,80,15,2315,51,52,61,38,6.6,5.7,31.7,159.6,-4.5,1.7,3.0,0.6,3.4,0.2,2.9,1.1,2.4,1.2,261950.0,2.9,676.0,0.0,-2.7,0.042,28759.0,0.2,14.0,2.6,1.1,0.004,2.58,-2.3,1.08,8.7,6.3,0.0156,20,38,-21,7,90.3,64,-16,48,-0.4,0.006912,999999.99,99999.99,99999.99,99999.99,99999.99,99999.99,0,2003-03-21 15:00:00
2003,80,16,2315,51,52,60,36,6.4,5.6,43.7,168.5,-3.9,0.8,3.8,-0.7,3.8,0.2,2.9,0.7,2.5,1.3,257130.0,2.9,684.0,0.7,-2.9,0.044,33955.0,0.3,9.0,2.4,1.3,0.008,2.66,-2.6,1.14,9.1,6.5,0.0144,20,38,-20,7,90.3,57,-19,38,0.2,0.006912,999999.99,99999.99,99999.99,99999.99,99999.99,99999.99,0,2003-03-21 16:00:00
2003,80,17,2315,51,52,62,37,5.4,3.6,4.9,134.2,-2.5,2.6,0.3,2.2,1.4,0.4,3.8,1.9,2.0,2.5,301448.0,3.0,699.0,-0.1,-0.1,0.045,33063.0,0.4,20.0,1.5,2.0,0.008,2.89,-0.98,1.84,11.2,7.0,0.0095,20,38,-18,7,90.3,75,-32,43,0.9,0.006912,999999.99,99999.99,99999.99,99999.99,99999.99,99999.99,0,2003-03-21 17:00:00
2003,80,18,2315,51,52,58,36,5.8,2.7,-13.8,120.2,-1.3,2.3,-0.6,2.3,0.5,0.3,5.0,2.8,1.8,3.7,262036.0,3.0,712.0,-0.1,0.3,0.037,40911.0,0.3,26.0,1.4,2.9,0.004,2.92,-0.36,1.45,10.6,7.1,0.0105,37,38,-20,22,90.3,110,-37,73,0.3,0.006912,999999.99,99999.99,99999.99,99999.99,99999.99,99999.99,0,2003-03-21 18:00:00
2003,80,19,2315,51,52,60,36,6.4,6.0,16.3,148.5,-4.9,3.0,1.7,1.7,3.0,0.2,2.0,0.9,1.3,1.2,218654.0,2.7,682.0,-0.6,-1.6,0.035,35454.0,0.3,12.0,1.4,1.4,0.006,2.39,-2.05,0.95,8.8,6.5,0.0155,37,38,-24,22,90.3,350,-260,91,0.9,0.006912,999999.99,99999.99,99999.99,99999.99,99999.99,99999.99,0,2003-03-21 19:00:00
2003,80,20,2315,51,52,62,38,6.4,5.0,3.3,129.4,-3.2,3.8,0.3,3.1,2.3,0.2,3.6,1.9,1.9,2.4,235112.0,2.9,700.0,-1.7,-0.2,0.04,32561.0,0.3,21.0,1.9,2.5,0.005,2.75,-1.61,1.07,9.3,6.7,0.0137,37,38,-18,22,90.3,102,-41,61,0.2,0.006912,999999.99,99999.99,99999.99,99999.99,99999.99,99999.99,0,2003-03-21 20:00:00
2003,80,21,2315,51,52,57,35,6.5,5.2,-11.5,185.7,-5.1,-0.5,-1.0,0.1,-1.1,0.4,3.5,1.3,1.9,2.7,246939.0,2.8,680.0,3.0,0.6,0.041,45826.0,0.3,16.0,1.9,2.9,0.007,2.52,0.75,1.03,8.8,6.4,0.0155,50,38,-16,48,90.3,373,-227,145,2.3,0.006912,999999.99,99999.99,99999.99,99999.99,99999.99,99999.99,0,2003-03-21 21:00:00
2003,80,22,2315,51,52,61,34,6.7,5.4,-13.5,225.9,-3.6,-3.7,-1.3,-2.4,-3.1,0.1,3.7,1.8,1.9,2.6,227382.0,3.0,698.0,4.6,0.6,0.037,30406.0,0.2,27.0,1.5,2.6,0.004,2.8,2.16,0.99,9.0,6.6,0.0146,50,38,-24,48,90.3,684,-509,175,4.7,0.006912,999999.99,99999.99,99999.99,99999.99,99999.99,99999.99,0,2003-03-21 22:00:00
2003,80,23,2315,51,52,58,34,6.6,5.8,-11.8,199.3,-5.4,-1.9,-1.2,-0.9,-2.1,0.1,3.0,0.6,2.8,1.1,198247.0,2.9,671.0,2.7,1.0,0.031,26464.0,0.3,13.0,3.1,1.3,0.002,2.45,1.41,0.9,8.7,6.5,0.0159,50,38,-34,48,90.3,638,-489,150,4.0,0.006912,999999.99,99999.99,99999.99,99999.99,99999.99,99999.99,0,2003-03-21 23:00:00
2003,81,0,2315,51,52,62,38,6.4,5.7,6.4,162.4,-5.4,1.7,0.6,1.1,1.4,0.1,2.7,1.4,1.8,1.5,204232.0,2.4,654.0,-0.4,-0.8,0.032,56948.0,0.4,17.0,2.3,1.7,0.004,1.93,-0.92,0.81,7.9,6.1,0.019,37,13,-36,22,88.3,484,-319,165,2.5,0.006788,999999.99,99999.99,99999.99,99999.99,99999.99,99999.99,0,2003-03-22 00:00:00
2003,81,1,2315,51,52,57,33,6.7,6.4,18.4,116.7,-2.7,5.4,2.0,3.6,4.5,0.1,1.5,1.1,0.7,0.8,190059.0,2.7,671.0,-3.3,-1.1,0.034,22081.0,0.2,16.0,0.5,1.0,0.003,2.31,-3.02,0.8,8.2,6.3,0.0176,37,13,-27,22,88.3,181,-85,95,-0.1,0.006788,999999.99,99999.99,99999.99,99999.99,99999.99,99999.99,0,2003-03-22 01:00:00
2003,81,2,2315,51,52,60,36,6.4,5.6,27.7,143.0,-4.0,3.0,2.6,1.3,3.7,0.2,2.9,1.5,1.4,2.0,207883.0,2.6,654.0,-1.0,-1.8,0.036,47545.0,0.3,21.0,1.5,1.9,0.004,2.12,-2.42,0.89,8.2,6.2,0.0175,37,13,-21,22,88.3,129,-73,57,-0.8,0.006788,999999.99,99999.99,99999.99,99999.99,99999.99,99999.99,0,2003-03-22 02:00:00
2003,81,3,2315,51,52,61,37,6.1,4.5,-16.2,161.3,-4.1,1.4,-1.3,1.8,-0.5,0.2,3.9,1.6,2.5,2.5,243876.0,2.9,656.0,0.9,2.4,0.034,28483.0,0.2,18.0,2.5,2.8,0.003,2.37,0.33,1.21,9.2,6.4,0.0142,37,13,-23,22,88.3,154,-70,83,0.4,0.006788,999999.99,99999.99,99999.99,99999.99,99999.99,99999.99,0,2003-03-22 03:00:00
2003,81,4,2315,51,52,59,37,5.7,4.2,10.3,147.0,-3.4,2.2,0.7,1.7,1.5,0.3,3.7,1.6,1.8,2.8,232218.0,3.1,658.0,0.1,0.5,0.045,34037.0,0.2,14.0,1.7,2.4,0.007,2.64,-0.99,1.43,10.2,6.8,0.0115,37,13,-31,22,88.3,562,-394,167,2.3,0.006788,999999.99,99999.99,99999.99,99999.99,99999.99,99999.99,0,2003-03-22 04:00:00
2003,81,5,2315,51,52,62,37,5.9,5.1,38.2,140.0,-3.1,2.6,3.2,1.2,3.9,0.1,2.8,1.6,1.1,2.0,197483.0,3.2,654.0,-0.6,-1.9,0.056,18140.0,0.3,16.0,1.1,1.8,0.006,2.8,-2.55,1.25,9.9,6.9,0.0121,37,13,-36,22,88.3,527,-422,105,3.0,0.006788,999999.99,99999.99,99999.99,99999.99,99999.99,99999.99,0,2003-03-22 05:00:00
2003,81,6,2315,51,52,58,33,6.0,4.7,3.6,180.8,-4.6,-0.1,0.3,-0.2,0.3,0.2,3.5,1.0,2.3,2.4,205886.0,3.2,641.0,1.7,0.9,0.06,36075.0,0.3,11.0,2.3,2.4,0.008,2.72,-0.19,1.24,9.6,6.6,0.013,40,13,-36,27,88.3,447,-288,159,1.8,0.006788,999999.99,99999.99,99999.99,99999.99,99999.99,99999.99,0,2003-03-22 06:00:00
2003,81,7,2315,51,52,60,37,5.9,4.4,5.8,147.3,-3.7,2.4,0.4,2.2,1.1,0.1,3.8,1.4,1.7,3.1,196135.0,3.4,647.0,-0.2,0.5,0.052,33896.0,0.3,15.0,1.6,2.9,0.006,2.87,-0.71,1.32,10.1,6.9,0.0116,40,13,-28,27,88.3,211,-84,127,0.8,0.006788,999999.99,99999.99,99999.99,99999.99,99999.99,99999.99,0,2003-03-22 07:00:00
2003,81,8,2315,51,52,62,39,6.0,4.6,14.9,187.9,-4.4,-0.6,1.2,-0.9,1.0,0.1,3.5,1.2,2.3,2.4,189591.0,3.6,637.0,2.5,-0.3,0.049,26596.0,0.3,14.0,2.5,2.8,0.005,2.92,-0.64,1.32,10.1,6.9,0.0117,40,13,-31,27,88.3,155,-52,104,-0.1,0.006788,999999.99,99999.99,99999.99,99999.99,99999.99,99999.99,0,2003-03-22 08:00:00
2003,81,9,2315,51,52,58,36,6.2,5.5,55.3,201.1,-2.9,-1.1,4.5,-2.1,4.1,0.1,2.4,1.6,1.2,1.4,177550.0,3.5,645.0,3.1,-3.1,0.048,27128.0,0.4,16.0,1.4,1.3,0.006,2.9,-2.64,1.16,9.7,6.9,0.0126,30,13,-27,15,88.3,242,-133,109,0.3,0.006788,999999.99,99999.99,99999.99,99999.99,99999.99,99999.99,0,2003-03-22 09:00:00
2003,81,10,2315,51,52,60,37,6.2,4.8,51.2,173.6,-3.0,0.3,3.8,-0.6,3.8,0.1,3.5,1.1,2.5,2.2,156256.0,3.5,641.0,1.6,-2.5,0.046,18144.0,0.3,15.0,2.4,2.0,0.006,2.84,-2.44,1.08,9.7,7.0,0.0127,30,13,-29,15,88.3,404,-332,72,0.2,0.006788,999999.99,99999.99,99999.99,99999.99,99999.99,99999.99,0,2003-03-22 10:00:00
2003,81,11,2315,51,52,59,33,6.2,4.6,29.4,142.5,-3.2,2.4,2.3,1.8,2.8,0.1,3.8,1.7,2.8,1.8,151725.0,3.2,632.0,-0.1,-1.7,0.048,19410.0,0.4,20.0,2.7,1.7,0.007,2.54,-1.77,0.97,9.1,6.7,0.0143,30,13,-23,15,88.3,205,-160,46,0.4,0.006788,999999.99,99999.99,99999.99,99999.99,99999.99,99999.99,0,2003-03-22 11:00:00
2003,81,12,2315,51,52,61,34,6.1,5.5,9.4,127.1,-3.2,4.3,0.9,4.0,1.9,0.2,2.4,1.2,1.3,1.6,160542.0,3.3,627.0,-1.7,-0.4,0.046,19381.0,0.3,14.0,1.5,1.9,0.004,2.57,-1.19,1.07,9.3,6.7,0.0136,20,13,-18,7,88.3,285,-250,36,0.9,0.006788,999999.99,99999.99,99999.99,99999.99,99999.99,99999.99,0,2003-03-22 12:00:00
2003,81,13,2315,51,52,59,33,6.2,4.7,-3.0,128.7,-2.9,3.7,-0.2,3.6,0.8,0.2,3.7,2.4,2.3,1.7,166695.0,3.1,626.0,-1.2,0.6,0.046,19025.0,0.4,23.0,2.6,1.8,0.008,2.4,-0.5,0.99,8.9,6.5,0.0151,20,13,-15,7,88.3,264,-226,38,0.9,0.006788,999999.99,99999.99,99999.99,99999.99,99999.99,99999.99,0,2003-03-22 13:00:00
2003,81,14,2315,51,52,59,36,6.5,5.1,12.0,122.1,-2.7,4.2,1.1,3.7,2.3,0.1,3.7,2.1,1.9,2.4,154210.0,3.2,629.0,-1.8,-0.5,0.043,15870.0,0.3,23.0,2.0,2.6,0.004,2.48,-1.45,0.89,8.7,6.5,0.0159,20,13,-15,7,88.3,133,-105,28,0.2,0.006788,999999.99,99999.99,99999.99,99999.99,99999.99,99999.99,0,2003-03-22 14:00:00
2003,81,15,2315,51,52,59,32,6.5,5.2,12.9,129.9,-3.3,3.9,1.2,3.3,2.4,0.2,3.7,1.9,1.4,2.8,137288.0,3.1,614.0,-2.0,-0.7,0.04,20638.0,0.3,26.0,1.0,2.7,0.004,2.26,-1.47,0.81,8.3,6.4,0.0172,13,13,-13,5,88.3,66,-18,49,-0.4,0.006788,999999.99,99999.99,99999.99,99999.99,99999.99,99999.99,0,2003-03-22 15:00:00
2003,81,16,2315,51,52,61,32,6.8,5.9,13.4,133.3,-4.0,4.2,1.4,3.4,2.9,0.1,2.8,1.5,1.3,2.0,125626.0,2.9,600.0,-1.6,-1.5,0.035,18004.0,0.2,19.0,1.7,2.4,0.004,1.99,-1.74,0.66,7.5,6.0,0.0211,13,13,-12,5,88.3,56,-20,36,-0.5,0.006788,999999.99,99999.99,99999.99,99999.99,99999.99,99999.99,0,2003-03-22 16:00:00
2003,81,17,2315,51,52,60,36,6.9,6.6,18.9,123.5,-3.4,5.2,2.1,3.8,4.1,0.1,1.7,0.8,0.8,1.3,127525.0,3.0,606.0,-2.9,-1.7,0.034,15716.0,0.2,11.0,1.3,1.6,0.002,2.09,-2.48,0.67,7.6,6.1,0.0206,13,13,-11,5,88.3,53,-10,43,-0.8,0.006788,999999.99,99999.99,99999.99,99999.99,99999.99,99999.99,0,2003-03-22 17:00:00
2003,81,18,2315,51,52,60,35,6.7,5.7,0.8,161.6,-5.4,1.8,0.1,1.5,0.9,0.1,3.4,1.1,2.2,2.4,162264.0,2.9,585.0,0.7,0.6,0.038,26158.0,0.3,17.0,2.6,3.5,0.003,1.91,-0.53,0.78,7.4,5.7,0.0215,23,13,-14,9,88.3,61,-20,41,0.9,0.006788,999999.99,99999.99,99999.99,99999.99,99999.99,99999.99,0,2003-03-22 18:00:00
2003,81,19,2315,51,52,56,27,6.7,4.3,-3.0,151.7,-3.8,2.1,-0.2,1.9,0.9,0.1,4.6,1.3,3.1,3.2,152735.0,3.0,603.0,0.6,0.6,0.04,29113.0,0.3,16.0,3.8,4.0,0.005,2.11,-0.54,0.78,7.8,6.0,0.0196,23,13,-16,9,88.3,56,-13,44,0.6,0.006788,999999.99,99999.99,99999.99,99999.99,99999.99,99999.99,0,2003-03-22 19:00:00
2003,81,20,2315,51,52,60,35,6.4,5.2,-8.0,142.7,-4.1,3.1,-0.7,3.0,1.0,0.2,3.4,1.3,2.1,2.4,181408.0,3.0,601.0,-1.0,1.0,0.049,28821.0,0.4,18.0,2.4,2.8,0.009,2.16,-0.6,0.94,8.1,6.0,0.018,23,13,-14,9,88.3,77,-24,53,0.6,0.006788,999999.99,99999.99,99999.99,99999.99,99999.99,99999.99,0,2003-03-22 20:00:00
2003,81,21,2315,51,52,58,32,6.3,3.5,-17.9,165.7,-3.2,0.8,-1.1,1.3,-0.5,0.3,5.1,2.2,3.2,3.2,173824.0,3.1,611.0,0.5,1.4,0.045,19698.0,0.3,26.0,3.5,3.6,0.005,2.28,0.31,0.98,8.5,6.3,0.0163,37,13,-16,22,88.3,522,-388,134,2.9,0.006788,999999.99,99999.99,99999.99,99999.99,99999.99,99999.99,0,2003-03-22 21:00:00
2003,81,22,2315,51,52,59,35,6.1,5.0,22.7,134.5,-3.2,3.3,1.9,1.7,3.4,0.5,3.4,1.2,2.4,2.0,199670.0,3.3,613.0,-1.7,-1.7,0.049,23497.0,0.2,14.0,2.2,1.9,0.004,2.48,-2.08,1.21,9.1,6.4,0.0143,37,13,-18,22,88.3,272,-188,84,0.6,0.006788,999999.99,99999.99,99999.99,99999.99,99999.99,99999.99,0,2003-03-22 22:00:00
2003,81,23,2315,51,52,58,31,6.7,6.0,4.7,136.6,-4.3,4.1,0.5,3.1,2.7,0.2,2.8,1.0,1.1,2.4,183287.0,3.3,603.0,-2.8,-0.9,0.044,19282.0,0.3,11.0,1.0,2.6,0.004,2.36,-1.63,0.95,8.2,6.1,0.0178,37,13,-19,22,88.3,166,-99,67,0.4,0.006788,999999.99,99999.99,99999.99,99999.99,99999.99,99999.99,0,2003-03-22 23:00:00
2003,82,0,2315,51,52,61,35,6.4,5.6,8.7,179.3,-5.5,0.1,0.8,-0.4,0.7,0.2,3.1,0.9,1.5,2.5,210825.0,2.9,581.0,1.4,-2.8,0.04,28079.0,0.2,12.0,2.1,2.9,0.004,1.9,-0.41,1.0,7.7,5.7,0.0199,37,45,-17,22,92.4,237,-142,95,1.0,0.00689,999999.99,99999.99,99999.99,99999.99,99999.99,99999.99,0,2003-03-23 00:00:00
2003,82,1,2315,51,52,62,38,6.4,4.9,-37.7,172.4,-3.8,0.5,-3.0,2.0,-2.3,0.2,3.9,1.8,2.1,2.7,190495.0,3.0,601.0,1.0,1.7,0.037,31888.0,0.3,22.0,2.1,2.7,0.004,2.08,1.38,0.97,8.1,6.0,0.018,37,45,-18,22,92.4,588,-443,145,2.8,0.00689,999999.99,99999.99,99999.99,99999.99,99999.99,99999.99,0,2003-03-23 01:00:00
2003,82,2,2315,51,52,57,35,6.7,4.9,36.3,99.1,-0.6,3.9,2.9,2.0,4.4,0.3,4.5,2.9,1.3,3.2,173439.0,2.8,631.0,-1.4,-2.1,0.042,27695.0,0.3,21.0,1.1,2.2,0.004,2.17,-2.78,0.78,7.9,6.1,0.0192,37,45,-16,22,92.4,331,-229,102,1.3,0.00689,999999.99,99999.99,99999.99,99999.99,99999.99,99999.99,0,2003-03-23 02:00:00
2003,82,3,2315,51,52,60,35,6.5,5.8,12.4,141.2,-4.4,3.5,1.2,2.6,2.7,0.3,2.7,1.2,0.6,2.4,188211.0,2.8,605.0,-2.4,-2.2,0.044,17947.0,0.2,10.0,0.8,2.3,0.006,2.01,-1.63,0.87,7.8,5.9,0.0196,27,45,-16,12,92.4,146,-57,89,0.1,0.00689,999999.99,99999.99,99999.99,99999.99,99999.99,99999.99,0,2003-03-23 03:00:00
2003,82,4,2315,51,52,62,38,6.2,4.5,7.3,136.5,-3.3,3.1,0.6,2.6,1.8,0.4,4.1,1.9,1.1,3.5,150966.0,3.1,617.0,-1.6,-0.8,0.039,21909.0,0.3,22.0,1.3,3.2,0.009,2.28,-1.11,0.94,8.8,6.5,0.0155,27,45,-17,12,92.4,114,-60,53,-0.2,0.00689,999999.99,99999.99,99999.99,99999.99,99999.99,99999.99,0,2003-03-23 04:00:00
2003,82,5,2315,51,52,62,38,5.9,3.3,-17.2,149.7,-2.7,1.6,-1.0,1.9,-0.3,0.2,4.7,1.5,2.3,3.8,179424.0,3.4,628.0,0.3,0.7,0.047,16036.0,0.2,18.0,2.2,3.3,0.006,2.66,0.19,1.25,9.8,6.8,0.0124,27,45,-15,12,92.4,227,-140,87,0.4,0.00689,999999.99,99999.99,99999.99,99999.99,99999.99,99999.99,0,2003-03-23 05:00:00
2003,82,6,2315,51,52,58,35,6.0,4.1,-3.4,187.3,-4.0,-0.5,-0.2,-0.4,-0.4,0.3,4.1,1.3,1.9,3.4,179333.0,3.3,619.0,2.1,-0.3,0.045,25313.0,0.3,15.0,2.1,3.3,0.005,2.49,0.25,1.17,9.4,6.6,0.0135,37,45,-15,22,92.4,358,-245,113,1.4,0.00689,999999.99,99999.99,99999.99,99999.99,99999.99,99999.99,0,2003-03-23 06:00:00
2003,82,7,2315,51,52,63,36,6.5,4.9,31.0,75.9,1.0,4.1,2.5,3.2,3.6,0.3,4.0,1.8,2.0,2.9,174161.0,3.5,663.0,-2.0,-2.4,0.04,25414.0,0.2,18.0,1.3,2.6,0.005,2.98,-2.39,1.04,9.5,6.9,0.0131,37,45,-17,22,92.4,638,-512,125,2.8,0.00689,999999.99,99999.99,99999.99,99999.99,99999.99,99999.99,0,2003-03-23 07:00:00
2003,82,8,2315,51,52,56,34,6.4,4.7,-25.2,125.4,-2.4,3.4,-2.0,3.8,-1.0,0.3,4.2,2.1,1.8,3.2,160438.0,3.3,626.0,-1.2,1.7,0.041,19056.0,0.3,20.0,1.8,3.0,0.005,2.51,0.63,0.97,8.9,6.6,0.0151,37,45,-13,22,92.4,318,-224,94,2.2,0.00689,999999.99,99999.99,99999.99,99999.99,99999.99,99999.99,0,2003-03-23 08:00:00
2003,82,9,2315,51,52,60,38,6.5,5.2,-20.3,193.5,-4.8,-1.1,-1.8,-0.6,-2.0,0.2,3.5,1.0,2.3,2.4,169928.0,3.3,605.0,2.8,1.7,0.039,27437.0,0.4,12.0,2.2,2.7,0.004,2.33,1.21,0.97,8.5,6.2,0.0166,50,45,-17,48,92.4,495,-413,82,2.6,0.00689,999999.99,99999.99,99999.99,99999.99,99999.99,99999.99,0,2003-03-23 09:00:00
2003,82,10,2315,51,52,61,35,6.6,4.9,-20.0,180.1,-4.6,0.0,-1.7,0.4,-1.7,1.0,4.4,1.8,3.3,2.2,175445.0,3.5,605.0,1.5,1.5,0.037,38462.0,0.3,17.0,3.1,1.8,0.005,2.46,1.03,1.02,8.6,6.3,0.0162,50,45,-18,48,92.4,761,-671,90,5.4,0.00689,999999.99,99999.99,99999.99,99999.99,99999.99,99999.99,0,2003-03-23 10:00:00
2003,82,11,2315,51,52,62,35,6.2,5.0,5.1,136.7,-3.6,3.4,0.4,3.2,1.2,0.3,3.3,2.3,1.7,1.6,183865.0,3.1,607.0,-1.6,-0.4,0.04,25237.0,0.3,24.0,1.8,1.9,0.005,2.21,-0.73,1.05,8.6,6.2,0.016,50,45,-23,48,92.4,391,-256,134,2.3,0.00689,999999.99,99999.99,99999.99,99999.99,99999.99,99999.99,0,2003-03-23 11:00:00
2003,82,12,2315,51,52,56,33,6.2,3.4,33.1,121.6,-1.5,2.4,1.9,1.9,2.4,0.3,5.0,1.9,2.1,4.1,145290.0,2.8,624.0,-0.6,-1.4,0.035,37116.0,0.4,23.0,1.9,3.9,0.007,2.08,-1.5,0.83,8.4,6.4,0.0168,30,45,-17,15,92.4,96,-21,75,-0.4,0.00689,999999.99,99999.99,99999.99,99999.99,99999.99,99999.99,0,2003-03-23 12:00:00
2003,82,13,2315,51,52,61,37,6.5,6.1,-15.9,137.7,-4.3,4.0,-1.7,4.3,-0.6,0.1,2.1,0.7,0.6,1.8,121072.0,2.6,590.0,-2.7,1.1,0.032,11701.0,0.2,10.0,0.9,2.0,0.005,1.7,0.35,0.64,7.3,5.9,0.0222,30,45,-18,15,92.4,163,-91,73,1.1,0.00689,999999.99,99999.99,99999.99,99999.99,99999.99,99999.99,0,2003-03-23 13:00:00
2003,82,14,2315,51,52,62,35,6.3,3.4,17.8,104.4,-0.8,3.1,1.0,2.7,1.9,0.2,5.0,1.6,2.7,3.9,132990.0,3.2,622.0,-1.0,-1.3,0.052,17490.0,0.3,18.0,2.7,3.8,0.006,2.5,-1.18,0.88,8.8,6.7,0.0153,30,45,-23,15,92.4,311,-277,35,0.6,0.00689,999999.99,99999.99,99999.99,99999.99,99999.99,99999.99,0,2003-03-23 14:00:00
2003,82,15,2315,51,52,57,35,6.2,4.8,40.1,118.4,-1.7,3.2,3.1,2.0,4.0,0.2,3.8,2.0,2.3,2.2,147539.0,3.3,612.0,-1.3,-3.8,0.058,23181.0,0.3,20.0,2.0,2.0,0.007,2.54,-2.45,0.99,9.0,6.6,0.0148,30,45,-23,15,92.4,229,-204,25,-0.3,0.00689,999999.99,99999.99,99999.99,99999.99,99999.99,99999.99,0,2003-03-23 15:00:00
2003,82,16,2315,51,52,59,34,6.5,5.7,4.0,135.7,-4.0,3.9,0.4,3.5,1.9,0.3,3.0,1.4,1.0,2.5,159631.0,3.4,589.0,-2.1,-0.9,0.056,14960.0,0.2,14.0,1.0,2.6,0.005,2.41,-1.12,0.96,8.4,6.2,0.017,30,45,-20,15,92.4,107,-62,45,0.2,0.00689,999999.99,99999.99,99999.99,99999.99,99999.99,99999.99,0,2003-03-23 16:00:00
2003,82,17,2315,51,52,61,38,6.4,5.9,-39.9,136.2,-3.3,3.1,-3.8,4.4,-2.1,0.1,2.3,1.6,1.5,0.9,130079.0,3.1,590.0,-1.4,3.3,0.051,12685.0,0.2,16.0,1.4,1.1,0.005,2.17,1.24,0.81,8.1,6.2,0.0181,30,45,-20,15,92.4,316,-196,120,1.5,0.00689,999999.99,99999.99,99999.99,99999.99,99999.99,99999.99,0,2003-03-23 17:00:00
2003,82,18,2315,51,52,59,34,5.5,3.8,-20.4,154.3,-3.2,1.5,-1.3,1.9,-0.5,0.5,3.8,1.3,2.3,2.7,159147.0,3.3,590.0,0.1,1.2,0.055,37381.0,0.3,13.0,2.3,2.4,0.007,2.34,0.29,1.3,9.7,6.7,0.0125,40,45,-22,27,92.4,592,-439,153,3.7,0.00689,999999.99,99999.99,99999.99,99999.99,99999.99,99999.99,0,2003-03-23 18:00:00
2003,82,19,2315,51,52,61,36,6.1,5.6,-20.4,135.4,-3.7,3.7,-1.9,4.2,0.2,0.1,2.2,0.8,1.1,1.7,122896.0,3.5,590.0,-1.4,2.1,0.048,11720.0,0.3,9.0,1.0,1.7,0.006,2.43,-0.12,0.98,9.0,6.7,0.0145,40,45,-24,27,92.4,356,-262,94,2.7,0.00689,999999.99,99999.99,99999.99,99999.99,99999.99,99999.99,0,2003-03-23 19:00:00
2003,82,20,2315,51,52,58,36,6.0,5.5,-21.4,140.9,-3.9,3.2,-2.0,3.8,0.0,0.1,2.2,0.7,1.7,1.2,130752.0,3.4,592.0,-1.1,2.0,0.057,13478.0,0.2,6.0,1.9,1.2,0.012,2.44,-0.0,1.02,9.1,6.6,0.0144,40,45,-22,27,92.4,142,-75,67,1.4,0.00689,999999.99,99999.99,99999.99,99999.99,99999.99,99999.99,0,2003-03-23 20:00:00
2003,82,21,2315,51,52,63,39,5.8,4.0,8.7,147.5,-3.3,2.1,0.6,1.4,1.6,0.2,4.1,2.0,1.9,3.0,162005.0,3.5,603.0,0.2,-0.4,0.065,17984.0,0.4,18.0,1.6,2.2,0.01,2.68,-0.96,1.26,9.7,6.7,0.0126,30,45,-19,15,92.4,122,-58,64,1.0,0.00689,999999.99,99999.99,99999.99,99999.99,99999.99,99999.99,0,2003-03-23 21:00:00
2003,82,22,2315,51,52,61,35,4.5,2.2,50.9,146.1,-1.1,0.8,1.7,-0.3,1.9,1.0,3.8,1.3,2.7,2.4,214344.0,4.2,637.0,1.9,-0.0,0.048,30794.0,0.3,8.0,1.2,1.5,0.006,3.39,-1.21,2.96,14.5,7.7,0.0057,30,45,-17,15,92.4,417,-333,84,1.6,0.00689,999999.99,99999.99,99999.99,99999.99,99999.99,99999.99,0,2003-03-23 22:00:00
2003,82,23,2315,51,52,60,38,3.9,2.7,-20.9,149.1,-2.1,1.3,-0.9,1.6,0.0,0.5,2.7,1.0,1.7,1.8,237053.0,4.1,642.0,2.4,1.2,0.054,15601.0,0.2,4.0,0.7,0.8,0.004,3.43,-0.0,4.1,16.7,7.8,0.0043,30,45,-20,15,92.4,440,-361,79,2.4,0.00689,999999.99,99999.99,99999.99,99999.99,99999.99,99999.99,0,2003-03-23 23:00:00
2003,83,0,2315,51,52,60,35,3.5,2.4,-25.9,121.2,-1.1,1.9,-1.1,2.2,0.1,0.9,2.6,0.7,1.4,2.0,234988.0,4.1,651.0,2.2,1.9,0.047,17687.0,0.2,4.0,0.8,0.9,0.005,3.45,-0.07,5.06,18.8,8.1,0.0034,27,54,-15,12,97.3,157,-96,61,1.3,0.006977,999999.99,99999.99,99999.99,99999.99,99999.99,99999.99,0,2003-03-24 00:00:00
2003,83,1,2315,51,52,61,38,3.6,2.2,-6.9,139.5,-1.7,1.4,-0.3,1.4,0.5,0.7,2.9,1.4,1.9,1.7,214595.0,3.4,645.0,2.5,2.4,0.051,20921.0,0.2,6.0,0.7,0.9,0.006,2.84,-0.32,3.74,16.5,8.0,0.0044,27,54,-10,12,97.3,95,-33,63,0.3,0.006977,999999.99,99999.99,99999.99,99999.99,99999.99,99999.99,0,2003-03-24 01:00:00
2003,83,2,2315,51,52,59,36,3.6,2.5,-28.0,99.2,-0.4,2.2,-1.2,2.5,0.0,0.5,2.5,2.0,1.0,1.1,202532.0,3.2,648.0,2.3,2.4,0.053,14396.0,0.3,8.0,0.6,0.7,0.003,2.72,-0.0,3.4,16.1,8.1,0.0046,27,54,-9,12,97.3,112,-49,63,0.3,0.006977,999999.99,99999.99,99999.99,99999.99,99999.99,99999.99,0,2003-03-24 02:00:00
2003,83,3,2315,51,52,60,37,2.8,1.9,45.0,152.1,-1.2,0.6,1.4,-0.1,1.5,0.3,1.9,1.0,0.9,1.4,198305.0,3.0,639.0,3.0,0.8,0.051,11361.0,0.2,5.0,0.4,0.7,0.003,2.46,-0.96,5.2,19.8,8.4,0.003,23,54,-11,9,97.3,271,-194,78,0.6,0.006977,999999.99,99999.99,99999.99,99999.99,99999.99,99999.99,0,2003-03-24 03:00:00
2003,83,4,2315,51,52,58,36,3.0,2.2,32.2,127.0,-1.1,1.5,1.2,0.9,1.7,0.4,1.9,0.9,1.1,1.3,163457.0,2.6,627.0,2.3,0.4,0.048,10913.0,0.1,8.0,0.6,0.6,0.003,2.03,-1.07,3.51,16.9,8.4,0.0042,23,54,-12,9,97.3,168,-109,59,0.2,0.006977,999999.99,99999.99,99999.99,99999.99,99999.99,99999.99,0,2003-03-24 04:00:00
2003,83,5,2315,51,52,60,37,3.1,2.2,12.8,153.1,-1.9,1.0,0.5,0.7,0.8,0.5,2.1,0.6,1.2,1.7,156249.0,2.7,613.0,2.2,0.5,0.048,11746.0,0.1,8.0,0.8,0.9,0.004,2.02,-0.49,3.33,16.2,8.3,0.0045,23,54,-11,9,97.3,126,-58,68,0.3,0.006977,999999.99,99999.99,99999.99,99999.99,99999.99,99999.99,0,2003-03-24 05:00:00
2003,83,6,2315,51,52,59,36,3.6,3.0,-17.6,175.0,-2.9,0.2,-0.9,0.5,-0.8,0.4,2.0,0.6,0.9,1.7,135685.0,2.9,602.0,2.4,1.4,0.046,16097.0,0.1,3.0,1.2,0.9,0.006,2.08,0.48,2.46,14.2,8.1,0.0059,23,54,-12,9,97.3,174,-73,100,0.8,0.006977,999999.99,99999.99,99999.99,99999.99,99999.99,99999.99,0,2003-03-24 06:00:00
2003,83,7,2315,51,52,61,35,3.9,3.7,-37.7,178.5,-2.9,0.1,-2.2,0.7,-2.1,0.2,1.4,0.8,0.6,0.9,128608.0,3.1,602.0,1.6,1.7,0.043,11138.0,0.2,3.0,0.5,0.6,0.004,2.2,1.26,2.18,13.6,8.0,0.0064,23,54,-11,9,97.3,344,-201,143,2.0,0.006977,999999.99,99999.99,99999.99,99999.99,99999.99,99999.99,0,2003-03-24 07:00:00
2003,83,8,2315,51,52,58,36,4.4,3.7,-13.4,154.3,-3.3,1.6,-0.9,1.8,-0.5,0.1,2.3,1.0,0.7,1.9,141042.0,3.4,594.0,0.4,1.0,0.044,12048.0,0.2,8.0,0.4,0.9,0.004,2.36,0.3,1.97,12.4,7.6,0.0077,23,54,-17,9,97.3,387,-254,133,2.5,0.006977,999999.99,99999.99,99999.99,99999.99,99999.99,99999.99,0,2003-03-24 08:00:00
2003,83,9,2315,51,52,60,37,3.5,3.1,9.4,145.7,-2.5,1.7,0.5,1.5,0.9,0.4,1.5,0.7,0.7,1.1,138370.0,3.0,588.0,0.2,1.2,0.046,8740.0,0.2,3.0,0.5,0.8,0.005,2.05,-0.53,2.72,14.5,8.0,0.0056,20,54,-21,7,97.3,390,-257,133,1.9,0.006977,999999.99,99999.99,99999.99,99999.99,99999.99,99999.99,0,2003-03-24 09:00:00
2003,83,10,2315,51,52,59,37,2.8,2.4,27.7,157.7,-2.0,0.8,1.1,0.5,1.3,0.3,1.4,0.6,0.7,1.1,140450.0,2.9,584.0,0.8,0.4,0.044,6888.0,0.2,6.0,0.4,0.8,0.003,1.94,-0.76,4.14,17.8,8.3,0.0038,20,54,-18,7,97.3,123,-47,75,-0.1,0.006977,999999.99,99999.99,99999.99,99999.99,99999.99,99999.99,0,2003-03-24 10:00:00
2003,83,11,2315,51,52,61,35,2.4,2.1,35.4,143.8,-1.3,1.0,1.2,0.7,1.4,0.2,1.2,0.7,0.5,0.8,132327.0,2.5,583.0,0.8,0.6,0.046,8552.0,0.1,5.0,0.3,0.7,0.002,1.68,-0.82,4.71,19.2,8.5,0.0032,20,54,-15,7,97.3,69,-28,42,-0.7,0.006977,999999.99,99999.99,99999.99,99999.99,99999.99,99999.99,0,2003-03-24 11:00:00
2003,83,12,2315,51,52,57,35,2.7,1.4,62.3,304.6,0.4,-0.5,1.2,-0.8,1.0,0.4,2.3,1.4,1.3,1.2,96341.0,2.5,578.0,0.8,0.5,0.038,14063.0,0.2,8.0,0.5,0.8,0.003,1.61,-0.58,3.21,16.9,8.7,0.0042,10,54,-12,4,97.3,54,-20,34,-0.4,0.006977,999999.99,99999.99,99999.99,99999.99,99999.99,99999.99,0,2003-03-24 12:00:00
2003,83,13,2315,51,52,59,37,3.4,3.4,7.5,142.5,-2.6,2.0,0.4,1.8,0.9,0.1,0.6,0.4,0.3,0.4,74561.0,2.6,543.0,-1.1,0.2,0.035,3271.0,0.1,3.0,0.4,0.5,0.004,1.46,-0.49,1.9,12.9,7.9,0.0072,10,54,-15,4,97.3,50,-29,20,-0.3,0.006977,999999.99,99999.99,99999.99,99999.99,99999.99,99999.99,0,2003-03-24 13:00:00
2003,83,14,2315,51,52,59,37,3.1,3.0,27.9,135.2,-1.9,1.9,1.4,1.4,1.9,0.2,0.9,0.5,0.6,0.5,77719.0,3.1,537.0,-1.2,-1.2,0.051,5741.0,0.3,4.0,0.7,0.6,0.004,1.8,-1.02,2.77,15.2,8.3,0.0051,10,54,-15,4,97.3,37,-15,22,-0.5,0.006977,999999.99,99999.99,99999.99,99999.99,99999.99,99999.99,0,2003-03-24 14:00:00
2003,83,15,2315,51,52,61,37,3.8,3.2,1.2,149.5,-2.8,1.6,0.1,1.5,0.6,0.2,2.0,1.2,1.4,0.8,83090.0,3.6,527.0,-0.8,-0.7,0.05,4890.0,0.2,5.0,0.5,0.3,0.004,2.0,-0.32,2.19,13.2,7.7,0.0069,10,54,-14,4,97.3,39,-14,25,-0.2,0.006977,999999.99,99999.99,99999.99,99999.99,99999.99,99999.99,0,2003-03-24 15:00:00
2003,83,16,2315,51,52,58,36,3.8,3.3,5.6,122.8,-1.8,2.8,0.3,2.5,1.3,0.3,1.8,1.3,1.0,0.7,77678.0,3.8,527.0,-1.4,-0.7,0.05,7092.0,0.1,8.0,0.5,0.4,0.004,2.11,-0.69,2.26,13.5,7.9,0.0065,10,54,-13,4,97.3,51,-26,25,0.1,0.006977,999999.99,99999.99,99999.99,99999.99,99999.99,99999.99,0,2003-03-24 16:00:00
2003,83,17,2315,51,52,58,36,3.4,3.3,1.3,150.2,-2.9,1.6,0.1,1.4,0.8,0.1,0.9,0.4,0.4,0.6,67705.0,3.6,506.0,-0.4,-0.7,0.054,7031.0,0.2,6.0,0.4,0.4,0.002,1.87,-0.4,2.54,14.1,7.9,0.006,10,54,-12,4,97.3,51,-23,27,0.1,0.006977,999999.99,99999.99,99999.99,99999.99,99999.99,99999.99,0,2003-03-24 17:00:00
2003,83,18,2315,51,52,60,37,3.2,3.0,20.2,160.8,-2.6,0.9,1.0,0.3,1.3,0.1,1.1,0.4,0.7,0.8,64388.0,3.0,497.0,-0.1,-0.6,0.064,5009.0,0.2,3.0,0.3,0.4,0.004,1.55,-0.65,2.35,13.5,7.7,0.0066,7,54,-12,3,97.3,34,-4,31,-0.1,0.006977,999999.99,99999.99,99999.99,99999.99,99999.99,99999.99,0,2003-03-24 18:00:00
2003,83,19,2315,51,52,59,36,3.0,2.3,18.7,128.9,-1.4,1.7,0.7,1.1,1.5,0.4,2.0,1.7,0.6,0.8,66978.0,2.9,489.0,-0.6,-0.9,0.066,6896.0,0.2,8.0,0.4,0.7,0.006,1.46,-0.73,2.62,13.9,7.7,0.0062,7,54,-13,3,97.3,30,1,31,0.0,0.006977,999999.99,99999.99,99999.99,99999.99,99999.99,99999.99,0,2003-03-24 19:00:00
2003,83,20,2315,51,52,60,38,3.0,2.8,-8.7,41.9,2.0,1.8,-0.4,1.7,0.6,0.5,1.2,0.9,0.5,0.6,58007.0,3.1,480.0,-0.6,-2.3,0.054,14279.0,0.1,4.0,0.6,0.4,0.003,1.45,-0.29,2.67,14.1,7.7,0.006,7,54,-11,3,97.3,33,-11,22,0.0,0.006977,999999.99,99999.99,99999.99,99999.99,99999.99,99999.99,0,2003-03-24 20:00:00
2003,83,21,2315,51,52,57,35,3.3,3.0,-20.2,76.4,0.7,2.7,-1.0,2.8,0.6,0.2,1.4,1.3,0.4,0.4,63886.0,3.2,470.0,-0.1,-2.0,0.055,4417.0,0.2,4.0,0.3,0.2,0.003,1.44,-0.28,2.35,12.7,7.3,0.0073,3,54,-7,2,97.3,37,-18,19,-0.0,0.006977,999999.99,99999.99,99999.99,99999.99,99999.99,99999.99,0,2003-03-24 21:00:00
2003,83,22,2315,51,52,59,36,2.9,1.9,1.1,112.9,-0.7,1.7,0.0,1.4,0.9,0.4,2.2,2.0,0.7,0.5,65349.0,3.1,457.0,-0.1,-2.4,0.071,10660.0,0.2,8.0,0.6,0.5,0.009,1.39,-0.41,2.97,13.9,7.3,0.0062,3,54,-5,2,97.3,25,-4,21,-0.1,0.006977,999999.99,99999.99,99999.99,99999.99,99999.99,99999.99,0,2003-03-24 22:00:00
2003,83,23,2315,51,52,59,36,3.2,2.7,0.2,138.4,-2.0,1.8,0.0,1.5,1.0,0.5,1.8,1.5,0.8,0.6,64546.0,3.1,448.0,0.3,-2.0,0.077,7581.0,0.1,5.0,0.5,0.2,0.005,1.36,-0.45,2.43,12.3,7.0,0.0078,3,54,-6,2,97.3,26,-6,20,0.0,0.006977,999999.99,99999.99,99999.99,99999.99,99999.99,99999.99,0,2003-03-24 23:00:00
2003,84,0,2315,51,52,58,35,3.2,2.2,-5.6,115.3,-0.9,2.0,-0.2,1.8,0.9,0.3,2.4,1.8,1.0,1.1,59042.0,3.4,443.0,0.0,-2.9,0.074,7393.0,0.3,7.0,0.6,0.9,0.009,1.44,-0.4,2.59,12.8,7.1,0.0073,3,86,-7,2,108.2,28,-7,21,-0.0,0.007245,999999.99,99999.99,99999.99,99999.99,99999.99,99999.99,0,2003-03-25 00:00:00
2003,84,1,2315,51,52,61,37,3.5,2.9,-8.6,138.4,-2.2,1.9,-0.4,1.8,0.6,0.2,1.8,0.9,1.3,1.0,59568.0,3.8,435.0,-0.2,-3.1,0.084,7865.0,0.2,5.0,0.9,0.6,0.005,1.6,-0.26,2.43,12.1,6.9,0.0081,3,86,-6,2,108.2,38,-8,31,-0.0,0.007245,999999.99,99999.99,99999.99,99999.99,99999.99,99999.99,0,2003-03-25 01:00:00
2003,84,2,2315,51,52,60,37,3.6,3.2,3.8,87.0,0.2,3.2,0.2,2.7,1.7,0.1,1.5,1.1,0.5,0.9,59549.0,4.1,448.0,-1.4,-2.4,0.081,7488.0,0.3,7.0,0.5,0.8,0.007,1.82,-0.76,2.47,12.6,7.1,0.0075,3,86,-5,2,108.2,48,-14,34,0.1,0.007245,999999.99,99999.99,99999.99,99999.99,99999.99,99999.99,0,2003-03-25 02:00:00
2003,84,3,2315,51,52,59,36,3.5,3.1,-22.6,143.5,-2.3,1.7,-1.2,2.1,-0.3,0.1,1.6,0.7,1.1,0.9,62479.0,4.5,433.0,-0.7,-1.1,0.083,5956.0,0.2,4.0,0.7,0.7,0.004,1.88,0.13,2.92,13.1,7.0,0.0069,13,86,-6,5,108.2,47,-6,41,0.0,0.007245,999999.99,99999.99,99999.99,99999.99,99999.99,99999.99,0,2003-03-25 03:00:00
2003,84,4,2315,51,52,59,34,3.7,3.1,-11.6,111.8,-1.1,2.9,-0.6,2.9,0.7,0.2,1.8,1.3,1.0,0.8,56009.0,4.9,435.0,-1.3,-1.1,0.072,7434.0,0.4,8.0,0.8,0.7,0.008,1.99,-0.3,2.75,13.0,7.1,0.007,13,86,-6,5,108.2,55,-10,44,-0.2,0.007245,999999.99,99999.99,99999.99,99999.99,99999.99,99999.99,0,2003-03-25 04:00:00
2003,84,5,2315,51,52,62,38,3.9,2.9,5.1,107.2,-0.9,2.8,0.3,2.5,1.3,0.2,2.5,1.5,1.3,1.5,47109.0,4.9,431.0,-1.0,-1.8,0.065,6635.0,0.2,5.0,1.1,1.1,0.003,1.92,-0.56,2.35,12.2,7.0,0.008,13,86,-5,5,108.2,112,-53,59,0.0,0.007245,999999.99,99999.99,99999.99,99999.99,99999.99,99999.99,0,2003-03-25 05:00:00
2003,84,6,2315,51,52,58,37,4.0,3.7,1.7,111.4,-1.3,3.4,0.1,3.2,1.2,0.1,1.4,1.0,0.4,0.8,47316.0,5.1,424.0,-1.2,-2.0,0.067,4644.0,0.3,8.0,0.5,0.7,0.005,1.94,-0.51,2.33,12.0,6.9,0.0083,13,86,-3,5,108.2,133,-79,54,-0.0,0.007245,999999.99,99999.99,99999.99,99999.99,99999.99,99999.99,0,2003-03-25 06:00:00
2003,84,7,2315,51,52,61,37,4.3,4.1,14.6,83.4,0.5,3.9,1.0,3.4,2.1,0.1,1.1,0.5,0.4,0.9,45163.0,5.2,433.0,-1.8,-2.4,0.061,6296.0,0.2,4.0,0.3,0.7,0.004,2.03,-0.91,2.03,11.5,6.9,0.009,13,86,-3,5,108.2,77,-26,52,-0.2,0.007245,999999.99,99999.99,99999.99,99999.99,99999.99,99999.99,0,2003-03-25 07:00:00
2003,84,8,2315,51,52,61,37,4.5,4.1,18.2,87.3,0.2,3.9,1.3,3.4,2.3,0.2,1.9,0.7,0.8,1.5,43873.0,5.3,431.0,-1.7,-2.8,0.054,8879.0,0.2,5.0,0.8,1.5,0.005,2.0,-0.99,1.88,11.0,6.8,0.0098,13,86,-2,5,108.2,84,-23,61,0.0,0.007245,999999.99,99999.99,99999.99,99999.99,99999.99,99999.99,0,2003-03-25 08:00:00
2003,84,9,2315,51,52,59,36,4.7,4.3,12.5,83.7,0.5,4.2,0.9,3.9,1.9,0.1,1.8,1.1,0.5,1.4,41970.0,5.5,430.0,-1.9,-2.3,0.054,3861.0,0.3,6.0,0.3,1.0,0.004,2.07,-0.82,1.76,10.7,6.8,0.0103,0,86,-1,0,108.2,58,-16,42,0.3,0.007245,999999.99,99999.99,99999.99,99999.99,99999.99,99999.99,0,2003-03-25 09:00:00
2003,84,10,2315,51,52,59,37,4.5,4.2,27.8,85.5,0.3,3.7,2.0,3.2,2.8,0.3,1.4,0.8,0.5,1.0,44101.0,5.5,425.0,-2.1,-3.3,0.051,5657.0,0.3,4.0,0.4,0.8,0.004,2.0,-1.19,1.95,11.1,6.8,0.0097,0,86,0,0,108.2,43,-17,26,-0.3,0.007245,999999.99,99999.99,99999.99,99999.99,99999.99,99999.99,0,2003-03-25 10:00:00
2003,84,11,2315,51,52,58,36,3.4,2.8,43.6,58.7,1.1,1.8,2.0,1.3,2.4,0.3,1.8,1.6,0.6,0.7,52586.0,5.8,430.0,-0.6,-3.3,0.059,4705.0,0.3,8.0,0.6,0.5,0.004,2.21,-1.03,3.78,15.2,7.4,0.0051,0,86,4,0,108.2,42,-19,23,-0.4,0.007245,999999.99,99999.99,99999.99,99999.99,99999.99,99999.99,0,2003-03-25 11:00:00
2003,84,12,2315,51,52,62,35,3.4,2.7,19.6,108.0,-0.8,2.4,0.9,2.1,1.5,0.5,2.1,1.6,1.1,0.6,55350.0,5.7,418.0,-1.1,-2.5,0.056,9896.0,0.3,8.0,1.0,0.7,0.008,2.04,-0.63,3.77,14.7,7.1,0.0055,7,86,6,3,108.2,46,-22,24,-0.5,0.007245,999999.99,99999.99,99999.99,99999.99,99999.99,99999.99,0,2003-03-25 12:00:00
2003,84,13,2315,51,52,59,36,4.2,3.6,62.9,89.7,0.0,1.6,3.2,0.7,3.5,0.2,2.1,1.0,1.6,0.9,46573.0,5.4,418.0,-0.5,-4.1,0.05,6832.0,0.7,6.0,1.2,0.8,0.007,1.89,-1.46,2.23,11.6,6.8,0.0089,7,86,5,3,108.2,49,-23,26,-0.6,0.007245,999999.99,99999.99,99999.99,99999.99,99999.99,99999.99,0,2003-03-25 13:00:00
2003,84,14,2315,51,52,60,37,4.0,2.3,24.2,79.4,0.4,2.0,0.9,1.6,1.5,0.1,3.2,0.7,1.8,2.6,48797.0,6.2,419.0,-0.5,-2.7,0.05,7442.0,0.3,5.0,1.3,1.9,0.003,2.18,-0.63,2.86,13.0,7.0,0.007,7,86,3,3,108.2,54,-17,36,-0.2,0.007245,999999.99,99999.99,99999.99,99999.99,99999.99,99999.99,0,2003-03-25 14:00:00
2003,84,15,2315,51,52,58,36,4.6,3.5,-4.4,89.0,0.1,3.5,-0.3,3.4,0.9,0.2,2.9,2.0,0.6,2.1,42383.0,6.5,412.0,-1.5,-2.0,0.045,9862.0,0.3,7.0,0.7,1.2,0.004,2.17,-0.37,2.18,11.4,6.7,0.0091,10,86,0,4,108.2,66,-28,39,-0.3,0.007245,999999.99,99999.99,99999.99,99999.99,99999.99,99999.99,0,2003-03-25 15:00:00
2003,84,16,2315,51,52,60,34,5.0,4.5,-10.0,99.6,-0.7,4.4,-0.8,4.4,0.9,0.3,2.0,1.0,0.6,1.7,43246.0,6.7,408.0,-2.0,-2.0,0.045,7589.0,0.7,5.0,0.4,0.7,0.005,2.2,-0.37,1.91,10.6,6.5,0.0107,10,86,0,4,108.2,50,-24,26,-0.1,0.007245,999999.99,99999.99,99999.99,99999.99,99999.99,99999.99,0,2003-03-25 16:00:00
2003,84,17,2315,51,52,58,36,4.4,3.7,8.2,73.4,1.0,3.5,0.5,3.0,1.9,0.4,2.4,1.4,0.3,1.9,43555.0,7.2,410.0,-1.8,-2.5,0.046,8366.0,0.4,4.0,0.3,0.9,0.006,2.39,-0.78,2.66,12.5,6.9,0.0076,10,86,1,4,108.2,44,-11,34,-0.2,0.007245,999999.99,99999.99,99999.99,99999.99,99999.99,99999.99,0,2003-03-25 17:00:00
2003,84,18,2315,51,52,60,37,4.5,3.9,8.8,140.4,-2.9,2.4,0.6,1.8,1.6,0.3,2.2,1.0,0.9,1.7,50479.0,6.9,395.0,-1.6,-2.7,0.055,3831.0,0.3,5.0,0.8,0.9,0.004,2.19,-0.63,2.54,11.5,6.5,0.0089,10,86,-4,4,108.2,44,-15,29,0.0,0.007245,999999.99,99999.99,99999.99,99999.99,99999.99,99999.99,0,2003-03-25 18:00:00
2003,84,19,2315,51,52,61,37,4.8,4.0,33.4,111.0,-1.2,3.2,2.2,1.7,3.5,0.2,2.5,1.4,0.9,1.9,43183.0,7.0,402.0,-2.2,-3.7,0.041,4156.0,0.5,6.0,0.6,1.3,0.005,2.2,-1.41,2.17,11.1,6.5,0.0097,10,86,-3,4,108.2,35,-5,30,0.0,0.007245,999999.99,99999.99,99999.99,99999.99,99999.99,99999.99,0,2003-03-25 19:00:00
2003,84,20,2315,51,52,57,35,4.6,3.4,24.6,137.4,-2.2,2.1,1.4,1.0,2.3,0.3,3.0,1.7,1.5,2.0,45393.0,7.0,392.0,-1.6,-3.5,0.041,8176.0,0.6,5.0,0.7,0.9,0.005,2.09,-0.9,2.39,11.3,6.4,0.0094,10,86,-3,4,108.2,32,-2,30,-0.1,0.007245,999999.99,99999.99,99999.99,99999.99,99999.99,99999.99,0,2003-03-25 20:00:00
2003,84,21,2315,51,52,59,37,4.8,4.4,24.1,160.9,-3.8,1.3,1.8,0.1,2.2,0.2,1.8,0.4,1.4,1.0,47343.0,7.2,385.0,-1.3,-4.1,0.034,2705.0,0.5,3.0,0.8,0.4,0.006,2.02,-0.85,2.28,10.8,6.2,0.0103,7,86,-2,3,108.2,22,-1,21,0.0,0.007245,999999.99,99999.99,99999.99,99999.99,99999.99,99999.99,0,2003-03-25 21:00:00
2003,84,22,2315,51,52,62,36,3.7,3.3,-0.2,125.8,-1.9,2.7,0.0,2.2,1.5,1.1,1.9,1.1,1.0,1.3,32276.0,11.3,389.0,-1.1,-3.8,0.023,6231.0,1.5,4.0,0.6,0.6,0.006,3.12,-0.58,5.52,17.7,7.4,0.0038,7,86,3,3,108.2,33,-1,32,0.1,0.007245,999999.99,99999.99,99999.99,99999.99,99999.99,99999.99,0,2003-03-25 22:00:00
2003,84,23,2315,51,52,59,37,4.9,4.2,43.3,90.4,0.0,3.1,2.9,1.0,4.1,0.3,2.3,1.5,1.2,1.3,31915.0,11.2,393.0,-1.7,-4.1,0.035,4082.0,0.6,4.0,0.5,0.6,0.005,3.29,-1.61,3.11,13.4,7.0,0.0066,7,86,7,3,108.2,33,-4,29,-0.0,0.007245,999999.99,99999.99,99999.99,99999.99,99999.99,99999.99,0,2003-03-25 23:00:00
2003,85,0,2315,51,52,60,36,5.3,4.7,23.3,110.2,-1.5,4.1,1.9,2.4,3.8,0.3,2.3,0.9,1.2,1.7,38409.0,11.3,385.0,-2.6,-3.8,0.042,3178.0,0.6,4.0,0.7,0.7,0.003,3.27,-1.46,2.79,12.2,6.6,0.008,3,115,11,2,126.6,36,-6,30,-0.2,0.007369,999999.99,99999.99,99999.99,99999.99,99999.99,99999.99,0,2003-03-26 00:00:00
2003,85,1,2315,51,52,59,36,5.4,5.1,-4.1,129.5,-3.2,3.9,-0.4,3.5,1.7,0.3,1.9,1.0,0.4,1.6,44480.0,11.9,380.0,-2.5,-3.8,0.048,2620.0,0.5,4.0,1.0,0.7,0.003,3.42,-0.65,2.93,12.1,6.5,0.0081,3,115,13,2,126.6,40,-10,30,-0.3,0.007369,999999.99,99999.99,99999.99,99999.99,99999.99,99999.99,0,2003-03-26 01:00:00
2003,85,2,2315,51,52,59,37,5.9,5.6,-40.4,135.4,-3.1,3.0,-3.7,4.4,-1.8,0.2,1.6,0.6,1.2,0.9,49342.0,12.0,377.0,-2.5,-2.7,0.048,2897.0,0.4,2.0,0.5,0.4,0.002,3.4,0.68,2.55,11.1,6.2,0.0097,3,115,12,2,126.6,48,-7,41,0.0,0.007369,999999.99,99999.99,99999.99,99999.99,99999.99,99999.99,0,2003-03-26 02:00:00
2003,85,3,2315,51,52,61,36,6.2,6.0,-52.6,118.8,-1.8,3.2,-4.8,5.0,-2.8,0.3,1.4,1.0,0.7,0.6,55532.0,13.5,381.0,-2.6,-3.2,0.043,5261.0,0.7,3.0,0.4,0.5,0.006,3.84,1.07,2.69,11.3,6.2,0.0093,23,115,9,9,126.6,126,-62,64,0.5,0.007369,999999.99,99999.99,99999.99,99999.99,99999.99,99999.99,0,2003-03-26 03:00:00
2003,85,4,2315,51,52,59,37,6.3,5.8,-33.1,124.0,-2.7,4.1,-3.2,5.1,-1.2,0.2,2.1,1.0,1.1,1.5,54632.0,15.1,380.0,-2.9,-3.7,0.038,3700.0,0.8,3.0,0.4,0.5,0.003,4.19,0.46,2.9,11.7,6.3,0.0087,23,115,7,9,126.6,327,-212,115,1.6,0.007369,999999.99,99999.99,99999.99,99999.99,99999.99,99999.99,0,2003-03-26 04:00:00
2003,85,5,2315,51,52,59,34,6.3,5.8,-11.2,137.6,-4.2,3.8,-1.1,3.9,0.4,0.2,2.0,1.3,0.8,1.3,51441.0,16.3,377.0,-3.1,-4.3,0.036,4461.0,1.1,4.0,0.5,0.7,0.004,4.43,-0.15,3.07,12.1,6.3,0.0082,23,115,7,9,126.6,164,-91,73,0.9,0.007369,999999.99,99999.99,99999.99,99999.99,99999.99,99999.99,0,2003-03-26 05:00:00
2003,85,6,2315,51,52,61,37,4.9,3.7,-5.4,147.7,-3.1,1.9,-0.3,1.9,0.3,1.0,3.4,1.0,2.4,2.1,32699.0,23.4,375.0,-3.3,-4.6,0.024,5079.0,3.6,2.0,0.8,0.7,0.003,6.02,-0.11,6.53,18.5,7.2,0.0035,17,115,9,6,126.6,151,-53,98,0.5,0.007369,999999.99,99999.99,99999.99,99999.99,99999.99,99999.99,0,2003-03-26 06:00:00
2003,85,7,2315,51,52,60,37,4.7,3.4,-23.5,150.2,-2.7,1.6,-1.4,1.9,-0.9,0.4,3.1,1.7,1.8,2.0,29172.0,25.9,375.0,-3.1,-3.9,0.027,1477.0,1.7,2.0,0.6,1.0,0.003,6.74,0.34,7.68,20.3,7.3,0.0029,17,115,10,6,126.6,118,-14,104,0.3,0.007369,999999.99,99999.99,99999.99,99999.99,99999.99,99999.99,0,2003-03-26 07:00:00
2003,85,8,2315,51,52,59,36,3.1,2.2,12.3,151.2,-1.9,1.0,0.5,0.8,0.7,0.8,2.2,0.9,1.5,1.4,27855.0,28.6,373.0,-2.8,-4.2,0.033,2321.0,1.1,2.0,0.5,0.4,0.012,7.52,-0.26,19.34,32.2,7.6,0.0011,17,115,9,6,126.6,124,-11,113,0.6,0.007369,999999.99,99999.99,99999.99,99999.99,99999.99,99999.99,0,2003-03-26 08:00:00
2003,85,9,2315,51,52,60,38,4.0,3.8,13.8,268.8,-0.1,-3.7,0.9,-3.8,0.0,0.6,1.2,0.7,0.6,0.7,27557.0,26.1,370.0,-2.4,-4.6,0.034,2359.0,2.3,3.0,0.5,0.5,0.005,6.78,-0.0,10.58,23.6,7.4,0.0021,13,115,6,5,126.6,129,-16,113,0.1,0.007369,999999.99,99999.99,99999.99,99999.99,99999.99,99999.99,0,2003-03-26 09:00:00
2003,85,10,2315,51,52,60,37,6.3,4.7,-7.2,290.2,1.6,-4.3,-0.6,-4.1,-1.6,0.3,4.2,1.9,2.6,2.7,42054.0,12.1,368.0,-3.2,-4.6,0.044,15511.0,3.1,4.0,1.6,0.5,0.015,3.22,0.59,2.16,10.2,6.0,0.0115,13,115,0,5,126.6,263,-149,114,-0.1,0.007369,999999.99,99999.99,99999.99,99999.99,99999.99,99999.99,0,2003-03-26 10:00:00
2003,85,11,2315,51,52,60,37,5.6,5.4,-44.1,343.6,3.7,-1.1,-3.8,-0.2,-4.0,0.2,1.6,0.3,1.4,0.7,71211.0,6.8,376.0,1.2,-3.8,0.058,5298.0,0.5,3.0,0.4,0.5,0.009,1.98,1.5,1.8,8.8,5.5,0.0155,13,115,-3,5,126.6,265,-160,104,0.9,0.007369,999999.99,99999.99,99999.99,99999.99,99999.99,99999.99,0,2003-03-26 11:00:00
2003,85,12,2315,51,52,59,36,5.0,4.7,-36.7,348.9,3.7,-0.7,-2.8,0.0,-2.9,0.2,1.5,0.2,1.4,0.3,80072.0,7.2,379.0,0.2,-3.7,0.032,4841.0,0.2,2.0,0.6,0.4,0.002,1.95,1.1,2.5,10.2,5.7,0.0115,17,115,-5,6,126.6,354,-215,139,0.5,0.007369,999999.99,99999.99,99999.99,99999.99,99999.99,99999.99,0,2003-03-26 12:00:00
2003,85,13,2315,51,52,63,39,4.7,4.3,-20.5,348.3,3.9,-0.8,-1.5,-0.4,-1.7,0.1,1.7,0.4,1.2,1.1,81189.0,6.2,379.0,1.3,-5.1,0.034,8485.0,0.4,6.0,1.5,1.1,0.003,1.69,0.64,2.45,10.0,5.7,0.0118,17,115,-2,6,126.6,276,-169,107,0.7,0.007369,999999.99,99999.99,99999.99,99999.99,99999.99,99999.99,0,2003-03-26 13:00:00
2003,85,14,2315,51,52,58,35,4.4,4.3,4.2,315.3,3.1,-3.0,0.3,-3.0,-0.6,0.3,1.0,0.5,0.5,0.7,83919.0,6.4,377.0,2.5,-5.1,0.033,6688.0,0.3,5.0,0.6,1.0,0.002,1.72,0.23,2.92,10.8,5.8,0.0101,17,115,-4,6,126.6,211,-127,84,0.8,0.007369,999999.99,99999.99,99999.99,99999.99,99999.99,99999.99,0,2003-03-26 14:00:00
2003,85,15,2315,51,52,59,36,4.1,3.9,16.0,303.1,2.0,-3.1,1.1,-3.3,0.0,0.3,1.4,0.7,0.9,0.9,98474.0,6.1,375.0,2.5,-2.8,0.048,8791.0,0.2,3.0,0.6,0.4,0.009,1.71,-0.0,3.42,11.3,5.7,0.0093,13,115,-7,5,126.6,135,-100,35,1.0,0.007369,999999.99,99999.99,99999.99,99999.99,99999.99,99999.99,0,2003-03-26 15:00:00
2003,85,16,2315,51,52,61,37,4.7,4.3,31.7,258.6,-0.7,-3.6,2.2,-4.2,0.7,0.4,2.1,1.7,0.7,0.8,86160.0,5.9,377.0,3.0,-2.0,0.045,8126.0,0.3,2.0,0.4,0.3,0.005,1.65,-0.26,2.38,9.7,5.6,0.0125,13,115,-7,5,126.6,80,-53,27,1.3,0.007369,999999.99,99999.99,99999.99,99999.99,99999.99,99999.99,0,2003-03-26 16:00:00
2003,85,17,2315,51,52,66,41,5.5,4.9,76.2,183.4,-1.2,-0.1,4.8,-2.1,4.3,0.7,2.5,1.0,2.2,0.8,96269.0,6.7,387.0,1.6,-2.3,0.049,13430.0,1.6,12.0,1.3,1.0,0.007,2.0,-1.66,2.07,9.1,5.5,0.0143,13,115,-4,5,126.6,63,-2,62,-0.1,0.007369,999999.99,99999.99,99999.99,99999.99,99999.99,99999.99,0,2003-03-26 17:00:00
2003,85,18,2315,51,52,62,38,7.6,6.1,19.9,261.7,-0.8,-5.7,2.1,-6.0,-0.8,0.9,4.4,1.7,2.1,3.4,85655.0,15.0,418.0,-2.7,-3.5,0.055,19088.0,2.8,5.0,1.0,1.2,0.008,5.34,0.33,2.31,10.7,6.2,0.0105,30,115,6,15,126.6,125,-56,68,1.8,0.007369,999999.99,99999.99,99999.99,99999.99,99999.99,99999.99,0,2003-03-26 18:00:00
2003,85,19,2315,51,52,57,35,7.4,5.4,47.4,247.4,-1.4,-3.4,4.0,-4.9,1.8,0.9,4.9,3.6,2.5,2.2,78356.0,20.9,421.0,-1.8,-0.9,0.041,10590.0,1.8,7.0,0.7,0.7,0.005,7.2,-0.76,3.28,13.0,6.6,0.007,30,115,2,15,126.6,99,-22,77,0.7,0.007369,999999.99,99999.99,99999.99,99999.99,99999.99,99999.99,0,2003-03-26 19:00:00
2003,85,20,2315,51,52,58,35,9.5,8.7,-15.4,318.8,6.3,-5.5,-2.3,-3.5,-4.9,1.1,3.9,2.0,1.4,3.0,62283.0,22.8,401.0,-3.2,-2.5,0.035,7348.0,1.9,4.0,0.5,1.1,0.009,6.98,1.96,2.0,10.1,6.1,0.0117,30,115,2,15,126.6,277,-168,108,1.6,0.007369,999999.99,99999.99,99999.99,99999.99,99999.99,99999.99,0,2003-03-26 20:00:00
2003,85,21,2315,51,52,62,38,9.6,9.0,15.6,320.5,6.7,-5.5,2.4,-5.9,-1.0,1.2,3.2,1.6,1.6,2.3,62207.0,24.8,394.0,-4.0,-0.7,0.032,7342.0,2.9,5.0,0.7,1.2,0.01,7.25,0.39,2.13,10.2,6.1,0.0114,27,115,-4,12,126.6,208,-61,147,1.5,0.007369,999999.99,99999.99,99999.99,99999.99,99999.99,99999.99,0,2003-03-26 21:00:00
2003,85,22,2315,51,52,59,37,11.2,10.1,61.6,168.8,-4.7,0.9,8.8,-4.1,7.8,0.5,4.7,2.0,3.7,2.1,42269.0,21.1,401.0,-2.7,-1.4,0.036,8532.0,1.4,3.0,0.9,0.8,0.008,6.48,-3.13,1.19,8.2,5.8,0.0176,27,115,-6,12,126.6,146,-41,105,0.6,0.007369,999999.99,99999.99,99999.99,99999.99,99999.99,99999.99,0,2003-03-26 22:00:00
2003,85,23,2315,51,52,59,34,8.5,6.6,8.4,300.8,3.3,-5.6,1.0,-5.2,-2.3,0.9,5.2,1.8,2.5,4.3,64059.0,25.6,396.0,-2.6,-3.9,0.05,5848.0,2.8,3.0,0.9,1.3,0.008,8.05,0.91,2.84,11.8,6.3,0.0086,27,115,3,12,126.6,180,-68,112,0.4,0.007369,999999.99,99999.99,99999.99,99999.99,99999.99,99999.99,0,2003-03-26 23:00:00
2003,86,0,2315,51,52,62,38,9.8,7.7,-28.0,307.4,4.2,-5.4,-3.6,-2.6,-5.9,0.6,5.8,1.9,1.5,5.2,69849.0,25.8,399.0,-3.2,-4.3,0.068,8243.0,1.2,4.0,0.6,1.2,0.009,8.73,2.35,2.22,10.3,6.1,0.0111,47,134,5,39,140.5,608,-450,158,4.1,0.007561,999999.99,99999.99,99999.99,99999.99,99999.99,99999.99,0,2003-03-27 00:00:00
2003,86,1,2315,51,52,63,38,9.4,6.1,41.0,270.3,0.0,-4.6,4.0,-6.0,1.0,0.8,7.1,2.9,3.7,5.3,114340.0,22.0,412.0,-2.6,-2.0,0.068,32824.0,7.0,8.0,1.7,1.5,0.021,7.93,-0.41,2.51,10.3,5.8,0.0113,47,134,-10,39,140.5,611,-434,177,5.0,0.007561,999999.99,99999.99,99999.99,99999.99,99999.99,99999.99,0,2003-03-27 01:00:00
2003,86,2,2315,51,52,62,38,8.0,6.9,77.6,187.1,-1.5,-0.2,6.7,-3.5,5.7,2.0,4.4,2.0,2.2,3.3,169384.0,12.7,438.0,0.4,-0.7,0.051,37126.0,1.1,6.0,1.3,0.7,0.014,4.9,-2.5,2.46,9.8,5.5,0.0125,47,134,-12,39,140.5,156,-29,127,0.2,0.007561,999999.99,99999.99,99999.99,99999.99,99999.99,99999.99,0,2003-03-27 02:00:00
2003,86,3,2315,51,52,58,36,8.2,6.6,36.8,310.0,3.4,-4.1,4.0,-5.5,1.7,0.9,4.6,2.2,3.3,2.4,218094.0,11.2,446.0,1.8,-1.0,0.069,20998.0,0.9,5.0,0.7,0.7,0.009,4.75,-0.76,2.4,9.1,5.2,0.0144,30,134,-9,15,140.5,117,-23,94,0.0,0.007561,999999.99,99999.99,99999.99,99999.99,99999.99,99999.99,0,2003-03-27 03:00:00
2003,86,4,2315,51,52,65,38,10.5,9.0,17.6,293.0,3.3,-7.9,2.7,-8.3,-0.8,0.4,5.0,1.5,1.7,4.5,213293.0,11.5,456.0,0.8,1.0,0.041,17832.0,0.7,10.0,0.9,1.9,0.006,4.65,0.36,1.48,7.4,4.9,0.0219,30,134,-7,15,140.5,100,-28,73,-0.2,0.007561,999999.99,99999.99,99999.99,99999.99,99999.99,99999.99,0,2003-03-27 04:00:00
2003,86,5,2315,51,52,58,37,10.1,7.3,-16.3,310.4,4.5,-5.3,-2.0,-4.2,-3.8,0.4,6.9,2.9,1.6,6.1,212492.0,10.7,459.0,1.9,0.5,0.045,19431.0,0.9,12.0,1.1,2.6,0.008,4.44,1.74,1.49,7.4,4.9,0.0215,30,134,-10,15,140.5,181,-63,118,0.8,0.007561,999999.99,99999.99,99999.99,99999.99,99999.99,99999.99,0,2003-03-27 05:00:00
2003,86,6,2315,51,52,59,36,10.9,10.4,-36.4,317.9,6.2,-5.6,-6.2,-3.3,-7.7,0.6,3.3,1.1,2.2,2.2,168046.0,9.1,454.0,1.2,-0.5,0.04,19173.0,0.7,6.0,1.6,1.3,0.004,3.63,3.5,0.94,6.3,4.7,0.0301,47,134,-24,39,140.5,519,-349,170,2.7,0.007561,999999.99,99999.99,99999.99,99999.99,99999.99,99999.99,0,2003-03-27 06:00:00
2003,86,7,2315,51,52,61,36,10.6,9.5,-16.9,308.0,5.6,-7.2,-2.8,-6.1,-4.8,0.5,4.2,2.2,1.9,3.1,162837.0,9.2,449.0,-0.2,0.6,0.043,21491.0,0.8,13.0,1.2,2.1,0.007,3.63,2.16,0.99,6.4,4.7,0.0288,47,134,-33,39,140.5,740,-486,254,4.8,0.007561,999999.99,99999.99,99999.99,99999.99,99999.99,99999.99,0,2003-03-27 07:00:00
2003,86,8,2315,51,52,60,35,10.9,9.2,-21.5,302.9,4.6,-7.2,-3.4,-6.1,-5.1,0.4,5.6,1.4,2.3,4.9,177386.0,8.8,457.0,0.3,0.6,0.045,36306.0,0.5,10.0,1.4,3.1,0.007,3.62,2.33,0.94,6.2,4.6,0.0308,47,134,-25,39,140.5,551,-323,228,2.2,0.007561,999999.99,99999.99,99999.99,99999.99,99999.99,99999.99,0,2003-03-27 08:00:00
2003,86,9,2315,51,52,61,38,11.2,9.5,-30.8,303.1,4.5,-6.8,-4.9,-5.5,-6.4,0.3,5.5,2.1,3.3,3.8,195259.0,9.3,471.0,1.4,-0.5,0.042,22766.0,0.6,12.0,2.2,2.5,0.007,4.02,3.01,1.0,6.4,4.7,0.0289,37,134,-19,22,140.5,552,-366,186,3.9,0.007561,999999.99,99999.99,99999.99,99999.99,99999.99,99999.99,0,2003-03-27 09:00:00
2003,86,10,2315,51,52,61,36,10.7,9.5,-6.7,295.1,4.0,-8.6,-1.1,-8.1,-3.0,0.5,4.6,2.4,2.5,3.0,188756.0,8.7,483.0,1.0,2.6,0.04,25712.0,0.6,12.0,2.0,2.1,0.005,3.93,1.45,1.0,6.7,4.9,0.0268,37,134,-36,22,140.5,492,-357,135,2.5,0.007561,999999.99,99999.99,99999.99,99999.99,99999.99,99999.99,0,2003-03-27 10:00:00
2003,86,11,2315,51,52,59,35,9.8,8.4,-19.9,336.2,7.2,-3.2,-2.9,-2.5,-3.5,0.3,4.6,1.8,3.1,2.9,186206.0,7.7,475.0,5.1,1.7,0.045,34757.0,0.9,10.0,2.6,2.7,0.01,3.42,1.66,1.05,6.7,4.9,0.0263,37,134,-35,22,140.5,300,-181,119,2.2,0.007561,999999.99,99999.99,99999.99,99999.99,99999.99,99999.99,0,2003-03-27 11:00:00
2003,86,12,2315,51,52,63,36,10.2,8.4,20.9,263.6,-0.9,-7.8,3.0,-8.3,1.0,0.2,5.3,3.5,2.2,3.4,172160.0,8.2,526.0,1.9,5.4,0.035,13043.0,0.6,21.0,1.5,1.8,0.005,4.32,-0.53,0.99,7.4,5.4,0.0218,37,134,-33,22,140.5,454,-229,225,1.9,0.007561,999999.99,99999.99,99999.99,99999.99,99999.99,99999.99,0,2003-03-27 12:00:00
2003,86,13,2315,51,52,60,36,9.8,8.9,-36.8,322.6,5.6,-4.3,-5.3,-2.8,-6.2,0.4,3.8,1.4,3.2,1.5,153528.0,7.2,489.0,2.8,0.6,0.035,12504.0,0.4,11.0,2.8,1.4,0.003,3.28,3.03,0.88,6.7,5.0,0.0265,37,134,-34,22,140.5,414,-261,154,1.7,0.007561,999999.99,99999.99,99999.99,99999.99,99999.99,99999.99,0,2003-03-27 13:00:00
2003,86,14,2315,51,52,62,38,9.3,8.1,-32.7,305.7,4.0,-5.5,-4.4,-4.0,-5.8,0.1,4.3,2.0,2.6,2.9,147032.0,6.4,499.0,1.8,0.4,0.038,18850.0,0.6,15.0,1.7,1.9,0.006,3.07,2.89,0.85,6.8,5.2,0.0258,37,134,-36,22,140.5,454,-282,173,1.5,0.007561,999999.99,99999.99,99999.99,99999.99,99999.99,99999.99,0,2003-03-27 14:00:00
2003,86,15,2315,51,52,59,36,9.1,8.2,-25.0,290.6,2.6,-6.9,-3.5,-5.3,-5.6,0.2,3.7,1.1,1.4,3.3,147673.0,6.9,508.0,1.3,0.9,0.037,8230.0,0.4,6.0,0.9,2.0,0.003,3.41,2.84,0.96,7.3,5.4,0.0221,43,134,-43,32,140.5,981,-727,255,2.8,0.007561,999999.99,99999.99,99999.99,99999.99,99999.99,99999.99,0,2003-03-27 15:00:00
2003,86,16,2315,51,52,57,33,8.4,7.8,1.0,302.8,4.2,-6.6,0.1,-6.1,-2.4,0.2,2.7,1.2,0.9,2.2,133583.0,6.2,496.0,0.8,2.5,0.035,13562.0,0.5,12.0,0.6,1.7,0.004,2.9,1.19,0.96,7.4,5.4,0.022,43,134,-53,32,140.5,1221,-930,291,3.6,0.007561,999999.99,99999.99,99999.99,99999.99,99999.99,99999.99,0,2003-03-27 16:00:00
2003,86,17,2315,51,52,61,37,7.5,5.8,29.8,310.0,3.2,-3.9,2.9,-4.8,1.0,0.3,4.4,2.0,2.2,3.3,156782.0,6.1,505.0,2.6,4.4,0.038,32626.0,0.6,14.0,1.7,2.7,0.006,2.99,-0.51,1.29,8.3,5.7,0.0172,43,134,-56,32,140.5,676,-401,275,2.1,0.007561,999999.99,99999.99,99999.99,99999.99,99999.99,99999.99,0,2003-03-27 17:00:00
2003,86,18,2315,51,52,58,36,7.3,6.0,26.8,348.0,5.3,-1.1,2.7,-2.2,1.9,0.3,3.8,1.9,2.1,2.6,143023.0,5.7,492.0,4.7,4.6,0.04,20190.0,0.7,20.0,1.8,1.9,0.008,2.67,-0.93,1.21,8.0,5.6,0.0184,30,134,-48,15,140.5,284,-139,145,0.7,0.007561,999999.99,99999.99,99999.99,99999.99,99999.99,99999.99,0,2003-03-27 18:00:00
2003,86,19,2315,51,52,62,37,7.6,6.8,9.8,324.4,5.4,-3.9,1.2,-4.0,-0.9,0.1,3.1,1.6,2.3,1.4,140484.0,5.7,486.0,2.3,3.8,0.038,23946.0,0.5,12.0,2.2,1.8,0.004,2.59,0.44,1.1,7.6,5.5,0.0204,30,134,-43,15,140.5,142,-40,102,0.4,0.007561,999999.99,99999.99,99999.99,99999.99,99999.99,99999.99,0,2003-03-27 19:00:00
2003,86,20,2315,51,52,59,37,7.5,6.3,16.4,345.1,5.8,-1.6,1.8,-2.3,0.7,0.1,3.9,1.1,3.5,1.3,130819.0,5.9,487.0,4.3,4.1,0.036,18621.0,0.3,8.0,3.3,1.5,0.003,2.67,-0.34,1.13,7.9,5.6,0.0191,30,134,-46,15,140.5,307,-176,131,1.0,0.007561,999999.99,99999.99,99999.99,99999.99,99999.99,99999.99,0,2003-03-27 20:00:00
2003,86,21,2315,51,52,58,36,7.6,7.0,-10.0,311.2,4.6,-5.2,-1.2,-3.7,-3.8,0.2,2.8,1.3,1.3,2.1,116931.0,6.0,492.0,1.1,1.0,0.032,13406.0,0.5,11.0,1.1,1.8,0.003,2.74,1.87,1.06,7.9,5.7,0.0189,33,134,-41,18,140.5,469,-312,158,1.9,0.007561,999999.99,99999.99,99999.99,99999.99,99999.99,99999.99,0,2003-03-27 21:00:00
2003,86,22,2315,51,52,61,33,7.5,6.7,-8.1,331.5,5.8,-3.2,-0.9,-2.2,-2.5,0.2,3.3,0.8,2.4,2.1,113164.0,5.6,480.0,2.5,0.7,0.033,17082.0,0.4,6.0,2.5,2.2,0.004,2.44,1.2,1.0,7.6,5.5,0.0207,33,134,-47,18,140.5,673,-451,222,3.3,0.007561,999999.99,99999.99,99999.99,99999.99,99999.99,99999.99,0,2003-03-27 22:00:00
2003,86,23,2315,51,52,59,36,7.5,7.0,-12.0,330.2,6.0,-3.4,-1.5,-2.0,-3.1,0.1,2.3,1.0,1.7,1.1,95868.0,5.2,472.0,1.6,0.4,0.027,15429.0,0.3,10.0,1.7,1.2,0.005,2.14,1.46,0.86,7.2,5.4,0.0231,33,134,-52,18,140.5,726,-451,275,3.5,0.007561,999999.99,99999.99,99999.99,99999.99,99999.99,99999.99,0,2003-03-27 23:00:00
2003,87,0,2316,51,52,58,34,7.8,7.6,-4.0,322.5,6.0,-4.6,-0.5,-3.6,-2.9,0.2,1.7,0.4,0.8,1.4,78599.0,4.6,462.0,-0.0,1.4,0.029,8164.0,0.3,7.0,1.0,1.8,0.004,1.83,1.34,0.65,6.4,5.1,0.0295,40,150,-50,27,146.4,473,-290,183,2.7,0.007855,999999.99,99999.99,99999.99,99999.99,99999.99,99999.99,0,2003-03-28 00:00:00
2003,87,1,2316,51,52,62,37,7.8,7.4,-10.7,324.6,5.9,-4.2,-1.4,-2.9,-3.4,0.1,2.1,1.3,1.2,1.2,83422.0,4.1,455.0,-0.1,0.2,0.037,17843.0,0.4,12.0,1.4,1.7,0.007,1.63,1.55,0.59,5.9,4.8,0.0341,40,150,-42,27,146.4,412,-249,164,2.2,0.007855,999999.99,99999.99,99999.99,99999.99,99999.99,99999.99,0,2003-03-28 01:00:00
2003,87,2,2316,51,52,60,36,7.6,7.2,-4.5,308.2,4.4,-5.6,-0.6,-4.6,-3.3,0.1,2.1,0.9,0.6,1.8,96037.0,4.5,468.0,-2.1,0.8,0.041,11993.0,0.4,9.0,0.6,2.1,0.003,1.92,1.54,0.73,6.5,5.1,0.0279,40,150,-32,27,146.4,349,-183,165,2.0,0.007855,999999.99,99999.99,99999.99,99999.99,99999.99,99999.99,0,2003-03-28 02:00:00
2003,87,3,2316,51,52,61,38,7.7,6.9,0.0,310.7,4.5,-5.2,0.0,-4.6,-2.4,0.1,3.0,1.3,1.4,2.4,91648.0,4.9,472.0,-1.4,1.7,0.041,13672.0,0.6,10.0,1.5,2.6,0.006,2.12,1.13,0.76,6.8,5.3,0.0258,40,150,-32,27,146.4,488,-345,143,2.6,0.007855,999999.99,99999.99,99999.99,99999.99,99999.99,99999.99,0,2003-03-28 03:00:00
2003,87,4,2316,51,52,63,38,7.4,5.7,-3.4,309.1,3.6,-4.4,-0.3,-3.9,-2.1,0.2,4.4,1.6,1.7,3.8,103924.0,5.4,481.0,-0.3,1.0,0.043,12185.0,0.4,15.0,1.5,3.4,0.004,2.45,1.01,0.95,7.6,5.6,0.0209,40,150,-31,27,146.4,417,-259,158,2.4,0.007855,999999.99,99999.99,99999.99,99999.99,99999.99,99999.99,0,2003-03-28 04:00:00
2003,87,5,2316,51,52,57,36,7.0,5.9,7.8,310.6,3.8,-4.5,0.8,-4.5,-0.9,0.1,3.5,0.9,1.4,3.1,120960.0,5.5,481.0,0.3,2.0,0.054,13394.0,0.4,9.0,1.3,2.7,0.003,2.58,0.43,1.16,8.1,5.7,0.0183,40,150,-30,27,146.4,235,-81,155,0.9,0.007855,999999.99,99999.99,99999.99,99999.99,99999.99,99999.99,0,2003-03-28 05:00:00
2003,87,6,2316,51,52,60,35,7.0,6.3,-38.8,303.7,2.7,-4.1,-4.0,-2.6,-5.1,0.2,2.9,0.9,1.3,2.4,96909.0,4.9,485.0,-0.2,-2.5,0.049,9510.0,0.3,7.0,1.4,2.3,0.004,2.3,2.47,0.94,7.7,5.7,0.0202,40,150,-30,27,146.4,372,-180,192,2.0,0.007855,999999.99,99999.99,99999.99,99999.99,99999.99,99999.99,0,2003-03-28 06:00:00
2003,87,7,2316,51,52,58,32,6.1,5.1,-8.0,315.7,3.6,-3.5,-0.7,-3.2,-1.7,0.4,3.3,1.4,1.8,2.4,112228.0,4.7,479.0,0.8,0.0,0.058,18922.0,0.3,10.0,1.7,2.3,0.007,2.22,0.81,1.26,8.5,5.9,0.0164,40,150,-33,27,146.4,716,-482,233,3.8,0.007855,999999.99,99999.99,99999.99,99999.99,99999.99,99999.99,0,2003-03-28 07:00:00
2003,87,8,2316,51,52,59,37,6.0,5.3,1.3,293.3,2.1,-4.8,0.1,-4.7,-1.1,0.2,2.6,1.6,1.1,1.8,119486.0,4.9,490.0,-0.9,0.5,0.056,15187.0,0.3,12.0,1.2,1.5,0.007,2.4,0.54,1.4,9.0,6.1,0.0146,40,150,-31,27,146.4,317,-150,167,2.2,0.007855,999999.99,99999.99,99999.99,99999.99,99999.99,99999.99,0,2003-03-28 08:00:00
2003,87,9,2316,51,52,62,38,5.5,4.4,-1.9,330.2,3.8,-2.2,-0.1,-2.1,-0.6,0.3,3.2,1.3,2.2,1.9,116002.0,4.6,478.0,1.1,0.3,0.062,17785.0,0.5,9.0,2.0,1.5,0.008,2.19,0.29,1.55,9.3,6.1,0.0137,23,150,-26,9,146.4,127,-32,95,0.2,0.007855,999999.99,99999.99,99999.99,99999.99,99999.99,99999.99,0,2003-03-28 09:00:00
2003,87,10,2316,51,52,61,35,5.6,4.1,35.5,315.4,2.4,-2.3,2.4,-2.8,1.8,0.4,3.6,1.1,2.6,2.3,118422.0,5.0,489.0,0.4,1.8,0.055,13266.0,0.4,9.0,2.1,1.7,0.006,2.44,-0.88,1.64,9.8,6.3,0.0125,23,150,-21,9,146.4,113,-28,85,-0.0,0.007855,999999.99,99999.99,99999.99,99999.99,99999.99,99999.99,0,2003-03-28 10:00:00
2003,87,11,2316,51,52,60,37,5.9,4.2,12.2,317.0,3.0,-2.8,0.9,-2.9,0.2,0.5,3.9,1.8,2.0,2.8,144743.0,6.0,497.0,1.2,0.4,0.065,22431.0,0.6,8.0,1.8,1.9,0.01,3.12,-0.1,1.96,10.3,6.3,0.0112,23,150,-16,9,146.4,116,-36,81,-0.4,0.007855,999999.99,99999.99,99999.99,99999.99,99999.99,99999.99,0,2003-03-28 11:00:00
2003,87,12,2316,51,52,63,38,6.5,4.2,33.9,10.5,3.4,0.6,2.4,0.0,2.5,0.4,4.6,2.1,2.4,3.4,160107.0,6.6,505.0,3.6,1.1,0.062,19940.0,0.6,14.0,1.4,2.1,0.014,3.51,-1.26,1.87,10.0,6.2,0.0119,20,150,-16,7,146.4,57,-26,31,-0.4,0.007855,999999.99,99999.99,99999.99,99999.99,99999.99,99999.99,0,2003-03-28 12:00:00
2003,87,13,2316,51,52,57,36,6.0,5.6,8.8,33.3,4.6,3.0,0.9,2.7,1.7,0.4,2.0,1.1,0.8,1.5,156046.0,6.8,498.0,4.3,-0.1,0.055,12947.0,0.3,7.0,0.5,0.7,0.004,3.44,-0.85,2.23,10.8,6.3,0.0102,20,150,-18,7,146.4,151,-119,32,0.0,0.007855,999999.99,99999.99,99999.99,99999.99,99999.99,99999.99,0,2003-03-28 13:00:00
2003,87,14,2316,51,52,65,39,5.9,4.5,13.2,40.9,3.3,2.8,1.0,2.4,1.8,0.4,3.8,3.3,1.0,1.7,153112.0,6.2,496.0,4.4,0.2,0.057,13773.0,0.3,19.0,0.5,1.1,0.007,3.13,-0.89,2.09,10.5,6.3,0.0109,20,150,-15,7,146.4,226,-183,43,-0.3,0.007855,999999.99,99999.99,99999.99,99999.99,99999.99,99999.99,0,2003-03-28 14:00:00
2003,87,15,2316,51,52,58,35,6.2,1.3,-3.7,246.4,-0.5,-1.2,-0.1,-1.1,-0.5,0.6,5.9,2.7,4.8,2.2,134232.0,6.3,515.0,1.4,-0.4,0.048,15539.0,0.4,15.0,2.9,1.4,0.004,3.33,0.26,1.79,10.4,6.5,0.0109,37,150,-12,22,146.4,259,-187,72,1.5,0.007855,999999.99,99999.99,99999.99,99999.99,99999.99,99999.99,0,2003-03-28 15:00:00
2003,87,16,2316,51,52,59,37,6.5,5.6,-18.3,270.2,0.0,-5.3,-1.8,-4.2,-3.7,0.4,3.1,1.3,1.2,2.6,126946.0,6.4,505.0,-1.1,-1.5,0.044,7637.0,0.3,8.0,0.5,1.5,0.003,3.21,1.87,1.61,9.8,6.4,0.0123,37,150,-20,22,146.4,738,-541,196,3.2,0.007855,999999.99,99999.99,99999.99,99999.99,99999.99,99999.99,0,2003-03-28 16:00:00
2003,87,17,2316,51,52,60,37,6.1,5.3,-4.3,266.1,-0.4,-5.3,-0.4,-4.6,-2.6,0.7,2.9,1.0,1.5,2.3,118430.0,5.7,505.0,-1.2,-0.6,0.042,19304.0,0.5,7.0,0.7,1.4,0.003,2.84,1.31,1.57,9.9,6.4,0.0122,37,150,-22,22,146.4,803,-611,192,3.7,0.007855,999999.99,99999.99,99999.99,99999.99,99999.99,99999.99,0,2003-03-28 17:00:00
2003,87,18,2316,51,52,58,36,6.0,4.8,-22.8,278.2,0.6,-4.4,-1.9,-3.0,-3.7,0.4,3.3,1.5,1.3,2.7,106589.0,6.2,495.0,-0.7,-1.8,0.038,12855.0,0.8,10.0,0.8,1.9,0.006,2.92,1.83,1.68,10.3,6.6,0.0113,43,150,-29,32,146.4,740,-545,196,3.1,0.007855,999999.99,99999.99,99999.99,99999.99,99999.99,99999.99,0,2003-03-28 18:00:00
2003,87,19,2316,51,52,60,37,5.5,5.4,-40.6,288.7,1.3,-3.9,-3.5,-1.6,-5.0,0.2,1.0,0.6,0.5,0.6,89108.0,7.2,490.0,-0.6,-3.2,0.029,9073.0,0.5,3.0,0.4,0.3,0.002,3.22,2.45,2.15,12.0,7.1,0.0083,43,150,-37,32,146.4,680,-467,213,3.1,0.007855,999999.99,99999.99,99999.99,99999.99,99999.99,99999.99,0,2003-03-28 19:00:00
2003,87,20,2316,51,52,60,37,5.8,5.6,-59.0,274.8,0.2,-2.9,-4.8,0.1,-5.6,0.2,1.2,0.6,0.8,0.6,82602.0,7.0,493.0,-0.2,-3.7,0.032,6775.0,0.4,2.0,0.6,0.6,0.004,3.2,2.76,1.83,11.2,7.0,0.0094,43,150,-41,32,146.4,583,-294,289,3.7,0.007855,999999.99,99999.99,99999.99,99999.99,99999.99,99999.99,0,2003-03-28 20:00:00
2003,87,21,2316,51,52,60,37,6.0,5.9,-70.7,264.1,-0.2,-1.9,-5.6,1.5,-5.7,0.2,1.2,0.4,1.1,0.3,80768.0,7.1,491.0,0.3,-3.8,0.035,7006.0,0.6,3.0,0.6,0.6,0.004,3.26,2.8,1.72,10.9,6.9,0.01,57,150,-50,67,146.4,587,-348,239,4.3,0.007855,999999.99,99999.99,99999.99,99999.99,99999.99,99999.99,0,2003-03-28 21:00:00
2003,87,22,2316,51,52,59,37,6.7,6.3,-42.6,268.6,-0.1,-4.6,-4.3,-1.5,-6.1,0.2,2.1,0.8,1.3,1.5,76964.0,6.7,486.0,-1.2,-3.5,0.037,6225.0,0.3,3.0,1.0,0.6,0.002,3.03,2.96,1.27,9.4,6.5,0.0135,57,150,-50,67,146.4,890,-636,254,5.0,0.007855,999999.99,99999.99,99999.99,99999.99,99999.99,99999.99,0,2003-03-28 22:00:00
2003,87,23,2316,51,52,61,36,6.5,4.8,-79.5,192.1,-0.8,-0.2,-4.7,2.4,-4.0,0.2,4.4,1.1,3.7,2.1,84503.0,6.7,489.0,1.3,-4.5,0.035,9316.0,0.4,7.0,2.0,1.5,0.003,3.05,1.96,1.4,9.7,6.5,0.0125,57,150,-55,67,146.4,493,-281,211,3.0,0.007855,999999.99,99999.99,99999.99,99999.99,99999.99,99999.99,0,2003-03-28 23:00:00
2003,88,0,2316,51,52,55,31,6.7,5.4,-48.3,106.8,-1.0,3.5,-4.1,5.2,-1.6,0.2,3.7,2.6,1.9,1.7,70910.0,5.9,489.0,4.6,-3.8,0.037,8914.0,0.4,20.0,1.3,1.6,0.003,2.7,0.78,1.09,8.9,6.4,0.0151,50,185,-49,48,154.6,386,-203,183,2.9,0.008025,999999.99,99999.99,99999.99,99999.99,99999.99,99999.99,0,2003-03-29 00:00:00
2003,88,1,2316,51,52,61,37,6.7,6.1,-74.4,305.0,0.9,-1.3,-5.8,1.9,-5.6,0.2,2.6,2.1,1.5,0.6,68062.0,5.8,468.0,1.5,-5.8,0.035,10985.0,0.5,12.0,1.2,0.5,0.003,2.42,2.62,1.06,8.4,6.1,0.0168,50,185,-49,48,154.6,806,-589,217,4.2,0.008025,999999.99,99999.99,99999.99,99999.99,99999.99,99999.99,0,2003-03-29 01:00:00
2003,88,2,2316,51,52,61,38,6.5,6.1,-65.7,260.7,-0.4,-2.5,-5.5,0.5,-6.0,0.1,2.1,1.6,1.2,0.7,64968.0,5.8,470.0,0.9,-5.9,0.04,9936.0,0.3,7.0,0.9,0.4,0.005,2.48,2.82,1.1,8.7,6.2,0.0157,50,185,-58,48,154.6,558,-404,154,3.5,0.008025,999999.99,99999.99,99999.99,99999.99,99999.99,99999.99,0,2003-03-29 02:00:00
2003,88,3,2316,51,52,60,36,6.6,6.4,-41.7,250.2,-1.6,-4.5,-4.3,-2.1,-5.9,0.1,1.1,0.7,0.6,0.7,48736.0,5.9,467.0,-0.5,-5.0,0.041,4251.0,0.2,5.0,0.4,0.7,0.003,2.5,2.76,1.0,8.6,6.3,0.0161,47,185,-57,39,154.6,652,-409,243,3.8,0.008025,999999.99,99999.99,99999.99,99999.99,99999.99,99999.99,0,2003-03-29 03:00:00
2003,88,4,2316,51,52,57,35,6.9,6.7,-43.8,252.2,-1.5,-4.6,-4.6,-2.3,-6.1,0.1,1.4,0.7,0.7,1.0,43171.0,6.0,460.0,-0.7,-4.4,0.04,4208.0,0.3,6.0,0.6,0.8,0.003,2.46,2.81,0.9,8.2,6.1,0.0178,47,185,-62,39,154.6,713,-474,239,4.7,0.008025,999999.99,99999.99,99999.99,99999.99,99999.99,99999.99,0,2003-03-29 04:00:00
2003,88,5,2316,51,52,61,38,5.6,5.1,-59.7,288.8,0.8,-2.4,-4.4,-0.6,-5.0,0.8,2.5,2.0,0.9,1.3,65779.0,8.1,451.0,0.1,-2.8,0.039,7533.0,1.9,9.0,0.7,1.4,0.004,3.18,2.25,2.09,11.5,6.8,0.0091,47,185,-62,39,154.6,419,-225,194,3.8,0.008025,999999.99,99999.99,99999.99,99999.99,99999.99,99999.99,0,2003-03-29 05:00:00
2003,88,6,2316,51,52,59,36,4.3,4.0,-20.9,356.7,3.7,-0.2,-1.4,0.3,-1.4,0.3,1.5,0.9,0.7,1.0,56312.0,12.0,442.0,1.0,0.2,0.035,7796.0,0.6,2.0,0.3,0.6,0.002,4.46,0.62,4.99,17.8,7.7,0.0038,37,185,-63,22,154.6,318,-150,167,2.1,0.008025,999999.99,99999.99,99999.99,99999.99,99999.99,99999.99,0,2003-03-29 06:00:00
2003,88,7,2316,51,52,60,35,4.5,4.4,-6.9,2.1,4.3,0.2,-0.5,0.3,-0.4,0.1,1.2,0.2,0.3,1.1,52227.0,12.0,439.0,1.1,0.1,0.032,3087.0,0.3,1.0,0.1,0.4,0.001,4.36,0.18,4.45,16.9,7.7,0.0042,37,185,-55,22,154.6,348,-149,199,1.3,0.008025,999999.99,99999.99,99999.99,99999.99,99999.99,99999.99,0,2003-03-29 07:00:00
2003,88,8,2316,51,52,59,37,4.7,4.5,-3.5,7.0,4.4,0.5,-0.3,0.6,-0.2,0.1,1.2,0.2,0.2,1.2,55593.0,11.9,437.0,1.0,0.3,0.032,3963.0,0.2,2.0,0.1,0.3,0.001,4.28,0.09,4.12,16.0,7.5,0.0046,37,185,-46,22,154.6,331,-209,122,1.3,0.008025,999999.99,99999.99,99999.99,99999.99,99999.99,99999.99,0,2003-03-29 08:00:00
2003,88,9,2316,51,52,60,37,4.5,4.3,-9.7,359.8,4.2,0.0,-0.7,0.2,-0.7,0.1,1.3,0.4,0.6,1.1,58712.0,11.3,436.0,0.5,0.3,0.035,4933.0,0.4,1.0,0.2,0.4,0.002,4.09,0.31,4.34,16.3,7.5,0.0045,30,185,-40,15,154.6,180,-76,104,1.2,0.008025,999999.99,99999.99,99999.99,99999.99,99999.99,99999.99,0,2003-03-29 09:00:00
2003,88,10,2316,51,52,60,37,4.8,4.7,4.9,2.0,4.6,0.2,0.4,0.1,0.4,0.1,0.9,0.2,0.5,0.7,58707.0,11.9,434.0,0.2,0.5,0.037,6198.0,0.4,1.0,0.2,0.3,0.001,4.3,-0.17,4.02,15.6,7.4,0.0049,30,185,-38,15,154.6,182,-94,89,1.1,0.008025,999999.99,99999.99,99999.99,99999.99,99999.99,99999.99,0,2003-03-29 10:00:00
2003,88,11,2316,51,52,59,35,5.1,5.1,3.5,348.0,5.0,-1.1,0.3,-1.1,0.0,0.3,0.7,0.2,0.5,0.5,54909.0,11.8,430.0,-0.5,0.5,0.037,3501.0,0.2,2.0,0.4,0.4,0.002,4.18,-0.0,3.46,14.5,7.3,0.0057,30,185,-40,15,154.6,305,-157,147,0.8,0.008025,999999.99,99999.99,99999.99,99999.99,99999.99,99999.99,0,2003-03-29 11:00:00
2003,88,12,2316,51,52,59,37,5.6,4.8,-23.1,335.4,4.0,-1.8,-1.9,-1.3,-2.3,0.1,2.9,1.2,0.7,2.6,47299.0,12.0,422.0,-1.4,0.7,0.03,4296.0,0.6,4.0,0.3,0.7,0.002,4.0,0.97,2.8,13.1,7.1,0.007,40,185,-41,27,154.6,386,-335,51,0.9,0.008025,999999.99,99999.99,99999.99,99999.99,99999.99,99999.99,0,2003-03-29 12:00:00
2003,88,13,2316,51,52,60,37,6.4,6.3,-50.3,329.9,3.5,-2.0,-4.8,-0.7,-5.2,0.5,0.9,0.6,0.5,0.4,40817.0,11.8,420.0,-1.8,-0.1,0.03,3210.0,1.2,2.0,0.3,0.3,0.002,3.89,2.18,2.03,11.3,6.8,0.0094,40,185,-39,27,154.6,504,-347,157,1.7,0.008025,999999.99,99999.99,99999.99,99999.99,99999.99,99999.99,0,2003-03-29 13:00:00
2003,88,14,2316,51,52,60,37,7.1,7.0,-57.7,340.4,3.5,-1.3,-5.9,0.5,-6.0,0.5,1.3,0.8,0.8,0.7,34703.0,11.6,419.0,-2.2,-0.8,0.03,4137.0,0.8,2.0,0.2,0.3,0.002,3.81,2.51,1.56,10.0,6.6,0.0118,40,185,-39,27,154.6,698,-399,299,2.1,0.008025,999999.99,99999.99,99999.99,99999.99,99999.99,99999.99,0,2003-03-29 14:00:00
2003,88,15,2316,51,52,59,36,7.6,7.6,-63.2,346.2,3.3,-0.8,-6.8,1.5,-6.7,0.2,1.1,0.4,0.8,0.5,36211.0,11.9,418.0,-2.2,-0.7,0.03,4031.0,0.6,2.0,0.4,0.7,0.002,3.89,2.8,1.41,9.5,6.4,0.0132,43,185,-43,32,154.6,910,-630,280,2.4,0.008025,999999.99,99999.99,99999.99,99999.99,99999.99,99999.99,0,2003-03-29 15:00:00
2003,88,16,2316,51,52,59,34,7.2,7.0,-67.2,15.4,2.6,0.7,-6.5,3.1,-5.8,0.2,1.4,0.5,1.3,0.3,42080.0,14.8,414.0,-2.5,-1.0,0.031,2782.0,0.6,2.0,0.6,0.3,0.001,4.76,2.4,2.02,11.1,6.7,0.0097,43,185,-46,32,154.6,1116,-801,315,3.3,0.008025,999999.99,99999.99,99999.99,99999.99,99999.99,99999.99,0,2003-03-29 16:00:00
2003,88,17,2316,51,52,58,34,7.8,7.5,-60.2,323.1,3.0,-2.2,-6.5,0.7,-6.8,0.9,2.2,0.7,1.4,1.5,40536.0,13.3,412.0,-3.9,-1.7,0.024,6664.0,2.2,5.0,0.9,1.3,0.007,4.13,2.8,1.54,9.6,6.3,0.0128,43,185,-51,32,154.6,868,-580,288,3.1,0.008025,999999.99,99999.99,99999.99,99999.99,99999.99,99999.99,0,2003-03-29 17:00:00
2003,88,18,2316,51,52,59,36,9.3,8.7,-55.3,326.0,4.1,-2.8,-7.1,0.8,-7.6,0.4,3.2,1.7,1.7,2.1,28088.0,11.5,400.0,-5.1,-3.2,0.02,3626.0,1.2,6.0,0.9,0.9,0.004,3.32,3.04,0.87,7.3,5.5,0.0224,53,185,-53,56,154.6,763,-512,251,4.1,0.008025,999999.99,99999.99,99999.99,99999.99,99999.99,99999.99,0,2003-03-29 18:00:00
2003,88,19,2316,51,52,60,37,9.2,9.0,-64.6,349.1,3.8,-0.7,-8.1,3.4,-7.4,0.3,1.9,0.9,1.5,0.7,39551.0,13.3,393.0,-4.1,-2.8,0.037,4639.0,0.7,4.0,1.1,0.7,0.006,3.94,2.91,1.1,7.8,5.6,0.0196,53,185,-62,56,154.6,782,-417,366,4.3,0.008025,999999.99,99999.99,99999.99,99999.99,99999.99,99999.99,0,2003-03-29 19:00:00
2003,88,20,2316,51,52,59,36,9.4,8.9,-47.6,32.7,5.1,3.2,-6.6,6.2,-3.9,0.4,2.8,1.6,1.2,1.9,38345.0,12.2,387.0,-0.9,-2.4,0.038,6602.0,1.0,9.0,1.0,1.1,0.008,3.52,1.51,0.96,7.2,5.3,0.023,53,185,-70,56,154.6,559,-279,280,3.4,0.008025,999999.99,99999.99,99999.99,99999.99,99999.99,99999.99,0,2003-03-29 20:00:00
2003,88,21,2316,51,52,61,38,10.2,9.9,-62.8,48.3,3.0,3.4,-8.8,7.6,-5.5,0.4,2.2,1.1,1.6,0.9,31561.0,13.7,391.0,0.1,-2.8,0.026,5800.0,1.5,3.0,0.5,0.5,0.005,3.86,2.15,0.88,7.1,5.4,0.0236,53,185,-70,56,154.6,483,-213,270,3.1,0.008025,999999.99,99999.99,99999.99,99999.99,99999.99,99999.99,0,2003-03-29 21:00:00
2003,88,22,2316,51,52,65,40,10.2,8.2,-55.7,36.0,3.7,2.7,-6.8,6.0,-4.2,1.0,6.0,3.6,3.5,3.3,42401.0,16.3,407.0,-0.5,-0.6,0.026,11560.0,5.1,18.0,2.2,2.1,0.005,4.98,1.71,1.11,8.1,5.8,0.0183,53,185,-61,56,154.6,664,-450,214,3.9,0.008025,999999.99,99999.99,99999.99,99999.99,99999.99,99999.99,0,2003-03-29 22:00:00
2003,88,23,2316,51,52,61,38,9.8,9.5,-87.4,127.8,-0.3,0.3,-9.5,5.5,-7.8,0.4,2.2,1.2,1.8,0.6,51530.0,19.6,428.0,-1.4,0.0,0.028,10116.0,1.6,5.0,1.0,0.5,0.004,6.67,3.34,1.53,9.7,6.3,0.0127,53,185,-67,56,154.6,449,-269,181,3.9,0.008025,999999.99,99999.99,99999.99,99999.99,99999.99,99999.99,0,2003-03-29 23:00:00
2003,89,0,2316,51,52,61,37,9.9,9.0,-71.0,163.1,-2.8,0.9,-8.5,5.3,-6.7,0.6,3.9,1.7,2.8,2.1,67933.0,19.0,436.0,-0.3,-0.3,0.042,13510.0,1.7,6.0,0.6,0.8,0.009,7.05,2.92,1.58,9.6,6.2,0.0129,53,185,-59,56,154.2,896,-709,187,5.6,0.008203,999999.99,99999.99,99999.99,99999.99,99999.99,99999.99,0,2003-03-30 00:00:00
2003,89,1,2316,51,52,58,34,11.1,5.0,-39.4,53.8,2.3,3.1,-3.2,4.3,-1.1,1.2,9.9,4.7,3.1,8.1,76723.0,23.3,434.0,-0.5,-0.5,0.057,13234.0,2.9,8.0,0.6,1.9,0.014,9.0,0.48,1.61,9.4,6.1,0.0134,53,185,-59,56,154.2,523,-300,223,2.5,0.008203,999999.99,99999.99,99999.99,99999.99,99999.99,99999.99,0,2003-03-30 01:00:00
2003,89,2,2316,51,52,61,37,10.3,8.1,74.8,4.8,2.1,0.2,7.8,-3.6,6.9,0.9,6.4,2.4,5.5,2.2,108955.0,21.2,430.0,-1.0,1.8,0.062,18339.0,2.9,4.0,1.0,0.7,0.007,8.17,-2.97,1.97,9.6,5.8,0.0129,53,185,-45,56,154.2,208,-134,74,0.1,0.008203,999999.99,99999.99,99999.99,99999.99,99999.99,99999.99,0,2003-03-30 02:00:00
2003,89,3,2316,51,52,63,39,9.3,5.8,56.1,280.7,0.6,-3.2,4.8,-5.0,2.8,1.4,7.1,2.5,6.1,2.8,183897.0,14.4,439.0,-2.0,-0.8,0.04,28663.0,2.7,6.0,1.0,1.4,0.006,5.38,-1.23,2.16,9.0,5.3,0.0148,37,185,-46,22,154.2,130,-45,86,-0.0,0.008203,999999.99,99999.99,99999.99,99999.99,99999.99,99999.99,0,2003-03-30 03:00:00
2003,89,4,2316,51,52,62,37,11.7,10.6,19.9,271.5,0.3,-10.0,3.6,-10.6,-0.8,0.5,4.6,1.6,1.5,4.1,234998.0,9.0,454.0,-2.5,-2.4,0.037,14249.0,0.9,7.0,0.6,1.4,0.006,3.56,0.36,0.99,5.8,4.3,0.0351,37,185,-48,22,154.2,418,-216,203,1.6,0.008203,999999.99,99999.99,99999.99,99999.99,99999.99,99999.99,0,2003-03-30 04:00:00
2003,89,5,2316,51,52,58,30,13.2,11.6,21.6,275.6,1.0,-10.7,4.3,-11.5,0.1,0.4,5.8,3.8,2.7,3.4,203546.0,7.6,470.0,-0.6,-2.1,0.041,24153.0,0.6,20.0,1.2,2.5,0.008,3.26,-0.05,0.6,4.9,4.0,0.0494,37,185,-48,22,154.2,387,-200,187,1.6,0.008203,999999.99,99999.99,99999.99,99999.99,99999.99,99999.99,0,2003-03-30 05:00:00
2003,89,6,2316,51,52,65,35,13.4,11.7,11.7,284.4,2.8,-11.1,2.4,-11.3,-1.3,0.5,6.1,3.8,1.9,4.4,170892.0,7.4,470.0,-0.0,-1.3,0.038,33667.0,0.8,26.0,1.3,3.3,0.007,3.14,0.61,0.51,4.8,4.0,0.0523,40,185,-50,27,154.2,491,-207,284,2.0,0.008203,999999.99,99999.99,99999.99,99999.99,99999.99,99999.99,0,2003-03-30 06:00:00
2003,89,7,2316,51,52,56,33,13.3,12.2,2.8,292.4,4.7,-11.3,0.6,-11.0,-2.7,0.3,4.6,1.6,1.2,4.1,155927.0,7.7,474.0,-0.9,-2.2,0.036,21503.0,0.8,8.0,0.8,2.6,0.006,3.31,1.28,0.51,4.9,4.1,0.0486,40,185,-49,27,154.2,422,-166,256,1.3,0.008203,999999.99,99999.99,99999.99,99999.99,99999.99,99999.99,0,2003-03-30 07:00:00
2003,89,8,2316,51,52,58,30,12.9,11.7,1.1,311.4,7.8,-8.8,0.2,-8.6,-2.0,0.3,4.9,1.7,2.2,4.1,127682.0,8.1,457.0,-1.8,-3.6,0.037,20535.0,0.6,16.0,1.4,3.2,0.005,3.24,0.91,0.52,5.0,4.2,0.0468,40,185,-48,27,154.2,635,-296,339,3.5,0.008203,999999.99,99999.99,99999.99,99999.99,99999.99,99999.99,0,2003-03-30 08:00:00
2003,89,9,2316,51,52,61,37,13.1,12.1,23.7,296.3,4.9,-9.9,4.9,-10.8,2.5,0.3,4.6,3.4,2.0,2.3,107921.0,8.5,476.0,-3.0,-0.6,0.029,17923.0,1.0,23.0,1.6,2.1,0.003,3.59,-1.19,0.49,5.3,4.4,0.0424,40,185,-45,27,154.2,352,-105,247,0.6,0.008203,999999.99,99999.99,99999.99,99999.99,99999.99,99999.99,0,2003-03-30 09:00:00
2003,89,10,2316,51,52,63,40,13.1,11.7,23.9,300.9,5.5,-9.2,4.7,-10.0,2.5,0.7,5.8,3.2,2.1,4.3,124671.0,7.8,478.0,-2.9,-0.5,0.033,41485.0,0.9,20.0,1.4,2.6,0.009,3.37,-1.2,0.48,5.1,4.3,0.0458,40,185,-38,27,154.2,189,-31,157,0.0,0.008203,999999.99,99999.99,99999.99,99999.99,99999.99,99999.99,0,2003-03-30 10:00:00
2003,89,11,2316,51,52,63,31,12.4,10.5,11.9,297.4,4.7,-9.1,2.2,-9.4,0.1,1.1,6.4,3.4,1.5,5.2,326776.0,5.0,540.0,1.2,-1.1,0.032,168588.0,0.6,28.0,1.9,2.9,0.006,2.75,-0.05,0.62,4.9,3.9,0.0502,40,185,-38,27,154.2,271,-135,136,1.2,0.008203,999999.99,99999.99,99999.99,99999.99,99999.99,99999.99,0,2003-03-30 11:00:00
2003,89,12,2316,51,52,60,33,11.1,10.2,10.8,296.1,4.4,-9.0,1.9,-9.2,-0.3,0.3,3.9,1.7,1.3,3.3,451351.0,4.6,560.0,2.1,0.7,0.036,47302.0,0.4,15.0,0.9,2.5,0.009,2.76,0.17,0.9,5.4,4.1,0.0406,40,185,-37,27,154.2,356,-238,118,0.9,0.008203,999999.99,99999.99,99999.99,99999.99,99999.99,99999.99,0,2003-03-30 12:00:00
2003,89,13,2316,51,52,59,35,10.7,9.9,-12.2,299.0,4.7,-8.4,-2.1,-7.6,-4.2,0.3,3.7,1.3,1.0,3.4,434602.0,3.8,568.0,2.0,-1.5,0.032,45466.0,0.6,11.0,0.8,2.5,0.004,2.31,2.39,0.78,5.2,4.0,0.0444,40,185,-40,27,154.2,406,-267,138,3.6,0.008203,999999.99,99999.99,99999.99,99999.99,99999.99,99999.99,0,2003-03-30 13:00:00
2003,89,14,2316,51,52,67,30,9.8,8.0,-4.6,309.8,5.1,-6.1,-0.6,-5.7,-2.4,0.5,5.3,2.7,1.9,4.1,546526.0,3.0,589.0,3.8,0.5,0.041,124595.0,0.4,35.0,1.9,4.2,0.0,2.02,1.41,0.88,5.2,3.9,0.0439,40,185,-44,27,154.2,483,-271,212,2.6,0.008203,999999.99,99999.99,99999.99,99999.99,99999.99,99999.99,0,2003-03-30 14:00:00
2003,89,15,2316,51,52,56,25,9.1,7.5,-15.5,302.1,3.9,-6.1,-2.0,-5.1,-3.9,0.4,4.9,2.8,2.5,3.2,556858.0,2.8,614.0,2.6,-2.1,0.031,83469.0,0.3,27.0,1.3,3.7,0.003,1.98,2.39,0.96,5.6,4.2,0.0373,47,185,-42,39,154.2,620,-365,254,2.6,0.008203,999999.99,99999.99,99999.99,99999.99,99999.99,99999.99,0,2003-03-30 15:00:00
2003,89,16,2316,51,52,60,28,8.9,7.8,-9.7,319.3,5.8,-5.0,-1.3,-4.1,-3.1,0.2,3.7,1.3,1.7,3.1,525269.0,2.7,589.0,5.2,-1.5,0.032,82505.0,0.4,21.0,2.6,4.1,0.0,1.76,1.83,0.93,5.4,4.1,0.0402,47,185,-42,39,154.2,489,-221,268,2.5,0.008203,999999.99,99999.99,99999.99,99999.99,99999.99,99999.99,0,2003-03-30 16:00:00
2003,89,17,2316,51,52,60,30,9.0,7.3,-9.7,301.7,3.8,-6.1,-1.2,-5.0,-3.7,0.4,4.8,2.9,2.0,3.2,555349.0,2.8,613.0,3.9,-0.7,0.028,66815.0,0.4,37.0,2.3,3.5,0.007,1.95,2.27,0.98,5.7,4.2,0.0366,47,185,-46,39,154.2,788,-389,399,4.2,0.008203,999999.99,99999.99,99999.99,99999.99,99999.99,99999.99,0,2003-03-30 17:00:00
2003,89,18,2316,51,52,63,21,8.6,7.3,-11.2,311.3,4.7,-5.4,-1.4,-4.1,-3.7,0.3,4.3,2.6,1.4,3.0,498745.0,2.6,609.0,3.8,-1.5,0.034,74994.0,0.5,34.0,1.9,4.1,0.011,1.83,2.25,0.92,5.7,4.3,0.0365,50,185,-51,48,154.2,808,-464,344,3.9,0.008203,999999.99,99999.99,99999.99,99999.99,99999.99,99999.99,0,2003-03-30 18:00:00
2003,89,19,2316,51,52,60,25,8.1,4.6,-23.2,351.2,4.1,-0.6,-1.8,0.4,-1.9,0.5,6.3,2.7,4.4,3.7,628953.0,3.0,631.0,10.1,-1.4,0.017,143410.0,0.5,40.0,4.0,4.0,0.0,2.13,1.2,1.44,6.7,4.5,0.0261,50,185,-57,48,154.2,632,-326,306,3.5,0.008203,999999.99,99999.99,99999.99,99999.99,99999.99,99999.99,0,2003-03-30 19:00:00
2003,89,20,2316,51,52,59,31,9.2,8.4,-19.9,300.4,4.0,-6.8,-2.9,-4.3,-6.0,0.2,3.3,1.9,1.0,2.5,537817.0,2.8,622.0,3.3,-2.6,9.999,109008.0,0.3,24.0,1.3,2.8,9.999,2.17,3.73,0.92,5.7,4.2,0.0372,50,185,-57,48,154.2,770,-463,306,5.1,0.008203,999999.99,99999.99,99999.99,99999.99,99999.99,99999.99,0,2003-03-30 20:00:00
2003,89,21,2316,51,52,59,31,9.3,8.7,-20.6,290.0,2.8,-7.7,-3.1,-4.8,-6.8,0.1,2.7,1.1,1.2,2.2,453034.0,2.5,624.0,2.5,-2.6,0.014,54447.0,0.3,15.0,1.8,2.4,0.0,1.72,4.24,0.7,5.3,4.2,0.0423,57,185,-65,67,154.2,940,-685,255,6.5,0.008203,999999.99,99999.99,99999.99,99999.99,99999.99,99999.99,0,2003-03-30 21:00:00
2003,89,22,2316,51,52,62,33,8.8,7.9,-4.2,276.9,0.9,-7.8,-0.6,-6.2,-4.8,0.1,3.5,1.4,0.8,3.1,592364.0,2.8,635.0,1.7,-1.3,0.027,55966.0,0.2,20.0,1.2,3.5,0.001,2.09,3.05,1.08,6.0,4.3,0.0326,57,185,-76,67,154.2,528,-371,157,4.4,0.008203,999999.99,99999.99,99999.99,99999.99,99999.99,99999.99,0,2003-03-30 22:00:00
2003,89,23,2316,51,52,60,34,8.9,7.6,34.0,276.0,0.7,-6.3,4.2,-7.6,0.0,0.5,4.3,1.5,2.2,3.4,596548.0,3.0,629.0,4.1,1.8,0.03,100248.0,0.3,17.0,1.9,2.4,0.006,2.22,-0.0,1.14,6.1,4.3,0.0318,57,185,-67,67,154.2,490,-269,221,3.6,0.008203,999999.99,99999.99,99999.99,99999.99,99999.99,99999.99,0,2003-03-30 23:00:00
2003,90,0,2316,51,52,58,33,8.1,6.4,58.5,305.1,1.9,-2.7,5.5,-5.2,3.2,0.7,4.8,3.0,1.9,3.2,560197.0,3.0,619.0,6.0,2.2,0.031,146232.0,0.5,41.0,2.3,2.7,0.008,2.16,-1.98,1.31,6.6,4.5,0.0272,33,168,-61,18,159.8,347,-180,167,0.5,0.008356,999999.99,99999.99,99999.99,99999.99,99999.99,99999.99,0,2003-03-31 00:00:00
2003,90,1,2316,51,52,58,34,8.5,7.9,75.6,127.8,-1.2,1.5,7.6,-2.6,7.3,0.6,3.0,1.5,2.3,1.2,397989.0,3.0,639.0,6.7,2.1,0.024,104183.0,0.3,20.0,2.1,0.6,0.004,2.24,-4.66,0.91,6.5,4.9,0.0281,33,168,-56,18,159.8,105,-20,85,-1.2,0.008356,999999.99,99999.99,99999.99,99999.99,99999.99,99999.99,0,2003-03-31 01:00:00
2003,90,2,2316,51,52,60,35,8.5,7.4,36.2,294.3,2.4,-5.4,4.3,-6.8,1.1,0.6,4.2,2.0,2.3,2.9,213441.0,3.7,612.0,-2.3,1.6,0.028,65343.0,0.7,14.0,2.1,2.1,0.006,2.57,-0.67,0.73,6.9,5.4,0.0248,33,168,-50,18,159.8,163,-48,115,0.3,0.008356,999999.99,99999.99,99999.99,99999.99,99999.99,99999.99,0,2003-03-31 02:00:00
2003,90,3,2316,51,52,63,39,9.5,8.7,42.7,61.5,3.0,5.6,5.9,2.4,7.8,0.9,3.9,1.8,1.9,2.8,172268.0,3.7,618.0,3.9,0.2,0.033,76506.0,0.8,14.0,1.2,1.6,0.006,2.67,-4.82,0.51,6.3,5.2,0.0304,23,168,-50,9,159.8,156,-73,83,-0.1,0.008356,999999.99,99999.99,99999.99,99999.99,99999.99,99999.99,0,2003-03-31 03:00:00
2003,90,4,2316,51,52,62,37,9.9,9.4,45.8,99.0,-1.0,6.5,6.8,3.2,8.9,0.5,3.0,1.7,1.4,2.1,168923.0,3.9,645.0,3.8,0.2,0.027,14333.0,0.3,14.0,0.8,1.4,0.003,3.0,-5.74,0.49,6.4,5.4,0.0287,23,168,-42,9,159.8,50,-2,48,-1.1,0.008356,999999.99,99999.99,99999.99,99999.99,99999.99,99999.99,0,2003-03-31 04:00:00
2003,90,5,2316,51,52,59,37,10.6,9.9,86.2,8.1,0.7,0.1,9.9,-3.5,9.3,0.3,3.6,2.5,2.4,0.9,166785.0,3.9,624.0,0.6,3.3,0.028,25907.0,0.3,13.0,1.8,1.2,0.003,2.82,-5.8,0.43,5.8,5.0,0.0352,23,168,-33,9,159.8,56,-10,46,-1.3,0.008356,999999.99,99999.99,99999.99,99999.99,99999.99,99999.99,0,2003-03-31 05:00:00
2003,90,6,2316,51,52,60,35,12.4,11.2,44.7,244.1,-3.5,-7.1,7.9,-9.3,5.2,0.6,5.4,2.4,2.2,4.3,131730.0,3.7,634.0,-3.2,2.3,0.019,20225.0,0.8,16.0,1.1,2.3,0.003,2.67,-3.3,0.26,4.9,4.4,0.0492,30,168,-28,15,159.8,113,-28,85,-0.6,0.008356,999999.99,99999.99,99999.99,99999.99,99999.99,99999.99,0,2003-03-31 06:00:00
2003,90,7,2316,51,52,58,33,11.9,10.9,6.2,251.4,-3.4,-10.2,1.2,-10.1,-1.8,0.4,4.5,3.1,1.8,2.7,166726.0,4.5,623.0,-5.1,-0.7,0.025,28763.0,0.3,18.0,1.5,1.6,0.004,3.21,1.12,0.39,5.6,4.8,0.0386,30,168,-34,15,159.8,240,-120,120,-0.1,0.008356,999999.99,99999.99,99999.99,99999.99,99999.99,99999.99,0,2003-03-31 07:00:00
2003,90,8,2316,51,52,57,35,11.3,11.2,-5.5,270.1,0.0,-11.2,-1.1,-10.6,-3.9,0.2,1.3,1.1,0.2,0.7,171312.0,4.0,601.0,-7.2,-2.6,0.026,9590.0,0.3,11.0,0.3,0.8,0.002,2.66,2.34,0.39,5.3,4.6,0.042,30,168,-41,15,159.8,534,-313,221,2.1,0.008356,999999.99,99999.99,99999.99,99999.99,99999.99,99999.99,0,2003-03-31 08:00:00
2003,90,9,2316,51,52,60,37,10.9,10.8,-11.0,273.7,0.7,-10.6,-2.1,-9.8,-4.5,0.2,1.2,0.9,0.3,0.8,159187.0,3.6,575.0,-7.5,-1.6,0.029,27463.0,0.4,8.0,0.7,0.9,0.002,2.22,2.59,0.36,5.0,4.4,0.0475,47,168,-52,39,159.8,419,-254,165,1.7,0.008356,999999.99,99999.99,99999.99,99999.99,99999.99,99999.99,0,2003-03-31 09:00:00
2003,90,10,2316,51,52,59,35,10.6,10.1,-16.6,268.2,-0.3,-9.7,-2.9,-8.8,-5.0,0.3,3.2,1.3,1.2,2.6,147432.0,3.9,586.0,-6.0,-0.7,0.021,22553.0,0.7,10.0,0.9,1.7,0.004,2.42,2.93,0.4,5.5,4.7,0.0399,47,168,-53,39,159.8,505,-436,69,2.9,0.008356,999999.99,99999.99,99999.99,99999.99,99999.99,99999.99,0,2003-03-31 10:00:00
2003,90,11,2316,51,52,58,34,10.1,9.4,-19.0,302.3,4.7,-7.5,-3.0,-6.6,-4.6,0.4,3.6,2.0,0.9,2.8,177288.0,3.2,553.0,-5.9,0.3,0.031,33190.0,0.2,13.0,1.0,2.6,0.004,1.84,2.54,0.4,4.9,4.2,0.0496,47,168,-56,39,159.8,564,-459,105,4.3,0.008356,999999.99,99999.99,99999.99,99999.99,99999.99,99999.99,0,2003-03-31 11:00:00
2003,90,12,2316,51,52,62,36,9.4,7.7,-65.5,315.5,2.3,-2.3,-7.0,-0.6,-7.3,0.3,5.1,3.2,3.3,2.3,188891.0,3.0,561.0,-1.1,-0.9,0.033,35571.0,0.5,28.0,3.7,2.2,0.008,1.78,4.1,0.45,5.2,4.4,0.0445,57,168,-59,67,159.8,523,-365,158,2.7,0.008356,999999.99,99999.99,99999.99,99999.99,99999.99,99999.99,0,2003-03-31 12:00:00
2003,90,13,2316,51,52,58,36,9.1,8.7,-59.4,333.1,4.0,-2.0,-7.5,0.0,-7.8,0.3,2.5,1.6,1.6,1.3,120911.0,3.4,546.0,-0.3,-2.9,0.028,33057.0,0.6,10.0,1.4,1.2,0.003,1.88,4.26,0.43,5.5,4.7,0.0389,57,168,-61,67,159.8,842,-609,233,3.1,0.008356,999999.99,99999.99,99999.99,99999.99,99999.99,99999.99,0,2003-03-31 13:00:00
2003,90,14,2316,51,52,58,34,8.7,8.6,-55.9,324.3,3.9,-2.8,-7.1,-0.6,-7.6,0.2,1.3,0.9,0.6,0.7,106680.0,3.8,543.0,-1.2,-0.8,0.032,26312.0,0.4,8.0,0.5,1.1,0.004,2.11,4.13,0.49,6.1,5.1,0.0321,57,168,-68,67,159.8,1032,-821,210,4.0,0.008356,999999.99,99999.99,99999.99,99999.99,99999.99,99999.99,0,2003-03-31 14:00:00
2003,90,15,2316,51,52,59,36,8.7,8.3,-44.9,335.9,5.4,-2.4,-5.9,-0.3,-6.4,0.4,2.4,1.5,1.5,1.2,164115.0,3.3,527.0,-0.7,0.7,0.046,26683.0,0.6,8.0,1.0,1.4,0.007,1.81,3.37,0.53,5.5,4.6,0.0393,63,168,-78,94,159.8,1264,-980,284,4.2,0.008356,999999.99,99999.99,99999.99,99999.99,99999.99,99999.99,0,2003-03-31 15:00:00
2003,90,16,2316,51,52,58,36,8.9,8.7,-34.1,359.5,7.2,-0.1,-4.9,1.8,-4.6,0.1,1.8,0.9,1.0,1.3,179681.0,2.8,514.0,0.7,1.1,0.048,19092.0,0.3,12.0,0.6,1.0,0.005,1.47,2.36,0.45,4.8,4.1,0.0509,63,168,-76,94,159.8,605,-391,214,1.9,0.008356,999999.99,99999.99,99999.99,99999.99,99999.99,99999.99,0,2003-03-31 16:00:00
2003,90,17,2316,51,52,61,37,8.6,8.1,-37.1,343.7,6.2,-1.8,-4.9,0.4,-5.2,0.3,2.6,1.5,1.8,1.1,180063.0,2.7,512.0,-1.9,0.3,0.051,27046.0,0.4,13.0,2.1,1.3,0.008,1.42,2.66,0.47,4.9,4.1,0.0497,63,168,-60,94,159.8,1079,-768,312,5.6,0.008356,999999.99,99999.99,99999.99,99999.99,99999.99,99999.99,0,2003-03-31 17:00:00
2003,90,18,2316,51,52,60,37,7.8,7.5,-43.9,353.6,5.4,-0.6,-5.2,1.9,-4.9,0.4,2.1,1.5,1.2,0.9,137210.0,4.0,511.0,-2.1,-0.7,0.047,25335.0,0.7,4.0,0.4,0.5,0.005,2.07,2.5,0.73,6.6,5.1,0.0277,57,168,-67,67,159.8,1061,-730,331,4.6,0.008356,999999.99,99999.99,99999.99,99999.99,99999.99,99999.99,0,2003-03-31 18:00:00
2003,90,19,2316,51,52,61,37,7.6,7.4,-35.2,345.2,5.8,-1.5,-4.3,0.8,-4.5,0.2,1.6,0.5,1.4,0.7,121796.0,4.0,509.0,-2.7,-0.9,0.037,15736.0,0.4,6.0,0.9,0.6,0.005,1.99,2.29,0.72,6.7,5.3,0.0265,57,168,-72,67,159.8,915,-705,210,4.0,0.008356,999999.99,99999.99,99999.99,99999.99,99999.99,99999.99,0,2003-03-31 19:00:00
2003,90,20,2316,51,52,59,36,7.7,7.6,-45.0,1.9,5.3,0.2,-5.4,3.0,-4.5,0.2,1.6,0.4,1.4,0.5,125437.0,4.3,504.0,-2.4,-2.6,0.031,7056.0,0.2,6.0,0.7,0.5,0.004,2.05,2.27,0.77,6.8,5.3,0.0258,57,168,-72,67,159.8,703,-457,246,4.0,0.008356,999999.99,99999.99,99999.99,99999.99,99999.99,99999.99,0,2003-03-31 20:00:00
2003,90,21,2316,51,52,60,37,7.6,5.7,-34.7,325.4,3.8,-2.6,-3.2,-0.4,-4.1,0.2,5.0,1.7,4.3,2.0,138235.0,3.9,515.0,-3.0,0.3,0.029,21826.0,0.3,14.0,1.5,1.9,0.004,1.93,2.11,0.75,6.7,5.2,0.0266,43,168,-67,32,159.8,629,-330,299,4.5,0.008356,999999.99,99999.99,99999.99,99999.99,99999.99,99999.99,0,2003-03-31 21:00:00
2003,90,22,2316,51,52,57,35,8.1,7.8,-37.3,9.9,6.1,1.1,-4.7,3.5,-3.3,0.4,2.2,0.7,2.0,0.6,140507.0,3.1,486.0,-2.0,-2.7,0.032,29814.0,0.5,13.0,1.9,1.1,0.006,1.38,1.6,0.53,5.3,4.4,0.0426,43,168,-68,32,159.8,385,-142,243,3.1,0.008356,999999.99,99999.99,99999.99,99999.99,99999.99,99999.99,0,2003-03-31 22:00:00
2003,90,23,2316,51,52,62,36,8.2,8.0,-30.7,322.7,5.5,-4.2,-4.1,-1.3,-5.7,0.1,1.8,0.7,1.5,0.8,89761.0,2.4,490.0,-3.1,-1.1,0.034,16940.0,0.2,11.0,1.4,1.1,0.004,1.09,2.79,0.32,4.6,4.1,0.0555,43,168,-60,32,159.8,484,-317,167,3.8,0.008356,999999.99,99999.99,99999.99,99999.99,99999.99,99999.99,0,2003-03-31 23:00:00
2003,91,0,2316,51,52,60,36,8.3,8.2,-25.7,316.2,5.3,-5.1,-3.6,-2.4,-5.8,0.1,0.8,0.4,0.5,0.5,48355.0,1.9,498.0,-2.5,0.7,0.032,7658.0,0.1,5.0,0.8,0.9,0.002,0.89,2.89,0.2,4.1,3.8,0.0696,47,152,-61,39,152.8,646,-453,194,4.0,0.008312,999999.99,99999.99,99999.99,99999.99,99999.99,99999.99,0,2003-04-01 00:00:00
2003,91,1,2316,51,52,63,37,8.4,8.1,-30.2,299.5,3.5,-6.1,-4.1,-3.1,-6.7,0.2,1.9,1.5,1.1,0.5,47963.0,2.0,517.0,-3.8,0.5,0.026,6733.0,0.2,16.0,1.0,0.8,0.004,0.99,3.46,0.21,4.4,4.0,0.0628,47,152,-68,39,152.8,521,-371,150,3.6,0.008312,999999.99,99999.99,99999.99,99999.99,99999.99,99999.99,0,2003-04-01 01:00:00
2003,91,2,2316,51,52,58,36,8.2,8.1,-35.7,308.0,4.1,-5.2,-4.7,-2.3,-6.6,0.1,1.0,0.4,0.7,0.6,48379.0,2.6,510.0,-2.7,0.0,0.026,4907.0,0.2,6.0,1.0,0.9,0.002,1.25,3.37,0.28,5.0,4.5,0.0473,47,152,-60,39,152.8,768,-506,262,5.7,0.008312,999999.99,99999.99,99999.99,99999.99,99999.99,99999.99,0,2003-04-01 02:00:00
2003,91,3,2316,51,52,62,38,6.9,3.7,62.1,94.8,-0.1,1.7,3.2,0.1,3.6,2.1,6.2,2.4,3.1,4.9,67362.0,3.4,540.0,1.6,2.6,0.037,66599.0,0.9,15.0,1.6,2.7,0.007,1.9,-1.94,0.58,7.2,5.9,0.0228,37,152,-63,22,152.8,616,-490,126,3.5,0.008312,999999.99,99999.99,99999.99,99999.99,99999.99,99999.99,0,2003-04-01 03:00:00
2003,91,4,2316,51,52,60,36,7.9,7.8,66.5,115.0,-1.3,2.8,7.2,-0.4,7.7,0.2,1.1,0.6,0.8,0.4,35533.0,3.4,545.0,1.6,1.9,0.041,7481.0,0.4,7.0,0.5,0.4,0.009,1.96,-4.2,0.37,6.4,5.5,0.0294,37,152,-56,22,152.8,162,-35,127,-0.1,0.008312,999999.99,99999.99,99999.99,99999.99,99999.99,99999.99,0,2003-04-01 04:00:00
2003,91,5,2316,51,52,58,35,7.3,6.3,48.3,350.8,4.1,-0.7,4.7,-2.4,4.1,0.5,3.6,1.8,1.9,2.5,126370.0,2.6,529.0,1.8,5.2,0.067,32994.0,0.5,9.0,1.4,1.8,0.01,1.54,-2.17,0.52,5.8,4.9,0.0348,37,152,-51,22,152.8,67,-9,58,-1.1,0.008312,999999.99,99999.99,99999.99,99999.99,99999.99,99999.99,0,2003-04-01 05:00:00
2003,91,6,2316,51,52,60,35,7.0,6.8,13.2,345.1,6.4,-1.7,1.6,-2.1,1.0,0.1,1.6,0.3,1.5,0.7,114476.0,1.9,507.0,2.0,4.9,0.042,27957.0,0.2,6.0,3.0,1.7,0.011,0.95,-0.51,0.39,5.0,4.3,0.0477,23,152,-54,9,152.8,87,-23,63,-0.6,0.008312,999999.99,99999.99,99999.99,99999.99,99999.99,99999.99,0,2003-04-01 06:00:00
2003,91,7,2316,51,52,61,35,6.9,6.8,17.1,354.6,6.5,-0.6,2.0,-1.1,1.7,0.0,1.4,0.2,1.4,0.4,116006.0,1.9,505.0,3.9,5.7,9.999,29518.0,0.2,6.0,2.9,1.2,9.999,0.97,-0.86,0.41,5.0,4.3,0.0467,23,152,-55,9,152.8,51,-11,40,-0.7,0.008312,999999.99,99999.99,99999.99,99999.99,99999.99,99999.99,0,2003-04-01 07:00:00
2003,91,8,2316,51,52,60,30,7.0,6.6,13.6,325.6,5.3,-3.6,1.6,-3.9,0.6,0.0,2.2,1.2,1.6,1.1,118845.0,2.1,513.0,-1.3,5.0,0.065,9872.0,0.2,13.0,1.6,1.7,0.006,1.16,-0.31,0.44,5.3,4.5,0.0422,23,152,-48,9,152.8,64,-12,53,-0.9,0.008312,999999.99,99999.99,99999.99,99999.99,99999.99,99999.99,0,2003-04-01 08:00:00
2003,91,9,2316,51,52,62,35,6.9,6.3,10.5,315.4,4.4,-4.4,1.2,-4.6,0.2,0.1,2.5,1.2,1.5,1.6,113224.0,2.2,519.0,-2.1,3.5,0.064,16476.0,0.2,16.0,2.1,2.4,0.007,1.24,-0.1,0.46,5.6,4.7,0.0382,20,152,-41,7,152.8,122,-43,79,-0.9,0.008312,999999.99,99999.99,99999.99,99999.99,99999.99,99999.99,0,2003-04-01 09:00:00
2003,91,10,2316,51,52,55,31,6.8,6.3,1.7,326.1,5.2,-3.5,0.2,-3.5,-0.6,0.0,2.3,1.2,0.9,1.8,109176.0,2.2,507.0,-1.6,2.4,0.064,17342.0,0.2,18.0,1.3,2.9,0.009,1.19,0.3,0.47,5.5,4.7,0.0389,20,152,-37,7,152.8,192,-110,83,-0.5,0.008312,999999.99,99999.99,99999.99,99999.99,99999.99,99999.99,0,2003-04-01 10:00:00
2003,91,11,2316,51,52,64,36,6.7,6.4,18.8,307.1,3.7,-4.9,2.1,-5.2,1.0,0.1,1.8,1.0,0.7,1.3,115435.0,2.4,528.0,-2.7,4.1,0.071,13932.0,0.2,14.0,1.2,1.6,0.008,1.43,-0.53,0.54,6.1,5.0,0.0319,20,152,-31,7,152.8,269,-191,78,-0.1,0.008312,999999.99,99999.99,99999.99,99999.99,99999.99,99999.99,0,2003-04-01 11:00:00
2003,91,12,2316,51,52,60,33,6.7,6.2,18.2,300.8,3.0,-5.1,1.9,-5.4,0.7,0.1,2.2,1.6,1.1,1.1,125630.0,2.5,534.0,-2.8,3.6,0.074,23692.0,0.3,18.0,1.6,1.5,0.008,1.54,-0.37,0.59,6.3,5.1,0.03,23,152,-27,9,152.8,290,-195,95,0.7,0.008312,999999.99,99999.99,99999.99,99999.99,99999.99,99999.99,0,2003-04-01 12:00:00
2003,91,13,2316,51,52,60,36,6.7,6.0,8.0,318.8,4.4,-3.9,0.8,-4.0,-0.2,0.1,2.8,1.5,1.7,1.8,118764.0,2.5,513.0,-1.6,1.5,0.071,14435.0,0.3,22.0,2.1,2.8,0.01,1.41,0.1,0.57,6.1,5.0,0.0325,23,152,-31,9,152.8,169,-89,81,0.5,0.008312,999999.99,99999.99,99999.99,99999.99,99999.99,99999.99,0,2003-04-01 13:00:00
2003,91,14,2316,51,52,62,37,6.8,6.5,16.0,296.1,2.8,-5.6,1.8,-5.9,0.1,0.1,1.4,0.7,0.6,1.1,119435.0,2.9,532.0,-3.2,2.4,0.057,11855.0,0.2,7.0,0.7,1.2,0.005,1.68,-0.05,0.65,6.7,5.3,0.0268,23,152,-34,9,152.8,163,-109,54,1.4,0.008312,999999.99,99999.99,99999.99,99999.99,99999.99,99999.99,0,2003-04-01 14:00:00
2003,91,15,2316,51,52,57,33,6.3,5.0,-2.5,315.4,3.5,-3.5,-0.2,-3.2,-1.3,0.1,3.6,1.3,1.9,2.8,141836.0,3.3,527.0,-1.0,0.3,0.058,19549.0,0.4,15.0,2.0,3.3,0.009,1.89,0.69,0.93,7.6,5.7,0.0206,37,152,-31,22,152.8,343,-262,81,1.7,0.008312,999999.99,99999.99,99999.99,99999.99,99999.99,99999.99,0,2003-04-01 15:00:00
2003,91,16,2316,51,52,64,33,6.3,5.1,-26.0,302.3,2.5,-3.9,-2.3,-2.8,-3.6,0.1,3.4,1.3,2.2,2.1,139922.0,3.5,534.0,-1.4,-1.9,0.053,12711.0,0.2,12.0,2.5,2.4,0.004,2.02,1.92,0.98,7.9,5.8,0.0189,37,152,-31,22,152.8,487,-352,135,2.5,0.008312,999999.99,99999.99,99999.99,99999.99,99999.99,99999.99,0,2003-04-01 16:00:00
2003,91,17,2316,51,52,60,34,6.2,5.2,-41.9,262.4,-0.5,-3.8,-3.5,-2.0,-4.8,0.1,3.0,1.2,1.5,2.3,141219.0,3.6,557.0,-1.6,-2.8,0.049,17944.0,0.3,11.0,1.3,2.1,0.005,2.23,2.67,1.05,8.5,6.2,0.0164,37,152,-36,22,152.8,711,-478,233,3.2,0.008312,999999.99,99999.99,99999.99,99999.99,99999.99,99999.99,0,2003-04-01 17:00:00
2003,91,18,2316,51,52,57,32,5.8,4.0,-67.3,222.3,-1.2,-1.0,-3.7,0.8,-3.7,0.3,3.9,2.3,2.5,1.8,137555.0,3.7,563.0,1.0,-2.8,0.046,18423.0,0.4,22.0,2.4,1.9,0.007,2.32,2.08,1.22,9.3,6.5,0.0136,40,152,-40,27,152.8,724,-443,281,3.2,0.008312,999999.99,99999.99,99999.99,99999.99,99999.99,99999.99,0,2003-04-01 18:00:00
2003,91,19,2316,51,52,59,36,5.8,4.3,-24.2,305.8,2.3,-3.1,-1.7,-1.8,-3.0,0.3,3.6,1.7,2.4,2.1,153222.0,3.5,532.0,-0.5,-0.8,0.049,41559.0,0.4,18.0,2.3,2.3,0.006,1.98,1.6,1.22,8.6,6.0,0.0162,40,152,-41,27,152.8,672,-405,267,3.3,0.008312,999999.99,99999.99,99999.99,99999.99,99999.99,99999.99,0,2003-04-01 19:00:00
2003,91,20,2316,51,52,59,34,5.7,4.9,30.2,325.5,3.5,-2.4,2.5,-3.4,0.9,0.2,2.5,1.4,1.6,1.4,151754.0,3.4,515.0,0.2,3.1,0.049,17206.0,0.3,14.0,2.0,1.4,0.009,1.8,-0.46,1.22,8.3,5.8,0.0171,40,152,-45,27,152.8,500,-315,185,2.0,0.008312,999999.99,99999.99,99999.99,99999.99,99999.99,99999.99,0,2003-04-01 20:00:00
2003,91,21,2316,51,52,63,39,5.3,4.6,25.6,328.6,3.6,-2.2,2.0,-2.9,0.5,0.3,2.3,0.9,1.7,1.3,181599.0,3.6,522.0,0.9,1.5,0.062,26150.0,0.4,8.0,1.9,1.4,0.012,2.04,-0.26,1.65,9.3,6.0,0.0136,23,152,-39,9,152.8,133,-34,99,0.3,0.008312,999999.99,99999.99,99999.99,99999.99,99999.99,99999.99,0,2003-04-01 21:00:00
2003,91,22,2316,51,52,57,36,5.1,4.1,-1.3,333.4,3.7,-1.8,-0.1,-1.4,-1.1,0.2,2.8,0.8,1.3,2.3,181357.0,3.7,517.0,0.9,-0.3,0.067,17955.0,0.3,8.0,1.3,1.9,0.01,2.09,0.57,1.83,9.7,6.1,0.0125,23,152,-34,9,152.8,137,-56,81,0.2,0.008312,999999.99,99999.99,99999.99,99999.99,99999.99,99999.99,0,2003-04-01 22:00:00
2003,91,23,2316,51,52,62,38,4.6,3.5,24.3,326.5,2.7,-1.8,1.5,-2.3,0.3,0.4,2.7,1.3,1.8,1.6,207699.0,3.8,525.0,1.0,1.2,0.066,28761.0,0.3,12.0,1.5,1.4,0.01,2.21,-0.16,2.51,11.1,6.2,0.0096,23,152,-34,9,152.8,280,-176,104,1.7,0.008312,999999.99,99999.99,99999.99,99999.99,99999.99,99999.99,0,2003-04-01 23:00:00
2003,92,0,2316,51,52,60,35,5.0,3.0,-12.4,8.0,2.9,0.4,-0.7,0.7,-0.4,0.9,3.9,1.6,3.2,1.5,196019.0,3.7,524.0,2.9,-0.6,0.055,35961.0,0.3,13.0,2.8,1.4,0.01,2.07,0.21,2.0,10.1,6.1,0.0117,23,168,-33,9,157.3,272,-194,77,1.5,0.008305,999999.99,99999.99,99999.99,99999.99,99999.99,99999.99,0,2003-04-02 00:00:00
2003,92,1,2316,51,52,59,34,5.1,4.4,32.8,267.0,-0.2,-3.7,2.4,-4.4,0.2,0.5,2.5,1.4,1.4,1.5,192549.0,3.8,544.0,-0.1,2.1,0.049,29244.0,0.3,11.0,1.0,1.2,0.007,2.25,-0.11,1.95,10.4,6.3,0.011,23,168,-33,9,157.3,160,-107,54,1.0,0.008305,999999.99,99999.99,99999.99,99999.99,99999.99,99999.99,0,2003-04-02 01:00:00
2003,92,2,2316,51,52,61,38,5.8,4.3,-11.1,31.8,3.6,2.2,-0.8,2.3,0.4,0.6,3.8,1.6,3.3,1.0,164115.0,3.3,516.0,5.4,-0.6,0.046,29034.0,0.2,19.0,3.3,1.4,0.01,1.74,-0.21,1.19,8.1,5.7,0.0182,23,168,-34,9,157.3,106,-38,68,0.6,0.008305,999999.99,99999.99,99999.99,99999.99,99999.99,99999.99,0,2003-04-02 02:00:00
2003,92,3,2316,51,52,61,35,5.0,3.6,-13.0,309.3,2.2,-2.7,-0.8,-2.1,-1.9,0.3,3.3,1.7,2.1,1.8,213878.0,3.6,527.0,0.8,-0.5,0.051,26697.0,0.3,15.0,2.0,1.6,0.008,2.01,1.0,2.05,10.0,6.0,0.0119,40,168,-33,27,157.3,90,-35,55,0.2,0.008305,999999.99,99999.99,99999.99,99999.99,99999.99,99999.99,0,2003-04-02 03:00:00
2003,92,4,2316,51,52,60,39,5.1,4.1,-69.8,323.5,1.1,-0.8,-3.9,0.8,-3.9,0.4,2.8,1.9,1.6,1.3,207084.0,3.8,537.0,2.4,-2.8,0.043,26578.0,0.2,16.0,1.4,1.4,0.009,2.14,2.09,2.04,10.3,6.2,0.0113,40,168,-33,27,157.3,489,-336,154,2.6,0.008305,999999.99,99999.99,99999.99,99999.99,99999.99,99999.99,0,2003-04-02 04:00:00
2003,92,5,2316,51,52,58,36,5.1,4.8,-67.4,324.9,1.5,-1.1,-4.5,0.6,-4.6,0.3,1.3,1.1,0.6,0.6,174900.0,3.8,531.0,2.6,-3.3,0.037,16776.0,0.2,11.0,0.7,0.8,0.005,2.05,2.44,1.84,10.1,6.3,0.0115,40,168,-38,27,157.3,702,-568,134,4.2,0.008305,999999.99,99999.99,99999.99,99999.99,99999.99,99999.99,0,2003-04-02 05:00:00
2003,92,6,2316,51,52,60,36,4.9,3.8,-19.4,294.8,1.5,-3.3,-1.3,-2.7,-2.3,0.4,3.0,1.0,1.4,2.4,167453.0,3.9,527.0,0.2,-0.1,0.037,17754.0,0.2,9.0,1.2,2.1,0.004,2.08,1.21,2.0,10.6,6.4,0.0105,43,168,-41,32,157.3,591,-392,199,3.7,0.008305,999999.99,99999.99,99999.99,99999.99,99999.99,99999.99,0,2003-04-02 06:00:00
2003,92,7,2316,51,52,59,36,5.0,4.1,-64.6,302.6,1.0,-1.5,-3.7,-0.4,-4.0,0.2,2.6,1.9,1.2,1.3,151741.0,3.6,528.0,1.8,-2.2,0.039,14048.0,0.3,16.0,1.2,1.3,0.005,1.94,2.11,1.68,10.0,6.4,0.0119,43,168,-45,32,157.3,602,-344,259,2.9,0.008305,999999.99,99999.99,99999.99,99999.99,99999.99,99999.99,0,2003-04-02 07:00:00
2003,92,8,2316,51,52,59,36,4.9,4.1,12.8,307.5,2.4,-3.2,0.9,-3.3,0.1,0.3,2.7,1.6,1.4,1.6,133014.0,3.6,509.0,-0.2,1.5,0.03,16148.0,0.3,11.0,1.8,1.5,0.005,1.74,-0.05,1.63,9.9,6.3,0.0122,43,168,-51,32,157.3,569,-333,237,2.4,0.008305,999999.99,99999.99,99999.99,99999.99,99999.99,99999.99,0,2003-04-02 08:00:00
2003,92,9,2316,51,52,58,32,5.6,5.0,0.7,306.6,3.0,-4.0,0.1,-3.9,-0.8,0.2,2.3,1.3,1.5,1.2,90063.0,3.3,485.0,-3.5,1.7,0.045,12324.0,0.2,11.0,1.3,1.4,0.014,1.53,0.39,0.96,7.9,5.8,0.0192,33,168,-48,18,157.3,322,-166,156,0.2,0.008305,999999.99,99999.99,99999.99,99999.99,99999.99,99999.99,0,2003-04-02 09:00:00
2003,92,10,2316,51,52,63,38,5.3,4.6,-25.1,287.9,1.3,-4.0,-2.0,-3.5,-2.8,0.3,2.4,1.6,0.6,1.7,95998.0,4.1,488.0,-3.6,-0.3,0.058,17571.0,0.4,11.0,0.8,1.5,0.009,2.01,1.37,1.36,9.3,6.3,0.0137,33,168,-40,18,157.3,288,-116,172,0.3,0.008305,999999.99,99999.99,99999.99,99999.99,99999.99,99999.99,0,2003-04-02 10:00:00
2003,92,11,2316,51,52,59,36,6.0,5.2,-55.0,216.8,-2.4,-1.8,-4.3,-0.8,-4.6,0.1,2.6,1.2,2.1,1.0,77902.0,4.6,508.0,-1.2,-1.8,0.048,8694.0,0.3,7.0,1.4,0.9,0.005,2.36,2.34,1.1,9.1,6.5,0.0144,33,168,-36,18,157.3,645,-416,228,2.8,0.008305,999999.99,99999.99,99999.99,99999.99,99999.99,99999.99,0,2003-04-02 11:00:00
2003,92,12,2316,51,52,55,34,5.5,4.0,-27.0,285.7,1.0,-3.4,-1.8,-2.9,-2.5,0.2,3.6,2.6,1.9,1.6,104494.0,4.2,487.0,-1.3,-0.6,0.061,13270.0,0.3,17.0,1.2,1.3,0.006,2.07,1.22,1.34,9.1,6.2,0.0144,37,168,-39,22,157.3,726,-527,199,2.8,0.008305,999999.99,99999.99,99999.99,99999.99,99999.99,99999.99,0,2003-04-02 12:00:00
2003,92,13,2316,51,52,62,37,5.3,4.8,-8.5,317.9,3.5,-3.2,-0.7,-2.9,-1.5,0.7,2.3,0.9,1.1,1.8,101754.0,3.9,469.0,-2.2,-0.1,0.064,18408.0,0.4,7.0,1.0,1.4,0.006,1.8,0.7,1.33,8.7,6.0,0.0156,37,168,-44,22,157.3,345,-242,103,1.1,0.008305,999999.99,99999.99,99999.99,99999.99,99999.99,99999.99,0,2003-04-02 13:00:00
2003,92,14,2316,51,52,61,37,4.5,3.4,8.3,300.3,1.7,-2.9,0.5,-2.9,-0.4,0.4,2.8,0.9,1.1,2.4,121173.0,4.7,486.0,-1.2,-0.1,0.062,10662.0,0.2,6.0,0.6,1.4,0.004,2.31,0.19,2.41,11.7,6.7,0.0087,37,168,-37,22,157.3,320,-182,138,1.6,0.008305,999999.99,99999.99,99999.99,99999.99,99999.99,99999.99,0,2003-04-02 14:00:00
2003,92,15,2316,51,52,59,36,5.0,4.8,34.2,294.1,1.6,-3.6,2.7,-4.3,1.4,0.1,1.3,0.8,0.6,0.8,108675.0,4.8,482.0,-1.7,1.6,0.056,7681.0,0.2,4.0,0.4,0.7,0.005,2.28,-0.67,1.89,10.6,6.5,0.0107,37,168,-39,22,157.3,270,-168,102,0.7,0.008305,999999.99,99999.99,99999.99,99999.99,99999.99,99999.99,0,2003-04-02 15:00:00
2003,92,16,2316,51,52,58,35,5.3,4.8,15.6,307.0,2.8,-3.7,1.3,-3.9,-0.2,0.3,2.2,0.5,0.5,2.1,99382.0,4.6,473.0,-2.3,1.1,0.052,9347.0,0.3,4.0,0.8,1.3,0.004,2.08,0.09,1.55,9.6,6.3,0.013,37,168,-36,22,157.3,260,-139,121,1.1,0.008305,999999.99,99999.99,99999.99,99999.99,99999.99,99999.99,0,2003-04-02 16:00:00
2003,92,17,2316,51,52,62,36,6.1,4.9,-64.0,262.7,-0.3,-2.1,-4.4,-0.1,-4.9,0.3,3.4,2.4,1.7,1.7,81298.0,4.3,492.0,-1.5,-3.1,0.045,11167.0,0.4,18.0,1.7,1.5,0.005,2.05,2.41,1.01,8.4,6.1,0.017,37,168,-32,22,157.3,281,-113,168,2.5,0.008305,999999.99,99999.99,99999.99,99999.99,99999.99,99999.99,0,2003-04-02 17:00:00
2003,92,18,2316,51,52,62,38,6.2,5.2,-22.1,309.5,3.1,-3.7,-1.9,-2.4,-3.4,0.1,3.2,1.5,1.3,2.5,77946.0,4.6,463.0,-3.2,-0.6,0.042,10018.0,0.3,12.0,1.3,2.7,0.003,1.92,1.57,1.03,8.0,5.8,0.0185,40,168,-33,27,157.3,798,-549,249,3.7,0.008305,999999.99,99999.99,99999.99,99999.99,99999.99,99999.99,0,2003-04-02 18:00:00
2003,92,19,2316,51,52,61,39,6.2,5.8,-35.7,274.7,0.4,-4.7,-3.4,-2.4,-5.3,0.1,2.0,1.2,1.0,1.2,76747.0,4.9,486.0,-3.4,-2.9,0.038,11524.0,0.3,9.0,0.9,0.9,0.003,2.23,2.58,1.09,8.7,6.2,0.0158,40,168,-37,27,157.3,718,-470,248,3.1,0.008305,999999.99,99999.99,99999.99,99999.99,99999.99,99999.99,0,2003-04-02 19:00:00
2003,92,20,2316,51,52,58,35,6.4,5.6,-33.2,265.8,-0.3,-4.7,-3.1,-2.4,-5.1,0.1,2.6,1.0,1.7,1.7,77320.0,5.0,491.0,-3.5,-2.0,0.043,11219.0,0.4,10.0,1.6,1.7,0.004,2.36,2.5,1.04,8.6,6.2,0.0162,40,168,-46,27,157.3,798,-523,275,3.2,0.008305,999999.99,99999.99,99999.99,99999.99,99999.99,99999.99,0,2003-04-02 20:00:00
2003,92,21,2316,51,52,58,34,6.1,4.8,-42.7,305.5,2.1,-2.9,-3.3,-0.7,-4.3,0.2,3.4,1.2,2.6,1.9,85025.0,5.3,472.0,-2.0,-2.7,0.046,9013.0,0.4,7.0,2.1,1.6,0.004,2.33,2.03,1.26,8.9,6.2,0.015,47,168,-50,39,157.3,697,-473,223,3.2,0.008305,999999.99,99999.99,99999.99,99999.99,99999.99,99999.99,0,2003-04-02 21:00:00
2003,92,22,2316,51,52,59,34,6.0,5.0,-11.2,311.6,3.2,-3.7,-1.0,-2.5,-2.9,0.1,3.2,1.2,1.5,2.6,97345.0,5.4,466.0,-2.0,-0.7,0.05,9115.0,0.4,8.0,1.1,2.0,0.005,2.35,1.35,1.41,9.0,6.1,0.0146,47,168,-53,39,157.3,573,-393,180,3.0,0.008305,999999.99,99999.99,99999.99,99999.99,99999.99,99999.99,0,2003-04-02 22:00:00
2003,92,23,2316,51,52,62,37,5.9,5.0,-1.6,324.5,4.1,-2.9,-0.1,-2.4,-1.7,0.1,3.0,1.7,1.4,2.1,102485.0,5.0,458.0,-1.7,-0.3,0.056,9348.0,0.4,13.0,1.2,1.9,0.007,2.14,0.78,1.38,8.7,5.9,0.0158,47,168,-40,39,157.3,552,-311,241,3.1,0.008305,999999.99,99999.99,99999.99,99999.99,99999.99,99999.99,0,2003-04-02 23:00:00
2003,93,0,2316,51,52,56,33,5.9,4.8,-34.4,319.7,3.0,-2.6,-2.7,-0.8,-3.7,0.1,3.3,1.9,2.2,1.4,110350.0,5.4,466.0,-1.2,-2.6,0.052,15322.0,0.5,12.0,1.6,1.2,0.007,2.37,1.72,1.54,9.2,6.0,0.0141,33,147,-36,18,155.7,435,-208,227,2.7,0.008231,999999.99,99999.99,99999.99,99999.99,99999.99,99999.99,0,2003-04-03 00:00:00
2003,93,1,2316,51,52,60,34,6.3,5.5,29.4,10.2,4.7,0.8,2.7,-0.7,2.7,0.2,2.9,0.7,2.4,1.5,104936.0,5.4,456.0,1.1,2.1,0.054,8582.0,0.4,6.0,2.0,1.2,0.007,2.28,-1.23,1.32,8.4,5.7,0.0168,33,147,-35,18,155.7,214,-98,116,0.7,0.008231,999999.99,99999.99,99999.99,99999.99,99999.99,99999.99,0,2003-04-03 01:00:00
2003,93,2,2316,51,52,63,38,6.5,5.3,28.3,1.5,4.7,0.1,2.5,-1.1,2.2,0.2,3.5,1.1,2.7,1.9,98584.0,5.3,457.0,0.6,0.9,0.051,17270.0,0.5,7.0,2.3,1.6,0.007,2.23,-1.01,1.18,8.1,5.7,0.0182,33,147,-29,18,155.7,81,-29,51,-0.4,0.008231,999999.99,99999.99,99999.99,99999.99,99999.99,99999.99,0,2003-04-03 02:00:00
2003,93,3,2316,51,52,58,36,6.5,5.8,28.8,314.4,3.6,-3.6,2.8,-4.5,0.9,0.1,2.6,1.1,1.3,1.9,100586.0,5.6,463.0,-2.5,1.1,0.05,8071.0,0.5,9.0,1.5,1.8,0.006,2.41,-0.42,1.26,8.4,5.8,0.0167,27,147,-25,12,155.7,103,-25,79,0.0,0.008231,999999.99,99999.99,99999.99,99999.99,99999.99,99999.99,0,2003-04-03 03:00:00
2003,93,4,2316,51,52,61,38,6.5,5.1,35.0,351.5,4.1,-0.6,2.9,-1.7,2.4,0.1,3.8,1.2,3.0,2.0,105200.0,5.7,456.0,-0.1,1.5,0.049,9787.0,0.5,9.0,2.6,1.8,0.006,2.37,-1.09,1.31,8.4,5.7,0.017,27,147,-27,12,155.7,80,-26,54,-0.6,0.008231,999999.99,99999.99,99999.99,99999.99,99999.99,99999.99,0,2003-04-03 04:00:00
2003,93,5,2316,51,52,61,36,6.6,4.6,47.2,304.9,1.8,-2.6,3.4,-3.7,2.2,0.2,4.5,1.7,3.7,1.8,107267.0,6.1,472.0,-1.3,1.8,0.043,11257.0,0.4,13.0,3.0,1.5,0.004,2.66,-1.04,1.37,8.8,6.0,0.0153,27,147,-28,12,155.7,149,-48,101,0.1,0.008231,999999.99,99999.99,99999.99,99999.99,99999.99,99999.99,0,2003-04-03 05:00:00
2003,93,6,2316,51,52,56,34,6.7,6.0,31.4,330.3,4.4,-2.5,3.1,-3.4,2.1,0.2,2.7,1.2,2.0,1.2,105862.0,5.7,451.0,-1.5,2.6,0.045,13368.0,0.6,10.0,2.0,1.4,0.007,2.28,-0.95,1.24,8.0,5.6,0.0184,33,147,-29,18,155.7,119,-67,51,-0.3,0.008231,999999.99,99999.99,99999.99,99999.99,99999.99,99999.99,0,2003-04-03 06:00:00
2003,93,7,2316,51,52,63,38,7.2,6.0,-9.2,294.0,2.4,-5.4,-1.0,-4.9,-2.5,0.1,3.8,2.4,1.6,2.4,76899.0,5.8,462.0,-3.5,-1.1,0.039,8141.0,0.5,18.0,0.9,2.4,0.005,2.39,1.16,0.96,7.7,5.7,0.0199,33,147,-28,18,155.7,324,-194,130,0.5,0.008231,999999.99,99999.99,99999.99,99999.99,99999.99,99999.99,0,2003-04-03 07:00:00
2003,93,8,2316,51,52,58,36,7.3,6.5,8.0,303.3,3.6,-5.4,0.9,-5.5,-0.5,0.2,3.0,1.7,1.5,1.9,72328.0,5.5,457.0,-3.7,-0.1,0.043,7837.0,0.4,11.0,1.7,1.6,0.003,2.25,0.23,0.86,7.3,5.6,0.0221,33,147,-31,18,155.7,500,-318,181,1.5,0.008231,999999.99,99999.99,99999.99,99999.99,99999.99,99999.99,0,2003-04-03 08:00:00
2003,93,9,2316,51,52,58,36,7.3,6.8,42.8,358.4,5.0,-0.1,4.6,-1.1,4.5,0.1,2.4,0.9,2.0,1.1,87333.0,5.5,449.0,0.9,3.1,0.054,8353.0,0.5,8.0,1.3,1.2,0.007,2.25,-2.02,0.93,7.2,5.4,0.0229,20,147,-32,7,155.7,302,-113,189,0.7,0.008231,999999.99,99999.99,99999.99,99999.99,99999.99,99999.99,0,2003-04-03 09:00:00
2003,93,10,2316,51,52,63,38,7.4,6.7,42.1,28.4,4.3,2.4,4.5,1.4,4.9,0.1,2.8,1.1,2.4,1.0,92396.0,5.8,455.0,2.4,2.7,0.054,13466.0,0.7,12.0,2.3,1.1,0.007,2.44,-2.23,0.97,7.4,5.5,0.0217,20,147,-26,7,155.7,121,-33,88,0.1,0.008231,999999.99,99999.99,99999.99,99999.99,99999.99,99999.99,0,2003-04-03 10:00:00
2003,93,11,2316,51,52,58,35,7.1,6.5,13.6,10.5,6.2,1.2,1.5,0.8,1.7,0.1,2.7,0.9,2.1,1.5,116719.0,5.5,443.0,1.4,-0.3,0.065,19950.0,0.5,8.0,1.9,1.7,0.007,2.27,-0.75,1.11,7.3,5.2,0.0222,20,147,-20,7,155.7,74,-23,51,-0.2,0.008231,999999.99,99999.99,99999.99,99999.99,99999.99,99999.99,0,2003-04-03 11:00:00
2003,93,12,2316,51,52,61,38,6.9,5.4,16.9,32.7,4.4,2.8,1.6,2.4,2.2,0.2,4.0,1.6,3.1,2.0,119205.0,6.4,458.0,2.2,-0.1,0.057,11567.0,0.6,11.0,2.4,1.7,0.007,2.75,-1.01,1.38,8.4,5.7,0.0169,30,147,-20,15,155.7,56,-20,36,-0.3,0.008231,999999.99,99999.99,99999.99,99999.99,99999.99,99999.99,0,2003-04-03 12:00:00
2003,93,13,2316,51,52,61,37,7.0,5.6,13.3,308.8,3.4,-4.3,1.3,-4.5,0.2,0.2,4.0,1.3,2.3,3.1,121179.0,6.9,465.0,-2.3,-0.7,0.05,8946.0,0.4,7.0,1.4,2.2,0.005,2.99,-0.09,1.46,8.7,5.8,0.0156,30,147,-21,15,155.7,76,-27,49,0.2,0.008231,999999.99,99999.99,99999.99,99999.99,99999.99,99999.99,0,2003-04-03 13:00:00
2003,93,14,2316,51,52,57,36,6.9,4.9,-6.4,308.6,3.1,-3.8,-0.6,-3.5,-1.7,0.3,4.6,2.2,2.4,3.2,117256.0,6.3,466.0,-1.8,-1.9,0.052,20660.0,0.5,13.0,1.7,2.4,0.005,2.76,0.79,1.35,8.5,5.8,0.0166,30,147,-23,15,155.7,243,-156,86,1.6,0.008231,999999.99,99999.99,99999.99,99999.99,99999.99,99999.99,0,2003-04-03 14:00:00
2003,93,15,2316,51,52,65,40,7.2,3.4,4.2,340.7,3.2,-1.1,0.3,-1.1,-0.1,0.8,6.2,2.4,2.7,5.1,123593.0,6.1,467.0,0.1,-2.1,0.045,24336.0,0.7,18.0,2.3,4.0,0.009,2.62,0.05,1.23,8.0,5.6,0.0185,30,147,-21,15,155.7,234,-183,50,-0.2,0.008231,999999.99,99999.99,99999.99,99999.99,99999.99,99999.99,0,2003-04-03 15:00:00
2003,93,16,2316,51,52,56,34,7.7,7.0,62.1,295.9,1.4,-3.0,6.2,-5.1,4.6,0.2,3.0,2.2,1.8,0.9,107739.0,5.9,480.0,-1.2,2.8,0.037,14411.0,0.2,17.0,1.6,0.9,0.003,2.61,-2.21,0.98,7.6,5.6,0.0208,30,147,-18,15,155.7,159,-87,71,0.9,0.008231,999999.99,99999.99,99999.99,99999.99,99999.99,99999.99,0,2003-04-03 16:00:00
2003,93,17,2316,51,52,63,38,7.6,4.8,21.2,314.0,3.1,-3.2,1.7,-3.6,0.2,0.2,5.7,1.9,1.9,5.0,120836.0,6.0,469.0,-1.5,-1.0,0.04,19016.0,0.5,15.0,1.6,4.4,0.005,2.56,-0.09,1.08,7.6,5.4,0.0208,30,147,-20,15,155.7,300,-179,121,1.5,0.008231,999999.99,99999.99,99999.99,99999.99,99999.99,99999.99,0,2003-04-03 17:00:00
2003,93,18,2316,51,52,59,36,7.9,7.0,43.1,341.2,4.9,-1.7,4.8,-3.7,3.5,0.1,3.3,1.0,2.4,2.1,118520.0,6.2,457.0,-0.1,1.9,0.04,14628.0,0.5,8.0,2.4,1.8,0.003,2.51,-1.6,1.02,7.2,5.3,0.0229,33,147,-22,18,155.7,413,-228,186,2.0,0.008231,999999.99,99999.99,99999.99,99999.99,99999.99,99999.99,0,2003-04-03 18:00:00
2003,93,19,2316,51,52,61,36,8.1,6.8,-12.5,318.9,5.0,-4.3,-1.5,-3.0,-3.4,0.1,4.1,2.6,2.2,2.4,129239.0,6.3,455.0,-2.6,-3.9,0.037,22658.0,0.9,21.0,1.8,2.3,0.004,2.5,1.55,1.03,7.0,5.1,0.0239,33,147,-15,18,155.7,140,-64,76,0.8,0.008231,999999.99,99999.99,99999.99,99999.99,99999.99,99999.99,0,2003-04-03 19:00:00
2003,93,20,2316,51,52,63,38,8.2,6.2,-15.5,310.3,3.9,-4.6,-1.7,-3.0,-3.9,0.1,5.0,2.5,2.1,3.8,125329.0,6.6,463.0,-2.4,-3.0,0.036,14537.0,0.5,19.0,1.7,3.5,0.003,2.7,1.81,1.04,7.3,5.3,0.0226,33,147,-17,18,155.7,336,-174,162,2.3,0.008231,999999.99,99999.99,99999.99,99999.99,99999.99,99999.99,0,2003-04-03 20:00:00
2003,93,21,2316,51,52,58,36,8.3,7.2,-51.3,289.6,1.5,-4.3,-5.6,-0.6,-7.0,0.2,3.6,1.7,2.4,2.1,127224.0,6.9,481.0,-1.8,-5.8,0.036,16718.0,0.5,13.0,1.9,1.5,0.004,3.05,3.37,1.06,7.6,5.5,0.0205,43,147,-28,32,155.7,723,-500,223,3.2,0.008231,999999.99,99999.99,99999.99,99999.99,99999.99,99999.99,0,2003-04-03 21:00:00
2003,93,22,2316,51,52,58,29,8.0,6.2,-19.0,324.7,4.8,-3.4,-2.0,-1.8,-3.5,0.1,4.6,1.8,1.6,3.9,135389.0,6.5,462.0,-1.1,-3.2,0.045,20172.0,0.6,13.0,1.5,3.6,0.006,2.73,1.62,1.11,7.4,5.3,0.0219,43,147,-40,32,155.7,602,-397,205,3.1,0.008231,999999.99,99999.99,99999.99,99999.99,99999.99,99999.99,0,2003-04-03 22:00:00
2003,93,23,2316,51,52,60,34,8.4,7.8,24.2,328.2,6.0,-3.7,3.2,-4.8,0.7,0.2,2.7,1.4,1.3,2.0,134934.0,6.8,453.0,-1.7,0.9,0.046,15375.0,0.6,11.0,1.3,2.1,0.005,2.76,-0.32,1.06,7.0,5.1,0.0241,43,147,-45,32,155.7,595,-340,255,3.9,0.008231,999999.99,99999.99,99999.99,99999.99,99999.99,99999.99,0,2003-04-03 23:00:00
2003,94,0,2316,51,52,61,36,8.5,7.2,16.8,330.8,6.0,-3.4,2.1,-4.0,0.0,0.2,4.3,1.8,2.2,3.3,133585.0,6.8,452.0,-0.9,-0.2,0.046,14968.0,0.6,16.0,1.7,2.7,0.009,2.75,-0.0,1.03,6.9,5.0,0.0247,43,117,-38,32,148.8,479,-288,191,2.5,0.008123,999999.99,99999.99,99999.99,99999.99,99999.99,99999.99,0,2003-04-04 00:00:00
2003,94,1,2316,51,52,57,33,8.7,6.6,-7.4,308.0,4.0,-5.2,-0.9,-4.0,-3.4,0.1,5.4,1.2,1.2,5.1,128454.0,7.6,472.0,-2.1,-2.3,0.044,10499.0,0.5,9.0,1.0,3.9,0.003,3.33,1.6,1.07,7.5,5.4,0.0213,43,117,-35,32,148.8,444,-302,142,2.5,0.008123,999999.99,99999.99,99999.99,99999.99,99999.99,99999.99,0,2003-04-04 01:00:00
2003,94,2,2316,51,52,64,39,8.4,6.6,34.5,307.8,3.3,-4.3,3.7,-5.5,1.2,0.6,4.9,2.6,2.4,3.3,135255.0,7.2,474.0,-1.2,0.1,0.047,26342.0,0.9,19.0,2.2,2.8,0.008,3.21,-0.57,1.12,7.6,5.4,0.0208,43,117,-33,32,148.8,505,-336,169,2.6,0.008123,999999.99,99999.99,99999.99,99999.99,99999.99,99999.99,0,2003-04-04 02:00:00
2003,94,3,2316,51,52,60,33,7.3,5.6,7.2,326.2,4.7,-3.1,0.7,-3.1,-0.7,0.5,4.5,1.0,1.9,4.0,201740.0,7.6,479.0,0.9,-1.3,0.058,16610.0,0.4,6.0,1.0,2.2,0.008,3.59,0.34,1.96,9.0,5.5,0.0145,33,117,-28,18,148.8,173,-41,132,0.6,0.008123,999999.99,99999.99,99999.99,99999.99,99999.99,99999.99,0,2003-04-04 03:00:00
2003,94,4,2316,51,52,57,36,7.5,6.5,-0.1,333.6,5.8,-2.9,0.0,-2.7,-1.2,0.3,3.6,1.2,2.7,2.0,185915.0,6.8,474.0,1.1,-1.7,0.063,18319.0,0.5,9.0,1.9,1.5,0.007,3.19,0.57,1.58,8.2,5.4,0.0175,33,117,-26,18,148.8,191,-46,145,0.6,0.008123,999999.99,99999.99,99999.99,99999.99,99999.99,99999.99,0,2003-04-04 04:00:00
2003,94,5,2316,51,52,63,39,7.5,5.4,-17.3,325.0,4.2,-3.0,-1.6,-2.2,-2.6,0.6,5.1,2.1,4.1,2.3,180032.0,6.9,484.0,1.4,-2.5,0.056,20759.0,0.7,12.0,2.3,1.4,0.008,3.3,1.26,1.57,8.5,5.5,0.0166,33,117,-25,18,148.8,205,-84,120,0.6,0.008123,999999.99,99999.99,99999.99,99999.99,99999.99,99999.99,0,2003-04-04 05:00:00
2003,94,6,2316,51,52,61,38,7.5,6.4,3.7,307.5,3.9,-5.0,0.4,-4.9,-1.2,0.6,3.8,1.6,3.3,1.2,174398.0,6.8,487.0,0.2,-1.0,0.057,13717.0,0.4,10.0,2.3,0.8,0.008,3.31,0.58,1.52,8.5,5.6,0.0166,40,117,-26,27,148.8,290,-174,116,0.8,0.008123,999999.99,99999.99,99999.99,99999.99,99999.99,99999.99,0,2003-04-04 06:00:00
2003,94,7,2316,51,52,60,33,8.1,7.3,6.0,296.1,3.2,-6.5,0.8,-6.5,-1.0,0.4,3.3,1.4,0.9,2.9,165154.0,6.6,496.0,-0.6,-1.3,0.051,20621.0,0.4,9.0,1.1,2.2,0.005,3.26,0.5,1.23,7.9,5.5,0.0192,40,117,-29,27,148.8,486,-295,191,1.3,0.008123,999999.99,99999.99,99999.99,99999.99,99999.99,99999.99,0,2003-04-04 07:00:00
2003,94,8,2316,51,52,59,35,8.5,8.2,-21.4,300.2,3.8,-6.6,-3.0,-5.6,-4.5,0.4,2.1,1.4,0.7,1.3,147774.0,6.4,492.0,-0.5,-4.1,0.055,17838.0,0.5,9.0,0.7,1.0,0.006,3.16,2.21,1.02,7.3,5.3,0.0222,40,117,-29,27,148.8,519,-309,210,2.4,0.008123,999999.99,99999.99,99999.99,99999.99,99999.99,99999.99,0,2003-04-04 08:00:00
2003,94,9,2316,51,52,60,36,7.8,5.7,38.6,335.3,4.0,-1.8,3.5,-2.5,3.0,0.6,5.3,1.2,3.2,4.0,176135.0,6.7,494.0,2.5,-0.0,0.062,20779.0,0.4,8.0,1.4,2.1,0.007,3.41,-1.48,1.39,8.2,5.5,0.0177,37,117,-32,22,148.8,908,-498,410,3.3,0.008123,999999.99,99999.99,99999.99,99999.99,99999.99,99999.99,0,2003-04-04 09:00:00
2003,94,10,2316,51,52,62,38,8.5,7.2,-2.5,318.5,5.4,-4.8,-0.3,-4.6,-1.3,0.3,4.4,1.4,2.3,3.5,148610.0,6.3,488.0,1.1,-2.2,0.054,17677.0,0.3,9.0,1.0,2.2,0.005,3.05,0.63,1.0,7.2,5.3,0.0229,37,117,-30,22,148.8,308,-121,187,1.0,0.008123,999999.99,99999.99,99999.99,99999.99,99999.99,99999.99,0,2003-04-04 10:00:00
2003,94,11,2316,51,52,58,31,8.6,8.3,-42.3,282.5,1.3,-6.0,-5.6,-4.6,-6.8,0.3,2.0,1.5,1.0,0.8,123279.0,5.9,504.0,0.5,-4.0,0.047,21768.0,0.5,9.0,0.6,0.6,0.007,2.97,3.43,0.84,7.1,5.4,0.0235,37,117,-30,22,148.8,451,-268,184,2.8,0.008123,999999.99,99999.99,99999.99,99999.99,99999.99,99999.99,0,2003-04-04 11:00:00
2003,94,12,2316,51,52,59,36,8.7,8.3,-39.7,291.8,2.4,-6.0,-5.3,-4.6,-6.5,0.4,2.4,1.5,0.9,1.7,109888.0,5.6,497.0,0.1,-3.7,0.039,17714.0,0.3,6.0,0.6,1.0,0.005,2.67,3.23,0.73,6.8,5.3,0.026,40,117,-36,27,148.8,902,-658,244,4.2,0.008123,999999.99,99999.99,99999.99,99999.99,99999.99,99999.99,0,2003-04-04 12:00:00
2003,94,13,2316,51,52,61,37,8.0,7.3,-17.5,311.2,4.6,-5.2,-2.2,-4.5,-3.4,0.5,3.0,0.8,1.6,2.5,126879.0,5.7,488.0,0.3,-2.2,0.048,16376.0,0.3,6.0,1.3,1.4,0.006,2.7,1.66,0.95,7.3,5.4,0.0224,40,117,-46,27,148.8,891,-592,299,4.3,0.008123,999999.99,99999.99,99999.99,99999.99,99999.99,99999.99,0,2003-04-04 13:00:00
2003,94,14,2316,51,52,59,36,7.7,7.1,-21.7,319.5,5.0,-4.3,-2.6,-3.4,-3.7,0.1,2.6,1.8,1.5,1.1,131625.0,5.4,486.0,-0.1,-3.6,0.047,13728.0,0.6,11.0,0.9,1.2,0.006,2.53,1.8,0.99,7.3,5.4,0.0221,40,117,-51,27,148.8,688,-404,284,2.6,0.008123,999999.99,99999.99,99999.99,99999.99,99999.99,99999.99,0,2003-04-04 14:00:00
2003,94,15,2316,51,52,60,35,7.6,6.6,11.8,300.1,3.2,-5.6,1.3,-5.7,-0.6,0.3,3.7,1.3,2.0,2.8,124281.0,5.5,494.0,-0.7,-0.8,0.046,14013.0,0.3,10.0,1.4,2.2,0.003,2.65,0.3,1.0,7.6,5.6,0.0205,37,117,-51,22,148.8,670,-381,289,2.3,0.008123,999999.99,99999.99,99999.99,99999.99,99999.99,99999.99,0,2003-04-04 15:00:00
2003,94,16,2316,51,52,61,38,7.4,5.6,30.0,327.1,4.1,-2.7,2.8,-3.5,1.6,0.2,4.7,1.3,3.1,3.3,120163.0,5.6,487.0,1.1,1.0,0.046,15360.0,0.5,9.0,2.1,2.4,0.007,2.63,-0.78,1.06,7.8,5.6,0.0196,37,117,-51,22,148.8,413,-243,170,1.5,0.008123,999999.99,99999.99,99999.99,99999.99,99999.99,99999.99,0,2003-04-04 16:00:00
2003,94,17,2316,51,52,59,35,7.4,5.8,47.6,321.4,3.1,-2.5,4.3,-4.1,2.9,0.1,4.3,1.4,2.5,3.2,113728.0,5.8,490.0,0.5,2.2,0.04,13857.0,0.4,11.0,2.3,2.7,0.003,2.7,-1.42,1.07,8.0,5.8,0.0187,37,117,-44,22,148.8,251,-106,145,1.8,0.008123,999999.99,99999.99,99999.99,99999.99,99999.99,99999.99,0,2003-04-04 17:00:00
2003,94,18,2316,51,52,55,33,7.2,5.9,7.9,344.9,5.7,-1.5,0.8,-1.7,0.0,0.1,3.9,1.5,2.4,2.6,143555.0,5.5,470.0,1.3,-1.5,0.051,28950.0,0.7,14.0,2.4,2.8,0.013,2.44,-0.0,1.2,7.7,5.4,0.0203,43,117,-35,32,148.8,249,-122,127,1.7,0.008123,999999.99,99999.99,99999.99,99999.99,99999.99,99999.99,0,2003-04-04 18:00:00
2003,94,19,2316,51,52,64,38,7.3,6.3,-19.0,320.2,4.6,-3.8,-2.0,-2.3,-3.6,0.2,3.3,1.5,1.8,2.4,137148.0,6.1,474.0,-0.4,-3.3,0.043,16308.0,0.6,12.0,1.6,2.2,0.006,2.68,1.71,1.26,8.0,5.5,0.0185,43,117,-33,32,148.8,339,-161,178,2.4,0.008123,999999.99,99999.99,99999.99,99999.99,99999.99,99999.99,0,2003-04-04 19:00:00
2003,94,20,2316,51,52,61,38,7.8,7.3,-58.6,301.9,2.0,-3.2,-6.2,0.5,-7.0,0.3,2.7,1.5,1.0,2.0,114574.0,6.0,494.0,0.1,-5.4,0.038,17237.0,0.3,12.0,1.1,1.8,0.003,2.82,3.46,1.0,7.8,5.7,0.0198,43,117,-41,32,148.8,756,-483,273,3.2,0.008123,999999.99,99999.99,99999.99,99999.99,99999.99,99999.99,0,2003-04-04 20:00:00
2003,94,21,2316,51,52,57,35,8.0,6.7,-51.7,313.0,2.9,-3.1,-5.3,0.2,-6.1,0.2,4.1,1.3,1.6,3.5,105745.0,5.6,485.0,0.2,-3.8,0.039,12070.0,0.4,11.0,1.6,3.0,0.005,2.54,2.96,0.85,7.2,5.4,0.0231,50,117,-38,48,148.8,1007,-657,351,5.7,0.008123,999999.99,99999.99,99999.99,99999.99,99999.99,99999.99,0,2003-04-04 21:00:00
2003,94,22,2316,51,52,61,38,7.7,7.4,-52.2,338.6,4.2,-1.7,-5.8,1.7,-5.8,0.1,2.1,0.6,1.8,0.8,112967.0,6.1,479.0,1.7,-4.8,0.039,9717.0,0.4,5.0,1.5,0.5,0.004,2.7,2.78,1.03,7.7,5.6,0.0202,50,117,-50,48,148.8,754,-403,351,4.3,0.008123,999999.99,99999.99,99999.99,99999.99,99999.99,99999.99,0,2003-04-04 22:00:00
2003,94,23,2316,51,52,59,35,7.4,5.6,-13.6,333.2,4.8,-2.4,-1.3,-1.3,-2.4,0.3,4.7,1.1,1.5,4.3,131424.0,6.2,473.0,1.1,-1.3,0.045,19444.0,0.4,7.0,1.2,3.5,0.008,2.73,1.14,1.22,8.0,5.5,0.0188,50,117,-62,48,148.8,684,-512,172,4.1,0.008123,999999.99,99999.99,99999.99,99999.99,99999.99,99999.99,0,2003-04-04 23:00:00
2003,95,0,2316,51,52,64,38,6.7,4.4,28.9,349.0,3.8,-0.7,2.1,-1.7,1.4,0.2,4.8,2.1,2.8,3.3,134752.0,5.8,477.0,2.8,0.9,0.051,21013.0,0.8,16.0,2.5,2.5,0.009,2.65,-0.67,1.41,8.6,5.8,0.0162,43,98,-58,32,137.5,375,-235,140,1.9,0.008059,999999.99,99999.99,99999.99,99999.99,99999.99,99999.99,0,2003-04-05 00:00:00
2003,95,1,2316,51,52,57,34,7.4,6.0,1.7,285.5,1.6,-5.8,0.2,-5.1,-2.8,0.2,4.3,3.0,1.2,2.8,121520.0,6.1,487.0,-1.4,-1.0,0.039,9215.0,0.3,19.0,0.9,2.0,0.004,2.79,1.36,1.16,8.1,5.7,0.018,43,98,-52,32,137.5,370,-194,176,2.3,0.008059,999999.99,99999.99,99999.99,99999.99,99999.99,99999.99,0,2003-04-05 01:00:00
2003,95,2,2316,51,52,62,37,7.7,4.9,-8.6,286.1,1.3,-4.6,-0.7,-3.7,-2.8,0.2,5.8,3.0,2.0,4.5,112036.0,6.0,489.0,0.5,-1.6,0.039,8764.0,0.4,22.0,1.6,3.2,0.004,2.77,1.37,1.01,7.8,5.7,0.0197,43,98,-49,32,137.5,481,-253,228,2.7,0.008059,999999.99,99999.99,99999.99,99999.99,99999.99,99999.99,0,2003-04-05 02:00:00
2003,95,3,2316,51,52,58,36,7.2,5.3,1.8,312.6,3.6,-3.9,0.2,-3.6,-1.5,0.3,4.7,1.4,2.0,4.0,139701.0,5.9,478.0,2.0,0.2,0.051,17385.0,0.3,10.0,1.5,2.3,0.008,2.71,0.72,1.27,8.1,5.6,0.0183,40,98,-48,27,137.5,323,-187,136,1.6,0.008059,999999.99,99999.99,99999.99,99999.99,99999.99,99999.99,0,2003-04-05 03:00:00
2003,95,4,2316,51,52,62,37,6.5,4.9,0.8,343.2,4.7,-1.4,0.1,-1.3,-0.5,0.4,4.1,1.3,3.0,2.5,148602.0,5.9,475.0,4.2,0.9,0.055,15404.0,0.3,6.0,2.4,1.7,0.007,2.71,0.24,1.61,8.9,5.7,0.0151,40,98,-51,27,137.5,494,-278,216,2.7,0.008059,999999.99,99999.99,99999.99,99999.99,99999.99,99999.99,0,2003-04-05 04:00:00
2003,95,5,2316,51,52,59,35,6.8,5.7,27.4,301.2,2.6,-4.3,2.6,-4.9,0.9,0.3,3.4,1.3,1.5,2.8,146734.0,5.9,483.0,1.7,2.4,0.046,15166.0,0.3,8.0,1.3,2.2,0.003,2.72,-0.43,1.46,8.6,5.7,0.016,40,98,-46,27,137.5,567,-341,226,2.9,0.008059,999999.99,99999.99,99999.99,99999.99,99999.99,99999.99,0,2003-04-05 05:00:00
2003,95,6,2316,51,52,62,35,6.7,5.8,-4.9,295.8,2.5,-5.2,-0.5,-4.8,-2.1,0.2,2.9,1.4,0.8,2.4,133645.0,5.6,482.0,0.4,-0.9,0.045,11672.0,0.4,12.0,0.7,2.1,0.004,2.56,1.01,1.36,8.5,5.8,0.0164,30,98,-35,15,137.5,160,-79,81,0.7,0.008059,999999.99,99999.99,99999.99,99999.99,99999.99,99999.99,0,2003-04-05 06:00:00
2003,95,7,2316,51,52,57,33,6.4,4.9,-3.8,303.5,2.7,-4.1,-0.3,-3.9,-1.4,0.2,3.8,1.7,1.8,2.9,128952.0,5.6,483.0,1.4,-0.3,0.047,11263.0,0.4,12.0,1.8,2.7,0.005,2.59,0.68,1.46,8.9,5.9,0.0149,30,98,-35,15,137.5,201,-91,111,1.1,0.008059,999999.99,99999.99,99999.99,99999.99,99999.99,99999.99,0,2003-04-05 07:00:00
2003,95,8,2316,51,52,57,32,6.5,6.3,17.7,321.9,4.7,-3.7,1.9,-4.1,0.9,0.1,1.4,0.7,0.7,0.9,126702.0,5.6,467.0,1.0,2.2,0.046,7287.0,0.3,6.0,0.7,0.9,0.004,2.41,-0.42,1.41,8.5,5.7,0.0165,30,98,-40,15,137.5,204,-104,100,0.2,0.008059,999999.99,99999.99,99999.99,99999.99,99999.99,99999.99,0,2003-04-05 08:00:00
2003,95,9,2316,51,52,61,38,6.5,5.4,35.7,308.7,2.8,-3.4,3.2,-4.0,2.4,0.2,3.4,1.8,2.0,2.1,119398.0,5.8,475.0,1.2,2.0,0.048,13006.0,0.4,12.0,1.2,1.3,0.004,2.61,-1.14,1.41,8.8,5.9,0.0154,30,98,-38,15,137.5,121,-33,89,-0.4,0.008059,999999.99,99999.99,99999.99,99999.99,99999.99,99999.99,0,2003-04-05 09:00:00
2003,95,10,2316,51,52,61,37,6.2,5.0,29.7,294.6,1.8,-3.9,2.5,-4.3,1.6,0.3,3.5,1.2,1.4,2.9,111137.0,6.0,480.0,0.6,2.0,0.054,14823.0,0.6,9.0,1.2,2.3,0.007,2.81,-0.77,1.56,9.5,6.2,0.0132,30,98,-34,15,137.5,173,-52,121,0.2,0.008059,999999.99,99999.99,99999.99,99999.99,99999.99,99999.99,0,2003-04-05 10:00:00
2003,95,11,2316,51,52,58,34,6.8,5.7,-36.8,305.2,2.7,-3.8,-3.4,-3.0,-4.1,0.2,3.3,1.8,1.9,2.0,96354.0,6.0,470.0,0.2,-1.8,0.056,8919.0,0.5,13.0,1.7,1.4,0.005,2.71,1.93,1.21,8.5,5.9,0.0166,30,98,-30,15,137.5,249,-143,106,0.7,0.008059,999999.99,99999.99,99999.99,99999.99,99999.99,99999.99,0,2003-04-05 11:00:00
2003,95,12,2316,51,52,61,35,7.1,5.7,-30.1,318.0,3.7,-3.3,-2.9,-2.6,-3.6,0.1,3.9,0.8,2.7,2.7,96902.0,6.6,464.0,0.3,-0.7,0.052,7399.0,0.4,7.0,1.9,2.1,0.004,2.87,1.67,1.23,8.4,5.8,0.0169,37,98,-26,22,137.5,739,-585,154,3.0,0.008059,999999.99,99999.99,99999.99,99999.99,99999.99,99999.99,0,2003-04-05 12:00:00
2003,95,13,2316,51,52,57,36,7.1,5.0,-26.3,311.0,2.9,-3.4,-2.2,-2.7,-3.0,0.2,4.8,2.0,3.7,2.3,101115.0,6.8,468.0,0.5,-0.2,0.052,11847.0,0.7,12.0,3.1,1.7,0.007,3.0,1.4,1.29,8.6,5.9,0.0161,37,98,-26,22,137.5,595,-431,165,3.0,0.008059,999999.99,99999.99,99999.99,99999.99,99999.99,99999.99,0,2003-04-05 13:00:00
2003,95,14,2316,51,52,64,38,7.3,6.1,-15.6,314.9,4.2,-4.2,-1.6,-3.6,-2.7,0.3,3.7,1.5,1.9,2.8,105326.0,7.2,459.0,-1.0,0.2,0.048,8417.0,0.5,11.0,1.4,2.5,0.005,3.02,1.24,1.31,8.4,5.8,0.0167,37,98,-31,22,137.5,668,-521,148,2.7,0.008059,999999.99,99999.99,99999.99,99999.99,99999.99,99999.99,0,2003-04-05 14:00:00
2003,95,15,2316,51,52,59,35,7.3,6.3,-6.7,293.1,2.4,-5.7,-0.7,-5.2,-2.5,0.2,3.3,1.6,0.8,2.8,95835.0,7.2,469.0,-2.5,1.0,0.044,7762.0,0.5,9.0,0.7,2.3,0.003,3.11,1.17,1.26,8.6,6.0,0.016,47,98,-35,39,137.5,371,-258,113,1.7,0.008059,999999.99,99999.99,99999.99,99999.99,99999.99,99999.99,0,2003-04-05 15:00:00
2003,95,16,2316,51,52,63,39,7.3,5.9,9.6,324.8,4.7,-3.3,1.0,-3.4,-0.3,0.5,4.1,2.1,2.1,2.7,117608.0,8.0,463.0,-0.6,2.1,0.051,16894.0,0.8,11.0,1.8,1.8,0.008,3.45,0.14,1.54,9.0,5.9,0.0148,47,98,-34,39,137.5,567,-332,235,1.7,0.008059,999999.99,99999.99,99999.99,99999.99,99999.99,99999.99,0,2003-04-05 16:00:00
2003,95,17,2316,51,52,57,36,8.1,7.4,-67.8,240.8,-1.4,-2.4,-6.8,0.6,-7.2,0.3,3.3,2.0,2.3,1.2,131463.0,7.6,492.0,-1.0,-1.3,0.047,12854.0,0.4,10.0,1.5,0.8,0.003,3.65,3.54,1.25,8.4,5.8,0.017,47,98,-34,39,137.5,799,-531,268,3.8,0.008059,999999.99,99999.99,99999.99,99999.99,99999.99,99999.99,0,2003-04-05 17:00:00
2003,95,18,2316,51,52,65,40,8.7,6.2,13.2,306.4,3.6,-4.9,1.4,-5.0,-1.0,0.4,6.0,2.4,1.7,5.3,156996.0,7.2,487.0,-1.7,1.1,0.042,17858.0,0.6,13.0,1.6,2.1,0.006,3.33,0.49,1.13,7.5,5.3,0.0211,53,98,-47,56,137.5,869,-647,221,2.4,0.008059,999999.99,99999.99,99999.99,99999.99,99999.99,99999.99,0,2003-04-05 18:00:00
2003,95,19,2316,51,52,60,37,7.6,6.3,-32.6,283.6,1.3,-5.2,-3.4,-2.9,-5.5,0.8,4.0,2.2,2.0,2.8,239727.0,7.5,513.0,0.7,-1.1,0.043,36692.0,0.5,9.0,1.1,1.4,0.008,3.86,2.82,1.99,9.2,5.6,0.0139,53,98,-48,56,137.5,975,-692,282,3.8,0.008059,999999.99,99999.99,99999.99,99999.99,99999.99,99999.99,0,2003-04-05 19:00:00
2003,95,20,2316,51,52,63,39,7.1,5.8,52.7,357.6,3.5,-0.1,4.6,-2.5,3.9,1.0,4.0,1.3,2.7,2.6,255579.0,8.1,534.0,3.7,0.6,0.036,29911.0,0.6,8.0,1.4,1.0,0.003,4.41,-2.08,2.57,10.7,6.0,0.0104,53,98,-45,56,137.5,609,-388,220,1.7,0.008059,999999.99,99999.99,99999.99,99999.99,99999.99,99999.99,0,2003-04-05 20:00:00
2003,95,21,2316,51,52,60,37,6.3,2.7,3.1,298.7,1.3,-2.4,0.1,-2.1,-1.2,0.6,5.6,3.2,2.9,3.5,277868.0,7.8,552.0,5.0,-0.2,0.035,17282.0,0.5,7.0,0.7,1.3,0.003,4.52,0.66,3.32,12.2,6.2,0.0079,37,98,-39,22,137.5,283,-114,170,1.4,0.008059,999999.99,99999.99,99999.99,99999.99,99999.99,99999.99,0,2003-04-05 21:00:00
2003,95,22,2316,51,52,61,38,5.9,4.3,63.9,316.4,1.4,-1.3,3.9,-3.2,2.6,0.3,3.9,2.1,2.7,1.7,246405.0,7.2,547.0,5.4,0.9,0.032,18377.0,0.4,7.0,1.1,0.6,0.003,4.06,-1.42,3.22,12.4,6.4,0.0077,37,98,-34,22,137.5,331,-231,100,0.6,0.008059,999999.99,99999.99,99999.99,99999.99,99999.99,99999.99,0,2003-04-05 22:00:00
2003,95,23,2316,51,52,59,34,5.1,2.8,22.4,329.0,2.2,-1.3,1.1,-1.7,0.2,0.5,4.1,0.8,2.5,3.1,244482.0,6.3,551.0,4.4,-0.7,0.035,17611.0,0.4,4.0,1.1,1.2,0.005,3.64,-0.11,3.76,13.6,6.6,0.0065,37,98,-28,22,137.5,182,-100,81,0.6,0.008059,999999.99,99999.99,99999.99,99999.99,99999.99,99999.99,0,2003-04-05 23:00:00
2003,96,0,2316,51,52,61,36,4.7,3.3,13.8,339.1,3.0,-1.1,0.8,-1.4,0.1,0.4,3.2,1.3,1.2,2.7,240056.0,5.3,554.0,4.3,-0.5,0.039,18266.0,0.3,7.0,0.6,1.1,0.004,3.14,-0.06,3.68,13.6,6.6,0.0065,27,85,-37,12,126.1,329,-211,118,1.0,0.007657,999999.99,99999.99,99999.99,99999.99,99999.99,99999.99,0,2003-04-06 00:00:00
2003,96,1,2316,51,52,59,37,4.7,4.6,14.9,352.5,4.4,-0.6,1.2,-1.1,0.7,0.3,1.2,0.5,0.8,0.6,214982.0,4.4,553.0,4.2,-0.1,0.044,16102.0,0.4,2.0,0.3,0.5,0.004,2.64,-0.39,2.85,12.3,6.6,0.0078,27,85,-36,12,126.1,275,-195,80,0.0,0.007657,999999.99,99999.99,99999.99,99999.99,99999.99,99999.99,0,2003-04-06 01:00:00
2003,96,2,2316,51,52,60,36,4.6,4.3,24.3,325.5,3.2,-2.2,1.8,-2.8,0.5,0.2,1.6,1.1,0.9,0.8,212698.0,4.3,553.0,3.7,-0.2,0.041,15723.0,0.2,6.0,0.5,0.6,0.004,2.56,-0.28,2.88,12.5,6.7,0.0077,27,85,-31,12,126.1,211,-111,100,0.1,0.007657,999999.99,99999.99,99999.99,99999.99,99999.99,99999.99,0,2003-04-06 02:00:00
2003,96,3,2316,51,52,60,37,4.6,3.8,-2.3,318.5,2.8,-2.5,-0.1,-2.2,-1.2,0.3,2.5,1.3,1.5,1.5,200095.0,4.2,551.0,3.7,-1.4,0.039,22072.0,0.3,7.0,0.8,0.9,0.003,2.46,0.66,2.71,12.3,6.7,0.0079,30,85,-26,15,126.1,283,-153,131,0.6,0.007657,999999.99,99999.99,99999.99,99999.99,99999.99,99999.99,0,2003-04-06 03:00:00
2003,96,4,2316,51,52,57,35,4.5,3.0,7.2,315.9,2.1,-2.1,0.4,-2.1,-0.5,0.2,3.3,1.6,1.0,2.7,172264.0,4.3,538.0,4.2,-1.7,0.034,14562.0,0.1,12.0,0.5,1.3,0.003,2.36,0.27,2.66,12.4,6.8,0.0077,30,85,-23,15,126.1,399,-273,126,0.9,0.007657,999999.99,99999.99,99999.99,99999.99,99999.99,99999.99,0,2003-04-06 04:00:00
2003,96,5,2316,51,52,59,37,4.6,4.4,27.2,353.1,3.9,-0.5,2.0,-1.2,1.7,0.1,1.2,0.6,0.7,0.8,138018.0,4.2,523.0,4.4,-0.9,0.028,7407.0,0.1,3.0,0.3,0.4,0.002,2.13,-0.89,2.2,11.7,6.8,0.0088,30,85,-23,15,126.1,209,-166,42,-0.1,0.007657,999999.99,99999.99,99999.99,99999.99,99999.99,99999.99,0,2003-04-06 05:00:00
2003,96,6,2316,51,52,60,37,4.5,4.4,30.0,332.4,3.3,-1.7,2.2,-2.3,1.6,0.3,1.1,0.3,1.0,0.3,132882.0,3.8,517.0,3.9,-0.8,0.031,9115.0,0.4,2.0,0.3,0.3,0.004,1.91,-0.83,2.04,11.2,6.7,0.0095,20,85,-22,7,126.1,75,-30,45,-0.4,0.007657,999999.99,99999.99,99999.99,99999.99,99999.99,99999.99,0,2003-04-06 06:00:00
2003,96,7,2316,51,52,56,31,3.7,3.4,10.8,296.3,1.5,-3.0,0.6,-3.0,-0.2,0.6,1.6,1.0,0.6,1.0,127555.0,3.6,503.0,2.3,-0.4,0.041,19042.0,0.5,12.0,0.7,0.8,0.009,1.77,0.1,2.8,12.9,7.0,0.0072,20,85,-24,7,126.1,41,1,42,-0.6,0.007657,999999.99,99999.99,99999.99,99999.99,99999.99,99999.99,0,2003-04-06 07:00:00
2003,96,8,2316,51,52,58,37,3.9,3.8,12.1,326.5,3.1,-2.0,0.8,-2.1,0.3,0.3,1.0,0.6,0.5,0.7,89449.0,4.5,474.0,1.9,0.9,0.033,5227.0,0.3,5.0,0.4,0.3,0.004,1.91,-0.14,2.68,12.9,7.1,0.0072,20,85,-25,7,126.1,44,-6,38,-0.5,0.007657,999999.99,99999.99,99999.99,99999.99,99999.99,99999.99,0,2003-04-06 08:00:00
