YEAR,DOY,Hour,Bartels_rotation_number,ID_for_IMF_spacecraft,ID_for_SW_Plasma_spacecraft,num_points_IMF_averages,num_points_Plasma_averages,Scalar_B_nT,Vector_B_Magnitude_nT,Lat_Angle_of_B_GSE,Long_Angle_of_B_GSE,BX_nT_GSE_GSM,BY_nT_GSE,BZ_nT_GSE,BY_nT_GSM,BZ_nT_GSM,RMS_magnitude_nT,RMS_field_vector_nT,RMS_BX_GSE_nT,RMS_BY_GSE_nT,RMS_BZ_GSE_nT,SW_Plasma_Temperature_K,SW_Proton_Density_N_cm3,SW_Plasma_Speed_km_s,SW_Plasma_flow_long_angle,SW_Plasma_flow_lat_angle,Alpha_Prot_ratio,sigma_T_K,sigma_n_N_cm3,sigma_V_km_s,sigma_phi_V_degrees,sigma_theta_V_degrees,sigma_ratio,Flow_pressure,E_electric_field,Plasma_Beta,Alfen_mach_number,Magnetosonic_Mach_number,Quasy_Invariant,Kp_index,R_Sunspot_No,Dst_index_nT,ap_index_nT,f10.7_index,AE_index_nT,AL_index_nT,AU_index_nT,pc_index,Lyman_alpha,Proton_flux_>1_Mev,Proton_flux_>2_Mev,Proton_flux_>4_Mev,Proton_flux_>10_Mev,Proton_flux_>30_Mev,Proton_flux_>60_Mev,Flux_FLAG,Timestamp
2017,126,0,2506,51,52,59,35,6.6,6.5,71.3,43.1,1.5,1.4,6.1,-1.4,6.1,0.2,1.3,0.5,1.1,0.2,24975.0,5.7,365.0,-2.0,1.8,0.042,3498.0,0.4,3.0,1.0,0.6,0.002,1.48,-2.23,0.83,6.6,5.0,0.0273,7,27,6,3,74.1,47,-28,19,-0.2,0.006254,999999.99,99999.99,99999.99,0.17,0.09,0.06,-1,2017-05-06 00:00:00
2017,126,1,2506,51,52,58,35,6.4,5.8,61.1,50.1,1.8,2.1,5.1,-0.2,5.5,0.4,2.6,2.1,1.0,1.3,38028.0,6.2,365.0,-1.2,1.3,0.034,11905.0,1.3,7.0,0.5,1.3,0.008,1.57,-2.01,1.05,7.1,5.1,0.0236,7,27,7,3,74.1,46,-28,18,-0.3,0.006254,999999.99,99999.99,99999.99,0.15,0.09,0.07,-1,2017-05-06 01:00:00
2017,126,2,2506,51,52,61,36,7.7,7.6,25.5,30.9,5.9,3.5,3.3,2.0,4.4,0.2,1.1,0.4,0.2,1.0,47503.0,5.4,360.0,-0.7,-0.6,0.042,3896.0,0.5,3.0,0.3,0.5,0.004,1.37,-1.58,0.67,5.4,4.3,0.0403,7,27,11,3,74.1,39,-23,16,-0.2,0.006254,999999.99,99999.99,99999.99,0.17,0.09,0.07,-1,2017-05-06 02:00:00
2017,126,3,2506,51,52,60,36,7.6,7.5,39.6,28.7,5.1,2.8,4.8,1.0,5.5,0.1,1.2,0.6,0.8,0.7,43167.0,7.2,361.0,-0.7,1.2,0.034,5041.0,0.6,2.0,0.5,0.7,0.006,1.78,-1.99,0.89,6.4,4.8,0.0293,17,27,8,6,74.1,31,-16,15,-0.2,0.006254,999999.99,99999.99,99999.99,0.16,0.1,0.08,-1,2017-05-06 03:00:00
2017,126,4,2506,51,52,60,37,7.7,7.6,27.6,36.6,5.4,4.0,3.5,2.8,4.5,0.4,1.0,0.5,0.8,0.3,47495.0,7.4,358.0,-1.0,1.1,0.042,7167.0,0.8,3.0,0.5,0.5,0.007,1.85,-1.61,0.91,6.3,4.7,0.0297,17,27,8,6,74.1,28,-11,17,-0.2,0.006254,999999.99,99999.99,99999.99,0.17,0.09,0.07,-1,2017-05-06 04:00:00
2017,126,5,2506,51,52,59,36,6.9,6.1,28.7,80.6,0.9,5.3,2.9,4.4,4.2,0.4,3.1,1.8,1.6,1.9,37784.0,13.7,362.0,-0.1,2.0,0.024,8780.0,2.4,4.0,0.8,0.7,0.015,3.29,-1.52,1.99,9.7,5.9,0.0126,17,27,12,6,74.1,41,-14,27,0.2,0.006254,999999.99,99999.99,99999.99,0.17,0.09,0.07,-1,2017-05-06 05:00:00
2017,126,6,2506,51,52,60,34,7.7,6.9,63.3,5.7,3.1,0.3,6.2,-1.1,6.1,0.7,3.4,1.7,2.8,0.6,47378.0,10.4,358.0,-2.4,2.7,0.035,4228.0,3.5,3.0,0.8,0.8,0.012,2.54,-2.18,1.28,7.5,5.2,0.0212,10,27,10,4,74.1,45,-20,25,-0.1,0.006254,999999.99,99999.99,99999.99,0.18,0.09,0.07,-1,2017-05-06 06:00:00
2017,126,7,2506,51,52,58,36,6.7,6.0,65.0,15.1,2.4,0.7,5.4,-0.3,5.4,0.4,2.9,1.3,2.5,0.9,50678.0,8.0,355.0,-2.0,2.4,0.043,6646.0,1.1,4.0,0.8,0.8,0.009,1.97,-1.92,1.33,7.5,5.1,0.0212,10,27,9,4,74.1,40,-18,23,-0.6,0.006254,999999.99,99999.99,99999.99,0.16,0.09,0.06,-1,2017-05-06 07:00:00
2017,126,8,2506,51,52,59,35,6.0,5.7,33.7,50.1,3.0,3.6,3.2,3.1,3.7,0.3,1.8,1.6,0.6,0.6,43780.0,7.3,350.0,-1.5,2.1,0.044,4590.0,0.6,4.0,0.4,0.5,0.008,1.76,-1.29,1.45,7.9,5.2,0.0192,10,27,11,4,74.1,46,-20,26,-0.1,0.006254,999999.99,99999.99,99999.99,0.16,0.09,0.06,-1,2017-05-06 08:00:00
2017,126,9,2506,51,52,64,38,5.8,5.2,47.2,164.3,-3.4,1.0,3.8,0.5,3.9,0.3,2.4,1.5,1.7,0.7,43277.0,9.6,358.0,-2.2,2.3,0.029,5166.0,0.8,6.0,0.8,0.7,0.008,2.29,-1.4,2.04,9.6,5.8,0.013,10,27,15,4,74.1,52,-23,28,0.8,0.006254,999999.99,99999.99,99999.99,0.17,0.1,0.07,-1,2017-05-06 09:00:00
2017,126,10,2506,51,52,57,33,5.9,4.7,22.4,23.0,4.0,1.7,1.8,1.5,2.0,0.5,3.5,2.9,1.3,1.5,42957.0,8.0,333.0,-0.9,1.5,0.053,9751.0,1.5,12.0,0.9,1.2,0.012,1.8,-0.67,1.64,8.0,5.1,0.0187,10,27,19,4,74.1,47,-19,28,0.5,0.006254,999999.99,99999.99,99999.99,0.16,0.09,0.07,-1,2017-05-06 10:00:00
2017,126,11,2506,51,52,55,34,5.9,5.7,14.1,12.7,5.4,1.2,1.4,1.0,1.5,0.2,1.4,0.8,0.5,1.1,34933.0,5.5,329.0,-1.4,2.7,0.07,8378.0,0.7,5.0,0.7,1.3,0.008,1.27,-0.49,1.07,6.5,4.7,0.0278,10,27,13,4,74.1,51,-24,27,0.6,0.006254,999999.99,99999.99,99999.99,0.17,0.1,0.07,-1,2017-05-06 11:00:00
2017,126,12,2506,51,52,60,35,6.2,6.1,10.1,4.8,6.0,0.5,1.1,0.4,1.2,0.1,0.7,0.2,0.2,0.6,31310.0,4.2,324.0,-1.9,3.3,0.068,14075.0,0.4,6.0,0.7,0.8,0.021,0.94,-0.39,0.73,5.4,4.2,0.0415,10,27,9,4,74.1,49,-27,22,0.1,0.006254,999999.99,99999.99,99999.99,0.2,0.1,0.07,-1,2017-05-06 12:00:00
2017,126,13,2506,51,52,59,37,6.4,6.4,6.7,6.3,6.3,0.7,0.7,0.6,0.8,0.1,0.6,0.1,0.4,0.4,29657.0,4.2,320.0,-1.8,3.2,0.077,10677.0,0.3,7.0,0.6,0.7,0.024,0.94,-0.26,0.67,5.1,4.1,0.0453,10,27,6,4,74.1,47,-31,17,-0.4,0.006254,999999.99,99999.99,99999.99,0.19,0.1,0.07,-1,2017-05-06 13:00:00
2017,126,14,2506,51,52,61,37,6.5,6.4,22.5,13.3,5.7,1.4,2.4,0.9,2.6,0.2,1.2,0.3,1.0,0.5,33767.0,5.5,323.0,-1.0,4.6,0.073,4672.0,0.5,3.0,1.1,0.5,0.012,1.24,-0.84,0.88,5.8,4.4,0.035,10,27,3,4,74.1,40,-26,14,-0.6,0.006254,999999.99,99999.99,99999.99,0.18,0.11,0.08,-1,2017-05-06 14:00:00
2017,126,15,2506,51,52,59,36,6.4,6.2,25.3,19.1,5.3,1.8,2.7,1.1,3.0,0.2,1.4,0.2,1.1,0.8,36619.0,6.8,325.0,-1.0,4.8,0.055,4681.0,0.6,3.0,1.0,1.0,0.007,1.46,-0.97,1.14,6.6,4.7,0.0271,7,27,5,3,74.1,29,-20,9,-1.0,0.006254,999999.99,99999.99,99999.99,0.17,0.11,0.08,-1,2017-05-06 15:00:00
2017,126,16,2506,51,52,60,37,6.9,6.8,11.6,34.2,5.5,3.7,1.4,3.2,2.4,0.2,1.0,0.3,0.5,0.8,29668.0,6.9,323.0,-0.1,4.0,0.055,2572.0,0.2,3.0,0.6,1.0,0.004,1.47,-0.78,0.95,6.1,4.6,0.0315,7,27,6,3,74.1,37,-24,13,-0.9,0.006254,999999.99,99999.99,99999.99,0.19,0.1,0.07,-1,2017-05-06 16:00:00
2017,126,17,2506,51,52,64,38,7.6,7.3,5.9,45.7,5.1,5.2,0.7,4.7,2.3,0.2,1.9,1.0,1.1,1.3,29382.0,8.6,332.0,1.0,3.4,0.046,3793.0,1.4,8.0,0.8,1.7,0.011,1.87,-0.76,0.98,6.4,4.7,0.029,7,27,7,3,74.1,35,-18,18,-1.8,0.006254,999999.99,99999.99,99999.99,0.19,0.1,0.08,-1,2017-05-06 17:00:00
2017,126,18,2506,51,52,59,36,8.1,8.0,6.4,46.4,5.5,5.8,0.9,5.1,2.9,0.2,1.0,0.4,0.3,0.9,21823.0,10.5,336.0,1.1,4.4,0.031,5882.0,0.7,2.0,0.3,0.9,0.003,2.23,-0.97,1.0,6.7,4.9,0.0263,13,27,10,5,74.1,40,-11,29,-1.4,0.006254,999999.99,99999.99,99999.99,0.17,0.09,0.07,-1,2017-05-06 18:00:00
2017,126,19,2506,51,52,63,38,7.2,6.9,-5.6,53.7,4.1,5.6,-0.7,5.4,1.6,0.7,2.0,0.8,1.0,1.5,48844.0,9.7,341.0,0.8,2.5,0.026,15187.0,0.7,5.0,1.0,1.1,0.003,2.08,-0.55,1.38,7.4,5.0,0.0219,13,27,7,5,74.1,40,-16,24,-1.1,0.006254,999999.99,99999.99,99999.99,0.19,0.1,0.07,-1,2017-05-06 19:00:00
2017,126,20,2506,51,52,57,32,6.9,6.7,-20.9,55.3,3.6,5.1,-2.4,5.6,0.0,0.2,1.5,1.1,1.0,0.3,58170.0,9.2,349.0,0.5,-0.7,0.022,5144.0,0.5,6.0,0.6,0.5,0.002,2.04,-0.0,1.5,7.7,5.1,0.0202,13,27,5,5,74.1,46,-18,27,-0.4,0.006254,999999.99,99999.99,99999.99,0.17,0.1,0.08,-1,2017-05-06 20:00:00
2017,126,21,2506,51,52,63,38,7.3,7.1,-17.9,54.3,3.9,5.5,-2.2,5.9,0.5,0.1,1.5,1.2,0.6,0.8,50213.0,8.5,344.0,1.3,-1.5,0.02,4902.0,0.5,5.0,0.5,0.7,0.003,1.81,-0.17,1.18,6.9,4.8,0.0252,10,27,3,4,74.1,57,-29,28,-0.0,0.006254,999999.99,99999.99,99999.99,0.19,0.09,0.07,-1,2017-05-06 21:00:00
2017,126,22,2506,51,52,60,37,6.0,5.8,-5.3,60.9,2.8,5.0,-0.5,4.7,1.8,0.5,1.4,0.6,0.6,1.1,65555.0,11.0,354.0,-0.5,-0.6,0.018,6506.0,0.8,3.0,0.8,0.8,0.002,2.47,-0.64,2.46,9.8,5.5,0.0124,10,27,2,4,74.1,61,-32,29,-0.1,0.006254,999999.99,99999.99,99999.99,0.19,0.09,0.07,-1,2017-05-06 22:00:00
2017,126,23,2506,51,52,59,35,5.9,5.7,-6.0,65.4,2.4,5.1,-0.6,4.8,1.7,0.6,1.7,0.4,0.8,1.4,64796.0,10.9,352.0,-0.3,-0.5,0.019,7221.0,1.0,3.0,1.3,0.6,0.002,2.43,-0.6,2.52,9.8,5.5,0.0123,10,27,3,4,74.1,49,-27,21,-0.0,0.006254,999999.99,99999.99,99999.99,0.19,0.1,0.07,-1,2017-05-06 23:00:00
2017,127,0,2506,51,52,61,35,6.6,6.5,-17.9,76.5,1.5,6.0,-2.0,6.3,0.8,0.5,1.2,0.6,0.5,0.9,62266.0,10.0,350.0,0.7,-1.3,0.019,6106.0,0.5,3.0,0.6,0.6,0.002,2.2,-0.28,1.82,8.4,5.2,0.0169,17,23,3,6,73.0,52,-23,29,0.5,0.006234,999999.99,99999.99,99999.99,0.18,0.09,0.06,-1,2017-05-07 00:00:00
2017,127,1,2506,51,52,61,37,6.0,5.5,-36.6,82.7,0.6,4.4,-3.3,5.4,-1.2,1.0,2.5,0.9,1.3,1.9,75911.0,10.4,350.0,0.4,-1.0,0.021,14693.0,0.8,4.0,0.8,1.1,0.003,2.31,0.42,2.45,9.4,5.3,0.0134,17,23,2,6,73.0,61,-19,42,0.7,0.006234,999999.99,99999.99,99999.99,0.2,0.1,0.07,-1,2017-05-07 01:00:00
2017,127,2,2506,51,52,61,37,4.9,2.6,-52.6,181.4,-1.6,0.0,-2.1,0.8,-1.9,0.4,4.1,1.0,3.6,1.8,91843.0,12.7,364.0,1.9,-0.6,0.018,6894.0,0.6,2.0,1.3,0.9,0.002,3.01,0.69,4.85,13.2,5.8,0.0068,17,23,3,6,73.0,122,-57,65,0.7,0.006234,999999.99,99999.99,99999.99,0.2,0.11,0.07,-1,2017-05-07 02:00:00
2017,127,3,2506,51,52,60,37,5.3,4.5,-21.3,248.9,-1.5,-3.9,-1.6,-3.1,-2.8,0.8,2.8,0.7,2.2,1.6,83947.0,11.4,366.0,-0.1,-0.2,0.018,8246.0,0.7,2.0,1.1,0.9,0.002,2.73,1.02,3.58,11.7,5.8,0.0088,27,23,0,12,73.0,277,-154,123,1.2,0.006234,999999.99,99999.99,99999.99,0.18,0.1,0.07,-1,2017-05-07 03:00:00
2017,127,4,2506,51,52,57,32,4.7,2.8,33.9,248.8,-0.8,-2.2,1.6,-2.6,0.9,0.8,3.8,1.3,1.2,3.3,80533.0,13.1,359.0,1.2,2.0,0.019,3174.0,1.3,5.0,1.2,1.5,0.002,3.03,-0.32,5.15,13.8,5.9,0.0062,27,23,-4,12,73.0,246,-121,125,0.9,0.006234,999999.99,99999.99,99999.99,0.18,0.08,0.06,-1,2017-05-07 04:00:00
2017,127,5,2506,51,52,62,37,4.4,3.6,-11.2,243.6,-1.6,-3.2,-0.7,-2.9,-1.5,0.3,2.4,1.4,0.9,1.8,79702.0,13.2,357.0,1.2,1.6,0.016,3604.0,0.7,3.0,0.4,0.6,0.002,2.99,0.54,5.9,14.7,6.0,0.0055,27,23,-4,12,73.0,147,-30,118,0.4,0.006234,999999.99,99999.99,99999.99,0.19,0.11,0.08,-1,2017-05-07 05:00:00
2017,127,6,2506,51,52,60,35,4.7,4.1,-51.6,253.4,-0.7,-2.4,-3.2,-1.7,-3.6,0.2,2.2,1.8,0.9,0.8,75702.0,12.0,358.0,0.8,0.1,0.017,4160.0,0.8,8.0,0.4,0.6,0.003,2.74,1.29,4.61,13.2,5.9,0.0068,27,23,-2,12,73.0,176,-59,117,0.8,0.006234,999999.99,99999.99,99999.99,0.19,0.11,0.08,-1,2017-05-07 06:00:00
2017,127,7,2506,51,52,59,37,4.7,4.5,-49.2,247.4,-1.1,-2.7,-3.4,-2.1,-3.8,0.2,1.2,0.8,0.7,0.6,67426.0,11.0,354.0,0.6,-0.4,0.016,3578.0,0.8,4.0,0.6,0.4,0.002,2.45,1.35,4.06,12.5,5.9,0.0076,27,23,-5,12,73.0,264,-152,112,1.5,0.006234,999999.99,99999.99,99999.99,0.17,0.09,0.06,-1,2017-05-07 07:00:00
2017,127,8,2506,51,52,60,36,4.5,3.9,-24.1,247.0,-1.4,-3.2,-1.6,-2.9,-2.0,0.3,2.3,0.5,0.7,2.1,64161.0,9.8,352.0,0.3,0.1,0.018,4275.0,0.6,1.0,0.6,1.5,0.002,2.17,0.7,3.88,12.2,5.9,0.0079,27,23,-6,12,73.0,563,-384,179,2.5,0.006234,999999.99,99999.99,99999.99,0.19,0.1,0.08,-1,2017-05-07 08:00:00
2017,127,9,2506,51,52,59,35,5.3,4.5,-28.1,278.2,0.6,-3.9,-2.1,-3.6,-2.6,0.4,2.8,1.3,1.1,2.3,66250.0,8.8,348.0,0.3,-0.0,0.025,7270.0,0.7,3.0,0.8,0.9,0.002,1.96,0.9,2.54,9.7,5.5,0.0125,13,23,1,5,73.0,213,-129,84,1.7,0.006234,999999.99,99999.99,99999.99,0.18,0.09,0.06,-1,2017-05-07 09:00:00
2017,127,10,2506,51,52,62,37,5.1,4.6,-17.5,248.3,-1.6,-4.1,-1.4,-3.9,-1.8,0.4,2.0,0.9,0.9,1.6,55503.0,9.3,350.0,-1.1,0.5,0.022,5197.0,0.8,2.0,0.5,0.3,0.002,2.07,0.63,2.73,10.5,5.7,0.0109,13,23,4,5,73.0,239,-111,128,2.0,0.006234,999999.99,99999.99,99999.99,0.16,0.1,0.07,-1,2017-05-07 10:00:00
2017,127,11,2506,51,52,57,35,4.2,3.7,-2.6,229.3,-2.4,-2.8,-0.2,-2.8,-0.5,0.4,1.9,1.4,0.5,1.2,51887.0,10.1,350.0,-1.7,-0.6,0.02,8552.0,0.4,4.0,0.6,0.6,0.002,2.23,0.17,4.29,13.2,6.1,0.0068,13,23,3,5,73.0,177,-81,96,0.9,0.006234,999999.99,99999.99,99999.99,0.19,0.11,0.07,-1,2017-05-07 11:00:00
2017,127,12,2506,51,52,61,38,2.6,2.1,-4.2,269.7,0.0,-2.1,-0.2,-2.1,-0.5,0.9,1.7,1.3,1.0,0.5,58322.0,10.1,349.0,-1.1,-0.5,0.022,5927.0,0.5,5.0,0.5,0.3,0.002,2.24,0.17,11.6,21.3,6.4,0.0026,7,23,3,3,73.0,73,-35,38,0.8,0.006234,999999.99,99999.99,99999.99,0.19,0.11,0.08,-1,2017-05-07 12:00:00
2017,127,13,2506,51,52,60,36,2.8,2.5,-9.5,316.2,1.8,-1.7,-0.4,-1.6,-0.6,0.8,1.4,1.2,0.4,0.4,57996.0,9.5,345.0,-1.7,-0.6,0.022,3168.0,0.5,4.0,0.4,0.3,0.001,2.05,0.21,9.39,19.0,6.3,0.0033,7,23,0,3,73.0,63,-35,28,0.8,0.006234,999999.99,99999.99,99999.99,0.16,0.09,0.06,-1,2017-05-07 13:00:00
2017,127,14,2506,51,52,60,36,3.4,2.9,-52.6,211.7,-1.5,-0.9,-2.3,-0.5,-2.4,0.8,1.7,0.8,1.2,1.0,48931.0,9.4,346.0,-1.7,-1.3,0.019,3640.0,0.6,2.0,0.5,0.5,0.002,2.02,0.83,6.0,15.6,6.3,0.0049,7,23,-3,3,73.0,75,-28,48,1.3,0.006234,999999.99,99999.99,99999.99,0.17,0.09,0.07,-1,2017-05-07 14:00:00
2017,127,15,2506,51,52,59,36,4.8,4.2,-46.2,261.3,-0.4,-2.9,-3.0,-2.2,-3.6,0.6,2.3,1.0,1.5,1.4,48751.0,8.5,342.0,-1.8,-0.7,0.021,3908.0,0.5,2.0,0.3,0.5,0.003,1.8,1.23,2.72,10.4,5.7,0.011,13,23,-7,5,73.0,160,-108,52,1.7,0.006234,999999.99,99999.99,99999.99,0.19,0.1,0.07,-1,2017-05-07 15:00:00
2017,127,16,2506,51,52,59,35,5.3,4.7,-20.3,279.2,0.7,-4.3,-1.6,-3.7,-2.7,0.6,2.4,0.6,1.4,1.9,51780.0,10.1,340.0,-2.3,-0.3,0.02,4400.0,0.9,2.0,0.7,0.5,0.002,2.11,0.92,2.69,10.2,5.6,0.0114,13,23,-10,5,73.0,274,-178,96,1.6,0.006234,999999.99,99999.99,99999.99,0.15,0.09,0.07,-1,2017-05-07 16:00:00
2017,127,17,2506,51,52,60,36,5.1,3.8,-30.0,271.3,0.1,-3.3,-1.9,-2.5,-2.8,0.5,3.3,1.7,1.5,2.4,48887.0,11.8,341.0,-1.5,-0.4,0.017,7028.0,1.0,3.0,0.8,0.8,0.003,2.45,0.95,3.35,11.5,5.8,0.009,13,23,-11,5,73.0,303,-199,104,1.9,0.006234,999999.99,99999.99,99999.99,0.17,0.09,0.06,-1,2017-05-07 17:00:00
2017,127,18,2506,51,52,59,36,4.5,4.2,-31.7,237.4,-1.9,-3.0,-2.2,-2.0,-3.1,0.4,1.5,0.7,0.7,1.0,41900.0,12.8,339.0,-1.4,0.6,0.016,4901.0,0.7,3.0,0.4,0.5,0.002,2.61,1.05,4.48,13.5,6.1,0.0065,30,23,-14,15,73.0,278,-177,101,1.4,0.006234,999999.99,99999.99,99999.99,0.18,0.1,0.07,-1,2017-05-07 18:00:00
2017,127,19,2506,51,52,61,37,5.5,4.3,-6.2,249.0,-1.5,-4.0,-0.5,-3.5,-2.0,0.9,3.4,1.6,1.4,2.7,50323.0,12.3,339.0,-3.1,0.8,0.019,6379.0,1.0,2.0,0.7,0.7,0.003,2.54,0.68,3.02,10.8,5.7,0.0102,30,23,-14,15,73.0,443,-260,183,2.2,0.006234,999999.99,99999.99,99999.99,0.2,0.1,0.07,-1,2017-05-07 19:00:00
2017,127,20,2506,51,52,59,36,5.2,5.1,44.9,294.8,1.5,-3.2,3.6,-4.4,1.9,0.2,1.3,0.9,0.8,0.4,52623.0,11.9,339.0,-2.9,1.5,0.023,2167.0,0.4,2.0,0.4,0.2,0.001,2.49,-0.64,3.31,11.2,5.7,0.0094,30,23,-13,15,73.0,229,-155,74,1.3,0.006234,999999.99,99999.99,99999.99,0.2,0.11,0.08,-1,2017-05-07 20:00:00
2017,127,21,2506,51,52,64,38,5.6,2.7,22.3,269.7,0.0,-2.5,1.0,-2.7,-0.2,0.6,4.9,3.1,2.3,3.0,44921.0,9.8,341.0,-1.0,0.3,0.02,6791.0,1.7,8.0,1.5,1.7,0.002,2.06,0.07,2.25,9.5,5.6,0.0131,20,23,-13,7,73.0,59,-24,35,0.3,0.006234,999999.99,99999.99,99999.99,0.19,0.12,0.08,-1,2017-05-07 21:00:00
2017,127,22,2506,51,52,55,34,5.7,5.5,-24.0,235.4,-2.9,-4.2,-2.3,-2.7,-3.9,0.5,1.2,0.9,0.6,0.4,43980.0,8.1,348.0,-0.4,-1.2,0.019,6526.0,0.6,4.0,0.7,0.6,0.003,1.76,1.36,1.79,8.7,5.4,0.0158,20,23,-13,7,73.0,134,-56,78,1.0,0.006234,999999.99,99999.99,99999.99,0.19,0.1,0.07,-1,2017-05-07 22:00:00
2017,127,23,2506,51,52,61,37,3.8,3.3,-47.1,99.8,-0.4,2.2,-2.4,3.0,-1.2,0.4,1.7,1.2,1.1,0.7,60964.0,8.7,336.0,3.0,-0.1,0.022,5563.0,0.6,4.0,0.5,0.5,0.002,1.78,0.4,4.75,13.0,5.8,0.007,20,23,-12,7,73.0,208,-122,86,0.9,0.006234,999999.99,99999.99,99999.99,0.18,0.1,0.08,-1,2017-05-07 23:00:00
2017,128,0,2506,51,52,59,35,5.4,2.4,-79.9,300.6,0.2,-0.4,-2.4,0.7,-2.3,0.9,4.9,3.0,3.7,1.2,50573.0,8.0,339.0,1.7,-1.2,0.024,8221.0,2.4,5.0,0.9,0.6,0.006,1.68,0.78,2.04,8.9,5.3,0.0151,23,11,-12,9,71.8,140,-68,72,0.8,0.006194,999999.99,99999.99,99999.99,0.18,0.09,0.07,-1,2017-05-08 00:00:00
2017,128,1,2506,51,52,60,36,8.5,8.1,0.6,13.8,7.9,1.9,0.1,1.7,0.9,0.9,2.7,0.9,0.8,2.4,43795.0,8.5,333.0,0.4,0.1,0.026,4145.0,0.9,2.0,0.3,0.9,0.002,1.74,-0.3,0.84,5.7,4.3,0.0365,23,11,-7,9,71.8,186,-93,93,0.5,0.006194,999999.99,99999.99,99999.99,0.2,0.09,0.07,-1,2017-05-08 01:00:00
2017,128,2,2506,51,52,59,35,8.1,8.0,36.4,19.9,6.1,2.2,4.8,0.3,5.3,0.8,1.5,1.3,0.5,0.4,44400.0,10.6,328.0,0.6,1.8,0.022,5068.0,0.9,2.0,0.5,0.7,0.003,2.07,-1.74,1.16,6.6,4.7,0.0274,23,11,-3,9,71.8,67,-26,41,-0.0,0.006194,999999.99,99999.99,99999.99,0.19,0.1,0.07,-1,2017-05-08 02:00:00
2017,128,3,2506,51,52,63,39,6.4,5.8,42.5,29.5,3.7,2.1,3.9,0.7,4.4,0.2,2.8,1.2,2.4,0.8,62788.0,9.6,329.0,0.8,1.1,0.025,11223.0,1.2,9.0,1.7,1.9,0.004,1.91,-1.45,1.86,8.0,4.9,0.0188,7,11,-5,3,71.8,30,-14,16,-0.4,0.006194,999999.99,99999.99,99999.99,0.19,0.09,0.07,-1,2017-05-08 03:00:00
2017,128,4,2506,51,52,62,37,6.2,6.0,0.4,311.9,4.0,-4.5,0.0,-4.3,-1.3,0.4,1.5,0.6,0.8,1.1,81317.0,7.2,350.0,-1.5,-2.2,0.029,11493.0,1.1,4.0,0.7,0.9,0.004,1.64,0.46,1.63,7.6,4.9,0.0207,7,11,-5,3,71.8,71,-11,59,-0.0,0.006194,999999.99,99999.99,99999.99,0.17,0.11,0.08,-1,2017-05-08 04:00:00
2017,128,5,2506,51,52,61,37,5.6,5.2,-9.6,296.2,2.3,-4.6,-0.9,-4.2,-2.0,0.5,2.1,1.4,0.5,1.4,64341.0,7.5,348.0,-2.5,-2.1,0.023,9736.0,1.0,9.0,0.8,1.4,0.005,1.66,0.7,1.92,8.5,5.2,0.0164,7,11,-8,3,71.8,131,-24,107,0.2,0.006194,999999.99,99999.99,99999.99,0.18,0.1,0.07,-1,2017-05-08 05:00:00
2017,128,6,2506,51,52,60,34,3.7,3.3,-34.6,293.8,1.1,-2.5,-1.8,-2.1,-2.3,0.7,1.7,0.9,1.4,0.5,41897.0,11.5,358.0,-0.5,-2.0,0.021,4060.0,1.5,3.0,1.2,0.5,0.002,2.67,0.82,5.95,16.4,6.6,0.0044,20,11,-10,7,71.8,224,-106,118,1.0,0.006194,999999.99,99999.99,99999.99,0.18,0.1,0.07,-1,2017-05-08 06:00:00
2017,128,7,2506,51,52,60,37,3.7,3.3,1.0,308.1,2.1,-2.6,0.1,-2.6,-0.3,0.3,1.6,0.8,0.8,1.2,42299.0,13.8,356.0,-1.5,-1.5,0.025,6110.0,0.9,2.0,0.6,0.8,0.004,3.21,0.11,7.16,17.9,6.7,0.0037,20,11,-6,7,71.8,247,-111,136,1.4,0.006194,999999.99,99999.99,99999.99,0.2,0.1,0.07,-1,2017-05-08 07:00:00
2017,128,8,2506,51,52,60,35,4.4,4.2,2.1,336.6,3.9,-1.7,0.2,-1.7,0.0,0.2,1.1,0.4,1.0,0.4,51369.0,15.6,358.0,-2.8,-0.0,0.029,3158.0,0.5,1.0,0.7,0.2,0.002,3.73,-0.0,6.02,16.1,6.5,0.0046,20,11,-1,7,71.8,243,-112,131,2.2,0.006194,999999.99,99999.99,99999.99,0.17,0.1,0.07,-1,2017-05-08 08:00:00
2017,128,9,2506,51,52,64,39,6.2,5.6,28.6,27.7,4.4,2.3,2.7,2.0,3.0,1.0,2.7,1.0,2.2,1.3,46133.0,12.2,366.0,-1.2,-0.0,0.029,4080.0,1.8,6.0,0.7,0.6,0.004,3.05,-1.1,2.3,10.3,6.0,0.0112,13,11,2,5,71.8,83,-37,45,1.0,0.006194,999999.99,99999.99,99999.99,0.18,0.1,0.08,-1,2017-05-08 09:00:00
2017,128,10,2506,51,52,58,34,6.9,6.8,37.8,27.9,4.8,2.5,4.2,2.0,4.4,0.3,1.0,0.5,0.8,0.3,47129.0,10.2,372.0,-1.3,-0.5,0.034,2185.0,0.5,2.0,0.6,0.5,0.002,2.68,-1.64,1.56,8.6,5.6,0.016,13,11,5,5,71.8,50,-22,28,1.1,0.006194,999999.99,99999.99,99999.99,0.17,0.1,0.07,-1,2017-05-08 10:00:00
2017,128,11,2506,51,52,63,38,5.7,5.0,24.2,350.2,4.5,-0.8,2.0,-1.0,1.9,0.9,2.9,0.7,2.4,1.5,53670.0,11.6,383.0,-0.2,-1.7,0.028,5544.0,1.8,6.0,0.4,0.4,0.004,3.16,-0.73,2.7,11.4,6.3,0.0091,13,11,7,5,71.8,51,-24,27,0.7,0.006194,999999.99,99999.99,99999.99,0.17,0.09,0.07,-1,2017-05-08 11:00:00
2017,128,12,2506,51,52,59,36,5.7,5.6,31.8,351.0,4.7,-0.7,2.9,-1.0,2.8,0.4,1.3,0.8,0.7,0.7,56320.0,11.5,383.0,-0.3,-2.3,0.024,2583.0,0.4,3.0,0.3,0.4,0.002,3.09,-1.07,2.72,11.4,6.2,0.0092,7,11,7,3,71.8,59,-29,30,-0.1,0.006194,999999.99,99999.99,99999.99,0.18,0.1,0.07,-1,2017-05-08 12:00:00
2017,128,13,2506,51,52,61,37,4.6,4.0,48.6,60.8,1.3,2.3,3.0,1.9,3.3,0.6,2.3,1.6,1.5,0.6,47345.0,11.9,375.0,0.5,-1.5,0.025,11086.0,0.9,9.0,0.8,0.8,0.006,3.07,-1.24,4.11,14.1,6.6,0.006,7,11,7,3,71.8,56,-28,28,-0.2,0.006194,999999.99,99999.99,99999.99,0.17,0.09,0.07,-1,2017-05-08 13:00:00
2017,128,14,2506,51,52,60,37,3.9,3.9,43.7,32.4,2.4,1.5,2.7,1.0,2.9,0.9,1.1,0.5,0.5,0.8,36498.0,12.8,384.0,1.7,-2.1,0.015,3586.0,1.5,2.0,0.4,0.4,0.004,3.34,-1.11,5.77,17.6,7.2,0.0038,7,11,7,3,71.8,37,-20,18,-0.6,0.006194,999999.99,99999.99,99999.99,0.17,0.1,0.07,-1,2017-05-08 14:00:00
2017,128,15,2506,51,52,60,36,4.6,4.3,6.2,308.3,2.7,-3.4,0.5,-3.4,-0.3,0.5,1.7,0.9,0.9,1.1,56213.0,7.7,387.0,3.2,-1.5,0.038,8125.0,1.8,5.0,0.6,0.7,0.013,2.22,0.12,2.79,11.7,6.3,0.0087,10,11,2,4,71.8,60,-39,21,0.7,0.006194,999999.99,99999.99,99999.99,0.18,0.1,0.07,-1,2017-05-08 15:00:00
2017,128,16,2506,51,52,60,37,4.9,4.5,5.3,312.4,3.0,-3.3,0.4,-3.3,-0.5,0.1,1.8,1.1,1.0,1.1,59959.0,5.4,390.0,3.2,-2.3,0.056,3854.0,0.4,3.0,0.6,0.7,0.004,1.68,0.2,1.76,9.2,5.8,0.0139,10,11,-3,4,71.8,69,-46,23,1.3,0.006194,999999.99,99999.99,99999.99,0.16,0.11,0.08,-1,2017-05-08 16:00:00
2017,128,17,2506,51,52,58,35,4.8,4.6,3.6,311.2,3.0,-3.4,0.3,-3.3,-0.8,0.1,1.3,0.8,0.7,0.7,58466.0,4.9,384.0,3.3,-2.2,0.055,5422.0,0.2,5.0,0.8,0.5,0.004,1.47,0.31,1.65,8.9,5.7,0.0152,10,11,-6,4,71.8,129,-93,36,1.4,0.006194,999999.99,99999.99,99999.99,99999.99,99999.99,99999.99,0,2017-05-08 17:00:00
2017,128,18,2506,51,52,61,38,4.8,4.7,17.7,344.9,4.3,-1.2,1.4,-1.6,0.9,0.1,1.0,0.4,0.3,0.8,53703.0,4.3,386.0,5.1,-2.8,0.054,4554.0,0.2,3.0,0.2,0.5,0.004,1.3,-0.35,1.41,8.3,5.6,0.0171,17,11,-5,6,71.8,185,-146,39,0.6,0.006194,999999.99,99999.99,99999.99,99999.99,99999.99,99999.99,0,2017-05-08 18:00:00
2017,128,19,2506,51,52,60,34,4.3,4.2,-8.0,329.2,3.5,-2.1,-0.6,-1.7,-1.4,0.4,1.1,0.8,0.5,0.5,55217.0,4.5,386.0,3.9,-3.4,0.053,7975.0,0.4,5.0,0.5,0.3,0.005,1.36,0.54,1.86,9.5,5.9,0.0131,17,11,-4,6,71.8,99,-58,41,0.8,0.006194,999999.99,99999.99,99999.99,99999.99,99999.99,99999.99,0,2017-05-08 19:00:00
2017,128,20,2506,51,52,60,35,3.8,3.5,-17.3,308.7,2.1,-2.6,-1.0,-1.9,-2.0,0.4,1.5,1.4,0.3,0.6,60005.0,5.0,391.0,2.7,-3.7,0.051,7965.0,0.4,9.0,0.6,0.5,0.006,1.54,0.78,2.71,11.5,6.3,0.009,17,11,-7,6,71.8,117,-89,29,0.7,0.006194,999999.99,99999.99,99999.99,0.19,0.1,0.08,-1,2017-05-08 20:00:00
2017,128,21,2506,51,52,59,36,3.9,3.7,3.8,331.6,3.2,-1.8,0.2,-1.7,-0.6,0.2,1.2,0.8,0.7,0.5,56183.0,4.9,383.0,2.2,-2.9,0.049,6525.0,0.3,5.0,0.8,0.5,0.003,1.44,0.23,2.47,10.9,6.1,0.0101,10,11,-8,4,71.8,47,-29,18,0.1,0.006194,999999.99,99999.99,99999.99,0.18,0.09,0.07,-1,2017-05-08 21:00:00
2017,128,22,2506,51,52,60,37,4.2,3.8,-5.7,315.8,2.7,-2.6,-0.4,-2.2,-1.5,0.1,1.8,1.0,1.0,1.1,52654.0,5.0,383.0,1.2,-3.5,0.043,3572.0,0.3,6.0,0.4,0.6,0.006,1.44,0.57,2.13,10.2,6.0,0.0114,10,11,-6,4,71.8,58,-26,32,0.1,0.006194,999999.99,99999.99,99999.99,0.17,0.1,0.07,-1,2017-05-08 22:00:00
2017,128,23,2506,51,52,61,35,4.1,4.0,-12.4,293.7,1.6,-3.6,-0.9,-2.8,-2.4,0.1,1.0,0.6,0.3,0.8,52976.0,4.8,386.0,0.8,-3.4,0.037,3272.0,0.2,3.0,0.5,0.7,0.002,1.37,0.93,2.15,10.3,6.1,0.0112,10,11,-5,4,71.8,123,-73,50,0.9,0.006194,999999.99,99999.99,99999.99,0.19,0.1,0.07,-1,2017-05-08 23:00:00
2017,129,0,2506,51,52,58,34,3.9,3.9,4.5,318.1,2.9,-2.6,0.3,-2.5,-0.8,0.1,0.7,0.5,0.3,0.4,49710.0,4.4,376.0,0.9,-2.6,0.036,2848.0,0.2,3.0,0.3,0.4,0.002,1.19,0.3,2.14,10.1,6.0,0.0116,10,0,-5,4,70.2,152,-77,75,1.2,0.006202,999999.99,99999.99,99999.99,0.19,0.09,0.07,-1,2017-05-09 00:00:00
2017,129,1,2506,51,52,59,36,3.8,3.7,-15.7,315.9,2.6,-2.5,-1.0,-1.9,-1.9,0.1,0.8,0.3,0.3,0.7,48891.0,4.7,375.0,1.3,-3.4,0.025,3846.0,0.2,2.0,0.4,0.6,0.004,1.21,0.71,2.4,10.7,6.1,0.0104,10,0,-3,4,70.2,80,-29,51,0.9,0.006202,999999.99,99999.99,99999.99,0.18,0.09,0.07,-1,2017-05-09 01:00:00
2017,129,2,2506,51,52,60,36,3.6,3.4,-16.9,300.3,1.6,-2.8,-1.0,-2.2,-2.0,0.2,1.0,0.8,0.4,0.5,47678.0,4.9,368.0,1.0,-3.2,0.03,2357.0,0.2,2.0,0.3,0.3,0.009,1.24,0.74,2.77,11.3,6.1,0.0093,10,0,-1,4,70.2,73,-26,47,0.7,0.006202,999999.99,99999.99,99999.99,0.18,0.09,0.07,-1,2017-05-09 02:00:00
2017,129,3,2506,51,52,59,36,3.3,3.2,-16.5,301.1,1.6,-2.6,-0.9,-2.2,-1.7,0.2,0.9,0.7,0.5,0.4,38504.0,5.1,365.0,1.2,-3.4,0.037,4016.0,0.7,2.0,0.6,0.4,0.006,1.3,0.62,3.25,12.5,6.4,0.0076,13,0,0,5,70.2,116,-38,78,0.9,0.006202,999999.99,99999.99,99999.99,0.17,0.09,0.07,-1,2017-05-09 03:00:00
2017,129,4,2506,51,52,60,36,2.8,2.2,-47.7,302.6,0.8,-1.2,-1.6,-0.7,-1.9,0.3,1.7,0.4,1.4,0.9,33360.0,6.0,363.0,2.0,-2.5,0.022,5482.0,0.7,3.0,0.7,0.8,0.008,1.44,0.69,5.15,15.9,6.8,0.0047,13,0,-2,5,70.2,122,-28,94,0.9,0.006202,999999.99,99999.99,99999.99,0.17,0.1,0.07,-1,2017-05-09 04:00:00
2017,129,5,2506,51,52,60,36,2.5,1.7,-42.3,292.2,0.5,-1.1,-1.1,-0.8,-1.3,0.5,1.8,1.4,0.9,0.8,33419.0,6.0,365.0,1.3,-3.2,0.022,5349.0,0.6,6.0,0.8,0.5,0.005,1.45,0.47,6.46,17.9,7.0,0.0037,13,0,-6,5,70.2,140,-38,101,0.9,0.006202,999999.99,99999.99,99999.99,0.18,0.09,0.07,-1,2017-05-09 05:00:00
2017,129,6,2506,51,52,60,37,4.0,3.7,-27.0,186.5,-3.3,-0.4,-1.7,0.0,-1.7,0.5,1.5,0.8,1.0,0.7,37090.0,4.6,360.0,1.0,-4.4,0.026,2989.0,0.6,3.0,0.2,0.3,0.005,1.1,0.61,1.98,9.7,5.9,0.0128,10,0,-6,4,70.2,114,-39,75,0.6,0.006202,999999.99,99999.99,99999.99,0.17,0.1,0.07,-1,2017-05-09 06:00:00
2017,129,7,2506,51,52,60,34,1.6,1.0,-78.6,309.0,0.1,-0.2,-1.0,0.0,-1.0,0.7,1.4,0.4,0.7,1.2,25922.0,7.7,361.0,0.4,-4.6,0.022,2908.0,0.8,1.0,0.5,0.7,0.006,1.82,0.36,19.31,31.3,7.4,0.0012,10,0,-1,4,70.2,118,-82,35,0.3,0.006202,999999.99,99999.99,99999.99,0.17,0.1,0.08,-1,2017-05-09 07:00:00
2017,129,8,2506,51,52,60,37,0.9,0.8,33.0,37.8,0.5,0.4,0.4,0.3,0.5,0.2,0.5,0.3,0.2,0.2,24527.0,8.5,361.0,0.1,-4.0,0.018,1092.0,0.2,1.0,0.2,0.1,0.002,1.98,-0.18,66.74,58.5,7.6,0.0003,10,0,2,4,70.2,52,-17,35,-0.1,0.006202,999999.99,99999.99,99999.99,0.18,0.1,0.07,-1,2017-05-09 08:00:00
2017,129,9,2506,51,52,63,38,1.2,1.0,-37.8,347.1,0.7,-0.2,-0.6,-0.1,-0.6,0.5,0.9,0.4,0.6,0.5,24752.0,9.8,366.0,0.2,-3.9,0.017,3157.0,2.3,5.0,0.3,0.4,0.003,2.34,0.22,43.35,47.7,7.7,0.0005,10,0,5,4,70.2,60,-21,40,0.4,0.006202,999999.99,99999.99,99999.99,0.2,0.1,0.07,-1,2017-05-09 09:00:00
2017,129,10,2506,51,52,58,36,2.2,2.1,-27.7,319.0,1.4,-1.2,-1.0,-1.1,-1.1,0.3,0.8,0.5,0.4,0.6,20096.0,14.5,377.0,1.1,-3.9,0.012,730.0,0.6,4.0,0.4,0.3,0.001,3.61,0.41,18.5,32.6,7.9,0.0011,10,0,10,4,70.2,61,-23,38,1.0,0.006202,999999.99,99999.99,99999.99,0.18,0.1,0.07,-1,2017-05-09 10:00:00
2017,129,11,2506,51,52,60,35,1.7,1.6,-2.8,335.7,1.5,-0.7,-0.1,-0.7,-0.2,0.1,0.5,0.3,0.3,0.2,20147.0,12.8,369.0,1.4,-4.2,0.016,693.0,0.5,1.0,0.3,0.1,0.001,3.1,0.07,27.36,38.8,7.8,0.0008,10,0,8,4,70.2,62,-39,23,0.5,0.006202,999999.99,99999.99,99999.99,0.2,0.11,0.08,-1,2017-05-09 11:00:00
2017,129,12,2506,51,52,60,36,1.4,1.3,0.9,353.5,1.2,-0.1,0.0,-0.1,0.0,0.2,0.6,0.2,0.5,0.2,18971.0,12.5,367.0,1.5,-4.7,0.016,1314.0,0.3,1.0,0.2,0.1,0.001,2.99,-0.0,39.09,46.3,7.9,0.0006,20,0,8,7,70.2,54,-32,22,0.4,0.006202,999999.99,99999.99,99999.99,0.19,0.1,0.08,-1,2017-05-09 12:00:00
2017,129,13,2506,51,52,59,37,1.6,1.6,-4.9,354.3,1.6,-0.2,-0.1,-0.2,-0.1,0.3,0.5,0.3,0.3,0.2,22140.0,12.2,365.0,1.5,-5.6,0.014,3383.0,0.6,2.0,0.1,0.4,0.002,2.87,0.04,29.84,39.8,7.7,0.0007,20,0,6,7,70.2,63,-25,38,0.2,0.006202,999999.99,99999.99,99999.99,0.15,0.08,0.06,-1,2017-05-09 13:00:00
2017,129,14,2506,51,52,63,37,2.0,1.2,-2.1,11.0,1.2,0.2,0.0,0.2,0.0,0.4,1.6,0.6,1.3,0.7,26294.0,21.3,372.0,1.8,-6.0,0.014,3619.0,6.4,6.0,0.3,0.3,0.005,5.2,-0.0,34.26,42.9,7.8,0.0006,20,0,16,7,70.2,74,-17,57,0.3,0.006202,999999.99,99999.99,99999.99,0.18,0.09,0.07,-1,2017-05-09 14:00:00
2017,129,15,2506,51,52,59,36,2.3,1.8,-22.3,46.9,1.2,1.2,-0.7,1.3,-0.4,0.4,1.4,0.7,0.6,1.1,28678.0,28.4,378.0,1.6,-5.6,0.016,1823.0,1.1,3.0,0.2,0.3,0.004,7.21,0.15,35.07,43.8,7.8,0.0006,20,0,24,7,70.2,77,-28,49,0.3,0.006202,999999.99,99999.99,99999.99,0.17,0.1,0.07,-1,2017-05-09 15:00:00
2017,129,16,2506,51,52,61,36,4.1,2.3,3.4,78.6,0.5,2.3,0.1,2.2,0.7,2.6,4.2,0.6,3.8,1.6,32459.0,24.8,379.0,0.3,-5.5,0.012,7524.0,5.7,4.0,1.5,0.7,0.004,6.23,-0.27,9.87,23.0,7.5,0.0022,20,0,23,7,70.2,68,-28,40,0.4,0.006202,999999.99,99999.99,99999.99,0.19,0.11,0.08,-1,2017-05-09 16:00:00
2017,129,17,2506,51,52,58,34,7.1,6.4,30.9,108.2,-1.7,5.2,3.3,3.9,4.7,0.4,3.0,1.0,1.6,2.3,55164.0,11.7,368.0,-0.7,-5.7,0.006,9134.0,2.4,6.0,1.0,2.4,0.002,2.71,-1.73,1.77,8.9,5.6,0.0151,20,0,13,7,70.2,39,-17,23,-1.6,0.006202,999999.99,99999.99,99999.99,0.17,0.1,0.07,-1,2017-05-09 17:00:00
2017,129,18,2506,51,52,60,37,7.7,7.0,-6.4,99.0,-1.1,6.9,-0.8,6.7,1.7,0.5,3.2,1.3,1.2,2.7,47803.0,8.6,376.0,-1.1,1.0,0.004,11835.0,0.9,6.0,1.3,1.4,0.001,2.06,-0.64,1.06,7.2,5.2,0.0232,10,0,8,4,70.2,46,-21,26,-1.5,0.006202,999999.99,99999.99,99999.99,0.19,0.1,0.08,-1,2017-05-09 18:00:00
2017,129,19,2506,51,52,58,35,8.0,8.0,-18.3,103.1,-1.7,7.4,-2.5,7.8,0.6,0.1,0.8,0.6,0.2,0.5,36359.0,8.9,360.0,0.0,1.7,0.004,3031.0,0.6,3.0,0.5,0.6,0.001,1.96,-0.22,0.95,6.7,5.0,0.0264,10,0,4,4,70.2,55,-19,36,-0.8,0.006202,999999.99,99999.99,99999.99,0.18,0.1,0.07,-1,2017-05-09 19:00:00
2017,129,20,2506,51,52,60,35,8.1,8.1,-20.0,102.4,-1.6,7.4,-2.8,7.9,0.5,0.2,0.8,0.7,0.1,0.2,29833.0,7.9,355.0,0.7,3.6,0.004,4953.0,0.8,2.0,0.4,0.4,0.001,1.69,-0.18,0.79,6.2,4.7,0.0314,10,0,-2,4,70.2,108,-72,35,0.2,0.006202,999999.99,99999.99,99999.99,0.17,0.09,0.06,-1,2017-05-09 20:00:00
2017,129,21,2506,51,52,60,37,8.1,8.1,-22.0,96.4,-0.8,7.4,-3.0,8.0,0.5,0.2,0.6,0.3,0.2,0.4,33284.0,8.3,358.0,1.0,4.2,0.004,2922.0,0.4,3.0,0.3,0.3,0.001,1.8,-0.18,0.85,6.4,4.8,0.0293,13,0,-3,5,70.2,92,-60,32,0.4,0.006202,999999.99,99999.99,99999.99,0.17,0.1,0.06,-1,2017-05-09 21:00:00
2017,129,22,2506,51,52,60,37,7.7,6.3,-11.9,89.2,0.1,6.2,-1.3,6.1,1.5,0.5,4.3,1.3,3.7,1.8,36041.0,10.0,358.0,1.0,4.5,0.006,4764.0,0.9,2.0,0.6,0.7,0.004,2.19,-0.54,1.15,7.4,5.2,0.022,13,0,0,5,70.2,52,-19,33,0.3,0.006202,999999.99,99999.99,99999.99,0.19,0.1,0.07,-1,2017-05-09 22:00:00
2017,129,23,2506,51,52,62,37,7.7,7.6,46.1,320.8,4.1,-3.3,5.5,-5.4,3.5,0.3,1.3,0.4,1.1,0.7,37310.0,7.1,364.0,4.2,2.5,0.03,12158.0,1.5,5.0,1.0,1.5,0.009,1.76,-1.27,0.83,6.3,4.8,0.03,13,0,1,5,70.2,52,-17,35,0.1,0.006202,999999.99,99999.99,99999.99,0.18,0.09,0.07,-1,2017-05-09 23:00:00
2017,130,0,2507,51,52,60,35,6.0,5.7,45.5,303.9,2.2,-3.3,4.1,-4.7,2.3,0.9,2.0,1.2,1.1,1.2,74973.0,8.4,364.0,4.1,0.2,0.048,14724.0,1.6,6.0,0.7,0.8,0.01,2.22,-0.84,1.97,8.8,5.3,0.0154,17,0,5,6,69.9,47,-15,32,-0.4,0.006185,999999.99,99999.99,99999.99,0.18,0.09,0.07,-1,2017-05-10 00:00:00
2017,130,1,2507,51,52,60,35,6.4,5.8,5.5,280.3,1.0,-5.7,0.6,-5.5,-1.7,0.3,2.6,1.4,0.6,2.1,84516.0,7.1,367.0,2.6,-1.5,0.047,9390.0,0.5,4.0,0.5,1.3,0.004,1.9,0.62,1.54,7.6,5.0,0.0204,17,0,6,6,69.9,65,-21,44,0.0,0.006185,999999.99,99999.99,99999.99,0.19,0.1,0.07,-1,2017-05-10 01:00:00
2017,130,2,2507,51,52,58,35,5.6,5.4,17.8,296.2,2.3,-4.6,1.6,-4.9,-0.2,0.2,1.5,0.7,0.5,1.2,72771.0,7.3,363.0,1.4,-2.4,0.041,5150.0,0.6,6.0,0.5,1.0,0.007,1.87,0.07,1.95,8.8,5.3,0.0155,17,0,4,6,69.9,112,-36,77,0.5,0.006185,999999.99,99999.99,99999.99,0.18,0.1,0.07,-1,2017-05-10 02:00:00
2017,130,3,2507,51,52,59,35,5.9,5.8,29.3,308.2,3.1,-4.0,2.8,-4.7,1.4,0.2,0.9,0.6,0.4,0.6,53112.0,5.7,352.0,1.3,-1.5,0.031,7808.0,0.5,4.0,0.5,0.5,0.003,1.33,-0.49,1.24,7.1,5.0,0.0234,10,0,1,4,69.9,95,-28,67,0.4,0.006185,999999.99,99999.99,99999.99,0.18,0.1,0.07,-1,2017-05-10 03:00:00
2017,130,4,2507,51,52,63,39,5.7,5.4,32.3,295.4,1.9,-4.1,2.9,-4.8,1.6,0.2,1.7,1.3,0.5,0.9,46414.0,5.7,361.0,0.6,-0.8,0.025,5500.0,0.6,7.0,0.4,0.8,0.002,1.36,-0.58,1.28,7.6,5.2,0.0208,10,0,0,4,69.9,72,-23,49,0.2,0.006185,999999.99,99999.99,99999.99,0.17,0.09,0.07,-1,2017-05-10 04:00:00
2017,130,5,2507,51,52,61,35,5.5,5.2,35.2,275.5,0.4,-4.2,3.0,-4.8,1.9,0.1,1.8,1.6,0.3,0.7,40191.0,7.0,368.0,-0.6,-1.2,0.02,3412.0,0.4,7.0,0.4,0.5,0.002,1.71,-0.7,1.62,8.9,5.7,0.0152,10,0,3,4,69.9,53,-15,38,-0.1,0.006185,999999.99,99999.99,99999.99,0.18,0.09,0.07,-1,2017-05-10 05:00:00
2017,130,6,2507,51,52,58,35,5.3,5.2,43.3,299.6,1.9,-3.3,3.6,-3.9,2.9,0.1,1.0,0.7,0.6,0.4,39365.0,6.9,363.0,-0.5,-0.5,0.019,1603.0,0.2,4.0,0.5,0.4,0.001,1.63,-1.05,1.71,9.0,5.7,0.0147,0,0,4,0,69.9,49,-17,32,-0.2,0.006185,999999.99,99999.99,99999.99,0.19,0.1,0.08,-1,2017-05-10 06:00:00
2017,130,7,2507,51,52,58,36,5.0,5.0,42.5,303.7,2.0,-3.0,3.4,-3.5,2.9,0.1,0.5,0.3,0.3,0.2,37218.0,6.8,357.0,-0.3,0.2,0.019,1906.0,0.3,2.0,0.3,0.3,0.002,1.56,-1.04,1.87,9.3,5.8,0.0137,0,0,3,0,69.9,48,-23,25,-0.4,0.006185,999999.99,99999.99,99999.99,0.19,0.09,0.07,-1,2017-05-10 07:00:00
2017,130,8,2507,51,52,59,36,5.1,4.8,31.8,325.1,3.3,-2.3,2.5,-2.6,2.2,0.1,1.8,1.2,0.8,1.0,38373.0,5.5,347.0,-0.4,-0.5,0.023,3560.0,0.5,5.0,1.1,0.9,0.002,1.21,-0.76,1.47,8.0,5.3,0.0187,0,0,4,0,69.9,40,-24,16,-0.6,0.006185,999999.99,99999.99,99999.99,0.17,0.1,0.07,-1,2017-05-10 08:00:00
2017,130,9,2507,51,52,61,36,5.1,5.0,29.7,314.9,3.1,-3.1,2.5,-3.4,2.2,0.1,1.0,0.6,0.3,0.7,37800.0,6.6,349.0,-1.1,-1.3,0.021,1357.0,0.4,2.0,0.2,0.4,0.003,1.46,-0.77,1.75,8.8,5.5,0.0154,0,0,5,0,69.9,46,-25,21,-0.4,0.006185,999999.99,99999.99,99999.99,0.17,0.1,0.07,-1,2017-05-10 09:00:00
2017,130,10,2507,51,52,60,36,5.5,5.4,43.6,308.2,2.4,-3.1,3.7,-3.4,3.4,0.2,0.9,0.5,0.4,0.6,33348.0,6.5,354.0,-1.8,0.5,0.017,3973.0,0.5,5.0,0.5,0.9,0.002,1.45,-1.2,1.45,8.2,5.5,0.0177,0,0,5,0,69.9,52,-27,25,-0.3,0.006185,999999.99,99999.99,99999.99,0.2,0.11,0.07,-1,2017-05-10 10:00:00
2017,130,11,2507,51,52,61,36,5.8,5.6,38.1,311.2,2.9,-3.3,3.5,-3.6,3.2,0.1,1.4,0.7,1.1,0.5,30035.0,6.2,352.0,-2.1,1.2,0.017,2771.0,0.4,5.0,1.0,0.7,0.002,1.37,-1.13,1.21,7.6,5.3,0.0208,0,0,6,0,69.9,41,-26,15,-0.1,0.006185,999999.99,99999.99,99999.99,0.17,0.09,0.07,-1,2017-05-10 11:00:00
2017,130,12,2507,51,52,62,38,5.9,5.6,39.6,316.1,3.1,-3.0,3.5,-3.4,3.2,0.4,2.0,0.7,1.5,1.0,38071.0,6.7,359.0,-1.6,1.1,0.021,8971.0,0.7,6.0,1.4,1.6,0.003,1.56,-1.15,1.33,7.9,5.4,0.0192,27,0,7,12,69.9,43,-23,20,-0.2,0.006185,999999.99,99999.99,99999.99,0.16,0.08,0.06,-1,2017-05-10 12:00:00
2017,130,13,2507,51,52,62,36,5.6,4.2,-19.8,272.2,0.2,-4.0,-1.4,-3.8,-1.9,0.5,3.6,1.6,1.9,2.7,52762.0,8.7,381.0,-1.4,-2.9,0.019,7029.0,0.9,8.0,1.0,1.3,0.003,2.27,0.72,2.09,10.0,6.0,0.0118,27,0,10,12,69.9,48,-25,24,1.2,0.006185,999999.99,99999.99,99999.99,0.19,0.1,0.07,-1,2017-05-10 13:00:00
2017,130,14,2507,51,52,60,37,5.7,4.2,27.7,281.9,0.8,-3.7,2.0,-4.0,1.4,0.3,3.8,2.3,1.9,2.4,68278.0,7.0,381.0,-0.9,-1.8,0.024,13109.0,0.7,7.0,1.2,2.2,0.003,1.86,-0.53,1.76,8.8,5.6,0.0152,27,0,6,12,69.9,74,-40,34,0.7,0.006185,999999.99,99999.99,99999.99,0.19,0.11,0.08,-1,2017-05-10 14:00:00
2017,130,15,2507,51,52,59,36,5.8,5.8,30.4,331.4,4.4,-2.4,2.9,-2.9,2.3,0.2,0.7,0.3,0.5,0.5,79445.0,7.0,378.0,-0.9,-2.7,0.029,4517.0,0.8,4.0,0.3,0.5,0.002,1.86,-0.87,1.8,8.6,5.4,0.016,10,0,4,4,69.9,66,-44,22,1.1,0.006185,999999.99,99999.99,99999.99,0.17,0.1,0.07,-1,2017-05-10 15:00:00
2017,130,16,2507,51,52,61,37,5.6,5.2,42.7,342.1,3.6,-1.2,3.5,-2.0,3.1,0.2,2.1,0.7,1.9,0.8,80159.0,7.3,377.0,-2.1,-3.1,0.025,5745.0,0.5,6.0,0.8,0.9,0.004,1.91,-1.17,2.02,9.1,5.5,0.0144,10,0,7,4,69.9,73,-55,18,-0.2,0.006185,999999.99,99999.99,99999.99,0.18,0.1,0.08,-1,2017-05-10 16:00:00
2017,130,17,2507,51,52,57,35,5.0,4.7,55.5,18.4,2.5,0.8,3.8,-0.4,3.9,0.2,1.7,1.0,1.2,0.6,54884.0,9.2,363.0,-0.2,-0.5,0.022,6675.0,1.0,5.0,0.6,1.0,0.003,2.2,-1.42,2.81,11.0,6.0,0.0098,10,0,8,4,69.9,40,-11,30,0.4,0.006185,999999.99,99999.99,99999.99,0.17,0.09,0.07,-1,2017-05-10 17:00:00
2017,130,18,2507,51,52,60,36,5.2,4.6,75.8,330.7,1.0,-0.6,4.5,-2.1,4.0,0.3,2.3,1.0,1.9,0.7,49787.0,11.0,366.0,-1.3,0.4,0.017,6246.0,0.9,3.0,0.9,1.0,0.002,2.63,-1.46,3.01,11.7,6.1,0.0087,10,0,6,4,69.9,31,-7,23,-0.3,0.006185,999999.99,99999.99,99999.99,0.2,0.1,0.07,-1,2017-05-10 18:00:00
2017,130,19,2507,51,52,60,35,5.6,4.8,47.4,303.5,1.8,-2.7,3.5,-3.8,2.2,0.2,2.7,1.4,2.1,0.8,51210.0,10.5,361.0,-2.2,-0.7,0.02,5160.0,0.8,4.0,0.8,0.6,0.002,2.47,-0.79,2.5,10.4,5.9,0.0109,10,0,4,4,69.9,33,-9,25,0.2,0.006185,999999.99,99999.99,99999.99,0.18,0.1,0.06,-1,2017-05-10 19:00:00
2017,130,20,2507,51,52,60,36,5.0,3.7,43.4,38.0,2.1,1.7,2.6,0.5,3.1,0.8,3.3,1.4,1.3,2.7,63026.0,9.5,363.0,0.1,-2.3,0.019,10720.0,1.7,4.0,0.5,1.2,0.004,2.25,-1.13,3.03,11.2,5.9,0.0095,10,0,0,4,69.9,35,-10,25,0.0,0.006185,999999.99,99999.99,99999.99,0.19,0.1,0.08,-1,2017-05-10 20:00:00
2017,130,21,2507,51,52,61,37,4.6,4.0,-70.2,90.1,0.0,1.4,-3.8,2.9,-2.8,0.4,2.2,1.7,1.0,0.9,49673.0,14.2,368.0,-0.4,-1.7,0.014,9494.0,2.5,4.0,0.7,1.5,0.004,3.39,1.03,4.97,15.1,6.6,0.0052,27,0,1,12,69.9,49,-19,29,-0.2,0.006185,999999.99,99999.99,99999.99,0.19,0.1,0.08,-1,2017-05-10 21:00:00
2017,130,22,2507,51,52,60,36,6.1,5.8,14.2,38.5,4.4,3.5,1.4,2.6,2.8,0.6,2.0,0.7,0.9,1.7,25993.0,12.2,369.0,-0.9,-0.1,0.009,7894.0,2.2,4.0,0.5,0.8,0.001,2.87,-1.03,2.11,10.6,6.3,0.0107,27,0,0,12,69.9,133,-72,61,0.6,0.006185,999999.99,99999.99,99999.99,0.17,0.1,0.07,-1,2017-05-10 22:00:00
2017,130,23,2507,51,52,62,36,6.9,6.6,18.3,36.2,5.0,3.7,2.1,2.4,3.5,0.4,2.2,0.8,0.8,1.9,19638.0,11.2,381.0,-2.0,0.5,0.009,7751.0,1.1,8.0,0.8,1.1,0.001,2.81,-1.33,1.45,9.2,6.2,0.0139,27,0,2,12,69.9,103,-73,29,0.2,0.006185,999999.99,99999.99,99999.99,0.17,0.09,0.07,-1,2017-05-10 23:00:00
2017,131,0,2507,51,52,60,36,6.6,6.5,20.6,38.4,4.7,3.8,2.3,2.5,3.7,0.4,1.1,0.6,0.6,0.7,16173.0,14.5,379.0,-1.4,0.4,0.009,1800.0,2.0,7.0,0.8,0.7,0.001,3.6,-1.4,2.0,10.9,6.6,0.01,13,11,8,5,70.5,46,-23,23,0.1,0.006208,999999.99,99999.99,99999.99,0.18,0.09,0.07,-1,2017-05-11 00:00:00
2017,131,1,2507,51,52,57,35,6.1,6.0,17.4,45.0,4.0,4.0,1.8,3.0,3.2,0.7,1.4,0.7,0.8,1.0,39013.0,12.2,377.0,-1.1,-0.2,0.008,12566.0,1.1,5.0,1.4,0.5,0.001,2.99,-1.21,2.28,10.8,6.3,0.0102,13,11,10,5,70.5,46,-24,22,0.0,0.006208,999999.99,99999.99,99999.99,0.19,0.1,0.07,-1,2017-05-11 01:00:00
2017,131,2,2507,51,52,64,37,5.1,4.4,14.2,58.5,2.2,3.6,1.1,3.0,2.3,1.6,3.1,1.0,2.1,2.0,55310.0,13.0,380.0,0.2,-0.1,0.011,9346.0,3.1,8.0,1.1,0.9,0.001,3.27,-0.87,3.82,13.4,6.5,0.0066,13,11,10,5,70.5,42,-20,22,0.2,0.006208,999999.99,99999.99,99999.99,0.19,0.1,0.07,-1,2017-05-11 02:00:00
2017,131,3,2507,51,52,59,36,7.0,6.4,-23.3,72.0,1.8,5.6,-2.5,6.1,-0.6,0.8,2.9,0.7,1.1,2.6,17558.0,14.8,385.0,-0.9,0.2,0.009,11118.0,4.9,3.0,0.5,1.3,0.002,3.8,0.23,1.83,10.6,6.6,0.0106,27,11,9,12,70.5,78,-22,56,1.0,0.006208,999999.99,99999.99,99999.99,0.17,0.09,0.07,-1,2017-05-11 03:00:00
2017,131,4,2507,51,52,58,36,6.7,6.4,4.7,76.9,1.4,6.2,0.5,5.8,2.2,0.7,2.2,0.8,0.5,2.0,18790.0,14.3,383.0,-0.3,1.5,0.011,10970.0,6.0,3.0,0.7,0.5,0.004,3.66,-0.84,1.95,10.8,6.6,0.0102,27,11,6,12,70.5,168,-90,79,1.0,0.006208,999999.99,99999.99,99999.99,0.17,0.1,0.07,-1,2017-05-11 04:00:00
2017,131,5,2507,51,52,62,36,7.7,7.5,10.5,78.9,1.4,7.3,1.4,6.8,3.1,0.2,1.2,0.7,0.2,0.9,35336.0,4.8,384.0,-1.2,-0.0,0.011,16635.0,1.9,5.0,1.1,1.3,0.005,1.23,-1.19,0.55,5.5,4.5,0.0399,27,11,-4,12,70.5,134,-71,64,0.7,0.006208,999999.99,99999.99,99999.99,0.17,0.1,0.07,-1,2017-05-11 05:00:00
2017,131,6,2507,51,52,61,33,7.8,7.8,14.8,80.1,1.3,7.4,2.0,6.9,3.4,0.3,0.9,0.6,0.5,0.5,48315.0,4.5,386.0,-1.5,0.1,0.01,36686.0,3.1,5.0,1.5,0.7,0.003,1.16,-1.31,0.54,5.2,4.3,0.0432,17,11,2,6,70.5,63,-21,42,0.8,0.006208,999999.99,99999.99,99999.99,0.17,0.1,0.08,-1,2017-05-11 06:00:00
2017,131,7,2507,51,52,57,32,7.6,7.4,17.4,90.2,0.0,7.1,2.2,6.7,3.3,0.3,1.5,1.2,0.5,0.8,36186.0,5.1,385.0,-0.8,-0.4,0.004,32191.0,2.1,4.0,1.1,0.8,0.002,1.28,-1.27,0.6,5.7,4.6,0.0364,17,11,3,6,70.5,63,-30,33,1.1,0.006208,999999.99,99999.99,99999.99,0.2,0.1,0.08,-1,2017-05-11 07:00:00
2017,131,8,2507,51,52,60,38,7.9,7.8,8.5,107.7,-2.4,7.4,1.2,7.2,2.1,0.4,1.1,0.5,0.5,0.8,23405.0,7.0,379.0,-0.7,-0.3,0.005,11229.0,2.7,5.0,1.6,0.6,0.002,1.71,-0.8,0.71,6.3,5.0,0.0295,17,11,6,6,70.5,88,-51,36,1.4,0.006208,999999.99,99999.99,99999.99,0.17,0.11,0.09,-1,2017-05-11 08:00:00
2017,131,9,2507,51,52,59,35,8.2,8.1,2.7,101.4,-1.6,8.0,0.4,7.9,1.2,0.3,0.7,0.6,0.3,0.2,26317.0,7.2,377.0,-0.5,-0.1,0.002,13245.0,2.3,4.0,0.9,0.3,0.0,1.72,-0.45,0.69,6.2,4.9,0.0313,7,11,8,3,70.5,69,-24,45,2.1,0.006208,999999.99,99999.99,99999.99,0.18,0.1,0.07,-1,2017-05-11 09:00:00
2017,131,10,2507,51,52,61,37,7.9,7.7,1.6,112.5,-3.0,7.1,0.2,7.1,0.8,0.2,1.3,1.2,0.4,0.4,17222.0,8.9,365.0,-0.5,1.0,0.002,3718.0,0.6,4.0,0.3,0.4,0.0,2.0,-0.29,0.86,6.9,5.2,0.025,7,11,7,3,70.5,50,-21,29,2.0,0.006208,999999.99,99999.99,99999.99,0.18,0.09,0.07,-1,2017-05-11 10:00:00
2017,131,11,2507,51,52,58,34,8.2,8.1,4.8,106.8,-2.3,7.7,0.7,7.6,1.4,0.1,1.4,1.1,0.5,0.6,20700.0,8.2,360.0,-0.7,1.5,0.004,11640.0,0.7,6.0,0.4,0.5,0.001,1.8,-0.5,0.76,6.3,4.9,0.0301,7,11,5,3,70.5,42,-15,27,1.5,0.006208,999999.99,99999.99,99999.99,0.19,0.11,0.08,-1,2017-05-11 11:00:00
2017,131,12,2507,51,52,58,34,8.3,7.7,20.5,91.2,-0.2,7.2,2.7,6.9,3.4,0.1,3.0,2.1,0.9,2.0,11908.0,8.1,362.0,-1.2,0.1,0.015,2580.0,0.8,9.0,0.6,1.1,0.005,1.88,-1.23,0.69,6.2,4.9,0.0309,10,11,7,4,70.5,50,-12,38,0.9,0.006208,999999.99,99999.99,99999.99,0.2,0.1,0.07,-1,2017-05-11 12:00:00
2017,131,13,2507,51,52,63,38,7.9,7.6,15.6,95.1,-0.6,7.3,2.0,7.0,2.9,0.3,2.3,1.8,0.7,1.3,13721.0,8.4,354.0,-1.5,1.0,0.017,4636.0,1.6,7.0,0.8,0.9,0.003,1.88,-1.03,0.8,6.5,5.0,0.0282,10,11,7,4,70.5,44,-15,29,-0.1,0.006208,999999.99,99999.99,99999.99,0.18,0.1,0.08,-1,2017-05-11 13:00:00
2017,131,14,2507,51,52,60,36,8.2,7.2,35.2,60.8,2.9,5.1,4.1,4.4,4.9,0.3,3.9,3.2,1.3,1.8,12540.0,9.7,369.0,-0.7,-0.9,0.013,6538.0,1.6,7.0,0.6,0.8,0.003,2.32,-1.81,0.85,7.0,5.3,0.0242,10,11,10,4,70.5,60,-29,31,-1.3,0.006208,999999.99,99999.99,99999.99,0.18,0.1,0.07,-1,2017-05-11 14:00:00
2017,131,15,2507,51,52,62,37,8.4,5.6,31.2,55.0,2.7,3.9,2.9,3.2,3.6,0.1,6.2,5.3,2.2,2.4,22961.0,8.1,374.0,-1.4,-1.4,0.007,5736.0,0.7,6.0,1.0,0.7,0.001,1.95,-1.35,0.72,6.3,5.0,0.0296,10,11,8,4,70.5,44,-12,32,-1.5,0.006208,999999.99,99999.99,99999.99,0.19,0.11,0.07,-1,2017-05-11 15:00:00
2017,131,16,2507,51,52,59,35,8.3,8.3,35.2,10.4,6.6,1.2,4.8,0.0,4.9,0.2,0.5,0.2,0.5,0.2,21929.0,10.8,382.0,-1.3,-2.3,0.006,8612.0,1.3,3.0,0.6,0.4,0.001,2.7,-1.87,0.98,7.6,5.6,0.0208,10,11,11,4,70.5,29,-1,28,-1.4,0.006208,999999.99,99999.99,99999.99,0.17,0.1,0.08,-1,2017-05-11 16:00:00
2017,131,17,2507,51,52,59,36,7.9,7.9,36.4,6.2,6.3,0.7,4.7,-0.7,4.7,0.2,0.6,0.2,0.5,0.2,12793.0,18.2,371.0,-0.4,-1.2,0.014,1834.0,1.6,2.0,0.3,0.2,0.001,4.42,-1.74,1.71,10.0,6.4,0.0119,10,11,16,4,70.5,26,2,28,-0.1,0.006208,999999.99,99999.99,99999.99,0.17,0.1,0.07,-1,2017-05-11 17:00:00
2017,131,18,2507,51,52,59,36,8.2,8.2,37.3,8.2,6.4,0.9,4.9,-0.8,4.9,0.2,0.5,0.3,0.4,0.1,12440.0,20.0,366.0,-0.1,-0.4,0.017,736.0,1.7,2.0,0.2,0.3,0.002,4.78,-1.79,1.74,10.0,6.3,0.0119,10,11,17,4,70.5,25,2,27,0.2,0.006208,999999.99,99999.99,99999.99,0.17,0.1,0.07,-1,2017-05-11 18:00:00
2017,131,19,2507,51,52,60,36,8.2,8.1,35.9,2.9,6.6,0.3,4.8,-1.5,4.6,0.2,1.1,0.2,1.1,0.2,11320.0,19.7,362.0,0.2,0.1,0.018,1410.0,3.2,1.0,0.3,0.2,0.003,4.62,-1.67,1.7,9.8,6.2,0.0124,10,11,14,4,70.5,27,0,27,0.2,0.006208,999999.99,99999.99,99999.99,0.19,0.1,0.07,-1,2017-05-11 19:00:00
2017,131,20,2507,51,52,60,34,8.3,8.3,32.4,1.5,7.0,0.2,4.4,-1.6,4.1,0.1,0.9,0.4,0.6,0.5,11724.0,16.4,361.0,1.3,0.0,0.016,3934.0,2.3,1.0,0.2,0.2,0.004,3.8,-1.48,1.39,8.8,5.9,0.0153,10,11,10,4,70.5,28,-5,23,0.1,0.006208,999999.99,99999.99,99999.99,0.19,0.1,0.07,-1,2017-05-11 20:00:00
2017,131,21,2507,51,52,57,35,8.3,8.2,21.7,3.9,7.6,0.5,3.0,-0.8,2.9,0.4,1.5,0.5,1.3,0.4,20737.0,11.8,361.0,1.0,0.3,0.006,1422.0,2.2,4.0,0.4,0.4,0.004,2.63,-1.05,1.06,7.5,5.4,0.0213,17,11,11,6,70.5,38,-12,26,0.0,0.006208,999999.99,99999.99,99999.99,0.17,0.1,0.07,-1,2017-05-11 21:00:00
2017,131,22,2507,51,52,65,39,6.5,5.6,19.4,352.2,5.3,-0.7,1.9,-1.4,1.4,0.3,3.2,0.6,3.1,0.7,21190.0,20.1,370.0,1.0,-0.8,0.009,5696.0,2.5,10.0,1.5,1.1,0.002,4.76,-0.52,2.96,12.8,6.8,0.0073,17,11,11,6,70.5,54,-21,33,0.3,0.006208,999999.99,99999.99,99999.99,0.17,0.1,0.07,-1,2017-05-11 22:00:00
2017,131,23,2507,51,52,60,37,6.1,6.1,14.2,9.6,5.8,1.0,1.5,0.3,1.8,0.2,0.5,0.2,0.3,0.3,13957.0,20.7,381.0,1.0,-1.7,0.015,867.0,0.9,2.0,0.5,0.2,0.002,5.32,-0.69,3.29,14.2,7.2,0.0059,17,11,15,6,70.5,44,-19,26,-0.1,0.006208,999999.99,99999.99,99999.99,0.19,0.09,0.07,-1,2017-05-11 23:00:00
2017,132,0,2507,51,52,60,35,5.9,5.9,13.1,6.8,5.7,0.7,1.3,0.1,1.5,0.1,0.8,0.1,0.7,0.3,13933.0,20.1,381.0,1.4,-1.5,0.015,344.0,0.6,1.0,0.2,0.1,0.001,5.16,-0.57,3.42,14.5,7.3,0.0057,17,15,18,6,70.4,48,-22,26,0.3,0.00622,999999.99,99999.99,99999.99,0.17,0.09,0.07,-1,2017-05-12 00:00:00
2017,132,1,2507,51,52,61,36,5.7,5.5,12.8,350.7,5.3,-0.9,1.2,-1.3,0.8,0.2,1.4,0.5,1.2,0.4,32184.0,13.3,381.0,1.4,-0.6,0.01,11424.0,4.6,4.0,0.3,0.4,0.003,3.35,-0.3,2.73,12.2,6.6,0.008,17,15,16,6,70.4,55,-26,29,0.3,0.00622,999999.99,99999.99,99999.99,0.19,0.09,0.07,-1,2017-05-12 01:00:00
2017,132,2,2507,51,52,63,39,5.3,5.3,14.3,6.4,5.1,0.6,1.3,0.1,1.4,0.3,0.8,0.3,0.7,0.3,30554.0,8.2,398.0,1.1,-1.4,0.008,8462.0,1.2,9.0,0.4,0.5,0.003,2.24,-0.56,1.93,10.8,6.6,0.0103,17,15,11,6,70.4,53,-25,27,-0.2,0.00622,999999.99,99999.99,99999.99,0.2,0.11,0.07,-1,2017-05-12 02:00:00
2017,132,3,2507,51,52,61,37,4.8,4.8,3.7,340.7,4.5,-1.6,0.3,-1.6,-0.2,0.4,0.6,0.5,0.4,0.3,34913.0,7.9,412.0,2.2,-1.2,0.008,11798.0,1.4,5.0,0.5,0.2,0.004,2.31,0.08,2.33,12.1,7.0,0.0082,10,15,7,4,70.4,49,-20,28,-0.1,0.00622,999999.99,99999.99,99999.99,0.2,0.1,0.07,-1,2017-05-12 03:00:00
2017,132,4,2507,51,52,60,36,5.3,5.3,3.1,349.2,5.2,-1.0,0.3,-1.0,0.0,0.3,0.6,0.4,0.5,0.2,66197.0,4.7,418.0,2.0,-1.2,0.027,5040.0,0.6,2.0,0.4,0.2,0.004,1.52,-0.0,1.35,8.5,5.8,0.0163,10,15,1,4,70.4,53,-17,36,-0.2,0.00622,999999.99,99999.99,99999.99,0.2,0.12,0.08,-1,2017-05-12 04:00:00
2017,132,5,2507,51,52,59,33,4.7,4.4,5.7,338.8,4.1,-1.6,0.4,-1.6,0.0,0.7,1.7,1.1,1.1,0.3,71103.0,6.5,411.0,2.6,-1.5,0.021,8258.0,1.5,7.0,1.1,0.3,0.005,1.99,-0.0,2.44,11.1,6.3,0.0096,10,15,1,4,70.4,78,-21,56,-0.2,0.00622,999999.99,99999.99,99999.99,0.17,0.1,0.07,-1,2017-05-12 05:00:00
2017,132,6,2507,51,52,57,35,4.6,4.6,1.1,334.5,4.1,-2.0,0.1,-2.0,-0.3,0.6,1.0,0.5,0.5,0.7,66190.0,6.6,406.0,3.1,-1.1,0.017,9605.0,0.9,4.0,0.6,0.4,0.002,1.94,0.12,2.52,11.3,6.4,0.0093,23,15,3,9,70.4,136,-54,82,0.0,0.00622,999999.99,99999.99,99999.99,0.18,0.11,0.08,-1,2017-05-12 06:00:00
2017,132,7,2507,51,52,61,37,3.4,1.1,-6.4,322.9,0.9,-0.7,-0.1,-0.7,-0.2,0.9,3.3,2.6,1.9,0.8,57895.0,8.6,403.0,2.7,-1.3,0.015,8393.0,1.3,3.0,0.5,0.7,0.003,2.47,0.08,5.76,17.4,7.1,0.0039,23,15,6,9,70.4,144,-81,63,0.3,0.00622,999999.99,99999.99,99999.99,0.17,0.09,0.07,-1,2017-05-12 07:00:00
2017,132,8,2507,51,52,56,34,3.8,2.0,-0.5,108.6,-0.6,1.9,0.0,1.9,0.2,1.2,3.4,2.5,2.0,0.9,59634.0,8.1,384.0,1.2,-1.3,0.018,12743.0,2.6,12.0,1.7,0.5,0.004,2.14,-0.08,4.39,14.4,6.6,0.0058,23,15,3,9,70.4,166,-123,43,0.6,0.00622,999999.99,99999.99,99999.99,0.18,0.1,0.07,-1,2017-05-12 08:00:00
2017,132,9,2507,51,52,59,36,4.3,4.2,-4.9,310.6,2.7,-3.2,-0.4,-3.1,-0.7,0.5,1.0,0.4,0.7,0.5,26929.0,12.7,369.0,0.1,-0.5,0.016,10565.0,1.6,2.0,0.5,0.3,0.001,3.07,0.26,4.44,15.3,7.0,0.0051,23,15,7,9,70.4,207,-156,52,0.5,0.00622,999999.99,99999.99,99999.99,0.19,0.11,0.08,-1,2017-05-12 09:00:00
2017,132,10,2507,51,52,60,37,4.1,3.9,-9.9,313.5,2.7,-2.8,-0.7,-2.7,-0.9,0.4,0.9,0.4,0.7,0.5,21361.0,13.4,363.0,0.9,-0.6,0.016,3651.0,1.1,4.0,0.8,0.4,0.001,3.14,0.33,4.97,16.2,7.0,0.0045,23,15,7,9,70.4,138,-96,42,0.3,0.00622,999999.99,99999.99,99999.99,0.19,0.11,0.09,-1,2017-05-12 10:00:00
2017,132,11,2507,51,52,63,36,3.4,2.5,-5.2,297.2,1.1,-2.2,-0.2,-2.2,-0.4,0.7,2.3,1.9,0.8,1.0,46223.0,11.6,380.0,0.6,-1.2,0.018,19342.0,2.0,7.0,0.6,0.5,0.003,3.0,0.15,7.29,19.0,7.0,0.0033,23,15,6,9,70.4,226,-164,61,0.8,0.00622,999999.99,99999.99,99999.99,0.18,0.11,0.08,-1,2017-05-12 11:00:00
2017,132,12,2507,51,52,59,36,6.3,6.0,19.0,335.7,5.2,-2.3,2.0,-2.5,1.8,0.8,1.8,1.2,1.1,0.6,68156.0,6.3,383.0,0.1,-2.3,0.026,9679.0,1.0,5.0,0.7,0.7,0.004,1.7,-0.69,1.3,7.6,5.2,0.0204,27,15,2,12,70.4,58,-35,23,-0.2,0.00622,999999.99,99999.99,99999.99,0.19,0.11,0.08,-1,2017-05-12 12:00:00
2017,132,13,2507,51,52,60,36,7.1,7.0,20.1,343.0,6.3,-1.9,2.4,-2.2,2.2,0.2,1.0,0.4,0.7,0.5,59137.0,6.2,380.0,0.5,-2.1,0.021,4726.0,0.4,2.0,0.3,0.4,0.004,1.62,-0.84,0.96,6.7,4.9,0.0268,27,15,3,12,70.4,54,-31,23,-0.2,0.00622,999999.99,99999.99,99999.99,0.19,0.11,0.08,-1,2017-05-12 13:00:00
2017,132,14,2507,51,52,62,38,5.6,5.2,40.0,356.5,3.9,-0.2,3.3,-0.7,3.2,0.8,2.3,0.8,1.9,0.9,51442.0,7.7,380.0,0.2,-2.9,0.017,14020.0,3.1,6.0,1.3,0.5,0.007,1.98,-1.22,1.84,9.4,5.9,0.0134,27,15,5,12,70.4,59,-25,34,-1.2,0.00622,999999.99,99999.99,99999.99,0.19,0.11,0.08,-1,2017-05-12 14:00:00
2017,132,15,2507,51,52,56,32,4.8,4.5,21.4,347.2,4.1,-0.9,1.6,-1.2,1.4,0.3,1.7,0.5,1.3,1.0,61351.0,4.3,393.0,2.6,-2.7,0.03,9301.0,0.2,4.0,0.6,0.7,0.003,1.24,-0.55,1.47,8.5,5.6,0.0165,10,15,3,4,70.4,32,-15,17,0.2,0.00622,999999.99,99999.99,99999.99,0.18,0.12,0.09,-1,2017-05-12 15:00:00
2017,132,16,2507,51,52,62,37,4.1,3.9,-11.4,316.1,2.8,-2.7,-0.8,-2.4,-1.4,0.2,1.0,0.5,0.6,0.5,66412.0,3.8,384.0,3.3,-0.9,0.034,8367.0,0.4,4.0,1.1,0.5,0.004,1.06,0.54,1.83,9.1,5.7,0.0143,10,15,1,4,70.4,37,-24,13,0.5,0.00622,999999.99,99999.99,99999.99,0.19,0.1,0.07,-1,2017-05-12 16:00:00
2017,132,17,2507,51,52,58,35,4.2,4.0,-10.9,335.5,3.6,-1.6,-0.8,-1.3,-1.2,0.2,1.0,0.5,0.5,0.7,53624.0,3.6,381.0,2.1,-0.3,0.027,15766.0,0.5,8.0,0.9,1.0,0.002,0.97,0.46,1.55,8.6,5.6,0.0161,10,15,-1,4,70.4,77,-52,24,0.7,0.00622,999999.99,99999.99,99999.99,0.19,0.11,0.07,-1,2017-05-12 17:00:00
2017,132,18,2507,51,52,61,36,4.5,4.5,-15.2,339.5,4.0,-1.5,-1.2,-1.0,-1.6,0.1,0.8,0.4,0.5,0.5,37233.0,3.9,376.0,2.8,-1.3,0.023,4334.0,0.3,4.0,0.7,0.9,0.002,1.01,0.6,1.33,8.3,5.6,0.0175,13,15,-4,5,70.4,81,-51,31,0.6,0.00622,999999.99,99999.99,99999.99,0.19,0.11,0.08,-1,2017-05-12 18:00:00
2017,132,19,2507,51,52,60,36,4.6,4.5,-24.4,336.6,3.7,-1.6,-1.8,-0.8,-2.3,0.1,0.9,0.4,0.4,0.7,44090.0,4.3,377.0,2.4,-2.4,0.021,9836.0,0.5,5.0,0.7,1.1,0.002,1.11,0.87,1.46,8.5,5.7,0.0165,13,15,-5,5,70.4,111,-82,29,0.6,0.00622,999999.99,99999.99,99999.99,0.2,0.1,0.07,-1,2017-05-12 19:00:00
2017,132,20,2507,51,52,59,37,4.4,4.3,-16.9,346.0,4.0,-1.0,-1.3,-0.4,-1.6,0.1,0.3,0.1,0.2,0.2,58396.0,5.4,377.0,1.9,-1.1,0.019,7696.0,0.4,2.0,0.2,0.4,0.004,1.38,0.6,2.17,10.0,5.9,0.012,13,15,-6,5,70.4,116,-89,28,0.8,0.00622,999999.99,99999.99,99999.99,0.18,0.1,0.07,-1,2017-05-12 20:00:00
2017,132,21,2507,51,52,60,36,4.5,4.5,-10.3,334.2,4.0,-1.9,-0.8,-1.4,-1.5,0.2,0.5,0.1,0.3,0.4,46413.0,5.5,379.0,1.9,0.1,0.015,7932.0,0.3,2.0,0.3,0.5,0.003,1.4,0.57,1.97,9.9,6.0,0.0122,13,15,-3,5,70.4,115,-87,27,0.7,0.00622,999999.99,99999.99,99999.99,0.18,0.1,0.07,-1,2017-05-12 21:00:00
2017,132,22,2507,51,52,60,37,5.1,5.0,-11.4,337.2,4.5,-1.9,-1.0,-1.3,-1.7,0.1,0.6,0.2,0.3,0.4,23454.0,5.7,378.0,1.5,1.3,0.008,5221.0,0.3,1.0,0.2,0.3,0.001,1.4,0.64,1.38,8.8,6.0,0.0152,13,15,0,5,70.4,115,-73,42,1.2,0.00622,999999.99,99999.99,99999.99,0.2,0.1,0.06,-1,2017-05-12 22:00:00
2017,132,23,2507,51,52,58,35,5.3,5.3,-12.2,346.7,5.0,-1.2,-1.1,-0.6,-1.5,0.1,0.4,0.1,0.3,0.3,21099.0,5.5,374.0,0.3,0.2,0.009,1686.0,0.2,3.0,0.4,0.3,0.001,1.33,0.56,1.22,8.3,5.8,0.0174,13,15,-1,5,70.4,66,-30,36,0.8,0.00622,999999.99,99999.99,99999.99,0.16,0.09,0.07,-1,2017-05-12 23:00:00
2017,133,0,2507,51,52,59,32,5.4,5.4,-7.9,344.1,5.1,-1.5,-0.7,-1.1,-1.2,0.1,0.7,0.2,0.7,0.3,15155.0,5.6,368.0,0.5,-0.3,0.009,2492.0,0.3,2.0,0.7,0.4,0.001,1.31,0.44,1.15,8.1,5.7,0.0183,3,0,-2,2,71.9,55,-29,26,0.5,0.006239,999999.99,99999.99,99999.99,0.21,0.11,0.08,-1,2017-05-13 00:00:00
2017,133,1,2507,51,52,57,35,5.4,5.3,-3.5,331.8,4.7,-2.5,-0.3,-2.2,-1.2,0.2,0.8,0.5,0.6,0.3,12618.0,4.9,355.0,1.8,-1.1,0.008,2746.0,0.5,6.0,0.5,0.4,0.001,1.06,0.43,0.99,7.3,5.3,0.0225,3,0,-2,2,71.9,60,-31,29,0.3,0.006239,999999.99,99999.99,99999.99,0.18,0.1,0.07,-1,2017-05-13 01:00:00
2017,133,2,2507,51,52,59,36,4.4,4.3,-0.4,321.0,3.4,-2.7,0.0,-2.5,-0.9,0.2,0.4,0.2,0.2,0.3,24419.0,6.9,338.0,1.5,-1.9,0.007,3793.0,0.5,2.0,0.4,0.3,0.001,1.35,0.3,2.27,10.1,5.9,0.0117,3,0,1,2,71.9,62,-27,36,0.2,0.006239,999999.99,99999.99,99999.99,0.19,0.09,0.07,-1,2017-05-13 02:00:00
2017,133,3,2507,51,52,60,36,4.5,4.3,-9.5,331.7,3.8,-2.0,-0.7,-1.7,-1.3,0.3,1.3,0.3,0.9,0.9,17224.0,6.9,341.0,1.3,-1.4,0.006,2622.0,1.3,3.0,0.4,0.7,0.001,1.37,0.44,2.06,10.0,6.0,0.012,13,0,-1,5,71.9,75,-25,50,0.2,0.006239,999999.99,99999.99,99999.99,0.18,0.1,0.08,-1,2017-05-13 03:00:00
2017,133,4,2507,51,52,61,36,3.6,3.5,-15.1,334.4,3.1,-1.5,-0.9,-1.2,-1.3,0.2,0.5,0.2,0.3,0.4,15493.0,11.2,341.0,1.7,-1.2,0.005,825.0,0.8,1.0,0.4,0.3,0.001,2.22,0.44,5.17,15.9,6.8,0.0047,13,0,-3,5,71.9,195,-94,101,1.0,0.006239,999999.99,99999.99,99999.99,0.19,0.11,0.07,-1,2017-05-13 04:00:00
2017,133,5,2507,51,52,57,34,3.0,3.0,-11.0,332.7,2.6,-1.3,-0.6,-1.1,-0.9,0.6,0.7,0.5,0.6,0.2,16927.0,12.7,336.0,1.5,-1.6,0.005,6394.0,2.9,6.0,0.8,0.2,0.002,2.44,0.3,8.53,20.0,6.9,0.003,13,0,1,5,71.9,181,-82,99,1.0,0.006239,999999.99,99999.99,99999.99,0.17,0.1,0.07,-1,2017-05-13 05:00:00
2017,133,6,2507,51,52,58,35,2.3,2.2,-0.2,328.4,1.9,-1.2,0.0,-1.2,-0.2,0.2,0.6,0.3,0.3,0.3,15284.0,16.0,324.0,0.6,-1.8,0.003,1003.0,0.5,4.0,0.3,0.2,0.0,2.84,0.06,18.07,28.2,6.9,0.0015,7,0,6,3,71.9,74,-15,59,0.3,0.006239,999999.99,99999.99,99999.99,0.2,0.1,0.08,-1,2017-05-13 06:00:00
2017,133,7,2507,51,52,60,37,2.4,2.3,10.6,314.3,1.6,-1.6,0.4,-1.6,0.2,0.2,0.5,0.2,0.3,0.4,14946.0,16.0,321.0,0.6,-1.7,0.003,662.0,0.4,1.0,0.2,0.2,0.0,2.79,-0.06,16.56,26.8,6.8,0.0017,7,0,10,3,71.9,70,-17,53,-0.0,0.006239,999999.99,99999.99,99999.99,0.18,0.1,0.08,-1,2017-05-13 07:00:00
2017,133,8,2507,51,52,60,36,2.1,1.9,8.0,326.1,1.6,-1.1,0.3,-1.1,0.2,0.3,1.0,0.2,0.9,0.4,13739.0,16.7,321.0,0.5,-1.7,0.003,521.0,0.9,1.0,0.4,0.2,0.0,2.91,-0.06,22.39,31.2,6.9,0.0012,7,0,11,3,71.9,79,-29,50,-0.1,0.006239,999999.99,99999.99,99999.99,0.17,0.09,0.07,-1,2017-05-13 08:00:00
2017,133,9,2507,51,52,60,37,1.5,1.5,14.6,12.7,1.4,0.3,0.4,0.3,0.4,0.2,0.5,0.2,0.4,0.3,15411.0,18.7,320.0,-0.1,-1.6,0.003,657.0,0.5,1.0,0.1,0.1,0.0,3.24,-0.13,49.71,46.1,7.0,0.0006,10,0,11,4,71.9,81,-37,44,0.1,0.006239,999999.99,99999.99,99999.99,0.17,0.09,0.07,-1,2017-05-13 09:00:00
2017,133,10,2507,51,52,60,36,1.7,1.7,11.2,25.3,1.5,0.7,0.3,0.7,0.4,0.3,0.4,0.3,0.2,0.2,15118.0,17.6,318.0,0.1,-2.1,0.003,944.0,0.9,1.0,0.2,0.3,0.0,3.01,-0.13,36.35,39.2,6.9,0.0008,10,0,10,4,71.9,61,-32,28,0.3,0.006239,999999.99,99999.99,99999.99,0.18,0.1,0.07,-1,2017-05-13 10:00:00
2017,133,11,2507,51,52,58,35,2.6,2.0,-19.2,251.3,-0.6,-1.7,-0.6,-1.6,-0.7,0.7,1.9,0.9,1.4,0.8,20838.0,13.8,311.0,0.9,-1.6,0.005,1726.0,1.0,3.0,0.4,0.4,0.001,2.27,0.22,12.67,22.2,6.4,0.0024,10,0,10,4,71.9,48,-24,24,0.4,0.006239,999999.99,99999.99,99999.99,0.18,0.1,0.07,-1,2017-05-13 11:00:00
2017,133,12,2507,51,52,58,34,2.5,1.6,12.2,241.0,-0.7,-1.3,0.3,-1.3,0.2,0.4,2.0,1.4,0.9,1.0,21098.0,12.1,308.0,1.0,-2.1,0.004,2100.0,1.2,4.0,0.6,0.4,0.001,1.95,-0.06,12.04,21.4,6.3,0.0026,7,0,8,3,71.9,60,-21,39,0.1,0.006239,999999.99,99999.99,99999.99,0.2,0.11,0.08,-1,2017-05-13 12:00:00
2017,133,13,2507,51,52,60,36,2.8,2.7,-15.2,214.2,-2.2,-1.5,-0.7,-1.4,-0.9,0.2,0.4,0.2,0.3,0.2,20491.0,11.8,302.0,1.5,-1.9,0.005,1313.0,0.7,1.0,0.2,0.1,0.001,1.83,0.27,9.32,18.5,6.2,0.0035,7,0,8,3,71.9,67,-18,48,0.1,0.006239,999999.99,99999.99,99999.99,0.2,0.12,0.09,-1,2017-05-13 13:00:00
2017,133,14,2507,51,52,61,37,2.4,2.3,-0.7,216.1,-1.9,-1.4,0.0,-1.4,-0.2,0.3,0.6,0.3,0.4,0.3,19414.0,12.5,302.0,1.1,-2.1,0.006,1167.0,0.8,1.0,0.2,0.2,0.001,1.95,0.06,13.34,22.2,6.3,0.0024,7,0,7,3,71.9,93,-40,52,0.5,0.006239,999999.99,99999.99,99999.99,0.18,0.09,0.07,-1,2017-05-13 14:00:00
2017,133,15,2507,51,52,61,37,2.0,1.7,5.2,355.6,1.7,-0.1,0.2,-0.1,0.2,0.4,1.2,1.0,0.6,0.4,17983.0,12.9,308.0,0.4,-2.0,0.006,1930.0,0.6,2.0,0.4,0.3,0.001,2.09,-0.06,19.63,27.7,6.5,0.0016,7,0,8,3,71.9,111,-63,49,0.5,0.006239,999999.99,99999.99,99999.99,0.17,0.1,0.07,-1,2017-05-13 15:00:00
2017,133,16,2507,51,52,59,36,1.7,1.4,-23.7,280.0,0.2,-1.3,-0.6,-1.1,-0.9,0.3,0.9,0.7,0.4,0.4,16857.0,13.7,302.0,1.0,-2.0,0.006,1671.0,0.7,2.0,0.3,0.3,0.001,2.14,0.27,28.64,32.9,6.5,0.0011,7,0,9,3,71.9,83,-47,36,0.5,0.006239,999999.99,99999.99,99999.99,0.2,0.11,0.09,-1,2017-05-13 16:00:00
2017,133,17,2507,51,52,62,38,2.5,2.4,8.0,355.7,2.3,-0.2,0.3,-0.3,0.2,0.3,0.8,0.4,0.5,0.5,16019.0,12.8,314.0,0.3,-2.2,0.006,1351.0,0.8,6.0,0.2,0.4,0.001,2.16,-0.06,12.3,22.5,6.6,0.0024,7,0,8,3,71.9,55,-25,30,0.5,0.006239,999999.99,99999.99,99999.99,0.21,0.11,0.08,-1,2017-05-13 17:00:00
2017,133,18,2507,51,52,59,36,2.4,2.3,4.9,12.9,2.3,0.5,0.2,0.4,0.4,0.2,0.4,0.1,0.4,0.1,14725.0,13.3,312.0,0.0,-2.3,0.006,1535.0,0.4,1.0,0.2,0.1,0.0,2.21,-0.12,13.74,23.7,6.6,0.0021,10,0,5,4,71.9,41,-15,26,0.4,0.006239,999999.99,99999.99,99999.99,0.2,0.11,0.07,-1,2017-05-13 18:00:00
2017,133,19,2507,51,52,59,36,2.1,2.0,-8.7,8.3,2.0,0.3,-0.3,0.4,-0.2,0.3,0.5,0.3,0.2,0.3,15140.0,13.5,306.0,0.5,-2.2,0.005,1121.0,0.8,2.0,0.2,0.2,0.0,2.15,0.06,18.27,26.8,6.5,0.0017,10,0,4,4,71.9,31,-7,24,0.3,0.006239,999999.99,99999.99,99999.99,0.2,0.1,0.08,-1,2017-05-13 19:00:00
2017,133,20,2507,51,52,59,36,1.6,1.3,-20.0,317.0,0.9,-0.8,-0.4,-0.6,-0.7,0.3,1.0,0.6,0.7,0.4,15792.0,15.0,306.0,0.7,-2.5,0.005,888.0,1.1,1.0,0.3,0.2,0.001,2.39,0.21,35.14,37.0,6.6,0.0009,10,0,5,4,71.9,46,-15,31,0.5,0.006239,999999.99,99999.99,99999.99,0.2,0.1,0.08,-1,2017-05-13 20:00:00
2017,133,21,2507,51,52,62,36,1.5,1.2,-1.7,19.4,1.2,0.4,0.0,0.4,0.2,0.4,0.9,0.5,0.6,0.5,15849.0,17.3,307.0,0.3,-2.6,0.006,1039.0,0.6,2.0,0.4,0.3,0.001,2.79,-0.06,46.13,42.6,6.7,0.0007,13,0,8,5,71.9,64,-37,27,0.1,0.006239,999999.99,99999.99,99999.99,0.2,0.1,0.07,-1,2017-05-13 21:00:00
2017,133,22,2507,51,52,61,37,2.5,2.3,4.1,35.4,1.9,1.3,0.2,1.1,0.7,0.8,1.2,0.4,0.7,0.8,18457.0,17.7,313.0,-0.5,-2.4,0.003,1527.0,2.8,1.0,0.2,0.3,0.001,2.93,-0.22,17.3,26.3,6.6,0.0017,13,0,10,5,71.9,43,-16,27,0.1,0.006239,999999.99,99999.99,99999.99,0.19,0.09,0.07,-1,2017-05-13 22:00:00
2017,133,23,2507,51,52,59,36,3.2,3.1,23.8,37.1,2.3,1.7,1.3,1.0,1.9,0.6,0.8,0.6,0.5,0.2,18710.0,15.0,312.0,-0.4,-2.8,0.004,1279.0,1.9,2.0,0.4,0.2,0.002,2.48,-0.59,8.96,18.9,6.4,0.0033,13,0,8,5,71.9,47,-19,28,0.1,0.006239,999999.99,99999.99,99999.99,0.18,0.11,0.08,-1,2017-05-13 23:00:00
2017,134,0,2507,51,52,60,36,3.0,2.6,30.7,72.4,0.7,2.1,1.3,1.4,2.0,0.6,1.6,0.8,1.2,0.7,21605.0,15.8,310.0,-0.7,-3.8,0.002,1642.0,1.9,2.0,1.0,0.8,0.0,2.56,-0.62,10.95,20.5,6.4,0.0028,20,0,5,7,72.7,45,-21,24,0.1,0.006247,999999.99,99999.99,99999.99,0.2,0.11,0.08,-1,2017-05-14 00:00:00
2017,134,1,2507,51,52,59,35,4.6,4.1,11.5,99.4,-0.7,4.0,0.8,3.4,2.2,0.6,2.0,0.8,0.7,1.7,14905.0,11.1,304.0,-2.9,-4.3,0.004,1824.0,2.5,4.0,1.0,1.2,0.002,1.74,-0.67,3.13,11.0,5.7,0.0098,20,0,2,7,72.7,42,-22,20,0.1,0.006247,999999.99,99999.99,99999.99,0.18,0.09,0.06,-1,2017-05-14 01:00:00
2017,134,2,2507,51,52,58,35,3.4,2.9,-5.6,101.8,-0.6,2.9,-0.3,2.8,0.7,1.3,2.1,0.4,1.5,1.3,26189.0,14.0,303.0,-0.8,-3.0,0.005,5758.0,4.1,2.0,1.1,1.1,0.001,2.19,-0.21,7.79,16.7,6.0,0.0043,20,0,7,7,72.7,51,-22,29,0.2,0.006247,999999.99,99999.99,99999.99,0.19,0.12,0.08,-1,2017-05-14 02:00:00
2017,134,3,2507,51,52,61,37,4.1,4.0,-3.4,108.7,-1.3,3.7,-0.2,3.6,0.9,0.8,1.3,0.2,0.8,1.0,25117.0,12.8,301.0,-1.5,-2.4,0.005,4437.0,3.5,2.0,1.6,0.4,0.001,1.98,-0.27,4.86,13.1,5.8,0.0069,17,0,8,6,72.7,52,-22,30,0.2,0.006247,999999.99,99999.99,99999.99,0.19,0.1,0.07,-1,2017-05-14 03:00:00
2017,134,4,2507,51,52,61,36,1.9,1.1,-11.1,91.6,0.0,1.1,-0.2,1.1,0.1,1.0,1.9,0.8,1.2,1.2,23250.0,20.6,304.0,0.7,-2.4,0.004,3180.0,3.2,3.0,0.5,0.4,0.001,3.23,-0.03,35.99,36.3,6.4,0.0009,17,0,14,6,72.7,62,-14,48,0.2,0.006247,999999.99,99999.99,99999.99,0.19,0.11,0.08,-1,2017-05-14 04:00:00
2017,134,5,2507,51,52,60,37,2.1,1.7,-30.2,77.8,0.3,1.4,-0.9,1.6,-0.6,0.6,1.4,0.3,0.6,1.2,18490.0,25.9,306.0,0.4,-2.0,0.007,4218.0,4.6,1.0,0.4,0.3,0.002,4.16,0.18,35.88,37.1,6.6,0.0009,17,0,14,6,72.7,71,-16,55,0.3,0.006247,999999.99,99999.99,99999.99,0.19,0.1,0.07,-1,2017-05-14 05:00:00
2017,134,6,2507,51,52,60,36,3.3,3.1,-56.8,315.0,1.2,-1.2,-2.6,-0.7,-2.8,0.8,1.3,0.8,0.5,0.9,15036.0,34.0,306.0,0.6,-2.4,0.01,1023.0,3.3,1.0,0.3,0.3,0.003,5.53,0.86,18.63,27.0,6.5,0.0016,13,0,22,5,72.7,77,-16,61,0.2,0.006247,999999.99,99999.99,99999.99,0.21,0.1,0.07,-1,2017-05-14 06:00:00
2017,134,7,2507,51,52,59,36,3.8,3.8,-43.3,305.0,1.6,-2.2,-2.6,-1.8,-2.9,0.7,1.0,0.4,0.3,0.9,15759.0,33.9,303.0,0.5,-2.4,0.015,855.0,2.0,1.0,0.2,0.2,0.003,5.51,0.88,14.08,23.2,6.4,0.0022,13,0,23,5,72.7,80,-18,62,0.4,0.006247,999999.99,99999.99,99999.99,0.18,0.11,0.08,-1,2017-05-14 07:00:00
2017,134,8,2507,51,52,61,38,3.9,3.8,-12.3,305.7,2.1,-3.0,-0.8,-2.9,-1.1,0.4,0.9,0.5,0.5,0.6,15463.0,42.8,302.0,-0.1,-1.3,0.02,1624.0,7.1,3.0,0.3,0.8,0.003,7.04,0.33,16.84,25.3,6.4,0.0019,13,0,26,5,72.7,115,-21,94,0.7,0.006247,999999.99,99999.99,99999.99,0.21,0.11,0.08,-1,2017-05-14 08:00:00
2017,134,9,2507,51,52,59,33,3.7,3.4,38.9,321.8,2.1,-1.7,2.2,-1.9,2.0,0.6,1.3,1.0,0.6,0.5,18467.0,62.2,306.0,0.1,0.8,0.017,502.0,2.2,1.0,0.3,0.2,0.002,10.39,-0.61,27.75,32.6,6.5,0.0011,30,0,31,15,72.7,267,-151,116,0.5,0.006247,999999.99,99999.99,99999.99,0.2,0.11,0.08,-1,2017-05-14 09:00:00
2017,134,10,2507,51,52,61,37,2.6,2.4,23.8,274.7,0.2,-2.2,1.0,-2.3,0.8,0.7,1.3,0.6,0.7,0.9,19264.0,65.3,311.0,-0.4,-0.6,0.022,1234.0,3.9,1.0,0.2,0.3,0.003,11.48,-0.25,59.32,48.3,6.7,0.0005,30,0,36,15,72.7,189,-120,68,0.4,0.006247,999999.99,99999.99,99999.99,0.19,0.11,0.08,-1,2017-05-14 10:00:00
2017,134,11,2507,51,52,61,38,6.4,5.0,14.8,285.0,1.2,-4.6,1.3,-4.7,1.0,2.1,4.4,1.3,2.0,3.7,32364.0,28.0,314.0,0.4,-2.4,0.015,9850.0,19.1,3.0,0.8,1.2,0.004,4.89,-0.31,4.57,13.0,5.8,0.0071,30,0,27,15,72.7,88,-42,47,0.2,0.006247,999999.99,99999.99,99999.99,0.2,0.11,0.08,-1,2017-05-14 11:00:00
2017,134,12,2507,51,52,61,36,5.9,4.9,-15.7,323.5,3.8,-2.8,-1.3,-2.7,-1.5,1.3,3.4,1.3,2.7,1.6,54905.0,19.1,319.0,1.8,-0.6,0.021,7812.0,2.3,3.0,0.8,0.8,0.003,3.52,0.48,4.18,11.8,5.5,0.0085,27,0,17,12,72.7,115,-43,72,1.1,0.006247,999999.99,99999.99,99999.99,0.21,0.11,0.08,-1,2017-05-14 12:00:00
2017,134,13,2507,51,52,61,37,7.1,5.6,-3.6,298.5,2.7,-4.9,-0.4,-4.8,-0.9,1.3,4.5,1.7,3.8,1.5,39249.0,16.6,318.0,-0.1,-0.6,0.016,11199.0,2.6,4.0,1.3,0.5,0.003,2.98,0.29,2.3,9.1,5.3,0.0143,27,0,10,12,72.7,184,-112,73,0.9,0.006247,999999.99,99999.99,99999.99,0.22,0.12,0.08,-1,2017-05-14 13:00:00
2017,134,14,2507,51,52,59,36,7.6,6.4,-5.6,285.7,1.7,-6.1,-0.6,-6.0,-1.5,1.0,4.1,1.0,3.4,1.9,44288.0,17.4,324.0,0.1,0.0,0.017,7335.0,1.5,3.0,0.6,0.6,0.002,3.26,0.49,2.16,8.9,5.2,0.015,27,0,11,12,72.7,229,-160,68,1.0,0.006247,999999.99,99999.99,99999.99,0.2,0.12,0.09,-1,2017-05-14 14:00:00
2017,134,15,2507,51,52,66,40,8.8,8.0,11.6,294.8,3.3,-7.1,1.6,-7.3,0.3,0.7,3.5,1.4,1.7,2.7,48451.0,15.2,336.0,-0.4,-1.2,0.019,8338.0,3.2,12.0,0.7,2.9,0.005,3.08,-0.1,1.44,7.4,5.0,0.0215,20,0,7,7,72.7,219,-174,45,2.3,0.006247,999999.99,99999.99,99999.99,0.19,0.12,0.09,-1,2017-05-14 15:00:00
2017,134,16,2507,51,52,58,35,9.8,9.6,35.1,306.4,4.7,-6.3,5.5,-7.4,3.9,0.6,1.9,1.2,0.7,1.3,35280.0,10.8,338.0,0.2,-2.4,0.013,9479.0,2.4,6.0,1.0,1.7,0.004,2.17,-1.32,0.77,5.7,4.4,0.037,20,0,3,7,72.7,133,-107,26,2.0,0.006247,999999.99,99999.99,99999.99,0.21,0.1,0.07,-1,2017-05-14 16:00:00
2017,134,17,2507,51,52,57,35,9.3,9.1,46.9,308.3,3.8,-4.9,6.6,-6.6,5.0,0.3,1.8,0.8,1.4,0.6,39009.0,11.7,338.0,0.9,-2.0,0.015,6634.0,1.2,4.0,0.8,0.8,0.002,2.37,-1.69,0.94,6.2,4.6,0.0308,20,0,3,7,72.7,55,-23,31,2.0,0.006247,999999.99,99999.99,99999.99,0.19,0.1,0.08,-1,2017-05-14 17:00:00
2017,134,18,2507,51,52,62,37,9.2,8.9,48.5,341.5,5.6,-1.9,6.7,-4.0,5.7,0.7,2.1,1.4,1.4,0.7,32556.0,9.5,325.0,0.7,-0.9,0.012,7467.0,1.6,5.0,1.2,0.9,0.003,1.76,-1.85,0.75,5.4,4.2,0.0401,17,0,0,6,72.7,56,-12,44,1.2,0.006247,999999.99,99999.99,99999.99,0.2,0.1,0.07,-1,2017-05-14 18:00:00
2017,134,19,2507,51,52,62,37,7.7,6.7,68.2,15.2,2.4,0.7,6.3,-1.6,6.1,0.7,3.7,1.5,3.0,1.6,43208.0,12.4,339.0,1.6,-1.5,0.014,8339.0,1.7,5.0,1.9,0.8,0.003,2.51,-2.07,1.49,7.8,5.1,0.0198,17,0,1,6,72.7,32,-8,25,0.4,0.006247,999999.99,99999.99,99999.99,0.18,0.11,0.09,-1,2017-05-14 19:00:00
2017,134,20,2507,51,52,60,36,5.4,2.5,49.3,21.9,1.5,0.6,1.9,-0.2,2.0,1.1,4.9,1.1,3.1,3.6,31571.0,22.4,341.0,0.9,-3.1,0.02,10387.0,4.5,4.0,1.3,1.5,0.007,4.7,-0.68,5.11,14.9,6.4,0.0053,17,0,9,6,72.7,49,-7,42,-0.3,0.006247,999999.99,99999.99,99999.99,0.21,0.12,0.08,-1,2017-05-14 20:00:00
2017,134,21,2507,51,52,63,39,5.5,4.2,83.9,298.6,0.2,-0.4,4.2,-2.1,3.7,0.7,3.5,1.7,2.1,2.2,29459.0,17.6,350.0,0.4,-2.5,0.019,8156.0,3.0,6.0,1.1,0.9,0.003,3.87,-1.29,3.82,13.3,6.4,0.0067,23,0,9,9,72.7,32,-3,29,-0.1,0.006247,999999.99,99999.99,99999.99,0.2,0.11,0.08,-1,2017-05-14 21:00:00
2017,134,22,2507,51,52,59,36,4.0,3.8,39.8,266.9,-0.2,-2.9,2.4,-3.6,1.0,0.2,1.2,0.7,0.6,0.8,25341.0,18.0,356.0,-0.1,-0.5,0.015,2198.0,2.6,3.0,0.4,0.6,0.002,4.04,-0.36,7.19,18.9,7.0,0.0033,23,0,10,9,72.7,54,-17,37,0.3,0.006247,999999.99,99999.99,99999.99,0.18,0.1,0.07,-1,2017-05-14 22:00:00
2017,134,23,2507,51,52,59,34,4.0,3.9,82.2,257.2,-0.1,-0.5,3.9,-2.1,3.4,0.3,1.0,0.5,0.7,0.4,23985.0,14.0,355.0,0.6,0.7,0.017,1580.0,0.8,1.0,0.2,0.2,0.002,3.15,-1.21,5.55,16.6,6.9,0.0043,23,0,9,9,72.7,49,-20,29,0.1,0.006247,999999.99,99999.99,99999.99,0.19,0.11,0.07,-1,2017-05-14 23:00:00
2017,135,0,2507,51,52,61,36,3.5,3.4,73.9,45.9,0.6,0.7,3.2,-0.6,3.2,0.4,1.1,0.7,0.7,0.4,22369.0,15.4,353.0,1.2,0.8,0.014,2759.0,1.2,2.0,0.3,0.4,0.002,3.38,-1.13,7.88,19.8,7.1,0.003,3,0,8,2,72.2,53,-25,28,-0.1,0.006313,999999.99,99999.99,99999.99,0.18,0.09,0.07,-1,2017-05-15 00:00:00
2017,135,1,2507,51,52,60,36,3.1,3.0,44.5,74.7,0.6,2.1,2.1,1.2,2.7,0.2,0.7,0.3,0.4,0.5,29189.0,17.6,355.0,1.6,1.6,0.013,3312.0,1.2,1.0,0.2,0.3,0.001,3.9,-0.96,12.0,24.0,7.1,0.0021,3,0,8,2,72.2,49,-23,26,0.1,0.006313,999999.99,99999.99,99999.99,0.18,0.09,0.07,-1,2017-05-15 01:00:00
2017,135,2,2507,51,52,60,37,3.3,3.2,61.0,54.6,0.9,1.3,2.8,0.3,3.1,0.2,0.9,0.6,0.6,0.3,27901.0,17.3,353.0,0.7,2.0,0.012,3021.0,0.5,1.0,0.3,0.2,0.002,3.77,-1.09,10.33,22.2,7.1,0.0024,3,0,9,2,72.2,46,-23,23,0.1,0.006313,999999.99,99999.99,99999.99,0.19,0.11,0.08,-1,2017-05-15 02:00:00
2017,135,3,2507,51,52,59,36,3.0,2.9,56.8,25.1,1.4,0.7,2.4,0.0,2.5,0.3,0.8,0.4,0.6,0.2,22408.0,19.4,351.0,-0.2,2.1,0.014,2604.0,0.7,1.0,0.4,0.2,0.002,4.21,-0.88,13.52,25.8,7.2,0.0018,17,0,12,6,72.2,48,-23,25,-0.1,0.006313,999999.99,99999.99,99999.99,0.18,0.1,0.07,-1,2017-05-15 03:00:00
2017,135,4,2507,51,52,59,34,3.9,3.6,53.0,24.7,2.0,0.9,2.9,0.1,3.0,0.3,1.5,0.9,1.1,0.4,20604.0,20.7,353.0,-0.5,1.8,0.014,5153.0,1.7,4.0,0.5,0.5,0.004,4.55,-1.06,8.43,20.6,7.2,0.0028,17,0,14,6,72.2,47,-18,29,-0.3,0.006313,999999.99,99999.99,99999.99,0.2,0.11,0.08,-1,2017-05-15 04:00:00
2017,135,5,2507,51,52,61,37,3.6,3.0,28.3,328.8,2.3,-1.4,1.4,-1.7,1.1,1.0,2.3,1.1,1.4,1.4,22351.0,28.0,350.0,-1.6,2.3,0.008,1767.0,5.9,2.0,0.5,0.3,0.003,5.91,-0.39,13.55,25.7,7.2,0.0018,17,0,21,6,72.2,65,-10,55,0.1,0.006313,999999.99,99999.99,99999.99,0.17,0.1,0.07,-1,2017-05-15 05:00:00
2017,135,6,2507,51,52,59,36,4.1,3.0,-25.4,143.0,-2.2,1.6,-1.3,1.8,-1.0,1.2,3.0,1.7,2.3,0.9,25801.0,34.8,347.0,-2.4,2.1,0.007,3207.0,3.3,3.0,0.4,0.3,0.003,7.19,0.35,13.28,25.0,7.1,0.0019,23,0,20,9,72.2,95,-18,78,0.2,0.006313,999999.99,99999.99,99999.99,0.2,0.11,0.08,-1,2017-05-15 06:00:00
2017,135,7,2507,51,52,61,37,5.4,4.2,-15.4,104.9,-1.0,3.9,-1.1,4.0,-0.6,2.3,3.9,1.5,3.2,1.8,28243.0,36.5,348.0,-3.4,1.5,0.007,5532.0,4.3,3.0,1.1,0.5,0.002,7.59,0.21,8.15,19.5,6.9,0.0031,23,0,21,9,72.2,105,-37,68,0.6,0.006313,999999.99,99999.99,99999.99,0.2,0.1,0.08,-1,2017-05-15 07:00:00
2017,135,8,2507,51,52,59,35,8.8,8.5,-42.9,89.1,0.1,6.2,-5.8,6.8,-5.1,0.8,2.2,0.9,1.6,1.2,20202.0,38.8,349.0,-4.7,1.4,0.005,1381.0,6.9,2.0,0.5,0.4,0.001,8.05,1.78,3.1,12.4,6.4,0.0078,23,0,20,9,72.2,132,-26,106,1.8,0.006313,999999.99,99999.99,99999.99,0.19,0.12,0.09,-1,2017-05-15 08:00:00
2017,135,9,2507,51,52,63,37,9.0,7.1,5.7,113.8,-2.9,6.5,0.7,6.4,1.2,1.9,5.6,1.9,3.0,4.3,45254.0,26.4,354.0,-4.7,-1.0,0.009,13530.0,17.3,6.0,1.2,1.7,0.004,5.72,-0.42,2.35,10.1,5.8,0.0116,37,0,3,22,72.2,384,-206,178,1.9,0.006313,999999.99,99999.99,99999.99,0.18,0.11,0.08,-1,2017-05-15 09:00:00
2017,135,10,2507,51,52,62,37,11.0,10.4,-6.6,125.3,-6.0,8.4,-1.2,8.5,-0.6,0.6,3.6,1.5,1.9,2.6,77551.0,12.0,366.0,-2.8,-5.1,0.01,18999.0,1.3,9.0,1.7,1.6,0.002,2.79,0.22,0.85,5.8,4.4,0.0358,37,0,-2,22,72.2,293,-129,163,2.1,0.006313,999999.99,99999.99,99999.99,0.19,0.1,0.07,-1,2017-05-15 10:00:00
2017,135,11,2507,51,52,59,34,11.6,10.0,-13.6,125.1,-5.6,7.9,-2.3,8.0,-1.8,1.1,5.8,2.0,1.3,5.3,80463.0,9.6,372.0,-4.2,-3.7,0.015,31283.0,2.8,8.0,1.6,2.3,0.007,2.35,0.67,0.62,5.0,4.0,0.0482,37,0,-5,22,72.2,361,-168,193,2.7,0.006313,999999.99,99999.99,99999.99,0.18,0.1,0.07,-1,2017-05-15 11:00:00
2017,135,12,2507,51,52,64,37,11.1,9.9,26.7,131.9,-5.9,6.6,4.5,6.2,5.0,0.7,4.7,1.1,2.0,4.2,97917.0,13.0,392.0,-3.2,-4.9,0.015,21693.0,2.2,8.0,1.5,2.1,0.003,3.54,-1.96,0.99,6.4,4.7,0.0293,20,0,3,7,72.2,90,-29,61,0.5,0.006313,999999.99,99999.99,99999.99,0.17,0.1,0.07,-1,2017-05-15 12:00:00
2017,135,13,2507,51,52,61,37,10.6,9.6,20.2,131.8,-6.0,6.7,3.3,6.3,4.0,0.5,4.1,1.4,1.8,3.4,136872.0,17.4,401.0,-5.0,-3.2,0.022,14244.0,1.4,6.0,0.8,1.0,0.004,5.08,-1.6,1.71,7.9,5.0,0.0191,20,0,13,7,72.2,95,-33,63,-0.1,0.006313,999999.99,99999.99,99999.99,0.17,0.1,0.07,-1,2017-05-15 13:00:00
2017,135,14,2507,51,52,67,40,14.9,13.7,41.8,147.8,-8.7,5.4,9.1,4.1,9.8,1.9,6.0,1.3,4.2,4.0,122973.0,12.7,427.0,-2.4,-3.5,0.025,25739.0,2.5,12.0,1.9,1.2,0.008,4.25,-4.18,0.6,5.1,4.1,0.0456,20,0,11,7,72.2,63,-13,50,-2.2,0.006313,999999.99,99999.99,99999.99,0.18,0.1,0.07,-1,2017-05-15 14:00:00
2017,135,15,2507,51,52,64,33,14.0,12.4,6.1,127.0,-7.4,9.8,1.3,9.4,3.0,1.7,6.5,2.2,3.3,5.1,223373.0,9.8,476.0,3.1,-2.4,0.062,49108.0,1.1,10.0,1.8,1.5,0.018,4.63,-1.43,0.73,5.3,4.2,0.042,27,0,15,12,72.2,101,-17,84,-1.5,0.006313,999999.99,99999.99,99999.99,0.18,0.09,0.07,-1,2017-05-15 15:00:00
2017,135,16,2507,51,52,59,31,10.9,8.9,19.3,135.4,-6.0,5.9,2.9,5.1,4.2,0.5,5.8,2.6,3.2,4.1,271207.0,11.3,507.0,3.1,-2.4,0.063,24439.0,0.8,19.0,1.9,1.9,0.009,6.07,-2.13,1.58,7.8,5.1,0.0195,27,0,15,12,72.2,92,-31,61,-1.1,0.006313,999999.99,99999.99,99999.99,0.16,0.08,0.06,-1,2017-05-15 16:00:00
2017,135,17,2507,51,52,57,31,11.7,9.9,39.1,114.1,-3.1,7.0,6.2,5.0,7.9,0.4,5.8,3.9,3.2,3.0,226359.0,8.8,530.0,1.6,-2.0,0.062,33196.0,1.6,26.0,2.0,1.6,0.01,5.15,-4.19,0.95,6.7,5.0,0.0263,27,0,11,12,72.2,108,-49,59,-1.7,0.006313,999999.99,99999.99,99999.99,0.17,0.09,0.06,-1,2017-05-15 17:00:00
2017,135,18,2507,51,52,65,39,11.0,9.3,14.7,129.2,-5.7,7.0,2.4,5.9,4.5,1.7,6.0,2.6,2.8,4.6,283684.0,7.3,533.0,4.7,-1.8,0.08,68608.0,1.3,20.0,2.9,1.9,0.033,4.57,-2.4,1.03,6.5,4.8,0.0278,37,0,8,22,72.2,58,-2,56,-1.0,0.006313,999999.99,99999.99,99999.99,0.17,0.09,0.06,-1,2017-05-15 18:00:00
2017,135,19,2507,51,52,59,33,9.0,7.1,-23.3,109.6,-2.2,6.2,-2.8,6.8,-0.4,1.1,5.2,2.5,3.4,3.0,389230.0,6.8,557.0,6.3,-2.0,0.081,62305.0,0.9,15.0,1.7,1.5,0.024,4.66,0.22,1.81,8.1,5.0,0.0183,37,0,4,22,72.2,139,-46,93,0.3,0.006313,999999.99,99999.99,99999.99,0.19,0.09,0.06,-1,2017-05-15 19:00:00
2017,135,20,2507,51,52,61,37,8.0,6.5,-17.0,106.0,-1.7,6.0,-1.9,6.3,0.6,0.5,4.3,1.2,2.5,3.3,369833.0,6.6,559.0,3.8,-2.1,0.062,32125.0,0.8,7.0,1.6,1.0,0.007,4.3,-0.34,2.14,9.0,5.3,0.0148,37,0,2,22,72.2,456,-263,193,2.3,0.006313,999999.99,99999.99,99999.99,0.16,0.09,0.06,-1,2017-05-15 20:00:00
2017,135,21,2507,51,52,61,37,6.4,5.7,-11.5,149.9,-4.8,2.8,-1.1,3.0,0.1,0.7,3.0,1.5,2.1,1.4,311690.0,5.7,566.0,4.3,-0.2,0.061,34455.0,0.4,9.0,1.2,1.0,0.011,3.79,-0.06,2.55,10.6,5.9,0.0107,27,0,5,12,72.2,313,-196,117,2.1,0.006313,999999.99,99999.99,99999.99,0.18,0.1,0.07,-1,2017-05-15 21:00:00
2017,135,22,2507,51,52,60,36,6.1,4.9,15.7,124.4,-2.7,3.9,1.3,3.0,2.8,0.9,3.5,2.0,2.1,1.9,304194.0,5.4,577.0,4.7,1.4,0.056,34808.0,0.5,9.0,1.0,0.9,0.008,3.67,-1.62,2.61,11.0,6.1,0.0098,27,0,6,12,72.2,109,-41,69,0.8,0.006313,999999.99,99999.99,99999.99,0.19,0.09,0.07,-1,2017-05-15 22:00:00
2017,135,23,2507,51,52,59,36,6.9,6.7,40.3,157.8,-4.8,1.9,4.4,0.0,4.8,0.5,1.5,0.6,1.1,0.8,239347.0,5.5,578.0,5.2,0.7,0.057,23374.0,0.3,4.0,0.6,0.6,0.005,3.77,-2.77,1.77,9.8,6.2,0.0123,27,0,7,12,72.2,52,-11,41,0.2,0.006313,999999.99,99999.99,99999.99,0.19,0.09,0.07,-1,2017-05-15 23:00:00
2017,136,0,2507,51,52,62,35,7.4,6.6,25.3,119.0,-2.9,5.2,2.8,3.7,4.6,0.2,3.2,1.7,2.0,1.9,206775.0,5.2,586.0,2.9,0.9,0.055,16352.0,0.4,11.0,1.4,1.2,0.006,3.64,-2.7,1.32,9.0,6.2,0.0146,27,25,5,12,73.5,51,-22,28,-0.2,0.006342,999999.99,99999.99,99999.99,0.18,0.1,0.08,-1,2017-05-16 00:00:00
2017,136,1,2507,51,52,59,36,6.7,5.8,-20.9,96.9,-0.7,5.4,-2.1,5.8,0.0,0.6,3.0,2.0,1.1,1.9,179307.0,4.9,600.0,2.1,3.0,0.041,20910.0,0.3,18.0,0.7,1.5,0.008,3.43,-0.0,1.4,9.9,6.7,0.0121,27,25,1,12,73.5,85,-28,57,0.8,0.006342,999999.99,99999.99,99999.99,0.16,0.09,0.06,-1,2017-05-16 01:00:00
2017,136,2,2507,51,52,60,37,4.8,4.2,-15.6,120.4,-2.0,3.5,-1.1,3.7,0.1,0.6,2.2,1.2,1.1,1.4,202634.0,4.3,583.0,2.7,0.7,0.046,19614.0,0.4,11.0,1.1,1.3,0.006,2.89,-0.06,2.57,12.6,7.0,0.0075,27,25,-7,12,73.5,328,-205,123,1.7,0.006342,999999.99,99999.99,99999.99,0.21,0.1,0.08,-1,2017-05-16 02:00:00
2017,136,3,2507,51,52,60,35,5.7,4.1,-7.0,95.9,-0.4,4.0,-0.5,4.0,0.7,0.3,3.8,2.6,1.5,2.4,171005.0,3.4,608.0,2.1,1.2,0.043,25033.0,0.3,22.0,1.4,1.8,0.008,2.46,-0.43,1.3,9.8,6.7,0.0123,23,25,-11,9,73.5,278,-143,135,1.7,0.006342,999999.99,99999.99,99999.99,0.19,0.09,0.07,-1,2017-05-16 03:00:00
2017,136,4,2507,51,52,59,36,5.9,5.4,17.5,153.9,-4.7,2.3,1.6,1.8,2.1,0.1,2.0,0.4,1.6,1.2,157253.0,2.7,584.0,3.1,-0.3,0.044,16307.0,0.2,7.0,1.3,1.2,0.004,1.81,-1.23,0.92,8.1,6.1,0.018,23,25,-12,9,73.5,144,-67,77,0.8,0.006342,999999.99,99999.99,99999.99,0.16,0.09,0.06,-1,2017-05-16 04:00:00
2017,136,5,2507,51,52,62,38,5.6,5.0,14.9,120.0,-2.4,4.2,1.3,3.8,2.1,0.3,2.4,1.3,1.1,1.7,157727.0,2.9,601.0,1.4,0.2,0.045,19480.0,0.3,12.0,0.6,1.2,0.006,2.06,-1.26,1.1,9.1,6.5,0.0142,23,25,-8,9,73.5,145,-81,64,0.5,0.006342,999999.99,99999.99,99999.99,0.21,0.11,0.08,-1,2017-05-16 05:00:00
2017,136,6,2507,51,52,59,36,4.8,2.7,17.0,158.7,-2.4,0.9,0.8,0.8,0.9,1.0,4.1,3.0,1.9,2.0,192920.0,2.8,591.0,2.9,-0.4,0.044,40609.0,0.5,25.0,1.5,1.8,0.009,1.92,-0.53,1.62,10.3,6.6,0.0112,17,25,-8,6,73.5,256,-147,109,1.1,0.006342,999999.99,99999.99,99999.99,0.16,0.09,0.06,-1,2017-05-16 06:00:00
2017,136,7,2507,51,52,60,34,4.9,3.3,37.3,124.4,-1.5,2.2,2.0,1.9,2.3,0.7,3.6,2.6,2.1,1.5,181994.0,2.6,591.0,1.1,-1.7,0.05,27846.0,0.3,10.0,1.0,0.7,0.007,1.82,-1.36,1.4,9.7,6.5,0.0126,17,25,-4,6,73.5,204,-150,55,1.0,0.006342,999999.99,99999.99,99999.99,0.19,0.1,0.07,-1,2017-05-16 07:00:00
2017,136,8,2507,51,52,61,37,3.7,1.4,-26.4,111.3,-0.5,1.2,-0.6,1.3,-0.5,0.4,3.4,2.6,1.7,1.3,207812.0,3.1,604.0,1.7,-0.6,0.044,23622.0,0.3,15.0,1.2,0.6,0.007,2.22,0.3,3.17,14.4,7.4,0.0058,17,25,-2,6,73.5,150,-75,75,0.9,0.006342,999999.99,99999.99,99999.99,0.16,0.09,0.07,-1,2017-05-16 08:00:00
2017,136,9,2507,51,52,60,37,3.5,2.2,-7.3,81.7,0.3,2.1,-0.3,2.1,-0.1,0.5,2.7,2.4,0.9,0.8,194592.0,3.2,598.0,0.8,-1.1,0.038,18486.0,0.2,12.0,0.7,0.5,0.005,2.2,0.06,3.51,15.3,7.6,0.0051,17,25,-3,6,73.5,96,-45,51,1.8,0.006342,999999.99,99999.99,99999.99,0.17,0.09,0.07,-1,2017-05-16 09:00:00
2017,136,10,2507,51,52,59,36,3.3,2.7,-18.7,80.9,0.4,2.5,-0.9,2.6,-0.7,0.4,1.9,1.4,0.5,1.2,194481.0,3.3,587.0,1.1,-1.1,0.04,15897.0,0.2,9.0,0.5,0.8,0.004,2.2,0.41,4.07,16.2,7.6,0.0046,17,25,0,6,73.5,160,-97,63,1.4,0.006342,999999.99,99999.99,99999.99,0.18,0.09,0.07,-1,2017-05-16 10:00:00
2017,136,11,2507,51,52,59,34,4.3,3.4,7.5,126.4,-2.0,2.7,0.4,2.7,0.6,0.5,2.6,1.3,0.9,2.0,182672.0,3.4,569.0,0.9,-1.9,0.038,15100.0,0.3,8.0,0.6,1.2,0.004,2.12,-0.34,2.38,12.2,7.0,0.008,17,25,3,6,73.5,275,-209,66,1.5,0.006342,999999.99,99999.99,99999.99,0.17,0.08,0.06,-1,2017-05-16 11:00:00
2017,136,12,2507,51,52,61,37,4.2,3.3,-50.2,111.8,-0.8,1.9,-2.5,2.1,-2.4,0.3,2.6,2.1,0.9,1.2,161362.0,3.2,567.0,-0.2,-0.3,0.036,14671.0,0.3,11.0,0.7,1.1,0.005,1.97,1.36,2.19,12.1,7.1,0.0082,30,25,1,15,73.5,155,-73,82,1.2,0.006342,999999.99,99999.99,99999.99,0.17,0.09,0.07,-1,2017-05-16 12:00:00
2017,136,13,2507,51,52,58,36,3.6,2.1,-66.9,112.0,-0.3,0.8,-1.9,1.0,-1.8,0.4,2.8,2.0,1.4,1.5,177863.0,3.2,559.0,1.3,-1.4,0.037,13323.0,0.1,14.0,1.2,1.0,0.003,1.92,1.01,3.15,13.9,7.2,0.0062,30,25,-3,15,73.5,234,-167,67,0.9,0.006342,999999.99,99999.99,99999.99,0.19,0.1,0.07,-1,2017-05-16 13:00:00
2017,136,14,2507,51,52,58,35,3.4,2.8,-25.1,144.4,-2.1,1.5,-1.2,1.6,-1.0,0.4,1.9,1.3,0.8,1.1,161203.0,3.2,540.0,0.7,-1.5,0.035,15478.0,0.2,11.0,0.7,1.1,0.003,1.78,0.54,3.33,14.2,7.2,0.0059,30,25,-5,15,73.5,344,-276,67,0.9,0.006342,999999.99,99999.99,99999.99,0.16,0.09,0.07,-1,2017-05-16 14:00:00
2017,136,15,2507,51,52,61,37,3.3,3.0,11.9,162.5,-2.8,0.9,0.6,0.8,0.7,0.2,1.3,0.5,0.8,1.0,152835.0,3.6,536.0,1.0,-2.7,0.032,12046.0,0.2,4.0,0.5,0.8,0.003,1.95,-0.38,3.87,15.4,7.4,0.005,13,25,-1,5,73.5,136,-81,55,-0.4,0.006342,999999.99,99999.99,99999.99,0.17,0.09,0.07,-1,2017-05-16 15:00:00
2017,136,16,2507,51,52,57,35,3.3,2.8,33.0,193.9,-2.3,-0.6,1.5,-0.9,1.3,0.3,1.8,1.2,0.9,1.0,149017.0,3.9,542.0,1.2,-3.2,0.042,13934.0,0.2,6.0,0.7,0.5,0.007,2.23,-0.7,4.13,16.2,7.6,0.0045,13,25,1,5,73.5,90,-56,33,0.7,0.006342,999999.99,99999.99,99999.99,0.15,0.08,0.06,-1,2017-05-16 16:00:00
2017,136,17,2507,51,52,62,37,3.1,2.4,-19.7,161.3,-2.1,0.7,-0.8,0.9,-0.6,0.4,1.9,1.0,1.4,0.8,154506.0,3.6,543.0,0.0,-2.0,0.051,11083.0,0.1,4.0,0.5,0.3,0.004,2.13,0.33,4.41,16.6,7.6,0.0043,13,25,1,5,73.5,112,-65,47,1.0,0.006342,999999.99,99999.99,99999.99,0.16,0.09,0.07,-1,2017-05-16 17:00:00
2017,136,18,2507,51,52,59,36,3.1,2.4,13.6,143.9,-1.9,1.4,0.6,1.1,1.0,0.7,2.0,1.1,1.1,1.3,158578.0,3.7,541.0,-0.1,-1.5,0.052,16431.0,0.2,3.0,0.5,0.7,0.005,2.18,-0.54,4.6,16.8,7.5,0.0042,10,25,2,4,73.5,85,-47,39,-0.6,0.006342,999999.99,99999.99,99999.99,0.18,0.09,0.06,-1,2017-05-16 18:00:00
2017,136,19,2507,51,52,60,36,3.4,2.9,55.7,178.3,-1.6,0.0,2.4,-0.8,2.2,0.2,1.7,0.5,1.5,0.7,143002.0,3.6,540.0,-0.5,-1.4,0.042,11990.0,0.2,3.0,0.8,0.4,0.004,2.05,-1.19,3.52,15.1,7.5,0.0052,10,25,-1,4,73.5,78,-45,34,0.6,0.006342,999999.99,99999.99,99999.99,0.2,0.09,0.07,-1,2017-05-16 19:00:00
2017,136,20,2507,51,52,61,36,2.8,2.1,3.6,343.3,2.0,-0.6,0.1,-0.6,-0.1,0.3,1.8,1.0,0.9,1.2,132180.0,3.4,552.0,-0.0,-1.0,0.039,11510.0,0.2,4.0,0.2,0.4,0.002,2.0,0.06,4.7,18.2,8.1,0.0036,10,25,-4,4,73.5,35,-5,30,0.4,0.006342,999999.99,99999.99,99999.99,0.17,0.09,0.07,-1,2017-05-16 20:00:00
2017,136,21,2507,51,52,59,37,2.8,0.9,10.7,328.9,0.7,-0.4,0.2,-0.4,0.0,0.7,2.7,2.6,0.6,0.5,111325.0,3.0,545.0,-0.3,-1.5,0.035,13899.0,0.2,5.0,0.5,0.4,0.003,1.7,-0.0,3.82,16.9,8.1,0.0042,13,25,-6,5,73.5,47,-14,33,0.3,0.006342,999999.99,99999.99,99999.99,0.2,0.11,0.07,-1,2017-05-16 21:00:00
2017,136,22,2507,51,52,60,36,2.6,1.9,9.7,340.0,1.8,-0.6,0.3,-0.7,0.0,0.7,2.0,1.8,0.5,0.7,120615.0,3.4,542.0,0.1,-1.9,0.031,8394.0,0.2,4.0,0.3,0.5,0.002,1.87,-0.0,5.21,19.2,8.2,0.0032,13,25,-4,5,73.5,49,-25,24,0.4,0.006342,999999.99,99999.99,99999.99,0.19,0.1,0.07,-1,2017-05-16 22:00:00
2017,136,23,2507,51,52,60,36,3.3,3.0,14.1,351.0,2.9,-0.5,0.7,-0.7,0.4,0.3,1.2,0.7,0.6,0.8,93976.0,3.3,536.0,-0.5,-2.2,0.027,13906.0,0.3,4.0,0.4,0.6,0.001,1.75,-0.21,2.8,14.8,8.0,0.0055,13,25,-3,5,73.5,56,-28,27,0.5,0.006342,999999.99,99999.99,99999.99,0.22,0.11,0.07,-1,2017-05-16 23:00:00
2017,137,0,2507,51,52,60,35,3.3,3.2,-2.0,20.9,3.0,1.2,-0.1,1.1,0.4,0.4,0.7,0.3,0.4,0.5,82472.0,3.5,539.0,-0.0,-3.2,0.024,13989.0,0.3,4.0,0.4,0.4,0.004,1.86,-0.22,2.82,15.3,8.2,0.0051,23,12,-1,9,73.1,70,-30,40,0.5,0.00642,999999.99,99999.99,99999.99,0.19,0.1,0.06,-1,2017-05-17 00:00:00
2017,137,1,2507,51,52,58,35,3.3,3.1,-14.5,31.7,2.5,1.6,-0.8,1.8,-0.2,0.6,1.1,0.8,0.4,0.6,91968.0,3.3,527.0,-0.7,-2.7,0.025,12253.0,0.5,6.0,0.6,0.4,0.002,1.68,0.11,2.78,14.5,7.9,0.0057,23,12,-2,9,73.1,79,-29,51,0.5,0.00642,999999.99,99999.99,99999.99,0.19,0.1,0.07,-1,2017-05-17 01:00:00
2017,137,2,2507,51,52,61,37,3.0,1.9,25.4,347.5,1.7,-0.4,0.8,-0.6,0.6,0.8,2.4,1.6,1.6,0.8,98136.0,4.2,519.0,-0.4,-3.2,0.023,14485.0,0.3,4.0,0.7,0.4,0.004,2.06,-0.31,4.4,17.7,8.1,0.0038,23,12,-1,9,73.1,145,-70,75,0.8,0.00642,999999.99,99999.99,99999.99,0.17,0.1,0.08,-1,2017-05-17 02:00:00
2017,137,3,2507,51,52,59,36,3.6,3.5,-2.1,15.8,3.3,0.9,-0.1,0.9,0.2,0.3,0.8,0.3,0.5,0.5,93777.0,4.9,518.0,-1.2,-3.5,0.02,7171.0,0.4,2.0,0.3,0.2,0.001,2.37,-0.1,3.49,15.9,7.9,0.0047,17,12,-2,6,73.1,100,-39,61,0.4,0.00642,999999.99,99999.99,99999.99,0.19,0.1,0.07,-1,2017-05-17 03:00:00
2017,137,4,2507,51,52,61,37,4.2,3.0,42.0,346.0,2.2,-0.5,2.0,-1.0,1.8,0.8,2.9,1.8,1.7,1.5,91829.0,4.3,526.0,-0.1,-5.1,0.021,36281.0,0.9,9.0,0.7,1.2,0.004,2.15,-0.95,2.23,13.0,7.6,0.0071,17,12,0,6,73.1,112,-43,69,0.7,0.00642,999999.99,99999.99,99999.99,0.18,0.1,0.08,-1,2017-05-17 04:00:00
2017,137,5,2507,51,52,58,34,4.8,4.2,-16.1,216.3,-3.3,-2.4,-1.2,-2.1,-1.7,0.4,2.3,0.9,1.0,1.9,147214.0,2.6,517.0,2.4,-6.2,0.033,14790.0,0.3,9.0,0.8,1.0,0.002,1.31,0.88,1.29,8.7,6.0,0.0158,17,12,0,6,73.1,70,-19,51,0.1,0.00642,999999.99,99999.99,99999.99,0.18,0.09,0.07,-1,2017-05-17 05:00:00
2017,137,6,2507,51,52,61,37,5.1,4.8,-48.0,169.0,-3.2,0.6,-3.6,1.2,-3.5,0.5,1.4,0.9,0.9,0.7,151158.0,2.2,498.0,1.5,-5.4,0.034,12960.0,0.2,6.0,0.9,0.6,0.004,1.04,1.74,0.98,7.2,5.3,0.0227,20,12,-4,7,73.1,185,-76,109,0.9,0.00642,999999.99,99999.99,99999.99,0.17,0.1,0.07,-1,2017-05-17 06:00:00
2017,137,7,2507,51,52,58,35,4.7,3.9,-57.8,181.0,-2.1,0.0,-3.3,0.4,-3.3,0.9,2.7,2.0,1.3,1.3,157262.0,2.4,490.0,2.7,-5.1,0.036,33380.0,0.3,10.0,0.9,0.9,0.006,1.1,1.62,1.29,8.1,5.6,0.0182,20,12,-13,7,73.1,535,-401,134,3.0,0.00642,999999.99,99999.99,99999.99,0.18,0.1,0.07,-1,2017-05-17 07:00:00
2017,137,8,2507,51,52,61,36,4.6,4.0,-47.3,318.7,2.0,-1.8,-2.9,-1.5,-3.1,0.6,2.3,0.8,1.5,1.5,165732.0,3.3,498.0,2.5,-5.3,0.031,22623.0,0.4,5.0,0.9,1.0,0.003,1.54,1.54,1.91,9.8,6.0,0.0123,20,12,-17,7,73.1,716,-522,194,2.9,0.00642,999999.99,99999.99,99999.99,0.18,0.09,0.07,-1,2017-05-17 08:00:00
2017,137,9,2507,51,52,58,32,4.2,3.5,-22.7,352.0,3.2,-0.5,-1.4,-0.4,-1.4,0.6,2.4,1.4,1.1,1.6,128953.0,3.9,498.0,2.2,-4.3,0.03,12292.0,0.2,5.0,0.7,0.8,0.001,1.81,0.7,2.37,11.7,6.7,0.0087,20,12,-17,7,73.1,377,-257,120,2.2,0.00642,999999.99,99999.99,99999.99,0.18,0.11,0.08,-1,2017-05-17 09:00:00
2017,137,10,2507,51,52,60,37,4.2,3.5,-66.9,304.9,0.8,-1.1,-3.2,-0.9,-3.3,0.8,2.5,0.7,1.9,1.5,93535.0,4.4,483.0,2.0,-3.0,0.026,21063.0,0.3,3.0,0.6,1.1,0.005,1.89,1.59,2.3,12.1,7.0,0.0082,20,12,-9,7,73.1,522,-315,206,2.9,0.00642,999999.99,99999.99,99999.99,0.18,0.1,0.07,-1,2017-05-17 10:00:00
2017,137,11,2507,51,52,59,36,2.5,2.0,-44.0,239.7,-0.7,-1.3,-1.4,-1.2,-1.5,0.3,1.5,1.2,0.6,0.7,72081.0,5.6,480.0,1.7,-3.0,0.019,7383.0,0.3,3.0,0.3,0.3,0.002,2.32,0.72,7.47,22.7,8.3,0.0023,20,12,-4,7,73.1,556,-361,195,2.6,0.00642,999999.99,99999.99,99999.99,0.18,0.09,0.06,-1,2017-05-17 11:00:00
2017,137,12,2507,51,52,61,37,3.0,1.0,-29.1,333.5,0.8,-0.4,-0.5,-0.4,-0.5,0.4,2.9,1.2,2.4,1.0,65046.0,4.4,479.0,1.2,-2.7,0.017,8588.0,0.5,3.0,0.8,0.4,0.001,1.8,0.24,3.93,16.7,8.0,0.0042,13,12,-9,5,73.1,345,-215,130,1.1,0.00642,999999.99,99999.99,99999.99,0.17,0.09,0.07,-1,2017-05-17 12:00:00
2017,137,13,2507,51,52,50,27,3.1,3.1,-0.1,305.8,1.8,-2.5,0.0,-2.5,-0.2,0.2,0.6,0.6,0.2,0.2,56667.0,3.8,476.0,0.6,-2.8,0.015,5058.0,0.2,2.0,0.4,0.2,0.001,1.52,0.1,3.04,15.0,7.9,0.0053,13,12,-10,5,73.1,120,-53,67,0.9,0.00642,999999.99,99999.99,99999.99,0.19,0.11,0.08,-1,2017-05-17 13:00:00
2017,137,14,2507,51,71,20,15,2.1,1.2,-4.3,355.2,1.2,-0.1,-0.1,-0.1,-0.1,0.6,1.7,1.0,1.2,0.7,55572.0,4.6,471.0,1.8,-0.4,9.999,5336.0,0.4,2.0,0.3,0.4,9.999,1.95,0.05,7.61,23.5,8.6,0.0021,13,12,-9,5,73.1,77,-25,51,0.5,0.00642,999999.99,99999.99,99999.99,0.17,0.1,0.08,-1,2017-05-17 14:00:00
2017,137,15,2507,51,52,60,18,2.4,1.6,-6.1,14.8,1.5,0.4,-0.2,0.4,-0.1,0.2,1.8,0.5,0.9,1.4,67870.0,4.2,478.0,-1.2,-0.9,0.017,5000.0,0.3,3.0,0.2,0.3,0.002,1.71,0.05,5.95,20.4,8.2,0.0029,13,12,-7,5,73.1,57,-21,36,0.6,0.00642,999999.99,99999.99,99999.99,0.18,0.1,0.07,-1,2017-05-17 15:00:00
2017,137,16,2507,51,52,59,36,2.8,2.5,-39.3,357.1,2.0,-0.1,-1.6,0.2,-1.6,0.1,1.1,0.6,0.9,0.4,62772.0,4.4,477.0,-1.8,-0.3,0.017,2348.0,0.2,3.0,0.5,0.3,0.001,1.79,0.76,4.46,17.9,8.1,0.0037,13,12,-6,5,73.1,92,-57,35,0.5,0.00642,999999.99,99999.99,99999.99,0.17,0.1,0.06,-1,2017-05-17 16:00:00
2017,137,17,2507,51,52,58,33,2.7,2.6,-44.3,16.2,1.8,0.5,-1.8,1.0,-1.6,0.2,0.8,0.3,0.7,0.4,63203.0,4.6,469.0,-1.9,0.1,0.016,3894.0,0.2,3.0,0.3,0.2,0.001,1.8,0.75,5.03,18.6,8.1,0.0034,13,12,-7,5,73.1,204,-149,56,0.3,0.00642,999999.99,99999.99,99999.99,0.19,0.11,0.08,-1,2017-05-17 17:00:00
2017,137,18,2507,51,52,59,36,3.1,2.6,-63.9,57.1,0.6,0.9,-2.3,1.6,-1.9,0.2,1.7,1.3,0.8,0.6,65896.0,5.2,462.0,-1.8,0.1,0.016,3829.0,0.3,4.0,0.3,0.3,0.001,1.97,0.88,4.37,17.0,7.8,0.0041,17,12,-5,6,73.1,257,-195,62,0.4,0.00642,999999.99,99999.99,99999.99,0.2,0.1,0.07,-1,2017-05-17 18:00:00
2017,137,19,2507,51,52,61,37,3.2,2.7,-33.2,38.5,1.8,1.4,-1.5,1.8,-0.9,0.3,1.7,1.0,0.9,1.1,54264.0,6.1,458.0,-1.5,-0.3,0.015,8053.0,0.5,2.0,0.3,0.6,0.001,2.27,0.41,4.53,17.7,8.0,0.0038,17,12,-5,6,73.1,185,-131,53,0.8,0.00642,999999.99,99999.99,99999.99,0.19,0.1,0.07,-1,2017-05-17 19:00:00
2017,137,20,2507,51,52,59,36,4.0,3.9,-24.8,51.5,2.2,2.7,-1.6,3.1,-0.5,0.2,1.0,0.6,0.4,0.7,45142.0,7.5,459.0,-1.5,0.1,0.015,2098.0,0.5,2.0,0.2,0.3,0.001,2.8,0.23,3.38,15.7,7.9,0.0048,17,12,-4,6,73.1,119,-67,52,0.9,0.00642,999999.99,99999.99,99999.99,0.2,0.1,0.07,-1,2017-05-17 20:00:00
2017,137,21,2507,51,52,60,36,4.1,3.6,-19.5,15.0,3.3,0.9,-1.2,1.3,-0.8,0.2,2.0,0.4,1.3,1.4,45290.0,7.9,455.0,-1.3,0.4,0.016,5140.0,0.3,2.0,0.2,0.4,0.002,2.91,0.36,3.4,15.6,7.9,0.0049,20,12,-2,7,73.1,80,-39,41,0.6,0.00642,999999.99,99999.99,99999.99,0.2,0.1,0.07,-1,2017-05-17 21:00:00
2017,137,22,2507,51,52,60,37,4.4,3.1,-42.0,315.8,1.7,-1.6,-2.1,-0.6,-2.6,0.3,3.0,1.1,2.6,1.1,47462.0,8.4,456.0,-1.1,1.4,0.018,4307.0,1.1,2.0,0.4,0.4,0.002,3.13,1.19,3.17,15.0,7.8,0.0053,20,12,-3,7,73.1,208,-129,79,1.2,0.00642,999999.99,99999.99,99999.99,0.18,0.09,0.07,-1,2017-05-17 22:00:00
2017,137,23,2507,51,52,60,36,4.4,4.1,-53.8,34.4,2.0,1.4,-3.3,2.6,-2.5,0.2,1.6,0.9,1.1,0.7,42327.0,10.4,451.0,-1.4,1.3,0.014,3510.0,0.5,2.0,0.3,0.4,0.001,3.73,1.13,3.81,16.5,8.0,0.0044,20,12,-1,7,73.1,440,-296,143,2.4,0.00642,999999.99,99999.99,99999.99,0.18,0.11,0.07,-1,2017-05-17 23:00:00
2017,138,0,2507,51,52,59,35,4.9,4.6,-38.5,73.4,1.0,3.4,-2.9,4.2,-1.4,0.3,1.8,0.4,1.2,1.4,34871.0,10.0,449.0,-1.9,1.3,0.017,3735.0,0.9,2.0,0.6,0.4,0.002,3.6,0.63,2.83,14.5,7.8,0.0057,37,24,-4,22,73.9,355,-196,159,2.0,0.006522,999999.99,99999.99,99999.99,0.18,0.1,0.07,-1,2017-05-18 00:00:00
2017,138,1,2507,51,52,60,36,5.5,5.4,-31.8,82.0,0.6,4.6,-2.9,5.3,-1.1,0.4,1.1,0.3,0.8,0.8,26633.0,8.5,442.0,-1.9,1.8,0.018,3733.0,1.5,3.0,0.7,0.7,0.004,2.97,0.49,1.81,11.7,7.3,0.0087,37,24,-7,22,73.9,557,-410,147,2.7,0.006522,999999.99,99999.99,99999.99,0.19,0.11,0.08,-1,2017-05-18 01:00:00
2017,138,2,2507,51,52,58,34,6.0,5.8,-39.9,81.8,0.6,4.4,-3.7,5.4,-2.1,0.3,1.3,0.4,0.7,1.0,25859.0,7.6,437.0,-1.6,1.4,0.016,5663.0,1.6,4.0,1.2,0.7,0.003,2.58,0.92,1.35,10.0,6.8,0.0118,37,24,-5,22,73.9,262,-133,129,1.8,0.006522,999999.99,99999.99,99999.99,0.18,0.11,0.09,-1,2017-05-18 02:00:00
2017,138,3,2507,51,52,60,37,6.0,5.8,-79.7,315.4,0.7,-0.7,-5.7,0.9,-5.7,0.1,1.5,0.6,1.4,0.3,27714.0,9.0,435.0,3.3,0.7,0.022,4209.0,0.7,3.0,0.8,0.3,0.004,3.09,2.48,1.62,10.9,7.0,0.0101,30,24,-9,15,73.9,511,-288,223,2.2,0.006522,999999.99,99999.99,99999.99,0.18,0.1,0.08,-1,2017-05-18 03:00:00
2017,138,4,2507,51,52,59,36,6.3,5.0,-74.0,210.4,-1.2,-0.7,-4.8,0.5,-4.8,0.4,3.7,1.4,3.2,1.3,37384.0,8.0,437.0,3.1,-0.1,0.02,9420.0,0.8,4.0,0.8,1.2,0.003,2.76,2.1,1.39,9.8,6.6,0.0124,30,24,-26,15,73.9,770,-557,213,3.5,0.006522,999999.99,99999.99,99999.99,0.17,0.1,0.07,-1,2017-05-18 04:00:00
2017,138,5,2507,51,52,61,37,7.3,6.8,-29.0,124.6,-3.4,4.9,-3.3,5.5,-2.3,0.3,2.6,0.9,1.7,1.8,41538.0,5.8,427.0,3.5,1.3,0.015,13679.0,1.1,4.0,1.3,0.9,0.003,1.87,0.98,0.77,7.0,5.5,0.024,30,24,-35,15,73.9,626,-394,232,4.0,0.006522,999999.99,99999.99,99999.99,0.18,0.09,0.07,-1,2017-05-18 05:00:00
2017,138,6,2507,51,52,58,32,8.4,7.9,-26.7,138.2,-5.3,4.7,-3.6,5.2,-2.8,0.3,2.8,1.1,1.7,1.9,33664.0,6.1,427.0,2.3,1.8,0.02,5428.0,0.6,5.0,0.7,0.6,0.003,2.01,1.2,0.58,6.3,5.1,0.0302,30,24,-31,15,73.9,414,-204,210,3.1,0.006522,999999.99,99999.99,99999.99,0.19,0.1,0.07,-1,2017-05-18 06:00:00
2017,138,7,2507,51,52,60,36,9.0,9.0,3.5,115.7,-3.9,8.1,0.6,8.0,1.5,0.2,1.0,0.4,0.3,0.8,31223.0,5.3,419.0,1.4,1.2,0.021,3960.0,0.6,2.0,0.6,0.8,0.003,1.68,-0.63,0.43,5.4,4.6,0.0414,30,24,-24,15,73.9,328,-188,140,2.8,0.006522,999999.99,99999.99,99999.99,0.19,0.11,0.09,-1,2017-05-18 07:00:00
2017,138,8,2507,51,52,59,36,9.4,9.3,-0.6,121.2,-4.8,8.0,-0.1,8.0,0.6,0.1,0.9,0.4,0.3,0.8,24642.0,4.4,414.0,0.5,0.6,0.019,1885.0,0.3,3.0,0.4,0.9,0.001,1.36,-0.25,0.32,4.6,4.1,0.0557,30,24,-18,15,73.9,67,-15,52,2.3,0.006522,999999.99,99999.99,99999.99,0.18,0.09,0.07,-1,2017-05-18 08:00:00
2017,138,9,2507,51,52,60,37,9.4,9.3,5.2,126.1,-5.4,7.5,0.8,7.4,1.3,0.1,1.1,0.5,0.5,0.8,29684.0,4.8,407.0,0.8,-0.2,0.02,5499.0,0.4,4.0,0.4,1.0,0.002,1.43,-0.53,0.36,4.7,4.1,0.0529,13,24,-17,5,73.9,97,-54,44,2.0,0.006522,999999.99,99999.99,99999.99,0.17,0.1,0.08,-1,2017-05-18 09:00:00
2017,138,10,2507,51,52,59,35,9.1,8.9,16.2,130.6,-5.6,6.5,2.5,6.4,2.8,0.1,1.5,0.6,0.5,1.3,36688.0,5.3,407.0,1.5,-1.3,0.021,5820.0,0.6,6.0,0.8,1.7,0.002,1.59,-1.14,0.44,5.1,4.4,0.0449,13,24,-12,5,73.9,116,-74,43,1.9,0.006522,999999.99,99999.99,99999.99,0.17,0.09,0.06,-1,2017-05-18 10:00:00
2017,138,11,2507,51,52,60,36,9.0,8.8,16.2,135.5,-6.0,5.9,2.5,5.8,2.8,0.2,1.8,0.4,0.8,1.6,36772.0,4.9,402.0,1.5,-1.6,0.024,4731.0,0.7,2.0,0.4,0.9,0.002,1.45,-1.13,0.42,4.9,4.2,0.0487,13,24,-9,5,73.9,50,-9,41,1.7,0.006522,999999.99,99999.99,99999.99,0.18,0.1,0.07,-1,2017-05-18 11:00:00
2017,138,12,2507,51,52,59,36,8.7,8.6,18.4,145.6,-6.7,4.6,2.7,4.4,3.0,0.1,1.5,0.7,0.5,1.2,36871.0,5.4,399.0,1.6,-1.3,0.022,2544.0,0.3,3.0,0.3,0.8,0.001,1.56,-1.2,0.49,5.3,4.5,0.0419,3,24,-9,2,73.9,52,-10,41,0.7,0.006522,999999.99,99999.99,99999.99,0.16,0.1,0.07,-1,2017-05-18 12:00:00
2017,138,13,2507,51,52,60,37,8.4,8.3,32.8,147.7,-5.9,3.7,4.5,3.3,4.8,0.1,0.7,0.3,0.4,0.5,39034.0,6.3,399.0,1.6,-1.5,0.015,2644.0,0.3,2.0,0.4,0.4,0.002,1.78,-1.92,0.62,6.0,4.8,0.0335,3,24,-8,2,73.9,43,-7,36,-0.6,0.006522,999999.99,99999.99,99999.99,0.2,0.11,0.08,-1,2017-05-18 13:00:00
2017,138,14,2507,51,52,60,36,8.3,7.5,31.6,153.0,-5.7,2.9,4.0,2.4,4.3,0.3,3.4,0.9,3.2,0.5,42761.0,6.6,399.0,0.6,-0.6,0.017,8851.0,1.2,4.0,1.2,0.4,0.003,1.87,-1.72,0.68,6.2,4.9,0.0312,3,24,-6,2,73.9,36,-2,34,-1.7,0.006522,999999.99,99999.99,99999.99,0.19,0.09,0.07,-1,2017-05-18 14:00:00
2017,138,15,2507,51,52,58,35,7.5,7.2,32.5,206.7,-5.4,-2.7,3.8,-3.3,3.3,0.2,2.0,1.2,1.5,0.7,52425.0,8.9,398.0,0.6,-0.8,0.015,14695.0,1.6,15.0,2.1,0.8,0.002,2.5,-1.31,1.19,7.9,5.6,0.019,10,24,0,4,73.9,42,-17,25,0.3,0.006522,999999.99,99999.99,99999.99,0.16,0.09,0.07,-1,2017-05-18 15:00:00
2017,138,16,2507,51,52,60,37,8.0,7.7,30.8,202.7,-6.1,-2.6,4.0,-3.4,3.4,0.3,1.8,0.5,1.7,0.6,41625.0,8.6,383.0,-0.8,-1.4,0.016,9123.0,1.1,6.0,1.3,0.7,0.002,2.24,-1.3,0.95,7.0,5.2,0.0241,10,24,1,4,73.9,39,-16,23,1.5,0.006522,999999.99,99999.99,99999.99,0.25,0.12,0.08,-1,2017-05-18 16:00:00
2017,138,17,2507,51,52,59,35,8.4,8.0,23.9,187.2,-7.3,-0.9,3.3,-1.7,3.0,0.3,2.4,0.4,2.2,0.8,40715.0,8.7,381.0,0.4,-1.5,0.022,8347.0,1.2,7.0,0.5,0.9,0.002,2.29,-1.14,0.87,6.7,5.1,0.0266,10,24,1,4,73.9,43,-11,33,1.4,0.006522,999999.99,99999.99,99999.99,0.19,0.11,0.07,-1,2017-05-18 17:00:00
2017,138,18,2507,51,52,60,37,8.9,8.8,30.1,207.2,-6.8,-3.5,4.4,-4.7,3.1,0.3,1.2,0.3,1.0,0.6,27523.0,7.6,371.0,0.5,-2.9,0.021,2759.0,0.7,3.0,0.4,0.6,0.001,1.89,-1.15,0.62,5.7,4.6,0.036,13,24,-1,5,73.9,49,-9,41,1.9,0.006522,999999.99,99999.99,99999.99,0.19,0.1,0.07,-1,2017-05-18 18:00:00
2017,138,19,2507,51,52,60,36,8.3,7.8,34.6,193.8,-6.2,-1.5,4.4,-2.9,3.6,0.4,3.0,0.3,2.7,1.3,25997.0,7.9,372.0,-0.2,-2.8,0.015,5261.0,0.7,5.0,0.8,0.7,0.003,1.94,-1.34,0.74,6.3,4.9,0.03,13,24,-3,5,73.9,66,-23,43,1.8,0.006522,999999.99,99999.99,99999.99,0.19,0.11,0.08,-1,2017-05-18 19:00:00
2017,138,20,2507,51,52,61,36,8.1,8.0,45.5,166.6,-5.5,1.3,5.7,-0.9,5.8,0.1,1.2,0.4,1.0,0.3,21412.0,7.8,374.0,-2.5,-3.6,0.015,2140.0,0.4,3.0,1.4,0.4,0.001,1.93,-2.17,0.74,6.4,5.0,0.0286,13,24,-4,5,73.9,35,-12,22,0.0,0.006522,999999.99,99999.99,99999.99,0.19,0.1,0.07,-1,2017-05-18 20:00:00
2017,138,21,2507,51,52,59,36,6.3,5.9,34.5,182.9,-4.9,-0.2,3.3,-1.5,3.0,1.1,2.5,0.7,1.6,1.8,65402.0,9.5,382.0,-2.3,-1.5,0.023,25095.0,1.3,5.0,1.3,1.6,0.004,2.53,-1.15,1.93,9.3,5.7,0.0136,17,24,-2,6,73.9,35,-11,25,-0.8,0.006522,999999.99,99999.99,99999.99,0.18,0.1,0.08,-1,2017-05-18 21:00:00
2017,138,22,2507,51,52,62,38,6.4,6.2,34.4,163.0,-4.9,1.5,3.5,0.0,3.8,0.8,1.7,1.0,1.1,0.7,81061.0,8.7,386.0,-2.7,-0.9,0.024,11564.0,1.3,6.0,0.6,0.7,0.003,2.37,-1.47,1.85,8.9,5.5,0.015,17,24,-1,6,73.9,35,-16,19,-0.5,0.006522,999999.99,99999.99,99999.99,0.19,0.1,0.07,-1,2017-05-18 22:00:00
2017,138,23,2507,51,52,62,37,6.1,5.8,41.1,149.9,-3.8,2.2,3.8,0.6,4.4,0.6,1.7,0.8,1.2,0.9,99908.0,8.5,395.0,-2.8,-0.1,0.026,8265.0,1.1,5.0,0.4,0.8,0.002,2.45,-1.74,2.17,9.4,5.6,0.0133,17,24,0,6,73.9,37,-19,18,-0.3,0.006522,999999.99,99999.99,99999.99,0.19,0.11,0.07,-1,2017-05-18 23:00:00
2017,139,0,2507,51,52,57,33,6.3,5.9,31.8,203.8,-4.6,-2.0,3.1,-3.0,2.1,0.8,2.2,0.4,1.7,1.4,115648.0,7.9,395.0,-1.3,-0.5,0.027,18634.0,0.8,5.0,1.0,0.8,0.002,2.28,-0.83,2.02,8.8,5.3,0.0153,23,25,-1,9,74.0,38,-20,18,-0.1,0.00655,999999.99,99999.99,99999.99,99999.99,99999.99,99999.99,0,2017-05-19 00:00:00
2017,139,1,2507,51,52,63,39,6.7,6.4,-13.8,95.2,-0.6,6.2,-1.5,6.3,0.8,1.2,2.1,1.4,1.4,0.8,126657.0,6.8,390.0,-0.4,-2.0,0.027,22898.0,0.9,9.0,0.9,1.1,0.002,1.91,-0.31,1.61,7.6,4.9,0.0206,23,25,-4,9,74.0,63,-24,39,0.4,0.00655,999999.99,99999.99,99999.99,0.19,0.1,0.07,-1,2017-05-19 01:00:00
2017,139,2,2507,51,52,63,38,9.2,8.7,7.9,115.2,-3.7,7.8,1.2,7.0,3.6,0.4,2.9,1.7,1.6,1.8,74518.0,8.0,421.0,-0.2,-1.0,0.015,14716.0,2.4,7.0,0.8,1.0,0.004,2.51,-1.52,0.8,6.5,5.0,0.0284,23,25,0,9,74.0,129,-64,65,0.7,0.00655,999999.99,99999.99,99999.99,0.18,0.09,0.06,-1,2017-05-19 02:00:00
2017,139,3,2507,51,52,63,38,9.6,7.9,8.2,125.0,-4.5,6.4,1.1,5.8,2.8,1.0,5.4,3.4,2.1,3.7,53199.0,15.1,436.0,-2.5,-1.7,0.012,22535.0,2.6,10.0,0.8,0.7,0.004,5.02,-1.22,1.24,8.8,6.1,0.0153,27,25,14,12,74.0,115,-44,71,1.1,0.00655,999999.99,99999.99,99999.99,0.19,0.11,0.08,-1,2017-05-19 03:00:00
2017,139,4,2507,51,52,60,34,10.1,9.5,9.9,147.8,-7.9,5.0,1.6,4.5,2.7,1.0,3.5,1.1,2.3,2.3,63370.0,17.1,452.0,-2.4,0.2,0.013,9528.0,3.0,9.0,0.6,0.6,0.003,6.14,-1.22,1.34,9.3,6.3,0.0139,27,25,14,12,74.0,90,-22,69,1.7,0.00655,999999.99,99999.99,99999.99,0.21,0.12,0.08,-1,2017-05-19 04:00:00
2017,139,5,2507,51,52,58,36,6.9,6.0,22.7,208.3,-4.9,-2.6,2.3,-3.0,1.8,2.0,3.9,2.7,2.2,1.8,53583.0,20.3,447.0,-2.7,-0.4,0.019,6740.0,4.4,4.0,0.4,0.6,0.004,7.29,-0.8,3.23,14.6,7.5,0.0056,27,25,19,12,74.0,78,-11,67,0.6,0.00655,999999.99,99999.99,99999.99,0.18,0.11,0.08,-1,2017-05-19 05:00:00
2017,139,6,2507,51,52,61,37,6.7,6.3,31.9,181.8,-5.4,-0.2,3.3,-0.7,3.2,1.5,2.6,1.6,1.5,1.2,54828.0,17.4,445.0,-3.2,0.2,0.015,10566.0,2.3,6.0,0.4,0.8,0.003,6.1,-1.42,2.95,13.9,7.4,0.0062,20,25,20,7,74.0,87,-27,60,0.2,0.00655,999999.99,99999.99,99999.99,0.18,0.1,0.07,-1,2017-05-19 06:00:00
2017,139,7,2507,51,52,58,35,5.6,5.1,-25.8,327.1,3.9,-2.5,-2.2,-2.2,-2.5,1.7,2.8,2.1,1.4,1.3,76215.0,12.3,438.0,-4.6,-0.6,0.022,13408.0,4.9,9.0,0.8,0.9,0.005,4.29,1.09,3.34,13.7,7.0,0.0063,20,25,15,7,74.0,117,-20,98,0.4,0.00655,999999.99,99999.99,99999.99,0.19,0.09,0.07,-1,2017-05-19 07:00:00
2017,139,8,2507,51,52,60,34,4.8,3.1,8.2,304.7,1.8,-2.5,0.4,-2.5,0.2,0.3,3.6,2.9,0.9,1.9,104914.0,8.5,435.0,-5.4,-0.2,0.035,8875.0,0.7,6.0,0.4,0.5,0.004,3.06,-0.09,3.58,13.2,6.5,0.0068,20,25,3,7,74.0,134,-58,76,0.2,0.00655,999999.99,99999.99,99999.99,0.16,0.09,0.07,-1,2017-05-19 08:00:00
2017,139,9,2507,51,52,59,35,5.6,5.4,40.3,243.8,-1.8,-3.7,3.5,-3.9,3.3,0.8,1.4,0.7,0.9,0.7,96568.0,7.1,424.0,-5.1,-1.7,0.039,11618.0,1.7,9.0,0.8,1.5,0.011,2.46,-1.4,2.12,10.1,6.0,0.0117,10,25,1,4,74.0,160,-107,53,-0.4,0.00655,999999.99,99999.99,99999.99,0.18,0.1,0.07,-1,2017-05-19 09:00:00
2017,139,10,2507,51,52,61,38,6.5,6.5,20.6,264.9,-0.5,-6.0,2.3,-6.1,2.0,0.3,1.0,0.9,0.3,0.4,112046.0,5.0,423.0,-1.9,-1.6,0.048,11657.0,0.5,8.0,0.4,0.8,0.006,1.78,-0.85,1.18,7.3,5.1,0.0225,10,25,3,4,74.0,62,-30,31,-0.4,0.00655,999999.99,99999.99,99999.99,0.17,0.1,0.07,-1,2017-05-19 10:00:00
2017,139,11,2507,51,52,60,36,7.6,7.4,9.6,280.1,1.3,-7.2,1.2,-7.2,0.9,0.7,1.7,0.6,0.8,1.4,87215.0,5.5,433.0,-2.6,-1.3,0.032,16676.0,0.5,3.0,0.6,0.6,0.006,1.94,-0.39,0.85,6.7,5.1,0.0266,10,25,6,4,74.0,77,-36,41,0.3,0.00655,999999.99,99999.99,99999.99,0.18,0.09,0.06,-1,2017-05-19 11:00:00
2017,139,12,2507,51,52,64,38,7.3,6.6,-14.7,306.2,3.7,-5.1,-1.7,-5.0,-2.0,0.5,3.2,1.3,1.9,2.2,82633.0,7.6,436.0,-3.7,-0.6,0.035,32934.0,2.7,14.0,1.3,1.6,0.026,2.75,0.87,1.25,8.2,5.7,0.0175,23,25,6,9,74.0,136,-60,77,1.4,0.00655,999999.99,99999.99,99999.99,0.18,0.1,0.08,-1,2017-05-19 12:00:00
2017,139,13,2507,51,52,60,36,7.2,6.0,-16.5,328.8,4.9,-3.0,-1.7,-2.9,-1.9,0.5,3.8,1.4,2.4,2.5,143062.0,5.7,459.0,-2.8,0.6,0.079,15880.0,0.5,8.0,1.2,1.4,0.006,2.64,0.87,1.24,7.6,5.3,0.0205,23,25,2,9,74.0,326,-230,96,2.2,0.00655,999999.99,99999.99,99999.99,0.17,0.08,0.06,-1,2017-05-19 13:00:00
2017,139,14,2507,51,52,59,37,7.6,7.5,-42.3,2.0,5.5,0.2,-5.0,0.8,-4.9,0.2,1.3,0.4,1.1,0.5,135062.0,6.0,457.0,-5.0,1.8,0.064,7731.0,0.2,4.0,0.6,0.6,0.006,2.63,2.24,1.14,7.4,5.2,0.0219,23,25,-3,9,74.0,419,-290,129,2.4,0.00655,999999.99,99999.99,99999.99,0.2,0.11,0.08,-1,2017-05-19 14:00:00
2017,139,15,2507,51,52,60,36,8.0,7.8,-41.3,358.1,5.8,-0.2,-5.1,0.6,-5.1,0.2,1.6,0.7,1.3,0.7,123157.0,6.6,459.0,-5.3,1.1,0.045,12012.0,0.3,4.0,0.9,0.5,0.003,2.74,2.34,1.08,7.4,5.3,0.0219,37,25,-11,22,74.0,748,-524,225,2.6,0.00655,999999.99,99999.99,99999.99,0.18,0.09,0.07,-1,2017-05-19 15:00:00
2017,139,16,2507,51,52,59,36,7.9,7.7,-51.2,17.6,4.6,1.5,-6.0,2.7,-5.6,0.4,1.8,0.8,1.6,0.5,119468.0,6.7,453.0,-5.1,1.0,0.043,6818.0,0.4,6.0,0.9,0.5,0.008,2.69,2.54,1.11,7.4,5.3,0.0216,37,25,-14,22,74.0,732,-430,302,2.9,0.00655,999999.99,99999.99,99999.99,0.19,0.1,0.07,-1,2017-05-19 16:00:00
2017,139,17,2507,51,52,61,36,7.7,7.5,-54.8,6.6,4.3,0.5,-6.1,2.0,-5.8,0.3,2.0,1.3,0.9,1.3,121740.0,7.0,445.0,-5.3,0.6,0.047,9020.0,0.6,7.0,0.6,1.3,0.005,2.75,2.58,1.23,7.6,5.3,0.0203,37,25,-18,22,74.0,551,-394,158,2.2,0.00655,999999.99,99999.99,99999.99,0.18,0.1,0.08,-1,2017-05-19 17:00:00
2017,139,18,2507,51,52,58,36,7.9,7.7,-41.2,359.1,5.8,-0.1,-5.1,1.4,-4.9,0.4,1.7,1.4,0.7,0.8,124314.0,8.0,445.0,-5.1,1.1,0.048,7582.0,0.5,4.0,0.4,0.4,0.004,3.15,2.18,1.35,8.0,5.4,0.0187,37,25,-22,22,74.0,639,-374,265,2.5,0.00655,999999.99,99999.99,99999.99,0.2,0.12,0.09,-1,2017-05-19 18:00:00
2017,139,19,2507,51,52,60,34,8.3,7.2,-34.2,11.5,5.8,1.2,-4.0,2.5,-3.4,0.7,4.1,1.2,3.0,2.5,138355.0,9.3,441.0,-3.8,-1.3,0.048,24697.0,0.9,5.0,1.8,1.6,0.008,3.6,1.5,1.5,8.1,5.3,0.0181,37,25,-26,22,74.0,661,-392,269,3.6,0.00655,999999.99,99999.99,99999.99,0.2,0.11,0.08,-1,2017-05-19 19:00:00
2017,139,20,2507,51,52,64,39,9.9,9.3,0.6,317.7,6.9,-6.3,0.1,-5.9,-2.2,0.7,3.2,1.1,1.4,2.7,161433.0,7.5,480.0,-1.0,-1.9,0.046,20613.0,1.5,20.0,1.6,0.8,0.008,3.42,1.06,0.92,6.6,5.0,0.027,37,25,-26,22,74.0,552,-386,165,2.8,0.00655,999999.99,99999.99,99999.99,0.21,0.1,0.08,-1,2017-05-19 20:00:00
2017,139,21,2507,51,52,68,41,9.7,9.4,23.3,314.2,6.0,-6.2,3.7,-7.1,1.0,1.8,3.1,1.5,1.7,2.1,206963.0,4.6,547.0,2.3,-2.3,0.053,60598.0,1.1,35.0,1.5,1.2,0.013,2.79,-0.55,0.68,6.0,4.8,0.0325,30,25,-25,15,74.0,245,-128,117,2.0,0.00655,999999.99,99999.99,99999.99,0.19,0.11,0.08,-1,2017-05-19 21:00:00
2017,139,22,2507,51,52,62,39,7.2,6.8,17.4,329.9,5.6,-3.3,2.0,-3.8,0.6,0.5,2.2,1.0,1.0,1.7,190619.0,3.5,588.0,0.7,-0.0,0.056,31148.0,1.1,11.0,1.5,2.1,0.009,2.47,-0.35,0.9,7.6,5.7,0.0204,30,25,-20,15,74.0,163,-48,115,0.9,0.00655,999999.99,99999.99,99999.99,0.17,0.09,0.07,-1,2017-05-19 22:00:00
2017,139,23,2507,51,52,60,33,6.7,6.0,9.4,312.0,4.0,-4.4,1.0,-4.4,-0.8,0.2,2.9,1.3,0.8,2.4,240495.0,3.7,617.0,2.4,2.0,0.068,22009.0,0.4,5.0,0.8,1.3,0.008,2.99,0.49,1.26,8.9,6.1,0.0152,30,25,-14,15,74.0,270,-105,165,1.9,0.00655,999999.99,99999.99,99999.99,0.16,0.1,0.07,-1,2017-05-19 23:00:00
2017,140,0,2507,51,52,58,34,7.7,6.9,23.0,290.5,2.2,-6.0,2.7,-6.6,0.3,0.3,3.0,1.6,1.3,2.2,285885.0,4.4,620.0,2.4,2.3,0.061,30021.0,0.4,14.0,0.8,1.6,0.009,3.51,-0.19,1.28,8.4,5.8,0.0167,37,30,-8,22,74.2,421,-247,174,3.7,0.00644,999999.99,99999.99,99999.99,0.2,0.09,0.07,-1,2017-05-20 00:00:00
2017,140,1,2507,51,52,61,38,9.2,8.3,-18.7,341.7,7.5,-2.5,-2.7,-1.4,-3.4,0.3,3.7,1.0,3.1,1.7,256493.0,4.4,583.0,4.2,-0.9,0.083,20584.0,0.3,11.0,1.4,1.1,0.013,3.33,1.98,0.83,6.6,5.1,0.0269,37,30,-18,22,74.2,633,-429,204,4.3,0.00644,999999.99,99999.99,99999.99,0.18,0.1,0.07,-1,2017-05-20 01:00:00
2017,140,2,2507,51,52,60,36,7.4,6.5,-4.3,333.9,5.8,-2.9,-0.5,-2.6,-1.4,0.8,3.4,0.6,2.5,2.2,308299.0,4.2,623.0,3.7,1.8,0.093,32062.0,0.4,9.0,1.5,1.3,0.016,3.74,0.87,1.39,8.6,5.8,0.016,37,30,-32,22,74.2,623,-429,194,3.5,0.00644,999999.99,99999.99,99999.99,0.18,0.1,0.07,-1,2017-05-20 02:00:00
2017,140,3,2507,51,52,60,35,9.6,9.3,-0.5,322.7,7.4,-5.6,-0.1,-5.4,-1.6,0.3,2.4,0.9,1.1,1.9,280204.0,4.7,597.0,2.7,3.4,0.09,23007.0,0.3,7.0,1.4,1.8,0.014,3.8,0.96,0.87,6.7,5.1,0.0262,37,30,-27,22,74.2,686,-414,271,3.3,0.00644,999999.99,99999.99,99999.99,0.19,0.09,0.07,-1,2017-05-20 03:00:00
2017,140,4,2507,51,52,59,36,10.7,10.3,-3.2,321.6,8.1,-6.4,-0.6,-6.1,-2.0,0.4,2.5,1.3,1.7,1.3,306474.0,5.4,585.0,3.3,4.4,0.096,44307.0,0.5,10.0,1.6,0.8,0.016,4.27,1.17,0.85,6.4,4.8,0.0295,37,30,-18,22,74.2,556,-363,193,2.4,0.00644,999999.99,99999.99,99999.99,0.17,0.09,0.07,-1,2017-05-20 04:00:00
2017,140,5,2507,51,52,60,37,12.3,11.9,-11.7,310.5,7.6,-8.9,-2.4,-8.3,-4.0,0.4,2.6,1.0,0.6,2.3,323325.0,5.8,592.0,1.0,3.4,0.076,31124.0,0.6,7.0,0.7,1.2,0.017,4.43,2.37,0.72,5.8,4.5,0.0354,37,30,-17,22,74.2,646,-348,298,2.4,0.00644,999999.99,99999.99,99999.99,0.17,0.09,0.07,-1,2017-05-20 05:00:00
2017,140,6,2507,51,52,59,36,12.4,11.9,-7.9,317.3,8.6,-8.0,-1.6,-7.7,-2.7,0.7,3.5,0.9,2.0,2.7,413868.0,6.1,587.0,2.5,5.6,0.081,68652.0,0.4,6.0,2.0,1.6,0.008,4.65,1.58,0.89,5.8,4.4,0.0348,40,30,-23,27,74.2,620,-373,247,4.3,0.00644,999999.99,99999.99,99999.99,0.17,0.09,0.07,-1,2017-05-20 06:00:00
2017,140,7,2507,51,52,60,34,10.2,8.8,-27.9,314.1,5.4,-5.6,-4.1,-5.1,-4.7,1.3,4.8,2.4,2.3,3.5,548195.0,6.3,585.0,4.0,2.1,0.11,100515.0,1.3,23.0,2.4,2.1,0.013,5.18,2.75,1.7,7.2,4.6,0.023,40,30,-36,27,74.2,761,-483,277,5.6,0.00644,999999.99,99999.99,99999.99,0.18,0.1,0.07,-1,2017-05-20 07:00:00
2017,140,8,2507,51,52,63,37,11.0,7.7,-2.7,312.4,5.2,-5.7,-0.4,-5.7,-0.8,1.5,7.4,2.9,3.0,6.2,623869.0,6.9,594.0,4.3,5.2,0.097,116018.0,0.9,19.0,0.9,2.3,0.025,5.64,0.48,1.78,7.1,4.4,0.0236,40,30,-44,27,74.2,511,-249,262,4.6,0.00644,999999.99,99999.99,99999.99,0.18,0.09,0.07,-1,2017-05-20 08:00:00
2017,140,9,2507,51,52,65,39,9.0,5.1,-2.0,313.9,3.5,-3.7,-0.2,-3.7,-0.4,3.4,7.8,3.2,5.7,4.2,417794.0,5.2,655.0,3.1,2.6,0.077,189706.0,2.0,60.0,3.2,3.4,0.028,4.87,0.26,1.46,8.3,5.5,0.0173,37,30,-31,22,74.2,692,-438,254,4.3,0.00644,999999.99,99999.99,99999.99,0.16,0.09,0.07,-1,2017-05-20 09:00:00
2017,140,10,2507,51,52,60,37,5.6,3.2,8.5,332.0,2.8,-1.5,0.5,-1.5,0.4,0.4,4.5,1.1,4.2,1.0,231112.0,2.9,733.0,1.7,0.2,0.053,23477.0,0.2,12.0,2.9,0.9,0.005,3.15,-0.29,1.38,11.1,7.5,0.0096,37,30,-30,22,74.2,588,-317,272,2.1,0.00644,999999.99,99999.99,99999.99,0.2,0.1,0.07,-1,2017-05-20 10:00:00
2017,140,11,2507,51,52,54,33,5.5,4.5,18.3,318.4,3.2,-2.8,1.4,-2.8,1.3,0.4,2.9,1.4,1.5,2.1,231710.0,2.5,727.0,0.6,1.1,0.059,22178.0,0.2,17.0,1.4,2.1,0.005,2.73,-0.95,1.24,10.4,7.3,0.0109,37,30,-30,22,74.2,356,-208,149,1.4,0.00644,999999.99,99999.99,99999.99,0.17,0.09,0.06,-1,2017-05-20 11:00:00
2017,140,12,2507,51,52,60,36,5.8,5.0,-17.2,321.4,3.7,-3.0,-1.5,-2.9,-1.6,0.2,2.8,1.6,1.6,1.7,217274.0,2.6,717.0,0.3,-1.5,0.047,29160.0,0.3,17.0,1.3,1.7,0.004,2.65,1.15,1.11,10.0,7.1,0.012,37,30,-31,22,74.2,426,-315,111,3.0,0.00644,999999.99,99999.99,99999.99,0.17,0.09,0.06,-1,2017-05-20 12:00:00
2017,140,13,2507,51,52,60,37,5.5,3.9,-48.4,345.4,2.5,-0.6,-2.9,-0.4,-2.9,0.3,3.6,1.5,3.1,1.1,218305.0,2.7,726.0,2.1,-2.3,0.046,16465.0,0.2,18.0,2.8,1.1,0.003,2.81,2.11,1.29,10.8,7.5,0.0101,37,30,-40,22,74.2,704,-511,193,2.2,0.00644,999999.99,99999.99,99999.99,0.17,0.11,0.08,-1,2017-05-20 13:00:00
2017,140,14,2507,51,52,13,7,4.6,2.6,-11.1,356.5,2.6,-0.2,-0.5,-0.1,-0.5,0.3,3.6,1.7,1.9,2.5,239584.0,2.5,719.0,3.1,-0.3,0.053,50479.0,0.3,21.0,1.2,2.3,0.006,2.62,0.36,1.81,12.4,7.7,0.0078,37,30,-40,22,74.2,557,-378,179,1.5,0.00644,999999.99,99999.99,99999.99,0.18,0.09,0.07,-1,2017-05-20 14:00:00
2017,140,15,2507,71,71,15,15,5.0,3.7,-39.4,319.9,2.2,-1.8,-2.3,-1.4,-2.5,0.3,3.2,1.8,1.7,1.9,225510.0,2.5,706.0,1.8,1.4,9.999,15220.0,0.4,21.0,1.7,0.6,9.999,2.29,1.76,1.35,10.7,7.4,0.0095,43,30,-30,32,74.2,521,-289,232,2.7,0.00644,999999.99,99999.99,99999.99,0.17,0.08,0.06,-1,2017-05-20 15:00:00
2017,140,16,2507,71,71,15,15,5.4,3.4,-17.9,318.7,2.4,-2.1,-1.0,-1.9,-1.4,0.2,3.9,2.5,2.4,1.8,211569.0,2.8,699.0,2.1,1.8,9.999,13443.0,0.3,22.0,2.2,0.8,9.999,2.54,0.98,1.26,10.4,7.3,0.0101,43,30,-27,32,74.2,836,-582,254,3.1,0.00644,999999.99,99999.99,99999.99,0.16,0.09,0.07,-1,2017-05-20 16:00:00
2017,140,17,2507,71,71,14,14,5.4,4.4,-1.5,292.8,1.7,-4.0,-0.1,-3.9,-1.1,0.2,2.6,1.2,1.4,1.8,221793.0,2.8,697.0,0.5,2.6,9.999,10630.0,0.2,14.0,1.3,1.0,9.999,2.53,0.77,1.29,10.4,7.3,0.0102,43,30,-29,32,74.2,518,-394,125,3.7,0.00644,999999.99,99999.99,99999.99,0.19,0.1,0.08,-1,2017-05-20 17:00:00
2017,140,18,2507,71,71,16,16,4.9,3.6,11.3,5.3,3.5,0.3,0.7,0.1,0.8,0.1,2.6,0.8,1.7,1.8,248328.0,2.6,677.0,4.6,2.5,9.999,17707.0,0.2,9.0,1.7,1.2,9.999,2.11,-0.54,1.52,10.5,7.1,0.0096,33,30,-32,18,74.2,348,-218,130,1.8,0.00644,999999.99,99999.99,99999.99,0.19,0.09,0.07,-1,2017-05-20 18:00:00
2017,140,19,2507,71,71,15,15,4.9,3.7,2.0,5.7,3.7,0.4,0.1,0.3,0.2,0.1,2.7,0.7,2.3,1.1,224013.0,2.6,672.0,4.5,1.9,9.999,12088.0,0.2,6.0,2.5,0.6,9.999,2.08,-0.13,1.41,10.4,7.2,0.0097,33,30,-29,18,74.2,260,-151,109,1.6,0.00644,999999.99,99999.99,99999.99,0.18,0.1,0.08,-1,2017-05-20 19:00:00
2017,140,20,2507,71,71,14,14,5.1,4.4,27.6,301.4,2.0,-3.3,2.0,-3.8,0.7,0.1,1.9,1.0,0.7,1.5,216887.0,2.5,685.0,0.8,3.5,9.999,13928.0,0.1,14.0,0.6,1.0,9.999,2.06,-0.48,1.22,10.0,7.2,0.0105,33,30,-32,18,74.2,258,-173,85,2.2,0.00644,999999.99,99999.99,99999.99,0.2,0.1,0.07,-1,2017-05-20 20:00:00
2017,140,21,2507,71,71,15,15,4.8,4.1,-5.7,354.4,4.0,-0.4,-0.4,-0.2,-0.5,0.1,1.6,0.4,1.3,0.9,237420.0,2.3,659.0,3.7,1.5,9.999,15780.0,0.1,5.0,1.6,0.7,9.999,1.82,0.33,1.38,9.9,6.8,0.011,27,30,-31,12,74.2,180,-99,81,1.7,0.00644,999999.99,99999.99,99999.99,0.18,0.1,0.08,-1,2017-05-20 21:00:00
2017,140,22,2507,71,71,15,15,5.0,3.9,-17.6,346.1,3.6,-0.9,-1.2,-0.4,-1.5,0.1,2.7,1.0,2.4,0.8,249880.0,2.1,662.0,2.7,1.3,9.999,18034.0,0.1,8.0,2.7,0.6,9.999,1.75,0.99,1.26,9.4,6.6,0.0129,27,30,-27,12,74.2,362,-188,174,2.4,0.00644,999999.99,99999.99,99999.99,0.21,0.11,0.08,-1,2017-05-20 22:00:00
2017,140,23,2507,51,52,59,35,5.0,4.3,-28.9,8.3,3.7,0.5,-2.1,1.3,-1.8,0.2,2.5,0.7,2.2,1.0,221998.0,2.4,664.0,3.1,-2.2,0.033,16894.0,0.2,9.0,2.1,1.1,0.004,2.0,1.2,1.4,10.3,6.9,0.0112,27,30,-25,12,74.2,555,-370,184,3.3,0.00644,999999.99,99999.99,99999.99,0.19,0.11,0.08,-1,2017-05-20 23:00:00
2017,141,0,2507,51,52,60,34,5.2,5.0,1.9,317.5,3.7,-3.4,0.2,-3.2,-1.0,0.1,1.4,0.5,0.6,1.1,221431.0,2.4,653.0,-0.9,-0.1,0.032,14627.0,0.1,5.0,0.6,0.9,0.002,1.93,0.65,1.29,9.7,6.7,0.0126,23,37,-24,9,75.3,426,-276,150,3.1,0.006579,999999.99,99999.99,99999.99,0.19,0.09,0.07,-1,2017-05-21 00:00:00
2017,141,1,2507,51,52,59,35,4.9,4.0,1.7,303.9,2.2,-3.3,0.1,-3.1,-1.0,0.1,2.5,1.9,0.6,1.5,214628.0,2.2,660.0,-1.1,-0.1,0.029,59661.0,0.2,30.0,0.9,2.0,0.004,1.79,0.66,1.31,10.0,6.8,0.0119,23,37,-21,9,75.3,256,-151,106,2.0,0.006579,999999.99,99999.99,99999.99,0.18,0.1,0.07,-1,2017-05-21 01:00:00
2017,141,2,2507,51,52,61,35,5.0,4.5,0.6,320.9,3.5,-2.8,0.0,-2.7,-0.9,0.1,2.0,1.0,1.2,1.1,178339.0,1.9,628.0,-0.9,-0.2,0.028,37855.0,0.3,20.0,1.8,1.6,0.003,1.39,0.57,0.97,8.7,6.4,0.0159,23,37,-21,9,75.3,318,-194,124,1.5,0.006579,999999.99,99999.99,99999.99,0.19,0.11,0.08,-1,2017-05-21 02:00:00
2017,141,3,2507,51,52,58,34,5.1,3.5,-10.4,349.8,3.4,-0.6,-0.6,-0.4,-0.7,0.1,3.5,1.4,3.1,1.0,179039.0,1.8,621.0,2.4,-0.4,0.025,34957.0,0.3,22.0,3.7,1.5,0.003,1.28,0.43,0.88,8.2,6.1,0.0178,27,37,-22,12,75.3,457,-288,170,2.6,0.006579,999999.99,99999.99,99999.99,0.19,0.1,0.07,-1,2017-05-21 03:00:00
2017,141,4,2507,51,52,62,38,5.1,4.0,-10.9,314.1,2.8,-2.8,-0.8,-2.6,-1.4,0.2,3.0,1.7,1.8,1.7,191789.0,1.7,634.0,-1.2,0.0,0.023,59641.0,0.3,30.0,2.1,2.5,0.004,1.25,0.89,0.87,8.1,6.1,0.0181,27,37,-25,12,75.3,331,-194,137,2.8,0.006579,999999.99,99999.99,99999.99,0.18,0.1,0.07,-1,2017-05-21 04:00:00
2017,141,5,2507,51,52,61,36,5.4,4.3,-2.9,305.5,2.5,-3.5,-0.2,-3.4,-0.8,0.1,3.2,1.3,2.0,2.1,195394.0,1.6,650.0,-2.2,1.0,0.018,36812.0,0.2,22.0,2.6,2.8,0.002,1.21,0.52,0.74,7.6,5.9,0.0205,27,37,-27,12,75.3,421,-279,142,2.2,0.006579,999999.99,99999.99,99999.99,0.18,0.1,0.07,-1,2017-05-21 05:00:00
2017,141,6,2507,51,52,57,35,5.6,5.2,-3.7,300.5,2.6,-4.5,-0.3,-4.4,-0.9,0.1,1.8,1.3,0.8,0.8,172641.0,1.5,654.0,-3.9,1.9,0.018,25109.0,0.1,20.0,0.6,1.1,0.0,1.15,0.59,0.6,7.2,5.8,0.0233,20,37,-27,7,75.3,470,-319,151,2.0,0.006579,999999.99,99999.99,99999.99,0.18,0.09,0.07,-1,2017-05-21 06:00:00
2017,141,7,2507,51,52,61,35,5.7,5.4,-21.8,337.7,4.6,-1.9,-2.0,-1.7,-2.2,0.1,1.8,0.7,1.0,1.3,157747.0,1.4,626.0,-1.8,0.0,9.999,19318.0,0.1,9.0,1.2,1.6,9.999,1.1,1.38,0.51,6.5,5.4,0.0282,20,37,-27,7,75.3,342,-219,122,2.6,0.006579,999999.99,99999.99,99999.99,0.19,0.11,0.09,-1,2017-05-21 07:00:00
2017,141,8,2507,51,52,61,34,5.1,4.7,-16.4,318.3,3.3,-3.0,-1.3,-2.9,-1.5,0.3,1.9,0.8,1.1,1.3,199088.0,1.2,643.0,-2.7,0.2,9.999,57219.0,0.2,14.0,1.4,1.8,9.999,0.99,0.96,0.63,6.9,5.6,0.0249,20,37,-32,7,75.3,315,-163,152,3.1,0.006579,999999.99,99999.99,99999.99,0.17,0.09,0.07,-1,2017-05-21 08:00:00
2017,141,9,2507,51,52,61,34,4.7,4.0,-50.9,11.9,2.4,0.5,-3.1,0.6,-3.1,0.1,2.4,0.7,2.1,1.0,295065.0,1.3,667.0,1.1,-2.5,9.999,35529.0,0.1,13.0,2.3,1.4,9.999,1.16,2.07,1.04,8.1,5.9,0.0182,17,37,-29,6,75.3,276,-117,159,3.6,0.006579,999999.99,99999.99,99999.99,0.19,0.11,0.08,-1,2017-05-21 09:00:00
2017,141,10,2507,51,52,58,16,4.5,4.2,-25.3,324.1,3.1,-2.2,-1.8,-2.1,-1.9,0.1,1.3,0.6,0.7,1.0,299743.0,1.4,657.0,-2.0,-2.5,9.999,26482.0,0.1,11.0,1.1,1.1,9.999,1.21,1.25,1.23,8.6,6.0,0.0159,17,37,-27,6,75.3,331,-193,138,2.5,0.006579,999999.99,99999.99,99999.99,0.17,0.1,0.07,-1,2017-05-21 10:00:00
2017,141,11,2507,51,52,61,36,4.3,3.9,9.1,298.8,1.9,-3.4,0.6,-3.4,0.5,0.1,1.6,0.9,0.6,1.2,334545.0,1.4,660.0,-3.1,0.8,9.999,64418.0,0.2,14.0,0.6,1.4,9.999,1.22,-0.33,1.46,9.1,6.0,0.0144,17,37,-23,6,75.3,295,-202,92,1.1,0.006579,999999.99,99999.99,99999.99,0.16,0.09,0.07,-1,2017-05-21 11:00:00
2017,141,12,2507,51,52,61,30,4.2,3.5,21.9,273.2,0.2,-3.2,1.3,-3.3,1.2,0.3,2.2,1.7,0.7,1.2,340512.0,1.3,660.0,-2.5,-0.1,9.999,32659.0,0.1,14.0,0.9,0.8,9.999,1.13,-0.79,1.44,9.0,6.0,0.0148,17,37,-21,6,75.3,136,-77,58,1.0,0.006579,999999.99,99999.99,99999.99,0.18,0.09,0.07,-1,2017-05-21 12:00:00
2017,141,13,2507,51,52,58,29,3.8,2.2,-73.5,293.9,0.3,-0.6,-2.1,-0.5,-2.1,0.4,3.0,2.0,2.0,1.1,356048.0,1.3,644.0,-1.2,-3.6,9.999,36818.0,0.1,18.0,2.0,0.9,9.999,1.08,1.35,1.81,9.7,6.0,0.0127,17,37,-20,6,75.3,94,-42,52,2.2,0.006579,999999.99,99999.99,99999.99,0.18,0.11,0.08,-1,2017-05-21 13:00:00
2017,141,14,2507,51,52,59,24,4.2,3.2,-30.3,20.0,2.6,0.9,-1.6,1.1,-1.5,0.1,2.6,1.3,1.3,1.8,329789.0,1.2,613.0,0.1,-2.7,0.033,37573.0,0.2,21.0,1.6,2.1,0.004,0.85,0.92,1.3,8.0,5.5,0.0186,17,37,-21,6,75.3,104,-52,52,0.5,0.006579,999999.99,99999.99,99999.99,0.17,0.09,0.06,-1,2017-05-21 14:00:00
2017,141,15,2507,51,52,60,28,4.4,4.2,-2.5,15.8,4.1,1.2,-0.2,1.2,0.0,0.1,1.2,0.3,0.9,0.7,260563.0,1.0,599.0,0.5,-2.7,9.999,45179.0,0.1,7.0,1.7,1.3,9.999,0.72,-0.0,0.84,6.8,5.2,0.0257,13,37,-21,5,75.3,120,-94,26,0.1,0.006579,999999.99,99999.99,99999.99,0.17,0.09,0.07,-1,2017-05-21 15:00:00
2017,141,16,2507,51,52,60,10,4.4,3.9,16.6,8.2,3.7,0.5,1.1,0.3,1.2,0.1,2.0,0.7,1.7,0.9,261288.0,1.2,613.0,0.4,-0.3,9.999,43780.0,0.2,20.0,2.2,1.2,9.999,0.9,-0.74,1.0,7.6,5.6,0.0204,13,37,-21,5,75.3,117,-89,27,1.0,0.006579,999999.99,99999.99,99999.99,0.18,0.1,0.07,-1,2017-05-21 16:00:00
2017,141,17,2507,51,52,59,35,4.9,4.8,18.2,347.4,4.5,-1.0,1.5,-1.3,1.2,0.2,1.0,0.2,0.9,0.4,192740.0,1.2,610.0,-0.6,-0.7,9.999,38154.0,0.1,6.0,1.3,0.7,9.999,0.89,-0.73,0.67,6.8,5.4,0.0256,13,37,-20,5,75.3,110,-71,39,0.6,0.006579,999999.99,99999.99,99999.99,0.18,0.09,0.07,-1,2017-05-21 17:00:00
2017,141,18,2507,51,52,60,34,5.5,5.3,8.5,313.9,3.7,-3.8,0.8,-3.9,-0.3,0.1,1.4,0.8,1.0,0.4,138996.0,1.2,607.0,-3.3,-0.9,0.028,28064.0,0.2,13.0,0.8,0.5,0.001,0.82,0.18,0.44,6.0,5.1,0.0326,23,37,-19,9,75.3,100,-51,48,2.1,0.006579,999999.99,99999.99,99999.99,0.17,0.09,0.07,-1,2017-05-21 18:00:00
2017,141,19,2507,51,52,61,37,5.5,5.2,-5.2,307.2,3.1,-4.1,-0.5,-3.7,-1.8,0.2,1.8,1.3,1.1,0.7,115858.0,1.4,602.0,-3.3,-0.9,0.027,26463.0,0.4,13.0,1.2,0.8,0.005,0.94,1.08,0.47,6.5,5.5,0.0284,23,37,-20,9,75.3,232,-163,69,1.6,0.006579,999999.99,99999.99,99999.99,0.17,0.09,0.07,-1,2017-05-21 19:00:00
2017,141,20,2507,51,52,60,34,5.2,5.1,-0.9,278.1,0.7,-5.0,-0.1,-4.6,-1.9,0.1,1.0,0.7,0.2,0.7,126852.0,2.0,613.0,-3.0,-0.9,0.024,15443.0,0.2,7.0,0.3,0.8,0.002,1.38,1.16,0.79,8.3,6.4,0.0171,23,37,-17,9,75.3,421,-285,136,2.7,0.006579,999999.99,99999.99,99999.99,0.17,0.09,0.07,-1,2017-05-21 20:00:00
2017,141,21,2507,51,52,59,36,5.4,4.8,5.9,295.6,2.1,-4.3,0.5,-4.2,-1.1,0.1,2.4,1.9,1.3,0.7,145812.0,1.7,607.0,-2.3,-0.5,0.023,47646.0,0.4,10.0,1.3,0.8,0.005,1.14,0.67,0.66,7.3,5.8,0.0221,17,37,-17,6,75.3,320,-185,135,1.9,0.006579,999999.99,99999.99,99999.99,0.17,0.1,0.08,-1,2017-05-21 21:00:00
2017,141,22,2507,51,52,59,36,5.6,5.5,-10.6,355.4,5.4,-0.4,-1.0,0.0,-1.1,0.1,1.1,0.1,1.0,0.3,174832.0,1.2,591.0,0.6,-1.9,0.03,19900.0,0.1,3.0,0.6,0.3,0.0,0.78,0.65,0.48,5.8,4.9,0.0356,17,37,-19,6,75.3,185,-90,95,1.2,0.006579,999999.99,99999.99,99999.99,0.18,0.09,0.07,-1,2017-05-21 22:00:00
2017,141,23,2507,51,52,61,33,5.9,5.7,-3.1,330.8,5.0,-2.8,-0.3,-2.5,-1.3,0.3,1.4,0.3,0.8,1.0,153718.0,1.2,581.0,-0.8,-1.9,9.999,15327.0,0.1,7.0,0.8,0.9,9.999,0.81,0.76,0.4,5.4,4.6,0.0409,17,37,-18,6,75.3,224,-130,94,1.5,0.006579,999999.99,99999.99,99999.99,0.19,0.1,0.07,-1,2017-05-21 23:00:00
2017,142,0,2507,51,52,58,26,5.9,5.7,3.2,337.2,5.2,-2.2,0.3,-2.2,-0.5,0.2,1.5,0.5,0.8,1.2,164291.0,1.0,579.0,-0.5,-1.7,9.999,45664.0,0.2,10.0,0.7,0.8,9.999,0.67,0.29,0.35,4.9,4.3,0.0494,17,50,-18,6,76.3,238,-130,108,1.4,0.006594,999999.99,99999.99,99999.99,0.18,0.09,0.07,-1,2017-05-22 00:00:00
2017,142,1,2507,51,52,60,32,6.3,6.2,-14.2,332.2,5.3,-2.8,-1.5,-2.1,-2.3,0.1,1.2,0.4,0.5,1.0,137001.0,1.0,560.0,-0.9,-2.8,9.999,30819.0,0.2,8.0,0.4,0.7,9.999,0.63,1.29,0.28,4.4,4.0,0.0602,17,50,-19,6,76.3,258,-122,136,2.2,0.006594,999999.99,99999.99,99999.99,0.18,0.09,0.06,-1,2017-05-22 01:00:00
2017,142,2,2507,51,52,60,13,6.0,5.9,2.0,329.6,5.1,-3.0,0.2,-2.9,-0.7,0.2,0.7,0.2,0.5,0.4,165887.0,0.9,564.0,-0.4,-2.1,0.03,51212.0,0.2,9.0,1.2,0.5,0.0,0.54,0.39,0.31,4.5,4.0,0.0598,17,50,-18,6,76.3,164,-62,102,1.3,0.006594,999999.99,99999.99,99999.99,0.18,0.1,0.07,-1,2017-05-22 02:00:00
2017,142,3,2507,51,52,60,33,6.0,5.8,-5.4,318.5,4.3,-3.9,-0.5,-3.6,-1.5,0.1,1.4,0.7,1.0,0.6,128374.0,1.1,559.0,-1.2,-3.2,9.999,25447.0,0.2,8.0,1.8,1.0,9.999,0.69,0.84,0.33,4.9,4.3,0.0498,20,50,-17,7,76.3,261,-142,119,2.0,0.006594,999999.99,99999.99,99999.99,0.22,0.1,0.07,-1,2017-05-22 03:00:00
2017,142,4,2507,51,52,58,25,6.0,5.8,-4.7,320.4,4.5,-3.7,-0.5,-3.5,-1.3,0.1,1.6,0.7,1.3,0.3,136745.0,1.1,548.0,-0.1,-3.6,9.999,30053.0,0.2,12.0,2.4,1.2,9.999,0.66,0.71,0.34,4.8,4.2,0.0518,20,50,-20,7,76.3,268,-120,147,2.7,0.006594,999999.99,99999.99,99999.99,0.17,0.1,0.07,-1,2017-05-22 04:00:00
2017,142,5,2507,51,52,60,34,6.0,5.8,0.4,9.0,5.7,0.9,0.0,0.9,0.2,0.2,1.5,0.2,1.2,0.8,123259.0,1.3,544.0,4.1,-4.0,9.999,24330.0,0.3,9.0,1.0,0.8,9.999,0.77,-0.11,0.38,5.2,4.5,0.0445,20,50,-23,7,76.3,137,-34,103,2.5,0.006594,999999.99,99999.99,99999.99,0.16,0.09,0.07,-1,2017-05-22 05:00:00
2017,142,6,2507,51,52,59,36,7.0,6.9,18.2,344.2,6.3,-1.8,2.2,-2.1,1.9,0.2,0.8,0.3,0.7,0.3,132965.0,1.2,528.0,1.5,-2.0,9.999,21120.0,0.1,7.0,1.2,0.6,9.999,0.67,-1.0,0.27,4.1,3.7,0.0697,17,50,-20,6,76.3,62,-27,36,1.7,0.006594,999999.99,99999.99,99999.99,0.16,0.09,0.06,-1,2017-05-22 06:00:00
2017,142,7,2507,51,52,61,31,6.7,6.0,4.7,325.5,4.9,-3.4,0.5,-3.4,0.2,0.3,3.0,1.6,1.2,2.1,123824.0,1.3,533.0,-0.5,-2.2,0.029,23367.0,0.2,17.0,1.6,2.5,0.009,0.69,-0.11,0.3,4.5,4.0,0.0578,17,50,-14,6,76.3,143,-52,92,1.6,0.006594,999999.99,99999.99,99999.99,0.17,0.1,0.07,-1,2017-05-22 07:00:00
2017,142,8,2507,51,52,57,33,6.9,6.6,-2.6,338.6,6.2,-2.4,-0.3,-2.4,-0.4,0.3,1.8,0.8,1.1,1.2,117337.0,1.4,507.0,1.2,-3.5,0.033,15670.0,0.2,9.0,1.9,1.6,0.0,0.68,0.2,0.3,4.3,3.9,0.0629,17,50,-17,6,76.3,211,-137,74,0.8,0.006594,999999.99,99999.99,99999.99,0.17,0.1,0.07,-1,2017-05-22 08:00:00
2017,142,9,2507,51,52,62,38,6.2,5.5,-4.0,311.7,3.6,-4.1,-0.4,-4.1,-0.6,0.3,2.9,2.0,1.2,1.7,126866.0,1.7,524.0,-1.1,-3.6,0.025,41961.0,0.4,22.0,2.0,2.3,0.005,0.86,0.31,0.47,5.5,4.6,0.0392,20,50,-20,7,76.3,296,-177,119,1.3,0.006594,999999.99,99999.99,99999.99,0.19,0.1,0.07,-1,2017-05-22 09:00:00
2017,142,10,2507,51,52,60,35,6.1,4.7,-16.3,284.9,1.2,-4.4,-1.3,-4.4,-1.4,0.3,3.7,2.5,1.6,2.2,164089.0,2.1,555.0,-1.4,-3.8,0.023,21845.0,0.3,26.0,2.0,3.3,0.003,1.18,0.78,0.69,6.6,5.2,0.0274,20,50,-14,7,76.3,439,-271,168,2.5,0.006594,999999.99,99999.99,99999.99,0.18,0.1,0.07,-1,2017-05-22 10:00:00
2017,142,11,2507,51,52,61,35,6.0,5.7,-25.7,311.2,3.4,-3.9,-2.5,-3.8,-2.6,0.3,1.8,0.9,0.8,1.3,159438.0,1.7,527.0,-1.5,-5.9,0.03,40073.0,0.4,12.0,1.2,1.5,0.0,0.88,1.37,0.57,5.7,4.7,0.0363,20,50,-16,7,76.3,338,-171,167,3.0,0.006594,999999.99,99999.99,99999.99,0.17,0.1,0.07,-1,2017-05-22 11:00:00
2017,142,12,2507,51,52,57,31,5.6,5.0,-31.9,315.7,3.0,-3.0,-2.6,-2.9,-2.7,0.3,2.5,0.7,2.0,1.3,173923.0,1.9,526.0,-0.5,-7.3,0.022,51296.0,0.4,13.0,2.5,2.1,0.002,0.96,1.42,0.76,6.5,5.0,0.0284,23,50,-19,9,76.3,352,-186,166,3.1,0.006594,999999.99,99999.99,99999.99,0.17,0.1,0.07,-1,2017-05-22 12:00:00
2017,142,13,2507,51,52,59,34,5.7,4.7,8.6,317.5,3.5,-3.2,0.7,-3.2,0.5,0.4,3.0,1.2,1.5,2.3,132393.0,2.1,514.0,-0.8,-2.6,0.03,47896.0,0.4,19.0,2.3,4.0,0.006,1.04,-0.26,0.7,6.5,5.2,0.0279,23,50,-20,9,76.3,300,-176,124,2.4,0.006594,999999.99,99999.99,99999.99,0.17,0.1,0.07,-1,2017-05-22 13:00:00
2017,142,14,2507,51,52,62,37,5.5,4.7,-24.3,317.9,3.2,-2.9,-2.0,-2.7,-2.3,0.4,2.6,1.6,1.8,1.1,135289.0,2.3,525.0,0.0,-5.2,0.026,38890.0,0.3,19.0,1.8,1.3,0.004,1.17,1.21,0.83,7.2,5.5,0.0227,23,50,-17,9,76.3,374,-235,139,3.0,0.006594,999999.99,99999.99,99999.99,0.18,0.09,0.07,-1,2017-05-22 14:00:00
2017,142,15,2507,51,52,61,37,5.7,5.5,-17.0,320.4,4.0,-3.3,-1.6,-3.0,-2.0,0.2,1.5,0.7,0.8,1.0,128342.0,2.2,511.0,-0.4,-4.6,0.027,21731.0,0.3,11.0,1.2,1.9,0.004,1.06,1.02,0.72,6.6,5.2,0.0269,23,50,-17,9,76.3,382,-284,98,2.6,0.006594,999999.99,99999.99,99999.99,0.18,0.1,0.07,-1,2017-05-22 15:00:00
2017,142,16,2507,51,52,60,36,5.6,5.2,-5.8,313.6,3.6,-3.7,-0.5,-3.5,-1.2,0.2,2.1,0.9,0.7,1.7,163858.0,2.6,522.0,-0.7,-2.2,0.031,26302.0,0.3,11.0,1.0,2.3,0.004,1.33,0.63,1.01,7.5,5.5,0.0211,23,50,-19,9,76.3,370,-288,83,2.5,0.006594,999999.99,99999.99,99999.99,0.17,0.1,0.08,-1,2017-05-22 16:00:00
2017,142,17,2507,51,52,63,33,5.4,4.5,-32.4,304.7,2.2,-3.1,-2.4,-2.4,-3.1,0.4,2.7,1.1,1.2,2.1,180577.0,2.8,546.0,1.0,-3.7,0.03,37146.0,0.3,12.0,1.2,2.0,0.004,1.56,1.69,1.23,8.5,5.9,0.0166,23,50,-20,9,76.3,522,-409,114,2.3,0.006594,999999.99,99999.99,99999.99,0.16,0.09,0.07,-1,2017-05-22 17:00:00
2017,142,18,2507,51,52,59,36,4.5,2.0,32.9,304.5,0.9,-1.4,1.1,-1.7,0.7,0.5,4.0,1.1,1.9,3.3,211144.0,3.0,561.0,2.7,-1.0,0.029,31520.0,0.1,9.0,1.6,2.7,0.003,1.76,-0.39,2.09,10.8,6.4,0.0102,30,50,-20,15,76.3,346,-229,116,0.6,0.006594,999999.99,99999.99,99999.99,0.19,0.1,0.07,-1,2017-05-22 18:00:00
2017,142,19,2507,51,52,59,36,4.6,4.1,-21.1,288.6,1.2,-3.6,-1.5,-2.9,-2.6,0.2,2.1,0.7,0.8,1.8,173944.0,2.9,558.0,0.7,-2.2,0.029,19137.0,0.2,7.0,0.5,1.4,0.003,1.68,1.45,1.72,10.3,6.5,0.0111,30,50,-19,15,76.3,314,-202,112,2.2,0.006594,999999.99,99999.99,99999.99,0.2,0.1,0.07,-1,2017-05-22 19:00:00
2017,142,20,2507,51,52,61,37,4.7,4.2,-3.7,306.8,2.5,-3.3,-0.3,-3.0,-1.4,0.2,1.8,0.6,0.6,1.6,149359.0,2.4,543.0,-0.5,-0.8,0.027,17463.0,0.2,8.0,0.9,2.1,0.003,1.31,0.76,1.26,8.9,6.2,0.0149,30,50,-20,15,76.3,487,-317,170,2.5,0.006594,999999.99,99999.99,99999.99,0.18,0.1,0.07,-1,2017-05-22 20:00:00
2017,142,21,2507,51,52,60,37,5.2,4.8,-22.0,300.0,2.2,-3.9,-1.8,-3.0,-3.1,0.1,1.8,0.9,0.7,1.4,105168.0,2.4,546.0,-0.0,-1.4,0.02,16547.0,0.1,10.0,1.1,1.8,0.002,1.29,1.69,0.86,8.1,6.2,0.018,27,50,-23,12,76.3,417,-226,191,2.2,0.006594,999999.99,99999.99,99999.99,0.18,0.09,0.06,-1,2017-05-22 21:00:00
2017,142,22,2507,51,52,62,37,4.5,2.3,-6.6,308.7,1.4,-1.8,-0.3,-1.6,-0.9,0.5,3.9,0.9,1.9,3.3,153301.0,2.8,564.0,2.7,-0.3,0.032,26475.0,0.2,13.0,2.1,2.4,0.008,1.68,0.51,1.62,10.5,6.8,0.0108,27,50,-23,12,76.3,522,-273,249,2.6,0.006594,999999.99,99999.99,99999.99,0.18,0.09,0.07,-1,2017-05-22 22:00:00
2017,142,23,2507,51,52,58,36,3.9,3.3,30.4,329.7,2.5,-1.5,1.7,-2.0,1.0,0.2,1.8,0.7,0.9,1.4,175638.0,2.9,566.0,3.5,1.4,0.042,10017.0,0.1,7.0,0.8,0.9,0.003,1.81,-0.57,2.41,12.4,7.0,0.0078,27,50,-16,12,76.3,227,-122,105,0.8,0.006594,999999.99,99999.99,99999.99,0.17,0.09,0.07,-1,2017-05-22 23:00:00
2017,143,0,2507,51,52,60,34,3.9,3.4,13.3,12.3,3.2,0.7,0.8,0.4,1.0,0.2,1.9,0.4,1.2,1.4,154227.0,3.0,560.0,4.5,0.5,0.035,10905.0,0.2,4.0,0.8,1.1,0.006,1.79,-0.56,2.32,12.4,7.2,0.0077,13,55,-13,5,77.9,98,-30,68,0.2,0.006573,999999.99,99999.99,99999.99,0.17,0.09,0.07,-1,2017-05-23 00:00:00
2017,143,1,2507,51,52,59,36,3.9,3.7,-7.0,20.9,3.4,1.3,-0.5,1.4,0.0,0.1,1.1,0.3,0.6,0.9,129635.0,2.9,553.0,4.9,-1.0,0.028,8629.0,0.2,4.0,0.4,0.9,0.002,1.65,-0.0,2.05,12.1,7.3,0.0082,13,55,-15,5,77.9,77,-18,59,0.5,0.006573,999999.99,99999.99,99999.99,0.19,0.1,0.07,-1,2017-05-23 01:00:00
2017,143,2,2507,51,52,60,36,3.5,3.2,-17.6,357.6,3.0,-0.1,-1.0,0.2,-1.0,0.2,1.4,0.5,0.9,0.9,128180.0,2.6,551.0,3.5,-1.3,0.031,13804.0,0.2,6.0,1.1,0.9,0.003,1.48,0.55,2.27,12.7,7.4,0.0074,13,55,-21,5,77.9,225,-115,111,1.5,0.006573,999999.99,99999.99,99999.99,0.17,0.09,0.07,-1,2017-05-23 02:00:00
2017,143,3,2507,51,52,61,37,3.3,2.6,2.3,337.3,2.4,-1.0,0.1,-1.0,-0.2,0.2,1.8,1.4,0.6,1.1,132698.0,2.5,550.0,2.3,-0.2,0.029,21730.0,0.3,11.0,0.7,1.2,0.002,1.41,0.11,2.49,13.2,7.4,0.0069,30,55,-25,15,77.9,254,-147,107,1.8,0.006573,999999.99,99999.99,99999.99,0.17,0.1,0.07,-1,2017-05-23 03:00:00
2017,143,4,2507,51,52,60,37,3.7,3.2,-54.8,235.0,-1.1,-1.5,-2.6,-0.9,-2.9,0.3,1.8,1.0,1.3,0.6,126764.0,2.7,566.0,1.6,-2.4,0.023,12122.0,0.2,10.0,1.1,0.5,0.004,1.58,1.64,2.09,12.6,7.5,0.0075,30,55,-24,15,77.9,408,-232,177,2.3,0.006573,999999.99,99999.99,99999.99,0.19,0.1,0.07,-1,2017-05-23 04:00:00
2017,143,5,2507,51,52,60,33,3.4,3.2,-27.0,265.0,-0.2,-2.8,-1.4,-2.5,-1.8,0.2,1.1,0.8,0.4,0.7,116674.0,2.6,559.0,0.1,-1.7,0.02,7957.0,0.1,7.0,0.5,0.7,0.002,1.47,1.01,2.29,13.3,7.7,0.0068,30,55,-25,15,77.9,506,-349,157,2.8,0.006573,999999.99,99999.99,99999.99,0.17,0.09,0.07,-1,2017-05-23 05:00:00
2017,143,6,2507,51,52,57,34,3.2,2.3,-21.8,292.0,0.8,-2.0,-0.9,-1.9,-1.1,0.3,2.2,2.1,0.6,0.5,104581.0,2.3,544.0,0.5,-1.5,0.018,20155.0,0.5,25.0,0.6,0.6,0.001,1.22,0.6,2.18,12.9,7.6,0.0072,10,55,-21,4,77.9,288,-180,109,2.4,0.006573,999999.99,99999.99,99999.99,0.19,0.1,0.07,-1,2017-05-23 06:00:00
2017,143,7,2507,51,52,59,36,3.5,3.4,10.3,324.5,2.7,-1.9,0.6,-1.9,0.4,0.1,1.0,0.3,0.3,0.9,84359.0,2.3,516.0,0.3,0.4,0.016,9581.0,0.2,6.0,0.5,1.0,0.001,1.09,-0.21,1.66,11.2,7.2,0.0095,10,55,-17,4,77.9,129,-65,64,0.8,0.006573,999999.99,99999.99,99999.99,0.2,0.1,0.07,-1,2017-05-23 07:00:00
2017,143,8,2507,51,52,59,36,3.6,3.5,3.6,317.2,2.5,-2.4,0.2,-2.4,0.1,0.1,1.0,0.6,0.7,0.4,78725.0,2.3,510.0,-0.4,0.3,0.015,7348.0,0.2,4.0,0.6,0.5,0.001,1.06,-0.05,1.53,10.7,7.1,0.0103,10,55,-15,4,77.9,65,-38,27,0.8,0.006573,999999.99,99999.99,99999.99,0.18,0.1,0.07,-1,2017-05-23 08:00:00
2017,143,9,2507,51,52,60,36,4.3,4.1,25.4,357.0,3.7,-0.2,1.7,-0.3,1.7,0.2,1.2,0.6,0.9,0.6,78030.0,1.6,487.0,1.4,2.8,0.022,16080.0,0.3,11.0,1.4,1.1,0.0,0.69,-0.83,0.74,7.2,5.6,0.0232,10,55,-15,4,77.9,75,-23,53,0.6,0.006573,999999.99,99999.99,99999.99,0.16,0.1,0.07,-1,2017-05-23 09:00:00
2017,143,10,2507,51,52,59,36,4.4,4.3,-8.2,334.8,3.9,-1.8,-0.6,-1.8,-0.6,0.1,0.9,0.3,0.4,0.8,71532.0,1.9,491.0,-0.6,-0.7,0.019,7318.0,0.2,2.0,0.6,0.8,0.0,0.82,0.29,0.82,7.7,5.9,0.0201,10,55,-12,4,77.9,78,-27,50,1.0,0.006573,999999.99,99999.99,99999.99,0.18,0.09,0.07,-1,2017-05-23 10:00:00
2017,143,11,2507,51,52,58,33,4.4,4.3,-16.4,330.0,3.6,-2.1,-1.2,-2.1,-1.2,0.1,0.8,0.3,0.3,0.7,65096.0,1.5,481.0,-1.5,-1.0,9.999,8691.0,0.2,8.0,0.7,0.9,9.999,0.69,0.58,0.62,6.7,5.4,0.0265,10,55,-13,4,77.9,159,-93,66,1.0,0.006573,999999.99,99999.99,99999.99,0.19,0.1,0.07,-1,2017-05-23 11:00:00
2017,143,12,2507,51,52,61,37,4.2,3.5,-38.9,298.8,1.3,-2.4,-2.2,-2.3,-2.3,0.1,2.3,1.8,0.7,1.2,73626.0,1.7,487.0,-2.2,-1.7,0.02,17398.0,0.3,16.0,0.9,1.2,0.003,0.73,1.12,0.81,7.6,5.8,0.0208,17,55,-17,6,77.9,159,-94,65,1.3,0.006573,999999.99,99999.99,99999.99,0.18,0.1,0.07,-1,2017-05-23 12:00:00
2017,143,13,2507,51,52,60,34,4.2,4.0,-24.1,317.5,2.7,-2.5,-1.6,-2.4,-1.7,0.1,1.0,0.6,0.5,0.6,73133.0,1.5,474.0,-3.3,-1.6,0.024,20297.0,0.3,13.0,0.8,1.1,0.006,0.62,0.81,0.71,6.9,5.4,0.0249,17,55,-18,6,77.9,206,-117,88,2.1,0.006573,999999.99,99999.99,99999.99,0.17,0.09,0.07,-1,2017-05-23 13:00:00
2017,143,14,2507,51,52,60,38,4.0,3.8,-30.4,294.3,1.4,-3.0,-1.9,-2.8,-2.2,0.2,1.2,1.0,0.3,0.7,116149.0,2.2,489.0,-2.4,-1.2,0.019,17044.0,0.2,8.0,0.6,0.6,0.003,0.95,1.08,1.4,9.1,6.1,0.0145,17,55,-19,6,77.9,146,-82,63,1.7,0.006573,999999.99,99999.99,99999.99,0.17,0.09,0.07,-1,2017-05-23 14:00:00
2017,143,15,2507,51,52,59,34,3.9,3.6,-2.8,348.1,3.5,-0.7,-0.2,-0.7,-0.3,0.1,1.5,0.6,1.0,1.0,87800.0,1.8,463.0,0.2,0.2,0.029,19996.0,0.3,10.0,1.7,1.7,0.002,0.72,0.14,1.06,8.0,5.7,0.0188,13,55,-18,5,77.9,106,-71,35,-0.5,0.006573,999999.99,99999.99,99999.99,0.21,0.11,0.07,-1,2017-05-23 15:00:00
2017,143,16,2507,51,52,60,37,3.2,1.5,-44.6,10.8,1.1,0.2,-1.1,0.4,-1.0,0.9,2.8,0.7,2.5,1.1,130877.0,2.5,485.0,1.9,-0.5,0.02,33501.0,0.3,7.0,2.5,0.9,0.004,1.06,0.48,2.63,12.0,6.6,0.0083,13,55,-15,5,77.9,161,-106,56,0.9,0.006573,999999.99,99999.99,99999.99,0.19,0.1,0.07,-1,2017-05-23 16:00:00
2017,143,17,2507,51,52,60,35,4.0,3.3,-8.1,296.1,1.4,-2.9,-0.5,-2.7,-1.2,0.3,2.2,0.6,2.1,0.3,78148.0,2.0,475.0,-1.6,-0.2,0.019,19435.0,0.4,6.0,2.1,0.5,0.006,0.81,0.57,1.07,8.4,6.0,0.0169,13,55,-15,5,77.9,176,-126,50,1.3,0.006573,999999.99,99999.99,99999.99,0.18,0.09,0.07,-1,2017-05-23 17:00:00
2017,143,18,2507,51,52,62,38,3.7,3.0,-35.3,288.0,0.8,-2.3,-1.7,-1.7,-2.3,0.5,2.1,0.5,1.8,0.9,100562.0,2.2,483.0,-0.4,-1.5,0.018,29443.0,0.2,7.0,1.8,1.0,0.003,0.92,1.11,1.53,9.7,6.4,0.0127,27,55,-16,12,77.9,190,-121,69,1.5,0.006573,999999.99,99999.99,99999.99,0.2,0.11,0.08,-1,2017-05-23 18:00:00
2017,143,19,2507,51,52,59,36,4.1,4.0,-2.3,270.7,0.0,-4.0,-0.2,-3.7,-1.4,0.1,1.0,0.6,0.2,0.8,80200.0,2.1,493.0,-2.0,0.2,0.015,10698.0,0.1,7.0,0.3,1.2,0.003,0.9,0.69,1.08,8.7,6.3,0.0157,27,55,-15,12,77.9,385,-268,117,2.4,0.006573,999999.99,99999.99,99999.99,0.2,0.1,0.06,-1,2017-05-23 19:00:00
2017,143,20,2507,51,52,60,37,3.8,3.7,-11.8,269.8,0.0,-3.6,-0.8,-3.1,-2.0,0.2,0.8,0.4,0.3,0.7,99441.0,2.2,491.0,-2.2,-0.4,0.015,8450.0,0.1,6.0,0.3,0.8,0.001,0.94,0.98,1.44,9.6,6.4,0.013,27,55,-16,12,77.9,228,-131,98,1.9,0.006573,999999.99,99999.99,99999.99,0.17,0.09,0.06,-1,2017-05-23 20:00:00
2017,143,21,2507,51,52,60,36,3.7,3.6,-9.6,274.9,0.3,-3.6,-0.6,-3.1,-1.9,0.1,0.7,0.3,0.2,0.6,93080.0,2.1,488.0,-2.0,-0.8,0.015,11921.0,0.1,3.0,0.4,1.0,0.001,0.89,0.93,1.41,9.6,6.4,0.013,23,55,-17,9,77.9,231,-137,94,1.5,0.006573,999999.99,99999.99,99999.99,0.2,0.11,0.08,-1,2017-05-23 21:00:00
2017,143,22,2507,51,52,60,36,3.8,3.3,-0.5,262.8,-0.4,-3.3,0.0,-3.1,-1.2,0.3,1.9,1.0,0.5,1.5,90515.0,2.3,489.0,-1.3,-0.0,0.014,9909.0,0.2,9.0,0.6,1.6,0.002,0.97,0.59,1.45,9.8,6.5,0.0125,23,55,-15,9,77.9,255,-161,93,1.4,0.006573,999999.99,99999.99,99999.99,0.18,0.09,0.07,-1,2017-05-23 22:00:00
2017,143,23,2507,51,52,60,36,3.3,3.0,-1.9,285.6,0.8,-2.9,-0.1,-2.7,-1.1,0.4,1.5,0.7,0.6,1.1,107860.0,2.3,481.0,-0.7,-0.3,0.017,14284.0,0.2,8.0,0.7,1.1,0.004,0.95,0.53,2.08,11.1,6.6,0.0097,23,55,-13,9,77.9,125,-51,73,1.0,0.006573,999999.99,99999.99,99999.99,0.18,0.09,0.07,-1,2017-05-23 23:00:00
2017,144,0,2507,51,52,61,35,3.1,2.1,-8.2,261.7,-0.3,-2.1,-0.3,-1.9,-1.0,0.5,2.1,0.8,0.9,1.8,118088.0,2.3,491.0,0.8,-0.4,0.019,18993.0,0.2,8.0,1.3,2.1,0.003,1.0,0.49,2.45,12.0,6.8,0.0082,13,20,-13,5,79.9,165,-60,105,1.5,0.006529,999999.99,99999.99,99999.99,0.19,0.1,0.07,-1,2017-05-24 00:00:00
2017,144,1,2507,51,52,58,36,2.7,1.6,-25.9,279.0,0.2,-1.4,-0.7,-1.1,-1.1,0.5,2.2,1.7,0.9,1.2,110889.0,2.2,484.0,1.6,-0.9,0.024,19555.0,0.2,13.0,1.1,1.1,0.004,0.94,0.53,3.0,13.3,7.0,0.0067,13,20,-15,5,79.9,116,-42,74,0.8,0.006529,999999.99,99999.99,99999.99,0.17,0.09,0.06,-1,2017-05-24 01:00:00
2017,144,2,2507,51,52,60,36,2.7,2.2,37.1,313.1,1.2,-1.3,1.4,-1.6,1.0,0.3,1.3,0.7,0.7,0.8,114813.0,2.4,477.0,1.9,1.4,0.024,10659.0,0.2,6.0,0.8,1.0,0.002,1.0,-0.48,3.33,13.7,6.9,0.0064,13,20,-16,5,79.9,117,-66,50,0.8,0.006529,999999.99,99999.99,99999.99,0.17,0.09,0.06,-1,2017-05-24 02:00:00
2017,144,3,2507,51,52,61,37,2.9,2.1,5.8,272.1,0.1,-2.1,0.2,-2.1,-0.3,0.1,1.9,0.9,0.6,1.5,104549.0,2.5,484.0,1.1,0.8,0.024,9087.0,0.2,8.0,0.6,1.4,0.001,1.07,0.15,2.88,13.2,7.1,0.0068,10,20,-15,4,79.9,78,-26,53,0.5,0.006529,999999.99,99999.99,99999.99,0.15,0.09,0.07,-1,2017-05-24 03:00:00
2017,144,4,2507,51,52,57,34,2.8,2.2,0.0,259.0,-0.4,-2.1,0.0,-2.1,-0.4,0.2,1.6,1.4,0.4,0.8,91244.0,2.3,487.0,0.6,0.5,0.022,11235.0,0.2,13.0,0.5,1.0,0.003,0.99,0.19,2.68,13.2,7.2,0.0068,10,20,-17,4,79.9,102,-30,72,0.7,0.006529,999999.99,99999.99,99999.99,0.18,0.09,0.07,-1,2017-05-24 04:00:00
2017,144,5,2507,51,52,61,37,3.0,2.6,5.8,308.9,1.7,-2.0,0.3,-2.0,0.0,0.1,1.3,0.9,0.3,0.9,76956.0,2.2,460.0,0.5,0.6,0.025,5623.0,0.1,6.0,0.3,1.0,0.006,0.86,-0.0,2.09,11.4,6.8,0.0092,10,20,-14,4,79.9,116,-60,56,0.5,0.006529,999999.99,99999.99,99999.99,0.17,0.09,0.07,-1,2017-05-24 05:00:00
2017,144,6,2507,51,52,59,35,3.1,2.7,17.2,293.1,1.0,-2.4,0.8,-2.5,0.5,0.1,1.3,0.9,0.8,0.5,71632.0,2.2,460.0,0.4,1.1,0.03,4954.0,0.1,7.0,0.6,0.7,0.004,0.87,-0.23,1.9,11.0,6.8,0.0098,10,20,-11,4,79.9,130,-73,58,0.4,0.006529,999999.99,99999.99,99999.99,0.18,0.1,0.07,-1,2017-05-24 06:00:00
2017,144,7,2507,51,52,61,38,3.0,2.7,2.0,294.9,1.1,-2.4,0.1,-2.4,-0.1,0.1,1.2,0.8,0.3,0.9,74762.0,2.2,458.0,0.5,0.7,0.035,5198.0,0.1,6.0,0.5,1.0,0.004,0.88,0.05,2.07,11.3,6.8,0.0093,10,20,-8,4,79.9,64,-17,47,0.4,0.006529,999999.99,99999.99,99999.99,0.16,0.1,0.07,-1,2017-05-24 07:00:00
2017,144,8,2507,51,52,59,34,3.2,2.8,-25.0,287.4,0.8,-2.4,-1.2,-2.3,-1.3,0.1,1.5,0.5,0.6,1.3,66394.0,2.2,458.0,0.0,-0.9,0.03,7662.0,0.1,4.0,0.8,1.5,0.003,0.86,0.6,1.74,10.6,6.7,0.0106,10,20,-9,4,79.9,183,-122,61,1.0,0.006529,999999.99,99999.99,99999.99,0.19,0.11,0.07,-1,2017-05-24 08:00:00
2017,144,9,2507,51,52,61,38,3.2,3.0,-46.1,282.7,0.5,-2.0,-2.1,-1.9,-2.1,0.1,1.2,0.5,0.8,0.7,61776.0,2.1,459.0,0.2,-1.7,0.03,24425.0,0.1,5.0,1.2,0.8,0.002,0.83,0.96,1.62,10.4,6.7,0.011,7,20,-10,3,79.9,274,-192,82,2.3,0.006529,999999.99,99999.99,99999.99,0.19,0.1,0.07,-1,2017-05-24 09:00:00
2017,144,10,2507,51,52,60,35,3.0,2.5,-11.9,259.1,-0.5,-2.4,-0.5,-2.4,-0.5,0.1,1.6,0.9,0.6,1.2,60508.0,2.1,463.0,0.1,0.2,0.036,10065.0,0.1,9.0,0.8,1.4,0.004,0.86,0.23,1.83,11.2,7.0,0.0095,7,20,-10,3,79.9,211,-140,71,1.8,0.006529,999999.99,99999.99,99999.99,0.19,0.1,0.07,-1,2017-05-24 10:00:00
2017,144,11,2507,51,52,60,37,2.9,2.3,-47.4,268.0,-0.1,-1.6,-1.7,-1.6,-1.7,0.3,1.7,0.5,0.7,1.5,57753.0,2.1,459.0,0.7,-0.5,0.037,9004.0,0.1,5.0,0.7,1.9,0.003,0.85,0.78,1.93,11.5,7.0,0.009,7,20,-9,3,79.9,128,-71,57,1.7,0.006529,999999.99,99999.99,99999.99,0.17,0.1,0.08,-1,2017-05-24 11:00:00
2017,144,12,2507,51,52,60,35,3.3,2.9,-65.4,215.5,-1.0,-0.7,-2.7,-0.6,-2.7,0.2,1.5,0.5,1.1,0.9,49843.0,2.1,462.0,1.2,-1.4,0.032,3671.0,0.1,3.0,1.2,1.1,0.003,0.84,1.25,1.43,10.1,6.8,0.0116,7,20,-11,3,79.9,227,-120,107,2.0,0.006529,999999.99,99999.99,99999.99,0.17,0.09,0.07,-1,2017-05-24 12:00:00
2017,144,13,2507,51,52,57,35,3.2,2.6,-55.6,290.9,0.5,-1.4,-2.1,-1.3,-2.2,0.0,1.8,1.5,0.9,0.6,51676.0,2.1,450.0,0.4,-1.8,0.032,4634.0,0.1,13.0,0.9,0.6,0.003,0.8,0.99,1.54,10.2,6.7,0.0115,7,20,-15,3,79.9,256,-155,101,1.9,0.006529,999999.99,99999.99,99999.99,0.17,0.1,0.07,-1,2017-05-24 13:00:00
2017,144,14,2507,51,52,59,36,3.0,2.9,-17.5,312.0,1.9,-2.1,-0.9,-2.0,-1.1,0.1,0.6,0.2,0.3,0.4,54492.0,2.0,437.0,-0.7,-1.0,0.031,6313.0,0.1,2.0,0.4,0.5,0.003,0.72,0.48,1.69,10.3,6.6,0.0112,7,20,-17,3,79.9,111,-78,32,1.4,0.006529,999999.99,99999.99,99999.99,0.17,0.1,0.07,-1,2017-05-24 14:00:00
2017,144,15,2507,51,52,62,37,2.9,2.7,-15.6,300.9,1.3,-2.3,-0.7,-2.2,-1.0,0.1,0.8,0.6,0.3,0.5,60798.0,2.0,436.0,-1.0,-0.9,0.029,9234.0,0.1,4.0,0.3,0.5,0.002,0.71,0.44,1.87,10.6,6.6,0.0105,3,20,-16,2,79.9,151,-116,35,1.3,0.006529,999999.99,99999.99,99999.99,0.18,0.1,0.07,-1,2017-05-24 15:00:00
2017,144,16,2507,51,52,59,37,2.8,2.5,-20.5,261.1,-0.4,-2.3,-0.9,-2.1,-1.3,0.1,1.0,0.9,0.2,0.4,60022.0,1.9,442.0,-1.0,-0.8,0.028,7519.0,0.2,8.0,0.3,0.5,0.003,0.69,0.57,1.9,10.9,6.7,0.01,3,20,-15,2,79.9,115,-92,23,1.2,0.006529,999999.99,99999.99,99999.99,0.18,0.11,0.08,-1,2017-05-24 16:00:00
2017,144,17,2507,51,52,58,34,2.8,2.4,-4.8,322.7,1.9,-1.5,-0.2,-1.4,-0.5,0.1,1.5,1.3,0.6,0.4,52695.0,1.8,426.0,-0.2,-0.1,0.029,8916.0,0.1,8.0,0.6,0.5,0.002,0.61,0.21,1.73,10.2,6.5,0.0114,3,20,-15,2,79.9,73,-59,14,0.6,0.006529,999999.99,99999.99,99999.99,0.17,0.09,0.07,-1,2017-05-24 17:00:00
2017,144,18,2507,51,52,59,36,3.0,3.0,-0.1,333.6,2.6,-1.3,0.0,-1.3,-0.4,0.1,0.2,0.1,0.2,0.1,40000.0,1.6,415.0,-0.9,-0.2,0.029,8642.0,0.2,4.0,0.4,0.3,0.002,0.51,0.17,1.25,8.7,6.1,0.0155,3,20,-11,2,79.9,48,-27,21,0.3,0.006529,999999.99,99999.99,99999.99,0.18,0.09,0.07,-1,2017-05-24 18:00:00
2017,144,19,2507,51,52,60,36,2.8,2.7,-6.2,331.1,2.4,-1.3,-0.3,-1.1,-0.7,0.1,0.5,0.3,0.3,0.2,57887.0,1.9,414.0,-0.9,-0.7,0.029,27321.0,0.2,4.0,0.2,0.3,0.002,0.61,0.29,1.88,10.2,6.3,0.0115,3,20,-8,2,79.9,74,-43,31,0.5,0.006529,999999.99,99999.99,99999.99,0.17,0.09,0.07,-1,2017-05-24 19:00:00
2017,144,20,2507,51,52,60,36,2.7,2.6,-12.6,316.0,1.9,-1.8,-0.6,-1.5,-1.2,0.1,0.4,0.2,0.2,0.2,57234.0,2.0,414.0,-1.2,-0.9,0.03,3627.0,0.1,3.0,0.4,0.2,0.002,0.64,0.5,2.12,10.8,6.4,0.0101,3,20,-9,2,79.9,129,-95,34,0.5,0.006529,999999.99,99999.99,99999.99,0.19,0.09,0.07,-1,2017-05-24 20:00:00
2017,144,21,2507,51,52,59,36,2.8,2.8,-17.2,321.0,2.1,-1.7,-0.8,-1.3,-1.4,0.1,0.5,0.3,0.3,0.2,55191.0,2.0,411.0,-1.0,-1.0,0.03,3670.0,0.1,2.0,0.3,0.3,0.001,0.63,0.58,1.95,10.4,6.3,0.011,3,20,-10,2,79.9,90,-59,30,0.2,0.006529,999999.99,99999.99,99999.99,0.17,0.11,0.08,-1,2017-05-24 21:00:00
2017,144,22,2507,51,52,59,36,2.9,2.9,-19.2,324.3,2.2,-1.6,-1.0,-1.1,-1.5,0.1,0.4,0.2,0.2,0.2,50403.0,2.1,407.0,-1.0,-1.0,0.03,3899.0,0.1,3.0,0.4,0.3,0.002,0.65,0.61,1.86,10.2,6.3,0.0115,3,20,-10,2,79.9,52,-27,24,-0.0,0.006529,999999.99,99999.99,99999.99,0.19,0.1,0.08,-1,2017-05-24 22:00:00
2017,144,23,2507,51,52,61,34,3.1,3.1,-16.5,335.0,2.7,-1.2,-0.9,-0.8,-1.3,0.1,0.4,0.2,0.3,0.1,39774.0,1.7,398.0,-1.1,-1.3,0.031,10788.0,0.4,5.0,0.5,0.4,0.003,0.51,0.52,1.24,8.4,5.8,0.017,3,20,-10,2,79.9,44,-25,18,-0.1,0.006529,999999.99,99999.99,99999.99,0.2,0.11,0.07,-1,2017-05-24 23:00:00
2017,145,0,2507,51,52,60,35,3.1,3.1,-6.8,351.8,3.0,-0.4,-0.4,-0.2,-0.5,0.0,0.2,0.0,0.1,0.1,27122.0,1.4,391.0,-0.4,-0.7,0.034,7954.0,0.3,5.0,0.4,0.3,0.005,0.41,0.2,0.94,7.5,5.5,0.0214,0,31,-11,0,78.1,38,-22,16,-0.2,0.006511,999999.99,99999.99,99999.99,0.2,0.1,0.07,-1,2017-05-25 00:00:00
2017,145,1,2507,51,52,59,36,3.0,3.0,-5.4,353.2,2.9,-0.4,-0.3,-0.3,-0.4,0.1,0.3,0.1,0.2,0.2,51210.0,2.0,398.0,-0.3,-0.5,0.031,10152.0,0.0,2.0,0.4,0.3,0.001,0.59,0.16,1.66,9.4,6.0,0.0135,0,31,-12,0,78.1,45,-25,20,-0.0,0.006511,999999.99,99999.99,99999.99,0.17,0.09,0.07,-1,2017-05-25 01:00:00
2017,145,2,2507,51,52,59,35,2.8,2.8,-4.8,354.2,2.8,-0.3,-0.2,-0.2,-0.3,0.1,0.2,0.1,0.1,0.1,35922.0,1.9,395.0,-0.6,-0.5,0.031,16786.0,0.4,5.0,0.2,0.2,0.003,0.56,0.12,1.66,9.7,6.2,0.0126,0,31,-11,0,78.1,42,-24,18,-0.1,0.006511,999999.99,99999.99,99999.99,0.17,0.09,0.07,-1,2017-05-25 02:00:00
2017,145,3,2507,51,52,60,34,3.0,3.0,-14.3,0.9,2.9,0.0,-0.7,0.2,-0.7,0.1,0.4,0.1,0.3,0.2,18779.0,1.7,388.0,-0.4,-1.0,0.032,7271.0,0.5,7.0,0.5,0.7,0.003,0.48,0.27,1.16,8.4,6.0,0.0167,3,31,-10,2,78.1,42,-19,23,-0.1,0.006511,999999.99,99999.99,99999.99,0.2,0.1,0.08,-1,2017-05-25 03:00:00
2017,145,4,2507,51,52,60,35,3.2,3.1,-10.3,9.0,3.0,0.5,-0.6,0.6,-0.5,0.0,0.4,0.1,0.3,0.3,27683.0,1.9,387.0,0.1,-0.7,0.03,8965.0,0.4,5.0,0.4,0.5,0.003,0.53,0.19,1.2,8.3,5.8,0.0171,3,31,-11,2,78.1,60,-23,37,0.2,0.006511,999999.99,99999.99,99999.99,0.18,0.1,0.08,-1,2017-05-25 04:00:00
2017,145,5,2507,51,52,60,34,3.4,3.3,-3.1,1.4,3.3,0.1,-0.2,0.1,-0.2,0.1,0.4,0.1,0.2,0.3,25119.0,1.7,379.0,-0.4,-0.4,0.03,5516.0,0.3,5.0,0.4,0.6,0.002,0.46,0.08,0.94,7.3,5.4,0.0225,3,31,-10,2,78.1,49,-19,29,0.6,0.006511,999999.99,99999.99,99999.99,0.17,0.09,0.07,-1,2017-05-25 05:00:00
2017,145,6,2507,51,52,59,37,3.4,3.4,13.0,352.7,3.3,-0.4,0.8,-0.5,0.8,0.1,0.4,0.1,0.3,0.2,25599.0,1.8,380.0,-0.3,0.4,0.036,6781.0,0.4,4.0,0.6,0.3,0.004,0.5,-0.3,1.0,7.5,5.5,0.0212,0,31,-8,0,78.1,58,-28,31,0.4,0.006511,999999.99,99999.99,99999.99,0.18,0.11,0.08,-1,2017-05-25 06:00:00
2017,145,7,2507,51,52,59,36,3.6,3.6,16.2,346.7,3.3,-0.8,1.0,-0.9,0.9,0.1,0.2,0.1,0.1,0.1,34667.0,2.5,382.0,0.1,-0.0,0.035,2507.0,0.1,1.0,0.1,0.2,0.001,0.69,-0.34,1.31,8.4,5.7,0.0169,0,31,-5,0,78.1,45,-23,22,-0.0,0.006511,999999.99,99999.99,99999.99,0.17,0.1,0.07,-1,2017-05-25 07:00:00
2017,145,8,2507,51,52,60,36,3.6,3.6,12.0,354.7,3.5,-0.3,0.8,-0.3,0.8,0.1,0.1,0.1,0.1,0.1,44180.0,2.6,378.0,0.5,-0.1,0.034,6968.0,0.1,2.0,0.2,0.2,0.002,0.7,-0.3,1.44,8.5,5.7,0.0166,0,31,-4,0,78.1,44,-25,19,-0.1,0.006511,999999.99,99999.99,99999.99,0.18,0.09,0.06,-1,2017-05-25 08:00:00
2017,145,9,2507,51,52,60,36,3.6,3.6,14.0,355.7,3.5,-0.3,0.9,-0.3,0.9,0.1,0.3,0.1,0.1,0.3,40258.0,2.7,376.0,0.8,-0.4,0.035,4221.0,0.1,1.0,0.2,0.4,0.003,0.73,-0.34,1.46,8.6,5.7,0.0162,7,31,-5,3,78.1,47,-25,22,0.1,0.006511,999999.99,99999.99,99999.99,0.2,0.11,0.08,-1,2017-05-25 09:00:00
2017,145,10,2507,51,52,60,35,3.5,3.5,13.8,345.7,3.3,-0.8,0.8,-0.8,0.8,0.1,0.4,0.1,0.3,0.2,37215.0,2.6,375.0,0.6,-0.7,0.031,5976.0,0.2,2.0,0.5,0.2,0.002,0.69,-0.3,1.46,8.6,5.7,0.0159,7,31,-4,3,78.1,50,-29,21,0.2,0.006511,999999.99,99999.99,99999.99,0.18,0.1,0.08,-1,2017-05-25 10:00:00
2017,145,11,2507,51,52,60,37,3.0,2.7,-4.6,241.6,-1.3,-2.4,-0.2,-2.4,-0.2,0.4,1.3,1.1,0.4,0.5,39184.0,3.9,374.0,-1.3,-0.7,0.028,8138.0,0.5,7.0,0.8,0.3,0.003,1.01,0.07,3.02,12.3,6.5,0.0078,7,31,0,3,78.1,57,-30,27,0.2,0.006511,999999.99,99999.99,99999.99,0.2,0.1,0.07,-1,2017-05-25 11:00:00
2017,145,12,2507,51,52,59,35,3.4,3.2,3.0,234.9,-1.8,-2.6,0.2,-2.6,0.2,0.2,1.3,0.8,0.5,0.8,36569.0,3.8,375.0,-0.8,-0.4,0.027,4337.0,0.2,4.0,0.5,0.5,0.003,0.99,-0.07,2.26,10.8,6.3,0.0103,10,31,-1,4,78.1,58,-30,28,0.6,0.006511,999999.99,99999.99,99999.99,0.19,0.11,0.08,-1,2017-05-25 12:00:00
2017,145,13,2507,51,52,60,36,3.5,3.3,23.1,249.6,-1.1,-2.9,1.3,-2.9,1.2,0.3,1.0,0.5,0.5,0.7,42973.0,4.1,370.0,-1.0,-0.3,0.027,4014.0,0.2,2.0,0.5,0.4,0.002,1.04,-0.44,2.39,10.7,6.1,0.0104,10,31,-4,4,78.1,70,-35,35,0.4,0.006511,999999.99,99999.99,99999.99,0.17,0.1,0.07,-1,2017-05-25 13:00:00
2017,145,14,2507,51,52,59,36,4.3,4.0,-13.3,243.0,-1.8,-3.5,-0.9,-3.4,-1.2,0.4,1.6,0.9,0.4,1.3,43102.0,4.1,367.0,-1.1,-0.9,0.025,6302.0,0.5,2.0,0.5,0.3,0.004,1.01,0.44,1.58,8.6,5.6,0.0159,10,31,-3,4,78.1,145,-88,57,1.2,0.006511,999999.99,99999.99,99999.99,0.17,0.09,0.07,-1,2017-05-25 14:00:00
2017,145,15,2507,51,52,58,36,3.2,2.7,2.6,254.0,-0.7,-2.6,0.1,-2.6,-0.2,0.2,1.8,1.2,0.3,1.2,45103.0,4.5,361.0,-0.9,-1.3,0.03,4331.0,0.2,4.0,0.4,0.7,0.003,1.1,0.07,3.17,12.0,6.2,0.0083,10,31,-3,4,78.1,183,-139,44,1.6,0.006511,999999.99,99999.99,99999.99,0.18,0.1,0.07,-1,2017-05-25 15:00:00
2017,145,16,2507,51,52,60,36,3.0,2.2,-2.7,288.5,0.7,-2.1,-0.1,-2.1,-0.5,0.4,2.0,0.7,0.6,1.8,51259.0,4.1,357.0,-0.7,-1.4,0.031,6318.0,0.2,3.0,0.5,0.6,0.003,0.98,0.18,3.4,12.0,6.1,0.0082,10,31,-4,4,78.1,86,-61,25,1.1,0.006511,999999.99,99999.99,99999.99,0.17,0.09,0.07,-1,2017-05-25 16:00:00
2017,145,17,2507,51,52,58,36,3.1,2.8,9.6,334.9,2.5,-1.2,0.5,-1.3,0.2,0.4,1.4,1.0,0.9,0.4,51354.0,3.8,351.0,-0.3,-1.5,0.032,6986.0,0.2,3.0,0.4,0.3,0.003,0.88,-0.07,2.96,11.0,5.9,0.0098,10,31,-4,4,78.1,43,-20,23,0.9,0.006511,999999.99,99999.99,99999.99,0.18,0.1,0.07,-1,2017-05-25 17:00:00
2017,145,18,2507,51,52,62,37,3.5,3.4,-11.3,341.1,3.2,-1.1,-0.7,-0.9,-1.0,0.1,0.7,0.3,0.5,0.4,50941.0,3.7,349.0,-0.6,-1.4,0.03,4038.0,0.2,4.0,0.4,0.2,0.001,0.84,0.35,2.25,9.6,5.6,0.0129,3,31,-5,2,78.1,53,-30,23,0.3,0.006511,999999.99,99999.99,99999.99,0.19,0.11,0.07,-1,2017-05-25 18:00:00
2017,145,19,2507,51,52,60,36,3.4,3.2,7.6,348.0,3.1,-0.7,0.4,-0.8,0.2,0.1,1.0,0.2,0.9,0.4,47070.0,4.2,351.0,-1.1,-1.3,0.028,6459.0,0.3,2.0,0.4,0.3,0.002,0.96,-0.07,2.65,10.6,5.8,0.0106,3,31,-7,2,78.1,51,-29,22,-0.2,0.006511,999999.99,99999.99,99999.99,0.18,0.09,0.06,-1,2017-05-25 19:00:00
2017,145,20,2507,51,52,59,35,3.3,3.2,5.8,340.1,3.0,-1.1,0.3,-1.1,-0.1,0.2,0.5,0.2,0.3,0.3,44996.0,4.3,352.0,-1.3,-1.7,0.028,2604.0,0.3,4.0,0.2,0.2,0.002,0.99,0.04,2.85,11.1,5.9,0.0097,3,31,-8,2,78.1,49,-24,25,-0.0,0.006511,999999.99,99999.99,99999.99,0.18,0.09,0.07,-1,2017-05-25 20:00:00
2017,145,21,2507,51,52,61,38,3.2,1.9,-7.6,278.0,0.3,-1.9,-0.3,-1.7,-0.9,0.3,2.6,2.3,0.6,1.1,44618.0,4.7,354.0,-1.3,-2.0,0.025,7317.0,0.4,6.0,1.2,0.4,0.002,1.08,0.32,3.3,12.0,6.1,0.0083,10,31,-7,4,78.1,71,-36,36,0.2,0.006511,999999.99,99999.99,99999.99,0.19,0.11,0.07,-1,2017-05-25 21:00:00
2017,145,22,2507,51,52,60,36,3.3,3.0,-37.7,264.7,-0.2,-2.4,-1.9,-1.6,-2.6,0.3,1.2,0.4,0.7,0.9,39203.0,4.7,356.0,-1.0,-2.6,0.028,4473.0,0.2,2.0,0.4,0.3,0.003,1.11,0.93,3.01,11.7,6.2,0.0087,10,31,-7,4,78.1,105,-50,55,1.0,0.006511,999999.99,99999.99,99999.99,0.19,0.09,0.07,-1,2017-05-25 22:00:00
2017,145,23,2507,51,52,55,35,3.1,3.0,-33.9,309.2,1.6,-1.9,-1.7,-1.2,-2.3,0.1,1.0,0.5,0.4,0.7,42397.0,4.1,347.0,-1.3,-2.7,0.03,2900.0,0.2,5.0,0.5,0.7,0.002,0.92,0.8,3.03,11.3,6.0,0.0093,10,31,-11,4,78.1,121,-47,74,1.1,0.006511,999999.99,99999.99,99999.99,0.19,0.1,0.07,-1,2017-05-25 23:00:00
2017,146,0,2507,51,52,60,33,3.7,3.5,3.8,352.4,3.5,-0.5,0.2,-0.5,0.0,0.1,1.1,0.2,0.6,0.9,43964.0,3.4,334.0,-1.5,-2.0,0.03,18907.0,0.6,6.0,0.7,1.0,0.001,0.71,-0.0,1.78,8.3,5.2,0.0172,10,25,-12,4,82.4,83,-23,60,0.8,0.006465,999999.99,99999.99,99999.99,0.18,0.1,0.07,-1,2017-05-26 00:00:00
2017,146,1,2507,51,52,61,36,3.9,3.8,18.7,344.6,3.5,-1.0,1.2,-1.3,0.8,0.3,0.8,0.3,0.6,0.5,40783.0,3.5,332.0,-0.4,0.7,0.029,5016.0,0.3,5.0,0.8,0.8,0.003,0.72,-0.27,1.62,8.0,5.1,0.0188,10,25,-10,4,82.4,47,-21,26,0.1,0.006465,999999.99,99999.99,99999.99,0.18,0.1,0.07,-1,2017-05-26 01:00:00
2017,146,2,2507,51,52,57,35,4.0,3.9,25.0,359.5,3.5,0.0,1.6,-0.4,1.5,0.2,0.9,0.4,0.8,0.2,36939.0,3.7,328.0,0.6,0.9,0.027,2566.0,0.4,4.0,0.4,0.7,0.002,0.74,-0.49,1.59,7.9,5.1,0.0191,10,25,-7,4,82.4,42,-25,17,-0.2,0.006465,999999.99,99999.99,99999.99,0.19,0.1,0.08,-1,2017-05-26 02:00:00
2017,146,3,2507,51,52,63,38,3.6,3.1,18.7,315.1,2.1,-2.1,1.0,-2.3,0.5,0.2,1.8,1.3,1.0,0.7,33681.0,4.7,328.0,-0.6,0.8,0.023,4984.0,0.5,9.0,0.9,0.8,0.003,0.92,-0.16,2.44,9.9,5.6,0.0122,3,25,-3,2,82.4,39,-21,18,-0.2,0.006465,999999.99,99999.99,99999.99,0.18,0.09,0.06,-1,2017-05-26 03:00:00
2017,146,4,2507,51,52,62,35,3.4,2.9,7.3,276.4,0.3,-2.9,0.4,-2.9,-0.2,0.1,1.8,1.5,0.5,0.9,29557.0,5.3,338.0,-1.1,0.0,0.022,6764.0,0.4,11.0,0.8,1.4,0.002,1.1,0.07,3.01,11.4,6.0,0.0091,3,25,0,2,82.4,58,-15,42,-0.1,0.006465,999999.99,99999.99,99999.99,0.19,0.1,0.08,-1,2017-05-26 04:00:00
2017,146,5,2507,51,52,60,37,3.4,3.1,14.4,264.1,-0.3,-3.0,0.8,-3.1,0.3,0.1,1.4,1.1,0.3,0.9,24111.0,5.4,342.0,-1.7,-0.2,0.019,3414.0,0.7,7.0,0.3,1.0,0.003,1.13,-0.1,2.96,11.7,6.2,0.0087,3,25,2,2,82.4,74,-17,57,-0.2,0.006465,999999.99,99999.99,99999.99,0.18,0.1,0.07,-1,2017-05-26 05:00:00
2017,146,6,2507,51,52,56,32,3.2,2.4,13.8,266.6,-0.1,-2.3,0.6,-2.4,0.4,0.4,2.1,1.9,0.6,0.8,28973.0,5.0,341.0,-1.6,-0.3,0.02,5850.0,0.5,10.0,0.6,0.9,0.003,1.05,-0.14,3.2,11.9,6.1,0.0084,3,25,2,2,82.4,68,-26,41,-0.3,0.006465,999999.99,99999.99,99999.99,0.2,0.1,0.07,-1,2017-05-26 06:00:00
2017,146,7,2507,51,52,60,35,3.5,3.4,17.7,298.8,1.5,-2.8,1.0,-2.9,0.8,0.1,0.8,0.6,0.4,0.4,20914.0,4.9,330.0,-2.3,0.1,0.017,2627.0,0.3,5.0,0.4,0.6,0.002,0.95,-0.26,2.48,10.4,5.9,0.0109,3,25,1,2,82.4,72,-35,37,-0.3,0.006465,999999.99,99999.99,99999.99,0.17,0.09,0.06,-1,2017-05-26 07:00:00
2017,146,8,2507,51,52,59,34,3.9,3.8,18.3,308.0,2.2,-2.8,1.2,-2.8,1.1,0.2,0.8,0.5,0.4,0.5,19957.0,4.3,325.0,-2.6,0.2,0.015,2499.0,0.4,3.0,0.4,0.5,0.002,0.8,-0.36,1.74,8.6,5.5,0.0159,3,25,0,2,82.4,63,-33,31,-0.4,0.006465,999999.99,99999.99,99999.99,0.16,0.1,0.07,-1,2017-05-26 08:00:00
2017,146,9,2507,51,52,62,36,3.5,2.8,-39.9,237.4,-1.1,-1.8,-1.8,-1.8,-1.8,0.2,2.1,1.4,0.8,1.4,19705.0,5.6,334.0,-1.0,-1.8,0.016,2961.0,0.5,6.0,0.8,1.1,0.002,1.11,0.6,2.82,11.3,6.1,0.0093,7,25,2,3,82.4,66,-30,36,-0.1,0.006465,999999.99,99999.99,99999.99,0.19,0.1,0.08,-1,2017-05-26 09:00:00
2017,146,10,2507,51,52,61,37,3.5,3.4,-43.9,219.7,-1.9,-1.5,-2.3,-1.5,-2.3,0.1,0.8,0.5,0.5,0.3,19285.0,6.0,335.0,-0.7,-2.5,0.016,2014.0,0.3,2.0,0.3,0.3,0.001,1.2,0.77,3.01,11.7,6.2,0.0087,7,25,2,3,82.4,177,-105,72,1.2,0.006465,999999.99,99999.99,99999.99,0.16,0.09,0.07,-1,2017-05-26 10:00:00
2017,146,11,2507,51,52,59,36,3.2,2.8,-22.2,240.0,-1.3,-2.3,-1.1,-2.3,-1.1,0.1,1.4,0.4,0.9,0.9,22997.0,6.1,334.0,-1.4,-1.6,0.015,2323.0,0.5,2.0,1.1,0.7,0.002,1.2,0.37,3.75,12.9,6.3,0.0072,7,25,-2,3,82.4,182,-109,73,1.1,0.006465,999999.99,99999.99,99999.99,0.2,0.11,0.08,-1,2017-05-26 11:00:00
2017,146,12,2507,51,52,58,35,3.0,2.6,-23.5,290.0,0.8,-2.2,-1.0,-2.2,-1.0,0.1,1.5,0.9,0.7,1.0,22125.0,5.8,321.0,-1.7,-1.9,0.015,1947.0,0.2,6.0,1.1,1.0,0.002,1.06,0.32,4.03,12.9,6.1,0.0072,3,25,-3,2,82.4,85,-42,42,0.8,0.006465,999999.99,99999.99,99999.99,0.18,0.1,0.08,-1,2017-05-26 12:00:00
2017,146,13,2507,51,52,58,34,3.0,2.8,9.4,302.3,1.5,-2.3,0.5,-2.3,0.4,0.1,1.0,0.4,0.3,0.9,22782.0,5.5,317.0,-2.3,-0.2,0.015,1759.0,0.2,3.0,0.3,1.0,0.001,0.98,-0.13,3.84,12.4,6.0,0.0077,3,25,-2,2,82.4,50,-26,24,0.4,0.006465,999999.99,99999.99,99999.99,0.2,0.1,0.07,-1,2017-05-26 13:00:00
2017,146,14,2507,51,52,59,35,3.1,3.0,8.8,315.8,2.2,-2.1,0.5,-2.1,0.4,0.1,0.6,0.5,0.4,0.2,19868.0,5.4,313.0,-2.6,0.2,0.016,2048.0,0.4,4.0,0.4,0.3,0.001,0.94,-0.13,3.47,11.7,5.9,0.0086,3,25,-1,2,82.4,47,-30,17,0.2,0.006465,999999.99,99999.99,99999.99,0.18,0.1,0.07,-1,2017-05-26 14:00:00
2017,146,15,2507,51,52,58,35,3.2,3.1,-4.6,323.1,2.5,-1.8,-0.3,-1.8,-0.5,0.1,0.8,0.4,0.4,0.6,20977.0,6.1,313.0,-2.7,-1.0,0.015,2194.0,0.3,3.0,0.3,0.5,0.001,1.06,0.16,3.7,12.1,5.9,0.0082,3,25,0,2,82.4,29,-19,10,0.5,0.006465,999999.99,99999.99,99999.99,0.18,0.1,0.07,-1,2017-05-26 15:00:00
2017,146,16,2507,51,52,61,37,3.3,3.2,9.6,316.0,2.3,-2.2,0.5,-2.3,0.1,0.0,0.5,0.4,0.4,0.2,17169.0,5.9,311.0,-3.1,-0.2,0.015,600.0,0.1,1.0,0.2,0.2,0.001,1.01,-0.03,3.28,11.4,5.8,0.0091,3,25,0,2,82.4,34,-21,13,0.4,0.006465,999999.99,99999.99,99999.99,0.18,0.09,0.07,-1,2017-05-26 16:00:00
2017,146,17,2507,51,52,61,37,3.1,3.0,-5.0,298.7,1.4,-2.6,-0.3,-2.5,-0.8,0.1,1.0,0.6,0.3,0.7,19099.0,5.7,315.0,-2.8,-0.8,0.014,2290.0,0.3,3.0,0.3,0.6,0.001,1.0,0.25,3.64,12.1,6.0,0.0081,3,25,0,2,82.4,37,-15,22,1.0,0.006465,999999.99,99999.99,99999.99,0.16,0.1,0.07,-1,2017-05-26 17:00:00
2017,146,18,2507,51,52,58,34,3.1,2.9,-4.9,301.8,1.5,-2.5,-0.2,-2.4,-0.8,0.0,0.9,0.7,0.3,0.5,18363.0,5.5,312.0,-2.6,-0.8,0.013,1254.0,0.1,5.0,0.2,0.4,0.001,0.94,0.25,3.49,11.8,5.9,0.0085,7,25,0,3,82.4,73,-40,33,1.2,0.006465,999999.99,99999.99,99999.99,0.18,0.09,0.07,-1,2017-05-26 18:00:00
2017,146,19,2507,51,52,62,38,2.8,1.5,-34.6,185.2,-1.3,-0.1,-0.9,0.2,-0.9,0.8,2.4,1.9,1.0,1.1,21345.0,5.1,313.0,-2.3,-0.5,0.012,8195.0,0.6,5.0,0.7,0.6,0.003,0.87,0.28,4.05,12.6,6.0,0.0075,7,25,2,3,82.4,76,-49,27,0.7,0.006465,999999.99,99999.99,99999.99,0.19,0.11,0.07,-1,2017-05-26 19:00:00
2017,146,20,2507,51,52,59,36,2.9,2.9,-53.8,224.3,-1.2,-1.2,-2.3,-0.4,-2.6,0.4,0.8,0.6,0.4,0.3,20618.0,5.2,317.0,-2.6,-1.5,0.013,3923.0,0.6,6.0,0.3,0.7,0.002,0.92,0.82,3.83,12.5,6.0,0.0077,7,25,2,3,82.4,124,-91,33,0.8,0.006465,999999.99,99999.99,99999.99,0.19,0.11,0.08,-1,2017-05-26 20:00:00
2017,146,21,2507,51,52,59,35,3.0,2.9,-59.0,202.3,-1.4,-0.6,-2.5,0.3,-2.6,0.2,0.7,0.3,0.5,0.3,18977.0,4.8,309.0,-2.5,-0.5,0.012,2408.0,0.2,2.0,0.4,0.4,0.001,0.8,0.8,3.27,11.3,5.8,0.0093,0,25,0,0,82.4,97,-63,34,1.0,0.006465,999999.99,99999.99,99999.99,0.17,0.09,0.07,-1,2017-05-26 21:00:00
2017,146,22,2507,51,52,60,36,2.9,2.8,-44.4,218.2,-1.6,-1.2,-1.9,-0.5,-2.2,0.2,0.8,0.6,0.5,0.2,20887.0,5.0,308.0,-2.5,-0.6,0.012,2192.0,0.2,4.0,0.5,0.3,0.002,0.83,0.68,3.69,11.9,5.8,0.0084,0,25,-1,0,82.4,106,-67,38,1.0,0.006465,999999.99,99999.99,99999.99,0.2,0.1,0.07,-1,2017-05-26 22:00:00
2017,146,23,2507,51,52,59,36,2.8,2.8,-32.4,263.3,-0.3,-2.3,-1.5,-1.6,-2.2,0.1,0.5,0.3,0.2,0.2,24225.0,5.4,305.0,-2.3,-0.4,0.012,2231.0,0.2,2.0,0.3,0.3,0.001,0.88,0.67,4.37,12.7,5.8,0.0074,0,25,-4,0,82.4,83,-35,49,1.0,0.006465,999999.99,99999.99,99999.99,0.16,0.09,0.06,-1,2017-05-26 23:00:00
2017,147,0,2507,51,52,60,37,2.6,2.1,1.3,276.7,0.3,-2.1,0.0,-2.0,-0.7,0.2,1.4,0.4,0.6,1.3,25668.0,5.6,303.0,-2.6,0.1,0.013,2255.0,0.3,1.0,0.5,0.7,0.001,0.9,0.21,5.31,13.8,5.8,0.0063,7,24,-5,3,84.1,71,-23,48,0.7,0.00634,999999.99,99999.99,99999.99,0.17,0.1,0.07,-1,2017-05-27 00:00:00
2017,147,1,2507,51,52,60,34,2.9,2.6,-25.7,266.8,-0.1,-2.4,-1.1,-2.0,-1.8,0.2,1.2,0.5,0.5,1.0,22642.0,5.6,304.0,-2.7,-0.8,0.012,2458.0,0.3,1.0,0.4,0.4,0.002,0.91,0.55,4.18,12.4,5.8,0.0077,7,24,-6,3,84.1,72,-25,47,0.4,0.00634,999999.99,99999.99,99999.99,0.19,0.1,0.08,-1,2017-05-27 01:00:00
2017,147,2,2507,51,52,61,37,2.8,2.5,-2.1,291.9,0.9,-2.3,-0.1,-2.2,-0.7,0.2,1.4,0.8,0.3,1.0,22523.0,5.6,303.0,-2.8,-0.4,0.011,2065.0,0.2,2.0,0.3,0.5,0.002,0.9,0.21,4.48,12.8,5.8,0.0073,7,24,-6,3,84.1,97,-28,68,0.5,0.00634,999999.99,99999.99,99999.99,0.18,0.1,0.07,-1,2017-05-27 02:00:00
2017,147,3,2507,51,52,58,35,2.9,2.4,15.1,274.6,0.2,-2.3,0.6,-2.4,0.1,0.1,1.7,1.4,0.8,0.3,22506.0,5.7,302.0,-2.6,-0.1,0.014,2128.0,0.3,3.0,0.4,0.2,0.001,0.92,-0.03,4.25,12.4,5.8,0.0077,3,24,-2,2,84.1,68,-24,45,0.1,0.00634,999999.99,99999.99,99999.99,0.18,0.09,0.07,-1,2017-05-27 03:00:00
2017,147,4,2507,51,52,60,16,2.8,2.2,28.1,324.3,1.6,-1.2,1.1,-1.4,0.9,0.2,1.7,0.7,0.8,1.3,22364.0,5.9,299.0,-2.6,-0.1,0.012,2578.0,0.2,2.0,0.3,0.6,0.002,0.92,-0.27,4.72,13.0,5.8,0.0071,3,24,-2,2,84.1,41,-18,23,-0.1,0.00634,999999.99,99999.99,99999.99,0.17,0.1,0.08,-1,2017-05-27 04:00:00
2017,147,5,2507,51,52,60,8,2.3,1.5,7.0,306.4,0.9,-1.2,0.2,-1.2,0.0,0.3,1.7,0.4,0.5,1.6,16996.0,6.0,301.0,-2.1,-0.5,0.008,2285.0,0.2,4.0,0.3,0.5,0.001,0.94,-0.0,6.86,16.0,6.1,0.0046,3,24,0,2,84.1,34,-12,21,0.0,0.00634,999999.99,99999.99,99999.99,0.18,0.1,0.07,-1,2017-05-27 05:00:00
2017,147,6,2507,51,52,60,16,2.2,2.1,29.5,300.3,0.9,-1.6,1.0,-1.7,0.8,0.1,0.8,0.2,0.3,0.7,17154.0,6.0,301.0,-2.2,-0.2,0.011,1019.0,0.2,3.0,0.3,0.3,0.001,0.95,-0.24,7.5,16.8,6.1,0.0042,0,24,1,0,84.1,38,-18,20,-0.3,0.00634,999999.99,99999.99,99999.99,0.17,0.1,0.07,-1,2017-05-27 06:00:00
2017,147,7,2507,51,52,60,29,2.5,2.3,-6.1,309.8,1.5,-1.8,-0.2,-1.8,-0.3,0.3,1.0,0.6,0.2,0.8,18151.0,6.2,301.0,-1.3,-0.3,0.009,1039.0,0.2,1.0,0.5,0.3,0.002,0.97,0.09,6.05,15.0,6.0,0.0053,0,24,2,0,84.1,44,-15,29,-0.3,0.00634,999999.99,99999.99,99999.99,0.18,0.1,0.07,-1,2017-05-27 07:00:00
2017,147,8,2507,51,52,60,11,2.4,2.1,16.9,303.3,1.1,-1.7,0.6,-1.7,0.6,0.2,1.1,0.6,0.3,0.8,17512.0,6.1,299.0,-1.5,-0.0,0.009,785.0,0.2,1.0,0.3,0.3,0.001,0.94,-0.18,6.43,15.4,6.0,0.005,0,24,3,0,84.1,54,-22,32,-0.3,0.00634,999999.99,99999.99,99999.99,0.18,0.1,0.07,-1,2017-05-27 08:00:00
2017,147,9,2507,51,52,59,9,2.1,1.9,33.9,288.7,0.5,-1.5,1.0,-1.5,1.0,0.1,0.9,0.5,0.6,0.4,18626.0,6.6,298.0,-1.9,-0.6,0.01,1414.0,0.2,1.0,0.1,0.2,0.001,1.02,-0.3,9.15,18.2,6.1,0.0036,0,24,3,0,84.1,52,-25,27,-0.4,0.00634,999999.99,99999.99,99999.99,0.17,0.09,0.07,-1,2017-05-27 09:00:00
2017,147,10,2507,51,52,61,24,2.5,2.2,7.1,276.8,0.3,-2.2,0.3,-2.2,0.3,0.3,1.1,0.9,0.6,0.3,19390.0,5.9,296.0,-1.0,-0.7,0.01,7156.0,0.6,2.0,0.4,0.3,0.001,0.9,-0.09,5.8,14.4,5.9,0.0058,0,24,4,0,84.1,64,-30,34,-0.2,0.00634,999999.99,99999.99,99999.99,0.17,0.08,0.06,-1,2017-05-27 10:00:00
2017,147,11,2507,51,52,60,22,2.7,2.6,2.4,268.8,-0.1,-2.6,0.1,-2.6,0.1,0.1,0.7,0.4,0.1,0.5,17840.0,6.4,298.0,-1.4,-0.7,0.01,1143.0,0.2,1.0,0.2,0.2,0.0,0.99,-0.03,5.34,14.0,5.9,0.0061,0,24,3,0,84.1,66,-35,31,-0.1,0.00634,999999.99,99999.99,99999.99,0.18,0.1,0.07,-1,2017-05-27 11:00:00
2017,147,12,2507,51,52,61,18,2.8,2.6,3.5,259.5,-0.5,-2.6,0.2,-2.6,0.2,0.2,0.8,0.7,0.2,0.4,17901.0,6.7,299.0,-1.6,-0.8,0.011,1394.0,0.2,3.0,0.3,0.1,0.001,1.04,-0.06,5.2,13.8,5.9,0.0062,10,24,2,4,84.1,56,-35,22,0.0,0.00634,999999.99,99999.99,99999.99,0.17,0.09,0.07,-1,2017-05-27 12:00:00
2017,147,13,2507,51,52,59,17,3.2,3.0,-39.6,283.0,0.5,-2.2,-1.9,-2.1,-2.0,0.1,1.1,0.8,0.5,0.5,20633.0,6.8,296.0,-1.3,-2.1,0.012,2505.0,0.4,3.0,0.4,0.3,0.001,1.04,0.59,4.12,12.1,5.7,0.0082,10,24,2,4,84.1,68,-30,37,0.7,0.00634,999999.99,99999.99,99999.99,0.19,0.1,0.07,-1,2017-05-27 13:00:00
2017,147,14,2507,51,52,60,33,3.1,2.8,-3.7,251.9,-0.9,-2.7,-0.2,-2.7,-0.4,0.2,1.1,0.7,0.4,0.7,19602.0,7.5,300.0,-2.2,-1.1,0.012,2206.0,0.3,2.0,0.4,0.4,0.001,1.18,0.12,4.8,13.3,5.8,0.0068,10,24,2,4,84.1,210,-130,80,1.1,0.00634,999999.99,99999.99,99999.99,0.19,0.1,0.07,-1,2017-05-27 14:00:00
2017,147,15,2507,51,52,73,44,4.5,3.4,-32.0,256.7,-0.7,-2.8,-1.8,-2.6,-2.1,2.5,3.8,1.8,2.5,2.2,28834.0,12.2,319.0,-0.7,-0.2,0.014,15006.0,7.4,30.0,1.5,2.6,0.006,2.19,0.67,3.94,12.4,5.9,0.0078,33,24,10,18,84.1,182,-117,65,1.4,0.00634,999999.99,99999.99,99999.99,0.19,0.1,0.07,-1,2017-05-27 15:00:00
2017,147,16,2507,51,52,58,35,6.8,5.3,-32.1,271.3,0.1,-4.5,-2.8,-4.0,-3.5,1.7,4.5,2.5,3.1,2.1,78102.0,28.8,360.0,1.9,2.6,0.022,22320.0,2.5,3.0,1.4,0.8,0.003,6.78,1.26,5.35,14.2,6.0,0.0059,33,24,23,18,84.1,361,-286,76,2.8,0.00634,999999.99,99999.99,99999.99,0.16,0.09,0.06,-1,2017-05-27 16:00:00
2017,147,17,2507,51,52,63,38,6.3,4.7,-76.9,30.3,0.9,0.5,-4.6,1.4,-4.4,0.9,4.2,2.2,3.0,2.0,102760.0,34.6,365.0,2.0,1.0,0.02,7470.0,3.1,4.0,0.8,0.6,0.004,8.31,1.61,8.38,17.0,5.9,0.0041,33,24,25,18,84.1,299,-194,105,1.3,0.00634,999999.99,99999.99,99999.99,0.17,0.09,0.06,-1,2017-05-27 17:00:00
2017,147,18,2507,51,52,62,38,5.7,3.7,-75.1,56.6,0.5,0.8,-3.5,1.7,-3.2,1.8,4.6,1.3,3.3,3.0,90390.0,47.1,376.0,1.2,-0.0,0.016,14636.0,7.4,5.0,0.7,0.4,0.002,11.83,1.2,13.19,22.6,6.4,0.0023,27,24,29,12,84.1,266,-143,123,1.6,0.00634,999999.99,99999.99,99999.99,0.18,0.1,0.08,-1,2017-05-27 18:00:00
2017,147,19,2507,51,52,59,35,5.0,3.3,13.5,84.9,0.3,3.2,0.8,2.8,1.7,1.5,4.0,1.6,3.1,1.9,70132.0,56.0,380.0,-0.6,-0.3,0.013,5242.0,3.2,3.0,0.6,0.6,0.002,14.21,-0.65,18.5,28.4,6.9,0.0015,27,24,30,12,84.1,186,-88,98,0.8,0.00634,999999.99,99999.99,99999.99,0.17,0.1,0.07,-1,2017-05-27 19:00:00
2017,147,20,2507,51,52,60,35,4.3,1.7,-19.2,121.7,-0.9,1.4,-0.6,1.5,-0.1,3.3,5.0,1.7,4.4,1.7,65351.0,62.1,376.0,-0.9,-0.9,0.012,21413.0,3.5,4.0,0.7,0.5,0.001,15.37,0.04,27.07,34.5,7.0,0.001,27,24,34,12,84.1,109,-17,92,0.7,0.00634,999999.99,99999.99,99999.99,0.16,0.1,0.07,-1,2017-05-27 20:00:00
2017,147,21,2507,51,52,60,37,13.1,9.6,-43.6,115.8,-3.0,6.3,-6.6,8.2,-4.1,4.1,9.6,3.8,4.8,7.4,79403.0,59.7,379.0,1.8,-1.7,0.014,20358.0,16.3,4.0,2.6,1.5,0.002,15.12,1.55,3.01,11.2,5.9,0.0095,57,24,35,67,84.1,137,-26,111,0.7,0.00634,999999.99,99999.99,99999.99,0.21,0.1,0.07,-1,2017-05-27 21:00:00
2017,147,22,2507,51,52,60,36,18.5,18.3,-65.4,170.4,-7.5,1.3,-16.6,6.9,-15.1,1.2,2.8,1.6,2.2,0.7,77565.0,41.6,372.0,4.5,1.0,0.015,24431.0,3.7,2.0,1.5,0.3,0.003,10.19,5.62,1.04,6.5,4.7,0.0283,57,24,11,67,84.1,520,-238,282,3.4,0.00634,999999.99,99999.99,99999.99,0.19,0.1,0.07,-1,2017-05-27 22:00:00
2017,147,23,2507,51,52,63,37,22.8,22.5,-72.2,159.6,-6.4,2.4,-21.4,9.5,-19.3,0.5,3.9,2.4,2.7,1.4,47373.0,8.3,401.0,-3.8,-1.5,0.023,10039.0,8.7,12.0,2.5,1.6,0.005,2.43,7.74,0.12,2.5,2.4,0.1853,57,24,-28,67,84.1,949,-682,267,5.1,0.00634,999999.99,99999.99,99999.99,0.16,0.09,0.06,-1,2017-05-27 23:00:00
2017,148,0,2507,51,52,59,34,21.8,21.7,-75.2,167.2,-5.4,1.2,-21.0,7.9,-19.5,0.5,2.0,0.9,1.7,0.5,35096.0,9.7,395.0,-4.2,-1.5,0.033,14751.0,2.2,4.0,1.2,1.0,0.011,2.86,7.7,0.14,2.8,2.7,0.1494,60,21,-51,80,81.0,847,-658,189,6.1,0.00625,999999.99,99999.99,99999.99,0.17,0.09,0.07,-1,2017-05-28 00:00:00
2017,148,1,2507,51,52,59,36,20.9,20.8,-73.0,196.3,-5.8,-1.7,-19.9,4.3,-19.5,0.2,2.2,0.7,2.0,0.4,17957.0,8.1,386.0,-2.1,-1.5,0.047,3840.0,1.1,4.0,1.7,0.7,0.011,2.39,7.53,0.11,2.6,2.5,0.1722,60,21,-69,80,81.0,1002,-698,304,5.4,0.00625,999999.99,99999.99,99999.99,0.19,0.09,0.07,-1,2017-05-28 01:00:00
2017,148,2,2507,51,52,58,35,20.4,20.3,-68.0,199.9,-7.2,-2.6,-18.8,2.4,-18.8,0.1,1.5,0.7,1.2,0.4,13667.0,6.6,376.0,-2.1,-1.2,0.047,6616.0,0.8,4.0,1.2,0.6,0.006,1.85,7.07,0.09,2.4,2.3,0.2122,60,21,-84,80,81.0,1163,-926,237,4.9,0.00625,999999.99,99999.99,99999.99,0.15,0.09,0.06,-1,2017-05-28 02:00:00
2017,148,3,2507,51,52,60,36,19.7,19.7,-63.4,203.5,-8.1,-3.5,-17.6,0.5,-17.9,0.3,1.2,0.7,0.9,0.4,15009.0,7.2,369.0,-2.8,-1.1,0.041,3461.0,0.6,4.0,0.4,0.4,0.003,1.91,6.61,0.11,2.5,2.4,0.1883,70,21,-95,132,81.0,1031,-731,300,4.6,0.00625,999999.99,99999.99,99999.99,0.17,0.08,0.06,-1,2017-05-28 03:00:00
2017,148,4,2507,51,52,60,35,18.8,18.7,-65.8,225.4,-5.4,-5.5,-17.1,-2.3,-17.8,0.2,1.8,1.0,1.4,0.5,29192.0,9.0,373.0,-3.2,-1.4,0.041,5335.0,1.0,4.0,0.9,0.5,0.008,2.43,6.64,0.17,3.0,2.8,0.1343,70,21,-102,132,81.0,1171,-1010,161,8.3,0.00625,999999.99,99999.99,99999.99,0.14,0.08,0.05,-1,2017-05-28 04:00:00
2017,148,5,2507,51,52,59,36,18.5,18.4,-61.1,221.3,-6.7,-5.9,-16.1,-3.7,-16.7,0.2,2.3,0.8,1.9,0.8,33181.0,7.6,369.0,-2.9,-1.1,0.059,10434.0,2.2,4.0,1.1,0.6,0.025,2.14,6.16,0.15,2.7,2.6,0.1574,70,21,-115,132,81.0,1270,-1068,202,7.0,0.00625,999999.99,99999.99,99999.99,0.16,0.08,0.06,-1,2017-05-28 05:00:00
2017,148,6,2507,51,52,61,37,18.0,17.9,-55.1,224.1,-7.3,-7.1,-14.7,-5.7,-15.3,0.1,1.8,0.4,1.5,0.9,58658.0,6.9,370.0,-2.8,-2.0,0.095,9035.0,0.4,3.0,1.1,0.6,0.006,2.18,5.66,0.17,2.7,2.5,0.1632,60,21,-132,80,81.0,1139,-1069,69,6.1,0.00625,999999.99,99999.99,99999.99,0.17,0.09,0.07,-1,2017-05-28 06:00:00
2017,148,7,2507,51,52,59,36,16.9,16.7,-42.0,232.0,-7.6,-9.8,-11.2,-9.2,-11.7,0.5,2.8,0.5,1.9,1.9,57959.0,8.4,369.0,-2.0,-3.8,0.086,7476.0,1.1,3.0,1.3,1.4,0.008,2.57,4.32,0.23,3.2,2.9,0.1188,60,21,-146,80,81.0,1083,-997,86,5.7,0.00625,999999.99,99999.99,99999.99,0.15,0.08,0.06,-1,2017-05-28 07:00:00
2017,148,8,2507,51,52,57,33,16.7,16.5,-45.0,228.7,-7.7,-8.8,-11.7,-8.5,-11.9,0.5,1.7,0.9,1.2,0.9,50911.0,8.9,365.0,-2.3,-2.7,0.072,11096.0,1.7,7.0,1.2,1.0,0.008,2.55,4.34,0.24,3.3,3.0,0.1119,60,21,-130,80,81.0,738,-641,97,5.4,0.00625,999999.99,99999.99,99999.99,0.17,0.09,0.06,-1,2017-05-28 08:00:00
2017,148,9,2507,51,52,64,39,16.3,16.0,-39.3,234.0,-7.3,-10.0,-10.2,-10.0,-10.2,0.7,3.0,1.4,1.8,1.9,51268.0,10.4,364.0,-2.1,-2.7,0.058,16465.0,3.3,9.0,1.1,1.9,0.01,2.84,3.71,0.29,3.6,3.2,0.0917,50,21,-116,48,81.0,794,-667,127,5.7,0.00625,999999.99,99999.99,99999.99,0.16,0.08,0.06,-1,2017-05-28 09:00:00
2017,148,10,2507,51,52,57,35,15.4,15.2,-30.0,236.7,-7.2,-11.0,-7.6,-11.1,-7.4,0.2,2.4,1.1,1.7,1.3,51259.0,12.8,362.0,-1.6,-3.9,0.054,2736.0,0.7,6.0,1.2,1.0,0.005,3.41,2.68,0.4,4.2,3.6,0.0673,50,21,-113,48,81.0,631,-404,227,6.2,0.00625,999999.99,99999.99,99999.99,0.17,0.09,0.06,-1,2017-05-28 10:00:00
2017,148,11,2507,51,52,60,36,14.4,14.2,-19.5,234.8,-7.7,-10.9,-4.7,-11.0,-4.5,0.4,2.2,0.8,1.0,1.8,70753.0,12.8,365.0,-3.1,-5.2,0.065,12344.0,2.2,4.0,1.2,1.2,0.01,3.59,1.64,0.51,4.5,3.8,0.0579,50,21,-96,48,81.0,669,-388,281,4.8,0.00625,999999.99,99999.99,99999.99,0.16,0.08,0.06,-1,2017-05-28 11:00:00
2017,148,12,2507,51,52,62,36,14.8,14.7,-15.0,237.0,-7.7,-11.9,-3.8,-11.9,-3.8,0.1,1.7,1.1,0.8,1.0,81574.0,8.8,368.0,-3.3,-4.8,0.077,18652.0,1.0,5.0,1.4,1.3,0.011,2.6,1.4,0.35,3.7,3.2,0.0874,37,21,-83,22,81.0,451,-236,215,3.6,0.00625,999999.99,99999.99,99999.99,0.17,0.08,0.06,-1,2017-05-28 12:00:00
2017,148,13,2507,51,52,58,36,15.3,15.2,-18.2,233.7,-8.5,-11.6,-4.7,-11.5,-4.9,0.2,1.7,0.6,0.6,1.5,63828.0,7.0,359.0,-2.9,-4.4,0.073,14562.0,0.9,5.0,1.1,1.7,0.008,1.95,1.76,0.24,3.1,2.8,0.1235,37,21,-70,22,81.0,626,-433,193,3.8,0.00625,999999.99,99999.99,99999.99,0.15,0.08,0.06,-1,2017-05-28 13:00:00
2017,148,14,2507,51,52,60,36,16.2,16.2,-12.0,233.6,-9.4,-12.7,-3.4,-12.5,-4.1,0.4,1.5,0.9,0.6,1.1,42347.0,6.0,355.0,-1.9,-5.3,0.059,7778.0,0.7,6.0,0.6,1.2,0.006,1.56,1.46,0.16,2.7,2.5,0.1651,37,21,-71,22,81.0,537,-322,215,4.2,0.00625,999999.99,99999.99,99999.99,0.17,0.08,0.06,-1,2017-05-28 14:00:00
2017,148,15,2507,51,52,63,37,17.0,16.8,0.1,235.0,-9.6,-13.7,0.0,-13.6,-1.4,0.2,2.8,1.0,0.9,2.4,44991.0,7.0,361.0,-2.9,-5.8,0.058,5955.0,0.8,6.0,0.6,0.8,0.007,1.88,0.51,0.17,2.8,2.6,0.1507,17,21,-70,6,81.0,456,-256,201,3.9,0.00625,999999.99,99999.99,99999.99,0.17,0.08,0.06,-1,2017-05-28 15:00:00
2017,148,16,2507,51,52,57,34,16.8,16.7,13.3,232.0,-10.0,-12.8,3.9,-13.2,2.0,0.2,1.4,1.0,0.8,0.6,45017.0,7.5,363.0,-3.7,-5.2,0.062,3585.0,0.7,5.0,0.5,0.6,0.006,2.06,-0.73,0.19,3.0,2.7,0.1359,17,21,-66,6,81.0,482,-307,175,4.3,0.00625,999999.99,99999.99,99999.99,0.18,0.09,0.06,-1,2017-05-28 16:00:00
2017,148,17,2507,51,52,58,36,16.2,15.9,32.9,228.6,-8.8,-10.0,8.6,-11.5,6.4,0.3,3.0,1.5,0.9,2.4,37685.0,8.8,351.0,-2.5,-4.1,0.054,6997.0,0.9,5.0,0.8,0.5,0.006,2.2,-2.25,0.23,3.2,2.9,0.1152,17,21,-64,6,81.0,304,-158,146,4.1,0.00625,999999.99,99999.99,99999.99,0.18,0.09,0.07,-1,2017-05-28 17:00:00
2017,148,18,2507,51,52,61,37,16.7,16.6,41.3,226.7,-8.5,-9.1,10.9,-11.5,8.3,0.2,1.8,0.7,0.9,1.3,34826.0,8.4,346.0,-2.1,-3.0,0.046,3790.0,0.7,3.0,0.5,0.7,0.006,1.99,-2.87,0.2,3.0,2.8,0.1319,10,21,-60,4,81.0,159,-74,85,3.7,0.00625,999999.99,99999.99,99999.99,0.19,0.11,0.08,-1,2017-05-28 18:00:00
2017,148,19,2507,51,52,58,35,16.3,16.3,45.4,224.7,-8.1,-8.0,11.6,-11.0,8.8,0.1,0.8,0.6,0.4,0.4,36526.0,8.3,342.0,-1.9,-2.9,0.047,8724.0,0.5,3.0,0.4,0.7,0.003,1.93,-3.01,0.21,3.0,2.8,0.1302,10,21,-57,4,81.0,90,-53,37,3.5,0.00625,999999.99,99999.99,99999.99,0.17,0.1,0.08,-1,2017-05-28 19:00:00
2017,148,20,2507,51,52,59,36,15.7,15.5,48.6,214.2,-8.5,-5.8,11.7,-9.2,9.3,0.3,2.6,1.0,1.9,1.4,46666.0,8.4,343.0,-2.2,-1.8,0.055,7768.0,0.5,6.0,0.3,1.0,0.008,2.01,-3.19,0.25,3.2,2.9,0.1187,10,21,-55,4,81.0,54,-24,29,2.7,0.00625,999999.99,99999.99,99999.99,0.16,0.09,0.06,-1,2017-05-28 20:00:00
2017,148,21,2507,51,52,61,36,14.9,14.8,59.4,203.5,-6.9,-3.0,12.7,-7.0,11.0,0.4,1.5,0.7,1.3,0.5,55866.0,10.1,336.0,-3.0,-0.6,0.055,9451.0,1.3,5.0,1.7,0.8,0.009,2.32,-3.7,0.35,3.6,3.1,0.0926,7,21,-48,3,81.0,45,-14,31,1.0,0.00625,999999.99,99999.99,99999.99,0.2,0.12,0.09,-1,2017-05-28 21:00:00
2017,148,22,2507,51,52,61,38,13.0,12.7,61.7,150.1,-5.2,3.0,11.2,-1.0,11.6,0.6,2.7,0.9,2.5,0.7,90995.0,12.3,338.0,-2.4,0.5,0.046,10886.0,0.8,2.0,0.6,0.6,0.006,2.78,-3.92,0.66,4.6,3.6,0.0572,7,21,-39,3,81.0,30,-11,19,-0.4,0.00625,999999.99,99999.99,99999.99,0.17,0.09,0.07,-1,2017-05-28 22:00:00
2017,148,23,2507,51,52,59,36,12.7,12.6,63.2,176.3,-5.7,0.4,11.3,-3.4,10.8,0.3,1.4,0.4,1.3,0.3,88771.0,12.3,338.0,0.3,-0.5,0.037,7231.0,0.7,2.0,1.1,0.3,0.006,2.69,-3.65,0.69,4.7,3.7,0.0546,7,21,-31,3,81.0,40,-14,26,-0.6,0.00625,999999.99,99999.99,99999.99,0.2,0.11,0.08,-1,2017-05-28 23:00:00
2017,149,0,2507,51,52,63,37,13.6,13.2,48.7,115.5,-3.8,7.9,10.0,4.3,12.0,0.3,3.1,1.3,2.5,1.2,54653.0,10.2,340.0,0.9,-1.7,0.035,9122.0,0.6,5.0,1.5,0.9,0.005,2.24,-4.08,0.42,4.0,3.4,0.0746,3,14,-28,2,77.9,40,-21,19,-0.4,0.006201,999999.99,99999.99,99999.99,0.19,0.1,0.07,-1,2017-05-29 00:00:00
2017,149,1,2507,51,52,56,34,12.9,12.8,47.2,94.1,-0.6,8.6,9.4,5.5,11.5,0.3,1.9,1.0,1.2,0.9,50532.0,10.7,345.0,0.9,-2.1,0.035,5581.0,0.7,9.0,1.4,0.7,0.007,2.42,-3.97,0.48,4.4,3.7,0.0622,3,14,-26,2,77.9,42,-23,19,-0.6,0.006201,999999.99,99999.99,99999.99,0.17,0.09,0.06,-1,2017-05-29 01:00:00
2017,149,2,2507,51,52,60,35,12.7,12.6,31.9,95.7,-1.1,10.6,6.7,8.5,9.2,0.2,1.4,0.6,0.7,1.1,45692.0,9.2,339.0,-0.7,-1.3,0.041,4573.0,0.5,3.0,1.1,0.8,0.004,2.06,-3.12,0.41,4.0,3.5,0.0726,3,14,-25,2,77.9,43,-23,20,0.2,0.006201,999999.99,99999.99,99999.99,0.16,0.09,0.07,-1,2017-05-29 02:00:00
2017,149,3,2507,51,52,62,38,11.6,11.4,18.2,93.5,-0.7,10.8,3.6,9.8,5.9,0.3,1.8,0.9,0.7,1.4,61110.0,10.1,340.0,-1.4,0.4,0.039,5655.0,0.5,4.0,0.9,1.3,0.003,2.25,-2.01,0.59,4.7,3.8,0.0548,3,14,-25,2,77.9,46,-22,24,0.9,0.006201,999999.99,99999.99,99999.99,0.18,0.1,0.08,-1,2017-05-29 03:00:00
2017,149,4,2507,51,52,60,37,10.7,10.3,19.7,88.8,0.2,9.7,3.5,8.9,5.1,0.3,2.4,0.7,1.1,2.0,71632.0,10.9,342.0,-0.6,-0.6,0.037,9613.0,0.9,4.0,1.1,2.2,0.004,2.44,-1.74,0.79,5.3,4.1,0.0427,3,14,-25,2,77.9,47,-15,32,0.8,0.006201,999999.99,99999.99,99999.99,0.18,0.1,0.08,-1,2017-05-29 04:00:00
2017,149,5,2507,51,52,64,37,11.2,10.9,16.4,87.6,0.4,10.4,3.1,9.9,4.4,0.7,2.3,1.3,0.9,1.6,55474.0,11.1,346.0,-1.1,-1.1,0.038,16758.0,0.9,7.0,1.0,1.4,0.004,2.56,-1.52,0.68,5.1,4.1,0.0449,3,14,-23,2,77.9,91,-46,45,0.7,0.006201,999999.99,99999.99,99999.99,0.18,0.11,0.09,-1,2017-05-29 05:00:00
2017,149,6,2507,51,52,57,34,12.0,11.7,7.3,96.8,-1.4,11.5,1.5,11.3,2.5,0.2,2.4,1.6,0.5,1.8,49864.0,12.2,339.0,-1.2,-1.4,0.042,5510.0,0.8,9.0,0.5,1.4,0.005,2.73,-0.85,0.63,4.9,4.0,0.0489,7,14,-21,3,77.9,96,-31,65,1.4,0.006201,999999.99,99999.99,99999.99,0.19,0.1,0.07,-1,2017-05-29 06:00:00
2017,149,7,2507,51,52,63,38,12.6,12.5,11.2,88.8,0.3,12.2,2.4,12.1,3.0,0.2,1.9,0.7,0.3,1.8,62435.0,13.2,358.0,-1.6,-1.7,0.035,11539.0,1.0,5.0,0.3,1.4,0.003,3.22,-1.07,0.66,5.2,4.1,0.0446,7,14,-18,3,77.9,116,-30,86,2.5,0.006201,999999.99,99999.99,99999.99,0.18,0.1,0.08,-1,2017-05-29 07:00:00
2017,149,8,2507,51,52,62,38,14.3,14.0,20.6,89.2,0.2,13.1,4.9,13.0,5.1,0.8,3.0,1.2,1.2,2.5,71804.0,15.1,373.0,-0.9,-3.9,0.033,7021.0,0.7,6.0,0.9,1.5,0.003,3.97,-1.9,0.61,5.1,4.1,0.0463,7,14,-14,3,77.9,85,-29,56,2.8,0.006201,999999.99,99999.99,99999.99,0.17,0.09,0.07,-1,2017-05-29 08:00:00
2017,149,9,2507,51,52,61,37,16.5,16.1,1.5,89.1,0.2,16.1,0.4,16.1,0.3,0.5,3.5,1.1,1.2,3.1,59133.0,19.2,381.0,-1.7,-5.5,0.033,14314.0,1.7,4.0,0.7,0.9,0.003,5.27,-0.11,0.55,5.1,4.2,0.0465,17,14,-8,6,77.9,99,-39,60,3.4,0.006201,999999.99,99999.99,99999.99,0.16,0.09,0.07,-1,2017-05-29 09:00:00
2017,149,10,2507,51,52,58,33,15.3,14.9,1.1,88.4,0.4,14.9,0.3,14.9,0.0,2.1,3.7,1.5,2.3,2.5,71737.0,20.3,387.0,-1.7,-4.7,0.039,31801.0,1.4,2.0,0.7,0.8,0.009,5.87,-0.0,0.72,5.7,4.5,0.0366,17,14,-11,6,77.9,243,-112,131,3.5,0.006201,999999.99,99999.99,99999.99,0.16,0.09,0.07,-1,2017-05-29 10:00:00
2017,149,11,2507,51,52,61,36,13.6,12.5,13.3,91.5,-0.3,12.1,2.9,12.2,2.6,0.5,5.3,2.4,2.0,4.3,136149.0,16.7,386.0,-2.0,-6.3,0.04,17781.0,1.5,3.0,0.8,0.9,0.008,4.82,-1.0,0.99,5.8,4.3,0.0354,17,14,-13,6,77.9,223,-105,118,2.7,0.006201,999999.99,99999.99,99999.99,0.18,0.09,0.07,-1,2017-05-29 11:00:00
2017,149,12,2507,51,52,59,36,13.7,13.5,-21.6,72.9,3.7,12.0,-5.0,11.9,-5.1,0.6,2.6,0.8,0.6,2.4,103156.0,14.1,380.0,-3.1,-6.7,0.039,10979.0,2.3,3.0,0.7,2.2,0.007,3.93,1.94,0.72,5.2,4.1,0.0439,40,14,-11,27,77.9,234,-81,153,2.2,0.006201,999999.99,99999.99,99999.99,0.17,0.08,0.06,-1,2017-05-29 12:00:00
2017,149,13,2507,51,52,61,36,15.8,15.2,-50.1,52.4,6.0,7.7,-11.7,7.9,-11.6,0.2,4.0,1.1,3.0,2.4,67101.0,9.0,385.0,-1.0,-1.3,0.038,6882.0,0.9,4.0,1.7,2.0,0.008,2.57,4.47,0.29,3.7,3.3,0.089,40,14,-13,27,77.9,621,-474,147,3.2,0.006201,999999.99,99999.99,99999.99,0.16,0.09,0.06,-1,2017-05-29 13:00:00
2017,149,14,2507,51,52,59,36,15.2,15.0,-44.8,51.3,6.7,8.3,-10.6,8.8,-10.2,0.3,1.8,0.9,1.1,1.2,79791.0,8.9,379.0,-2.5,-2.0,0.034,8584.0,1.9,4.0,1.0,1.0,0.006,2.43,3.87,0.33,3.7,3.3,0.086,40,14,-22,27,77.9,839,-536,303,3.8,0.006201,999999.99,99999.99,99999.99,0.16,0.09,0.07,-1,2017-05-29 14:00:00
2017,149,15,2507,51,52,57,22,12.9,8.9,6.3,88.5,0.2,8.8,1.0,8.7,1.8,1.8,9.4,6.1,4.2,5.9,139841.0,6.0,372.0,-1.4,-3.6,0.033,97348.0,2.4,11.0,5.9,2.8,0.004,1.57,-0.67,0.4,3.5,3.0,0.0954,33,14,-33,18,77.9,537,-307,231,2.1,0.006201,999999.99,99999.99,99999.99,0.17,0.1,0.08,-1,2017-05-29 15:00:00
2017,149,16,2507,51,52,62,18,8.3,0.4,12.6,3.9,0.4,0.0,0.1,0.0,0.1,1.6,8.3,3.7,6.2,4.1,779693.0,3.1,378.0,13.4,0.9,0.02,89841.0,0.4,11.0,2.7,1.9,0.0,0.8,-0.04,1.7,4.0,2.6,0.074,33,14,-37,18,77.9,219,-116,104,-1.6,0.006201,999999.99,99999.99,99999.99,0.2,0.11,0.08,-1,2017-05-29 16:00:00
2017,149,17,2507,51,52,57,5,7.4,6.0,-59.4,295.5,1.3,-2.8,-5.2,-1.7,-5.6,0.7,4.2,1.1,3.7,1.7,711495.0,2.8,370.0,12.4,-0.4,9.999,73384.0,0.5,4.0,2.8,2.1,9.999,0.77,2.07,1.79,4.2,2.6,0.068,33,14,-39,18,77.9,366,-250,116,2.8,0.006201,999999.99,99999.99,99999.99,0.18,0.1,0.07,-1,2017-05-29 17:00:00
2017,149,18,2507,51,52,59,7,7.5,6.5,-4.1,99.4,-1.1,6.4,-0.5,6.3,1.0,1.1,3.7,1.3,2.0,2.9,192083.0,2.3,355.0,12.4,-5.1,0.115,77075.0,0.6,12.0,1.7,2.5,0.0,0.71,-0.35,0.55,3.6,3.0,0.0923,23,14,-42,9,77.9,357,-204,153,1.4,0.006201,999999.99,99999.99,99999.99,0.19,0.11,0.08,-1,2017-05-29 18:00:00
2017,149,19,2507,51,52,59,21,5.7,4.6,20.8,102.3,-0.9,4.2,1.6,3.6,2.7,2.3,4.1,1.8,3.3,1.7,286707.0,2.7,347.0,4.9,-2.6,9.999,103783.0,0.9,11.0,3.7,1.9,9.999,0.65,-0.94,1.43,5.0,3.3,0.0475,23,14,-40,9,77.9,108,-66,42,-0.8,0.006201,999999.99,99999.99,99999.99,0.18,0.1,0.07,-1,2017-05-29 19:00:00
2017,149,20,2507,51,52,58,32,5.8,5.5,5.7,91.3,-0.1,5.4,0.5,5.0,2.1,0.6,2.0,0.8,1.0,1.6,190790.0,3.4,344.0,3.5,1.6,0.048,37433.0,0.7,2.0,1.3,1.1,0.01,0.8,-0.72,1.34,5.5,3.7,0.0398,23,14,-40,9,77.9,45,-11,34,-0.2,0.006201,999999.99,99999.99,99999.99,0.18,0.11,0.09,-1,2017-05-29 20:00:00
2017,149,21,2507,51,52,63,37,6.3,6.0,20.7,89.4,0.1,5.6,2.1,4.6,3.8,0.6,1.7,0.6,0.8,1.4,154781.0,2.1,349.0,4.0,6.2,0.065,49403.0,0.4,5.0,2.2,1.3,0.022,0.54,-1.33,0.62,4.0,3.2,0.0738,7,14,-38,3,77.9,38,-9,29,-0.5,0.006201,999999.99,99999.99,99999.99,0.16,0.09,0.07,-1,2017-05-29 21:00:00
2017,149,22,2507,51,52,59,35,7.0,6.9,28.8,90.6,-0.1,6.1,3.3,4.7,5.1,0.2,1.3,0.6,0.5,1.0,118920.0,2.2,354.0,5.0,7.6,0.039,14271.0,0.4,4.0,1.0,1.0,0.006,0.53,-1.81,0.46,3.8,3.2,0.0846,7,14,-34,3,77.9,51,-13,38,-0.8,0.006201,999999.99,99999.99,99999.99,0.19,0.1,0.07,-1,2017-05-29 22:00:00
2017,149,23,2507,51,52,64,38,7.2,7.1,6.9,87.9,0.3,7.1,0.9,6.4,3.2,0.1,0.9,0.4,0.2,0.7,74226.0,1.9,356.0,5.7,5.6,0.035,10970.0,0.2,5.0,0.5,0.7,0.007,0.46,-1.14,0.31,3.4,3.0,0.1024,7,14,-32,3,77.9,33,-10,23,-0.4,0.006201,999999.99,99999.99,99999.99,0.19,0.1,0.07,-1,2017-05-29 23:00:00
2017,150,0,2507,51,52,62,36,6.7,6.5,-6.2,95.8,-0.7,6.4,-0.7,6.3,1.3,0.5,1.4,0.5,0.6,1.2,75809.0,2.0,368.0,4.2,3.7,0.033,19677.0,0.6,7.0,2.3,2.1,0.005,0.51,-0.48,0.38,3.9,3.4,0.0789,20,0,-27,7,75.7,47,-18,29,0.4,0.006248,999999.99,99999.99,99999.99,0.18,0.11,0.08,-1,2017-05-30 00:00:00
2017,150,1,2507,51,52,62,38,6.9,6.7,-5.7,105.6,-1.8,6.4,-0.7,6.3,1.1,0.9,1.6,0.8,0.9,1.2,136184.0,6.4,407.0,-4.2,0.7,0.027,16150.0,2.0,10.0,1.8,0.6,0.004,1.96,-0.45,1.48,7.5,4.9,0.0214,20,0,-17,7,75.7,102,-38,64,0.5,0.006248,999999.99,99999.99,99999.99,0.16,0.09,0.07,-1,2017-05-30 01:00:00
2017,150,2,2507,51,52,62,38,7.0,5.5,-38.5,69.4,1.5,4.0,-3.4,4.7,-2.3,1.1,4.3,2.1,2.2,3.1,96283.0,8.4,414.0,-5.4,-0.3,0.021,22586.0,1.2,4.0,0.8,0.7,0.003,2.61,0.95,1.6,8.6,5.6,0.0162,20,0,-16,7,75.7,134,-49,85,1.1,0.006248,999999.99,99999.99,99999.99,0.17,0.1,0.07,-1,2017-05-30 02:00:00
2017,150,3,2507,51,52,59,36,8.3,8.1,-48.4,56.1,3.0,4.5,-6.1,5.7,-5.0,0.8,1.5,0.7,1.1,0.9,76752.0,6.9,409.0,-6.0,-0.8,0.021,15673.0,1.5,4.0,0.9,0.6,0.002,2.09,2.04,0.85,6.5,4.9,0.0284,33,0,-26,18,75.7,480,-245,235,1.9,0.006248,999999.99,99999.99,99999.99,0.19,0.1,0.08,-1,2017-05-30 03:00:00
2017,150,4,2507,51,52,60,31,8.0,6.1,2.6,124.5,-3.5,5.1,0.3,5.0,1.1,0.7,5.2,3.2,2.1,3.5,116528.0,6.3,415.0,-3.1,0.3,0.024,23340.0,0.9,9.0,1.6,1.0,0.004,1.99,-0.46,1.0,6.5,4.8,0.0281,33,0,-30,18,75.7,450,-268,182,2.5,0.006248,999999.99,99999.99,99999.99,0.16,0.1,0.08,-1,2017-05-30 04:00:00
2017,150,5,2507,51,52,63,37,8.7,8.4,1.6,129.7,-5.4,6.5,0.2,6.4,1.0,0.5,2.2,1.2,1.0,1.6,108387.0,5.8,422.0,-1.9,-0.1,0.021,18508.0,1.1,9.0,0.7,0.8,0.003,1.87,-0.42,0.75,5.8,4.5,0.0349,33,0,-26,18,75.7,169,-50,119,1.4,0.006248,999999.99,99999.99,99999.99,0.16,0.1,0.07,-1,2017-05-30 05:00:00
2017,150,6,2507,51,52,59,36,9.2,8.7,19.1,141.3,-6.4,5.2,2.9,5.0,3.3,0.2,2.7,0.6,1.8,1.9,95348.0,4.8,433.0,-3.0,0.1,0.03,21881.0,0.9,5.0,1.0,1.0,0.006,1.68,-1.43,0.53,5.2,4.3,0.0447,10,0,-23,4,75.7,65,-20,45,0.8,0.006248,999999.99,99999.99,99999.99,0.16,0.09,0.06,-1,2017-05-30 06:00:00
2017,150,7,2507,51,52,63,37,7.2,1.7,36.1,180.1,-1.4,0.0,1.0,0.0,1.0,1.2,7.0,4.0,5.5,1.7,82287.0,6.5,436.0,-1.7,0.7,0.031,25448.0,1.3,12.0,1.8,1.0,0.007,2.32,-0.44,1.1,7.7,5.5,0.02,10,0,-19,4,75.7,75,-12,63,0.4,0.006248,999999.99,99999.99,99999.99,0.16,0.09,0.07,-1,2017-05-30 07:00:00
2017,150,8,2507,51,52,61,37,6.7,5.6,55.7,238.4,-1.6,-2.7,4.6,-2.7,4.6,0.4,3.8,3.0,2.0,1.2,129271.0,6.0,452.0,1.1,-1.2,0.027,31169.0,1.3,8.0,0.5,0.6,0.003,2.27,-2.08,1.43,8.3,5.5,0.0174,10,0,-20,4,75.7,49,-19,30,-1.8,0.006248,999999.99,99999.99,99999.99,0.2,0.13,0.09,-1,2017-05-30 08:00:00
2017,150,9,2507,51,52,66,41,5.9,5.5,46.4,207.4,-3.4,-1.8,4.0,-1.7,4.0,0.4,2.0,0.8,1.4,1.1,189056.0,4.6,465.0,4.2,-1.7,0.028,73841.0,0.9,19.0,1.2,1.2,0.002,1.85,-1.86,1.74,8.5,5.3,0.0167,7,0,-21,3,75.7,35,-15,20,-0.9,0.006248,999999.99,99999.99,99999.99,0.18,0.1,0.07,-1,2017-05-30 09:00:00
2017,150,10,2507,51,52,60,28,7.7,7.1,38.8,172.3,-5.5,0.7,4.4,0.8,4.4,0.5,2.9,1.2,2.4,1.2,314843.0,1.8,535.0,8.0,1.2,9.999,65495.0,0.3,10.0,1.8,1.0,9.999,1.03,-2.35,0.56,4.7,3.8,0.0548,7,0,-26,3,75.7,29,-18,10,-1.2,0.006248,999999.99,99999.99,99999.99,0.19,0.1,0.08,-1,2017-05-30 10:00:00
2017,150,11,2507,51,52,58,24,8.2,7.9,23.2,138.6,-5.4,4.8,3.1,4.9,3.0,0.1,2.3,0.7,1.5,1.5,311108.0,1.6,529.0,9.2,1.5,9.999,34523.0,0.2,5.0,1.1,1.0,9.999,0.9,-1.59,0.44,4.1,3.5,0.0714,7,0,-26,3,75.7,34,-18,17,0.2,0.006248,999999.99,99999.99,99999.99,0.16,0.09,0.07,-1,2017-05-30 11:00:00
2017,150,12,2507,51,52,61,29,7.8,7.7,13.5,129.5,-4.8,5.8,1.8,5.8,1.7,0.1,1.3,0.5,0.6,1.1,279836.0,1.2,514.0,11.0,0.1,9.999,35723.0,0.1,6.0,0.7,1.5,9.999,0.63,-0.87,0.33,3.6,3.2,0.0913,3,0,-25,2,75.7,52,-18,34,0.7,0.006248,999999.99,99999.99,99999.99,0.19,0.11,0.09,-1,2017-05-30 12:00:00
2017,150,13,2507,51,52,62,17,7.6,7.4,5.5,134.1,-5.1,5.3,0.7,5.3,0.7,0.2,1.8,0.9,1.3,1.0,255008.0,1.0,521.0,9.6,1.1,0.099,50769.0,0.2,9.0,1.0,0.9,0.026,0.63,-0.36,0.28,3.4,3.1,0.1012,3,0,-24,2,75.7,67,-12,55,0.6,0.006248,999999.99,99999.99,99999.99,0.17,0.1,0.07,-1,2017-05-30 13:00:00
2017,150,14,2507,51,52,58,27,7.6,7.3,18.4,153.8,-6.3,3.1,2.3,3.0,2.4,0.1,1.9,0.6,1.6,0.6,304735.0,0.9,524.0,9.1,1.3,0.049,23635.0,0.1,12.0,1.3,0.5,0.022,0.49,-1.26,0.28,3.3,2.9,0.1112,3,0,-23,2,75.7,67,-26,41,-0.5,0.006248,999999.99,99999.99,99999.99,0.17,0.09,0.07,-1,2017-05-30 14:00:00
2017,150,15,2507,51,52,61,35,7.5,7.4,19.6,151.3,-6.1,3.4,2.5,3.2,2.8,0.1,0.8,0.3,0.5,0.5,295267.0,0.8,521.0,7.9,1.3,0.043,28892.0,0.1,5.0,1.0,0.8,0.016,0.43,-1.46,0.25,3.1,2.8,0.1232,7,0,-22,3,75.7,36,-22,14,-2.3,0.006248,999999.99,99999.99,99999.99,0.16,0.09,0.07,-1,2017-05-30 15:00:00
2017,150,16,2507,51,52,59,36,7.3,7.1,21.3,161.4,-6.3,2.1,2.6,1.7,2.9,0.1,1.4,0.3,1.3,0.5,296225.0,0.9,519.0,7.1,2.7,0.064,22084.0,0.1,4.0,0.7,0.5,0.007,0.51,-1.51,0.3,3.4,3.0,0.1046,7,0,-22,3,75.7,24,-11,13,-2.0,0.006248,999999.99,99999.99,99999.99,0.17,0.09,0.07,-1,2017-05-30 16:00:00
2017,150,17,2507,51,52,60,31,6.9,6.8,24.1,180.8,-6.2,-0.1,2.8,-0.6,2.7,0.2,1.0,0.2,1.0,0.3,303014.0,1.1,521.0,7.4,2.9,0.064,24322.0,0.2,8.0,1.0,0.9,0.012,0.63,-1.41,0.41,4.0,3.4,0.0759,7,0,-22,3,75.7,42,-21,20,1.6,0.006248,999999.99,99999.99,99999.99,0.18,0.11,0.08,-1,2017-05-30 17:00:00
2017,150,18,2507,51,52,60,36,6.9,6.9,14.9,160.7,-6.3,2.2,1.8,1.7,2.3,0.1,1.0,0.2,0.7,0.6,246650.0,1.0,516.0,8.7,1.9,0.113,40082.0,0.2,3.0,1.0,1.1,0.024,0.65,-1.19,0.33,3.7,3.3,0.0851,3,0,-22,2,75.7,42,-24,18,1.7,0.006248,999999.99,99999.99,99999.99,0.18,0.1,0.07,-1,2017-05-30 18:00:00
2017,150,19,2507,51,52,62,17,6.5,6.4,0.2,145.4,-5.3,3.6,0.0,3.5,1.0,0.3,1.3,0.5,0.7,1.0,290750.0,1.2,517.0,9.1,2.2,0.105,20885.0,0.1,10.0,1.5,1.9,0.01,0.76,-0.52,0.5,4.4,3.6,0.0627,3,0,-20,2,75.7,47,-25,22,0.2,0.006248,999999.99,99999.99,99999.99,0.18,0.1,0.07,-1,2017-05-30 19:00:00
2017,150,20,2507,51,52,60,27,6.4,6.2,-9.7,143.3,-4.9,3.7,-1.0,3.8,0.2,0.2,1.3,0.5,0.6,1.1,261954.0,1.2,539.0,9.2,3.0,0.016,56316.0,0.3,7.0,0.8,1.0,0.0,0.62,-0.11,0.48,4.6,3.9,0.0559,3,0,-21,2,75.7,72,-41,31,0.5,0.006248,999999.99,99999.99,99999.99,0.16,0.08,0.06,-1,2017-05-30 20:00:00
2017,150,21,2507,51,52,59,32,6.5,6.5,-7.4,147.1,-5.4,3.5,-0.8,3.6,0.4,0.0,0.4,0.2,0.2,0.3,141568.0,0.8,535.0,11.1,2.7,9.999,24196.0,0.1,5.0,0.4,0.6,9.999,0.46,-0.21,0.21,3.7,3.4,0.0878,7,0,-24,3,75.7,108,-86,22,0.3,0.006248,999999.99,99999.99,99999.99,0.2,0.1,0.07,-1,2017-05-30 21:00:00
2017,150,22,2507,51,52,59,37,6.5,6.5,-0.6,146.9,-5.4,3.5,-0.1,3.3,1.0,0.1,0.6,0.2,0.3,0.5,138165.0,0.7,527.0,11.5,2.8,9.999,30344.0,0.1,3.0,0.8,0.7,9.999,0.39,-0.53,0.18,3.4,3.2,0.1034,7,0,-22,3,75.7,122,-98,24,0.9,0.006248,999999.99,99999.99,99999.99,0.18,0.1,0.07,-1,2017-05-30 22:00:00
2017,150,23,2507,51,52,60,29,6.4,6.4,8.0,150.2,-5.5,3.1,0.9,2.6,1.8,0.1,1.0,0.3,0.6,0.8,131832.0,0.6,525.0,11.3,2.7,9.999,37864.0,0.1,4.0,0.9,0.6,9.999,0.33,-0.94,0.16,3.2,3.0,0.1178,7,0,-22,3,75.7,44,-23,21,0.4,0.006248,999999.99,99999.99,99999.99,0.18,0.09,0.07,-1,2017-05-30 23:00:00
2017,151,0,2507,51,52,59,29,6.3,6.3,7.0,146.4,-5.2,3.5,0.8,3.1,1.8,0.0,0.5,0.2,0.3,0.2,117553.0,0.6,521.0,11.0,3.0,0.019,26997.0,0.1,7.0,0.9,0.5,0.0,0.29,-0.94,0.15,3.2,3.0,0.1159,0,0,-21,0,76.2,37,-20,17,0.0,0.006277,999999.99,99999.99,99999.99,0.18,0.09,0.07,-1,2017-05-31 00:00:00
2017,151,1,2507,51,52,60,26,6.3,6.2,-1.2,135.6,-4.4,4.3,-0.1,4.2,1.1,0.1,0.9,0.6,0.6,0.4,139120.0,0.7,511.0,11.4,2.6,9.999,34714.0,0.2,5.0,0.7,0.4,9.999,0.37,-0.56,0.2,3.4,3.1,0.1033,0,0,-20,0,76.2,38,-24,14,-0.0,0.006277,999999.99,99999.99,99999.99,0.17,0.09,0.06,-1,2017-05-31 01:00:00
2017,151,2,2507,51,52,56,17,6.1,6.0,-6.3,119.3,-2.9,5.2,-0.7,5.2,0.6,0.5,1.1,0.8,0.4,0.6,149134.0,1.0,491.0,10.6,3.6,0.06,71243.0,0.5,24.0,3.6,2.0,0.0,0.5,-0.29,0.31,4.0,3.6,0.0734,0,0,-19,0,76.2,45,-24,21,0.1,0.006277,999999.99,99999.99,99999.99,0.17,0.1,0.07,-1,2017-05-31 02:00:00
2017,151,3,2507,51,52,57,27,5.7,5.2,18.0,113.1,-2.0,4.6,1.6,4.2,2.5,0.2,2.1,1.2,0.4,1.7,194530.0,1.4,443.0,3.8,2.6,0.04,30535.0,0.2,8.0,0.8,2.1,0.008,0.53,-1.11,0.58,4.6,3.8,0.0563,13,0,-19,5,76.2,70,-29,41,-0.1,0.006277,999999.99,99999.99,99999.99,0.19,0.1,0.07,-1,2017-05-31 03:00:00
2017,151,4,2507,51,52,58,34,6.0,6.0,5.9,118.2,-2.8,5.2,0.6,5.0,1.4,0.1,0.9,0.3,0.1,0.8,141543.0,1.3,433.0,4.4,4.6,0.035,23331.0,0.2,4.0,0.9,0.9,0.004,0.46,-0.61,0.41,4.1,3.5,0.0703,13,0,-16,5,76.2,61,-35,26,0.2,0.006277,999999.99,99999.99,99999.99,0.2,0.09,0.07,-1,2017-05-31 04:00:00
2017,151,5,2507,51,52,61,32,6.1,6.0,-1.4,118.6,-2.9,5.3,-0.1,5.3,0.5,0.2,0.7,0.4,0.3,0.5,131090.0,1.1,445.0,5.7,4.1,0.055,31514.0,0.2,8.0,1.9,0.6,0.0,0.44,-0.22,0.32,3.8,3.4,0.0813,13,0,-16,5,76.2,61,-21,40,0.9,0.006277,999999.99,99999.99,99999.99,0.17,0.1,0.07,-1,2017-05-31 05:00:00
2017,151,6,2507,51,52,59,36,6.5,6.5,3.0,119.7,-3.2,5.7,0.3,5.7,0.7,0.1,0.5,0.4,0.1,0.2,94905.0,1.0,440.0,6.0,5.4,0.021,18111.0,0.2,4.0,0.6,0.5,0.0,0.35,-0.31,0.22,3.4,3.1,0.1038,3,0,-17,2,76.2,83,-24,59,0.7,0.006277,999999.99,99999.99,99999.99,0.18,0.11,0.08,-1,2017-05-31 06:00:00
2017,151,7,2507,51,52,56,31,6.7,6.7,3.1,118.8,-3.2,5.9,0.4,5.9,0.6,0.1,0.4,0.3,0.1,0.2,136992.0,0.9,421.0,6.1,6.9,0.02,29480.0,0.2,7.0,0.9,0.8,0.001,0.29,-0.25,0.22,3.0,2.7,0.1339,3,0,-19,2,76.2,88,-31,56,0.7,0.006277,999999.99,99999.99,99999.99,0.15,0.09,0.06,-1,2017-05-31 07:00:00
2017,151,8,2507,51,52,61,35,6.7,6.7,1.6,120.9,-3.4,5.7,0.2,5.7,0.2,0.1,0.6,0.4,0.2,0.4,147715.0,1.1,406.0,4.4,7.1,0.008,15671.0,0.1,5.0,1.2,0.8,0.0,0.31,-0.08,0.28,3.2,2.8,0.1178,3,0,-19,2,76.2,63,-31,32,1.1,0.006277,999999.99,99999.99,99999.99,0.18,0.09,0.07,-1,2017-05-31 08:00:00
2017,151,9,2507,51,52,58,35,6.8,6.8,2.1,120.7,-3.5,5.9,0.3,5.9,0.2,0.0,0.4,0.3,0.2,0.1,120090.0,1.2,403.0,2.5,6.9,9.999,14310.0,0.1,9.0,0.8,0.4,9.999,0.39,-0.08,0.27,3.2,2.9,0.1129,3,0,-20,2,76.2,36,-20,16,1.4,0.006277,999999.99,99999.99,99999.99,0.18,0.11,0.08,-1,2017-05-31 09:00:00
2017,151,10,2507,51,52,58,23,6.9,6.9,5.8,125.4,-4.0,5.6,0.7,5.6,0.5,0.1,0.4,0.2,0.1,0.3,88962.0,1.4,382.0,0.2,6.3,9.999,8887.0,0.2,3.0,1.0,0.4,9.999,0.41,-0.19,0.27,3.3,3.0,0.1109,3,0,-21,2,76.2,29,-19,10,1.4,0.006277,999999.99,99999.99,99999.99,0.18,0.11,0.07,-1,2017-05-31 10:00:00
2017,151,11,2507,51,52,60,29,6.9,6.8,7.9,129.4,-4.3,5.2,0.9,5.2,0.7,0.1,0.8,0.5,0.4,0.5,71982.0,1.4,378.0,-0.8,5.7,9.999,12614.0,0.4,5.0,1.9,0.8,9.999,0.4,-0.26,0.25,3.2,2.9,0.1132,3,0,-20,2,76.2,37,-18,20,1.2,0.006277,999999.99,99999.99,99999.99,0.16,0.09,0.06,-1,2017-05-31 11:00:00
2017,151,12,2507,51,52,59,36,6.5,6.4,6.2,126.8,-3.8,5.1,0.7,5.1,0.6,0.3,1.2,0.9,0.4,0.6,63420.0,2.7,377.0,2.3,4.6,9.999,21756.0,1.0,5.0,1.3,0.5,9.999,0.77,-0.23,0.51,4.8,4.0,0.0524,13,0,-16,5,76.2,89,-36,52,1.0,0.006277,999999.99,99999.99,99999.99,0.17,0.1,0.07,-1,2017-05-31 12:00:00
2017,151,13,2507,51,52,55,33,6.2,6.1,-0.5,118.2,-2.9,5.4,-0.1,5.4,-0.1,0.2,0.9,0.5,0.3,0.8,30964.0,3.9,373.0,2.9,4.3,0.006,6333.0,0.6,9.0,1.5,0.6,0.0,0.93,0.04,0.67,5.9,4.7,0.0337,13,0,-11,5,76.2,74,-29,45,1.0,0.006277,999999.99,99999.99,99999.99,0.18,0.09,0.07,-1,2017-05-31 13:00:00
2017,151,14,2507,51,52,61,36,6.6,6.5,11.4,123.7,-3.5,5.3,1.3,5.3,1.5,0.0,1.0,0.5,0.3,0.8,27892.0,2.5,351.0,-2.5,3.1,0.018,6377.0,0.3,6.0,0.8,1.5,0.002,0.55,-0.53,0.37,4.2,3.7,0.0673,13,0,-12,5,76.2,44,-29,15,-0.2,0.006277,999999.99,99999.99,99999.99,0.17,0.1,0.07,-1,2017-05-31 14:00:00
2017,151,15,2507,51,52,60,37,6.5,6.5,9.5,122.4,-3.4,5.4,1.1,5.3,1.5,0.1,0.8,0.2,0.2,0.8,22359.0,2.8,350.0,-2.3,2.6,0.017,4578.0,0.2,3.0,0.6,1.3,0.002,0.61,-0.53,0.42,4.5,3.9,0.0586,10,0,-9,4,76.2,24,-8,16,-1.0,0.006277,999999.99,99999.99,99999.99,0.18,0.1,0.07,-1,2017-05-31 15:00:00
2017,151,16,2507,51,52,58,31,6.7,6.6,5.2,126.7,-3.9,5.3,0.6,5.2,1.3,0.1,1.0,0.4,0.4,0.8,28603.0,3.1,345.0,-1.4,2.9,0.018,7036.0,0.5,5.0,0.7,1.5,0.003,0.66,-0.45,0.45,4.5,3.8,0.0579,10,0,-9,4,76.2,28,-6,22,-1.4,0.006277,999999.99,99999.99,99999.99,0.18,0.09,0.07,-1,2017-05-31 16:00:00
2017,151,17,2507,51,52,62,37,7.2,7.0,-8.1,117.1,-3.2,6.2,-1.0,6.3,0.1,0.3,1.8,1.1,0.4,1.3,45766.0,4.1,355.0,-1.4,5.6,0.016,12222.0,0.7,11.0,0.9,1.8,0.003,0.92,-0.04,0.57,5.0,4.1,0.0477,10,0,-7,4,76.2,59,-16,43,-0.6,0.006277,999999.99,99999.99,99999.99,0.18,0.11,0.08,-1,2017-05-31 17:00:00
2017,151,18,2507,51,52,61,36,7.5,7.4,9.2,123.7,-4.1,6.1,1.2,5.7,2.5,0.1,1.3,0.8,0.6,0.8,40455.0,4.6,351.0,-0.1,3.2,0.014,7860.0,0.9,6.0,1.1,0.9,0.004,1.0,-0.88,0.57,5.0,4.1,0.0472,7,0,-6,3,76.2,55,-20,34,-1.1,0.006277,999999.99,99999.99,99999.99,0.17,0.1,0.07,-1,2017-05-31 18:00:00
2017,151,19,2507,51,52,60,36,7.1,7.1,6.0,120.8,-3.6,6.1,0.7,5.7,2.3,0.2,0.7,0.4,0.5,0.2,37243.0,6.4,360.0,0.6,4.0,0.006,4467.0,0.9,2.0,0.7,0.2,0.001,1.42,-0.83,0.87,6.4,4.8,0.0289,7,0,-3,3,76.2,78,-44,33,-1.4,0.006277,999999.99,99999.99,99999.99,0.17,0.1,0.07,-1,2017-05-31 19:00:00
2017,151,20,2507,51,52,59,36,7.2,7.2,6.3,123.9,-4.0,5.9,0.8,5.4,2.5,0.4,0.7,0.3,0.6,0.3,41403.0,6.9,355.0,0.8,4.0,0.008,3748.0,1.3,3.0,1.2,0.3,0.003,1.5,-0.89,0.94,6.5,4.8,0.0284,7,0,0,3,76.2,70,-43,28,-0.2,0.006277,999999.99,99999.99,99999.99,0.16,0.09,0.06,-1,2017-05-31 20:00:00
2017,151,21,2507,51,52,62,37,7.5,7.5,-0.7,109.8,-2.5,7.0,-0.1,6.7,2.1,0.5,1.1,0.7,0.7,0.4,40014.0,6.8,363.0,-0.5,5.0,0.008,5911.0,1.4,6.0,1.2,0.5,0.002,1.54,-0.76,0.85,6.3,4.8,0.0299,17,0,6,6,76.2,42,-10,32,-0.2,0.006277,999999.99,99999.99,99999.99,0.19,0.11,0.08,-1,2017-05-31 21:00:00
2017,151,22,2507,51,52,58,34,7.6,7.5,4.9,109.4,-2.5,7.0,0.6,6.4,2.8,0.3,1.3,0.3,0.5,1.2,34886.0,7.9,360.0,-0.8,5.2,0.009,11014.0,1.7,5.0,0.3,1.0,0.002,1.77,-1.01,0.93,6.7,5.0,0.0268,17,0,10,6,76.2,56,-14,42,0.1,0.006277,999999.99,99999.99,99999.99,0.21,0.11,0.08,-1,2017-05-31 22:00:00
2017,151,23,2507,51,52,58,36,7.4,7.3,8.9,115.0,-3.1,6.6,1.1,5.9,3.1,0.2,1.0,0.5,0.3,0.8,21940.0,7.9,348.0,-1.7,4.4,0.008,3050.0,1.1,4.0,0.4,0.4,0.001,1.65,-1.08,0.9,6.6,5.0,0.0272,17,0,11,6,76.2,47,-15,33,-0.1,0.006277,999999.99,99999.99,99999.99,0.19,0.1,0.08,-1,2017-05-31 23:00:00
2017,152,0,2507,51,52,62,35,7.2,7.0,7.4,105.4,-1.9,6.7,0.9,6.1,2.9,0.2,1.3,1.0,0.2,0.7,18935.0,9.0,349.0,-3.0,3.9,0.014,3946.0,1.2,4.0,0.8,0.7,0.003,1.93,-1.01,1.06,7.3,5.2,0.0225,3,15,12,2,77.9,65,-44,21,0.3,0.006293,999999.99,99999.99,99999.99,0.2,0.09,0.07,-1,2017-06-01 00:00:00
2017,152,1,2507,51,52,56,33,7.2,7.1,7.2,103.8,-1.7,6.8,0.9,6.3,2.7,0.0,1.4,1.2,0.4,0.5,16193.0,9.4,345.0,-3.5,3.6,0.016,1979.0,0.4,9.0,0.4,0.7,0.001,1.99,-0.93,1.09,7.3,5.3,0.022,3,15,11,2,77.9,60,-44,16,0.5,0.006293,999999.99,99999.99,99999.99,0.18,0.1,0.07,-1,2017-06-01 01:00:00
2017,152,2,2507,51,52,59,36,6.7,6.6,9.6,127.3,-4.0,5.2,1.1,4.8,2.3,0.3,1.2,0.8,0.7,0.5,14280.0,11.2,331.0,-2.2,3.6,0.012,1741.0,1.3,4.0,0.4,0.4,0.001,2.15,-0.76,1.48,8.3,5.5,0.0174,3,15,6,2,77.9,57,-39,18,0.4,0.006293,999999.99,99999.99,99999.99,0.2,0.1,0.08,-1,2017-06-01 02:00:00
2017,152,3,2507,51,52,64,39,6.5,6.3,0.7,103.0,-1.4,6.2,0.1,6.1,1.3,0.5,1.5,1.1,0.6,0.6,18352.0,10.3,342.0,-2.2,4.3,0.009,5569.0,2.0,10.0,0.4,0.6,0.002,2.08,-0.44,1.49,8.4,5.6,0.0167,7,15,5,3,77.9,54,-33,21,0.0,0.006293,999999.99,99999.99,99999.99,0.17,0.09,0.07,-1,2017-06-01 03:00:00
2017,152,4,2507,51,52,60,35,6.6,6.6,2.8,94.9,-0.6,6.6,0.3,6.5,1.3,0.2,0.8,0.5,0.2,0.5,16167.0,10.0,345.0,-1.8,3.8,0.007,3905.0,1.3,3.0,0.4,0.4,0.001,2.04,-0.45,1.38,8.3,5.6,0.0174,7,15,3,3,77.9,56,-26,30,0.2,0.006293,999999.99,99999.99,99999.99,0.16,0.09,0.07,-1,2017-06-01 04:00:00
2017,152,5,2507,51,52,60,37,6.8,6.7,-0.7,92.2,-0.3,6.7,-0.1,6.7,0.6,0.3,0.9,0.7,0.3,0.5,15251.0,11.0,348.0,-1.9,4.5,0.007,1884.0,0.9,3.0,0.4,0.3,0.001,2.29,-0.21,1.42,8.5,5.7,0.0165,7,15,4,3,77.9,84,-22,62,0.5,0.006293,999999.99,99999.99,99999.99,0.19,0.11,0.07,-1,2017-06-01 05:00:00
2017,152,6,2507,51,52,59,36,7.4,7.3,11.0,108.0,-2.2,6.8,1.4,6.7,1.8,0.3,1.3,0.8,0.2,0.9,21241.0,8.2,344.0,-1.7,3.6,0.008,1899.0,1.4,1.0,0.3,0.5,0.001,1.67,-0.62,0.93,6.7,5.0,0.0268,7,15,1,3,77.9,87,-31,56,0.9,0.006293,999999.99,99999.99,99999.99,0.16,0.1,0.07,-1,2017-06-01 06:00:00
2017,152,7,2507,51,52,59,36,7.5,7.5,26.6,117.5,-3.1,5.9,3.3,5.8,3.5,0.2,0.7,0.2,0.5,0.5,22189.0,7.5,342.0,-1.6,3.3,0.008,1584.0,0.5,3.0,0.3,0.2,0.001,1.51,-1.2,0.84,6.2,4.8,0.0305,7,15,0,3,77.9,55,-24,31,0.9,0.006293,999999.99,99999.99,99999.99,0.16,0.09,0.07,-1,2017-06-01 07:00:00
2017,152,8,2507,51,52,60,36,6.3,5.1,29.3,117.9,-2.1,4.0,2.5,4.0,2.5,0.4,3.6,1.0,2.7,2.0,18903.0,10.4,336.0,-0.2,2.2,0.007,3243.0,1.9,5.0,0.8,1.0,0.002,2.02,-0.84,1.61,8.6,5.6,0.0161,7,15,5,3,77.9,34,-15,19,0.4,0.006293,999999.99,99999.99,99999.99,0.18,0.1,0.07,-1,2017-06-01 08:00:00
2017,152,9,2507,51,52,58,36,5.9,4.5,25.2,105.3,-1.1,3.9,1.9,4.0,1.8,0.6,3.8,1.4,3.5,0.7,19703.0,9.7,334.0,0.1,1.3,0.008,3870.0,1.5,2.0,1.1,0.6,0.002,1.86,-0.6,1.72,8.8,5.6,0.0153,3,15,3,2,77.9,42,-22,20,1.1,0.006293,999999.99,99999.99,99999.99,0.18,0.1,0.07,-1,2017-06-01 09:00:00
2017,152,10,2507,51,52,63,37,3.8,3.7,17.2,270.4,0.0,-3.6,1.1,-3.6,1.2,1.0,1.3,0.6,1.0,0.5,18551.0,13.4,336.0,-1.7,1.1,0.003,3033.0,1.7,3.0,0.7,0.4,0.0,2.56,-0.4,5.67,16.2,6.7,0.0045,3,15,6,2,77.9,55,-28,27,-0.0,0.006293,999999.99,99999.99,99999.99,0.19,0.09,0.07,-1,2017-06-01 10:00:00
2017,152,11,2507,51,52,59,37,2.7,2.3,7.9,257.8,-0.5,-2.2,0.3,-2.2,0.4,0.3,1.3,0.8,0.6,0.8,14530.0,16.0,340.0,-2.4,0.9,0.003,959.0,0.6,3.0,0.4,0.4,0.0,3.13,-0.14,13.05,25.2,7.2,0.0019,3,15,7,2,77.9,59,-28,31,0.2,0.006293,999999.99,99999.99,99999.99,0.18,0.11,0.07,-1,2017-06-01 11:00:00
2017,152,12,2507,51,52,62,37,3.0,2.4,53.2,213.1,-1.2,-0.8,1.9,-0.7,1.9,0.5,1.8,1.0,1.3,0.7,13613.0,18.1,345.0,-2.3,2.1,0.003,729.0,1.0,3.0,0.8,0.4,0.0,3.64,-0.66,11.88,24.5,7.3,0.002,13,15,9,5,77.9,51,-25,27,0.1,0.006293,999999.99,99999.99,99999.99,0.18,0.1,0.08,-1,2017-06-01 12:00:00
2017,152,13,2507,51,52,64,37,6.3,3.3,16.9,98.2,-0.4,3.1,0.9,3.1,0.9,2.6,5.9,3.0,4.1,3.1,24256.0,18.3,353.0,-1.6,0.1,0.007,9366.0,3.2,9.0,0.7,1.6,0.004,3.91,-0.32,2.93,12.0,6.4,0.0083,13,15,13,5,77.9,69,-33,36,0.5,0.006293,999999.99,99999.99,99999.99,0.17,0.09,0.07,-1,2017-06-01 13:00:00
2017,152,14,2507,51,52,59,36,9.5,9.4,30.8,119.4,-4.0,7.1,4.8,7.0,5.0,0.3,0.8,0.3,0.5,0.5,22946.0,15.4,369.0,-2.7,1.2,0.01,2388.0,0.9,3.0,0.4,0.4,0.001,3.64,-1.84,1.07,7.6,5.5,0.0205,13,15,12,5,77.9,78,-27,51,-0.2,0.006293,999999.99,99999.99,99999.99,0.18,0.1,0.08,-1,2017-06-01 14:00:00
2017,152,15,2507,51,52,60,36,8.2,8.2,23.6,117.5,-3.4,6.6,3.3,6.3,3.8,0.4,1.2,0.8,0.6,0.7,21912.0,17.5,363.0,-2.9,1.3,0.008,1337.0,1.1,2.0,0.3,0.4,0.002,3.97,-1.38,1.63,9.3,6.0,0.0139,27,15,14,12,77.9,78,-24,54,-1.9,0.006293,999999.99,99999.99,99999.99,0.18,0.1,0.07,-1,2017-06-01 15:00:00
2017,152,16,2507,51,52,61,38,6.2,6.1,32.6,138.3,-3.8,3.4,3.3,3.0,3.7,1.3,1.8,0.5,1.6,0.7,22331.0,23.9,366.0,-3.2,2.1,0.006,2919.0,5.5,3.0,0.5,0.4,0.001,5.47,-1.35,3.9,14.4,6.9,0.0057,27,15,18,12,77.9,52,-18,34,-1.8,0.006293,999999.99,99999.99,99999.99,0.19,0.1,0.07,-1,2017-06-01 16:00:00
2017,152,17,2507,51,52,60,35,4.9,4.7,9.5,180.7,-4.6,-0.1,0.8,-0.2,0.8,0.3,1.4,0.4,1.1,0.6,27900.0,38.2,376.0,-3.6,2.4,0.006,4777.0,3.4,2.0,1.2,0.1,0.001,9.24,-0.3,10.34,23.7,7.5,0.0021,27,15,23,12,77.9,131,-70,61,1.3,0.006293,999999.99,99999.99,99999.99,0.18,0.11,0.08,-1,2017-06-01 17:00:00
2017,152,18,2507,51,52,60,36,5.7,5.1,36.7,243.6,-1.8,-3.7,3.1,-4.3,2.2,1.8,3.0,1.1,2.1,1.9,42760.0,29.6,372.0,-5.2,3.2,0.013,17119.0,9.1,2.0,0.8,0.5,0.005,7.2,-0.82,6.49,17.8,6.9,0.0038,23,15,18,9,77.9,111,-64,47,1.3,0.006293,999999.99,99999.99,99999.99,0.16,0.09,0.07,-1,2017-06-01 18:00:00
2017,152,19,2507,51,52,61,37,7.5,5.0,23.6,114.4,-1.9,4.2,2.0,3.5,3.0,0.7,5.6,1.2,2.5,4.9,57366.0,12.9,370.0,-2.6,3.0,0.02,14167.0,2.9,5.0,2.0,1.4,0.003,3.19,-1.11,1.77,8.9,5.6,0.0152,23,15,7,9,77.9,101,-48,53,0.6,0.006293,999999.99,99999.99,99999.99,0.19,0.11,0.08,-1,2017-06-01 19:00:00
2017,152,20,2507,51,52,64,38,7.3,2.7,66.7,266.2,-0.1,-1.1,2.5,-1.8,2.1,0.9,6.8,1.4,3.9,5.4,88257.0,6.5,388.0,0.9,2.4,0.028,38816.0,2.7,13.0,2.0,2.4,0.006,1.82,-0.81,1.1,6.8,4.9,0.0259,23,15,0,9,77.9,103,-61,43,-0.1,0.006293,999999.99,99999.99,99999.99,0.16,0.1,0.07,-1,2017-06-01 20:00:00
2017,152,21,2507,51,52,63,35,7.2,6.3,-0.2,302.2,3.4,-5.4,0.0,-5.1,-1.7,1.3,3.5,0.9,1.7,2.9,108746.0,4.1,415.0,5.4,5.5,0.041,30748.0,1.6,11.0,1.9,2.7,0.014,1.37,0.71,0.78,5.8,4.5,0.0349,27,15,-2,12,77.9,101,-59,42,1.9,0.006293,999999.99,99999.99,99999.99,0.17,0.1,0.07,-1,2017-06-01 21:00:00
2017,152,22,2507,51,52,60,36,3.9,3.1,37.5,53.8,1.5,2.0,1.9,1.3,2.4,0.4,2.3,1.3,1.7,0.8,112668.0,6.7,432.0,7.1,4.1,0.027,10348.0,0.7,3.0,0.7,0.5,0.003,2.31,-1.04,4.42,14.3,6.5,0.0058,27,15,6,12,77.9,210,-121,89,0.9,0.006293,999999.99,99999.99,99999.99,0.17,0.09,0.07,-1,2017-06-01 22:00:00
2017,152,23,2507,51,52,57,35,4.0,2.3,-30.6,304.4,1.1,-1.7,-1.2,-1.2,-1.7,1.0,3.3,2.0,1.6,2.1,89712.0,5.7,425.0,3.8,3.3,0.033,15592.0,0.9,10.0,1.0,1.0,0.003,1.95,0.72,3.23,12.7,6.5,0.0074,27,15,5,12,77.9,97,-55,42,0.2,0.006293,999999.99,99999.99,99999.99,0.2,0.1,0.08,-1,2017-06-01 23:00:00
2017,153,0,2507,51,52,60,35,4.9,4.5,1.2,282.1,0.9,-4.4,0.1,-4.2,-1.2,0.4,1.9,1.3,0.8,1.1,70979.0,4.6,421.0,0.4,4.5,0.041,7905.0,0.3,10.0,0.7,0.9,0.005,1.58,0.51,1.59,9.2,6.0,0.014,17,23,-2,6,80.4,110,-48,62,0.8,0.006377,999999.99,99999.99,99999.99,0.19,0.1,0.07,-1,2017-06-02 00:00:00
2017,153,1,2507,51,52,60,35,5.0,4.6,-14.5,313.4,3.0,-3.2,-1.1,-2.8,-1.9,0.3,1.9,1.4,1.1,0.7,60758.0,5.1,399.0,0.6,2.7,0.037,8299.0,0.6,5.0,0.5,0.6,0.003,1.56,0.76,1.6,9.0,5.8,0.0146,17,23,-9,6,80.4,174,-77,96,0.6,0.006377,999999.99,99999.99,99999.99,0.18,0.09,0.07,-1,2017-06-02 01:00:00
2017,153,2,2507,51,52,57,35,4.4,3.1,-16.0,318.8,2.3,-2.0,-0.9,-1.7,-1.3,0.3,3.1,2.4,1.6,1.1,53109.0,6.7,394.0,2.1,2.3,0.032,5171.0,0.8,11.0,1.1,0.8,0.007,1.96,0.51,2.61,11.6,6.4,0.0089,17,23,-11,6,80.4,191,-101,90,0.8,0.006377,999999.99,99999.99,99999.99,0.18,0.1,0.07,-1,2017-06-02 02:00:00
2017,153,3,2507,51,52,58,35,3.9,3.7,-14.2,328.5,3.1,-1.9,-0.9,-1.7,-1.2,0.3,1.0,0.7,0.7,0.3,47834.0,8.8,382.0,0.9,1.9,0.025,2161.0,0.6,4.0,0.6,0.2,0.002,2.36,0.46,4.24,14.5,6.7,0.0056,13,23,-8,5,80.4,125,-43,81,0.4,0.006377,999999.99,99999.99,99999.99,0.18,0.09,0.07,-1,2017-06-02 03:00:00
2017,153,4,2507,51,52,60,36,4.4,4.3,-14.3,316.4,3.0,-2.8,-1.0,-2.6,-1.4,0.2,0.9,0.6,0.6,0.2,46759.0,8.2,376.0,1.4,1.6,0.024,1967.0,0.2,2.0,0.2,0.3,0.002,2.12,0.53,3.09,12.2,6.4,0.0079,13,23,-3,5,80.4,118,-37,80,0.3,0.006377,999999.99,99999.99,99999.99,0.17,0.09,0.06,-1,2017-06-02 04:00:00
2017,153,5,2507,51,52,63,36,4.0,3.5,-2.1,307.4,2.1,-2.8,-0.1,-2.8,-0.4,0.3,1.8,1.0,0.7,1.3,42511.0,7.7,374.0,1.3,1.5,0.026,3451.0,0.5,5.0,0.6,0.7,0.003,1.99,0.15,3.42,13.0,6.5,0.0071,13,23,-2,5,80.4,167,-53,114,-0.1,0.006377,999999.99,99999.99,99999.99,0.17,0.1,0.07,-1,2017-06-02 05:00:00
2017,153,6,2507,51,52,57,35,4.1,3.9,-10.5,283.9,0.9,-3.7,-0.7,-3.7,-0.9,0.1,1.1,0.9,0.2,0.7,41043.0,7.2,376.0,0.4,0.5,0.024,2795.0,0.5,4.0,0.5,0.5,0.003,1.86,0.34,3.02,12.3,6.5,0.0079,7,23,1,3,80.4,159,-90,69,-0.3,0.006377,999999.99,99999.99,99999.99,0.17,0.09,0.06,-1,2017-06-02 06:00:00
2017,153,7,2507,51,52,59,36,3.4,3.0,-5.7,305.2,1.7,-2.4,-0.3,-2.4,-0.3,0.5,1.5,0.8,0.9,1.0,39577.0,7.0,372.0,1.5,0.2,0.025,3480.0,0.6,3.0,1.1,0.8,0.003,1.78,0.11,4.23,14.5,6.7,0.0057,7,23,1,3,80.4,116,-54,61,-0.6,0.006377,999999.99,99999.99,99999.99,0.16,0.1,0.08,-1,2017-06-02 07:00:00
2017,153,8,2507,51,52,60,36,3.2,3.2,-0.5,333.6,2.8,-1.4,0.0,-1.4,0.0,0.1,0.5,0.3,0.4,0.3,35267.0,6.3,367.0,1.3,-0.3,0.025,2090.0,0.3,1.0,0.4,0.2,0.002,1.56,-0.0,4.19,14.4,6.7,0.0057,7,23,-4,3,80.4,76,-45,31,-0.4,0.006377,999999.99,99999.99,99999.99,0.17,0.1,0.08,-1,2017-06-02 08:00:00
2017,153,9,2507,51,52,59,36,2.9,2.7,4.6,322.1,2.1,-1.7,0.2,-1.7,0.3,0.1,0.9,0.6,0.7,0.3,33345.0,5.3,366.0,0.5,-0.5,0.026,2729.0,0.2,3.0,0.6,0.3,0.001,1.31,-0.11,4.24,14.5,6.7,0.0056,10,23,-4,4,80.4,85,-72,13,-0.2,0.006377,999999.99,99999.99,99999.99,0.18,0.1,0.08,-1,2017-06-02 09:00:00
2017,153,10,2507,51,52,63,37,2.7,2.3,16.7,331.5,1.9,-1.0,0.7,-1.0,0.7,0.3,1.4,0.8,1.0,0.5,38093.0,4.9,366.0,1.0,-0.4,0.027,11061.0,0.3,7.0,0.6,0.3,0.003,1.21,-0.26,4.65,15.0,6.7,0.0053,10,23,-3,4,80.4,54,-29,25,-0.2,0.006377,999999.99,99999.99,99999.99,0.16,0.09,0.07,-1,2017-06-02 10:00:00
2017,153,11,2507,51,52,58,36,2.2,1.8,-6.9,74.9,0.5,1.7,-0.2,1.7,-0.3,0.3,1.2,0.9,0.6,0.4,48868.0,4.1,384.0,1.3,-1.2,0.027,8669.0,0.3,4.0,0.6,0.2,0.004,1.12,0.12,6.25,17.7,7.0,0.0038,10,23,-3,4,80.4,46,-27,19,0.4,0.006377,999999.99,99999.99,99999.99,0.19,0.1,0.08,-1,2017-06-02 11:00:00
2017,153,12,2507,51,52,58,35,2.4,2.3,-25.0,320.5,1.6,-1.3,-1.0,-1.3,-0.9,0.3,0.8,0.3,0.6,0.3,37913.0,5.0,369.0,1.0,-2.6,0.023,3826.0,0.2,2.0,1.0,0.4,0.002,1.24,0.33,6.0,17.2,6.9,0.004,10,23,-3,4,80.4,67,-40,28,0.8,0.006377,999999.99,99999.99,99999.99,0.19,0.1,0.07,-1,2017-06-02 12:00:00
2017,153,13,2507,51,52,60,36,2.4,2.3,-13.9,359.8,2.2,0.0,-0.5,0.0,-0.5,0.1,0.8,0.2,0.7,0.2,36633.0,5.4,366.0,1.0,-2.1,0.024,2380.0,0.2,1.0,0.4,0.1,0.002,1.32,0.18,6.43,17.7,6.9,0.0038,10,23,-4,4,80.4,83,-33,50,0.4,0.006377,999999.99,99999.99,99999.99,0.19,0.1,0.07,-1,2017-06-02 13:00:00
2017,153,14,2507,51,52,61,37,2.2,2.0,-8.9,334.9,1.8,-0.8,-0.3,-0.8,-0.3,0.2,0.9,0.3,0.7,0.3,31836.0,6.2,364.0,0.8,-2.2,0.018,2598.0,0.4,1.0,0.3,0.1,0.001,1.47,0.11,8.54,20.6,7.1,0.0028,10,23,-3,4,80.4,92,-50,42,0.4,0.006377,999999.99,99999.99,99999.99,0.19,0.1,0.08,-1,2017-06-02 14:00:00
2017,153,15,2507,51,52,60,37,2.4,2.1,-15.8,316.3,1.4,-1.4,-0.6,-1.4,-0.7,0.1,1.2,0.8,0.6,0.6,31912.0,6.6,366.0,0.4,-2.0,0.018,2347.0,0.2,1.0,0.2,0.2,0.001,1.58,0.26,7.64,19.6,7.1,0.0031,7,23,0,3,80.4,130,-86,44,0.8,0.006377,999999.99,99999.99,99999.99,0.17,0.1,0.07,-1,2017-06-02 15:00:00
2017,153,16,2507,51,52,59,36,2.2,2.1,-10.7,308.1,1.3,-1.6,-0.4,-1.5,-0.6,0.2,0.7,0.4,0.2,0.6,28966.0,7.0,364.0,0.2,-1.7,0.017,981.0,0.3,2.0,0.2,0.3,0.002,1.65,0.22,9.47,21.9,7.2,0.0025,7,23,0,3,80.4,101,-79,22,1.1,0.006377,999999.99,99999.99,99999.99,0.18,0.1,0.07,-1,2017-06-02 16:00:00
2017,153,17,2507,51,52,62,36,2.3,2.0,-16.9,313.5,1.3,-1.4,-0.6,-1.3,-0.8,0.4,1.1,0.7,0.4,0.7,31820.0,6.6,363.0,0.2,-1.4,0.018,2499.0,0.3,2.0,0.2,0.4,0.002,1.56,0.29,8.31,20.3,7.1,0.0029,7,23,0,3,80.4,62,-39,22,1.1,0.006377,999999.99,99999.99,99999.99,0.17,0.11,0.08,-1,2017-06-02 17:00:00
2017,153,18,2507,51,52,60,37,2.5,2.1,-46.1,158.7,-1.4,0.5,-1.5,0.8,-1.4,0.4,1.3,0.5,1.0,0.7,26174.0,6.1,372.0,0.7,-2.5,0.022,4401.0,0.7,4.0,0.7,0.6,0.004,1.53,0.52,6.27,18.4,7.3,0.0035,10,23,0,4,80.4,56,-28,28,0.7,0.006377,999999.99,99999.99,99999.99,0.17,0.09,0.06,-1,2017-06-02 18:00:00
2017,153,19,2507,51,52,59,36,2.0,1.2,-47.4,173.3,-0.8,0.1,-0.9,0.3,-0.8,0.5,1.6,0.5,1.5,0.5,31302.0,6.0,367.0,-0.2,-2.0,0.016,3488.0,0.7,3.0,0.7,0.3,0.003,1.44,0.29,9.96,22.5,7.3,0.0024,10,23,-3,4,80.4,73,-45,28,0.3,0.006377,999999.99,99999.99,99999.99,0.18,0.1,0.08,-1,2017-06-02 19:00:00
2017,153,20,2507,51,52,60,36,2.1,1.9,-8.0,315.5,1.3,-1.3,-0.3,-1.2,-0.7,0.1,1.0,0.6,0.4,0.7,26565.0,6.5,365.0,-0.3,-2.3,0.013,1895.0,0.6,2.0,0.3,0.3,0.002,1.52,0.26,9.5,22.2,7.3,0.0024,10,23,-5,4,80.4,130,-99,31,0.6,0.006377,999999.99,99999.99,99999.99,0.16,0.1,0.07,-1,2017-06-02 20:00:00
2017,153,21,2507,51,52,58,36,2.3,2.2,0.3,310.8,1.4,-1.7,0.0,-1.6,-0.5,0.2,0.8,0.6,0.3,0.4,27866.0,6.2,361.0,0.2,-2.4,0.014,1606.0,0.2,3.0,0.3,0.2,0.002,1.42,0.18,7.62,19.5,7.1,0.0031,10,23,-5,4,80.4,93,-69,24,0.4,0.006377,999999.99,99999.99,99999.99,0.17,0.09,0.07,-1,2017-06-02 21:00:00
2017,153,22,2507,51,52,61,34,2.2,1.2,-59.3,347.5,0.6,-0.1,-1.0,0.2,-1.0,0.5,1.9,1.4,1.3,0.3,29384.0,5.9,359.0,0.2,-2.1,0.012,3828.0,1.0,3.0,0.5,0.4,0.002,1.33,0.36,8.0,19.8,7.0,0.003,10,23,-5,4,80.4,63,-42,22,0.2,0.006377,999999.99,99999.99,99999.99,0.19,0.1,0.07,-1,2017-06-02 22:00:00
2017,153,23,2507,51,52,59,36,2.8,2.8,-28.0,329.5,2.1,-1.3,-1.3,-0.8,-1.6,0.3,0.4,0.2,0.2,0.2,21944.0,6.6,357.0,0.4,-2.5,0.011,1752.0,0.5,2.0,0.2,0.3,0.001,1.47,0.57,5.26,16.4,7.0,0.0044,10,23,-4,4,80.4,72,-40,32,0.8,0.006377,999999.99,99999.99,99999.99,0.16,0.09,0.06,-1,2017-06-02 23:00:00
2017,154,0,2507,51,52,59,36,3.0,2.9,-12.3,333.3,2.5,-1.3,-0.6,-1.1,-0.9,0.1,0.5,0.1,0.3,0.4,21066.0,6.6,355.0,0.0,-2.7,0.011,1206.0,0.4,2.0,0.1,0.3,0.001,1.45,0.32,4.56,15.2,6.8,0.0051,3,24,-5,2,80.2,71,-38,32,0.6,0.00645,999999.99,99999.99,99999.99,0.2,0.1,0.07,-1,2017-06-03 00:00:00
2017,154,1,2507,51,52,60,36,3.0,3.0,-10.1,335.5,2.6,-1.2,-0.5,-1.0,-0.8,0.1,0.3,0.1,0.2,0.2,20442.0,7.1,353.0,0.2,-2.6,0.011,1113.0,0.2,1.0,0.2,0.2,0.001,1.54,0.28,4.88,15.7,6.9,0.0048,3,24,-5,2,80.2,53,-30,23,0.4,0.00645,999999.99,99999.99,99999.99,0.17,0.09,0.07,-1,2017-06-03 01:00:00
2017,154,2,2507,51,52,60,36,2.8,2.8,-12.4,323.1,2.2,-1.6,-0.6,-1.4,-0.9,0.2,0.3,0.1,0.2,0.2,17844.0,7.6,355.0,0.3,-2.2,0.01,1349.0,0.2,1.0,0.2,0.2,0.001,1.66,0.32,5.9,17.5,7.1,0.0039,3,24,-5,2,80.2,51,-27,23,0.2,0.00645,999999.99,99999.99,99999.99,0.18,0.11,0.07,-1,2017-06-03 02:00:00
2017,154,3,2507,51,52,60,36,2.3,2.2,-9.5,326.3,1.8,-1.2,-0.4,-1.1,-0.6,0.1,0.5,0.2,0.4,0.3,19301.0,8.2,356.0,0.5,-2.0,0.014,2087.0,0.4,1.0,0.2,0.1,0.001,1.83,0.21,9.52,22.2,7.3,0.0024,3,24,-2,2,80.2,39,-23,16,0.2,0.00645,999999.99,99999.99,99999.99,0.18,0.1,0.07,-1,2017-06-03 03:00:00
2017,154,4,2507,51,52,59,36,2.7,2.6,15.6,355.7,2.5,-0.2,0.7,-0.3,0.7,0.1,0.6,0.3,0.5,0.2,24434.0,6.6,354.0,0.7,-1.6,0.016,1294.0,0.4,1.0,0.2,0.1,0.002,1.47,-0.25,5.75,16.8,6.9,0.0042,3,24,-3,2,80.2,47,-25,23,-0.0,0.00645,999999.99,99999.99,99999.99,0.17,0.09,0.07,-1,2017-06-03 04:00:00
2017,154,5,2507,51,52,60,37,2.9,2.7,-0.7,2.7,2.7,0.1,0.0,0.1,0.0,0.1,1.0,0.1,0.7,0.7,25272.0,6.9,353.0,0.4,-1.7,0.015,878.0,0.2,1.0,0.1,0.1,0.001,1.52,-0.0,5.24,16.0,6.8,0.0047,3,24,0,2,80.2,28,-14,13,-0.3,0.00645,999999.99,99999.99,99999.99,0.18,0.1,0.07,-1,2017-06-03 05:00:00
2017,154,6,2507,51,52,60,35,2.6,2.4,3.9,337.5,2.2,-0.9,0.2,-0.9,0.2,0.1,0.9,0.5,0.7,0.4,24607.0,7.6,352.0,0.4,-1.4,0.016,1973.0,0.7,2.0,0.2,0.1,0.001,1.67,-0.07,7.15,18.7,7.0,0.0034,17,24,2,6,80.2,25,-16,9,-0.3,0.00645,999999.99,99999.99,99999.99,0.18,0.1,0.07,-1,2017-06-03 06:00:00
2017,154,7,2507,51,52,60,36,2.8,2.7,1.8,327.3,2.3,-1.5,0.1,-1.5,0.1,0.1,0.7,0.2,0.3,0.6,26958.0,7.6,351.0,0.3,-1.6,0.016,1585.0,0.4,1.0,0.2,0.2,0.001,1.66,-0.04,6.26,17.3,6.8,0.004,17,24,3,6,80.2,45,-20,25,-0.3,0.00645,999999.99,99999.99,99999.99,0.18,0.1,0.07,-1,2017-06-03 07:00:00
2017,154,8,2507,51,52,63,39,3.2,3.0,-5.5,334.8,2.7,-1.3,-0.3,-1.3,-0.3,0.6,1.2,0.5,0.5,0.9,31339.0,8.4,356.0,-0.3,-2.0,0.016,3840.0,2.3,9.0,1.1,0.4,0.002,1.89,0.11,5.45,16.1,6.7,0.0046,17,24,7,6,80.2,55,-24,31,-0.2,0.00645,999999.99,99999.99,99999.99,0.18,0.1,0.07,-1,2017-06-03 08:00:00
2017,154,9,2507,51,52,60,37,5.7,5.6,-12.7,324.4,4.5,-3.2,-1.2,-3.2,-1.1,0.9,1.2,0.9,0.4,0.7,40470.0,18.6,376.0,-3.6,-2.4,0.012,3209.0,1.4,4.0,0.3,0.8,0.001,4.6,0.41,4.02,14.2,6.7,0.0059,20,24,15,7,80.2,90,-34,56,0.3,0.00645,999999.99,99999.99,99999.99,0.17,0.1,0.07,-1,2017-06-03 09:00:00
2017,154,10,2507,51,52,62,35,3.8,2.5,6.5,324.9,2.0,-1.4,0.3,-1.4,0.4,1.6,3.2,1.9,1.6,2.0,29546.0,28.0,381.0,-3.3,-3.1,0.011,6448.0,4.0,3.0,0.4,0.5,0.003,7.09,-0.15,12.74,26.5,7.7,0.0017,20,24,20,7,80.2,231,-162,69,0.8,0.00645,999999.99,99999.99,99999.99,0.16,0.09,0.07,-1,2017-06-03 10:00:00
2017,154,11,2507,51,52,60,36,5.0,3.6,30.1,132.1,-2.1,2.3,1.8,2.4,1.7,3.3,4.7,3.2,3.0,1.6,30274.0,26.6,381.0,-3.5,-4.8,0.01,5324.0,6.5,3.0,0.9,0.5,0.004,6.71,-0.65,7.02,19.7,7.4,0.0031,20,24,22,7,80.2,150,-87,63,1.0,0.00645,999999.99,99999.99,99999.99,0.19,0.1,0.07,-1,2017-06-03 11:00:00
2017,154,12,2507,51,52,61,36,9.6,6.5,-31.4,130.3,-3.6,4.3,-3.4,4.1,-3.6,2.0,7.2,1.9,2.1,6.6,40199.0,15.5,382.0,-4.7,-4.6,0.008,24035.0,6.1,5.0,1.1,1.9,0.002,3.9,1.38,1.18,7.8,5.5,0.0194,33,24,13,18,80.2,91,-36,56,1.7,0.00645,999999.99,99999.99,99999.99,0.17,0.09,0.06,-1,2017-06-03 12:00:00
2017,154,13,2507,51,52,61,37,12.1,11.9,-58.7,120.7,-3.2,5.3,-10.2,5.1,-10.3,0.5,2.0,1.2,0.9,1.2,21756.0,4.1,387.0,-3.6,-1.4,0.01,13778.0,0.6,10.0,1.6,1.7,0.004,1.07,3.99,0.17,3.2,3.0,0.1134,33,24,-1,18,80.2,435,-274,161,2.9,0.00645,999999.99,99999.99,99999.99,0.17,0.1,0.07,-1,2017-06-03 13:00:00
2017,154,14,2507,51,52,61,35,11.4,11.2,-60.4,123.3,-3.0,4.6,-9.7,4.7,-9.6,0.4,1.8,1.1,1.1,1.0,30147.0,5.7,403.0,-1.4,1.1,0.008,12385.0,1.1,7.0,1.2,1.2,0.002,1.6,3.87,0.29,4.2,3.8,0.0668,33,24,-8,18,80.2,591,-412,179,3.8,0.00645,999999.99,99999.99,99999.99,0.19,0.11,0.08,-1,2017-06-03 14:00:00
2017,154,15,2507,51,52,61,37,11.8,11.8,-66.1,114.3,-2.0,4.3,-10.8,4.9,-10.5,0.2,1.1,0.9,0.4,0.5,17112.0,6.5,412.0,0.8,2.1,0.007,6615.0,0.4,3.0,0.6,0.4,0.001,1.89,4.33,0.28,4.5,4.0,0.06,37,24,-14,22,80.2,841,-508,333,3.2,0.00645,999999.99,99999.99,99999.99,0.18,0.1,0.07,-1,2017-06-03 15:00:00
2017,154,16,2507,51,52,63,36,8.3,5.8,1.5,133.8,-4.0,4.2,0.2,4.2,0.7,1.9,6.2,1.4,2.4,5.5,99469.0,8.4,414.0,0.8,-2.2,0.026,45727.0,1.6,11.0,2.4,1.9,0.008,2.65,-0.29,1.16,7.2,5.1,0.0228,37,24,-18,22,80.2,771,-521,250,1.6,0.00645,999999.99,99999.99,99999.99,0.18,0.1,0.07,-1,2017-06-03 16:00:00
2017,154,17,2507,51,52,58,35,5.6,4.2,67.2,176.6,-1.6,0.1,3.9,-0.5,3.9,0.6,3.6,2.2,2.3,1.6,122166.0,8.6,427.0,3.7,-2.6,0.03,8989.0,0.6,9.0,1.1,0.7,0.002,2.93,-1.67,2.86,11.2,6.0,0.0095,37,24,-10,22,80.2,235,-152,83,0.1,0.00645,999999.99,99999.99,99999.99,0.18,0.1,0.08,-1,2017-06-03 17:00:00
2017,154,18,2507,51,52,64,40,6.4,5.7,67.9,264.3,-0.2,-2.1,5.2,-3.1,4.7,0.9,3.0,1.4,2.3,1.3,153484.0,6.4,440.0,5.3,-1.7,0.031,38308.0,0.9,22.0,2.2,1.0,0.004,2.33,-2.07,1.83,8.7,5.4,0.0157,17,24,-13,6,80.2,81,-17,64,1.8,0.00645,999999.99,99999.99,99999.99,0.16,0.09,0.06,-1,2017-06-03 18:00:00
2017,154,19,2507,51,52,63,37,6.9,4.8,9.4,132.2,-3.2,3.5,0.8,3.2,1.6,0.6,5.0,1.7,3.0,3.6,210902.0,5.1,477.0,8.7,0.7,0.05,36213.0,0.9,10.0,0.9,0.9,0.011,2.33,-0.76,1.51,7.8,5.1,0.0195,17,24,-11,6,80.2,63,-17,46,0.8,0.00645,999999.99,99999.99,99999.99,0.17,0.09,0.07,-1,2017-06-03 19:00:00
2017,154,20,2507,51,52,60,37,7.4,7.2,7.6,128.4,-4.4,5.6,0.9,5.1,2.4,0.2,1.7,0.4,0.8,1.4,214787.0,4.0,480.0,8.2,1.1,0.066,16674.0,0.3,4.0,0.6,0.7,0.009,1.95,-1.15,1.04,6.5,4.7,0.0283,17,24,-13,6,80.2,68,-28,40,-0.3,0.00645,999999.99,99999.99,99999.99,0.18,0.1,0.07,-1,2017-06-03 20:00:00
2017,154,21,2507,51,52,58,34,6.0,5.8,18.1,142.9,-4.4,3.3,1.8,2.6,2.7,0.8,1.7,0.7,1.3,0.7,201937.0,4.7,471.0,8.3,-0.4,0.044,20128.0,0.9,7.0,0.8,0.6,0.016,2.05,-1.27,1.79,8.5,5.3,0.0164,10,24,-12,4,80.2,55,-31,25,-0.8,0.00645,999999.99,99999.99,99999.99,0.18,0.09,0.07,-1,2017-06-03 21:00:00
2017,154,22,2507,51,52,60,37,6.1,5.9,-1.0,148.8,-5.1,3.1,-0.1,3.0,0.8,0.3,1.4,0.4,0.9,1.0,183454.0,4.4,466.0,8.1,0.4,0.037,24765.0,0.4,3.0,0.5,0.8,0.004,1.83,-0.37,1.53,8.0,5.3,0.0185,10,24,-11,4,80.2,58,-32,26,-0.2,0.00645,999999.99,99999.99,99999.99,0.17,0.09,0.06,-1,2017-06-03 22:00:00
2017,154,23,2507,51,52,61,37,5.6,5.4,23.6,127.8,-3.1,3.9,2.2,3.1,3.3,0.2,1.2,0.8,0.5,0.7,153027.0,3.8,476.0,7.5,-1.1,0.035,11873.0,0.5,5.0,0.7,0.7,0.006,1.64,-1.57,1.42,8.3,5.6,0.0173,10,24,-10,4,80.2,56,-31,25,-0.2,0.00645,999999.99,99999.99,99999.99,0.16,0.09,0.06,-1,2017-06-03 23:00:00
2017,155,0,2507,51,52,58,34,5.5,5.4,16.5,136.3,-3.8,3.6,1.5,3.0,2.4,0.2,1.0,0.7,0.4,0.6,132132.0,3.4,465.0,7.2,-0.4,0.032,16776.0,0.3,4.0,0.6,0.7,0.002,1.38,-1.12,1.22,7.8,5.4,0.0196,7,25,-10,3,79.9,54,-34,20,-0.2,0.006467,999999.99,99999.99,99999.99,0.18,0.09,0.07,-1,2017-06-04 00:00:00
2017,155,1,2507,51,52,61,37,5.3,5.1,6.4,146.9,-4.2,2.7,0.6,2.5,1.3,0.3,1.4,0.9,0.6,0.8,114248.0,2.9,466.0,7.0,0.1,0.036,19261.0,0.4,8.0,1.2,1.0,0.009,1.2,-0.61,1.04,7.5,5.4,0.0212,7,25,-14,3,79.9,50,-31,19,-0.2,0.006467,999999.99,99999.99,99999.99,0.16,0.09,0.07,-1,2017-06-04 01:00:00
2017,155,2,2507,51,52,60,37,4.9,4.8,22.2,122.8,-2.4,3.7,1.8,3.2,2.6,0.1,1.0,0.8,0.5,0.5,102116.0,2.6,479.0,4.2,-2.0,0.043,13471.0,0.2,8.0,0.8,0.6,0.006,1.17,-1.25,1.04,7.9,5.7,0.0191,7,25,-15,3,79.9,55,-32,23,-0.1,0.006467,999999.99,99999.99,99999.99,0.18,0.09,0.06,-1,2017-06-04 02:00:00
2017,155,3,2507,51,52,60,36,4.7,4.6,8.1,136.7,-3.3,3.1,0.6,2.9,1.1,0.1,0.9,0.4,0.4,0.7,96652.0,2.6,464.0,4.8,-0.4,0.041,14435.0,0.2,6.0,0.8,0.9,0.005,1.09,-0.51,1.1,8.0,5.7,0.0188,7,25,-15,3,79.9,38,-24,14,-0.2,0.006467,999999.99,99999.99,99999.99,0.19,0.1,0.07,-1,2017-06-04 03:00:00
2017,155,4,2507,51,52,61,35,4.8,4.8,12.8,140.5,-3.6,3.0,1.1,2.8,1.5,0.2,0.5,0.3,0.2,0.3,74129.0,2.4,461.0,4.9,-0.4,0.031,10752.0,0.3,5.0,0.9,0.6,0.007,0.96,-0.69,0.88,7.4,5.6,0.0215,7,25,-14,3,79.9,42,-19,23,-0.2,0.006467,999999.99,99999.99,99999.99,0.17,0.09,0.06,-1,2017-06-04 04:00:00
2017,155,5,2507,51,52,56,34,5.1,5.1,4.9,135.4,-3.6,3.5,0.4,3.5,0.7,0.1,0.7,0.2,0.2,0.6,75225.0,2.3,453.0,3.1,-0.7,0.034,6910.0,0.2,9.0,0.8,0.7,0.004,0.9,-0.32,0.75,6.7,5.2,0.0262,7,25,-11,3,79.9,71,-51,20,0.1,0.006467,999999.99,99999.99,99999.99,0.18,0.09,0.06,-1,2017-06-04 05:00:00
2017,155,6,2507,51,52,60,36,5.1,5.1,1.4,135.4,-3.6,3.6,0.1,3.6,0.3,0.1,0.4,0.3,0.2,0.2,71217.0,2.4,436.0,2.4,-0.5,0.031,4218.0,0.2,4.0,0.4,0.4,0.003,0.86,-0.13,0.77,6.6,5.1,0.0271,3,25,-9,2,79.9,76,-32,44,0.7,0.006467,999999.99,99999.99,99999.99,0.16,0.09,0.07,-1,2017-06-04 06:00:00
2017,155,7,2507,51,52,59,37,5.1,5.0,10.0,125.2,-2.8,4.0,0.9,4.0,0.9,0.1,0.9,0.5,0.3,0.7,71549.0,2.6,427.0,2.7,-0.5,0.031,10473.0,0.4,6.0,0.6,0.5,0.004,0.89,-0.38,0.83,6.8,5.1,0.0261,3,25,-9,2,79.9,77,-30,47,0.8,0.006467,999999.99,99999.99,99999.99,0.16,0.09,0.06,-1,2017-06-04 07:00:00
2017,155,8,2507,51,52,58,33,5.1,5.1,17.4,123.2,-2.7,4.1,1.5,4.1,1.4,0.1,0.6,0.4,0.2,0.4,61711.0,2.9,421.0,2.6,-0.5,0.025,6188.0,0.2,6.0,0.7,0.4,0.002,0.94,-0.59,0.88,7.0,5.3,0.0241,3,25,-9,2,79.9,70,-28,41,1.3,0.006467,999999.99,99999.99,99999.99,0.18,0.1,0.07,-1,2017-06-04 08:00:00
2017,155,9,2507,51,52,60,36,5.2,5.1,34.3,120.5,-2.1,3.6,2.9,3.7,2.7,0.1,0.9,0.6,0.3,0.6,60855.0,3.2,411.0,1.5,-0.1,0.024,4727.0,0.2,4.0,0.3,0.4,0.003,0.99,-1.11,0.93,7.1,5.3,0.0238,3,25,-9,2,79.9,54,-29,25,1.3,0.006467,999999.99,99999.99,99999.99,0.18,0.1,0.07,-1,2017-06-04 09:00:00
2017,155,10,2507,51,52,59,36,4.8,4.7,32.9,127.3,-2.4,3.1,2.5,3.2,2.3,0.3,1.2,0.3,0.7,0.9,64252.0,3.1,410.0,1.4,0.5,0.024,8854.0,0.4,2.0,0.8,0.8,0.004,0.95,-0.94,1.08,7.5,5.4,0.021,3,25,-9,2,79.9,33,-24,9,1.2,0.006467,999999.99,99999.99,99999.99,0.17,0.09,0.07,-1,2017-06-04 10:00:00
2017,155,11,2507,51,52,63,38,3.1,2.7,11.9,107.3,-0.8,2.5,0.6,2.5,0.4,1.0,1.7,1.1,0.9,0.9,67553.0,3.2,420.0,-0.7,0.8,0.02,17639.0,0.5,12.0,1.4,0.5,0.003,1.02,-0.17,2.71,12.1,6.6,0.0081,3,25,-7,2,79.9,44,-24,20,1.1,0.006467,999999.99,99999.99,99999.99,0.19,0.1,0.07,-1,2017-06-04 11:00:00
2017,155,12,2507,51,52,60,34,3.1,2.8,-0.1,56.0,1.6,2.3,0.0,2.3,-0.1,0.3,1.4,1.0,0.4,0.8,39450.0,3.0,433.0,-2.0,0.6,0.016,10720.0,0.2,4.0,0.4,0.5,0.002,1.0,0.04,2.18,12.1,7.1,0.0081,3,25,-8,2,79.9,42,-19,22,0.8,0.006467,999999.99,99999.99,99999.99,0.16,0.1,0.07,-1,2017-06-04 12:00:00
2017,155,13,2507,51,52,59,36,2.8,2.7,5.6,69.0,1.0,2.5,0.3,2.5,0.2,0.1,0.8,0.6,0.3,0.4,34089.0,3.3,428.0,-2.2,0.1,0.015,5237.0,0.2,5.0,0.2,0.4,0.001,1.07,-0.09,2.84,13.9,7.5,0.0062,3,25,-7,2,79.9,65,-17,48,0.6,0.006467,999999.99,99999.99,99999.99,0.18,0.1,0.07,-1,2017-06-04 13:00:00
2017,155,14,2507,51,52,60,36,2.7,2.2,14.2,82.9,0.3,2.2,0.6,2.2,0.6,0.1,1.4,1.0,0.6,0.7,33495.0,3.4,424.0,-2.2,-0.5,0.014,4743.0,0.4,5.0,0.6,0.6,0.001,1.08,-0.25,3.14,14.5,7.5,0.0057,3,25,-7,2,79.9,53,-21,32,-0.1,0.006467,999999.99,99999.99,99999.99,0.17,0.1,0.07,-1,2017-06-04 14:00:00
2017,155,15,2507,51,52,59,36,2.6,2.5,8.4,105.1,-0.6,2.4,0.4,2.4,0.5,0.1,0.8,0.5,0.1,0.6,33247.0,3.8,415.0,-2.5,-0.4,0.013,2340.0,0.1,4.0,0.1,0.4,0.001,1.15,-0.21,3.78,15.6,7.5,0.0049,0,25,-5,0,79.9,39,-22,17,-0.6,0.006467,999999.99,99999.99,99999.99,0.19,0.09,0.07,-1,2017-06-04 15:00:00
2017,155,16,2507,51,52,59,35,2.9,2.8,-4.3,128.6,-1.8,2.2,-0.2,2.2,0.0,0.1,0.7,0.4,0.2,0.4,35328.0,3.6,407.0,-2.1,-0.2,0.014,2065.0,0.2,3.0,0.2,0.3,0.001,1.05,-0.0,2.91,13.3,7.1,0.0067,0,25,-5,0,79.9,74,-38,36,-0.8,0.006467,999999.99,99999.99,99999.99,0.18,0.09,0.06,-1,2017-06-04 16:00:00
2017,155,17,2507,51,52,59,36,2.9,2.8,-7.2,135.1,-1.9,1.9,-0.3,1.9,0.0,0.1,0.7,0.3,0.3,0.5,36447.0,3.8,402.0,-2.0,-0.2,0.015,1556.0,0.2,2.0,0.2,0.3,0.001,1.09,-0.0,3.1,13.5,7.0,0.0065,0,25,-6,0,79.9,56,-37,19,-0.6,0.006467,999999.99,99999.99,99999.99,0.2,0.11,0.08,-1,2017-06-04 17:00:00
2017,155,18,2507,51,52,59,36,2.8,2.5,3.2,129.7,-1.6,2.0,0.1,1.9,0.5,0.1,1.1,0.4,0.3,0.9,33093.0,4.3,398.0,-2.6,-0.6,0.012,2612.0,0.2,3.0,0.3,0.5,0.001,1.19,-0.2,3.68,14.7,7.2,0.0055,3,25,-5,2,79.9,38,-20,18,-0.5,0.006467,999999.99,99999.99,99999.99,0.19,0.1,0.08,-1,2017-06-04 18:00:00
2017,155,19,2507,51,52,61,37,3.1,2.7,4.8,130.3,-1.7,2.0,0.2,1.9,0.7,0.1,1.5,0.6,0.9,1.1,34585.0,4.4,399.0,-2.3,-0.9,0.012,3348.0,0.2,3.0,0.2,0.5,0.001,1.23,-0.28,3.1,13.5,7.0,0.0065,3,25,-3,2,79.9,37,-22,15,-0.3,0.006467,999999.99,99999.99,99999.99,0.18,0.1,0.08,-1,2017-06-04 19:00:00
2017,155,20,2507,51,52,59,35,3.4,3.3,-2.4,145.9,-2.7,1.9,-0.1,1.9,0.4,0.1,0.6,0.3,0.3,0.4,37886.0,4.6,397.0,-2.1,-1.0,0.013,2959.0,0.4,2.0,0.3,0.2,0.001,1.27,-0.16,2.75,12.5,6.8,0.0076,3,25,-4,2,79.9,42,-27,16,-0.4,0.006467,999999.99,99999.99,99999.99,0.18,0.11,0.08,-1,2017-06-04 20:00:00
2017,155,21,2507,51,52,60,36,3.2,3.1,19.4,152.2,-2.5,1.3,1.0,1.0,1.3,0.1,0.8,0.2,0.6,0.6,39458.0,5.3,391.0,-1.9,-1.5,0.014,1938.0,0.2,2.0,0.3,0.3,0.001,1.43,-0.51,3.61,14.1,6.9,0.006,3,25,-4,2,79.9,44,-29,15,-0.2,0.006467,999999.99,99999.99,99999.99,0.18,0.1,0.08,-1,2017-06-04 21:00:00
2017,155,22,2507,51,52,60,37,3.6,3.5,16.9,158.2,-3.1,1.3,1.0,0.9,1.3,0.1,0.9,0.2,0.5,0.6,35832.0,4.7,390.0,-2.0,-1.1,0.016,2490.0,0.2,2.0,0.5,0.4,0.001,1.27,-0.51,2.48,11.7,6.6,0.0086,3,25,-3,2,79.9,56,-37,19,-0.4,0.006467,999999.99,99999.99,99999.99,0.18,0.09,0.07,-1,2017-06-04 22:00:00
2017,155,23,2507,51,52,59,36,3.7,3.6,23.2,126.8,-2.0,2.6,1.4,2.1,2.1,0.2,0.8,0.6,0.3,0.5,34697.0,5.3,391.0,-3.1,-1.7,0.011,2639.0,0.3,3.0,0.4,0.2,0.001,1.41,-0.82,2.63,12.2,6.7,0.008,3,25,1,2,79.9,56,-36,20,-0.2,0.006467,999999.99,99999.99,99999.99,0.18,0.1,0.08,-1,2017-06-04 23:00:00
2017,156,0,2507,51,52,58,34,3.8,3.7,-2.8,135.2,-2.6,2.6,-0.2,2.6,0.5,0.2,1.0,0.6,0.7,0.5,30819.0,5.3,382.0,-3.4,-0.8,0.009,1682.0,0.3,6.0,0.3,0.3,0.001,1.34,-0.19,2.43,11.6,6.6,0.0089,7,34,0,3,81.8,53,-36,17,-0.2,0.006464,999999.99,99999.99,99999.99,0.19,0.1,0.07,-1,2017-06-05 00:00:00
2017,156,1,2507,51,52,60,36,3.8,3.7,-14.4,151.8,-3.1,1.7,-0.9,1.9,-0.5,0.2,1.1,0.3,0.9,0.6,28704.0,5.3,375.0,-3.2,-0.5,0.008,3230.0,0.3,3.0,0.7,0.6,0.001,1.28,0.19,2.4,11.4,6.5,0.0092,7,34,0,3,81.8,51,-33,18,0.2,0.006464,999999.99,99999.99,99999.99,0.19,0.1,0.07,-1,2017-06-05 01:00:00
2017,156,2,2507,51,52,63,38,4.1,3.7,-5.4,128.8,-2.3,2.9,-0.3,2.9,0.3,0.2,1.6,0.9,1.0,0.9,27926.0,5.3,381.0,-3.5,-1.3,0.01,8184.0,1.0,8.0,0.7,1.1,0.002,1.34,-0.11,2.05,10.7,6.4,0.0104,7,34,0,3,81.8,57,-28,30,0.4,0.006464,999999.99,99999.99,99999.99,0.19,0.09,0.07,-1,2017-06-05 02:00:00
2017,156,3,2507,51,52,56,31,4.3,3.8,12.4,119.2,-1.8,3.2,0.8,3.0,1.3,0.3,1.9,1.4,0.8,0.9,28964.0,6.8,382.0,-3.3,-2.7,0.008,9068.0,0.9,11.0,0.6,0.9,0.001,1.71,-0.5,2.41,11.6,6.6,0.0089,10,34,0,4,81.8,61,-25,37,0.3,0.006464,999999.99,99999.99,99999.99,0.18,0.11,0.08,-1,2017-06-05 03:00:00
2017,156,4,2507,51,52,61,38,4.6,4.3,9.2,164.9,-4.1,1.1,0.7,1.0,0.8,0.2,1.7,0.6,1.4,0.8,25594.0,5.5,364.0,-0.8,-3.1,0.011,8768.0,0.9,6.0,1.5,0.9,0.003,1.27,-0.29,1.66,9.3,5.9,0.0138,10,34,-1,4,81.8,77,-29,48,0.2,0.006464,999999.99,99999.99,99999.99,0.17,0.11,0.08,-1,2017-06-05 04:00:00
2017,156,5,2507,51,52,58,35,5.0,4.9,6.1,132.2,-3.3,3.6,0.5,3.5,0.8,0.2,1.0,0.4,0.5,0.7,21864.0,6.2,365.0,-3.2,-3.0,0.008,6077.0,0.9,5.0,0.4,1.0,0.001,1.42,-0.29,1.55,9.1,5.9,0.0144,10,34,2,4,81.8,43,-20,23,0.3,0.006464,999999.99,99999.99,99999.99,0.17,0.1,0.07,-1,2017-06-05 05:00:00
2017,156,6,2507,51,52,59,35,4.5,4.4,10.9,159.3,-4.0,1.5,0.8,1.5,0.9,0.2,0.9,0.4,0.7,0.2,18210.0,5.0,351.0,-2.0,-4.0,0.009,6557.0,0.5,5.0,0.7,0.4,0.002,1.07,-0.32,1.51,8.7,5.8,0.0156,3,34,2,2,81.8,31,-16,15,0.3,0.006464,999999.99,99999.99,99999.99,0.16,0.09,0.07,-1,2017-06-05 06:00:00
2017,156,7,2507,51,52,61,38,3.9,3.7,28.9,154.4,-2.9,1.4,1.8,1.4,1.8,0.2,1.1,0.8,0.5,0.5,23362.0,5.6,357.0,-1.4,-5.2,0.008,6929.0,1.0,7.0,0.5,0.5,0.002,1.23,-0.64,2.32,10.8,6.2,0.0101,3,34,4,2,81.8,38,-21,17,0.3,0.006464,999999.99,99999.99,99999.99,0.18,0.1,0.07,-1,2017-06-05 07:00:00
2017,156,8,2507,51,52,60,32,3.7,3.6,-3.7,176.0,-3.6,0.3,-0.2,0.3,-0.2,0.1,0.9,0.3,0.4,0.7,20106.0,3.7,346.0,-0.1,-2.6,0.012,3587.0,0.7,2.0,0.5,1.2,0.003,0.78,0.07,1.67,9.0,5.8,0.0147,3,34,0,2,81.8,41,-26,15,0.4,0.006464,999999.99,99999.99,99999.99,0.18,0.1,0.07,-1,2017-06-05 08:00:00
2017,156,9,2507,51,52,58,36,3.7,3.7,-10.8,172.6,-3.6,0.5,-0.7,0.5,-0.7,0.2,0.4,0.2,0.3,0.2,21490.0,4.1,346.0,-0.7,-2.1,0.014,4308.0,1.0,4.0,0.5,0.4,0.001,0.87,0.24,1.87,9.5,5.9,0.0133,10,34,-1,4,81.8,45,-29,16,0.5,0.006464,999999.99,99999.99,99999.99,0.2,0.11,0.08,-1,2017-06-05 09:00:00
2017,156,10,2507,51,52,63,39,3.5,3.4,-10.6,187.3,-3.3,-0.4,-0.6,-0.4,-0.6,0.5,0.8,0.6,0.4,0.5,38212.0,6.4,358.0,0.4,-2.3,0.014,12337.0,1.2,8.0,0.3,0.5,0.002,1.45,0.21,3.62,12.9,6.4,0.0071,10,34,2,4,81.8,54,-24,29,0.7,0.006464,999999.99,99999.99,99999.99,0.19,0.11,0.08,-1,2017-06-05 10:00:00
2017,156,11,2507,51,52,61,37,2.9,1.2,-25.6,119.3,-0.5,1.0,-0.5,1.0,-0.6,0.9,2.7,1.7,1.1,1.8,53140.0,8.5,377.0,-0.2,-2.2,0.012,7174.0,0.6,7.0,0.7,0.9,0.002,2.11,0.23,7.63,19.0,6.9,0.0033,10,34,6,4,81.8,61,-33,28,0.6,0.006464,999999.99,99999.99,99999.99,0.16,0.09,0.07,-1,2017-06-05 11:00:00
2017,156,12,2507,51,52,60,34,4.4,4.0,-55.0,176.1,-2.3,0.2,-3.3,0.0,-3.3,0.5,1.9,1.3,1.0,0.8,50109.0,8.0,371.0,0.3,-0.4,0.015,5409.0,1.0,3.0,0.8,0.8,0.002,1.95,1.22,3.07,11.9,6.2,0.0084,27,34,6,12,81.8,109,-38,70,1.7,0.006464,999999.99,99999.99,99999.99,0.17,0.09,0.07,-1,2017-06-05 12:00:00
2017,156,13,2507,51,52,56,35,3.4,1.4,-68.3,57.3,0.3,0.4,-1.3,0.4,-1.3,0.8,3.1,2.2,0.9,2.0,50422.0,11.7,374.0,0.4,-0.8,0.01,5111.0,1.3,10.0,0.8,1.6,0.001,2.84,0.49,7.53,18.8,6.9,0.0034,27,34,6,12,81.8,230,-113,118,1.4,0.006464,999999.99,99999.99,99999.99,0.2,0.12,0.09,-1,2017-06-05 13:00:00
2017,156,14,2507,51,52,65,39,6.1,2.3,25.4,141.6,-1.6,1.3,1.0,1.3,1.0,0.8,5.6,4.4,2.5,2.5,32197.0,9.8,358.0,1.1,-1.6,0.014,14225.0,1.8,20.0,1.2,0.9,0.004,2.21,-0.36,1.76,9.2,5.8,0.0141,27,34,3,12,81.8,222,-134,88,1.1,0.006464,999999.99,99999.99,99999.99,0.2,0.11,0.07,-1,2017-06-05 14:00:00
2017,156,15,2507,51,52,60,36,6.3,6.2,40.5,40.9,3.6,3.1,4.0,2.9,4.1,0.2,1.2,0.4,1.1,0.3,22345.0,10.6,378.0,0.3,-2.7,0.013,3035.0,0.7,1.0,0.6,0.3,0.003,2.66,-1.55,1.67,9.8,6.2,0.0125,13,34,6,5,81.8,126,-66,60,-1.8,0.006464,999999.99,99999.99,99999.99,0.19,0.12,0.08,-1,2017-06-05 15:00:00
2017,156,16,2507,51,52,59,36,6.3,6.2,33.5,38.4,4.1,3.2,3.4,2.9,3.7,0.3,1.2,0.5,0.6,0.9,22263.0,11.0,376.0,0.6,-2.9,0.011,2246.0,1.1,2.0,0.4,0.3,0.001,2.71,-1.39,1.74,9.9,6.3,0.0121,13,34,9,5,81.8,60,-23,37,-2.1,0.006464,999999.99,99999.99,99999.99,0.17,0.1,0.08,-1,2017-06-05 16:00:00
2017,156,17,2507,51,52,58,35,6.4,6.3,31.4,29.8,4.7,2.7,3.3,2.2,3.7,0.6,1.3,0.6,0.8,0.8,30013.0,8.5,371.0,0.7,-2.8,0.027,11694.0,1.1,5.0,0.8,0.7,0.012,2.16,-1.37,1.37,8.5,5.7,0.0167,13,34,7,5,81.8,41,-21,20,-1.2,0.006464,999999.99,99999.99,99999.99,0.18,0.1,0.08,-1,2017-06-05 17:00:00
2017,156,18,2507,51,52,64,38,5.4,4.9,19.2,41.3,3.5,3.1,1.6,2.7,2.2,0.6,2.3,1.2,0.8,1.7,48158.0,8.1,375.0,-0.4,-1.3,0.03,13380.0,1.3,9.0,1.3,1.6,0.006,2.13,-0.83,2.04,9.9,5.9,0.0122,10,34,6,4,81.8,40,-21,18,-0.8,0.006464,999999.99,99999.99,99999.99,0.17,0.1,0.07,-1,2017-06-05 18:00:00
2017,156,19,2507,51,52,58,36,4.9,4.7,26.6,34.5,3.5,2.4,2.1,1.8,2.6,0.4,1.2,0.6,0.7,0.8,66461.0,8.6,379.0,-0.6,-1.7,0.027,5076.0,0.3,2.0,0.2,0.2,0.002,2.29,-0.99,2.9,11.3,6.1,0.0092,10,34,6,4,81.8,35,-19,17,-0.7,0.006464,999999.99,99999.99,99999.99,0.18,0.1,0.08,-1,2017-06-05 19:00:00
2017,156,20,2507,51,52,59,35,2.7,1.6,43.3,1.9,1.2,0.0,1.1,-0.3,1.1,1.0,2.3,1.5,1.5,1.0,83523.0,10.4,380.0,-1.2,-1.6,0.023,5828.0,0.8,4.0,0.4,0.4,0.002,2.74,-0.42,12.57,22.7,6.6,0.0023,10,34,5,4,81.8,42,-26,16,-0.2,0.006464,999999.99,99999.99,99999.99,0.17,0.09,0.07,-1,2017-06-05 20:00:00
2017,156,21,2507,51,52,58,36,5.1,4.9,-4.1,232.4,-3.0,-3.9,-0.3,-3.7,-1.4,0.2,1.3,0.9,0.4,0.8,62584.0,9.0,362.0,1.0,-0.8,0.02,6603.0,0.6,5.0,0.5,0.5,0.002,2.13,0.51,2.75,10.6,5.8,0.0105,13,34,3,5,81.8,77,-38,40,1.1,0.006464,999999.99,99999.99,99999.99,0.19,0.1,0.07,-1,2017-06-05 21:00:00
2017,156,22,2507,51,52,58,34,5.6,5.1,13.0,206.4,-4.5,-2.2,1.2,-2.5,0.5,0.3,2.2,1.2,1.4,1.3,59344.0,9.1,354.0,0.6,-1.3,0.02,5999.0,0.7,7.0,0.9,0.9,0.003,2.06,-0.18,2.27,9.5,5.5,0.0131,13,34,2,5,81.8,102,-58,44,0.3,0.006464,999999.99,99999.99,99999.99,0.17,0.09,0.07,-1,2017-06-05 22:00:00
2017,156,23,2507,51,52,61,37,5.8,5.3,0.1,174.5,-5.3,0.5,0.0,0.5,0.1,0.2,2.1,0.6,1.1,1.7,64163.0,8.7,350.0,-1.6,0.5,0.027,13782.0,1.8,9.0,0.9,1.1,0.003,1.97,-0.04,2.07,8.9,5.3,0.015,13,34,3,5,81.8,112,-62,51,0.5,0.006464,999999.99,99999.99,99999.99,0.18,0.09,0.07,-1,2017-06-05 23:00:00
2017,157,0,2508,51,52,65,37,6.2,5.3,0.0,199.5,-5.0,-1.8,0.0,-1.7,-0.5,0.2,3.0,1.9,1.3,1.9,73606.0,10.3,355.0,-0.8,0.3,0.025,6870.0,0.9,7.0,0.9,1.1,0.004,2.38,0.18,2.25,9.2,5.4,0.0141,20,24,0,7,77.6,104,-46,58,1.1,0.006402,999999.99,99999.99,99999.99,0.19,0.1,0.07,-1,2017-06-06 00:00:00
2017,157,1,2508,51,52,58,36,6.0,5.0,23.2,256.6,-1.1,-4.5,2.0,-4.8,0.9,0.4,3.1,2.0,1.1,2.1,82905.0,11.0,371.0,0.6,-0.3,0.018,7968.0,1.1,7.0,0.9,1.5,0.002,2.71,-0.33,2.69,10.3,5.6,0.0113,20,24,-1,7,77.6,88,-33,56,0.9,0.006402,999999.99,99999.99,99999.99,0.17,0.09,0.06,-1,2017-06-06 01:00:00
2017,157,2,2508,51,52,57,34,6.0,5.5,-19.0,190.3,-5.1,-0.9,-1.8,-0.5,-1.9,0.3,2.4,1.1,1.4,1.6,75399.0,9.3,353.0,-1.2,2.7,0.024,7832.0,0.7,4.0,0.8,1.0,0.004,2.12,0.67,2.19,9.0,5.3,0.0148,20,24,-5,7,77.6,78,-25,53,0.8,0.006402,999999.99,99999.99,99999.99,0.17,0.1,0.08,-1,2017-06-06 02:00:00
2017,157,3,2508,51,52,59,35,5.5,5.0,-22.4,194.1,-4.5,-1.1,-1.9,-0.8,-2.1,0.4,2.3,0.5,1.8,1.3,74162.0,9.5,349.0,-0.6,2.7,0.023,3841.0,0.3,4.0,0.9,0.8,0.003,2.11,0.73,2.65,9.8,5.4,0.0124,20,24,-7,7,77.6,213,-91,121,1.2,0.006402,999999.99,99999.99,99999.99,0.17,0.08,0.06,-1,2017-06-06 03:00:00
2017,157,4,2508,51,52,60,37,5.3,5.1,-3.7,204.6,-4.7,-2.1,-0.3,-2.0,-0.6,0.2,1.1,0.3,0.5,0.9,73384.0,8.0,347.0,-0.5,1.8,0.023,2738.0,0.7,5.0,0.4,0.6,0.003,1.76,0.21,2.39,9.3,5.3,0.0139,20,24,-12,7,77.6,327,-196,130,1.3,0.006402,999999.99,99999.99,99999.99,0.18,0.1,0.07,-1,2017-06-06 04:00:00
2017,157,5,2508,51,52,64,39,6.4,6.3,5.3,207.4,-5.6,-2.9,0.6,-2.9,0.4,0.7,1.1,0.8,0.2,0.7,72204.0,6.2,369.0,-1.8,-0.0,0.015,8520.0,1.1,11.0,0.7,0.5,0.003,1.49,-0.15,1.26,7.2,5.0,0.0231,20,24,-9,7,77.6,143,-77,65,0.3,0.006402,999999.99,99999.99,99999.99,0.16,0.09,0.07,-1,2017-06-06 05:00:00
2017,157,6,2508,51,52,59,35,6.3,5.6,20.1,216.5,-4.2,-3.1,1.9,-3.2,1.8,0.6,2.9,2.4,1.0,1.4,71285.0,5.7,368.0,-2.1,-0.2,0.017,8351.0,0.9,10.0,0.7,0.7,0.002,1.38,-0.66,1.19,7.0,4.9,0.0245,10,24,-6,4,77.6,49,-19,30,-0.2,0.006402,999999.99,99999.99,99999.99,0.16,0.09,0.07,-1,2017-06-06 06:00:00
2017,157,7,2508,51,52,58,35,4.7,4.3,32.9,269.1,-0.1,-3.6,2.3,-3.6,2.3,0.7,2.0,1.4,0.7,1.2,81587.0,7.7,354.0,-1.2,-1.3,0.015,8563.0,1.0,4.0,0.6,0.6,0.003,1.71,-0.81,3.04,10.5,5.5,0.0109,10,24,0,4,77.6,55,-26,29,-0.4,0.006402,999999.99,99999.99,99999.99,0.16,0.09,0.06,-1,2017-06-06 07:00:00
2017,157,8,2508,51,52,61,37,4.7,4.0,19.2,211.6,-3.2,-2.0,1.3,-1.9,1.4,0.8,2.6,1.1,1.7,1.6,82590.0,6.3,360.0,-2.0,-1.6,0.023,12708.0,0.8,6.0,1.5,0.7,0.004,1.49,-0.5,2.5,9.6,5.4,0.0129,10,24,-1,4,77.6,47,-27,20,-0.5,0.006402,999999.99,99999.99,99999.99,0.18,0.09,0.07,-1,2017-06-06 08:00:00
2017,157,9,2508,51,52,58,35,3.4,1.1,54.8,133.3,-0.4,0.4,0.9,0.5,0.9,0.8,3.3,1.5,1.9,2.2,88359.0,7.7,356.0,-1.2,-1.8,0.02,8617.0,0.5,4.0,0.6,0.9,0.004,1.76,-0.32,6.01,14.5,5.8,0.0056,7,24,2,3,77.6,50,-23,27,-0.1,0.006402,999999.99,99999.99,99999.99,0.16,0.09,0.06,-1,2017-06-06 09:00:00
2017,157,10,2508,51,52,61,35,5.0,4.4,6.8,141.1,-3.4,2.7,0.5,2.7,0.3,1.1,2.6,0.7,2.0,1.6,77410.0,7.6,350.0,-2.7,-1.9,0.025,10536.0,0.5,3.0,1.3,0.7,0.003,1.71,-0.1,2.6,9.6,5.4,0.0128,7,24,2,3,77.6,58,-33,24,0.4,0.006402,999999.99,99999.99,99999.99,0.18,0.09,0.07,-1,2017-06-06 10:00:00
2017,157,11,2508,51,52,60,37,4.5,4.2,-25.5,105.7,-1.0,3.7,-1.8,3.5,-2.1,0.5,1.6,0.8,0.7,1.3,81047.0,7.4,353.0,-2.8,-1.2,0.022,4569.0,0.3,3.0,1.1,0.8,0.002,1.68,0.74,3.18,10.7,5.5,0.0104,7,24,-1,3,77.6,89,-29,60,2.0,0.006402,999999.99,99999.99,99999.99,0.17,0.09,0.06,-1,2017-06-06 11:00:00
2017,157,12,2508,51,52,61,37,4.0,3.4,-15.7,79.4,0.6,3.2,-0.9,3.1,-1.1,0.4,2.0,1.5,0.6,1.2,85664.0,7.5,355.0,-2.1,-2.2,0.019,9686.0,0.3,5.0,0.5,0.8,0.004,1.7,0.39,4.17,12.2,5.7,0.0081,10,24,-1,4,77.6,188,-96,92,1.5,0.006402,999999.99,99999.99,99999.99,0.16,0.09,0.06,-1,2017-06-06 12:00:00
2017,157,13,2508,51,52,58,35,4.7,4.4,-12.5,101.2,-0.8,4.2,-1.0,4.2,-1.2,0.6,1.7,0.9,0.9,1.0,72025.0,7.1,347.0,-2.1,-2.2,0.018,10801.0,0.4,2.0,0.6,0.5,0.003,1.53,0.42,2.68,9.8,5.4,0.0123,10,24,1,4,77.6,216,-127,89,0.9,0.006402,999999.99,99999.99,99999.99,0.17,0.1,0.07,-1,2017-06-06 13:00:00
2017,157,14,2508,51,52,60,37,5.7,5.5,48.2,238.9,-1.9,-3.1,4.1,-3.1,4.1,0.5,1.5,0.9,0.8,0.9,70407.0,7.7,349.0,-0.2,-3.5,0.014,7127.0,0.7,2.0,0.5,0.4,0.002,1.65,-1.43,1.96,8.5,5.2,0.0165,10,24,5,4,77.6,51,-18,33,0.4,0.006402,999999.99,99999.99,99999.99,0.17,0.09,0.07,-1,2017-06-06 14:00:00
2017,157,15,2508,51,52,62,37,5.7,5.0,57.2,43.0,2.0,1.9,4.2,1.7,4.3,0.4,2.5,1.2,2.0,0.8,68666.0,8.5,358.0,-2.1,-3.6,0.014,6744.0,0.4,4.0,0.9,0.7,0.002,1.92,-1.54,2.14,9.2,5.4,0.0142,7,24,9,3,77.6,49,-15,35,-1.2,0.006402,999999.99,99999.99,99999.99,0.16,0.09,0.06,-1,2017-06-06 15:00:00
2017,157,16,2508,51,52,60,36,5.2,4.1,46.5,41.6,2.1,1.9,3.0,1.6,3.2,0.4,3.0,1.2,2.4,1.4,71914.0,8.4,357.0,-2.2,-3.0,0.013,11970.0,0.7,5.0,1.3,0.8,0.003,1.88,-1.14,2.59,9.9,5.5,0.012,7,24,10,3,77.6,37,-16,21,-0.9,0.006402,999999.99,99999.99,99999.99,0.18,0.1,0.08,-1,2017-06-06 16:00:00
2017,157,17,2508,51,52,54,32,5.6,3.5,17.5,116.7,-1.5,2.9,1.0,2.7,1.4,0.4,4.4,3.4,2.4,1.2,50291.0,8.0,343.0,-3.1,-2.2,0.013,8230.0,1.5,16.0,1.6,1.1,0.006,1.65,-0.48,1.9,8.7,5.3,0.0159,7,24,9,3,77.6,49,-29,20,-1.6,0.006402,999999.99,99999.99,99999.99,0.18,0.09,0.07,-1,2017-06-06 17:00:00
2017,157,18,2508,51,52,62,39,5.5,5.4,6.0,155.1,-4.9,2.3,0.6,2.1,1.0,0.2,1.0,0.5,0.7,0.5,41387.0,6.6,324.0,-3.7,-1.9,0.025,7111.0,1.2,5.0,0.6,0.7,0.006,1.27,-0.32,1.54,7.6,5.0,0.0208,3,24,5,2,77.6,36,-19,17,-0.8,0.006402,999999.99,99999.99,99999.99,0.17,0.09,0.07,-1,2017-06-06 18:00:00
2017,157,19,2508,51,52,58,35,5.8,5.7,-4.2,142.9,-4.5,3.4,-0.4,3.4,0.4,0.2,1.0,0.6,0.6,0.6,47120.0,8.4,331.0,-4.7,-1.1,0.018,7039.0,1.1,3.0,0.6,0.7,0.003,1.65,-0.13,1.82,8.3,5.2,0.0174,3,24,4,2,77.6,31,-11,21,-0.9,0.006402,999999.99,99999.99,99999.99,0.19,0.11,0.09,-1,2017-06-06 19:00:00
2017,157,20,2508,51,52,63,38,6.2,6.0,-18.4,142.9,-4.5,3.4,-1.9,3.8,-1.0,0.1,1.6,0.8,0.7,1.2,40754.0,8.4,332.0,-4.4,-0.9,0.013,3164.0,0.6,4.0,0.5,0.7,0.002,1.63,0.33,1.54,7.8,5.1,0.0198,3,24,2,2,77.6,54,-25,29,-0.4,0.006402,999999.99,99999.99,99999.99,0.17,0.1,0.07,-1,2017-06-06 20:00:00
2017,157,21,2508,51,52,56,31,5.9,5.8,-15.8,145.4,-4.6,3.2,-1.6,3.5,-0.7,0.1,0.9,0.5,0.6,0.4,36457.0,7.5,329.0,-4.6,-1.2,0.012,5927.0,1.3,3.0,0.4,0.6,0.001,1.42,0.23,1.48,7.6,5.1,0.0204,7,24,2,3,77.6,85,-56,28,-0.3,0.006402,999999.99,99999.99,99999.99,0.17,0.1,0.07,-1,2017-06-06 21:00:00
2017,157,22,2508,51,52,64,39,6.3,6.2,-17.4,136.7,-4.3,4.0,-1.8,4.3,-0.6,0.4,1.4,0.7,1.1,0.1,33208.0,7.8,338.0,-4.4,-1.0,0.009,4435.0,1.1,7.0,0.3,0.3,0.002,1.54,0.2,1.32,7.5,5.1,0.0212,7,24,3,3,77.6,96,-68,27,0.1,0.006402,999999.99,99999.99,99999.99,0.19,0.1,0.08,-1,2017-06-06 22:00:00
2017,157,23,2508,51,52,58,36,6.9,6.8,-17.4,138.3,-4.9,4.3,-2.0,4.7,-0.7,0.1,1.2,0.8,0.8,0.2,26749.0,7.6,343.0,-3.5,-0.7,0.007,4252.0,0.9,4.0,0.5,0.2,0.002,1.54,0.24,1.03,6.9,5.0,0.0253,7,24,3,3,77.6,66,-37,28,0.5,0.006402,999999.99,99999.99,99999.99,0.18,0.1,0.07,-1,2017-06-06 23:00:00
2017,158,0,2508,51,52,60,36,6.6,6.5,-17.7,176.2,-6.2,0.4,-2.0,0.9,-1.8,0.5,1.1,0.5,1.0,0.3,31494.0,8.5,335.0,-2.1,-0.7,0.011,5557.0,1.9,10.0,1.0,0.8,0.002,1.66,0.6,1.3,7.4,5.1,0.0217,7,14,1,3,77.8,53,-25,27,0.8,0.006357,999999.99,99999.99,99999.99,0.16,0.09,0.07,-1,2017-06-07 00:00:00
2017,158,1,2508,51,52,61,34,6.5,6.5,-16.2,174.3,-6.2,0.6,-1.8,1.0,-1.6,0.3,0.8,0.3,0.7,0.3,31109.0,8.0,344.0,-2.3,-1.9,0.011,4325.0,1.8,7.0,0.9,0.3,0.003,1.65,0.55,1.26,7.5,5.2,0.0212,7,14,-2,3,77.8,60,-26,34,0.8,0.006357,999999.99,99999.99,99999.99,0.19,0.1,0.08,-1,2017-06-07 01:00:00
2017,158,2,2508,51,52,59,36,6.4,6.4,-16.6,183.0,-6.1,-0.3,-1.8,0.1,-1.8,0.1,0.5,0.1,0.3,0.3,28204.0,6.3,339.0,-0.7,-1.6,0.012,2008.0,0.5,3.0,0.5,0.6,0.002,1.27,0.61,1.0,6.6,4.9,0.0269,7,14,-3,3,77.8,64,-19,45,1.0,0.006357,999999.99,99999.99,99999.99,0.17,0.1,0.07,-1,2017-06-07 02:00:00
2017,158,3,2508,51,52,60,37,6.1,6.1,-11.2,176.8,-6.0,0.3,-1.2,0.5,-1.1,0.1,0.4,0.1,0.3,0.2,25306.0,6.2,337.0,-0.4,-2.2,0.012,2381.0,0.2,1.0,0.3,0.1,0.002,1.23,0.37,1.07,6.9,5.0,0.0251,17,14,-5,6,77.8,80,-21,58,0.1,0.006357,999999.99,99999.99,99999.99,0.19,0.09,0.07,-1,2017-06-07 03:00:00
2017,158,4,2508,51,52,61,37,5.4,5.4,-10.5,169.6,-5.2,1.0,-1.0,1.1,-0.9,0.5,0.6,0.4,0.4,0.3,31822.0,9.6,347.0,0.5,-1.9,0.008,5284.0,2.1,7.0,0.3,0.2,0.003,1.99,0.31,2.19,10.0,5.9,0.012,17,14,-1,6,77.8,147,-68,79,1.2,0.006357,999999.99,99999.99,99999.99,0.19,0.1,0.06,-1,2017-06-07 04:00:00
2017,158,5,2508,51,52,62,38,5.4,5.3,-15.6,173.9,-5.0,0.5,-1.4,0.6,-1.4,0.6,1.3,0.7,1.1,0.2,20681.0,10.6,344.0,0.7,-1.6,0.012,5152.0,4.4,9.0,0.4,0.4,0.002,2.2,0.48,2.25,10.4,6.0,0.0111,17,14,3,6,77.8,76,-34,42,0.9,0.006357,999999.99,99999.99,99999.99,0.17,0.1,0.07,-1,2017-06-07 05:00:00
2017,158,6,2508,51,52,60,36,4.6,4.6,-21.2,184.5,-4.3,-0.3,-1.7,-0.3,-1.7,0.1,0.5,0.3,0.3,0.3,17415.0,14.4,354.0,0.7,-2.1,0.011,1073.0,0.4,1.0,0.3,0.3,0.001,3.15,0.6,4.13,14.6,6.8,0.0056,17,14,10,6,77.8,104,-36,67,1.1,0.006357,999999.99,99999.99,99999.99,0.16,0.1,0.07,-1,2017-06-07 06:00:00
2017,158,7,2508,51,52,60,36,4.3,4.3,-18.0,176.7,-4.0,0.2,-1.3,0.2,-1.3,0.2,0.3,0.2,0.1,0.2,17071.0,13.9,352.0,1.0,-2.1,0.012,701.0,0.2,1.0,0.1,0.2,0.0,3.01,0.46,4.55,15.3,6.9,0.0051,17,14,9,6,77.8,89,-24,64,0.8,0.006357,999999.99,99999.99,99999.99,0.18,0.1,0.07,-1,2017-06-07 07:00:00
2017,158,8,2508,51,52,60,36,4.2,4.2,-22.6,180.2,-3.9,0.0,-1.6,-0.1,-1.6,0.2,0.3,0.2,0.1,0.1,17465.0,12.4,351.0,1.2,-1.9,0.009,1339.0,0.9,1.0,0.0,0.1,0.001,2.64,0.56,4.26,14.7,6.8,0.0055,17,14,7,6,77.8,186,-147,39,1.3,0.006357,999999.99,99999.99,99999.99,0.17,0.1,0.07,-1,2017-06-07 08:00:00
2017,158,9,2508,51,52,59,37,4.1,4.1,-22.8,181.5,-3.8,-0.1,-1.6,-0.2,-1.6,0.2,0.3,0.2,0.1,0.2,17499.0,11.5,349.0,1.4,-2.4,0.007,782.0,0.4,1.0,0.1,0.1,0.001,2.4,0.56,4.15,14.4,6.7,0.0057,7,14,5,3,77.8,151,-98,53,1.4,0.006357,999999.99,99999.99,99999.99,0.19,0.11,0.08,-1,2017-06-07 09:00:00
2017,158,10,2508,51,52,59,34,3.5,3.5,-19.5,185.7,-3.2,-0.3,-1.2,-0.4,-1.2,0.1,0.3,0.1,0.2,0.2,22427.0,12.7,351.0,1.5,-2.1,0.007,1975.0,0.5,1.0,0.1,0.1,0.001,2.69,0.42,6.5,17.9,6.9,0.0037,7,14,4,3,77.8,79,-35,44,1.3,0.006357,999999.99,99999.99,99999.99,0.19,0.11,0.08,-1,2017-06-07 10:00:00
2017,158,11,2508,51,52,59,36,3.9,3.8,-17.7,172.9,-3.6,0.5,-1.2,0.4,-1.2,0.3,0.6,0.4,0.4,0.2,21549.0,11.3,351.0,1.4,-2.0,0.005,3390.0,0.8,1.0,0.2,0.2,0.001,2.37,0.42,4.63,15.1,6.8,0.0052,7,14,3,3,77.8,57,-20,37,0.8,0.006357,999999.99,99999.99,99999.99,0.19,0.1,0.07,-1,2017-06-07 11:00:00
2017,158,12,2508,51,52,42,22,4.3,4.3,-11.5,172.4,-4.1,0.6,-0.8,0.5,-0.8,0.1,0.2,0.1,0.2,0.1,20783.0,10.6,348.0,1.7,-2.3,0.006,1137.0,0.2,1.0,0.1,0.2,0.001,2.2,0.28,3.56,13.2,6.5,0.0069,10,14,2,4,77.8,61,-21,40,0.6,0.006357,999999.99,99999.99,99999.99,0.18,0.1,0.07,-1,2017-06-07 12:00:00
2017,158,13,2508,51,52,59,36,4.4,4.4,-6.2,164.2,-4.2,1.2,-0.5,1.2,-0.6,0.2,0.4,0.1,0.3,0.1,21898.0,9.8,344.0,1.7,-2.3,0.007,1316.0,0.6,2.0,0.2,0.2,0.001,1.99,0.21,3.16,12.2,6.3,0.0079,10,14,5,4,77.8,66,-18,47,0.4,0.006357,999999.99,99999.99,99999.99,0.16,0.09,0.07,-1,2017-06-07 13:00:00
2017,158,14,2508,51,52,61,35,3.0,3.0,-4.2,160.9,-2.8,1.0,-0.2,1.0,-0.2,0.5,0.6,0.5,0.2,0.2,21322.0,12.1,347.0,2.5,-1.8,0.01,3890.0,0.6,2.0,0.2,0.2,0.002,2.53,0.07,8.37,20.1,7.0,0.0029,10,14,9,4,77.8,128,-63,66,0.2,0.006357,999999.99,99999.99,99999.99,0.15,0.09,0.07,-1,2017-06-07 14:00:00
2017,158,15,2508,51,52,57,35,2.5,2.2,21.5,156.7,-1.9,0.8,0.8,0.8,0.8,0.5,1.2,0.7,0.8,0.6,24317.0,11.9,341.0,2.8,-1.0,0.012,1622.0,0.4,5.0,0.9,0.4,0.002,2.42,-0.27,12.09,23.5,7.0,0.0021,10,14,11,4,77.8,75,-32,43,-0.2,0.006357,999999.99,99999.99,99999.99,0.18,0.1,0.07,-1,2017-06-07 15:00:00
2017,158,16,2508,51,52,57,35,2.6,2.2,-3.7,355.6,2.1,-0.2,-0.1,-0.2,-0.1,0.7,1.5,0.8,0.8,0.9,27097.0,10.5,324.0,1.2,-3.0,0.007,3307.0,1.0,3.0,0.5,0.8,0.001,1.89,0.03,10.05,20.2,6.5,0.0029,10,14,6,4,77.8,42,-22,20,-0.1,0.006357,999999.99,99999.99,99999.99,0.15,0.1,0.07,-1,2017-06-07 16:00:00
2017,158,17,2508,51,52,58,35,3.2,3.1,-28.4,346.3,2.6,-0.6,-1.5,-0.4,-1.6,0.3,0.9,0.4,0.7,0.4,29765.0,10.1,318.0,1.3,-4.5,0.012,2398.0,0.6,3.0,0.2,0.2,0.003,1.79,0.51,6.49,15.8,6.1,0.0048,10,14,5,4,77.8,62,-39,23,0.3,0.006357,999999.99,99999.99,99999.99,0.19,0.11,0.08,-1,2017-06-07 17:00:00
2017,158,18,2508,51,52,60,36,3.3,3.2,-11.6,3.9,3.1,0.2,-0.6,0.3,-0.6,0.1,0.6,0.1,0.6,0.2,27000.0,10.4,313.0,1.5,-4.0,0.012,2936.0,0.2,1.0,0.2,0.1,0.001,1.78,0.19,6.17,15.3,6.1,0.0051,3,14,4,2,77.8,111,-82,29,0.3,0.006357,999999.99,99999.99,99999.99,0.18,0.11,0.08,-1,2017-06-07 18:00:00
2017,158,19,2508,51,52,59,34,3.0,3.0,-14.5,5.5,2.9,0.3,-0.7,0.4,-0.6,0.2,0.4,0.3,0.3,0.2,24065.0,10.5,311.0,0.8,-3.9,0.012,813.0,0.4,2.0,0.1,0.1,0.001,1.78,0.19,7.4,16.8,6.2,0.0042,3,14,3,2,77.8,66,-36,30,0.2,0.006357,999999.99,99999.99,99999.99,0.18,0.1,0.07,-1,2017-06-07 19:00:00
2017,158,20,2508,51,52,62,37,2.7,2.5,-43.6,285.1,0.5,-1.7,-1.7,-1.2,-2.1,0.2,1.1,0.8,0.8,0.3,20967.0,11.2,313.0,0.7,-3.5,0.012,2153.0,0.3,5.0,0.5,0.3,0.001,1.92,0.66,9.54,19.4,6.4,0.0032,3,14,4,2,77.8,73,-38,34,0.5,0.006357,999999.99,99999.99,99999.99,0.19,0.1,0.07,-1,2017-06-07 20:00:00
2017,158,21,2508,51,52,62,38,3.0,2.5,-26.9,244.2,-1.0,-2.0,-1.1,-1.6,-1.6,0.2,1.7,1.2,0.8,0.9,17239.0,11.4,322.0,0.3,-2.4,0.01,1147.0,0.7,4.0,0.4,0.7,0.001,2.05,0.52,7.67,18.1,6.6,0.0036,13,14,3,5,77.8,69,-37,32,0.1,0.006357,999999.99,99999.99,99999.99,0.19,0.1,0.07,-1,2017-06-07 21:00:00
2017,158,22,2508,51,52,58,35,2.8,2.4,-5.2,255.5,-0.6,-2.3,-0.2,-2.2,-0.8,0.2,1.4,1.0,0.5,0.7,19574.0,12.8,320.0,0.2,-0.9,0.011,2313.0,0.7,5.0,0.5,0.7,0.002,2.29,0.26,10.05,20.4,6.6,0.0028,13,14,6,5,77.8,64,-33,31,0.3,0.006357,999999.99,99999.99,99999.99,0.2,0.1,0.07,-1,2017-06-07 22:00:00
2017,158,23,2508,51,52,60,33,3.2,2.5,-4.5,288.0,0.8,-2.4,-0.2,-2.3,-0.8,0.2,1.8,1.4,0.6,1.1,19760.0,12.4,313.0,-0.1,-0.7,0.011,1888.0,0.9,6.0,0.6,1.0,0.002,2.12,0.25,7.46,17.2,6.3,0.004,13,14,6,5,77.8,67,-36,31,0.3,0.006357,999999.99,99999.99,99999.99,0.18,0.1,0.08,-1,2017-06-07 23:00:00
2017,159,0,2508,51,52,58,36,2.7,2.6,-24.3,255.2,-0.6,-2.3,-1.1,-1.9,-1.6,0.2,1.0,0.7,0.4,0.6,14922.0,13.0,319.0,-0.2,-1.1,0.006,759.0,0.5,4.0,0.3,0.5,0.001,2.26,0.51,10.63,21.3,6.7,0.0026,10,14,8,4,76.2,121,-73,48,0.8,0.006338,999999.99,99999.99,99999.99,0.2,0.11,0.08,-1,2017-06-08 00:00:00
2017,159,1,2508,51,52,60,35,2.9,2.8,0.4,274.2,0.2,-2.8,0.0,-2.7,-0.6,0.4,0.7,0.4,0.4,0.5,15666.0,12.1,317.0,-0.8,-0.5,0.006,1605.0,0.8,2.0,0.4,0.4,0.002,2.08,0.19,8.62,19.0,6.5,0.0033,10,14,5,4,76.2,89,-36,53,0.8,0.006338,999999.99,99999.99,99999.99,0.18,0.1,0.07,-1,2017-06-08 01:00:00
2017,159,2,2508,51,52,60,36,3.5,3.0,-1.1,283.6,0.7,-2.9,-0.1,-2.8,-0.7,0.1,1.8,0.6,0.5,1.6,15749.0,11.8,317.0,-1.1,0.1,0.007,1222.0,0.5,2.0,0.4,1.0,0.001,2.04,0.22,5.77,15.6,6.4,0.0049,10,14,7,4,76.2,76,-26,50,0.8,0.006338,999999.99,99999.99,99999.99,0.17,0.1,0.07,-1,2017-06-08 02:00:00
2017,159,3,2508,51,52,58,35,3.7,3.1,30.4,328.2,2.3,-1.4,1.6,-1.6,1.4,0.2,2.0,0.9,1.3,1.2,18093.0,10.9,309.0,-0.5,1.0,0.008,1557.0,1.2,3.0,0.6,0.7,0.001,1.79,-0.43,4.85,13.8,6.1,0.0063,7,14,6,3,76.2,62,-22,39,0.3,0.006338,999999.99,99999.99,99999.99,0.2,0.12,0.09,-1,2017-06-08 03:00:00
2017,159,4,2508,51,52,62,37,3.1,2.7,8.7,311.2,1.7,-2.0,0.4,-2.0,0.2,0.6,1.6,0.9,1.0,0.9,20155.0,10.1,309.0,-0.5,0.3,0.008,3338.0,0.6,4.0,0.9,0.9,0.002,1.66,-0.06,6.49,15.8,6.2,0.0047,7,14,6,3,76.2,32,-14,18,0.1,0.006338,999999.99,99999.99,99999.99,0.17,0.09,0.07,-1,2017-06-08 04:00:00
2017,159,5,2508,51,52,58,34,3.2,3.0,-3.8,301.5,1.6,-2.6,-0.2,-2.6,-0.4,0.1,0.8,0.5,0.4,0.3,17374.0,9.6,308.0,-0.8,-0.2,0.006,859.0,0.3,3.0,0.3,0.3,0.0,1.56,0.12,5.68,14.9,6.1,0.0053,7,14,7,3,76.2,28,-7,21,0.2,0.006338,999999.99,99999.99,99999.99,0.18,0.1,0.07,-1,2017-06-08 05:00:00
2017,159,6,2508,51,52,59,36,2.9,2.7,2.8,326.7,2.3,-1.5,0.1,-1.5,0.1,0.1,0.9,0.3,0.6,0.7,17100.0,9.4,302.0,-0.0,-0.1,0.006,709.0,0.4,2.0,0.9,0.2,0.0,1.47,-0.03,6.76,16.0,6.1,0.0047,3,14,6,2,76.2,55,-26,29,0.1,0.006338,999999.99,99999.99,99999.99,0.2,0.12,0.09,-1,2017-06-08 06:00:00
2017,159,7,2508,51,52,60,37,3.0,2.9,28.8,26.5,2.3,1.1,1.4,1.1,1.4,0.2,0.7,0.3,0.6,0.3,17918.0,8.4,304.0,0.9,-0.1,0.007,1020.0,0.5,2.0,0.4,0.4,0.001,1.33,-0.43,5.68,14.7,6.0,0.0055,3,14,4,2,76.2,66,-37,29,0.1,0.006338,999999.99,99999.99,99999.99,0.16,0.09,0.06,-1,2017-06-08 07:00:00
2017,159,8,2508,51,52,59,35,2.9,2.8,41.2,47.5,1.4,1.6,1.9,1.7,1.8,0.2,0.6,0.4,0.2,0.4,17090.0,8.1,302.0,0.7,-0.3,0.007,1329.0,0.6,2.0,0.3,0.4,0.001,1.27,-0.54,5.83,14.8,6.0,0.0054,3,14,3,2,76.2,37,-16,21,0.3,0.006338,999999.99,99999.99,99999.99,0.19,0.1,0.07,-1,2017-06-08 08:00:00
2017,159,9,2508,51,52,59,36,3.2,2.9,27.7,7.5,2.5,0.3,1.3,0.4,1.3,0.2,1.3,0.6,1.1,0.4,18164.0,7.1,294.0,-0.1,-0.5,0.008,1444.0,0.5,4.0,0.6,0.4,0.001,1.06,-0.38,4.23,12.2,5.7,0.0079,3,14,2,2,76.2,41,-23,17,0.6,0.006338,999999.99,99999.99,99999.99,0.18,0.1,0.07,-1,2017-06-08 09:00:00
2017,159,10,2508,51,52,62,37,3.4,3.3,19.7,337.2,2.9,-1.2,1.1,-1.1,1.2,0.2,0.4,0.2,0.3,0.2,18218.0,7.2,296.0,-0.3,-0.1,0.008,1694.0,0.7,4.0,0.4,0.2,0.001,1.09,-0.36,3.8,11.7,5.6,0.0087,3,14,3,2,76.2,44,-23,21,0.5,0.006338,999999.99,99999.99,99999.99,0.17,0.1,0.08,-1,2017-06-08 10:00:00
2017,159,11,2508,51,52,65,40,3.4,1.7,-21.9,280.4,0.3,-1.6,-0.7,-1.7,-0.6,0.2,2.9,1.9,0.7,2.0,28051.0,6.8,313.0,-0.1,-0.8,0.011,8631.0,1.4,11.0,1.1,1.3,0.004,1.16,0.19,3.83,12.0,5.8,0.0083,3,14,5,2,76.2,40,-24,16,0.4,0.006338,999999.99,99999.99,99999.99,0.18,0.1,0.08,-1,2017-06-08 11:00:00
2017,159,12,2508,51,52,59,34,3.5,3.2,-42.4,261.7,-0.3,-2.4,-2.2,-2.6,-2.0,0.2,1.4,1.0,0.5,0.8,31862.0,5.1,322.0,0.7,-1.7,0.013,2426.0,0.3,1.0,0.3,0.4,0.002,0.93,0.64,2.78,10.4,5.6,0.011,13,14,4,5,76.2,76,-28,48,1.4,0.006338,999999.99,99999.99,99999.99,0.2,0.1,0.07,-1,2017-06-08 12:00:00
2017,159,13,2508,51,52,60,36,3.1,3.0,8.6,342.2,2.8,-0.9,0.5,-0.9,0.6,0.1,0.5,0.2,0.3,0.4,35928.0,4.7,319.0,1.1,-0.9,0.022,4498.0,0.2,1.0,0.5,0.2,0.002,0.87,-0.19,3.34,11.2,5.7,0.0096,13,14,0,5,76.2,155,-85,70,0.7,0.006338,999999.99,99999.99,99999.99,0.18,0.09,0.07,-1,2017-06-08 13:00:00
2017,159,14,2508,51,52,60,37,3.1,3.0,2.3,326.1,2.5,-1.7,0.1,-1.7,0.1,0.1,0.8,0.2,0.3,0.7,32022.0,4.4,320.0,1.6,-1.5,0.02,3091.0,0.3,2.0,0.4,0.4,0.002,0.81,-0.03,3.05,10.8,5.7,0.0101,13,14,0,5,76.2,91,-59,32,0.3,0.006338,999999.99,99999.99,99999.99,0.18,0.1,0.08,-1,2017-06-08 14:00:00
2017,159,15,2508,51,52,59,36,2.7,2.5,-14.0,293.2,1.0,-2.2,-0.6,-2.2,-0.6,0.4,0.9,0.7,0.5,0.3,35250.0,4.5,320.0,2.1,-1.8,0.015,3314.0,0.3,3.0,0.4,0.3,0.003,0.82,0.19,4.2,12.6,5.8,0.0075,7,14,2,3,76.2,49,-37,13,1.0,0.006338,999999.99,99999.99,99999.99,0.18,0.09,0.06,-1,2017-06-08 15:00:00
2017,159,16,2508,51,52,57,33,1.8,1.5,-11.4,294.9,0.6,-1.3,-0.3,-1.3,-0.4,0.4,1.1,0.9,0.4,0.6,32456.0,5.4,306.0,1.1,-0.4,0.015,2924.0,0.7,3.0,0.7,0.3,0.002,0.9,0.12,11.15,19.8,6.1,0.003,7,14,2,3,76.2,62,-37,26,0.9,0.006338,999999.99,99999.99,99999.99,0.19,0.11,0.08,-1,2017-06-08 16:00:00
2017,159,17,2508,51,52,59,37,1.8,1.4,38.4,301.6,0.6,-0.9,0.8,-1.0,0.7,0.4,1.2,0.7,0.6,0.7,27069.0,6.0,297.0,0.7,0.6,0.013,3049.0,0.5,3.0,0.5,0.6,0.002,0.93,-0.21,11.97,20.2,6.0,0.0029,7,14,2,3,76.2,56,-29,27,0.0,0.006338,999999.99,99999.99,99999.99,0.16,0.1,0.07,-1,2017-06-08 17:00:00
2017,159,18,2508,51,52,57,35,1.5,0.5,-8.1,247.3,-0.2,-0.5,-0.1,-0.5,-0.2,0.5,1.4,1.2,0.5,0.6,29716.0,6.4,305.0,0.9,-1.2,0.011,4406.0,0.3,6.0,0.5,0.8,0.001,1.04,0.06,18.71,25.7,6.2,0.0018,3,14,2,2,76.2,45,-24,20,0.2,0.006338,999999.99,99999.99,99999.99,0.2,0.1,0.08,-1,2017-06-08 18:00:00
2017,159,19,2508,51,52,60,36,2.9,2.8,-25.8,324.7,2.1,-1.5,-1.2,-1.2,-1.5,0.2,0.5,0.2,0.5,0.2,21234.0,5.6,293.0,0.6,-2.6,0.009,1853.0,0.5,2.0,0.4,0.4,0.002,0.83,0.44,4.14,12.0,5.6,0.0083,3,14,0,2,76.2,54,-31,23,0.2,0.006338,999999.99,99999.99,99999.99,0.2,0.1,0.07,-1,2017-06-08 19:00:00
2017,159,20,2508,51,52,62,38,2.6,2.5,4.5,306.3,1.5,-2.0,0.2,-2.0,-0.3,0.1,0.8,0.5,0.2,0.5,15367.0,7.9,295.0,-0.3,-1.8,0.008,2368.0,1.1,3.0,0.5,0.4,0.001,1.18,0.09,6.99,15.9,6.0,0.0047,3,14,1,2,76.2,63,-35,27,0.4,0.006338,999999.99,99999.99,99999.99,0.16,0.09,0.07,-1,2017-06-08 20:00:00
2017,159,21,2508,51,52,61,36,3.1,3.0,5.1,295.4,1.3,-2.7,0.3,-2.7,-0.4,0.1,0.6,0.4,0.2,0.4,12806.0,9.8,299.0,-1.1,-2.0,0.007,635.0,0.7,2.0,0.2,0.4,0.001,1.5,0.12,5.99,15.1,6.1,0.0052,10,14,4,4,76.2,59,-33,26,0.2,0.006338,999999.99,99999.99,99999.99,0.19,0.11,0.09,-1,2017-06-08 21:00:00
2017,159,22,2508,51,52,61,37,3.6,3.3,2.1,287.9,1.0,-3.2,0.1,-3.1,-0.8,0.5,1.4,0.5,0.4,1.3,14472.0,11.4,305.0,-1.6,-2.1,0.007,1306.0,0.9,2.0,0.4,0.9,0.001,1.82,0.24,5.23,14.3,6.1,0.0058,10,14,6,4,76.2,59,-32,27,0.4,0.006338,999999.99,99999.99,99999.99,0.19,0.1,0.07,-1,2017-06-08 22:00:00
2017,159,23,2508,51,52,64,38,4.4,4.0,-21.8,281.4,0.7,-3.7,-1.5,-3.2,-2.4,0.6,1.8,0.7,0.6,1.5,15786.0,13.5,315.0,-2.1,-3.0,0.007,1535.0,1.1,6.0,0.4,0.7,0.001,2.3,0.76,4.18,13.2,6.1,0.0069,10,14,9,4,76.2,49,-26,23,0.8,0.006338,999999.99,99999.99,99999.99,0.18,0.1,0.07,-1,2017-06-08 23:00:00
2017,160,0,2508,51,52,59,37,5.2,4.5,-18.2,283.7,1.0,-4.2,-1.4,-3.7,-2.4,0.5,2.6,1.2,1.1,2.0,16677.0,10.7,322.0,0.0,-2.1,0.006,2664.0,2.7,3.0,1.3,1.6,0.001,1.9,0.77,2.39,10.1,5.8,0.0116,23,0,5,9,76.0,65,-34,31,0.9,0.006348,999999.99,99999.99,99999.99,0.17,0.09,0.07,-1,2017-06-09 00:00:00
2017,160,1,2508,51,52,61,35,4.7,3.6,32.5,295.4,1.3,-2.7,1.9,-3.1,1.3,0.4,2.9,0.7,1.6,2.4,15511.0,12.1,324.0,0.3,-1.0,0.005,3777.0,1.6,2.0,0.5,0.4,0.001,2.16,-0.42,3.28,12.0,6.1,0.0083,23,0,6,9,76.0,132,-102,30,1.0,0.006348,999999.99,99999.99,99999.99,0.17,0.09,0.06,-1,2017-06-09 01:00:00
2017,160,2,2508,51,52,60,37,4.0,3.9,58.8,268.0,-0.1,-2.0,3.4,-2.6,3.0,0.6,1.1,0.5,0.8,0.5,13239.0,13.2,325.0,0.1,-0.1,0.006,1066.0,1.0,1.0,0.5,1.2,0.0,2.38,-0.97,4.86,14.8,6.5,0.0055,23,0,10,9,76.0,33,-16,17,0.3,0.006348,999999.99,99999.99,99999.99,0.18,0.09,0.07,-1,2017-06-09 02:00:00
2017,160,3,2508,51,52,58,33,3.4,3.2,54.0,203.4,-1.7,-0.7,2.6,-1.1,2.5,0.2,1.0,0.6,0.8,0.2,13317.0,13.3,327.0,0.5,1.4,0.006,778.0,0.7,2.0,0.4,0.3,0.001,2.43,-0.82,6.78,17.5,6.7,0.0039,10,0,13,4,76.0,32,-11,21,-0.0,0.006348,999999.99,99999.99,99999.99,0.17,0.09,0.07,-1,2017-06-09 03:00:00
2017,160,4,2508,51,52,61,37,4.3,4.3,11.4,301.8,2.2,-3.5,0.8,-3.6,0.4,0.3,0.6,0.3,0.3,0.3,15019.0,8.8,321.0,-0.6,0.5,0.004,2761.0,1.0,2.0,0.4,0.4,0.001,1.54,-0.13,2.84,11.1,6.0,0.0097,10,0,11,4,76.0,24,-11,14,-0.2,0.006348,999999.99,99999.99,99999.99,0.18,0.1,0.07,-1,2017-06-09 04:00:00
2017,160,5,2508,51,52,60,37,4.6,4.6,8.3,298.1,2.1,-4.0,0.7,-4.0,0.5,0.1,0.4,0.3,0.2,0.2,14247.0,7.2,321.0,-0.6,-0.2,0.004,1038.0,0.5,1.0,0.3,0.2,0.001,1.26,-0.16,2.02,9.4,5.7,0.0136,10,0,10,4,76.0,30,-9,20,-0.4,0.006348,999999.99,99999.99,99999.99,0.16,0.09,0.07,-1,2017-06-09 05:00:00
2017,160,6,2508,51,52,59,36,4.0,4.0,2.3,296.2,1.7,-3.5,0.2,-3.5,0.2,0.3,0.6,0.4,0.3,0.3,12872.0,7.3,317.0,-1.1,-0.4,0.004,1425.0,0.3,2.0,0.4,0.2,0.0,1.24,-0.06,2.68,10.7,5.9,0.0104,0,0,9,0,76.0,41,-13,29,-0.4,0.006348,999999.99,99999.99,99999.99,0.19,0.1,0.07,-1,2017-06-09 06:00:00
2017,160,7,2508,51,52,60,35,3.6,3.5,-2.0,286.9,1.0,-3.4,-0.1,-3.4,0.0,0.1,0.4,0.3,0.2,0.3,12631.0,7.2,317.0,-1.2,-0.6,0.004,1019.0,0.4,2.0,0.4,0.4,0.0,1.23,-0.0,3.26,11.8,6.1,0.0085,0,0,7,0,76.0,64,-18,46,-0.4,0.006348,999999.99,99999.99,99999.99,0.17,0.08,0.06,-1,2017-06-09 07:00:00
2017,160,8,2508,51,52,60,37,3.5,3.4,-2.6,289.2,1.1,-3.2,-0.2,-3.2,0.0,0.2,0.5,0.2,0.3,0.4,11612.0,7.3,316.0,-1.7,-1.3,0.004,917.0,0.5,1.0,0.4,0.3,0.001,1.24,-0.0,3.47,12.2,6.1,0.008,0,0,6,0,76.0,75,-23,52,-0.2,0.006348,999999.99,99999.99,99999.99,0.18,0.1,0.08,-1,2017-06-09 08:00:00
2017,160,9,2508,51,52,60,36,3.3,3.1,-16.9,266.7,-0.2,-2.9,-0.9,-3.0,-0.7,0.4,1.3,0.8,0.7,0.6,12318.0,8.5,317.0,-1.1,-1.0,0.004,1458.0,0.9,4.0,0.6,0.8,0.001,1.45,0.22,4.57,14.0,6.3,0.0061,3,0,7,2,76.0,51,-24,27,-0.1,0.006348,999999.99,99999.99,99999.99,0.19,0.11,0.09,-1,2017-06-09 09:00:00
2017,160,10,2508,51,52,60,37,4.1,4.0,-21.8,257.7,-0.8,-3.7,-1.5,-3.8,-1.1,0.3,0.6,0.3,0.4,0.3,11599.0,8.1,320.0,-0.2,-0.5,0.003,954.0,0.7,1.0,0.3,0.3,0.0,1.4,0.35,2.81,11.1,6.0,0.0096,3,0,6,2,76.0,56,-25,31,0.0,0.006348,999999.99,99999.99,99999.99,0.18,0.1,0.07,-1,2017-06-09 10:00:00
2017,160,11,2508,51,52,60,36,3.9,3.9,-12.0,271.0,0.1,-3.8,-0.8,-3.9,-0.4,0.5,0.7,0.4,0.5,0.3,13936.0,8.5,318.0,-0.2,-0.9,0.004,1812.0,0.9,2.0,0.3,0.4,0.0,1.46,0.13,3.31,11.9,6.1,0.0084,3,0,5,2,76.0,80,-31,48,0.4,0.006348,999999.99,99999.99,99999.99,0.16,0.09,0.07,-1,2017-06-09 11:00:00
2017,160,12,2508,51,52,60,37,3.3,3.1,-1.9,277.1,0.4,-3.0,-0.1,-3.0,0.2,0.2,1.2,0.7,0.3,0.9,14695.0,10.2,317.0,-0.9,-0.9,0.003,1281.0,0.6,2.0,0.5,0.5,0.001,1.73,-0.06,5.57,15.3,6.4,0.0051,7,0,4,3,76.0,80,-41,39,0.4,0.006348,999999.99,99999.99,99999.99,0.16,0.09,0.07,-1,2017-06-09 12:00:00
2017,160,13,2508,51,52,60,36,3.5,3.4,-30.3,258.6,-0.6,-2.9,-1.7,-3.0,-1.5,0.3,0.8,0.3,0.5,0.5,11791.0,10.9,317.0,-1.6,-1.9,0.006,1244.0,0.6,1.0,0.4,0.3,0.001,1.87,0.48,5.19,15.0,6.4,0.0053,7,0,5,3,76.0,89,-51,39,1.1,0.006348,999999.99,99999.99,99999.99,0.16,0.09,0.07,-1,2017-06-09 13:00:00
2017,160,14,2508,51,52,58,35,3.5,3.4,-41.6,237.8,-1.3,-2.1,-2.2,-2.2,-2.1,0.5,0.9,0.5,0.4,0.6,9867.0,10.6,313.0,-1.9,-1.6,0.006,1320.0,0.6,3.0,0.3,1.1,0.001,1.78,0.66,4.98,14.6,6.3,0.0056,7,0,5,3,76.0,120,-65,56,1.6,0.006348,999999.99,99999.99,99999.99,0.17,0.1,0.07,-1,2017-06-09 14:00:00
2017,160,15,2508,51,52,61,35,3.0,2.9,-26.3,242.7,-1.2,-2.3,-1.3,-2.3,-1.3,0.1,0.7,0.3,0.4,0.5,10069.0,12.5,315.0,-1.4,-1.8,0.004,879.0,0.4,2.0,0.2,0.7,0.0,2.1,0.41,8.0,18.6,6.6,0.0035,7,0,7,3,76.0,167,-119,49,1.3,0.006348,999999.99,99999.99,99999.99,0.16,0.09,0.07,-1,2017-06-09 15:00:00
2017,160,16,2508,51,52,60,37,2.8,2.7,-13.0,243.6,-1.2,-2.4,-0.6,-2.4,-0.8,0.2,0.4,0.2,0.2,0.3,11612.0,12.3,319.0,-1.0,-2.5,0.004,454.0,0.5,1.0,0.3,0.2,0.0,2.12,0.26,9.14,20.0,6.7,0.003,7,0,7,3,76.0,141,-106,35,1.2,0.006348,999999.99,99999.99,99999.99,0.18,0.1,0.07,-1,2017-06-09 16:00:00
2017,160,17,2508,51,52,59,36,2.8,2.7,-9.9,254.8,-0.7,-2.6,-0.5,-2.5,-0.8,0.3,0.7,0.6,0.2,0.4,11748.0,12.4,316.0,-0.8,-2.1,0.004,569.0,0.7,2.0,0.3,0.1,0.0,2.1,0.25,9.22,19.9,6.6,0.003,7,0,5,3,76.0,68,-42,26,1.1,0.006348,999999.99,99999.99,99999.99,0.17,0.09,0.07,-1,2017-06-09 17:00:00
2017,160,18,2508,51,52,59,35,2.7,2.7,-36.4,239.3,-1.1,-1.9,-1.6,-1.6,-1.9,0.2,0.4,0.3,0.2,0.2,10468.0,11.9,313.0,-1.2,-2.3,0.005,770.0,0.3,3.0,0.4,0.3,0.0,1.99,0.59,9.43,20.0,6.6,0.003,7,0,4,3,76.0,52,-21,31,0.9,0.006348,999999.99,99999.99,99999.99,0.18,0.1,0.08,-1,2017-06-09 18:00:00
2017,160,19,2508,51,52,58,33,2.2,2.2,-38.1,258.2,-0.4,-1.7,-1.3,-1.4,-1.6,0.1,0.5,0.5,0.2,0.1,9969.0,11.4,306.0,-1.5,-2.3,0.006,445.0,0.4,2.0,0.1,0.1,0.0,1.83,0.49,13.55,23.5,6.6,0.0022,7,0,-1,3,76.0,88,-52,37,0.7,0.006348,999999.99,99999.99,99999.99,0.18,0.09,0.07,-1,2017-06-09 19:00:00
2017,160,20,2508,51,52,59,36,2.1,2.1,-38.4,258.0,-0.3,-1.6,-1.3,-1.2,-1.6,0.2,0.3,0.3,0.2,0.1,9487.0,11.0,303.0,-1.5,-2.4,0.006,423.0,0.2,1.0,0.1,0.1,0.0,1.73,0.48,14.3,23.9,6.5,0.0021,7,0,-4,3,76.0,138,-103,35,0.6,0.006348,999999.99,99999.99,99999.99,0.18,0.11,0.07,-1,2017-06-09 20:00:00
2017,160,21,2508,51,52,59,35,2.2,2.2,-35.3,242.5,-0.8,-1.6,-1.3,-1.2,-1.7,0.2,0.4,0.4,0.1,0.1,9089.0,10.6,301.0,-1.3,-2.1,0.006,366.0,0.4,2.0,0.2,0.1,0.0,1.64,0.51,12.52,22.3,6.5,0.0024,3,0,-4,2,76.0,76,-45,31,0.3,0.006348,999999.99,99999.99,99999.99,0.2,0.1,0.07,-1,2017-06-09 21:00:00
2017,160,22,2508,51,52,60,36,2.1,2.0,-36.3,256.4,-0.4,-1.6,-1.2,-1.2,-1.6,0.2,0.6,0.6,0.1,0.2,9269.0,10.8,297.0,-1.7,-1.8,0.006,554.0,0.4,1.0,0.3,0.1,0.0,1.63,0.48,14.02,23.2,6.4,0.0022,3,0,-2,2,76.0,61,-30,32,0.3,0.006348,999999.99,99999.99,99999.99,0.18,0.1,0.08,-1,2017-06-09 22:00:00
2017,160,23,2508,51,52,58,34,2.2,2.1,-33.0,276.2,0.2,-1.7,-1.1,-1.4,-1.5,0.1,0.5,0.4,0.1,0.2,9995.0,10.7,291.0,-1.7,-1.9,0.006,446.0,0.3,2.0,0.2,0.2,0.0,1.55,0.44,12.72,21.6,6.2,0.0025,3,0,0,2,76.0,54,-25,30,0.5,0.006348,999999.99,99999.99,99999.99,0.16,0.09,0.07,-1,2017-06-09 23:00:00
2017,161,0,2508,51,52,62,38,2.6,2.5,-38.9,273.1,0.1,-2.0,-1.6,-1.6,-2.0,0.2,0.3,0.2,0.1,0.2,11136.0,11.3,293.0,-1.2,-2.8,0.006,689.0,0.6,4.0,0.2,0.3,0.0,1.66,0.59,9.7,18.9,6.2,0.0033,13,0,1,5,77.0,65,-30,35,0.9,0.006378,999999.99,99999.99,99999.99,0.17,0.1,0.07,-1,2017-06-10 00:00:00
2017,161,1,2508,51,52,61,37,3.3,3.3,-59.5,289.5,0.6,-1.6,-2.8,-1.0,-3.1,0.4,0.6,0.2,0.3,0.5,11909.0,12.0,300.0,-1.7,-2.9,0.006,712.0,0.5,2.0,0.3,0.2,0.0,1.85,0.93,6.43,15.7,6.2,0.0048,13,0,3,5,77.0,98,-61,37,1.7,0.006378,999999.99,99999.99,99999.99,0.18,0.1,0.08,-1,2017-06-10 01:00:00
2017,161,2,2508,51,52,59,35,3.0,2.9,-63.6,271.1,0.0,-1.3,-2.6,-0.8,-2.8,0.4,0.6,0.2,0.2,0.5,11461.0,13.2,302.0,-2.2,-2.4,0.006,1260.0,0.7,2.0,0.2,0.2,0.0,2.06,0.85,8.53,18.3,6.3,0.0036,13,0,6,5,77.0,125,-49,75,2.0,0.006378,999999.99,99999.99,99999.99,0.18,0.1,0.07,-1,2017-06-10 02:00:00
2017,161,3,2508,51,52,61,37,2.9,2.8,-51.8,283.6,0.4,-1.7,-2.2,-1.4,-2.4,0.2,1.0,0.6,0.6,0.6,12103.0,12.3,299.0,-2.6,-2.0,0.006,978.0,0.7,1.0,0.3,0.3,0.001,1.88,0.72,8.55,18.1,6.2,0.0036,10,0,8,4,77.0,107,-27,80,1.2,0.006378,999999.99,99999.99,99999.99,0.18,0.1,0.07,-1,2017-06-10 03:00:00
2017,161,4,2508,51,52,59,36,3.8,3.0,-18.9,294.5,1.2,-2.6,-1.0,-2.5,-1.2,0.7,2.3,1.3,1.7,1.0,13267.0,9.4,301.0,-0.9,-1.4,0.004,2171.0,1.6,1.0,1.2,0.6,0.001,1.45,0.36,3.84,12.1,5.8,0.0081,10,0,7,4,77.0,77,-19,57,1.2,0.006378,999999.99,99999.99,99999.99,0.19,0.1,0.07,-1,2017-06-10 04:00:00
2017,161,5,2508,51,52,59,36,2.7,2.4,-21.7,295.8,1.0,-2.0,-0.9,-2.0,-1.0,0.2,1.2,0.5,0.5,1.0,14106.0,11.0,294.0,-3.2,-0.8,0.005,1232.0,0.5,1.0,0.5,0.4,0.001,1.62,0.29,8.94,18.1,6.1,0.0036,10,0,9,4,77.0,61,-22,39,0.6,0.006378,999999.99,99999.99,99999.99,0.19,0.11,0.08,-1,2017-06-10 05:00:00
2017,161,6,2508,51,52,64,38,4.5,4.4,-9.9,307.5,2.7,-3.5,-0.8,-3.5,-0.8,0.6,0.8,0.4,0.4,0.5,11077.0,7.1,303.0,-0.5,-1.6,0.003,2710.0,1.3,4.0,0.7,0.4,0.0,1.1,0.24,2.03,9.0,5.4,0.0148,3,0,7,2,77.0,63,-18,45,0.4,0.006378,999999.99,99999.99,99999.99,0.16,0.09,0.06,-1,2017-06-10 06:00:00
2017,161,7,2508,51,52,60,35,4.7,4.7,-14.1,297.2,2.1,-4.0,-1.1,-4.0,-1.0,0.4,0.9,0.8,0.4,0.3,10758.0,7.5,308.0,-0.9,-2.0,0.004,1813.0,1.4,1.0,0.7,0.3,0.0,1.21,0.31,1.96,9.0,5.5,0.0148,3,0,8,2,77.0,69,-13,56,-0.2,0.006378,999999.99,99999.99,99999.99,0.17,0.1,0.07,-1,2017-06-10 07:00:00
2017,161,8,2508,51,52,60,37,4.8,4.7,-13.6,296.9,2.1,-4.1,-1.1,-4.2,-0.8,0.3,0.7,0.6,0.3,0.2,12264.0,8.4,307.0,-1.3,-2.4,0.004,1239.0,1.1,2.0,0.5,0.3,0.0,1.34,0.25,2.13,9.3,5.5,0.0138,3,0,7,2,77.0,76,-17,59,-0.1,0.006378,999999.99,99999.99,99999.99,0.19,0.11,0.08,-1,2017-06-10 08:00:00
2017,161,9,2508,51,52,58,35,3.5,3.1,19.7,308.5,1.8,-2.3,1.0,-2.2,1.2,0.5,1.6,0.6,0.7,1.3,13065.0,11.9,299.0,-1.4,0.8,0.003,1250.0,1.5,3.0,0.9,1.4,0.001,1.8,-0.36,5.72,14.7,6.0,0.0055,7,0,7,3,77.0,65,-31,34,-0.4,0.006378,999999.99,99999.99,99999.99,0.18,0.1,0.07,-1,2017-06-10 09:00:00
2017,161,10,2508,51,52,59,36,3.4,3.1,28.0,310.1,1.8,-2.1,1.5,-1.9,1.7,0.4,1.3,0.3,1.0,0.8,13402.0,13.5,297.0,-1.1,0.9,0.003,741.0,0.6,1.0,0.6,0.4,0.0,2.01,-0.5,6.89,16.0,6.1,0.0046,7,0,8,3,77.0,68,-36,31,-0.1,0.006378,999999.99,99999.99,99999.99,0.19,0.1,0.07,-1,2017-06-10 10:00:00
2017,161,11,2508,51,52,61,36,4.7,4.6,10.2,297.6,2.1,-4.0,0.8,-3.9,1.2,0.6,0.9,0.2,0.6,0.6,14095.0,14.6,297.0,-1.5,0.5,0.004,925.0,1.0,2.0,0.4,0.5,0.0,2.19,-0.36,3.92,12.1,5.8,0.0082,7,0,10,3,77.0,59,-32,27,-0.0,0.006378,999999.99,99999.99,99999.99,0.19,0.11,0.07,-1,2017-06-10 11:00:00
2017,161,12,2508,51,52,60,37,5.0,4.6,26.8,314.3,2.9,-2.9,2.1,-2.7,2.4,0.4,2.0,0.6,1.8,0.7,18917.0,19.8,303.0,-0.1,1.3,0.003,2029.0,1.8,2.0,1.1,0.5,0.0,3.07,-0.73,4.85,13.5,5.9,0.0065,3,0,13,2,77.0,58,-28,29,-0.3,0.006378,999999.99,99999.99,99999.99,0.18,0.1,0.07,-1,2017-06-10 12:00:00
2017,161,13,2508,51,52,60,36,4.3,4.1,12.0,45.0,2.8,2.8,0.8,2.9,0.6,0.2,1.3,0.7,0.9,0.6,20615.0,21.7,302.0,2.0,1.1,0.003,797.0,0.7,1.0,0.3,0.2,0.0,3.34,-0.18,7.27,16.4,6.1,0.0044,3,0,15,2,77.0,47,-18,29,0.1,0.006378,999999.99,99999.99,99999.99,0.21,0.12,0.09,-1,2017-06-10 13:00:00
2017,161,14,2508,51,52,58,35,4.0,3.9,7.6,56.0,2.2,3.2,0.5,3.2,0.4,0.2,0.7,0.3,0.3,0.5,19711.0,20.5,297.0,1.9,0.8,0.003,1847.0,0.8,1.0,0.4,0.5,0.0,3.06,-0.12,7.89,16.8,6.0,0.0042,3,0,15,2,77.0,55,-17,38,0.1,0.006378,999999.99,99999.99,99999.99,0.18,0.11,0.08,-1,2017-06-10 14:00:00
2017,161,15,2508,51,52,56,32,3.8,3.1,6.3,24.4,2.8,1.3,0.3,1.3,0.3,0.3,2.2,0.5,2.0,0.5,21685.0,19.4,289.0,1.1,0.5,0.004,3222.0,1.2,4.0,0.9,0.4,0.001,2.75,-0.09,8.39,16.7,5.8,0.0042,3,0,13,2,77.0,64,-34,30,-0.1,0.006378,999999.99,99999.99,99999.99,0.19,0.11,0.09,-1,2017-06-10 15:00:00
2017,161,16,2508,51,52,58,35,5.0,4.7,20.4,348.8,4.4,-0.9,1.6,-1.0,1.5,0.3,1.5,0.8,0.9,1.0,23245.0,15.7,280.0,0.2,1.1,0.006,2354.0,1.1,3.0,0.3,0.3,0.001,2.1,-0.42,3.96,11.1,5.3,0.0097,3,0,12,2,77.0,45,-20,25,0.1,0.006378,999999.99,99999.99,99999.99,0.22,0.11,0.09,-1,2017-06-10 16:00:00
2017,161,17,2508,51,52,62,37,5.3,5.2,22.6,343.5,4.6,-1.4,2.0,-1.6,1.8,0.2,0.6,0.3,0.4,0.4,21459.0,13.4,276.0,0.6,1.1,0.007,1666.0,1.0,2.0,0.1,0.4,0.001,1.75,-0.5,2.97,9.5,5.0,0.0131,3,0,11,2,77.0,35,-7,28,-0.2,0.006378,999999.99,99999.99,99999.99,0.17,0.1,0.07,-1,2017-06-10 17:00:00
2017,161,18,2508,51,52,58,35,5.0,5.0,2.8,351.8,4.9,-0.7,0.2,-0.7,0.1,0.1,0.6,0.1,0.4,0.4,20368.0,11.5,274.0,0.8,-0.3,0.007,3378.0,0.6,1.0,0.2,0.4,0.0,1.48,-0.03,2.85,9.3,5.0,0.0138,7,0,9,3,77.0,41,-12,29,-0.2,0.006378,999999.99,99999.99,99999.99,0.18,0.1,0.07,-1,2017-06-10 18:00:00
2017,161,19,2508,51,52,60,36,4.6,4.5,3.7,3.0,4.5,0.2,0.3,0.1,0.3,0.2,1.0,0.2,0.4,0.9,19033.0,10.7,272.0,1.4,-0.3,0.007,2287.0,0.6,1.0,0.3,0.5,0.001,1.36,-0.08,3.1,9.7,5.0,0.0127,7,0,7,3,77.0,56,-22,34,-0.4,0.006378,999999.99,99999.99,99999.99,0.18,0.11,0.08,-1,2017-06-10 19:00:00
2017,161,20,2508,51,52,59,36,4.5,4.5,-6.8,12.3,4.4,0.9,-0.5,1.0,-0.3,0.1,0.6,0.1,0.2,0.5,17313.0,9.6,270.0,2.0,-0.7,0.007,1235.0,0.5,1.0,0.3,0.6,0.001,1.2,0.08,2.87,9.3,5.0,0.0138,7,0,8,3,77.0,52,-23,30,-0.4,0.006378,999999.99,99999.99,99999.99,0.18,0.1,0.08,-1,2017-06-10 20:00:00
2017,161,21,2508,51,52,61,37,4.3,3.8,-10.1,12.6,3.6,0.8,-0.7,0.9,-0.5,0.2,2.0,0.7,0.4,1.8,15419.0,8.3,269.0,1.9,-1.4,0.007,2205.0,1.1,2.0,0.4,1.5,0.001,1.03,0.13,2.69,9.0,4.9,0.0146,7,0,8,3,77.0,54,-28,26,-0.3,0.006378,999999.99,99999.99,99999.99,0.18,0.11,0.08,-1,2017-06-10 21:00:00
2017,161,22,2508,51,52,59,33,4.1,4.0,-39.7,34.9,2.5,1.7,-2.5,2.3,-2.0,0.3,0.9,0.5,0.3,0.7,16596.0,7.7,268.0,2.2,-2.6,0.007,3555.0,1.5,3.0,0.4,0.6,0.002,0.95,0.54,2.76,9.1,4.9,0.0145,7,0,9,3,77.0,51,-24,28,0.2,0.006378,999999.99,99999.99,99999.99,0.19,0.1,0.07,-1,2017-06-10 22:00:00
2017,161,23,2508,51,52,59,35,3.4,3.4,-17.8,35.5,2.6,1.9,-1.0,2.1,-0.5,0.2,0.6,0.2,0.4,0.4,14352.0,6.6,264.0,2.5,-2.6,0.009,3661.0,1.3,2.0,0.4,0.6,0.003,0.8,0.13,3.39,10.0,5.0,0.012,7,0,8,3,77.0,44,-25,19,0.2,0.006378,999999.99,99999.99,99999.99,0.21,0.09,0.06,-1,2017-06-10 23:00:00
2017,162,0,2508,51,52,61,37,3.5,3.4,-12.5,35.2,2.7,1.9,-0.7,2.0,-0.2,0.3,0.9,0.3,0.5,0.7,16126.0,8.2,267.0,3.0,-2.4,0.009,3605.0,1.3,3.0,0.6,0.6,0.002,1.01,0.05,4.02,10.9,5.2,0.01,3,0,7,2,76.6,37,-23,14,0.3,0.006388,999999.99,99999.99,99999.99,0.2,0.1,0.07,-1,2017-06-11 00:00:00
2017,162,1,2508,51,52,61,36,4.0,3.7,-10.1,46.8,2.5,2.7,-0.6,2.8,0.0,0.3,1.4,0.8,0.6,1.0,22911.0,10.6,274.0,3.0,-2.5,0.007,4516.0,1.2,5.0,0.7,0.7,0.001,1.37,-0.0,4.17,11.2,5.2,0.0096,3,0,8,2,76.6,37,-22,15,0.5,0.006388,999999.99,99999.99,99999.99,0.18,0.1,0.08,-1,2017-06-11 01:00:00
2017,162,2,2508,51,52,66,40,3.5,3.1,-24.9,71.8,0.9,2.7,-1.3,2.9,-0.8,0.4,1.6,0.8,0.4,1.3,29894.0,13.3,287.0,2.0,-3.5,0.005,3448.0,1.0,5.0,0.5,1.1,0.001,1.87,0.23,7.15,15.0,5.6,0.0053,3,0,13,2,76.6,43,-22,21,0.6,0.006388,999999.99,99999.99,99999.99,0.18,0.11,0.08,-1,2017-06-11 02:00:00
2017,162,3,2508,51,52,61,37,3.2,2.2,-53.0,262.4,-0.2,-1.3,-1.8,-1.1,-2.0,0.3,2.3,0.9,1.7,1.1,31065.0,15.9,294.0,-0.6,-3.6,0.005,2926.0,1.4,4.0,0.9,0.7,0.001,2.34,0.59,10.3,18.3,5.8,0.0035,20,0,18,7,76.6,74,-24,50,0.7,0.006388,999999.99,99999.99,99999.99,0.17,0.1,0.08,-1,2017-06-11 03:00:00
2017,162,4,2508,51,52,55,34,3.7,3.0,-64.6,277.7,0.2,-1.3,-2.8,-1.1,-2.9,0.3,2.0,1.0,1.5,0.9,30578.0,16.7,293.0,-0.8,-3.4,0.005,3884.0,0.9,4.0,0.9,1.0,0.001,2.44,0.85,8.07,16.2,5.7,0.0045,20,0,18,7,76.6,103,-21,82,0.5,0.006388,999999.99,99999.99,99999.99,0.18,0.1,0.07,-1,2017-06-11 04:00:00
2017,162,5,2508,51,52,63,38,4.5,3.8,-63.1,348.9,1.7,-0.3,-3.4,-0.2,-3.4,0.4,2.4,0.5,2.2,0.8,27719.0,19.4,291.0,-0.7,-4.3,0.004,1685.0,1.3,2.0,1.8,0.6,0.001,2.79,0.99,6.22,14.2,5.6,0.0059,20,0,15,7,76.6,204,-50,154,1.5,0.006388,999999.99,99999.99,99999.99,0.19,0.1,0.07,-1,2017-06-11 05:00:00
2017,162,6,2508,51,52,61,36,5.0,4.5,-39.5,299.0,1.7,-3.0,-2.8,-3.0,-2.8,0.4,2.2,0.8,1.3,1.6,27556.0,20.1,292.0,-1.7,-4.8,0.005,2709.0,1.7,3.0,0.9,1.0,0.001,2.92,0.82,5.22,13.1,5.6,0.0069,23,0,12,9,76.6,358,-196,162,2.0,0.006388,999999.99,99999.99,99999.99,0.17,0.11,0.08,-1,2017-06-11 06:00:00
2017,162,7,2508,51,52,57,34,5.6,5.2,-68.3,291.4,0.7,-1.8,-4.8,-2.0,-4.7,0.5,2.2,1.7,1.3,0.6,25596.0,16.4,289.0,-1.2,-5.3,0.005,2122.0,1.6,4.0,0.3,0.6,0.001,2.33,1.36,3.35,10.4,5.3,0.0109,23,0,10,9,76.6,182,-68,114,1.2,0.006388,999999.99,99999.99,99999.99,0.18,0.11,0.09,-1,2017-06-11 07:00:00
2017,162,8,2508,51,52,61,38,5.1,4.6,-55.4,356.0,2.6,-0.2,-3.8,-0.5,-3.8,0.4,2.3,0.7,2.1,0.5,22727.0,15.6,284.0,0.9,-5.4,0.006,5471.0,2.5,2.0,1.2,0.6,0.002,2.15,1.08,3.77,11.0,5.3,0.0098,23,0,4,9,76.6,138,-45,93,1.6,0.006388,999999.99,99999.99,99999.99,0.17,0.11,0.08,-1,2017-06-11 08:00:00
2017,162,9,2508,51,52,63,37,6.0,4.1,-7.1,65.0,1.7,3.7,-0.5,3.6,-0.9,0.7,4.4,2.3,2.4,2.8,21873.0,12.6,293.0,1.9,-2.3,0.005,6958.0,2.1,4.0,0.5,1.1,0.002,1.84,0.26,2.19,8.7,5.1,0.0158,13,0,-2,5,76.6,207,-86,121,2.0,0.006388,999999.99,99999.99,99999.99,0.17,0.1,0.07,-1,2017-06-11 09:00:00
2017,162,10,2508,51,52,57,31,4.9,4.7,37.0,97.7,-0.5,3.8,2.9,4.1,2.5,0.5,1.5,1.1,0.4,0.8,23438.0,13.1,292.0,2.9,-1.2,0.006,2550.0,0.8,3.0,0.5,1.0,0.001,1.91,-0.73,3.45,10.8,5.4,0.0102,13,0,-1,5,76.6,86,-45,41,1.3,0.006388,999999.99,99999.99,99999.99,0.18,0.1,0.07,-1,2017-06-11 10:00:00
2017,162,11,2508,51,52,61,37,3.9,3.5,19.5,78.6,0.7,3.3,1.2,3.4,0.8,1.0,1.9,0.7,1.2,1.3,26980.0,13.8,289.0,1.9,-3.9,0.005,1851.0,2.2,2.0,0.7,1.2,0.001,1.96,-0.23,5.86,13.8,5.6,0.0063,13,0,5,5,76.6,50,-27,23,1.1,0.006388,999999.99,99999.99,99999.99,0.19,0.1,0.07,-1,2017-06-11 11:00:00
2017,162,12,2508,51,52,64,39,2.6,1.3,-34.1,343.6,1.0,-0.3,-0.7,-0.4,-0.7,0.6,2.2,0.9,1.5,1.4,33101.0,23.2,301.0,0.7,-3.4,0.005,6249.0,4.8,8.0,0.6,1.2,0.001,3.58,0.21,23.05,27.9,6.1,0.0015,30,0,14,15,76.6,61,-24,38,1.0,0.006388,999999.99,99999.99,99999.99,0.19,0.11,0.08,-1,2017-06-11 12:00:00
2017,162,13,2508,51,52,63,38,5.8,2.8,-3.4,93.8,-0.2,2.8,-0.2,2.8,-0.4,1.6,5.2,0.6,4.6,2.3,31224.0,31.5,314.0,-1.9,-0.8,0.006,7362.0,2.5,3.0,1.0,1.1,0.001,5.31,0.13,6.22,15.2,6.0,0.0052,30,0,19,15,76.6,120,-27,93,0.8,0.006388,999999.99,99999.99,99999.99,0.18,0.1,0.08,-1,2017-06-11 13:00:00
2017,162,14,2508,51,52,64,38,8.4,4.1,76.6,137.6,-0.7,0.6,4.0,0.8,4.0,1.7,7.4,1.8,6.9,1.8,56015.0,29.5,330.0,-2.3,-1.5,0.009,46854.0,13.6,10.0,2.8,1.2,0.01,5.56,-1.32,3.21,10.7,5.5,0.0104,30,0,22,15,76.6,140,-47,93,-0.3,0.006388,999999.99,99999.99,99999.99,0.19,0.1,0.06,-1,2017-06-11 14:00:00
2017,162,15,2508,51,52,62,38,12.7,9.4,-30.3,295.0,3.4,-7.4,-4.8,-7.4,-4.8,1.5,8.6,2.8,1.8,8.0,96108.0,9.6,351.0,-0.8,0.7,0.021,22911.0,1.8,5.0,1.8,1.8,0.003,2.14,1.68,0.56,4.3,3.5,0.0649,50,0,12,48,76.6,255,-197,58,2.8,0.006388,999999.99,99999.99,99999.99,0.19,0.12,0.09,-1,2017-06-11 15:00:00
2017,162,16,2508,51,52,64,38,10.2,8.6,-74.0,357.9,2.4,-0.1,-8.3,0.3,-8.3,2.9,6.0,3.1,4.1,3.1,114062.0,18.6,359.0,0.7,1.6,0.013,30404.0,6.7,7.0,1.8,1.3,0.007,4.21,2.98,1.8,7.6,4.7,0.0206,50,0,6,48,76.6,498,-283,215,2.7,0.006388,999999.99,99999.99,99999.99,0.21,0.12,0.09,-1,2017-06-11 16:00:00
2017,162,17,2508,51,52,64,39,5.1,4.2,-25.5,133.9,-2.6,2.7,-1.8,2.9,-1.5,1.8,3.4,0.7,1.5,3.0,73876.0,27.3,384.0,2.2,-0.3,0.005,4488.0,1.7,8.0,0.6,0.6,0.002,6.86,0.58,8.83,19.7,6.7,0.0031,50,0,1,48,76.6,722,-493,229,2.0,0.006388,999999.99,99999.99,99999.99,0.2,0.11,0.08,-1,2017-06-11 17:00:00
2017,162,18,2508,51,52,61,37,4.3,2.8,30.7,135.3,-1.7,1.7,1.4,1.5,1.6,1.2,3.4,1.5,0.8,2.9,69517.0,17.8,404.0,2.0,-1.0,0.004,5333.0,2.8,3.0,0.4,0.6,0.0,4.93,-0.65,7.92,19.8,7.1,0.003,37,0,-5,22,76.6,461,-331,130,0.8,0.006388,999999.99,99999.99,99999.99,0.18,0.09,0.07,-1,2017-06-11 18:00:00
2017,162,19,2508,51,52,61,29,8.8,8.8,-37.3,148.8,-6.0,3.6,-5.3,4.5,-4.5,0.7,1.1,0.4,0.5,0.9,37191.0,5.9,418.0,3.0,-1.2,0.005,15938.0,3.1,6.0,0.8,0.9,0.002,1.76,1.88,0.52,5.8,4.8,0.0357,37,0,-10,22,76.6,201,-109,92,0.7,0.006388,999999.99,99999.99,99999.99,0.16,0.09,0.07,-1,2017-06-11 19:00:00
2017,162,20,2508,51,52,59,33,9.1,9.1,-29.8,137.6,-5.8,5.3,-4.5,6.2,-3.2,0.1,0.9,0.3,0.5,0.6,29577.0,5.9,417.0,4.2,-1.6,0.007,7779.0,2.1,2.0,0.3,0.5,0.003,1.76,1.33,0.47,5.6,4.7,0.0384,37,0,-9,22,76.6,329,-169,159,1.6,0.006388,999999.99,99999.99,99999.99,0.18,0.1,0.07,-1,2017-06-11 20:00:00
2017,162,21,2508,51,52,57,35,9.1,9.1,-21.1,134.4,-5.9,6.0,-3.3,6.6,-1.8,0.4,1.2,0.3,0.6,1.0,45443.0,7.4,410.0,4.3,-2.7,0.003,29609.0,2.5,5.0,0.7,0.8,0.002,2.1,0.74,0.65,6.1,4.9,0.0317,27,0,-6,12,76.6,280,-160,119,2.0,0.006388,999999.99,99999.99,99999.99,0.17,0.1,0.08,-1,2017-06-11 21:00:00
2017,162,22,2508,51,52,58,33,8.7,8.4,-14.6,134.7,-5.7,5.7,-2.1,6.0,-0.6,0.9,2.4,0.7,1.1,2.1,93907.0,6.8,385.0,0.6,-1.7,0.025,38929.0,2.8,14.0,2.4,1.8,0.006,1.85,0.23,0.83,5.8,4.4,0.0357,27,0,-8,12,76.6,179,-113,66,1.8,0.006388,999999.99,99999.99,99999.99,0.17,0.1,0.07,-1,2017-06-11 22:00:00
2017,162,23,2508,51,52,62,36,8.6,8.4,-11.3,129.6,-5.2,6.3,-1.6,6.5,0.0,0.4,1.8,1.1,0.5,1.3,98930.0,5.3,378.0,-2.5,-0.4,0.027,39014.0,1.5,12.0,1.1,1.8,0.005,1.4,-0.0,0.68,5.1,4.0,0.0465,27,0,-8,12,76.6,87,-52,34,1.6,0.006388,999999.99,99999.99,99999.99,0.2,0.1,0.07,-1,2017-06-11 23:00:00
2017,163,0,2508,51,52,61,36,7.9,7.1,20.4,130.0,-4.3,5.1,2.5,4.4,3.6,0.2,3.4,1.0,1.3,3.0,151309.0,7.1,397.0,-0.3,-4.6,0.018,18732.0,0.9,9.0,1.3,1.8,0.004,2.0,-1.43,1.32,6.7,4.6,0.0265,13,0,-8,5,77.5,89,-30,59,0.5,0.006413,999999.99,99999.99,99999.99,0.18,0.09,0.07,-1,2017-06-12 00:00:00
2017,163,1,2508,51,52,62,37,8.3,7.6,30.3,132.9,-4.5,4.8,3.8,3.9,4.7,0.4,3.3,1.5,1.6,2.5,134980.0,5.7,408.0,-0.5,-3.7,0.012,20290.0,1.2,8.0,1.3,1.7,0.002,1.66,-1.92,0.91,5.9,4.4,0.0345,13,0,-6,5,77.5,62,-27,35,0.1,0.006413,999999.99,99999.99,99999.99,0.21,0.11,0.08,-1,2017-06-12 01:00:00
2017,163,2,2508,51,52,62,38,8.2,7.3,11.6,130.2,-4.6,5.5,1.5,5.2,2.4,0.4,3.6,1.0,1.9,2.8,151788.0,5.1,422.0,-0.0,-1.1,0.012,23533.0,0.8,9.0,1.9,3.0,0.004,1.59,-1.01,0.88,5.8,4.4,0.0352,13,0,-6,5,77.5,49,-25,23,0.3,0.006413,999999.99,99999.99,99999.99,0.18,0.09,0.07,-1,2017-06-12 02:00:00
2017,163,3,2508,51,52,56,31,8.3,8.1,23.6,138.8,-5.5,4.9,3.2,4.5,3.8,0.3,2.0,0.9,1.1,1.4,137421.0,3.8,413.0,0.0,-3.4,9.999,15180.0,0.5,8.0,1.5,2.2,9.999,1.3,-1.57,0.61,4.8,3.9,0.0506,13,0,-7,5,77.5,50,-21,28,0.0,0.006413,999999.99,99999.99,99999.99,0.19,0.1,0.07,-1,2017-06-12 03:00:00
2017,163,4,2508,51,52,63,38,8.5,8.0,17.1,135.5,-5.5,5.4,2.4,5.2,2.8,0.1,2.7,0.9,0.8,2.4,138359.0,3.8,415.0,-1.0,-2.4,0.035,16435.0,0.5,12.0,1.3,3.5,0.002,1.25,-1.16,0.58,4.8,3.9,0.0525,13,0,-7,5,77.5,40,-15,25,0.6,0.006413,999999.99,99999.99,99999.99,0.17,0.1,0.07,-1,2017-06-12 04:00:00
2017,163,5,2508,51,52,58,33,8.4,7.5,16.3,142.4,-5.7,4.4,2.1,4.3,2.3,0.1,3.3,1.1,2.3,2.1,144064.0,3.3,410.0,-0.8,-2.6,9.999,21698.0,0.5,13.0,2.5,3.3,9.999,1.11,-0.94,0.53,4.4,3.7,0.0605,13,0,-6,5,77.5,76,-17,59,0.9,0.006413,999999.99,99999.99,99999.99,0.17,0.09,0.07,-1,2017-06-12 05:00:00
2017,163,6,2508,51,52,66,38,8.5,7.6,13.6,117.9,-3.4,6.5,1.8,6.5,1.7,0.1,3.6,2.8,1.5,1.9,172534.0,3.6,431.0,-2.6,-2.8,0.033,33513.0,0.5,26.0,1.3,2.3,0.0,1.26,-0.73,0.62,4.8,3.9,0.0514,10,0,-5,4,77.5,68,-22,46,1.1,0.006413,999999.99,99999.99,99999.99,0.18,0.11,0.08,-1,2017-06-12 06:00:00
2017,163,7,2508,51,52,58,30,8.4,7.9,16.9,107.9,-2.3,7.2,2.3,7.3,1.9,0.1,2.6,1.2,0.8,2.2,212224.0,3.9,443.0,-2.6,-3.5,0.01,21453.0,0.4,12.0,0.9,2.7,0.002,1.33,-0.84,0.78,5.2,4.0,0.0439,10,0,-3,4,77.5,100,-20,80,2.4,0.006413,999999.99,99999.99,99999.99,0.16,0.09,0.07,-1,2017-06-12 07:00:00
2017,163,8,2508,51,52,59,33,8.2,7.5,2.6,125.1,-4.3,6.1,0.3,6.1,-0.2,0.1,3.2,1.1,0.7,2.9,173845.0,3.3,419.0,-2.0,-1.5,0.022,43151.0,0.6,14.0,1.3,4.1,0.008,1.05,0.08,0.62,4.6,3.7,0.0552,10,0,-2,4,77.5,74,-23,50,2.0,0.006413,999999.99,99999.99,99999.99,0.2,0.11,0.08,-1,2017-06-12 08:00:00
2017,163,9,2508,51,52,61,36,8.5,8.3,12.5,133.2,-5.5,5.9,1.8,6.1,1.2,0.3,1.9,0.8,0.9,1.5,143479.0,3.1,412.0,-2.0,-3.5,0.031,30183.0,0.4,10.0,1.1,2.3,0.002,0.99,-0.49,0.49,4.3,3.6,0.0653,7,0,-3,3,77.5,95,-68,27,1.5,0.006413,999999.99,99999.99,99999.99,0.18,0.09,0.06,-1,2017-06-12 09:00:00
2017,163,10,2508,51,52,55,32,8.6,8.1,7.1,124.2,-4.5,6.7,1.0,6.8,0.2,0.1,2.4,1.3,0.9,1.8,140035.0,3.5,423.0,-3.0,-2.8,0.025,25629.0,0.4,14.0,0.8,1.9,0.008,1.15,-0.08,0.53,4.6,3.8,0.0562,7,0,0,3,77.5,82,-33,48,2.0,0.006413,999999.99,99999.99,99999.99,0.17,0.1,0.08,-1,2017-06-12 10:00:00
2017,163,11,2508,51,52,66,40,8.8,8.5,-0.1,119.8,-4.2,7.3,0.0,7.2,-0.9,0.1,2.1,1.4,1.0,1.3,134583.0,3.8,425.0,-3.3,-1.6,0.021,13097.0,0.4,14.0,1.1,1.7,0.005,1.24,0.38,0.54,4.7,3.9,0.0537,7,0,1,3,77.5,91,-19,72,2.7,0.006413,999999.99,99999.99,99999.99,0.19,0.1,0.07,-1,2017-06-12 11:00:00
2017,163,12,2508,51,52,54,33,8.7,8.2,-2.2,135.5,-5.9,5.8,-0.3,5.7,-0.9,0.1,2.6,1.9,1.6,0.8,131025.0,3.1,404.0,-1.3,-1.9,0.04,14672.0,0.6,21.0,1.8,1.2,0.003,0.98,0.36,0.44,4.1,3.5,0.0712,23,0,-3,9,77.5,95,-28,67,1.9,0.006413,999999.99,99999.99,99999.99,0.18,0.11,0.07,-1,2017-06-12 12:00:00
2017,163,13,2508,51,52,66,39,8.9,8.5,-13.3,127.6,-5.0,6.5,-1.9,6.3,-2.5,0.3,2.7,1.9,1.1,1.5,130636.0,3.4,417.0,-2.3,0.7,0.027,19077.0,0.4,22.0,0.8,1.8,0.008,1.09,1.04,0.46,4.3,3.7,0.0637,23,0,-1,9,77.5,103,-18,85,1.3,0.006413,999999.99,99999.99,99999.99,0.19,0.1,0.07,-1,2017-06-12 13:00:00
2017,163,14,2508,51,52,57,34,9.3,8.7,-12.2,116.8,-3.8,7.6,-1.8,7.5,-2.2,0.2,3.2,2.0,0.7,2.4,118356.0,3.9,436.0,-2.3,0.3,0.015,20297.0,0.7,10.0,1.1,2.0,0.007,1.31,0.96,0.46,4.6,3.9,0.0555,23,0,-3,9,77.5,210,-132,78,1.6,0.006413,999999.99,99999.99,99999.99,0.18,0.11,0.08,-1,2017-06-12 14:00:00
2017,163,15,2508,51,52,63,37,9.3,9.2,21.9,146.8,-7.2,4.7,3.5,4.7,3.5,0.4,1.3,0.5,0.8,0.9,107598.0,3.2,428.0,-0.6,-2.1,0.034,19096.0,0.4,8.0,1.0,0.7,0.001,1.11,-1.5,0.36,4.1,3.6,0.0702,20,0,-3,7,77.5,156,-100,56,0.1,0.006413,999999.99,99999.99,99999.99,0.18,0.1,0.07,-1,2017-06-12 15:00:00
2017,163,16,2508,51,52,62,37,8.6,8.4,29.2,152.4,-6.5,3.4,4.1,3.2,4.2,0.1,1.7,0.4,1.1,1.2,139758.0,4.1,459.0,2.6,-2.8,0.026,11759.0,0.3,8.0,1.1,1.0,0.003,1.59,-1.93,0.62,5.4,4.4,0.0407,20,0,1,7,77.5,36,-2,34,-3.2,0.006413,999999.99,99999.99,99999.99,0.19,0.11,0.08,-1,2017-06-12 16:00:00
2017,163,17,2508,51,52,59,36,8.2,7.8,27.2,159.8,-6.5,2.4,3.6,2.0,3.8,0.2,2.5,0.8,0.9,2.2,158275.0,3.9,462.0,3.5,-2.3,0.015,21971.0,0.6,10.0,1.3,2.4,0.003,1.47,-1.76,0.69,5.6,4.4,0.0384,20,0,3,7,77.5,46,-12,35,0.2,0.006413,999999.99,99999.99,99999.99,0.18,0.1,0.07,-1,2017-06-12 17:00:00
2017,163,18,2508,51,52,61,37,8.2,7.8,-11.6,156.3,-7.0,3.1,-1.6,3.3,-1.1,0.0,2.3,0.9,1.4,1.6,162856.0,3.7,459.0,2.8,3.1,9.999,32815.0,0.5,13.0,2.0,2.1,9.999,1.56,0.5,0.67,5.4,4.3,0.041,23,0,3,9,77.5,90,-30,60,0.8,0.006413,999999.99,99999.99,99999.99,0.18,0.09,0.07,-1,2017-06-12 18:00:00
2017,163,19,2508,51,52,62,36,7.7,6.6,-24.7,130.5,-3.9,4.5,-2.7,4.9,-1.8,0.5,3.8,1.4,1.3,3.3,200810.0,4.3,490.0,1.7,3.2,0.032,40529.0,0.7,15.0,1.5,4.0,0.0,1.94,0.88,0.99,6.6,4.8,0.0273,23,0,-1,9,77.5,213,-112,102,0.8,0.006413,999999.99,99999.99,99999.99,0.21,0.1,0.07,-1,2017-06-12 19:00:00
2017,163,20,2508,51,52,62,35,6.5,5.4,-27.1,125.2,-2.8,3.9,-2.5,4.3,-1.6,0.3,3.3,1.4,1.3,2.7,223908.0,4.3,512.0,2.0,4.1,0.02,54517.0,0.9,17.0,1.6,3.1,0.004,2.03,0.82,1.49,8.2,5.4,0.0178,23,0,-4,9,77.5,192,-106,86,0.4,0.006413,999999.99,99999.99,99999.99,0.21,0.12,0.09,-1,2017-06-12 20:00:00
2017,163,21,2508,51,52,60,36,6.4,5.7,33.0,129.9,-3.1,3.7,3.1,2.9,3.9,0.2,2.6,0.9,1.8,1.6,234291.0,4.4,504.0,2.3,-1.7,0.025,39998.0,0.9,11.0,1.7,1.4,0.003,2.05,-1.97,1.62,8.3,5.3,0.0174,23,0,-4,9,77.5,310,-224,86,0.3,0.006413,999999.99,99999.99,99999.99,0.18,0.09,0.07,-1,2017-06-12 21:00:00
2017,163,22,2508,51,52,59,35,6.8,6.0,-16.3,121.9,-3.0,4.9,-1.7,5.2,-0.5,0.4,3.2,0.5,1.1,2.9,205043.0,4.2,514.0,2.0,3.1,0.026,30746.0,0.4,6.0,1.4,2.9,0.005,2.05,0.26,1.26,7.7,5.4,0.0198,23,0,0,9,77.5,175,-111,64,1.2,0.006413,999999.99,99999.99,99999.99,0.19,0.1,0.07,-1,2017-06-12 22:00:00
2017,163,23,2508,51,52,62,38,6.3,4.5,-2.3,114.5,-1.9,4.1,-0.2,4.0,0.8,0.4,4.2,1.3,1.9,3.5,227010.0,4.2,527.0,2.8,1.3,0.025,27880.0,0.4,12.0,1.9,3.4,0.003,2.14,-0.42,1.56,8.6,5.6,0.0162,23,0,-3,9,77.5,162,-110,51,0.8,0.006413,999999.99,99999.99,99999.99,0.19,0.09,0.07,-1,2017-06-12 23:00:00
2017,164,0,2508,51,52,61,33,6.1,5.1,2.2,121.0,-2.6,4.4,0.2,4.2,1.2,0.1,3.1,1.7,1.3,2.3,226496.0,4.1,515.0,2.4,0.6,0.026,52529.0,0.6,17.0,1.5,3.0,0.005,2.0,-0.62,1.63,8.5,5.5,0.0163,27,11,-7,12,77.2,263,-181,81,1.5,0.006488,999999.99,99999.99,99999.99,0.18,0.09,0.07,-1,2017-06-13 00:00:00
2017,164,1,2508,51,52,58,36,6.4,4.9,-19.1,118.1,-2.2,4.1,-1.6,4.3,-0.8,0.2,4.0,1.3,1.4,3.5,226934.0,4.1,523.0,3.3,1.2,0.027,27211.0,0.4,12.0,1.3,3.0,0.003,2.08,0.42,1.48,8.3,5.5,0.0174,27,11,-7,12,77.2,364,-255,109,2.0,0.006488,999999.99,99999.99,99999.99,0.18,0.1,0.07,-1,2017-06-13 01:00:00
2017,164,2,2508,51,52,60,35,6.2,5.4,-5.2,131.0,-3.5,4.0,-0.5,4.0,0.1,0.2,2.9,1.3,0.8,2.5,211984.0,4.1,507.0,3.2,-0.5,0.029,36095.0,0.7,15.0,1.0,1.7,0.003,1.96,-0.05,1.51,8.3,5.5,0.0174,27,11,-6,12,77.2,240,-127,114,1.6,0.006488,999999.99,99999.99,99999.99,0.19,0.09,0.07,-1,2017-06-13 02:00:00
2017,164,3,2508,51,52,59,35,6.0,5.5,16.8,149.5,-4.5,2.7,1.6,2.5,1.9,0.3,2.3,1.0,0.7,2.0,189900.0,4.0,501.0,3.9,-1.9,0.028,29095.0,0.7,10.0,0.6,1.5,0.004,1.86,-0.95,1.47,8.3,5.5,0.0171,17,11,-5,6,77.2,184,-119,66,0.7,0.006488,999999.99,99999.99,99999.99,0.17,0.1,0.07,-1,2017-06-13 03:00:00
2017,164,4,2508,51,52,60,35,5.6,5.4,42.7,182.3,-3.9,-0.2,3.6,-0.5,3.6,0.3,1.8,0.8,1.1,1.1,156204.0,4.4,496.0,3.4,-1.9,0.024,21462.0,0.6,8.0,0.5,0.6,0.003,1.98,-1.79,1.66,9.3,6.0,0.0138,17,11,-3,6,77.2,182,-117,65,0.3,0.006488,999999.99,99999.99,99999.99,0.17,0.1,0.07,-1,2017-06-13 04:00:00
2017,164,5,2508,51,52,59,34,5.9,5.5,39.3,168.7,-4.1,0.8,3.5,0.7,3.5,0.1,2.0,0.9,1.3,1.3,137582.0,4.4,486.0,2.1,-2.6,0.024,20710.0,0.6,11.0,1.0,0.6,0.004,1.9,-1.7,1.4,8.6,5.8,0.0159,17,11,0,6,77.2,55,-32,24,-0.3,0.006488,999999.99,99999.99,99999.99,0.18,0.11,0.08,-1,2017-06-13 05:00:00
2017,164,6,2508,51,52,59,36,5.4,4.5,40.1,209.3,-3.0,-1.7,2.9,-1.7,2.9,0.3,2.8,1.4,2.0,1.4,157684.0,4.8,497.0,3.4,-2.0,0.026,11858.0,0.3,9.0,1.1,1.0,0.004,2.19,-1.44,1.96,10.1,6.1,0.0117,10,11,4,4,77.2,37,-12,25,-0.5,0.006488,999999.99,99999.99,99999.99,0.17,0.09,0.06,-1,2017-06-13 06:00:00
2017,164,7,2508,51,52,58,33,5.1,4.7,14.4,158.0,-4.2,1.7,1.2,1.8,1.1,0.2,1.9,0.5,1.3,1.4,150769.0,4.2,485.0,1.0,-2.5,0.029,25950.0,0.7,9.0,1.4,1.5,0.002,1.84,-0.53,1.88,9.7,6.0,0.0125,10,11,5,4,77.2,56,-18,38,-0.0,0.006488,999999.99,99999.99,99999.99,0.18,0.1,0.07,-1,2017-06-13 07:00:00
2017,164,8,2508,51,52,64,39,5.3,4.5,6.9,172.2,-4.4,0.6,0.5,0.6,0.4,0.1,2.7,0.8,1.5,2.1,124310.0,3.5,476.0,2.0,-3.3,0.027,26924.0,0.7,12.0,1.9,2.7,0.002,1.47,-0.19,1.31,8.4,5.8,0.0169,10,11,3,4,77.2,59,-22,36,0.8,0.006488,999999.99,99999.99,99999.99,0.16,0.09,0.06,-1,2017-06-13 08:00:00
2017,164,9,2508,51,52,59,35,5.2,4.6,-35.3,121.3,-1.9,3.2,-2.6,2.9,-2.9,0.2,2.2,1.5,1.1,1.2,139703.0,4.0,497.0,-0.7,-0.1,0.021,19316.0,0.5,13.0,1.1,1.3,0.003,1.79,1.44,1.65,9.6,6.1,0.013,23,11,-1,9,77.2,253,-125,128,2.8,0.006488,999999.99,99999.99,99999.99,0.18,0.09,0.06,-1,2017-06-13 09:00:00
2017,164,10,2508,51,52,60,37,4.6,3.1,7.6,179.7,-3.1,0.0,0.4,0.1,0.4,0.3,3.2,1.2,2.1,2.2,155557.0,4.3,499.0,2.0,-3.1,0.026,21496.0,0.5,10.0,1.4,1.1,0.004,1.97,-0.2,2.4,11.2,6.4,0.0094,23,11,-5,9,77.2,322,-193,129,2.0,0.006488,999999.99,99999.99,99999.99,0.18,0.11,0.08,-1,2017-06-13 10:00:00
2017,164,11,2508,51,52,60,35,4.3,3.3,-0.4,229.1,-2.2,-2.5,0.0,-2.5,0.3,0.6,2.7,1.2,1.2,2.1,154991.0,4.6,505.0,3.6,-2.2,0.024,22711.0,0.3,8.0,1.1,1.3,0.004,2.15,-0.15,2.93,12.6,6.7,0.0075,23,11,1,9,77.2,147,-76,71,0.9,0.006488,999999.99,99999.99,99999.99,0.17,0.1,0.07,-1,2017-06-13 11:00:00
2017,164,12,2508,51,52,61,37,4.8,4.2,1.2,110.7,-1.5,4.0,0.1,4.0,-0.4,0.4,2.2,1.2,1.3,1.3,152612.0,3.9,506.0,-0.6,-2.9,0.024,19414.0,0.5,8.0,0.5,1.2,0.003,1.83,0.2,1.98,10.4,6.3,0.011,13,11,1,5,77.2,134,-59,76,1.8,0.006488,999999.99,99999.99,99999.99,0.18,0.1,0.07,-1,2017-06-13 12:00:00
2017,164,13,2508,51,52,59,36,4.8,4.4,-0.2,107.6,-1.3,4.1,0.0,4.1,-0.4,0.3,1.9,0.8,0.7,1.6,153771.0,3.8,503.0,-0.8,-3.3,0.024,12974.0,0.2,6.0,0.5,1.5,0.002,1.76,0.2,1.94,10.2,6.2,0.0114,13,11,2,5,77.2,121,-15,105,1.1,0.006488,999999.99,99999.99,99999.99,0.16,0.09,0.06,-1,2017-06-13 13:00:00
2017,164,14,2508,51,52,60,36,4.4,3.8,7.3,115.9,-1.6,3.4,0.5,3.4,0.3,0.2,1.9,1.1,0.7,1.4,157576.0,3.7,496.0,-0.5,-4.0,0.027,20182.0,0.3,10.0,0.7,1.5,0.003,1.68,-0.15,2.27,10.8,6.3,0.0101,13,11,3,5,77.2,99,-26,72,0.5,0.006488,999999.99,99999.99,99999.99,0.17,0.09,0.07,-1,2017-06-13 14:00:00
2017,164,15,2508,51,52,58,36,4.1,3.5,1.3,126.6,-2.1,2.8,0.1,2.8,0.1,0.4,2.0,1.0,0.6,1.6,153265.0,3.9,493.0,-0.1,-3.7,0.024,14821.0,0.2,8.0,0.8,1.7,0.003,1.73,-0.05,2.72,11.9,6.5,0.0084,20,11,4,7,77.2,181,-138,44,-0.2,0.006488,999999.99,99999.99,99999.99,0.16,0.1,0.08,-1,2017-06-13 15:00:00
2017,164,16,2508,51,52,62,36,4.1,3.0,-48.6,86.7,0.1,2.0,-2.2,2.1,-2.1,0.4,2.7,1.6,1.8,1.3,143911.0,3.5,502.0,0.3,-1.7,0.021,16954.0,0.3,12.0,1.5,1.3,0.003,1.6,1.05,2.36,11.5,6.6,0.0091,20,11,3,7,77.2,157,-114,44,0.6,0.006488,999999.99,99999.99,99999.99,0.18,0.1,0.08,-1,2017-06-13 16:00:00
2017,164,17,2508,51,52,58,34,3.3,2.0,-50.1,185.4,-1.3,-0.1,-1.5,0.0,-1.5,0.6,2.6,1.5,1.3,1.7,160828.0,3.3,494.0,2.1,-2.5,0.027,16796.0,0.3,8.0,0.8,1.3,0.004,1.49,0.74,3.65,13.6,6.7,0.0064,20,11,1,7,77.2,188,-137,51,0.7,0.006488,999999.99,99999.99,99999.99,0.19,0.1,0.07,-1,2017-06-13 17:00:00
2017,164,18,2508,51,52,61,36,3.3,3.1,10.2,154.6,-2.7,1.3,0.5,1.2,0.7,0.4,1.2,0.3,1.0,0.7,147103.0,3.1,489.0,1.1,-3.0,0.028,11152.0,0.1,3.0,0.2,0.5,0.001,1.38,-0.34,3.26,13.0,6.7,0.007,10,11,0,4,77.2,82,-49,33,0.0,0.006488,999999.99,99999.99,99999.99,0.16,0.09,0.06,-1,2017-06-13 18:00:00
2017,164,19,2508,51,52,59,36,3.5,3.4,6.0,176.6,-3.4,0.2,0.4,0.1,0.4,0.4,0.9,0.3,0.7,0.4,107116.0,2.4,483.0,1.8,-2.6,0.027,25620.0,0.5,5.0,0.7,0.4,0.002,1.04,-0.19,1.92,10.7,6.6,0.0104,10,11,-2,4,77.2,52,-22,30,0.1,0.006488,999999.99,99999.99,99999.99,0.18,0.12,0.08,-1,2017-06-13 19:00:00
2017,164,20,2508,51,52,63,36,3.7,3.4,11.1,164.1,-3.2,0.9,0.6,0.8,0.8,0.3,1.6,0.8,1.2,0.6,98710.0,2.3,488.0,0.5,-2.1,0.024,17785.0,0.4,14.0,1.0,0.7,0.003,1.0,-0.39,1.59,10.0,6.5,0.0119,10,11,-2,4,77.2,53,-25,29,-0.3,0.006488,999999.99,99999.99,99999.99,0.18,0.09,0.07,-1,2017-06-13 20:00:00
2017,164,21,2508,51,52,58,35,4.1,3.8,15.4,156.5,-3.4,1.5,1.0,1.2,1.3,0.1,1.2,0.6,0.8,0.6,78784.0,2.1,485.0,1.1,-2.0,0.022,15214.0,0.3,9.0,1.3,0.9,0.003,0.9,-0.63,1.08,8.6,6.2,0.0162,3,11,-1,2,77.2,46,-23,23,-0.7,0.006488,999999.99,99999.99,99999.99,0.18,0.1,0.08,-1,2017-06-13 21:00:00
2017,164,22,2508,51,52,59,36,4.2,4.1,13.8,161.9,-3.8,1.2,1.0,0.9,1.3,0.0,0.5,0.1,0.4,0.2,67867.0,2.0,483.0,0.7,-1.9,0.018,6361.0,0.1,1.0,0.5,0.3,0.0,0.84,-0.63,0.93,8.1,6.1,0.018,3,11,-4,2,77.2,46,-24,22,-0.0,0.006488,999999.99,99999.99,99999.99,0.19,0.1,0.08,-1,2017-06-13 22:00:00
2017,164,23,2508,51,52,60,37,4.3,4.2,18.6,173.4,-4.0,0.5,1.3,0.2,1.4,0.1,0.7,0.1,0.6,0.4,63019.0,2.0,482.0,1.1,-1.8,0.016,4257.0,0.1,1.0,0.6,0.2,0.001,0.83,-0.67,0.86,7.9,6.0,0.0189,3,11,-2,2,77.2,41,-23,18,0.1,0.006488,999999.99,99999.99,99999.99,0.19,0.11,0.08,-1,2017-06-13 23:00:00
2017,165,0,2508,51,52,60,33,4.4,4.3,30.7,172.9,-3.7,0.5,2.2,0.0,2.3,0.1,0.7,0.2,0.5,0.5,67486.0,2.1,485.0,1.1,-2.5,0.017,8387.0,0.2,3.0,0.4,0.5,0.002,0.88,-1.12,0.88,8.0,6.0,0.0186,0,11,-3,0,76.4,38,-27,10,-0.3,0.006549,999999.99,99999.99,99999.99,0.18,0.1,0.08,-1,2017-06-14 00:00:00
2017,165,1,2508,51,52,59,36,4.5,4.4,41.1,164.2,-3.2,0.9,2.9,0.3,3.0,0.1,0.7,0.2,0.6,0.3,73822.0,2.4,488.0,0.7,-3.2,0.016,5691.0,0.1,3.0,0.7,0.4,0.001,1.02,-1.46,1.0,8.4,6.2,0.0169,0,11,-5,0,76.4,36,-29,7,-0.5,0.006549,999999.99,99999.99,99999.99,0.16,0.1,0.08,-1,2017-06-14 01:00:00
2017,165,2,2508,51,52,48,27,4.4,4.3,37.6,162.1,-3.2,1.0,2.6,0.6,2.7,0.1,0.8,0.5,0.6,0.3,77895.0,2.7,484.0,0.8,-2.9,0.017,8883.0,0.3,3.0,0.7,0.3,0.001,1.13,-1.31,1.2,9.0,6.3,0.0146,0,11,-5,0,76.4,31,-24,7,-0.6,0.006549,999999.99,99999.99,99999.99,0.17,0.09,0.07,-1,2017-06-14 02:00:00
2017,165,3,2508,71,71,15,15,3.6,2.6,-10.0,109.4,-0.8,2.4,-0.4,2.4,-0.1,0.2,2.4,2.0,0.4,1.4,99633.0,3.5,486.0,1.0,1.5,9.999,8359.0,0.1,11.0,0.5,0.8,9.999,1.42,0.05,2.18,11.7,7.0,0.0075,7,11,-3,3,76.4,43,-22,20,-0.1,0.006549,999999.99,99999.99,99999.99,0.16,0.1,0.07,-1,2017-06-14 03:00:00
2017,165,4,2508,71,71,16,16,3.8,2.5,-30.4,70.0,0.7,2.0,-1.2,2.1,-1.1,0.3,2.7,1.9,1.3,1.4,113689.0,3.5,492.0,1.8,1.9,9.999,6922.0,0.1,10.0,1.2,0.7,9.999,1.41,0.54,2.02,11.0,6.9,0.0081,7,11,-4,3,76.4,101,-18,82,1.1,0.006549,999999.99,99999.99,99999.99,0.19,0.11,0.08,-1,2017-06-14 04:00:00
2017,165,5,2508,71,71,14,14,3.8,3.5,-8.8,72.3,1.1,3.3,-0.5,3.3,-0.4,0.1,1.3,1.0,0.5,0.7,107985.0,3.4,490.0,0.4,1.3,9.999,4976.0,0.1,7.0,0.4,0.6,9.999,1.4,0.2,1.96,11.0,6.9,0.0084,7,11,-5,3,76.4,170,-48,122,1.3,0.006549,999999.99,99999.99,99999.99,0.2,0.1,0.08,-1,2017-06-14 05:00:00
2017,165,6,2508,71,71,15,15,3.8,3.3,24.1,126.6,-1.8,2.4,1.4,2.4,1.3,0.1,1.7,1.1,1.0,0.8,108190.0,3.4,469.0,1.0,0.5,9.999,6534.0,0.1,7.0,0.9,0.4,9.999,1.32,-0.61,2.03,10.7,6.6,0.0092,13,11,-5,5,76.4,173,-67,106,1.7,0.006549,999999.99,99999.99,99999.99,0.16,0.1,0.07,-1,2017-06-14 06:00:00
2017,165,7,2508,71,71,15,15,3.7,3.2,37.6,132.7,-1.7,1.9,2.0,2.0,1.9,0.1,1.3,0.4,0.8,0.9,113055.0,3.3,467.0,1.6,0.4,9.999,7650.0,0.2,3.0,0.9,0.5,9.999,1.26,-0.89,2.11,10.7,6.5,0.0091,13,11,-2,5,76.4,58,-24,34,0.9,0.006549,999999.99,99999.99,99999.99,0.17,0.09,0.07,-1,2017-06-14 07:00:00
2017,165,8,2508,71,71,15,15,3.4,2.9,11.6,143.8,-2.3,1.7,0.6,1.7,0.4,0.1,1.5,0.6,0.6,1.3,128643.0,3.5,461.0,1.8,1.0,9.999,9072.0,0.2,5.0,0.7,0.9,9.999,1.28,-0.18,2.77,11.7,6.5,0.0074,13,11,-2,5,76.4,54,-12,42,1.1,0.006549,999999.99,99999.99,99999.99,0.18,0.1,0.07,-1,2017-06-14 08:00:00
2017,165,9,2508,71,71,15,15,3.5,2.9,20.2,118.7,-1.3,2.4,1.0,2.5,0.7,0.1,1.7,0.4,0.6,1.5,113191.0,3.6,470.0,1.3,0.9,9.999,6489.0,0.2,4.0,0.5,0.9,9.999,1.46,-0.33,2.7,12.2,6.8,0.0073,23,11,-2,9,76.4,45,-23,21,1.0,0.006549,999999.99,99999.99,99999.99,0.18,0.1,0.07,-1,2017-06-14 09:00:00
2017,165,10,2508,71,71,16,16,3.0,1.6,-55.6,93.6,-0.1,0.9,-1.4,0.7,-1.5,0.5,2.4,1.2,1.2,1.7,117166.0,3.6,474.0,2.3,2.2,9.999,10752.0,0.2,7.0,1.0,0.9,9.999,1.35,0.71,3.43,13.7,7.0,0.0053,23,11,-2,9,76.4,69,-24,45,1.3,0.006549,999999.99,99999.99,99999.99,0.17,0.09,0.07,-1,2017-06-14 10:00:00
2017,165,11,2508,51,52,18,11,3.0,2.6,-11.4,145.0,-2.1,1.5,-0.5,1.4,-0.7,0.5,1.5,0.7,0.6,1.2,119489.0,3.1,467.0,0.5,0.5,0.023,17272.0,0.4,9.0,0.8,0.7,0.003,1.23,0.33,3.55,13.7,6.8,0.0063,23,11,-5,9,76.4,182,-76,106,1.6,0.006549,999999.99,99999.99,99999.99,0.18,0.1,0.08,-1,2017-06-14 11:00:00
2017,165,12,2508,51,52,60,36,3.3,3.1,26.0,152.4,-2.4,1.3,1.3,1.5,1.1,0.1,1.2,0.5,0.7,0.9,114744.0,3.1,472.0,1.2,-0.7,0.023,8140.0,0.2,3.0,0.7,0.7,0.004,1.26,-0.52,2.88,12.6,6.7,0.0075,20,11,-7,7,76.4,282,-172,110,2.0,0.006549,999999.99,99999.99,99999.99,0.19,0.11,0.07,-1,2017-06-14 12:00:00
2017,165,13,2508,51,52,60,36,3.4,3.2,27.5,148.3,-2.4,1.5,1.5,1.6,1.3,0.1,0.9,0.4,0.6,0.6,117223.0,3.1,474.0,1.0,-0.4,0.024,6634.0,0.1,4.0,0.7,0.7,0.004,1.27,-0.62,2.74,12.3,6.7,0.0079,20,11,-6,7,76.4,138,-80,58,1.2,0.006549,999999.99,99999.99,99999.99,0.17,0.1,0.07,-1,2017-06-14 13:00:00
2017,165,14,2508,51,52,59,35,3.3,3.2,11.5,171.6,-3.1,0.5,0.6,0.5,0.6,0.1,1.1,0.3,0.7,0.7,97493.0,2.6,462.0,1.4,-0.2,0.028,14064.0,0.4,9.0,0.8,1.0,0.002,1.03,-0.28,2.24,11.3,6.6,0.0093,20,11,-2,7,76.4,66,-46,20,0.2,0.006549,999999.99,99999.99,99999.99,0.19,0.1,0.07,-1,2017-06-14 14:00:00
2017,165,15,2508,51,52,61,37,3.8,3.5,13.4,164.9,-3.3,0.9,0.8,0.9,0.8,0.3,1.3,0.2,1.2,0.4,78590.0,2.3,457.0,0.5,-0.4,0.025,13377.0,0.3,6.0,1.7,0.6,0.003,0.88,-0.37,1.37,9.1,6.2,0.0143,20,11,2,7,76.4,67,-49,19,-0.0,0.006549,999999.99,99999.99,99999.99,0.19,0.1,0.08,-1,2017-06-14 15:00:00
2017,165,16,2508,51,52,59,36,4.1,4.0,30.9,184.4,-3.5,-0.3,2.1,-0.4,2.1,0.2,0.7,0.2,0.5,0.5,78120.0,2.6,460.0,1.6,-1.2,0.021,14522.0,0.4,6.0,0.8,0.7,0.004,1.0,-0.97,1.33,9.0,6.2,0.0145,20,11,1,7,76.4,33,-18,15,-0.0,0.006549,999999.99,99999.99,99999.99,99999.99,99999.99,99999.99,0,2017-06-14 16:00:00
2017,165,17,2508,51,52,59,35,4.2,4.0,45.8,183.1,-2.8,-0.2,2.9,-0.4,2.9,0.2,0.9,0.5,0.4,0.6,82913.0,2.9,463.0,1.0,-1.9,0.017,11713.0,0.2,6.0,0.5,0.6,0.002,1.11,-1.34,1.44,9.4,6.3,0.0135,20,11,-3,7,76.4,96,-53,43,0.9,0.006549,999999.99,99999.99,99999.99,0.19,0.1,0.08,-1,2017-06-14 17:00:00
2017,165,18,2508,51,52,61,37,4.1,3.9,38.7,177.1,-3.0,0.2,2.4,-0.1,2.4,0.4,1.3,1.1,0.5,0.5,89550.0,2.8,455.0,0.9,-0.7,0.02,20957.0,0.3,8.0,0.5,1.3,0.006,1.05,-1.09,1.51,9.3,6.1,0.0138,10,11,-5,4,76.4,41,-19,21,0.1,0.006549,999999.99,99999.99,99999.99,0.19,0.1,0.08,-1,2017-06-14 18:00:00
2017,165,19,2508,51,52,58,35,4.0,3.6,50.5,161.3,-2.1,0.7,2.7,0.2,2.8,0.3,1.7,0.8,1.4,0.7,105107.0,3.0,456.0,0.0,0.1,0.028,15443.0,0.2,5.0,1.1,1.0,0.003,1.16,-1.28,1.82,9.9,6.2,0.0122,10,11,-7,4,76.4,39,-25,14,0.5,0.006549,999999.99,99999.99,99999.99,0.17,0.09,0.07,-1,2017-06-14 19:00:00
2017,165,20,2508,51,52,60,37,4.8,4.0,55.6,128.9,-1.4,1.8,3.3,1.1,3.6,0.2,2.5,1.6,1.7,0.8,94117.0,3.4,455.0,-0.7,-0.4,0.026,16251.0,0.3,6.0,1.1,1.1,0.003,1.3,-1.64,1.37,8.7,5.9,0.0156,10,11,-3,4,76.4,46,-27,19,-0.6,0.006549,999999.99,99999.99,99999.99,0.18,0.1,0.07,-1,2017-06-14 20:00:00
2017,165,21,2508,51,52,59,36,4.6,3.9,34.3,174.5,-3.2,0.3,2.2,-0.2,2.2,0.1,2.4,0.7,2.2,0.6,103480.0,3.1,445.0,-0.0,0.5,0.028,16321.0,0.5,6.0,1.8,0.7,0.003,1.14,-0.98,1.41,8.5,5.7,0.0164,7,11,1,3,76.4,51,-27,24,0.2,0.006549,999999.99,99999.99,99999.99,0.18,0.1,0.08,-1,2017-06-14 21:00:00
2017,165,22,2508,51,52,62,37,4.9,3.9,64.1,189.5,-1.7,-0.3,3.5,-1.1,3.3,0.4,3.0,2.0,2.0,1.1,88522.0,2.9,447.0,1.0,-0.6,0.026,10986.0,0.2,8.0,1.0,0.4,0.003,1.07,-1.48,1.09,7.8,5.6,0.0197,7,11,1,3,76.4,42,-19,23,0.2,0.006549,999999.99,99999.99,99999.99,0.18,0.09,0.07,-1,2017-06-14 22:00:00
2017,165,23,2508,51,52,58,36,5.6,5.1,76.8,191.6,-1.1,-0.2,5.0,-1.3,4.8,0.4,2.2,1.2,1.7,0.9,86787.0,2.8,454.0,0.1,-0.7,0.023,13968.0,0.4,7.0,1.2,0.7,0.004,1.05,-2.18,0.8,6.8,5.2,0.0259,7,11,0,3,76.4,37,-17,20,-0.2,0.006549,999999.99,99999.99,99999.99,0.18,0.11,0.08,-1,2017-06-14 23:00:00
2017,166,0,2508,51,52,58,34,5.7,5.4,24.7,207.3,-4.4,-2.3,2.3,-2.7,1.8,0.2,1.6,0.3,0.8,1.3,75388.0,2.5,435.0,1.3,0.3,0.026,8971.0,0.3,3.0,0.5,0.6,0.003,0.87,-0.78,0.65,6.0,4.8,0.0327,17,31,-3,6,79.9,40,-24,17,0.2,0.00656,999999.99,99999.99,99999.99,0.16,0.09,0.07,-1,2017-06-15 00:00:00
2017,166,1,2508,51,52,61,36,4.8,4.6,3.3,207.8,-4.1,-2.1,0.3,-2.1,-0.1,0.4,1.2,0.2,0.8,0.9,91843.0,2.8,435.0,1.8,1.5,0.029,8980.0,0.3,7.0,0.7,0.7,0.002,0.99,0.04,1.11,7.6,5.4,0.0207,17,31,-3,6,79.9,70,-39,31,0.7,0.00656,999999.99,99999.99,99999.99,0.19,0.11,0.08,-1,2017-06-15 01:00:00
2017,166,2,2508,51,52,63,38,4.1,2.7,-5.7,145.2,-2.2,1.5,-0.3,1.5,-0.1,0.2,3.0,2.4,1.6,1.0,82852.0,2.9,444.0,-0.4,2.2,0.03,16881.0,0.2,13.0,1.1,1.1,0.005,1.07,0.04,1.52,9.2,6.1,0.014,17,31,-2,6,79.9,96,-66,30,1.2,0.00656,999999.99,99999.99,99999.99,0.16,0.1,0.07,-1,2017-06-15 02:00:00
2017,166,3,2508,51,52,57,34,4.2,4.0,11.7,77.1,0.9,3.8,0.8,3.7,1.2,0.2,1.2,0.9,0.6,0.5,70265.0,2.8,458.0,-1.5,1.2,0.023,6537.0,0.1,8.0,1.3,0.5,0.002,1.07,-0.55,1.31,9.1,6.2,0.0143,10,31,5,4,79.9,51,-30,21,1.0,0.00656,999999.99,99999.99,99999.99,0.2,0.11,0.08,-1,2017-06-15 03:00:00
2017,166,4,2508,51,52,61,37,3.8,3.5,23.9,121.7,-1.7,2.7,1.4,2.6,1.6,0.2,1.2,0.7,0.7,0.8,73955.0,2.8,431.0,0.5,0.0,0.025,8610.0,0.2,5.0,1.2,0.7,0.003,0.96,-0.69,1.63,9.5,6.1,0.0132,10,31,6,4,79.9,34,-21,14,0.3,0.00656,999999.99,99999.99,99999.99,0.16,0.1,0.07,-1,2017-06-15 04:00:00
2017,166,5,2508,51,52,56,31,2.7,1.0,18.4,135.5,-0.7,0.7,0.3,0.7,0.3,0.7,2.6,1.7,1.6,1.1,71128.0,3.3,427.0,0.5,0.2,0.028,11179.0,0.2,10.0,0.6,1.0,0.002,1.12,-0.13,3.76,14.4,7.0,0.0058,10,31,5,4,79.9,60,-19,41,0.8,0.00656,999999.99,99999.99,99999.99,0.19,0.09,0.06,-1,2017-06-15 05:00:00
2017,166,6,2508,51,52,60,36,2.3,1.1,50.6,182.4,-0.7,0.0,0.9,0.0,0.9,0.8,2.1,1.9,0.3,0.9,74793.0,3.5,428.0,0.4,-0.3,0.029,10371.0,0.2,11.0,0.5,0.6,0.002,1.19,-0.39,5.59,17.4,7.2,0.0039,3,31,5,2,79.9,62,-27,35,0.3,0.00656,999999.99,99999.99,99999.99,0.18,0.1,0.07,-1,2017-06-15 06:00:00
2017,166,7,2508,51,52,61,37,2.7,2.5,40.7,191.6,-1.9,-0.4,1.7,-0.3,1.7,0.5,1.1,0.8,0.7,0.4,70784.0,3.5,421.0,0.6,-0.6,0.029,11005.0,0.2,5.0,0.6,0.4,0.003,1.16,-0.72,3.98,14.6,6.9,0.0056,3,31,6,2,79.9,64,-35,29,-0.1,0.00656,999999.99,99999.99,99999.99,0.2,0.11,0.08,-1,2017-06-15 07:00:00
2017,166,8,2508,51,52,60,37,2.8,2.6,45.1,210.1,-1.6,-0.9,1.9,-0.7,2.0,0.2,1.0,0.7,0.5,0.6,74241.0,3.4,421.0,0.7,-0.6,0.032,4991.0,0.1,5.0,0.4,0.5,0.002,1.14,-0.84,3.66,13.9,6.8,0.0062,3,31,7,2,79.9,56,-27,29,0.0,0.00656,999999.99,99999.99,99999.99,0.19,0.11,0.08,-1,2017-06-15 08:00:00
2017,166,9,2508,51,52,58,32,2.4,2.0,35.1,186.6,-1.6,-0.2,1.2,0.0,1.2,0.7,1.5,0.3,0.9,1.2,83462.0,3.6,419.0,0.1,0.0,0.035,6984.0,0.2,3.0,0.5,0.7,0.003,1.2,-0.5,5.51,16.6,6.9,0.0043,10,31,7,4,79.9,55,-21,34,0.5,0.00656,999999.99,99999.99,99999.99,0.21,0.11,0.07,-1,2017-06-15 09:00:00
2017,166,10,2508,51,52,62,38,2.3,1.5,2.7,117.9,-0.7,1.3,0.1,1.3,-0.1,0.2,1.7,1.4,0.7,0.7,81978.0,3.7,419.0,-0.8,0.0,0.033,7678.0,0.1,5.0,0.4,0.5,0.004,1.23,0.04,6.12,17.5,7.0,0.0039,10,31,8,4,79.9,87,-46,41,1.3,0.00656,999999.99,99999.99,99999.99,0.18,0.09,0.07,-1,2017-06-15 10:00:00
2017,166,11,2508,51,52,59,36,2.9,2.6,28.9,37.8,1.8,1.4,1.3,1.6,1.1,0.3,1.0,0.7,0.4,0.6,65928.0,3.4,426.0,-0.6,-0.7,0.029,5665.0,0.2,4.0,0.4,0.4,0.002,1.15,-0.47,3.27,13.5,6.9,0.0065,10,31,9,4,79.9,86,-56,31,1.0,0.00656,999999.99,99999.99,99999.99,0.17,0.1,0.07,-1,2017-06-15 11:00:00
2017,166,12,2508,51,52,59,36,3.4,3.2,31.7,38.1,2.1,1.7,1.7,1.9,1.5,0.2,1.3,0.6,0.5,1.0,65765.0,3.6,419.0,-0.7,-0.6,0.028,3962.0,0.3,3.0,0.3,0.7,0.002,1.17,-0.63,2.51,11.7,6.6,0.0087,7,31,10,3,79.9,66,-38,28,0.4,0.00656,999999.99,99999.99,99999.99,0.17,0.1,0.08,-1,2017-06-15 12:00:00
2017,166,13,2508,51,52,48,27,3.1,2.2,-40.5,38.6,1.3,1.1,-1.5,0.9,-1.6,0.3,2.2,1.0,1.1,1.6,60773.0,3.5,415.0,-0.7,1.2,0.027,4873.0,0.3,4.0,0.6,0.9,0.002,1.12,0.66,2.87,12.5,6.7,0.0076,7,31,9,3,79.9,64,-33,32,0.9,0.00656,999999.99,99999.99,99999.99,0.17,0.11,0.08,-1,2017-06-15 13:00:00
2017,166,14,2508,51,52,13,7,2.9,2.6,22.2,113.0,-0.9,2.2,1.0,2.3,0.8,0.2,1.1,0.7,0.4,0.8,63003.0,3.4,403.0,-2.1,-0.4,0.027,6440.0,0.1,3.0,0.2,0.7,0.003,1.02,-0.32,3.22,12.8,6.6,0.0072,7,31,7,3,79.9,46,-28,18,-0.3,0.00656,999999.99,99999.99,99999.99,0.2,0.11,0.08,-1,2017-06-15 14:00:00
2017,166,15,2508,71,71,15,15,2.6,2.0,46.9,118.2,-0.6,1.2,1.5,1.2,1.5,0.3,1.5,0.7,0.7,1.1,49454.0,3.6,395.0,-0.4,0.2,9.999,5578.0,0.1,2.0,0.4,0.4,9.999,1.03,-0.59,3.61,13.8,6.9,0.0057,3,31,7,2,79.9,36,-15,21,-1.2,0.00656,999999.99,99999.99,99999.99,0.2,0.1,0.07,-1,2017-06-15 15:00:00
2017,166,16,2508,71,71,15,15,2.6,2.2,46.7,88.0,0.1,1.5,1.6,1.5,1.6,0.3,1.2,0.7,0.5,0.8,44868.0,4.0,391.0,-0.2,0.1,9.999,4535.0,0.2,4.0,0.3,0.5,9.999,1.13,-0.62,3.93,14.4,6.9,0.0053,3,31,9,2,79.9,38,-15,23,-1.0,0.00656,999999.99,99999.99,99999.99,0.18,0.1,0.07,-1,2017-06-15 16:00:00
2017,166,17,2508,71,71,15,15,2.9,2.4,54.1,130.6,-0.9,1.1,1.9,1.0,2.0,0.2,1.5,1.2,0.5,0.8,52552.0,4.3,389.0,0.3,0.1,9.999,6304.0,0.1,3.0,0.3,0.3,9.999,1.21,-0.78,3.56,13.4,6.7,0.0061,3,31,9,2,79.9,25,-12,13,-1.2,0.00656,999999.99,99999.99,99999.99,0.18,0.1,0.07,-1,2017-06-15 17:00:00
2017,166,18,2508,71,71,14,14,3.1,2.9,65.8,128.0,-0.7,0.9,2.6,0.6,2.7,0.2,0.9,0.8,0.3,0.3,43918.0,4.5,385.0,-0.1,-0.3,9.999,2520.0,0.1,3.0,0.3,0.1,9.999,1.25,-1.04,3.12,12.7,6.7,0.0069,10,31,9,4,79.9,25,-13,12,-0.2,0.00656,999999.99,99999.99,99999.99,0.17,0.1,0.07,-1,2017-06-15 18:00:00
2017,166,19,2508,51,52,13,7,3.2,3.2,60.6,53.4,0.9,1.3,2.8,0.8,3.0,0.0,0.3,0.2,0.2,0.1,38827.0,4.9,386.0,-2.8,-1.8,0.022,1458.0,0.1,1.0,0.3,0.1,0.001,1.33,-1.16,3.33,13.4,6.8,0.0067,10,31,6,4,79.9,44,-25,18,-0.2,0.00656,999999.99,99999.99,99999.99,0.18,0.1,0.08,-1,2017-06-15 19:00:00
2017,166,20,2508,51,52,60,36,3.1,2.6,22.5,10.2,2.4,0.4,1.0,0.2,1.1,0.2,1.5,1.0,0.7,0.9,38755.0,4.7,385.0,-3.1,-1.4,0.023,3327.0,0.2,2.0,0.4,0.3,0.001,1.27,-0.42,3.4,13.5,6.8,0.0066,10,31,6,4,79.9,32,-16,17,-0.3,0.00656,999999.99,99999.99,99999.99,0.17,0.1,0.07,-1,2017-06-15 20:00:00
2017,166,21,2508,51,52,60,37,2.9,2.5,31.3,70.2,0.7,2.0,1.3,1.7,1.7,0.2,1.5,0.9,0.7,1.0,41830.0,5.1,379.0,-3.5,-1.4,0.025,4101.0,0.2,2.0,0.6,0.4,0.003,1.35,-0.64,4.29,14.8,6.8,0.0055,3,31,9,2,79.9,39,-17,22,-0.3,0.00656,999999.99,99999.99,99999.99,0.22,0.1,0.07,-1,2017-06-15 21:00:00
2017,166,22,2508,51,52,59,36,2.6,2.5,59.7,50.3,0.8,1.0,2.2,0.5,2.4,0.3,0.7,0.4,0.4,0.4,41481.0,5.4,376.0,-3.5,-1.2,0.026,3114.0,0.2,1.0,0.2,0.2,0.002,1.41,-0.9,5.64,16.8,6.9,0.0042,3,31,12,2,79.9,32,-14,18,-0.2,0.00656,999999.99,99999.99,99999.99,0.19,0.1,0.07,-1,2017-06-15 22:00:00
2017,166,23,2508,51,52,60,36,2.5,1.8,85.1,74.0,0.0,0.1,1.7,-0.3,1.7,0.2,1.8,1.2,0.8,1.1,38439.0,6.0,371.0,-3.1,-1.1,0.024,4383.0,0.3,3.0,0.3,0.4,0.003,1.51,-0.63,6.66,18.2,7.0,0.0036,3,31,16,2,79.9,34,-14,20,-0.3,0.00656,999999.99,99999.99,99999.99,0.17,0.1,0.08,-1,2017-06-15 23:00:00
2017,167,0,2508,51,52,59,36,1.9,1.3,-16.6,335.9,1.1,-0.5,-0.4,-0.4,-0.5,0.6,1.5,0.7,0.7,1.2,33876.0,6.4,370.0,-3.6,-0.8,0.021,4113.0,0.3,2.0,0.4,0.6,0.002,1.59,0.18,11.97,24.6,7.3,0.002,10,30,16,4,75.8,41,-21,20,0.1,0.006616,999999.99,99999.99,99999.99,0.18,0.1,0.07,-1,2017-06-16 00:00:00
2017,167,1,2508,51,52,59,34,2.6,1.8,27.0,117.0,-0.7,1.4,0.8,1.2,1.0,0.4,1.9,1.2,0.8,1.2,33916.0,6.5,366.0,-4.2,-0.8,0.017,2858.0,0.2,3.0,0.2,0.4,0.002,1.55,-0.37,6.49,17.9,7.0,0.0037,10,30,17,4,75.8,32,-17,15,0.2,0.006616,999999.99,99999.99,99999.99,0.18,0.11,0.08,-1,2017-06-16 01:00:00
2017,167,2,2508,51,52,60,37,3.2,3.0,15.8,143.2,-2.3,1.7,0.8,1.6,1.0,0.4,1.0,0.7,0.5,0.6,36820.0,7.4,364.0,-4.4,-0.8,0.017,2379.0,0.4,1.0,0.3,0.3,0.002,1.75,-0.36,4.97,15.5,6.7,0.005,10,30,20,4,75.8,36,-23,13,0.2,0.006616,999999.99,99999.99,99999.99,0.19,0.11,0.08,-1,2017-06-16 02:00:00
2017,167,3,2508,51,52,65,39,5.5,5.3,23.4,140.5,-3.7,3.1,2.1,2.9,2.4,0.7,1.6,0.6,0.9,1.1,44194.0,11.8,381.0,-6.5,-1.9,0.016,3790.0,1.5,7.0,0.7,0.5,0.002,3.04,-0.91,2.8,11.9,6.4,0.0084,20,30,24,7,75.8,46,-28,18,0.3,0.006616,999999.99,99999.99,99999.99,0.19,0.12,0.09,-1,2017-06-16 03:00:00
2017,167,4,2508,51,52,60,36,7.8,7.1,-5.9,124.4,-4.0,5.8,-0.7,5.8,-0.4,0.6,3.2,1.0,1.1,2.9,44805.0,19.0,398.0,-9.5,-1.7,0.013,3356.0,1.6,2.0,0.7,0.6,0.003,5.29,0.16,2.25,11.1,6.5,0.0096,20,30,25,7,75.8,86,-28,58,1.1,0.006616,999999.99,99999.99,99999.99,0.19,0.1,0.08,-1,2017-06-16 04:00:00
2017,167,5,2508,51,52,58,35,7.1,6.9,24.9,127.2,-3.8,5.0,2.9,5.0,2.9,0.8,1.7,0.9,0.9,1.1,33745.0,25.8,392.0,-9.9,-1.1,0.014,7662.0,3.6,4.0,0.7,0.5,0.002,6.99,-1.14,3.45,14.0,7.0,0.006,20,30,24,7,75.8,94,-41,54,1.3,0.006616,999999.99,99999.99,99999.99,0.17,0.11,0.08,-1,2017-06-16 05:00:00
2017,167,6,2508,51,52,63,38,6.4,4.2,-36.4,298.3,1.6,-2.9,-2.5,-3.0,-2.4,0.9,4.8,3.2,3.1,1.9,32206.0,33.8,395.0,-8.5,-0.6,0.011,4559.0,3.0,7.0,0.9,0.8,0.003,9.19,0.95,5.51,17.9,7.5,0.0037,40,30,29,27,75.8,203,-70,133,1.2,0.006616,999999.99,99999.99,99999.99,0.19,0.09,0.06,-1,2017-06-16 06:00:00
2017,167,7,2508,51,52,61,36,7.9,3.2,-28.1,300.9,1.5,-2.4,-1.5,-2.5,-1.3,1.8,7.3,4.3,5.2,2.7,39328.0,48.6,404.0,-9.4,-1.6,0.013,12407.0,7.3,6.0,1.5,0.8,0.003,13.94,0.53,5.43,17.8,7.5,0.0037,40,30,33,27,75.8,239,-83,156,1.3,0.006616,999999.99,99999.99,99999.99,0.18,0.1,0.08,-1,2017-06-16 07:00:00
2017,167,8,2508,51,52,73,45,10.7,7.9,-38.2,320.4,4.8,-4.0,-4.9,-4.5,-4.4,2.2,7.2,3.7,4.7,4.0,154432.0,27.9,457.0,-1.7,-1.2,0.029,135419.0,18.7,48.0,5.7,2.0,0.021,10.86,2.01,2.87,11.3,6.0,0.0093,40,30,19,27,75.8,455,-211,244,2.8,0.006616,999999.99,99999.99,99999.99,0.19,0.11,0.08,-1,2017-06-16 08:00:00
2017,167,9,2508,51,52,57,32,13.0,11.3,22.7,309.5,6.6,-8.0,4.4,-7.3,5.4,1.0,6.1,1.5,2.7,5.3,475952.0,8.7,517.0,7.5,-4.2,0.089,64415.0,0.8,13.0,0.7,1.5,0.013,5.27,-2.79,1.29,5.9,4.0,0.0346,37,30,-6,22,75.8,575,-310,265,2.3,0.006616,999999.99,99999.99,99999.99,0.18,0.1,0.07,-1,2017-06-16 09:00:00
2017,167,10,2508,51,52,58,35,13.7,13.2,3.7,301.3,6.8,-11.3,0.9,-11.0,2.6,1.3,3.6,1.9,1.5,2.6,260615.0,10.4,495.0,5.1,-1.6,0.088,66967.0,1.1,9.0,1.1,1.1,0.01,5.75,-1.29,0.9,5.8,4.4,0.035,37,30,-4,22,75.8,301,-118,183,0.1,0.006616,999999.99,99999.99,99999.99,0.19,0.1,0.07,-1,2017-06-16 10:00:00
2017,167,11,2508,51,52,60,37,13.4,12.4,35.0,295.8,4.4,-9.1,7.1,-7.9,8.4,1.0,5.2,2.8,3.4,2.7,170613.0,12.6,486.0,4.4,-0.4,0.075,12103.0,1.6,6.0,1.0,0.8,0.008,6.46,-4.08,0.87,6.4,4.9,0.0287,37,30,2,22,75.8,375,-204,172,-1.2,0.006616,999999.99,99999.99,99999.99,0.18,0.1,0.07,-1,2017-06-16 11:00:00
2017,167,12,2508,51,52,61,37,13.0,11.3,-1.2,307.8,6.9,-9.0,-0.2,-8.9,1.0,1.1,6.2,2.3,2.0,5.4,183302.0,12.6,478.0,1.8,1.1,0.068,48566.0,3.0,15.0,1.3,3.7,0.019,6.12,-0.48,0.97,6.5,4.8,0.0279,47,30,6,39,75.8,214,-108,105,1.3,0.006616,999999.99,99999.99,99999.99,0.17,0.1,0.07,-1,2017-06-16 12:00:00
2017,167,13,2508,51,52,57,32,10.7,9.9,-42.3,308.1,4.5,-5.8,-6.6,-6.5,-5.9,1.8,4.3,2.4,3.2,1.5,202173.0,14.1,467.0,0.9,4.8,0.075,23254.0,2.8,13.0,1.4,1.1,0.008,6.68,2.76,1.69,8.2,5.2,0.0177,47,30,8,39,75.8,445,-288,157,4.0,0.006616,999999.99,99999.99,99999.99,0.19,0.1,0.07,-1,2017-06-16 13:00:00
2017,167,14,2508,51,52,61,37,11.0,9.0,-50.3,301.5,3.0,-4.9,-6.9,-5.4,-6.5,1.6,6.5,2.9,5.4,2.3,204313.0,12.3,466.0,1.6,3.9,0.08,29783.0,1.9,5.0,1.3,1.5,0.011,5.89,3.03,1.41,7.4,5.0,0.0216,47,30,4,39,75.8,928,-689,239,4.4,0.006616,999999.99,99999.99,99999.99,0.18,0.11,0.07,-1,2017-06-16 14:00:00
2017,167,15,2508,51,52,61,38,9.7,8.9,-26.3,304.7,4.5,-6.5,-3.9,-6.6,-3.7,1.2,3.9,1.7,2.9,2.1,277522.0,9.0,481.0,2.8,5.2,0.079,101999.0,1.9,14.0,1.6,2.3,0.013,4.58,1.78,1.62,7.4,4.8,0.0215,37,30,-11,22,75.8,702,-434,267,3.3,0.006616,999999.99,99999.99,99999.99,0.2,0.11,0.07,-1,2017-06-16 15:00:00
2017,167,16,2508,51,52,61,35,6.9,3.6,0.0,101.4,-0.7,3.5,0.0,3.5,0.0,1.7,6.0,5.0,2.4,2.4,486341.0,7.0,492.0,4.4,7.1,0.071,85278.0,1.1,6.0,1.0,0.9,0.016,3.63,-0.0,3.76,9.4,4.6,0.0134,37,30,-18,22,75.8,522,-296,226,1.5,0.006616,999999.99,99999.99,99999.99,0.17,0.09,0.06,-1,2017-06-16 16:00:00
2017,167,17,2508,51,52,64,37,5.8,5.0,-12.5,94.6,-0.4,4.9,-1.1,5.0,-0.8,1.8,3.2,1.6,2.3,1.6,229570.0,7.4,521.0,3.5,8.8,0.048,33150.0,1.6,30.0,2.0,1.2,0.018,4.0,0.42,3.28,12.2,6.2,0.008,37,30,-12,22,75.8,257,-90,167,-0.4,0.006616,999999.99,99999.99,99999.99,0.2,0.11,0.08,-1,2017-06-16 17:00:00
2017,167,18,2508,51,52,66,40,7.0,5.1,-25.8,302.8,2.5,-3.9,-2.2,-3.6,-2.6,0.8,4.7,2.0,3.6,2.4,328333.0,4.0,601.0,7.3,9.4,0.062,84885.0,1.4,23.0,2.0,1.4,0.028,3.01,1.56,1.55,8.6,5.6,0.0161,33,30,-17,18,75.8,347,-216,131,0.9,0.006616,999999.99,99999.99,99999.99,0.18,0.1,0.07,-1,2017-06-16 18:00:00
2017,167,19,2508,51,52,58,34,7.0,4.8,0.5,273.6,0.3,-4.8,0.0,-4.7,-0.7,0.4,4.9,2.1,2.9,3.4,382918.0,3.9,623.0,8.9,9.4,0.05,30454.0,0.3,18.0,2.0,2.0,0.013,3.03,0.44,1.69,8.8,5.6,0.0154,33,30,-23,18,75.8,524,-292,232,3.2,0.006616,999999.99,99999.99,99999.99,0.19,0.1,0.07,-1,2017-06-16 19:00:00
2017,167,20,2508,51,52,58,35,7.4,6.1,-3.8,311.8,4.1,-4.6,-0.4,-4.4,-1.3,0.6,4.0,2.1,1.6,3.1,313664.0,4.4,607.0,8.4,7.9,0.035,28631.0,0.5,11.0,1.0,2.0,0.004,3.09,0.79,1.48,8.6,5.7,0.0161,33,30,-19,18,75.8,397,-254,143,2.6,0.006616,999999.99,99999.99,99999.99,0.18,0.1,0.07,-1,2017-06-16 20:00:00
2017,167,21,2508,51,52,61,34,7.6,6.9,-49.8,320.3,3.4,-2.8,-5.2,-1.7,-5.7,0.8,3.1,1.8,2.0,1.6,308822.0,3.7,604.0,9.4,6.0,0.044,43244.0,0.3,9.0,1.2,0.8,0.011,2.65,3.44,1.17,7.6,5.4,0.0204,50,30,-17,48,75.8,241,-109,132,1.8,0.006616,999999.99,99999.99,99999.99,0.18,0.1,0.07,-1,2017-06-16 21:00:00
2017,167,22,2508,51,52,56,34,7.7,6.2,-48.1,341.1,3.9,-1.3,-4.6,-0.3,-4.8,0.3,4.5,1.6,2.2,3.6,242795.0,3.4,577.0,10.0,6.6,0.037,30647.0,0.3,23.0,1.8,2.0,0.006,2.17,2.77,0.89,6.9,5.2,0.0249,50,30,-18,48,75.8,838,-482,355,5.1,0.006616,999999.99,99999.99,99999.99,0.18,0.09,0.07,-1,2017-06-16 22:00:00
2017,167,23,2508,51,52,58,36,6.5,5.7,-36.9,323.2,3.6,-2.7,-3.4,-1.9,-3.9,0.4,3.1,1.3,2.2,1.9,191670.0,3.7,532.0,7.0,5.1,0.043,15532.0,0.3,10.0,2.2,1.3,0.008,2.05,2.07,1.17,7.9,5.6,0.0192,50,30,-27,48,75.8,662,-465,197,3.6,0.006616,999999.99,99999.99,99999.99,0.16,0.09,0.06,-1,2017-06-16 23:00:00
2017,168,0,2508,51,52,59,34,6.3,4.7,-41.6,327.4,3.0,-1.9,-3.1,-1.3,-3.4,0.1,4.1,1.3,3.0,2.5,186075.0,3.9,521.0,6.6,4.7,0.045,18151.0,0.3,14.0,2.9,2.4,0.007,2.09,1.77,1.29,8.2,5.6,0.0178,37,30,-27,22,77.2,486,-344,142,2.5,0.006623,999999.99,99999.99,99999.99,0.19,0.1,0.07,-1,2017-06-17 00:00:00
2017,168,1,2508,51,52,61,35,5.8,4.5,2.3,281.8,0.9,-4.4,0.2,-4.4,-0.5,0.8,3.5,1.7,1.1,2.9,198004.0,4.0,513.0,5.1,4.2,0.046,24430.0,0.3,6.0,0.6,1.6,0.009,2.08,0.26,1.61,8.8,5.7,0.0152,37,30,-26,22,77.2,511,-348,164,2.6,0.006623,999999.99,99999.99,99999.99,0.18,0.09,0.07,-1,2017-06-17 01:00:00
2017,168,2,2508,51,52,56,35,6.1,4.1,0.2,302.1,2.2,-3.5,0.0,-3.5,-0.5,0.6,4.4,2.3,2.4,2.9,211547.0,4.5,495.0,4.2,4.3,0.049,27788.0,0.4,15.0,1.3,1.6,0.01,2.2,0.25,1.71,8.6,5.5,0.0161,37,30,-20,22,77.2,352,-209,143,2.0,0.006623,999999.99,99999.99,99999.99,0.18,0.09,0.06,-1,2017-06-17 02:00:00
2017,168,3,2508,51,52,59,36,6.5,5.9,-20.0,313.6,3.8,-4.0,-2.0,-3.8,-2.3,0.6,2.5,0.9,1.6,1.7,206244.0,5.0,472.0,3.0,2.1,0.054,20034.0,0.2,8.0,0.8,1.0,0.013,2.26,1.09,1.65,8.1,5.2,0.018,37,30,-18,22,77.2,493,-307,186,3.0,0.006623,999999.99,99999.99,99999.99,0.17,0.09,0.07,-1,2017-06-17 03:00:00
2017,168,4,2508,51,52,57,34,7.9,7.3,22.1,283.2,1.5,-6.5,2.7,-6.6,2.4,0.3,2.9,2.2,1.4,1.3,146956.0,4.7,456.0,1.2,2.9,0.03,21039.0,0.2,12.0,1.6,1.0,0.003,1.83,-1.09,0.86,6.3,4.7,0.0304,37,30,-25,22,77.2,392,-259,133,1.7,0.006623,999999.99,99999.99,99999.99,0.18,0.1,0.07,-1,2017-06-17 04:00:00
2017,168,5,2508,51,52,61,37,7.4,7.2,16.7,286.6,2.0,-6.6,2.1,-6.6,2.1,0.3,1.7,1.1,0.5,1.1,121712.0,5.3,450.0,-2.1,1.3,0.028,14241.0,0.4,7.0,1.0,1.0,0.002,1.99,-0.94,1.01,7.0,5.1,0.0243,37,30,-18,22,77.2,137,-68,69,0.7,0.006623,999999.99,99999.99,99999.99,0.16,0.09,0.07,-1,2017-06-17 05:00:00
2017,168,6,2508,51,52,59,35,6.9,6.7,18.1,289.2,2.1,-6.0,2.1,-5.9,2.4,0.5,1.9,1.4,0.8,1.0,120629.0,5.8,449.0,-2.4,0.5,0.038,15712.0,0.5,9.0,0.6,0.6,0.01,2.25,-1.08,1.26,7.8,5.4,0.0194,13,30,-13,5,77.2,95,-43,52,0.1,0.006623,999999.99,99999.99,99999.99,0.17,0.09,0.07,-1,2017-06-17 06:00:00
2017,168,7,2508,51,52,59,36,6.5,5.8,6.4,318.7,4.3,-3.8,0.6,-3.7,0.9,0.3,2.8,1.4,0.9,2.2,111816.0,6.4,433.0,-2.9,-1.6,0.042,13899.0,0.4,9.0,1.0,1.8,0.006,2.34,-0.39,1.51,8.4,5.5,0.0168,13,30,-9,5,77.2,61,-26,35,-0.2,0.006623,999999.99,99999.99,99999.99,0.16,0.1,0.07,-1,2017-06-17 07:00:00
2017,168,8,2508,51,52,59,36,6.7,5.8,12.4,325.8,4.7,-3.2,1.2,-3.0,1.6,0.8,3.3,1.5,0.9,2.8,96232.0,7.9,428.0,-4.4,-1.9,0.038,16318.0,0.5,8.0,0.8,1.4,0.005,2.78,-0.68,1.64,9.0,5.8,0.0148,13,30,-7,5,77.2,99,-58,41,0.1,0.006623,999999.99,99999.99,99999.99,0.17,0.1,0.08,-1,2017-06-17 08:00:00
2017,168,9,2508,51,52,62,38,6.1,5.2,-52.0,350.2,3.2,-0.5,-4.1,-1.1,-4.0,0.8,3.1,1.8,2.3,1.0,85443.0,6.5,445.0,-3.6,-5.4,0.039,9011.0,0.7,12.0,1.4,0.9,0.004,2.48,1.78,1.55,9.3,6.1,0.0138,20,30,-8,7,77.2,183,-82,101,2.2,0.006623,999999.99,99999.99,99999.99,0.17,0.09,0.06,-1,2017-06-17 09:00:00
2017,168,10,2508,51,52,59,35,5.4,4.2,-12.8,340.0,3.9,-1.4,-0.9,-1.5,-0.7,0.4,3.3,1.7,1.1,2.6,92356.0,5.7,441.0,-4.5,-4.8,0.05,26300.0,0.6,4.0,0.7,0.7,0.007,2.22,0.31,1.79,9.7,6.1,0.0125,20,30,-14,7,77.2,260,-120,140,1.9,0.006623,999999.99,99999.99,99999.99,0.18,0.1,0.07,-1,2017-06-17 10:00:00
2017,168,11,2508,51,52,59,34,6.0,6.0,6.5,355.9,5.9,-0.4,0.7,-0.3,0.8,0.2,0.9,0.2,0.6,0.6,93628.0,4.8,435.0,-4.0,-4.4,0.062,20514.0,0.2,5.0,0.4,0.3,0.005,1.89,-0.35,1.23,7.9,5.5,0.0189,20,30,-10,7,77.2,153,-41,112,1.5,0.006623,999999.99,99999.99,99999.99,0.16,0.09,0.06,-1,2017-06-17 11:00:00
2017,168,12,2508,51,52,63,39,6.0,5.5,-15.5,338.5,4.9,-1.9,-1.5,-2.1,-1.2,0.4,2.3,1.0,1.5,1.4,95757.0,6.0,441.0,-4.6,-5.6,0.054,9353.0,0.7,9.0,0.8,0.9,0.007,2.37,0.53,1.55,9.0,5.9,0.0147,20,30,-4,7,77.2,300,-164,136,2.4,0.006623,999999.99,99999.99,99999.99,0.17,0.09,0.07,-1,2017-06-17 12:00:00
2017,168,13,2508,51,52,58,35,6.3,4.5,-10.9,354.5,4.4,-0.4,-0.8,-0.5,-0.7,0.5,4.4,2.1,2.9,2.5,108680.0,7.2,450.0,-3.6,-4.5,0.044,12371.0,0.8,8.0,1.2,1.3,0.011,2.86,0.32,1.79,9.6,6.0,0.013,20,30,-6,7,77.2,385,-219,166,2.6,0.006623,999999.99,99999.99,99999.99,0.18,0.1,0.08,-1,2017-06-17 13:00:00
2017,168,14,2508,51,52,65,39,7.0,5.7,-15.3,324.7,4.5,-3.2,-1.5,-3.3,-1.2,0.4,3.9,1.6,1.8,3.1,110381.0,7.6,465.0,-4.2,-4.6,0.03,21249.0,0.4,11.0,0.9,1.3,0.007,3.07,0.56,1.54,9.2,6.0,0.0142,20,30,-8,7,77.2,281,-200,81,2.2,0.006623,999999.99,99999.99,99999.99,0.18,0.09,0.07,-1,2017-06-17 14:00:00
2017,168,15,2508,51,52,58,33,7.3,6.5,-12.7,303.6,3.5,-5.3,-1.4,-5.4,-1.2,0.4,3.2,0.6,1.3,2.9,129908.0,7.4,469.0,-4.6,-4.4,0.026,7657.0,0.4,5.0,0.8,1.2,0.003,3.0,0.56,1.49,8.7,5.8,0.0156,20,30,-8,7,77.2,354,-253,102,3.5,0.006623,999999.99,99999.99,99999.99,0.18,0.09,0.06,-1,2017-06-17 15:00:00
2017,168,16,2508,51,52,60,34,8.3,7.1,28.1,290.0,2.2,-5.9,3.4,-5.9,3.4,0.4,4.0,1.6,1.4,3.4,142370.0,6.9,472.0,-4.3,-3.0,0.031,14614.0,0.4,9.0,0.7,1.9,0.003,2.89,-1.6,1.13,7.5,5.3,0.0213,20,30,-8,7,77.2,249,-164,85,3.2,0.006623,999999.99,99999.99,99999.99,0.16,0.09,0.07,-1,2017-06-17 16:00:00
2017,168,17,2508,51,52,62,38,7.5,6.7,46.0,320.2,3.6,-3.0,4.8,-3.3,4.6,1.2,3.5,1.8,1.0,2.8,168597.0,5.7,471.0,-2.7,-3.0,0.049,22285.0,0.5,10.0,1.3,1.7,0.01,2.53,-2.17,1.25,7.5,5.2,0.0212,20,30,-5,7,77.2,207,-139,67,1.7,0.006623,999999.99,99999.99,99999.99,0.18,0.1,0.07,-1,2017-06-17 17:00:00
2017,168,18,2508,51,52,62,37,6.8,5.1,5.4,315.1,3.6,-3.6,0.5,-3.6,0.1,0.3,4.3,1.0,2.3,3.5,169100.0,6.2,500.0,-0.7,-3.1,0.05,13895.0,0.4,7.0,1.4,1.8,0.006,3.11,-0.05,1.66,9.2,5.9,0.0142,40,30,-4,27,77.2,80,-36,44,2.2,0.006623,999999.99,99999.99,99999.99,0.18,0.09,0.07,-1,2017-06-17 18:00:00
2017,168,19,2508,51,52,62,36,6.3,5.2,-32.8,330.4,3.8,-2.1,-2.8,-1.7,-3.1,0.4,3.3,1.0,2.5,1.8,185629.0,5.8,515.0,-0.0,-3.8,0.043,18496.0,0.5,10.0,1.8,1.6,0.009,3.01,1.6,1.91,9.8,6.0,0.0123,40,30,-12,27,77.2,189,-101,88,1.6,0.006623,999999.99,99999.99,99999.99,0.16,0.09,0.07,-1,2017-06-17 19:00:00
2017,168,20,2508,51,52,62,38,6.5,3.8,-43.3,346.5,2.7,-0.6,-2.6,-0.1,-2.7,0.4,5.1,1.7,4.2,2.3,203589.0,5.6,536.0,1.1,-3.1,0.034,17523.0,0.3,13.0,2.7,1.7,0.003,3.05,1.45,1.83,9.8,6.1,0.0125,40,30,-15,27,77.2,528,-363,165,2.0,0.006623,999999.99,99999.99,99999.99,0.19,0.1,0.07,-1,2017-06-17 20:00:00
2017,168,21,2508,51,52,59,36,6.1,2.4,32.9,48.8,1.3,1.5,1.3,1.2,1.6,0.6,5.5,1.9,2.9,4.2,222022.0,5.6,556.0,3.4,-1.7,0.038,32038.0,0.6,10.0,1.2,2.0,0.01,3.33,-0.89,2.19,10.8,6.3,0.0102,33,30,-12,18,77.2,422,-275,147,1.9,0.006623,999999.99,99999.99,99999.99,0.16,0.09,0.07,-1,2017-06-17 21:00:00
2017,168,22,2508,51,52,62,38,6.5,4.9,5.7,331.1,4.3,-2.4,0.5,-2.5,0.0,0.2,4.1,0.9,2.1,3.5,206449.0,5.1,551.0,2.4,-2.9,0.047,24154.0,0.5,9.0,1.2,2.3,0.006,3.07,-0.0,1.68,9.6,6.1,0.013,33,30,-13,18,77.2,153,-79,74,0.8,0.006623,999999.99,99999.99,99999.99,0.15,0.09,0.06,-1,2017-06-17 22:00:00
2017,168,23,2508,51,52,60,36,6.1,4.7,-44.4,5.6,3.3,0.3,-3.3,1.0,-3.2,0.2,3.6,1.0,3.3,1.1,193689.0,5.1,560.0,3.9,-4.5,0.044,17741.0,0.4,10.0,2.1,1.0,0.007,3.14,1.79,1.84,10.4,6.4,0.0111,33,30,-11,18,77.2,279,-155,124,2.4,0.006623,999999.99,99999.99,99999.99,0.17,0.09,0.06,-1,2017-06-17 23:00:00
2017,169,0,2508,51,52,58,34,6.6,6.3,-30.7,43.8,3.9,3.8,-3.2,4.3,-2.4,0.2,1.7,0.7,0.8,1.3,173354.0,5.4,558.0,5.6,-4.0,0.038,11541.0,0.2,7.0,0.5,0.8,0.002,3.23,1.34,1.56,9.8,6.4,0.0123,33,29,-14,18,77.3,404,-302,101,2.9,0.00658,999999.99,99999.99,99999.99,0.18,0.09,0.07,-1,2017-06-18 00:00:00
2017,169,1,2508,51,52,62,34,6.2,5.0,-20.3,331.0,4.1,-2.3,-1.7,-2.0,-2.0,0.3,3.5,1.4,2.8,1.6,182142.0,4.3,548.0,2.4,-3.9,0.05,22679.0,0.5,11.0,1.7,1.3,0.009,2.59,1.1,1.44,9.2,6.1,0.0142,33,29,-22,18,77.3,647,-469,178,2.7,0.00658,999999.99,99999.99,99999.99,0.18,0.1,0.07,-1,2017-06-18 01:00:00
2017,169,2,2508,51,52,59,35,6.8,5.4,-19.1,338.5,4.7,-1.9,-1.8,-1.7,-2.0,0.3,4.0,1.5,1.4,3.4,187585.0,3.8,552.0,2.9,-3.2,0.051,19925.0,0.6,11.0,1.3,2.6,0.01,2.33,1.1,1.08,7.9,5.7,0.019,33,29,-27,18,77.3,594,-398,196,2.6,0.00658,999999.99,99999.99,99999.99,0.19,0.1,0.07,-1,2017-06-18 02:00:00
2017,169,3,2508,51,52,62,36,6.4,3.3,34.2,304.3,1.5,-2.2,1.9,-2.3,1.7,0.4,5.4,2.6,2.6,3.9,227753.0,3.7,569.0,2.4,-1.7,0.052,33782.0,0.3,17.0,1.9,2.6,0.006,2.42,-0.97,1.34,8.6,5.8,0.0163,30,29,-22,15,77.3,419,-230,189,1.7,0.00658,999999.99,99999.99,99999.99,0.17,0.1,0.07,-1,2017-06-18 03:00:00
2017,169,4,2508,51,52,60,37,5.9,5.2,72.7,174.1,-1.5,0.2,5.0,0.0,5.0,0.2,2.5,1.0,2.2,0.7,235259.0,3.9,587.0,4.0,-0.1,0.049,39418.0,0.3,11.0,1.7,1.2,0.005,2.68,-2.94,1.69,9.8,6.3,0.0123,30,29,-18,15,77.3,202,-123,79,0.8,0.00658,999999.99,99999.99,99999.99,0.17,0.08,0.06,-1,2017-06-18 04:00:00
2017,169,5,2508,51,52,58,33,6.0,5.0,50.2,287.6,1.0,-3.1,3.9,-3.1,3.9,0.5,3.1,2.1,1.6,1.5,206567.0,3.6,579.0,2.4,1.1,0.049,38582.0,0.4,9.0,1.2,1.1,0.01,2.41,-2.26,1.39,9.2,6.2,0.0142,30,29,-13,15,77.3,126,-79,48,0.2,0.00658,999999.99,99999.99,99999.99,0.17,0.09,0.07,-1,2017-06-18 05:00:00
2017,169,6,2508,51,52,60,37,6.5,6.2,4.2,315.4,4.4,-4.3,0.5,-4.3,0.7,0.2,1.8,1.0,0.9,1.2,141553.0,2.9,562.0,1.3,-0.9,0.056,13927.0,0.2,11.0,1.1,1.7,0.008,1.87,-0.39,0.77,7.4,5.7,0.0219,20,29,-11,7,77.3,166,-87,79,0.6,0.00658,999999.99,99999.99,99999.99,0.16,0.09,0.06,-1,2017-06-18 06:00:00
2017,169,7,2508,51,52,60,35,6.3,6.0,-19.3,308.4,3.5,-4.5,-2.0,-4.7,-1.6,0.1,1.6,0.6,0.6,1.4,126860.0,3.0,572.0,0.8,-3.8,0.049,8742.0,0.2,6.0,0.5,1.5,0.004,1.96,0.92,0.8,7.9,6.0,0.0192,20,29,-9,7,77.3,203,-100,104,1.2,0.00658,999999.99,99999.99,99999.99,0.17,0.1,0.07,-1,2017-06-18 07:00:00
2017,169,8,2508,51,52,61,36,5.4,3.1,14.3,327.4,2.5,-1.6,0.8,-1.5,1.0,0.6,4.4,3.2,1.4,2.7,156358.0,2.8,584.0,3.3,-1.3,0.056,25606.0,0.3,34.0,1.6,3.3,0.009,1.95,-0.58,1.14,9.0,6.4,0.0145,20,29,-18,7,77.3,405,-247,158,2.2,0.00658,999999.99,99999.99,99999.99,0.17,0.09,0.07,-1,2017-06-18 08:00:00
2017,169,9,2508,51,52,61,37,4.8,2.3,23.2,328.0,1.8,-1.1,0.9,-1.0,1.1,0.3,4.1,1.4,3.0,2.3,180317.0,3.0,592.0,3.6,-0.6,0.057,24094.0,0.2,12.0,3.0,2.1,0.006,2.16,-0.65,1.67,10.7,6.8,0.0104,20,29,-18,7,77.3,268,-121,147,2.4,0.00658,999999.99,99999.99,99999.99,0.17,0.1,0.07,-1,2017-06-18 09:00:00
2017,169,10,2508,51,52,58,36,4.8,4.4,-15.8,293.9,1.7,-3.9,-1.2,-4.0,-0.6,0.2,1.7,1.0,0.8,1.1,151555.0,2.7,584.0,0.7,-2.1,0.05,21834.0,0.2,10.0,1.0,1.1,0.007,1.85,0.35,1.36,10.0,6.8,0.0119,20,29,-14,7,77.3,323,-178,145,1.7,0.00658,999999.99,99999.99,99999.99,0.17,0.09,0.07,-1,2017-06-18 10:00:00
2017,169,11,2508,51,52,59,33,4.3,3.3,15.0,28.5,2.8,1.5,0.9,1.6,0.6,0.2,2.5,0.9,1.8,1.5,181002.0,3.0,572.0,4.9,-0.5,0.048,21264.0,0.2,8.0,1.2,1.3,0.007,1.95,-0.34,2.09,11.5,6.9,0.009,20,29,-12,7,77.3,145,-73,72,1.7,0.00658,999999.99,99999.99,99999.99,0.16,0.09,0.06,-1,2017-06-18 11:00:00
2017,169,12,2508,51,52,61,37,4.2,3.3,-6.8,346.5,3.2,-0.8,-0.4,-0.9,-0.3,0.4,2.5,1.0,1.9,1.2,188353.0,2.8,567.0,2.5,-1.3,0.051,26791.0,0.2,9.0,1.6,1.1,0.004,1.81,0.17,2.09,11.3,6.7,0.0093,23,29,-12,9,77.3,256,-129,127,2.6,0.00658,999999.99,99999.99,99999.99,0.16,0.09,0.06,-1,2017-06-18 12:00:00
2017,169,13,2508,51,52,62,37,4.0,1.5,28.0,66.0,0.5,1.2,0.7,1.3,0.5,0.7,3.6,1.4,2.7,1.9,182231.0,2.8,594.0,4.4,0.1,0.044,30569.0,0.2,14.0,2.3,1.7,0.005,1.94,-0.3,2.26,12.4,7.2,0.0077,23,29,-13,9,77.3,299,-223,75,2.0,0.00658,999999.99,99999.99,99999.99,0.19,0.1,0.07,-1,2017-06-18 13:00:00
2017,169,14,2508,51,52,58,35,4.1,2.8,16.5,29.6,2.4,1.3,0.8,1.4,0.7,0.2,2.9,1.3,2.4,1.1,165181.0,2.8,574.0,4.1,-0.0,0.042,20877.0,0.2,15.0,2.1,1.1,0.005,1.8,-0.4,2.03,11.7,7.1,0.0087,23,29,-11,9,77.3,317,-242,76,1.1,0.00658,999999.99,99999.99,99999.99,0.17,0.09,0.07,-1,2017-06-18 14:00:00
2017,169,15,2508,51,52,59,36,4.2,3.6,7.2,24.0,3.3,1.4,0.4,1.4,0.3,0.1,2.2,0.8,0.6,1.9,153645.0,2.7,564.0,4.6,-0.3,0.042,10648.0,0.1,6.0,0.6,1.6,0.004,1.68,-0.17,1.8,11.0,6.9,0.0098,17,29,-11,6,77.3,119,-68,51,0.1,0.00658,999999.99,99999.99,99999.99,0.17,0.09,0.07,-1,2017-06-18 15:00:00
2017,169,16,2508,51,52,58,35,4.0,3.5,14.8,12.5,3.3,0.7,0.9,0.7,0.9,0.1,1.8,0.7,1.2,1.1,147239.0,2.3,550.0,3.7,0.3,0.042,16813.0,0.2,12.0,1.8,1.2,0.002,1.36,-0.49,1.65,10.4,6.7,0.0109,17,29,-13,6,77.3,126,-107,19,1.0,0.00658,999999.99,99999.99,99999.99,0.19,0.1,0.07,-1,2017-06-18 16:00:00
2017,169,17,2508,51,52,48,28,3.9,3.4,20.0,348.8,3.2,-0.6,1.2,-0.7,1.2,0.1,1.7,0.8,1.2,1.1,136621.0,2.2,547.0,1.9,0.6,0.039,15993.0,0.1,10.0,1.5,1.2,0.003,1.27,-0.66,1.59,10.4,6.7,0.011,17,29,-14,6,77.3,114,-78,36,0.5,0.00658,999999.99,99999.99,99999.99,0.17,0.09,0.07,-1,2017-06-18 17:00:00
2017,169,18,2508,51,71,2,15,5.8,5.8,-6.6,314.2,4.0,-4.1,-0.7,-4.0,-1.1,0.1,0.1,0.1,0.1,0.1,122404.0,2.6,552.0,0.9,0.3,9.999,19913.0,0.1,11.0,0.8,0.8,9.999,1.34,0.61,0.68,7.1,5.9,0.0202,23,29,-14,9,77.3,195,-138,57,1.9,0.00658,999999.99,99999.99,99999.99,0.17,0.1,0.08,-1,2017-06-18 18:00:00
2017,169,19,2508,51,52,59,36,4.9,4.0,20.7,7.5,3.7,0.5,1.4,0.3,1.5,0.3,2.7,0.7,2.4,1.0,106403.0,2.2,544.0,3.0,1.0,0.037,12608.0,0.4,7.0,2.4,0.9,0.009,1.25,-0.82,0.89,8.2,6.2,0.0175,23,29,-16,9,77.3,382,-291,90,1.9,0.00658,999999.99,99999.99,99999.99,0.17,0.1,0.07,-1,2017-06-18 19:00:00
2017,169,20,2508,51,52,60,36,4.9,3.7,-16.1,8.7,3.5,0.5,-1.0,0.7,-0.9,0.2,3.2,0.8,1.9,2.4,97525.0,2.1,538.0,3.6,-1.6,0.036,10161.0,0.4,11.0,1.1,2.5,0.007,1.16,0.48,0.82,8.0,6.1,0.0188,23,29,-16,9,77.3,462,-342,121,2.3,0.00658,999999.99,99999.99,99999.99,0.17,0.1,0.07,-1,2017-06-18 20:00:00
2017,169,21,2508,51,52,60,36,5.0,4.2,-38.7,34.7,2.7,1.9,-2.6,2.4,-2.2,0.2,2.6,1.5,2.1,0.6,100078.0,2.2,544.0,4.3,-2.3,0.036,11603.0,0.3,16.0,1.5,0.9,0.003,1.24,1.2,0.84,8.1,6.1,0.0183,20,29,-17,7,77.3,290,-196,94,1.9,0.00658,999999.99,99999.99,99999.99,0.19,0.1,0.07,-1,2017-06-18 21:00:00
2017,169,22,2508,51,52,58,35,4.7,4.5,-14.1,17.9,4.2,1.4,-1.1,1.6,-0.8,0.1,1.3,0.4,1.0,0.6,95815.0,2.1,520.0,4.0,-1.1,0.031,17162.0,0.2,9.0,1.3,1.0,0.005,1.07,0.42,0.89,8.0,6.0,0.0185,20,29,-12,7,77.3,66,-32,34,0.6,0.00658,999999.99,99999.99,99999.99,0.19,0.11,0.07,-1,2017-06-18 22:00:00
2017,169,23,2508,51,52,60,34,5.0,4.5,-11.0,6.1,4.4,0.5,-0.9,0.7,-0.8,0.2,2.0,0.5,1.6,1.0,87373.0,1.9,518.0,3.3,-1.0,0.032,18340.0,0.3,8.0,1.9,1.6,0.003,0.96,0.41,0.68,7.1,5.7,0.0233,20,29,-12,7,77.3,76,-41,34,0.8,0.00658,999999.99,99999.99,99999.99,0.18,0.1,0.08,-1,2017-06-18 23:00:00
2017,170,0,2508,51,52,59,34,4.9,4.7,7.1,13.7,4.5,1.1,0.6,1.0,0.8,0.1,1.3,0.2,0.6,1.1,95529.0,2.0,512.0,4.5,0.7,0.028,18055.0,0.2,5.0,0.7,1.6,0.002,0.97,-0.41,0.78,7.4,5.7,0.0218,13,27,-13,5,76.0,62,-24,37,0.1,0.006568,999999.99,99999.99,99999.99,0.18,0.11,0.08,-1,2017-06-19 00:00:00
2017,170,1,2508,51,52,60,35,4.9,4.8,10.1,0.4,4.7,0.0,0.8,-0.1,0.8,0.1,0.7,0.1,0.5,0.5,89015.0,1.8,504.0,3.7,1.1,0.027,12025.0,0.1,3.0,0.8,1.1,0.001,0.85,-0.4,0.68,6.9,5.5,0.025,13,27,-16,5,76.0,97,-61,36,1.1,0.006568,999999.99,99999.99,99999.99,0.19,0.1,0.07,-1,2017-06-19 01:00:00
2017,170,2,2508,51,52,61,38,5.0,4.8,-9.1,341.7,4.5,-1.5,-0.8,-1.4,-1.0,0.1,1.3,0.3,0.3,1.2,75261.0,1.9,501.0,2.0,-1.1,0.026,10660.0,0.1,4.0,0.5,1.9,0.002,0.88,0.5,0.64,6.9,5.5,0.0249,13,27,-14,5,76.0,133,-60,72,1.5,0.006568,999999.99,99999.99,99999.99,0.2,0.1,0.07,-1,2017-06-19 02:00:00
2017,170,3,2508,51,52,59,32,5.0,4.1,-20.9,315.3,2.7,-2.7,-1.5,-2.6,-1.7,0.1,2.7,1.7,1.5,1.5,78223.0,2.0,517.0,0.8,-2.2,0.031,13673.0,0.2,18.0,2.3,2.3,0.003,1.0,0.88,0.69,7.3,5.8,0.0222,20,27,-11,7,76.0,289,-136,154,1.9,0.006568,999999.99,99999.99,99999.99,0.17,0.09,0.07,-1,2017-06-19 03:00:00
2017,170,4,2508,51,52,59,37,4.9,4.6,-19.0,314.9,3.0,-3.1,-1.5,-3.1,-1.6,0.1,1.6,0.9,0.9,0.8,80107.0,1.8,507.0,0.3,-2.2,0.039,17622.0,0.2,12.0,1.3,1.3,0.005,0.89,0.81,0.65,6.9,5.6,0.0247,20,27,-15,7,76.0,415,-275,141,2.6,0.006568,999999.99,99999.99,99999.99,0.19,0.1,0.08,-1,2017-06-19 04:00:00
2017,170,5,2508,51,52,60,36,5.1,4.9,-27.9,323.2,3.4,-2.6,-2.3,-2.6,-2.3,0.1,1.4,0.5,1.1,0.6,60970.0,1.7,493.0,1.2,-3.1,0.035,12251.0,0.1,7.0,1.8,1.0,0.005,0.79,1.13,0.51,6.3,5.2,0.0299,20,27,-14,7,76.0,342,-197,145,2.7,0.006568,999999.99,99999.99,99999.99,0.17,0.1,0.08,-1,2017-06-19 05:00:00
2017,170,6,2508,51,52,62,38,4.9,4.8,-17.1,302.4,2.4,-3.9,-1.4,-4.0,-1.2,0.0,0.8,0.4,0.4,0.5,67778.0,1.9,505.0,-0.3,-1.9,0.04,7910.0,0.1,6.0,0.5,0.9,0.002,0.94,0.61,0.65,7.1,5.7,0.0236,17,27,-16,6,76.0,259,-157,102,2.2,0.006568,999999.99,99999.99,99999.99,0.17,0.1,0.07,-1,2017-06-19 06:00:00
2017,170,7,2508,51,52,57,32,4.7,3.9,-7.1,327.7,3.3,-2.1,-0.5,-2.1,-0.3,0.1,2.4,1.3,1.9,0.6,69945.0,1.8,492.0,3.4,-0.5,0.047,20585.0,0.3,18.0,3.6,1.1,0.016,0.86,0.15,0.67,7.0,5.6,0.0241,17,27,-15,6,76.0,233,-109,124,1.9,0.006568,999999.99,99999.99,99999.99,0.19,0.11,0.08,-1,2017-06-19 07:00:00
2017,170,8,2508,51,52,62,38,4.5,4.3,-12.6,307.1,2.6,-3.4,-0.9,-3.5,-0.4,0.1,1.1,0.8,0.7,0.4,80408.0,1.8,497.0,0.9,-1.5,0.047,16361.0,0.2,10.0,1.4,1.2,0.007,0.88,0.2,0.77,7.4,5.7,0.0217,17,27,-16,6,76.0,128,-44,84,2.0,0.006568,999999.99,99999.99,99999.99,0.18,0.1,0.08,-1,2017-06-19 08:00:00
2017,170,9,2508,51,52,60,35,4.2,4.0,-5.8,307.3,2.4,-3.2,-0.4,-3.2,0.1,0.1,1.1,0.6,0.7,0.5,101347.0,2.1,503.0,2.0,-0.2,0.05,9102.0,0.1,8.0,1.2,0.7,0.002,1.06,-0.05,1.14,8.7,6.2,0.0158,17,27,-15,6,76.0,81,-19,62,1.3,0.006568,999999.99,99999.99,99999.99,0.17,0.1,0.08,-1,2017-06-19 09:00:00
2017,170,10,2508,51,52,58,35,4.2,4.0,-14.0,295.5,1.7,-3.5,-1.0,-3.6,-0.4,0.1,1.1,0.7,0.3,0.8,100566.0,2.1,504.0,1.0,-1.0,0.049,8856.0,0.1,5.0,0.5,0.7,0.003,1.07,0.2,1.13,8.7,6.2,0.0157,17,27,-12,6,76.0,112,-53,59,0.6,0.006568,999999.99,99999.99,99999.99,0.2,0.09,0.07,-1,2017-06-19 10:00:00
2017,170,11,2508,51,52,62,36,4.4,3.9,-17.1,282.1,0.8,-3.7,-1.2,-3.9,-0.6,0.2,1.8,1.1,0.7,1.3,85946.0,1.9,508.0,0.9,-0.9,0.044,11457.0,0.1,11.0,0.8,1.5,0.005,0.96,0.3,0.87,8.0,6.0,0.0188,17,27,-11,6,76.0,222,-122,100,1.5,0.006568,999999.99,99999.99,99999.99,0.19,0.11,0.08,-1,2017-06-19 11:00:00
2017,170,12,2508,51,52,59,36,4.2,3.8,-20.9,310.0,2.3,-2.7,-1.4,-2.9,-0.9,0.2,1.8,0.7,0.9,1.3,92641.0,2.1,489.0,1.5,-1.7,0.049,6740.0,0.1,8.0,0.7,1.4,0.003,1.0,0.44,1.09,8.4,6.0,0.0167,17,27,-9,6,76.0,258,-179,80,1.7,0.006568,999999.99,99999.99,99999.99,0.16,0.1,0.07,-1,2017-06-19 12:00:00
2017,170,13,2508,51,52,58,35,4.1,3.9,-9.7,318.8,2.9,-2.5,-0.6,-2.6,-0.3,0.1,1.2,0.8,0.6,0.6,80519.0,2.0,480.0,1.1,-0.8,0.046,13022.0,0.1,10.0,0.6,0.8,0.004,0.91,0.14,1.03,8.3,6.0,0.0174,17,27,-11,6,76.0,197,-138,60,2.4,0.006568,999999.99,99999.99,99999.99,0.17,0.09,0.06,-1,2017-06-19 13:00:00
2017,170,14,2508,51,52,58,36,4.2,4.1,-16.2,329.3,3.4,-2.0,-1.1,-2.1,-0.9,0.0,0.7,0.3,0.5,0.4,62153.0,1.9,467.0,1.7,-1.5,0.036,10111.0,0.1,6.0,0.7,0.8,0.006,0.79,0.42,0.85,7.7,5.8,0.0203,17,27,-11,6,76.0,110,-82,28,2.1,0.006568,999999.99,99999.99,99999.99,0.17,0.09,0.07,-1,2017-06-19 14:00:00
2017,170,15,2508,51,52,60,34,4.1,4.1,0.2,337.7,3.8,-1.5,0.0,-1.5,0.1,0.0,0.7,0.2,0.5,0.5,51427.0,2.0,456.0,2.4,-0.2,0.029,3211.0,0.1,3.0,0.7,0.5,0.002,0.78,-0.05,0.89,7.9,5.9,0.0192,3,27,-11,2,76.0,105,-79,25,1.1,0.006568,999999.99,99999.99,99999.99,0.19,0.09,0.06,-1,2017-06-19 15:00:00
2017,170,16,2508,51,52,60,36,4.1,4.1,-7.2,332.0,3.6,-1.9,-0.5,-1.9,-0.5,0.0,0.4,0.2,0.3,0.3,49215.0,2.0,455.0,2.0,-0.6,0.026,4548.0,0.1,2.0,0.4,0.3,0.003,0.76,0.23,0.88,7.8,5.9,0.0193,3,27,-10,2,76.0,46,-29,17,0.6,0.006568,999999.99,99999.99,99999.99,0.18,0.1,0.07,-1,2017-06-19 16:00:00
2017,170,17,2508,51,52,57,36,4.0,4.0,-5.3,336.9,3.7,-1.6,-0.4,-1.6,-0.5,0.0,0.3,0.1,0.2,0.2,44320.0,1.8,449.0,2.1,-0.2,0.027,3807.0,0.1,7.0,0.4,0.2,0.005,0.67,0.22,0.81,7.5,5.8,0.021,3,27,-12,2,76.0,49,-29,20,0.6,0.006568,999999.99,99999.99,99999.99,0.15,0.09,0.07,-1,2017-06-19 17:00:00
2017,170,18,2508,51,52,61,36,4.0,3.9,2.0,337.9,3.7,-1.5,0.1,-1.5,0.0,0.1,0.4,0.1,0.3,0.2,41596.0,1.7,443.0,2.4,0.0,0.026,2871.0,0.1,5.0,0.6,0.4,0.006,0.62,-0.0,0.75,7.2,5.6,0.0228,3,27,-16,2,76.0,55,-34,21,0.4,0.006568,999999.99,99999.99,99999.99,0.2,0.1,0.07,-1,2017-06-19 18:00:00
2017,170,19,2508,51,52,58,36,4.0,4.0,-1.1,332.9,3.5,-1.8,-0.1,-1.8,-0.3,0.0,0.4,0.1,0.3,0.2,41142.0,1.6,436.0,1.5,-0.1,0.028,2896.0,0.2,5.0,0.8,0.3,0.005,0.56,0.13,0.71,6.9,5.4,0.025,3,27,-19,2,76.0,58,-39,19,0.4,0.006568,999999.99,99999.99,99999.99,0.2,0.11,0.08,-1,2017-06-19 19:00:00
2017,170,20,2508,51,52,60,36,4.0,4.0,-1.6,324.3,3.2,-2.3,-0.1,-2.3,-0.5,0.0,0.4,0.2,0.2,0.3,30307.0,1.3,425.0,-0.3,0.0,0.032,8204.0,0.1,2.0,0.5,0.7,0.002,0.44,0.21,0.54,6.1,5.0,0.0324,3,27,-17,2,76.0,61,-39,22,0.6,0.006568,999999.99,99999.99,99999.99,0.18,0.1,0.07,-1,2017-06-19 20:00:00
2017,170,21,2508,51,52,59,36,3.9,3.8,3.9,320.2,2.9,-2.5,0.3,-2.5,-0.2,0.0,0.4,0.1,0.2,0.3,28160.0,1.4,421.0,-0.3,0.2,0.029,4271.0,0.1,5.0,0.4,0.6,0.002,0.46,0.08,0.6,6.4,5.2,0.0292,3,27,-14,2,76.0,133,-107,26,0.7,0.006568,999999.99,99999.99,99999.99,0.18,0.1,0.08,-1,2017-06-19 21:00:00
2017,170,22,2508,51,52,59,36,3.8,3.8,5.4,324.2,3.1,-2.2,0.4,-2.2,0.0,0.0,0.3,0.1,0.2,0.2,25861.0,1.3,411.0,-0.4,0.9,0.031,1924.0,0.0,2.0,0.5,0.5,0.001,0.41,-0.0,0.58,6.2,5.0,0.0313,3,27,-12,2,76.0,76,-54,21,0.5,0.006568,999999.99,99999.99,99999.99,0.2,0.1,0.07,-1,2017-06-19 22:00:00
2017,170,23,2508,51,52,60,35,3.7,3.6,-1.7,323.5,2.9,-2.2,-0.1,-2.1,-0.5,0.0,0.4,0.1,0.1,0.3,29859.0,1.3,410.0,-0.7,-0.0,0.031,2839.0,0.0,2.0,0.3,0.7,0.001,0.41,0.2,0.63,6.3,5.1,0.0298,3,27,-10,2,76.0,36,-23,14,0.4,0.006568,999999.99,99999.99,99999.99,0.22,0.11,0.08,-1,2017-06-19 23:00:00
2017,171,0,2508,51,52,60,35,3.6,3.5,-4.6,328.4,3.0,-1.8,-0.3,-1.7,-0.6,0.0,0.4,0.1,0.2,0.4,27979.0,1.3,404.0,-0.2,-0.4,0.031,4261.0,0.1,2.0,0.5,0.8,0.002,0.4,0.24,0.65,6.4,5.1,0.0291,0,31,-9,0,76.9,41,-30,12,0.5,0.006519,999999.99,99999.99,99999.99,0.18,0.1,0.07,-1,2017-06-20 00:00:00
2017,171,1,2508,51,52,59,36,3.5,3.5,-4.6,325.1,2.9,-2.0,-0.3,-1.9,-0.6,0.1,0.3,0.2,0.2,0.2,22240.0,1.3,402.0,-0.5,-0.5,0.028,3105.0,0.1,3.0,0.5,0.5,0.001,0.39,0.24,0.66,6.5,5.2,0.0277,0,31,-10,0,76.9,39,-29,9,0.4,0.006519,999999.99,99999.99,99999.99,0.17,0.1,0.07,-1,2017-06-20 01:00:00
2017,171,2,2508,51,52,61,38,3.4,3.4,-6.8,322.5,2.7,-2.0,-0.4,-1.9,-0.6,0.0,0.3,0.1,0.1,0.2,20766.0,1.3,402.0,-0.8,-0.7,0.027,1752.0,0.1,2.0,0.3,0.5,0.002,0.39,0.24,0.7,6.7,5.3,0.0262,0,31,-11,0,76.9,39,-28,11,0.5,0.006519,999999.99,99999.99,99999.99,0.18,0.1,0.07,-1,2017-06-20 02:00:00
2017,171,3,2508,51,52,60,34,3.3,3.3,6.5,312.7,2.2,-2.4,0.4,-2.4,0.2,0.0,0.3,0.2,0.1,0.2,21600.0,1.7,405.0,-0.9,0.0,0.02,1768.0,0.0,2.0,0.2,0.3,0.001,0.5,-0.08,0.97,8.0,5.9,0.0186,7,31,-11,3,76.9,33,-21,12,0.4,0.006519,999999.99,99999.99,99999.99,0.17,0.09,0.07,-1,2017-06-20 03:00:00
2017,171,4,2508,51,52,63,38,3.1,1.9,13.8,298.7,0.9,-1.6,0.5,-1.6,0.5,0.3,2.4,2.2,0.9,0.6,25902.0,1.8,410.0,0.4,-0.7,0.029,11313.0,0.2,13.0,1.6,0.6,0.01,0.56,-0.2,1.2,8.9,6.2,0.0151,7,31,-8,3,76.9,48,-16,32,0.3,0.006519,999999.99,99999.99,99999.99,0.19,0.1,0.07,-1,2017-06-20 04:00:00
2017,171,5,2508,51,52,55,33,3.2,0.7,56.4,297.0,0.2,-0.4,0.6,-0.4,0.6,0.2,3.1,2.7,1.0,1.2,21674.0,1.8,410.0,2.3,-1.8,0.033,7723.0,0.3,18.0,1.1,1.0,0.014,0.57,-0.25,1.1,8.6,6.2,0.0161,7,31,-5,3,76.9,35,-17,18,0.3,0.006519,999999.99,99999.99,99999.99,0.18,0.1,0.08,-1,2017-06-20 05:00:00
2017,171,6,2508,51,52,59,36,3.6,3.5,-12.9,338.2,3.2,-1.3,-0.8,-1.3,-0.7,0.1,0.4,0.1,0.2,0.3,17014.0,1.5,392.0,1.2,-2.8,0.019,1662.0,0.0,1.0,0.4,0.6,0.001,0.41,0.27,0.7,6.7,5.3,0.0268,10,31,-6,4,76.9,44,-21,24,0.3,0.006519,999999.99,99999.99,99999.99,0.19,0.11,0.08,-1,2017-06-20 06:00:00
2017,171,7,2508,51,52,59,37,3.4,3.4,-13.4,339.6,3.1,-1.2,-0.8,-1.3,-0.7,0.1,0.3,0.1,0.2,0.2,14805.0,1.6,387.0,1.5,-3.2,0.019,1123.0,0.0,1.0,0.2,0.4,0.001,0.43,0.27,0.82,7.2,5.5,0.023,10,31,-4,4,76.9,70,-17,53,0.5,0.006519,999999.99,99999.99,99999.99,0.16,0.09,0.06,-1,2017-06-20 07:00:00
2017,171,8,2508,51,52,60,35,3.4,3.4,-11.4,349.0,3.2,-0.6,-0.7,-0.7,-0.6,0.1,0.2,0.1,0.2,0.1,15989.0,1.6,384.0,2.1,-3.1,0.02,6599.0,0.1,5.0,0.8,0.4,0.001,0.43,0.23,0.83,7.1,5.5,0.0233,10,31,-5,4,76.9,84,-25,59,1.1,0.006519,999999.99,99999.99,99999.99,0.19,0.1,0.07,-1,2017-06-20 08:00:00
2017,171,9,2508,51,52,60,36,3.4,3.4,-8.8,349.1,3.3,-0.6,-0.5,-0.7,-0.4,0.1,0.3,0.1,0.2,0.2,16411.0,1.6,382.0,1.9,-3.0,0.019,1722.0,0.1,2.0,0.3,0.3,0.001,0.42,0.15,0.83,7.1,5.4,0.0236,3,31,-5,2,76.9,67,-23,44,1.2,0.006519,999999.99,99999.99,99999.99,0.2,0.11,0.08,-1,2017-06-20 09:00:00
2017,171,10,2508,51,52,60,36,3.7,3.7,-12.6,345.5,3.4,-0.9,-0.8,-1.0,-0.6,0.1,0.3,0.1,0.1,0.2,15420.0,1.5,383.0,1.6,-3.3,0.019,2000.0,0.0,1.0,0.3,0.5,0.001,0.4,0.23,0.66,6.3,5.1,0.0296,3,31,-6,2,76.9,50,-23,27,1.4,0.006519,999999.99,99999.99,99999.99,0.18,0.1,0.07,-1,2017-06-20 10:00:00
2017,171,11,2508,51,52,59,37,3.7,3.7,-7.1,342.7,3.5,-1.1,-0.5,-1.2,-0.3,0.1,0.2,0.1,0.1,0.1,14501.0,1.6,378.0,1.4,-2.6,0.021,1469.0,0.1,1.0,0.5,0.3,0.002,0.41,0.11,0.69,6.5,5.1,0.0285,3,31,-7,2,76.9,76,-52,24,1.0,0.006519,999999.99,99999.99,99999.99,0.17,0.1,0.08,-1,2017-06-20 11:00:00
2017,171,12,2508,51,52,60,34,3.9,3.9,-6.0,350.6,3.8,-0.6,-0.4,-0.7,-0.3,0.1,0.3,0.1,0.3,0.1,13656.0,1.5,376.0,2.1,-2.5,0.025,1116.0,0.1,2.0,0.6,0.3,0.001,0.39,0.11,0.58,5.9,4.8,0.0341,3,31,-8,2,76.9,44,-27,17,0.9,0.006519,999999.99,99999.99,99999.99,0.18,0.1,0.07,-1,2017-06-20 12:00:00
2017,171,13,2508,51,52,59,36,4.1,4.1,-3.4,350.8,4.0,-0.6,-0.2,-0.6,-0.1,0.0,0.4,0.0,0.3,0.2,14711.0,1.4,373.0,2.1,-2.2,0.025,2398.0,0.1,1.0,0.7,0.4,0.002,0.36,0.04,0.5,5.4,4.5,0.0411,3,31,-8,2,76.9,57,-44,13,1.1,0.006519,999999.99,99999.99,99999.99,0.18,0.11,0.08,-1,2017-06-20 13:00:00
2017,171,14,2508,51,52,60,37,4.1,4.1,8.3,351.2,4.0,-0.6,0.6,-0.5,0.7,0.0,0.4,0.1,0.1,0.4,13530.0,1.5,371.0,2.0,-0.8,0.024,1979.0,0.1,1.0,0.3,0.6,0.002,0.38,-0.26,0.53,5.5,4.6,0.0387,3,31,-7,2,76.9,105,-62,44,2.2,0.006519,999999.99,99999.99,99999.99,0.18,0.1,0.07,-1,2017-06-20 14:00:00
2017,171,15,2508,51,52,59,35,4.0,3.9,14.3,352.2,3.8,-0.5,1.0,-0.4,1.0,0.1,0.4,0.1,0.3,0.3,14240.0,1.8,369.0,1.9,-0.5,0.028,1930.0,0.1,3.0,0.5,0.5,0.003,0.46,-0.37,0.67,6.2,4.9,0.0311,10,31,-10,4,76.9,147,-91,56,1.7,0.006519,999999.99,99999.99,99999.99,0.2,0.12,0.08,-1,2017-06-20 15:00:00
2017,171,16,2508,51,52,57,32,4.1,4.1,11.8,346.7,3.9,-0.9,0.8,-0.9,0.8,0.0,0.5,0.1,0.2,0.5,15571.0,1.9,365.0,0.9,-1.4,0.025,1852.0,0.1,2.0,0.3,0.7,0.004,0.46,-0.29,0.68,6.1,4.9,0.0316,10,31,-12,4,76.9,194,-163,31,0.2,0.006519,999999.99,99999.99,99999.99,0.21,0.1,0.08,-1,2017-06-20 16:00:00
2017,171,17,2508,51,52,59,36,3.9,3.8,18.7,354.8,3.6,-0.3,1.2,-0.3,1.2,0.2,0.9,0.3,0.3,0.8,16887.0,2.8,350.0,0.6,-1.0,0.034,2155.0,0.3,2.0,0.3,0.4,0.003,0.65,-0.42,1.11,7.5,5.4,0.0211,10,31,-10,4,76.9,34,-13,21,-0.6,0.006519,999999.99,99999.99,99999.99,0.17,0.09,0.06,-1,2017-06-20 17:00:00
2017,171,18,2508,51,52,59,36,4.0,4.0,4.4,355.5,4.0,-0.3,0.3,-0.3,0.3,0.1,0.2,0.1,0.1,0.1,17981.0,2.7,344.0,0.4,-1.1,0.039,1695.0,0.2,3.0,0.3,0.2,0.003,0.62,-0.1,1.03,7.1,5.1,0.0238,0,31,-7,0,76.9,26,-8,17,-0.6,0.006519,999999.99,99999.99,99999.99,0.2,0.1,0.08,-1,2017-06-20 18:00:00
2017,171,19,2508,51,52,59,36,4.0,3.9,6.8,358.4,3.9,-0.1,0.5,-0.2,0.5,0.1,0.5,0.1,0.2,0.5,16587.0,2.9,342.0,0.8,-0.5,0.036,1995.0,0.1,1.0,0.3,0.9,0.003,0.65,-0.17,1.09,7.3,5.2,0.0224,0,31,-8,0,76.9,28,-13,14,-0.3,0.006519,999999.99,99999.99,99999.99,0.2,0.1,0.07,-1,2017-06-20 19:00:00
2017,171,20,2508,51,52,62,38,4.3,4.3,11.5,353.1,4.1,-0.5,0.9,-0.6,0.8,0.1,0.3,0.1,0.2,0.3,14928.0,2.3,348.0,0.5,-0.7,0.029,1924.0,0.3,5.0,0.4,0.5,0.005,0.52,-0.28,0.74,6.1,4.8,0.0316,0,31,-6,0,76.9,30,-17,12,-0.4,0.006519,999999.99,99999.99,99999.99,0.16,0.09,0.07,-1,2017-06-20 20:00:00
2017,171,21,2508,51,52,59,36,4.3,4.3,12.3,350.0,4.1,-0.7,0.9,-0.8,0.8,0.1,0.3,0.1,0.2,0.1,15113.0,2.0,347.0,0.0,-0.7,0.031,969.0,0.2,3.0,0.3,0.4,0.002,0.45,-0.28,0.65,5.7,4.6,0.0365,0,31,-5,0,76.9,31,-20,11,-0.3,0.006519,999999.99,99999.99,99999.99,0.17,0.1,0.07,-1,2017-06-20 21:00:00
2017,171,22,2508,51,52,60,36,4.1,4.0,1.8,344.7,3.8,-1.0,0.1,-1.0,-0.1,0.1,1.0,0.2,0.3,0.9,14055.0,2.2,339.0,-0.6,-1.1,0.035,2047.0,0.3,4.0,0.3,1.0,0.003,0.48,0.03,0.78,6.1,4.7,0.0316,0,31,-6,0,76.9,30,-20,10,-0.2,0.006519,999999.99,99999.99,99999.99,0.17,0.09,0.07,-1,2017-06-20 22:00:00
2017,171,23,2508,51,52,60,36,4.3,4.3,-3.5,341.3,4.0,-1.4,-0.3,-1.3,-0.5,0.0,0.2,0.1,0.1,0.1,11661.0,1.7,344.0,-0.7,-1.2,0.034,1193.0,0.0,1.0,0.3,0.3,0.003,0.38,0.17,0.54,5.2,4.3,0.0437,0,31,-3,0,76.9,29,-23,6,-0.2,0.006519,999999.99,99999.99,99999.99,0.18,0.1,0.08,-1,2017-06-20 23:00:00
2017,172,0,2508,51,52,57,33,4.2,4.2,-6.1,345.1,4.0,-1.1,-0.4,-1.0,-0.6,0.1,0.2,0.0,0.2,0.1,13841.0,1.7,341.0,-0.4,-1.4,0.038,2215.0,0.1,2.0,0.2,0.3,0.003,0.38,0.2,0.57,5.3,4.3,0.0425,0,35,-5,0,76.2,37,-29,8,-0.2,0.006451,999999.99,99999.99,99999.99,0.16,0.09,0.07,-1,2017-06-21 00:00:00
2017,172,1,2508,51,52,58,34,4.0,4.0,-7.9,344.4,3.8,-1.1,-0.5,-1.0,-0.6,0.2,0.2,0.1,0.1,0.1,12499.0,1.7,337.0,-0.6,-1.5,0.034,1645.0,0.2,5.0,0.2,0.2,0.004,0.37,0.2,0.62,5.5,4.4,0.0394,0,35,-7,0,76.2,42,-32,10,-0.1,0.006451,999999.99,99999.99,99999.99,0.17,0.1,0.07,-1,2017-06-21 01:00:00
2017,172,2,2508,51,52,60,36,3.8,3.8,-2.1,342.2,3.6,-1.2,-0.1,-1.2,-0.2,0.1,0.4,0.1,0.1,0.4,14722.0,2.1,328.0,-1.0,-1.3,0.039,1364.0,0.1,2.0,0.2,0.3,0.004,0.44,0.07,0.87,6.3,4.7,0.0304,0,35,-6,0,76.2,51,-35,16,0.1,0.006451,999999.99,99999.99,99999.99,0.19,0.11,0.07,-1,2017-06-21 02:00:00
2017,172,3,2508,51,52,60,36,4.1,4.1,-5.8,342.5,3.9,-1.2,-0.4,-1.2,-0.5,0.1,0.3,0.2,0.2,0.2,14175.0,1.8,334.0,-1.1,-1.6,0.034,1773.0,0.2,4.0,0.3,0.3,0.004,0.38,0.17,0.63,5.5,4.4,0.0398,3,35,-4,2,76.2,50,-32,17,0.2,0.006451,999999.99,99999.99,99999.99,0.15,0.09,0.07,-1,2017-06-21 03:00:00
2017,172,4,2508,51,52,59,35,4.0,4.0,-8.4,354.4,3.9,-0.4,-0.6,-0.4,-0.6,0.1,0.3,0.1,0.2,0.2,15162.0,2.0,325.0,-0.6,-1.8,0.038,1902.0,0.1,2.0,0.3,0.2,0.003,0.41,0.2,0.75,5.7,4.5,0.036,3,35,-3,2,76.2,32,-24,8,0.2,0.006451,999999.99,99999.99,99999.99,0.17,0.1,0.07,-1,2017-06-21 04:00:00
2017,172,5,2508,51,52,61,38,4.1,4.0,1.5,329.6,3.4,-2.0,0.1,-2.0,0.2,0.1,0.9,0.2,0.8,0.4,13914.0,2.0,331.0,-2.2,-1.0,0.037,1321.0,0.1,4.0,0.7,0.5,0.003,0.42,-0.07,0.7,5.7,4.5,0.0365,3,35,-3,2,76.2,27,-19,8,-0.0,0.006451,999999.99,99999.99,99999.99,0.19,0.1,0.08,-1,2017-06-21 05:00:00
2017,172,6,2508,51,52,59,36,4.1,4.0,1.0,326.2,3.4,-2.3,0.1,-2.3,0.3,0.1,0.3,0.2,0.2,0.2,13343.0,2.3,328.0,-3.0,-0.9,0.042,926.0,0.2,2.0,0.4,0.3,0.004,0.48,-0.1,0.81,6.1,4.7,0.0323,3,35,0,2,76.2,39,-29,10,-0.1,0.006451,999999.99,99999.99,99999.99,0.19,0.1,0.07,-1,2017-06-21 06:00:00
2017,172,7,2508,51,52,60,36,4.0,4.0,0.8,331.6,3.5,-1.9,0.1,-1.9,0.3,0.1,0.7,0.4,0.5,0.2,14411.0,2.4,323.0,-2.3,-0.7,0.049,1124.0,0.1,3.0,0.9,0.3,0.008,0.5,-0.1,0.89,6.3,4.7,0.0304,3,35,0,2,76.2,45,-35,11,-0.2,0.006451,999999.99,99999.99,99999.99,0.21,0.11,0.08,-1,2017-06-21 07:00:00
2017,172,8,2508,51,52,62,35,4.4,4.3,-9.1,325.4,3.5,-2.4,-0.7,-2.5,-0.3,0.3,0.9,0.2,0.6,0.6,14137.0,2.5,327.0,-3.0,-1.6,0.041,1359.0,0.1,6.0,0.9,1.0,0.012,0.52,0.1,0.77,5.9,4.6,0.0345,3,35,2,2,76.2,44,-29,15,-0.2,0.006451,999999.99,99999.99,99999.99,0.17,0.1,0.07,-1,2017-06-21 08:00:00
2017,172,9,2508,51,52,62,38,5.1,5.1,-23.7,315.1,3.3,-3.3,-2.0,-3.6,-1.4,0.1,0.7,0.3,0.3,0.6,13659.0,2.4,342.0,-3.9,-4.1,0.03,1759.0,0.2,4.0,0.6,1.4,0.003,0.53,0.48,0.55,5.2,4.3,0.0441,3,35,4,2,76.2,61,-23,38,-0.3,0.006451,999999.99,99999.99,99999.99,0.16,0.1,0.07,-1,2017-06-21 09:00:00
2017,172,10,2508,51,52,59,35,5.4,5.4,-29.5,314.2,3.3,-3.4,-2.6,-3.8,-1.9,0.1,0.6,0.3,0.3,0.4,14559.0,2.3,346.0,-3.2,-5.3,0.033,1447.0,0.1,3.0,0.5,0.5,0.003,0.52,0.66,0.47,4.9,4.1,0.0504,3,35,1,2,76.2,90,-30,60,0.5,0.006451,999999.99,99999.99,99999.99,0.18,0.1,0.07,-1,2017-06-21 10:00:00
2017,172,11,2508,51,52,59,36,5.5,5.1,-21.4,319.3,3.6,-3.1,-1.9,-3.4,-1.3,0.1,1.9,1.0,0.6,1.6,16309.0,2.5,340.0,-3.0,-3.0,0.038,2348.0,0.2,10.0,1.2,2.3,0.004,0.56,0.44,0.5,4.9,4.1,0.0498,3,35,-5,2,76.2,72,-36,36,0.1,0.006451,999999.99,99999.99,99999.99,0.2,0.11,0.08,-1,2017-06-21 11:00:00
2017,172,12,2508,51,52,61,31,5.5,5.2,-33.0,308.6,2.7,-3.4,-2.8,-3.8,-2.2,0.1,1.7,0.5,0.8,1.5,15877.0,2.6,345.0,-4.2,-4.1,0.041,1417.0,0.2,5.0,1.5,2.7,0.004,0.6,0.76,0.52,5.1,4.2,0.0465,10,35,-6,4,76.2,80,-30,50,1.3,0.006451,999999.99,99999.99,99999.99,0.17,0.11,0.08,-1,2017-06-21 12:00:00
2017,172,13,2508,51,52,60,36,5.6,5.6,-27.3,302.8,2.7,-4.2,-2.6,-4.5,-1.9,0.1,0.9,0.4,0.3,0.7,14527.0,2.3,343.0,-5.8,-3.4,0.041,2171.0,0.2,5.0,0.6,1.2,0.005,0.53,0.65,0.44,4.6,4.0,0.0551,10,35,-9,4,76.2,125,-72,53,2.2,0.006451,999999.99,99999.99,99999.99,0.17,0.1,0.08,-1,2017-06-21 13:00:00
2017,172,14,2508,51,52,60,37,5.8,5.8,-25.2,308.2,3.2,-4.1,-2.5,-4.4,-2.0,0.0,0.4,0.2,0.1,0.3,14127.0,2.4,336.0,-5.9,-3.8,0.039,922.0,0.1,3.0,0.3,0.7,0.002,0.52,0.67,0.42,4.5,3.8,0.0591,10,35,-11,4,76.2,206,-123,83,2.3,0.006451,999999.99,99999.99,99999.99,0.18,0.11,0.08,-1,2017-06-21 14:00:00
2017,172,15,2508,51,52,61,37,5.7,5.7,-27.9,307.9,3.1,-4.0,-2.7,-4.2,-2.4,0.1,0.6,0.3,0.3,0.5,15901.0,3.1,339.0,-5.6,-3.9,0.034,1821.0,0.7,3.0,0.3,0.6,0.005,0.68,0.81,0.57,5.2,4.3,0.0434,10,35,-8,4,76.2,198,-130,67,2.5,0.006451,999999.99,99999.99,99999.99,0.18,0.11,0.09,-1,2017-06-21 15:00:00
2017,172,16,2508,51,52,60,34,5.8,5.7,-24.9,298.6,2.5,-4.6,-2.4,-4.7,-2.3,0.2,1.0,0.3,0.5,0.7,17381.0,4.1,345.0,-5.0,-3.3,0.025,2057.0,0.6,3.0,0.6,1.3,0.004,0.9,0.79,0.74,6.0,4.7,0.0328,10,35,-7,4,76.2,187,-159,28,1.8,0.006451,999999.99,99999.99,99999.99,0.19,0.11,0.08,-1,2017-06-21 16:00:00
2017,172,17,2508,51,52,57,35,6.2,6.0,-46.2,306.3,2.5,-3.4,-4.4,-3.3,-4.5,0.1,1.4,0.5,1.0,0.8,15967.0,4.5,343.0,-3.7,-4.9,0.023,4620.0,0.3,5.0,0.7,0.9,0.002,0.97,1.54,0.7,5.9,4.6,0.0345,10,35,-7,4,76.2,203,-152,51,1.9,0.006451,999999.99,99999.99,99999.99,0.16,0.09,0.06,-1,2017-06-21 17:00:00
2017,172,18,2508,51,52,59,36,6.4,6.4,-40.3,328.6,4.2,-2.5,-4.1,-2.2,-4.3,0.2,0.8,0.5,0.5,0.3,19436.0,4.0,330.0,-4.1,-5.4,0.028,2062.0,0.3,4.0,0.6,0.6,0.003,0.81,1.42,0.6,5.2,4.2,0.0447,17,35,-12,6,76.2,307,-237,70,1.5,0.006451,999999.99,99999.99,99999.99,0.18,0.1,0.07,-1,2017-06-21 18:00:00
2017,172,19,2508,51,52,61,36,6.3,6.2,-56.2,347.9,3.4,-0.7,-5.2,-0.1,-5.2,0.1,0.9,0.5,0.7,0.4,20482.0,4.4,332.0,-1.8,-6.1,0.027,4365.0,0.3,2.0,0.8,0.7,0.003,0.9,1.73,0.69,5.5,4.4,0.0389,17,35,-17,6,76.2,297,-202,95,1.5,0.006451,999999.99,99999.99,99999.99,0.18,0.1,0.07,-1,2017-06-21 19:00:00
2017,172,20,2508,51,52,62,38,6.1,6.0,-51.5,317.6,2.7,-2.5,-4.7,-1.8,-5.0,0.2,1.0,0.4,0.9,0.3,30248.0,4.3,339.0,-5.1,-2.8,0.025,6839.0,0.8,5.0,1.8,1.5,0.011,0.91,1.7,0.76,5.8,4.5,0.0358,17,35,-19,6,76.2,326,-208,118,1.8,0.006451,999999.99,99999.99,99999.99,0.18,0.1,0.07,-1,2017-06-21 20:00:00
2017,172,21,2508,51,52,60,36,5.7,5.6,-52.6,318.1,2.5,-2.3,-4.4,-1.5,-4.7,0.2,1.0,0.4,0.7,0.6,34190.0,4.9,342.0,-3.8,-0.6,0.013,4524.0,0.4,3.0,0.8,0.9,0.002,1.01,1.61,1.02,6.6,4.8,0.027,17,35,-20,6,76.2,322,-192,130,2.2,0.006451,999999.99,99999.99,99999.99,0.18,0.1,0.07,-1,2017-06-21 21:00:00
2017,172,22,2508,51,52,58,36,5.5,5.5,-49.7,320.3,2.7,-2.3,-4.2,-1.5,-4.5,0.2,0.7,0.3,0.5,0.5,41069.0,5.3,335.0,-4.3,-0.0,0.02,5782.0,0.4,3.0,0.6,0.5,0.005,1.07,1.51,1.23,7.0,4.9,0.0242,17,35,-19,6,76.2,357,-180,177,2.1,0.006451,999999.99,99999.99,99999.99,0.18,0.1,0.08,-1,2017-06-21 22:00:00
2017,172,23,2508,51,52,58,34,5.5,5.4,-50.5,332.1,3.0,-1.6,-4.2,-0.9,-4.4,0.2,0.6,0.3,0.4,0.3,42021.0,5.0,334.0,-3.5,-1.1,0.028,4235.0,0.5,3.0,0.4,0.8,0.006,1.04,1.47,1.17,6.8,4.8,0.0258,17,35,-19,6,76.2,446,-247,199,2.0,0.006451,999999.99,99999.99,99999.99,0.17,0.11,0.08,-1,2017-06-21 23:00:00
2017,173,0,2508,51,52,63,38,4.8,4.8,-50.4,334.8,2.7,-1.3,-3.7,-0.7,-3.9,1.2,1.4,1.1,0.4,0.8,37404.0,5.6,332.0,-3.0,-2.2,0.031,8087.0,1.9,7.0,1.0,1.3,0.009,1.16,1.29,1.68,8.2,5.2,0.0178,23,24,-20,9,76.1,442,-246,196,2.2,0.006411,999999.99,99999.99,99999.99,0.19,0.12,0.09,-1,2017-06-22 00:00:00
2017,173,1,2508,51,52,60,35,4.4,4.2,-80.2,313.5,0.5,-0.5,-4.2,0.0,-4.2,0.5,1.2,1.0,0.4,0.6,36658.0,6.7,337.0,-2.1,-2.3,0.022,3566.0,0.7,2.0,0.6,0.6,0.002,1.38,1.42,2.38,9.9,5.7,0.0121,23,24,-18,9,76.1,329,-171,157,2.1,0.006411,999999.99,99999.99,99999.99,0.18,0.1,0.07,-1,2017-06-22 01:00:00
2017,173,2,2508,51,52,59,37,4.1,4.0,-84.1,350.7,0.4,-0.1,-4.0,0.3,-4.0,0.2,0.9,0.8,0.3,0.3,38807.0,7.5,335.0,-1.9,-2.6,0.022,5512.0,0.7,2.0,0.8,0.3,0.002,1.53,1.34,3.1,11.2,5.8,0.0095,23,24,-15,9,76.1,238,-107,131,2.5,0.006411,999999.99,99999.99,99999.99,0.16,0.09,0.06,-1,2017-06-22 02:00:00
2017,173,3,2508,51,52,61,35,3.9,3.7,-77.1,353.6,0.8,-0.1,-3.6,0.1,-3.6,0.4,1.1,0.9,0.6,0.3,33695.0,8.3,331.0,-1.6,-2.1,0.015,7218.0,1.1,4.0,0.7,0.6,0.004,1.61,1.19,3.68,12.2,6.0,0.008,10,24,-17,4,76.1,331,-139,192,2.8,0.006411,999999.99,99999.99,99999.99,0.16,0.1,0.07,-1,2017-06-22 03:00:00
2017,173,4,2508,51,52,60,37,5.1,5.0,-58.0,348.5,2.6,-0.5,-4.2,-0.5,-4.2,0.3,1.0,0.4,0.8,0.5,23961.0,6.6,338.0,-0.8,-1.0,0.007,3122.0,0.7,1.0,1.0,1.0,0.003,1.29,1.42,1.61,8.5,5.5,0.0164,10,24,-20,4,76.1,373,-119,254,3.0,0.006411,999999.99,99999.99,99999.99,0.18,0.11,0.08,-1,2017-06-22 04:00:00
2017,173,5,2508,51,52,60,36,5.2,5.2,-42.9,331.1,3.3,-1.8,-3.5,-1.9,-3.4,0.2,0.6,0.3,0.4,0.3,22153.0,6.6,334.0,-0.6,-1.3,0.006,1250.0,0.6,3.0,0.4,0.6,0.001,1.26,1.14,1.53,8.3,5.4,0.0175,10,24,-21,4,76.1,316,-82,234,2.4,0.006411,999999.99,99999.99,99999.99,0.17,0.1,0.07,-1,2017-06-22 05:00:00
2017,173,6,2508,51,52,55,33,5.9,5.9,-41.2,319.6,3.4,-2.9,-3.9,-3.2,-3.7,0.3,1.0,0.4,0.7,0.5,25870.0,5.1,326.0,-1.9,-2.6,0.009,4308.0,1.1,6.0,0.9,1.4,0.003,0.94,1.21,0.94,6.2,4.6,0.0306,7,24,-19,3,76.1,258,-87,171,2.2,0.006411,999999.99,99999.99,99999.99,0.17,0.09,0.07,-1,2017-06-22 06:00:00
2017,173,7,2508,51,52,60,34,6.2,6.1,-31.2,312.5,3.5,-3.8,-3.2,-4.2,-2.7,0.1,1.1,0.6,0.8,0.4,23439.0,4.8,318.0,-2.5,-3.7,0.011,3131.0,0.3,4.0,0.9,0.8,0.003,0.85,0.86,0.79,5.6,4.3,0.0377,7,24,-15,3,76.1,214,-82,132,1.7,0.006411,999999.99,99999.99,99999.99,0.19,0.11,0.07,-1,2017-06-22 07:00:00
2017,173,8,2508,51,52,60,36,6.4,6.3,-21.4,292.8,2.3,-5.4,-2.3,-5.7,-1.5,0.1,1.1,0.8,0.3,0.7,27554.0,4.6,323.0,-4.7,-3.7,0.012,4004.0,0.6,3.0,0.6,0.7,0.003,0.84,0.48,0.73,5.4,4.2,0.0406,7,24,-11,3,76.1,148,-72,76,1.0,0.006411,999999.99,99999.99,99999.99,0.19,0.1,0.07,-1,2017-06-22 08:00:00
2017,173,9,2508,51,52,62,38,6.6,6.5,-10.9,298.6,3.1,-5.6,-1.2,-5.7,-0.2,0.1,1.0,0.7,0.3,0.6,28480.0,4.5,321.0,-5.4,-3.2,0.016,4453.0,0.4,4.0,0.5,0.7,0.003,0.82,0.06,0.67,5.2,4.1,0.0447,3,24,-7,2,76.1,116,-58,58,0.3,0.006411,999999.99,99999.99,99999.99,0.18,0.1,0.08,-1,2017-06-22 09:00:00
2017,173,10,2508,51,52,55,33,6.9,6.6,-2.0,295.0,2.8,-6.0,-0.2,-5.9,0.9,0.1,1.9,1.2,0.7,1.3,32950.0,4.7,320.0,-5.2,-1.4,0.021,9219.0,0.6,10.0,0.5,1.9,0.004,0.87,-0.29,0.66,5.0,4.0,0.0471,3,24,-5,2,76.1,57,-19,38,0.3,0.006411,999999.99,99999.99,99999.99,0.19,0.1,0.07,-1,2017-06-22 10:00:00
2017,173,11,2508,51,52,63,38,7.0,6.8,10.6,305.4,3.9,-5.5,1.3,-5.1,2.3,0.1,1.5,1.1,0.6,0.9,24203.0,4.1,310.0,-5.2,1.2,0.024,7921.0,0.4,9.0,0.6,1.4,0.004,0.72,-0.71,0.53,4.5,3.7,0.0592,3,24,-5,2,76.1,42,-23,19,0.1,0.006411,999999.99,99999.99,99999.99,0.19,0.1,0.07,-1,2017-06-22 11:00:00
2017,173,12,2508,51,52,61,37,7.2,7.0,12.7,286.6,1.9,-6.5,1.5,-6.1,2.7,0.1,1.6,0.8,0.3,1.4,33606.0,4.6,326.0,-5.6,0.8,0.02,7435.0,0.5,6.0,0.6,1.7,0.003,0.88,-0.88,0.6,4.9,3.9,0.0505,3,24,-5,2,76.1,38,-24,14,0.2,0.006411,999999.99,99999.99,99999.99,0.2,0.11,0.08,-1,2017-06-22 12:00:00
2017,173,13,2508,51,52,58,35,7.1,7.0,20.1,291.3,2.4,-6.1,2.4,-5.6,3.3,0.1,1.2,0.8,0.4,0.9,29588.0,4.6,321.0,-5.7,1.4,0.022,3020.0,0.2,8.0,0.6,1.4,0.003,0.86,-1.06,0.6,4.8,3.9,0.0506,3,24,-5,2,76.1,41,-31,10,0.3,0.006411,999999.99,99999.99,99999.99,0.18,0.1,0.07,-1,2017-06-22 13:00:00
2017,173,14,2508,51,52,60,36,7.1,6.9,11.4,298.0,3.2,-6.0,1.4,-5.8,2.1,0.1,1.6,0.6,0.4,1.4,27443.0,5.1,319.0,-5.5,-0.2,0.026,3703.0,0.6,5.0,0.5,1.9,0.003,0.96,-0.67,0.66,5.1,4.1,0.0462,3,24,-4,2,76.1,45,-31,14,0.9,0.006411,999999.99,99999.99,99999.99,0.17,0.1,0.07,-1,2017-06-22 14:00:00
2017,173,15,2508,51,52,63,39,7.3,7.2,33.3,299.8,3.0,-5.2,4.0,-4.9,4.4,0.1,1.2,0.7,0.6,0.8,31879.0,5.0,320.0,-5.1,2.1,0.025,5982.0,0.4,5.0,1.0,1.0,0.003,0.94,-1.41,0.63,4.9,3.9,0.0495,3,24,-4,2,76.1,54,-36,18,0.9,0.006411,999999.99,99999.99,99999.99,0.18,0.1,0.07,-1,2017-06-22 15:00:00
2017,173,16,2508,51,52,62,37,7.5,7.3,28.6,283.6,1.5,-6.3,3.5,-6.2,3.7,0.1,1.4,0.8,0.4,1.0,32276.0,5.5,329.0,-6.6,0.7,0.02,4826.0,0.3,5.0,0.6,1.5,0.002,1.07,-1.22,0.65,5.1,4.1,0.045,3,24,-2,2,76.1,41,-26,15,1.2,0.006411,999999.99,99999.99,99999.99,0.2,0.11,0.08,-1,2017-06-22 16:00:00
2017,173,17,2508,51,52,60,37,7.8,7.4,45.1,273.3,0.3,-5.2,5.3,-5.3,5.2,0.1,2.2,0.7,1.7,1.2,29450.0,5.9,334.0,-5.3,2.0,0.016,6343.0,0.6,5.0,1.4,1.3,0.004,1.17,-1.74,0.64,5.2,4.2,0.044,3,24,0,2,76.1,48,-23,24,1.4,0.006411,999999.99,99999.99,99999.99,0.18,0.1,0.08,-1,2017-06-22 17:00:00
2017,173,18,2508,51,52,59,35,8.1,7.8,58.6,269.7,0.0,-4.1,6.7,-4.6,6.4,0.4,2.0,0.8,1.6,1.1,20841.0,6.6,332.0,-3.7,1.5,0.007,2062.0,0.7,3.0,0.6,0.4,0.001,1.25,-2.12,0.62,5.3,4.2,0.0429,23,24,0,9,76.1,45,-22,23,1.2,0.006411,999999.99,99999.99,99999.99,0.18,0.1,0.08,-1,2017-06-22 18:00:00
2017,173,19,2508,51,52,60,36,7.5,7.2,67.1,267.0,-0.1,-2.8,6.6,-3.5,6.2,0.2,2.1,0.8,1.7,0.9,18515.0,6.9,334.0,-3.8,1.5,0.009,4723.0,0.6,2.0,0.4,1.3,0.001,1.33,-2.07,0.75,5.8,4.6,0.0348,23,24,0,9,76.1,50,-22,28,0.3,0.006411,999999.99,99999.99,99999.99,0.19,0.1,0.08,-1,2017-06-22 19:00:00
2017,173,20,2508,51,52,62,37,5.3,4.5,70.9,264.9,-0.1,-1.5,4.2,-2.1,3.9,2.1,3.4,0.8,3.0,1.5,32722.0,11.7,337.0,-1.0,-0.8,0.016,5102.0,5.1,4.0,2.7,0.8,0.007,2.36,-1.31,2.79,10.9,5.9,0.0101,23,24,4,9,76.1,55,-18,37,0.6,0.006411,999999.99,99999.99,99999.99,0.18,0.1,0.07,-1,2017-06-22 20:00:00
2017,173,21,2508,51,52,61,37,2.2,2.0,64.4,174.3,-0.8,0.1,1.8,-0.2,1.8,0.7,1.2,0.8,0.4,0.8,34702.0,18.4,346.0,0.2,-0.9,0.026,2179.0,0.6,4.0,0.5,0.4,0.004,4.06,-0.62,25.79,33.7,7.0,0.001,10,24,7,4,76.1,50,-13,38,-0.4,0.006411,999999.99,99999.99,99999.99,0.17,0.09,0.07,-1,2017-06-22 21:00:00
2017,173,22,2508,51,52,59,36,3.0,2.2,-75.5,80.9,0.1,0.5,-2.1,0.9,-2.0,1.9,2.8,0.6,0.7,2.6,30200.0,17.2,346.0,0.8,-1.4,0.019,2739.0,3.1,1.0,0.2,0.8,0.006,3.7,0.69,12.61,23.9,6.9,0.0021,10,24,7,4,76.1,44,-10,34,-0.5,0.006411,999999.99,99999.99,99999.99,0.2,0.09,0.07,-1,2017-06-22 22:00:00
2017,173,23,2508,51,52,60,37,1.5,1.2,41.0,183.2,-0.9,-0.1,0.8,-0.2,0.8,0.6,1.1,0.7,0.2,0.8,28241.0,20.6,345.0,0.3,-1.0,0.02,885.0,0.2,1.0,0.2,0.4,0.001,4.42,-0.28,59.65,52.2,7.2,0.0004,10,24,9,4,76.1,44,-12,32,-0.3,0.006411,999999.99,99999.99,99999.99,0.18,0.09,0.06,-1,2017-06-22 23:00:00
2017,174,0,2508,51,52,58,33,1.5,1.2,31.9,169.7,-1.0,0.2,0.6,0.1,0.6,0.5,1.0,0.6,0.4,0.6,28984.0,20.4,342.0,0.0,-0.9,0.021,935.0,0.3,1.0,0.2,0.2,0.001,4.32,-0.21,59.35,51.5,7.1,0.0004,10,23,14,4,76.1,47,-18,29,-0.1,0.006363,999999.99,99999.99,99999.99,0.19,0.11,0.08,-1,2017-06-23 00:00:00
2017,174,1,2508,51,52,62,34,1.9,1.4,-1.2,167.5,-1.3,0.3,0.0,0.3,0.0,0.6,1.4,0.8,0.7,0.9,28568.0,20.0,343.0,-0.2,-1.2,0.021,1037.0,0.7,2.0,0.1,0.4,0.001,4.26,-0.0,36.17,40.4,7.1,0.0007,10,23,16,4,76.1,57,-24,33,-0.1,0.006363,999999.99,99999.99,99999.99,0.19,0.11,0.08,-1,2017-06-23 01:00:00
2017,174,2,2508,51,52,58,35,2.7,1.1,55.3,262.4,-0.1,-0.6,0.9,-0.7,0.8,0.5,2.5,1.4,0.9,1.8,26765.0,19.7,341.0,-0.8,-1.0,0.018,1690.0,0.5,4.0,0.2,0.6,0.002,4.1,-0.27,17.44,28.0,7.0,0.0015,10,23,16,4,76.1,50,-24,26,-0.1,0.006363,999999.99,99999.99,99999.99,0.18,0.1,0.07,-1,2017-06-23 02:00:00
2017,174,3,2508,51,52,61,37,2.6,1.9,26.4,298.3,0.8,-1.5,0.8,-1.5,0.7,0.7,1.9,0.7,0.9,1.6,26681.0,19.3,338.0,-0.8,-1.2,0.022,2482.0,1.0,2.0,0.4,0.6,0.005,4.01,-0.24,18.41,28.6,6.9,0.0015,3,23,16,2,76.1,41,-18,23,0.1,0.006363,999999.99,99999.99,99999.99,0.19,0.11,0.08,-1,2017-06-23 03:00:00
2017,174,4,2508,51,52,60,35,3.8,3.5,34.3,296.8,1.3,-2.6,2.0,-2.6,2.0,0.4,1.4,0.5,1.1,0.7,26086.0,17.7,342.0,-0.4,-2.0,0.026,2679.0,0.8,1.0,0.3,0.4,0.002,3.82,-0.68,7.88,18.9,6.8,0.0033,3,23,13,2,76.1,33,-10,23,-0.0,0.006363,999999.99,99999.99,99999.99,0.18,0.11,0.08,-1,2017-06-23 04:00:00
2017,174,5,2508,51,52,60,36,4.1,3.9,23.9,289.8,1.2,-3.4,1.6,-3.3,1.7,0.6,1.1,0.5,0.8,0.6,31391.0,16.2,340.0,0.1,-2.0,0.027,2434.0,1.1,2.0,0.5,0.2,0.002,3.47,-0.58,6.4,16.7,6.5,0.0043,3,23,11,2,76.1,31,-8,24,-0.1,0.006363,999999.99,99999.99,99999.99,0.17,0.09,0.06,-1,2017-06-23 05:00:00
2017,174,6,2508,51,52,59,36,4.5,4.5,11.4,293.0,1.7,-4.0,0.9,-3.9,1.2,0.3,0.7,0.4,0.3,0.5,30538.0,14.6,340.0,0.2,-1.9,0.025,2680.0,0.7,1.0,0.2,0.2,0.002,3.1,-0.41,4.77,14.4,6.4,0.0057,7,23,12,3,76.1,65,-13,52,-0.2,0.006363,999999.99,99999.99,99999.99,0.17,0.11,0.08,-1,2017-06-23 06:00:00
2017,174,7,2508,51,52,58,35,3.9,3.6,24.4,286.7,0.9,-3.2,1.5,-3.0,1.9,0.4,1.3,0.8,0.7,0.8,35235.0,15.7,339.0,-0.2,-2.4,0.029,2285.0,1.0,2.0,0.4,0.4,0.003,3.36,-0.64,7.03,17.2,6.5,0.004,7,23,14,3,76.1,88,-25,62,-0.2,0.006363,999999.99,99999.99,99999.99,0.18,0.11,0.08,-1,2017-06-23 07:00:00
2017,174,8,2508,51,52,58,33,5.1,4.5,35.9,148.6,-3.1,1.9,2.6,2.3,2.3,0.5,2.3,0.7,2.0,0.9,44715.0,12.3,328.0,-3.2,-3.8,0.031,3613.0,0.9,3.0,1.4,0.7,0.004,2.48,-0.75,3.4,11.3,5.7,0.0094,7,23,12,3,76.1,70,-37,33,0.2,0.006363,999999.99,99999.99,99999.99,0.18,0.11,0.07,-1,2017-06-23 08:00:00
2017,174,9,2508,51,52,61,37,5.8,5.7,-1.3,127.0,-3.4,4.5,-0.1,4.4,-0.9,0.2,1.3,0.8,0.7,0.7,39538.0,11.3,324.0,-4.4,-3.9,0.027,2660.0,0.4,2.0,0.3,0.3,0.002,2.19,0.29,2.35,9.4,5.4,0.0135,10,23,13,4,76.1,66,-27,39,1.6,0.006363,999999.99,99999.99,99999.99,0.18,0.1,0.08,-1,2017-06-23 09:00:00
2017,174,10,2508,51,52,59,36,6.1,6.0,-9.2,105.0,-1.5,5.7,-1.0,5.4,-2.1,0.2,1.0,0.5,0.3,0.9,38409.0,10.5,326.0,-4.1,-3.6,0.03,2906.0,0.5,2.0,0.3,0.3,0.003,2.09,0.68,1.96,8.7,5.3,0.0159,10,23,11,4,76.1,128,-65,63,2.2,0.006363,999999.99,99999.99,99999.99,0.18,0.1,0.07,-1,2017-06-23 10:00:00
2017,174,11,2508,51,52,59,36,5.8,5.6,-3.1,116.9,-2.5,5.0,-0.3,4.8,-1.3,0.2,1.1,0.5,0.4,0.9,41956.0,11.1,322.0,-4.0,-3.3,0.033,2873.0,0.5,3.0,0.3,0.5,0.003,2.18,0.42,2.34,9.2,5.3,0.0139,10,23,9,4,76.1,289,-204,85,2.3,0.006363,999999.99,99999.99,99999.99,0.19,0.1,0.07,-1,2017-06-23 11:00:00
2017,174,12,2508,51,52,61,35,5.6,2.7,3.9,135.7,-1.9,1.9,0.2,1.9,-0.2,0.5,4.9,0.7,4.6,1.6,41703.0,10.5,323.0,-3.1,-3.1,0.033,5831.0,0.5,3.0,1.9,0.7,0.006,2.07,0.06,2.37,9.3,5.4,0.0136,7,23,8,3,76.1,144,-76,68,1.5,0.006363,999999.99,99999.99,99999.99,0.19,0.11,0.08,-1,2017-06-23 12:00:00
2017,174,13,2508,51,52,60,36,5.9,4.4,40.3,198.0,-3.2,-1.0,2.8,-0.5,2.9,0.4,4.0,1.1,3.6,1.2,44129.0,10.4,327.0,-1.2,-3.8,0.033,8017.0,0.8,3.0,1.8,0.5,0.006,2.1,-0.95,2.14,8.9,5.3,0.0149,7,23,12,3,76.1,73,-41,32,-0.0,0.006363,999999.99,99999.99,99999.99,0.18,0.09,0.07,-1,2017-06-23 13:00:00
2017,174,14,2508,51,52,60,37,6.2,5.8,44.3,157.9,-3.8,1.6,4.0,2.1,3.8,0.2,2.2,1.0,1.9,0.6,49874.0,10.4,327.0,-1.4,-4.7,0.035,3200.0,0.7,2.0,0.7,0.5,0.003,2.12,-1.24,2.01,8.5,5.1,0.0164,7,23,12,3,76.1,51,-20,31,-1.2,0.006363,999999.99,99999.99,99999.99,0.17,0.1,0.07,-1,2017-06-23 14:00:00
2017,174,15,2508,51,52,60,36,6.1,5.5,40.3,129.8,-2.7,3.2,3.6,3.5,3.3,0.5,2.5,1.0,2.2,0.7,49842.0,10.0,328.0,-0.8,-4.7,0.036,5060.0,0.6,4.0,0.9,0.5,0.006,2.06,-1.08,1.99,8.5,5.2,0.0165,7,23,12,3,76.1,40,-14,26,-0.7,0.006363,999999.99,99999.99,99999.99,0.18,0.09,0.07,-1,2017-06-23 15:00:00
2017,174,16,2508,51,52,63,38,6.2,4.9,8.2,128.0,-3.0,3.8,0.7,3.8,0.6,0.3,3.8,1.8,2.6,2.1,48407.0,9.2,331.0,-1.4,-3.5,0.034,5734.0,0.8,8.0,1.6,1.6,0.004,1.91,-0.2,1.76,8.1,5.1,0.0181,7,23,10,3,76.1,57,-31,26,-0.7,0.006363,999999.99,99999.99,99999.99,0.19,0.09,0.07,-1,2017-06-23 16:00:00
2017,174,17,2508,51,52,61,37,6.5,6.4,-26.0,91.3,-0.1,5.7,-2.8,5.7,-2.7,0.2,1.1,0.7,0.5,0.7,43099.0,8.3,343.0,-3.1,-0.6,0.038,4248.0,0.5,2.0,0.6,0.4,0.002,1.88,0.93,1.4,7.6,5.1,0.0206,7,23,11,3,76.1,104,-50,53,-1.2,0.006363,999999.99,99999.99,99999.99,0.17,0.09,0.07,-1,2017-06-23 17:00:00
2017,174,18,2508,51,52,58,35,6.5,6.4,-22.5,106.0,-1.6,5.7,-2.4,5.8,-2.0,0.1,1.2,0.8,0.4,0.7,47189.0,8.0,334.0,-3.2,-2.3,0.039,3940.0,0.4,3.0,0.4,0.9,0.003,1.72,0.67,1.38,7.3,4.9,0.0225,20,23,7,7,76.1,129,-73,55,-0.7,0.006363,999999.99,99999.99,99999.99,0.18,0.09,0.07,-1,2017-06-23 18:00:00
2017,174,19,2508,51,52,63,38,6.4,6.1,-30.1,83.1,0.6,5.2,-3.0,5.5,-2.4,0.3,2.0,1.0,0.7,1.6,54991.0,8.4,349.0,-3.0,-0.6,0.048,7119.0,0.7,4.0,0.6,1.0,0.005,2.04,0.84,1.56,7.9,5.2,0.019,20,23,8,7,76.1,262,-180,82,0.1,0.006363,999999.99,99999.99,99999.99,0.18,0.1,0.07,-1,2017-06-23 19:00:00
2017,174,20,2508,51,52,58,35,6.5,5.7,49.2,136.1,-2.7,2.6,4.3,2.0,4.6,0.2,3.1,0.9,2.4,1.9,61741.0,8.6,342.0,-2.1,-4.9,0.049,3651.0,0.3,3.0,1.1,1.4,0.005,2.01,-1.57,1.61,7.7,5.0,0.02,20,23,11,7,76.1,121,-71,50,-0.2,0.006363,999999.99,99999.99,99999.99,0.17,0.09,0.07,-1,2017-06-23 20:00:00
2017,174,21,2508,51,52,61,36,7.4,6.7,16.0,127.0,-3.9,5.2,1.9,4.8,2.7,0.6,3.1,0.5,1.9,2.4,57614.0,8.1,340.0,-2.5,-3.6,0.047,6222.0,0.7,3.0,0.7,1.5,0.004,1.86,-0.92,1.14,6.5,4.6,0.0278,23,23,16,9,76.1,59,-18,42,-0.5,0.006363,999999.99,99999.99,99999.99,0.19,0.11,0.07,-1,2017-06-23 21:00:00
2017,174,22,2508,51,52,63,38,7.7,7.0,-51.2,101.2,-0.8,4.3,-5.4,5.1,-4.6,0.4,3.3,1.9,2.3,1.4,50770.0,8.5,350.0,-2.0,0.5,0.04,7490.0,0.5,6.0,1.2,0.7,0.004,2.02,1.61,1.07,6.6,4.8,0.0271,23,23,14,9,76.1,127,-52,75,0.9,0.006363,999999.99,99999.99,99999.99,0.17,0.1,0.08,-1,2017-06-23 22:00:00
2017,174,23,2508,51,52,60,37,7.0,5.9,29.1,143.5,-4.2,3.1,2.9,2.6,3.4,1.1,3.8,2.1,1.1,3.0,50366.0,6.6,354.0,0.2,-2.8,0.039,13973.0,1.1,5.0,1.0,1.3,0.008,1.6,-1.2,1.0,6.5,4.8,0.0282,23,23,4,9,76.1,178,-104,74,0.5,0.006363,999999.99,99999.99,99999.99,0.18,0.09,0.07,-1,2017-06-23 23:00:00
2017,175,0,2508,51,52,58,34,7.5,7.5,19.6,138.1,-5.2,4.7,2.5,4.3,3.1,0.2,1.0,0.5,0.4,0.8,47635.0,5.3,357.0,0.1,-2.0,0.049,9756.0,0.5,2.0,0.4,0.4,0.005,1.35,-1.11,0.69,5.5,4.3,0.0396,13,25,1,5,76.6,57,-26,31,-0.3,0.006359,999999.99,99999.99,99999.99,0.16,0.09,0.07,-1,2017-06-24 00:00:00
2017,175,1,2508,51,52,64,38,7.4,6.9,19.9,137.9,-4.8,4.4,2.3,4.1,2.8,0.2,2.7,1.0,0.6,2.4,46019.0,5.3,361.0,-0.1,-1.9,0.044,11308.0,0.5,9.0,1.1,2.1,0.007,1.36,-1.01,0.7,5.6,4.4,0.0377,13,25,0,5,76.6,47,-21,26,-0.2,0.006359,999999.99,99999.99,99999.99,0.16,0.1,0.07,-1,2017-06-24 01:00:00
2017,175,2,2508,51,52,60,36,6.5,5.1,-20.3,127.1,-2.9,3.8,-1.8,3.9,-1.5,0.4,3.9,1.9,1.4,3.2,82864.0,5.9,371.0,1.0,0.3,0.056,21006.0,0.7,9.0,1.0,2.4,0.008,1.66,0.56,1.23,6.9,4.8,0.0248,13,25,0,5,76.6,73,-26,47,0.7,0.006359,999999.99,99999.99,99999.99,0.18,0.1,0.07,-1,2017-06-24 02:00:00
2017,175,3,2508,51,52,59,36,7.0,6.9,-17.1,117.4,-3.0,5.8,-2.0,5.9,-1.8,0.1,0.9,0.5,0.3,0.7,77618.0,5.6,377.0,-0.2,1.3,0.037,9282.0,0.2,4.0,0.5,0.7,0.003,1.53,0.68,0.98,6.4,4.7,0.0293,13,25,-5,5,76.6,91,-23,69,1.1,0.006359,999999.99,99999.99,99999.99,0.2,0.11,0.08,-1,2017-06-24 03:00:00
2017,175,4,2508,51,52,61,36,6.9,6.4,10.1,121.4,-3.3,5.4,1.1,5.4,1.1,0.1,2.5,0.6,0.8,2.3,78732.0,5.7,377.0,-0.7,-1.2,0.04,6413.0,0.2,5.0,0.7,1.9,0.005,1.57,-0.41,1.03,6.5,4.7,0.028,13,25,-9,5,76.6,122,-50,72,0.9,0.006359,999999.99,99999.99,99999.99,0.17,0.1,0.07,-1,2017-06-24 04:00:00
2017,175,5,2508,51,52,57,34,7.1,6.4,-18.9,105.3,-1.6,5.8,-2.1,5.7,-2.4,0.1,2.9,1.3,0.6,2.5,81640.0,5.6,389.0,-0.7,0.3,0.036,7611.0,0.3,10.0,0.6,2.6,0.003,1.62,0.93,0.97,6.5,4.8,0.0283,13,25,-8,5,76.6,191,-85,106,1.2,0.006359,999999.99,99999.99,99999.99,0.19,0.09,0.07,-1,2017-06-24 05:00:00
2017,175,6,2508,51,52,62,37,7.1,6.8,-26.3,120.6,-3.1,5.2,-3.0,4.9,-3.5,0.0,1.7,0.9,0.6,1.3,79527.0,5.5,375.0,-0.6,1.2,0.04,6965.0,0.4,8.0,0.7,1.5,0.004,1.5,1.31,0.94,6.2,4.6,0.031,17,25,-12,6,76.6,489,-332,157,2.4,0.006359,999999.99,99999.99,99999.99,0.17,0.1,0.07,-1,2017-06-24 06:00:00
2017,175,7,2508,51,52,60,30,6.8,5.8,13.9,136.2,-4.1,3.9,1.4,4.1,0.9,0.1,3.3,1.3,1.3,2.7,73055.0,5.0,369.0,0.3,-3.0,0.043,12342.0,0.7,12.0,1.8,3.0,0.005,1.33,-0.33,0.91,6.1,4.5,0.0323,17,25,-12,6,76.6,372,-238,134,2.9,0.006359,999999.99,99999.99,99999.99,0.18,0.11,0.08,-1,2017-06-24 07:00:00
2017,175,8,2508,51,52,56,30,6.7,5.8,12.3,138.9,-4.3,3.8,1.2,3.9,0.6,0.1,3.0,1.4,1.3,2.3,70278.0,4.9,369.0,0.3,-1.8,0.047,12680.0,0.8,12.0,1.5,3.0,0.005,1.32,-0.22,0.9,6.1,4.6,0.032,17,25,-4,6,76.6,129,-66,63,2.1,0.006359,999999.99,99999.99,99999.99,0.19,0.1,0.07,-1,2017-06-24 08:00:00
2017,175,9,2508,51,52,64,39,6.8,6.4,-40.4,136.1,-3.5,3.4,-4.1,2.6,-4.7,0.2,2.2,1.3,0.8,1.6,65907.0,5.2,373.0,0.6,4.8,0.043,6650.0,0.5,12.0,1.1,2.0,0.005,1.42,1.75,0.91,6.3,4.7,0.0304,27,25,2,12,76.6,122,-32,90,2.6,0.006359,999999.99,99999.99,99999.99,0.17,0.09,0.07,-1,2017-06-24 09:00:00
2017,175,10,2508,51,52,59,34,6.6,5.4,-29.0,127.0,-2.8,3.7,-2.6,3.1,-3.3,0.2,3.7,1.1,1.2,3.4,74020.0,5.2,379.0,0.3,2.9,0.045,10353.0,0.5,9.0,1.3,2.8,0.003,1.47,1.25,1.01,6.5,4.8,0.0277,27,25,-5,12,76.6,349,-155,194,2.7,0.006359,999999.99,99999.99,99999.99,0.2,0.1,0.07,-1,2017-06-24 10:00:00
2017,175,11,2508,51,52,60,35,6.7,5.0,-0.8,121.3,-2.6,4.3,-0.1,4.2,-1.0,0.1,4.2,0.7,1.1,4.0,71568.0,5.3,379.0,-0.2,0.2,0.041,8297.0,0.4,6.0,1.9,4.3,0.003,1.48,0.38,0.98,6.5,4.8,0.0281,27,25,-13,12,76.6,517,-293,224,3.0,0.006359,999999.99,99999.99,99999.99,0.17,0.09,0.06,-1,2017-06-24 11:00:00
2017,175,12,2508,51,52,59,35,6.5,5.9,26.2,128.1,-3.3,4.1,2.6,4.5,1.7,0.3,2.6,0.7,0.8,2.4,52873.0,4.5,372.0,-1.3,-3.7,0.037,12652.0,0.4,5.0,0.8,1.9,0.005,1.19,-0.63,0.8,6.1,4.7,0.0323,23,25,-11,9,76.6,198,-132,66,1.6,0.006359,999999.99,99999.99,99999.99,0.18,0.1,0.07,-1,2017-06-24 12:00:00
2017,175,13,2508,51,52,65,38,6.4,5.3,-1.1,129.6,-3.4,4.1,-0.1,4.0,-0.8,0.1,3.4,1.9,1.4,2.4,66533.0,4.9,376.0,-1.6,-1.2,0.041,11830.0,0.6,14.0,1.6,2.9,0.006,1.35,0.3,0.97,6.5,4.8,0.0281,23,25,-4,9,76.6,117,-62,55,1.1,0.006359,999999.99,99999.99,99999.99,0.18,0.11,0.08,-1,2017-06-24 13:00:00
2017,175,14,2508,51,52,57,33,6.5,5.9,-47.7,95.3,-0.4,4.0,-4.4,3.3,-4.9,0.1,2.4,1.4,1.4,1.3,71289.0,5.9,396.0,-1.1,2.6,0.039,11370.0,0.5,10.0,1.3,1.6,0.004,1.79,1.94,1.16,7.4,5.2,0.0217,23,25,-2,9,76.6,100,-33,67,1.5,0.006359,999999.99,99999.99,99999.99,0.18,0.1,0.07,-1,2017-06-24 14:00:00
2017,175,15,2508,51,52,61,35,6.3,6.0,-50.0,138.6,-2.9,2.5,-4.6,2.0,-4.8,0.1,1.8,1.1,1.0,1.0,71950.0,5.8,377.0,0.3,2.8,0.042,6611.0,0.4,8.0,1.0,1.1,0.006,1.61,1.81,1.22,7.2,5.0,0.0229,20,25,-3,7,76.6,194,-116,78,1.5,0.006359,999999.99,99999.99,99999.99,0.16,0.09,0.07,-1,2017-06-24 15:00:00
2017,175,16,2508,51,52,58,35,5.8,4.9,-41.9,162.8,-3.5,1.1,-3.2,1.0,-3.2,0.2,3.1,1.4,1.6,2.3,74502.0,6.6,373.0,1.6,1.5,0.042,9046.0,0.5,9.0,1.5,2.2,0.008,1.79,1.19,1.66,8.3,5.3,0.0174,20,25,-5,7,76.6,359,-245,113,1.9,0.006359,999999.99,99999.99,99999.99,0.16,0.09,0.07,-1,2017-06-24 16:00:00
2017,175,17,2508,51,52,58,35,6.1,5.5,-4.5,171.3,-5.5,0.8,-0.4,0.8,-0.4,0.2,2.3,0.6,1.0,2.0,73007.0,6.0,361.0,1.4,-1.7,0.057,9340.0,0.5,3.0,1.1,1.5,0.009,1.6,0.14,1.35,7.2,4.9,0.0226,20,25,-8,7,76.6,489,-360,128,2.2,0.006359,999999.99,99999.99,99999.99,0.2,0.11,0.08,-1,2017-06-24 17:00:00
2017,175,18,2508,51,52,64,37,6.6,6.2,-41.5,191.3,-4.5,-0.9,-4.1,-0.7,-4.1,0.2,2.1,1.0,1.7,0.9,70659.0,6.4,371.0,2.0,1.0,0.042,6424.0,0.4,6.0,0.9,0.8,0.008,1.72,1.52,1.22,7.1,5.0,0.0235,27,25,-8,12,76.6,303,-208,95,1.1,0.006359,999999.99,99999.99,99999.99,0.16,0.1,0.07,-1,2017-06-24 18:00:00
2017,175,19,2508,51,52,61,36,6.0,4.8,-25.0,83.2,0.5,4.3,-2.0,4.5,-1.6,0.4,3.3,1.7,2.3,1.7,82882.0,7.9,394.0,-2.4,0.3,0.037,5918.0,0.5,9.0,2.0,1.2,0.003,2.35,0.63,1.93,9.2,5.7,0.014,27,25,-5,12,76.6,360,-229,130,1.5,0.006359,999999.99,99999.99,99999.99,0.17,0.09,0.06,-1,2017-06-24 19:00:00
2017,175,20,2508,51,52,59,36,6.4,5.6,-4.7,109.6,-1.9,5.3,-0.5,5.3,0.2,0.1,2.8,2.3,0.8,1.4,81583.0,7.9,378.0,-3.7,-0.6,0.041,14936.0,0.6,13.0,0.7,1.4,0.006,2.19,-0.08,1.68,8.3,5.3,0.0173,27,25,-1,12,76.6,269,-178,92,0.8,0.006359,999999.99,99999.99,99999.99,0.21,0.11,0.08,-1,2017-06-24 20:00:00
2017,175,21,2508,51,52,61,37,6.4,5.0,-39.6,117.6,-1.8,3.4,-3.2,3.8,-2.7,0.2,3.9,1.5,3.3,1.3,79741.0,8.1,376.0,-3.1,0.8,0.041,13035.0,0.5,8.0,1.6,1.0,0.004,2.23,1.02,1.71,8.4,5.3,0.017,27,25,-1,12,76.6,101,-44,57,0.7,0.006359,999999.99,99999.99,99999.99,0.2,0.1,0.08,-1,2017-06-24 21:00:00
2017,175,22,2508,51,52,59,35,5.2,3.2,0.8,230.9,-2.0,-2.4,0.0,-2.4,-0.4,1.1,4.2,1.6,2.9,2.6,83404.0,9.3,378.0,-0.4,-2.1,0.041,20221.0,1.0,6.0,1.4,1.1,0.006,2.58,0.15,3.03,11.1,5.8,0.0097,27,25,1,12,76.6,244,-152,92,0.9,0.006359,999999.99,99999.99,99999.99,0.19,0.1,0.07,-1,2017-06-24 22:00:00
2017,175,23,2508,51,52,63,38,5.3,4.6,-33.4,257.2,-0.9,-3.8,-2.5,-3.4,-3.0,0.5,2.4,1.0,1.4,1.7,98293.0,10.0,384.0,0.3,-1.2,0.042,10273.0,0.4,4.0,0.4,1.3,0.005,2.88,1.15,3.36,11.5,5.8,0.0091,27,25,-1,12,76.6,481,-297,183,2.2,0.006359,999999.99,99999.99,99999.99,0.17,0.1,0.07,-1,2017-06-24 23:00:00
2017,176,0,2508,51,52,59,37,5.6,3.8,38.4,257.2,-0.7,-2.9,2.4,-3.2,2.0,0.6,4.0,1.7,2.3,2.8,98296.0,10.1,394.0,0.6,-3.1,0.042,7406.0,0.5,6.0,1.4,1.5,0.004,3.06,-0.79,3.04,11.2,5.9,0.0095,20,18,-3,7,76.2,275,-140,135,1.2,0.006306,999999.99,99999.99,99999.99,0.17,0.1,0.08,-1,2017-06-25 00:00:00
2017,176,1,2508,51,52,62,36,5.2,3.4,-2.7,263.4,-0.4,-3.4,-0.2,-3.4,-0.6,0.8,3.7,1.3,1.9,2.9,115358.0,10.3,398.0,0.5,-1.4,0.041,13176.0,0.6,5.0,1.1,1.4,0.004,3.17,0.24,3.86,12.3,5.9,0.0079,20,18,-3,7,76.2,144,-41,103,0.9,0.006306,999999.99,99999.99,99999.99,0.18,0.1,0.07,-1,2017-06-25 01:00:00
2017,176,2,2508,51,52,57,34,6.1,3.8,26.0,215.9,-2.8,-2.0,1.7,-2.1,1.5,0.3,4.7,2.6,3.7,1.3,112469.0,9.1,397.0,1.8,-2.2,0.062,5550.0,0.5,8.0,0.8,0.5,0.019,2.99,-0.6,2.45,9.8,5.6,0.0123,20,18,-2,7,76.2,158,-51,106,0.4,0.006306,999999.99,99999.99,99999.99,0.17,0.1,0.07,-1,2017-06-25 02:00:00
2017,176,3,2508,51,52,60,37,6.3,5.7,-3.4,248.7,-2.1,-5.3,-0.3,-5.3,-0.5,0.6,2.7,1.3,1.7,1.7,120824.0,8.6,399.0,2.1,-0.6,0.053,10911.0,0.4,6.0,0.5,1.1,0.01,2.77,0.2,2.25,9.3,5.4,0.0138,20,18,0,7,76.2,200,-84,116,0.3,0.006306,999999.99,99999.99,99999.99,0.17,0.09,0.06,-1,2017-06-25 03:00:00
2017,176,4,2508,51,52,63,37,5.6,4.6,-16.1,262.0,-0.6,-4.4,-1.3,-4.4,-1.2,0.5,3.2,1.8,1.7,2.0,138946.0,9.1,402.0,1.5,1.4,0.053,13283.0,0.4,5.0,0.7,1.0,0.008,2.98,0.48,3.23,10.8,5.6,0.0101,20,18,-5,7,76.2,255,-116,139,1.0,0.006306,999999.99,99999.99,99999.99,0.17,0.09,0.06,-1,2017-06-25 04:00:00
2017,176,5,2508,51,52,58,36,6.0,5.5,-85.0,270.6,0.0,-0.5,-5.4,-0.8,-5.4,0.5,2.5,1.7,1.7,0.6,138820.0,8.8,401.0,-0.2,2.0,0.046,10698.0,0.6,5.0,0.6,0.4,0.005,2.8,2.17,2.72,9.9,5.4,0.0121,20,18,-13,7,76.2,462,-258,204,2.6,0.006306,999999.99,99999.99,99999.99,0.17,0.09,0.07,-1,2017-06-25 05:00:00
2017,176,6,2508,51,52,60,35,6.1,4.9,-60.9,169.3,-2.3,0.4,-4.3,0.0,-4.3,0.5,3.5,1.5,3.0,1.1,145036.0,8.1,398.0,-1.4,2.1,0.055,14767.0,0.5,6.0,1.4,0.9,0.009,2.61,1.71,2.48,9.3,5.2,0.0138,33,18,-30,18,76.2,592,-339,253,3.5,0.006306,999999.99,99999.99,99999.99,0.18,0.1,0.07,-1,2017-06-25 06:00:00
2017,176,7,2508,51,52,60,37,7.4,6.9,-16.5,138.2,-4.9,4.4,-2.0,4.1,-2.6,0.6,2.7,1.4,0.7,2.2,137888.0,7.9,394.0,-2.7,-1.7,0.048,5758.0,0.4,6.0,0.7,1.4,0.006,2.44,1.02,1.6,7.5,4.8,0.0212,33,18,-31,18,76.2,567,-266,302,3.6,0.006306,999999.99,99999.99,99999.99,0.19,0.11,0.08,-1,2017-06-25 07:00:00
2017,176,8,2508,51,52,64,39,8.7,7.1,30.6,143.4,-4.9,3.7,3.6,4.3,2.9,0.6,4.8,1.8,2.4,3.8,121337.0,8.2,417.0,-0.1,-3.2,0.047,18451.0,0.7,15.0,2.4,2.6,0.006,2.83,-1.21,1.13,6.9,4.9,0.0253,33,18,-17,18,76.2,554,-359,196,3.7,0.006306,999999.99,99999.99,99999.99,0.16,0.09,0.07,-1,2017-06-25 08:00:00
2017,176,9,2508,51,52,61,37,8.8,6.4,11.6,134.0,-4.4,4.5,1.3,4.7,0.4,0.2,5.7,2.1,3.8,3.7,132549.0,9.4,423.0,-0.2,-0.7,0.049,11582.0,0.8,11.0,3.1,2.7,0.008,3.36,-0.17,1.32,7.4,5.0,0.0219,23,18,-2,9,76.2,147,-88,59,2.3,0.006306,999999.99,99999.99,99999.99,0.18,0.09,0.07,-1,2017-06-25 09:00:00
2017,176,10,2508,51,52,59,34,8.9,8.4,5.6,117.3,-3.8,7.4,0.8,7.4,-0.8,0.5,2.7,0.8,0.9,2.4,139322.0,9.5,422.0,-2.6,-1.7,0.046,18271.0,0.6,5.0,0.9,2.1,0.006,3.35,0.34,1.34,7.3,5.0,0.0223,23,18,-2,9,76.2,187,-67,120,3.7,0.006306,999999.99,99999.99,99999.99,0.16,0.09,0.07,-1,2017-06-25 10:00:00
2017,176,11,2508,51,52,61,36,9.4,8.0,2.9,127.6,-4.9,6.3,0.4,6.2,-1.0,0.8,4.9,1.2,2.2,4.2,137626.0,8.2,438.0,0.6,-1.8,0.043,26112.0,0.7,7.0,1.1,3.3,0.01,3.08,0.44,1.03,6.7,4.9,0.0267,23,18,-5,9,76.2,212,-79,133,2.2,0.006306,999999.99,99999.99,99999.99,0.19,0.1,0.07,-1,2017-06-25 11:00:00
2017,176,12,2508,51,52,59,36,10.0,9.5,21.6,152.7,-7.8,4.0,3.5,4.6,2.6,0.2,3.0,1.3,1.1,2.4,131515.0,8.7,427.0,1.6,-4.0,0.039,10527.0,0.4,8.0,0.7,1.1,0.006,3.06,-1.11,0.94,6.3,4.7,0.03,23,18,-2,9,76.2,305,-199,106,1.5,0.006306,999999.99,99999.99,99999.99,0.17,0.1,0.07,-1,2017-06-25 12:00:00
2017,176,13,2508,51,52,63,38,9.2,8.7,3.9,125.4,-5.0,7.0,0.6,7.0,-0.7,0.8,3.0,2.2,0.8,2.0,142783.0,8.2,432.0,-0.1,-3.8,0.042,26865.0,0.5,9.0,0.6,2.0,0.011,2.98,0.3,1.09,6.7,4.8,0.0263,23,18,0,9,76.2,201,-88,113,2.3,0.006306,999999.99,99999.99,99999.99,0.18,0.08,0.06,-1,2017-06-25 13:00:00
2017,176,14,2508,51,52,61,36,8.0,7.1,-1.2,112.7,-2.7,6.5,-0.1,6.4,-1.1,1.0,3.6,2.5,1.4,2.2,173402.0,7.4,457.0,-0.5,-1.5,0.048,29402.0,0.9,10.0,1.2,2.6,0.004,3.08,0.5,1.45,7.8,5.2,0.0197,23,18,0,9,76.2,159,-62,97,1.2,0.006306,999999.99,99999.99,99999.99,0.2,0.1,0.07,-1,2017-06-25 14:00:00
2017,176,15,2508,51,52,61,37,7.2,7.0,-5.0,138.7,-5.3,4.6,-0.6,4.5,-1.1,0.7,1.7,0.8,1.4,0.6,170463.0,7.8,470.0,0.6,-1.3,0.042,16016.0,0.7,5.0,0.9,0.8,0.003,3.36,0.52,1.87,9.1,5.6,0.0143,20,18,0,7,76.2,129,-57,72,0.3,0.006306,999999.99,99999.99,99999.99,0.18,0.1,0.07,-1,2017-06-25 15:00:00
2017,176,16,2508,51,52,62,38,7.3,7.1,5.9,152.2,-6.3,3.3,0.7,3.3,0.5,0.2,1.6,0.5,1.2,1.0,157495.0,7.4,470.0,0.6,-2.1,0.038,12890.0,0.4,6.0,0.4,0.5,0.003,3.14,-0.23,1.65,8.8,5.6,0.0155,20,18,-1,7,76.2,193,-116,77,-0.1,0.006306,999999.99,99999.99,99999.99,0.19,0.1,0.07,-1,2017-06-25 16:00:00
2017,176,17,2508,51,52,59,35,6.6,5.5,19.4,199.2,-4.9,-1.7,1.8,-1.7,1.8,0.2,3.5,1.5,3.1,0.9,170157.0,6.9,493.0,2.4,-1.5,0.048,12143.0,0.5,7.0,1.5,0.6,0.007,3.34,-0.89,1.97,9.8,6.0,0.0124,20,18,1,7,76.2,161,-89,72,1.5,0.006306,999999.99,99999.99,99999.99,0.18,0.09,0.07,-1,2017-06-25 17:00:00
2017,176,18,2508,51,52,61,37,6.6,5.8,17.2,165.7,-5.4,1.4,1.7,1.3,1.8,0.1,2.9,0.7,2.7,1.0,170180.0,6.4,484.0,1.8,-2.3,0.049,10597.0,0.3,3.0,1.7,0.7,0.006,2.99,-0.87,1.82,9.3,5.8,0.0138,17,18,-3,6,76.2,91,-29,61,-0.5,0.006306,999999.99,99999.99,99999.99,0.18,0.1,0.06,-1,2017-06-25 18:00:00
2017,176,19,2508,51,52,59,36,6.0,5.7,-29.0,162.8,-4.8,1.5,-2.8,1.7,-2.7,0.2,1.8,0.6,1.3,1.2,158548.0,6.5,482.0,1.2,-0.2,0.041,12622.0,0.3,5.0,0.8,0.8,0.003,2.94,1.3,2.16,10.2,6.1,0.0113,17,18,-5,6,76.2,59,-16,43,-0.1,0.006306,999999.99,99999.99,99999.99,0.19,0.11,0.08,-1,2017-06-25 19:00:00
2017,176,20,2508,51,52,59,36,6.0,5.7,-5.2,195.2,-5.5,-1.5,-0.5,-1.4,-0.7,0.2,1.5,0.2,0.8,1.3,144786.0,6.3,481.0,2.6,-1.8,0.034,14116.0,0.4,3.0,0.7,1.1,0.003,2.77,0.34,1.99,10.1,6.1,0.0118,17,18,-10,6,76.2,119,-47,72,1.8,0.006306,999999.99,99999.99,99999.99,0.17,0.1,0.08,-1,2017-06-25 20:00:00
2017,176,21,2508,51,52,61,37,6.2,6.2,1.6,174.5,-6.1,0.6,0.2,0.6,0.3,0.2,0.6,0.2,0.4,0.4,145233.0,5.5,480.0,-0.0,-1.3,0.035,15978.0,0.2,3.0,0.4,0.5,0.004,2.41,-0.14,1.63,9.1,5.9,0.0144,20,18,-16,7,76.2,188,-114,74,0.7,0.006306,999999.99,99999.99,99999.99,0.16,0.08,0.06,-1,2017-06-25 21:00:00
2017,176,22,2508,51,52,61,37,5.8,4.8,17.4,174.4,-4.6,0.5,1.4,0.3,1.5,0.3,3.2,1.8,2.4,1.2,144828.0,4.6,480.0,0.6,-0.6,0.052,29096.0,0.5,10.0,1.0,0.8,0.016,2.14,-0.72,1.55,8.9,5.8,0.0151,20,18,-13,7,76.2,84,-44,41,0.2,0.006306,999999.99,99999.99,99999.99,0.17,0.08,0.06,-1,2017-06-25 22:00:00
2017,176,23,2508,51,52,63,35,6.3,5.3,-17.4,91.5,-0.1,5.0,-1.6,5.2,-0.9,0.6,3.4,2.5,1.1,1.9,180849.0,4.8,501.0,-1.2,0.9,0.055,27136.0,0.4,13.0,0.5,1.1,0.008,2.45,0.45,1.56,8.7,5.7,0.0157,20,18,-9,7,76.2,106,-46,61,0.4,0.006306,999999.99,99999.99,99999.99,0.18,0.08,0.06,-1,2017-06-25 23:00:00
2017,177,0,2508,51,52,57,34,6.5,5.2,-17.0,82.9,0.6,5.0,-1.5,5.2,-0.8,0.2,3.8,2.7,1.8,1.9,151957.0,4.7,507.0,-0.9,0.8,0.049,10280.0,0.4,9.0,1.2,1.1,0.005,2.41,0.41,1.3,8.5,5.8,0.0166,23,21,-10,9,76.2,184,-90,94,1.3,0.006323,999999.99,99999.99,99999.99,0.17,0.09,0.07,-1,2017-06-26 00:00:00
2017,177,1,2508,51,52,61,37,6.3,4.9,11.9,213.9,-3.9,-2.6,1.0,-2.7,0.7,0.4,3.9,1.7,1.9,2.9,163904.0,4.9,490.0,4.4,-1.2,0.053,36304.0,0.4,10.0,1.0,1.7,0.013,2.38,-0.34,1.5,8.6,5.7,0.0161,23,21,-8,9,76.2,364,-200,164,0.9,0.006323,999999.99,99999.99,99999.99,0.16,0.09,0.06,-1,2017-06-26 01:00:00
2017,177,2,2508,51,52,57,35,6.5,5.5,13.2,224.3,-3.8,-3.7,1.3,-3.8,1.0,0.4,3.4,1.1,1.7,2.7,160116.0,5.1,493.0,4.6,-1.5,0.047,15194.0,0.3,8.0,0.9,1.9,0.004,2.46,-0.49,1.45,8.6,5.7,0.0162,23,21,-8,9,76.2,422,-214,208,0.9,0.006323,999999.99,99999.99,99999.99,0.16,0.09,0.07,-1,2017-06-26 02:00:00
2017,177,3,2508,51,52,62,36,6.4,5.4,-7.1,163.2,-5.1,1.5,-0.7,1.5,-0.7,0.2,3.5,1.4,2.5,2.0,163874.0,5.1,477.0,1.0,-0.1,0.042,18565.0,0.4,8.0,2.3,1.6,0.004,2.26,0.33,1.51,8.4,5.5,0.0168,17,21,-6,6,76.2,163,-59,104,0.3,0.006323,999999.99,99999.99,99999.99,0.17,0.1,0.07,-1,2017-06-26 03:00:00
2017,177,4,2508,51,52,59,33,6.0,5.4,-2.6,115.8,-2.4,4.9,-0.3,4.9,-0.4,0.2,2.5,1.3,0.9,2.0,129062.0,4.7,492.0,-2.1,-0.9,0.032,14172.0,0.3,10.0,0.7,1.7,0.003,2.14,0.2,1.4,8.9,6.0,0.0151,17,21,-4,6,76.2,181,-73,108,1.4,0.006323,999999.99,99999.99,99999.99,0.17,0.09,0.07,-1,2017-06-26 04:00:00
2017,177,5,2508,51,52,65,39,5.6,4.7,13.6,128.5,-2.8,3.6,1.1,3.7,0.9,0.3,2.9,2.2,1.1,1.4,124347.0,4.3,491.0,-0.7,-1.9,0.031,20799.0,0.4,19.0,0.9,1.4,0.005,1.95,-0.44,1.44,9.1,6.1,0.0144,17,21,-5,6,76.2,152,-79,74,0.9,0.006323,999999.99,99999.99,99999.99,0.16,0.09,0.06,-1,2017-06-26 05:00:00
2017,177,6,2508,51,52,57,35,5.0,3.5,-1.1,164.1,-3.3,1.0,-0.1,1.0,-0.2,0.3,3.5,2.3,2.1,1.7,142619.0,3.8,496.0,2.1,-1.2,0.033,23730.0,0.5,17.0,2.2,1.8,0.004,1.77,0.1,1.71,9.7,6.1,0.0127,7,21,-5,3,76.2,121,-56,65,0.4,0.006323,999999.99,99999.99,99999.99,0.16,0.1,0.07,-1,2017-06-26 06:00:00
2017,177,7,2508,51,52,63,36,4.9,3.5,-12.2,142.9,-2.7,2.0,-0.7,1.9,-1.0,0.4,3.3,2.3,1.5,1.9,142376.0,3.6,514.0,0.3,-1.5,0.036,31793.0,0.5,17.0,1.6,1.9,0.005,1.82,0.51,1.69,10.0,6.3,0.012,7,21,-1,3,76.2,87,-34,52,-0.2,0.006323,999999.99,99999.99,99999.99,0.17,0.1,0.07,-1,2017-06-26 07:00:00
2017,177,8,2508,51,52,58,35,5.0,3.0,3.6,211.5,-2.5,-1.6,0.2,-1.5,0.5,0.3,3.8,1.4,2.7,2.2,165658.0,3.8,523.0,3.8,-1.8,0.034,23097.0,0.3,12.0,2.1,1.7,0.003,1.97,-0.26,1.86,10.2,6.3,0.0114,7,21,2,3,76.2,97,-45,52,-0.5,0.006323,999999.99,99999.99,99999.99,0.18,0.1,0.07,-1,2017-06-26 08:00:00
2017,177,9,2508,51,52,62,37,4.8,3.0,9.1,176.4,-3.0,0.2,0.5,0.3,0.4,0.2,3.5,1.7,1.3,2.8,170798.0,3.6,516.0,2.2,-2.4,0.035,14958.0,0.3,16.0,1.5,3.1,0.004,1.82,-0.21,1.94,10.2,6.2,0.0114,20,21,-2,7,76.2,208,-135,73,0.9,0.006323,999999.99,99999.99,99999.99,0.17,0.09,0.06,-1,2017-06-26 09:00:00
2017,177,10,2508,51,52,61,37,5.3,4.4,6.1,120.5,-2.2,3.8,0.5,3.8,-0.3,0.5,2.9,1.8,1.4,1.6,155919.0,2.8,541.0,-0.8,-2.2,0.033,20665.0,0.4,14.0,1.2,1.7,0.007,1.55,0.16,1.18,8.5,6.0,0.0163,20,21,-11,7,76.2,478,-281,198,3.3,0.006323,999999.99,99999.99,99999.99,0.18,0.1,0.07,-1,2017-06-26 10:00:00
2017,177,11,2508,51,52,59,36,4.6,4.2,5.1,131.1,-2.8,3.2,0.4,3.2,-0.3,0.1,1.9,1.4,1.2,0.4,168763.0,2.8,548.0,0.1,-1.3,0.036,15454.0,0.2,14.0,0.7,0.6,0.005,1.61,0.16,1.64,10.0,6.4,0.012,20,21,-6,7,76.2,354,-219,135,3.5,0.006323,999999.99,99999.99,99999.99,0.18,0.09,0.06,-1,2017-06-26 11:00:00
2017,177,12,2508,51,52,60,36,4.7,4.5,1.6,146.5,-3.8,2.5,0.1,2.5,-0.4,0.1,1.2,0.4,0.6,0.9,156773.0,2.8,542.0,-0.0,-0.9,0.038,10765.0,0.2,3.0,0.8,0.9,0.008,1.58,0.22,1.5,9.6,6.4,0.0128,17,21,-4,6,76.2,167,-75,92,2.2,0.006323,999999.99,99999.99,99999.99,0.19,0.11,0.08,-1,2017-06-26 12:00:00
2017,177,13,2508,51,52,64,35,4.5,3.2,-8.5,125.8,-1.8,2.5,-0.5,2.4,-1.0,0.3,3.1,2.4,1.2,1.5,179708.0,3.2,557.0,0.8,-0.8,0.04,20008.0,0.3,18.0,1.0,1.3,0.006,1.92,0.56,2.03,11.1,6.7,0.0097,17,21,-2,6,76.2,253,-144,108,1.6,0.006323,999999.99,99999.99,99999.99,0.17,0.09,0.07,-1,2017-06-26 13:00:00
2017,177,14,2508,51,52,58,36,4.0,3.2,9.8,159.1,-2.9,1.1,0.5,1.2,0.3,0.6,2.5,1.4,1.9,1.0,161353.0,3.5,551.0,1.4,-1.9,0.035,23800.0,0.3,13.0,1.3,0.7,0.005,2.02,-0.17,2.64,12.9,7.1,0.0072,17,21,-3,6,76.2,243,-169,74,1.5,0.006323,999999.99,99999.99,99999.99,0.17,0.09,0.06,-1,2017-06-26 14:00:00
2017,177,15,2508,51,52,57,35,3.4,3.3,-9.4,172.1,-3.2,0.4,-0.5,0.3,-0.5,0.4,0.8,0.5,0.5,0.5,159107.0,3.3,552.0,1.8,-1.1,0.034,16654.0,0.2,13.0,0.4,0.4,0.006,1.91,0.28,3.41,14.7,7.4,0.0055,17,21,-4,6,76.2,119,-70,48,0.6,0.006323,999999.99,99999.99,99999.99,0.2,0.11,0.08,-1,2017-06-26 15:00:00
2017,177,16,2508,51,52,59,36,4.1,3.9,-12.9,165.8,-3.7,0.9,-0.9,0.8,-1.0,0.2,1.4,0.9,0.9,0.6,139178.0,3.1,522.0,2.6,0.1,0.029,17910.0,0.2,4.0,0.7,1.0,0.005,1.57,0.52,2.05,11.2,6.7,0.0095,17,21,-4,6,76.2,91,-51,39,0.7,0.006323,999999.99,99999.99,99999.99,0.16,0.09,0.06,-1,2017-06-26 16:00:00
2017,177,17,2508,51,52,60,33,4.4,4.2,-12.8,112.5,-1.6,3.8,-0.9,3.8,-0.9,0.4,1.2,0.7,0.4,0.9,156208.0,3.0,517.0,0.8,1.5,0.032,16587.0,0.3,8.0,1.1,1.0,0.005,1.51,0.47,1.83,10.2,6.3,0.0115,17,21,-5,6,76.2,146,-87,59,-0.4,0.006323,999999.99,99999.99,99999.99,0.18,0.08,0.06,-1,2017-06-26 17:00:00
2017,177,18,2508,51,52,60,37,2.9,1.7,-56.7,169.2,-0.9,0.2,-1.4,0.3,-1.4,0.8,2.4,0.6,2.0,1.2,155373.0,4.1,519.0,3.5,1.1,0.041,14796.0,0.4,4.0,1.3,0.9,0.004,2.15,0.73,5.75,18.1,7.4,0.0036,20,21,-2,7,76.2,299,-215,84,-0.3,0.006323,999999.99,99999.99,99999.99,0.16,0.09,0.06,-1,2017-06-26 18:00:00
2017,177,19,2508,51,52,58,35,4.0,3.4,-5.0,208.6,-3.0,-1.6,-0.3,-1.6,-0.4,0.7,2.1,1.1,1.6,0.7,121707.0,4.6,509.0,4.2,-0.8,0.043,22745.0,0.2,7.0,0.9,0.6,0.003,2.33,0.2,2.99,13.6,7.2,0.0064,20,21,-2,7,76.2,156,-96,61,1.6,0.006323,999999.99,99999.99,99999.99,0.16,0.09,0.07,-1,2017-06-26 19:00:00
2017,177,20,2508,51,52,60,36,4.6,4.1,-2.2,156.6,-3.8,1.6,-0.2,1.6,0.0,0.2,2.0,0.6,1.8,0.8,116060.0,4.0,492.0,2.5,-0.9,0.049,14383.0,0.4,3.0,0.8,0.4,0.007,1.93,-0.0,1.92,10.7,6.6,0.0104,20,21,-5,7,76.2,64,-33,32,0.0,0.006323,999999.99,99999.99,99999.99,0.17,0.09,0.06,-1,2017-06-26 20:00:00
2017,177,21,2508,51,52,63,37,5.0,4.2,18.7,174.4,-4.0,0.4,1.4,0.2,1.4,0.5,2.6,1.3,2.2,0.5,121242.0,3.2,506.0,2.7,-1.0,0.037,20510.0,0.5,9.0,1.5,0.5,0.004,1.57,-0.71,1.33,9.1,6.2,0.0145,13,21,-2,5,76.2,52,-21,31,-0.3,0.006323,999999.99,99999.99,99999.99,0.17,0.1,0.08,-1,2017-06-26 21:00:00
2017,177,22,2508,51,52,59,37,5.9,5.9,9.5,189.8,-5.7,-1.0,1.0,-1.1,0.8,0.1,0.5,0.1,0.3,0.4,78549.0,2.3,519.0,3.9,-0.1,0.034,5522.0,0.2,3.0,0.8,0.3,0.005,1.18,-0.42,0.57,6.7,5.5,0.0267,13,21,-2,5,76.2,51,-19,32,0.0,0.006323,999999.99,99999.99,99999.99,0.17,0.08,0.06,-1,2017-06-26 22:00:00
2017,177,23,2508,51,52,59,35,5.2,5.2,-8.0,186.6,-5.1,-0.6,-0.7,-0.5,-0.8,0.2,0.5,0.2,0.4,0.2,65712.0,2.0,511.0,3.2,1.3,0.031,9710.0,0.2,3.0,0.4,0.3,0.006,0.98,0.41,0.6,6.9,5.6,0.0246,13,21,-5,5,76.2,104,-32,72,0.6,0.006323,999999.99,99999.99,99999.99,0.17,0.09,0.06,-1,2017-06-26 23:00:00
2017,178,0,2508,51,52,60,36,5.0,5.0,2.4,178.8,-5.0,0.1,0.2,0.1,0.2,0.1,0.3,0.1,0.2,0.2,60115.0,1.6,503.0,2.3,0.7,0.035,24991.0,0.1,4.0,0.4,0.3,0.004,0.77,-0.1,0.5,6.4,5.3,0.0294,17,19,-8,6,76.6,119,-44,75,0.8,0.006321,999999.99,99999.99,99999.99,0.17,0.09,0.07,-1,2017-06-27 00:00:00
2017,178,1,2508,51,52,60,36,4.5,4.5,-4.6,178.1,-4.4,0.1,-0.4,0.1,-0.4,0.2,0.5,0.2,0.3,0.4,64092.0,1.7,500.0,1.4,0.7,0.05,13554.0,0.1,2.0,0.3,0.4,0.004,0.85,0.2,0.67,7.2,5.8,0.0227,17,19,-10,6,76.6,113,-37,77,0.7,0.006321,999999.99,99999.99,99999.99,0.17,0.1,0.07,-1,2017-06-27 01:00:00
2017,178,2,2508,51,52,59,35,4.4,4.4,-2.6,168.9,-4.3,0.8,-0.2,0.8,-0.2,0.1,0.3,0.1,0.2,0.2,69449.0,1.4,494.0,0.8,1.5,0.05,6473.0,0.2,4.0,0.3,0.2,0.007,0.68,0.1,0.6,6.6,5.4,0.027,17,19,-7,6,76.6,106,-30,75,0.4,0.006321,999999.99,99999.99,99999.99,0.18,0.09,0.06,-1,2017-06-27 02:00:00
2017,178,3,2508,51,52,60,36,4.0,4.0,2.3,165.2,-3.9,1.0,0.2,1.0,0.2,0.1,0.2,0.1,0.1,0.1,65696.0,1.4,493.0,0.9,1.1,0.056,16049.0,0.1,4.0,0.4,0.3,0.005,0.7,-0.1,0.71,7.3,5.7,0.0224,13,19,-9,5,76.6,109,-36,73,0.3,0.006321,999999.99,99999.99,99999.99,0.18,0.09,0.06,-1,2017-06-27 03:00:00
2017,178,4,2508,51,52,60,37,4.0,3.9,-8.3,157.3,-3.6,1.5,-0.6,1.5,-0.6,0.1,0.4,0.2,0.2,0.3,65135.0,1.4,493.0,1.1,0.4,0.054,5420.0,0.1,4.0,0.4,0.3,0.005,0.69,0.3,0.7,7.3,5.7,0.0224,13,19,-12,5,76.6,115,-52,62,1.1,0.006321,999999.99,99999.99,99999.99,0.18,0.09,0.06,-1,2017-06-27 04:00:00
2017,178,5,2508,51,52,59,36,4.1,4.1,-8.8,158.9,-3.8,1.5,-0.6,1.5,-0.7,0.1,0.3,0.1,0.1,0.2,60175.0,1.5,488.0,1.0,-0.1,0.047,7377.0,0.1,2.0,0.3,0.4,0.006,0.71,0.34,0.7,7.3,5.8,0.0224,13,19,-9,5,76.6,109,-34,75,0.8,0.006321,999999.99,99999.99,99999.99,0.17,0.09,0.07,-1,2017-06-27 05:00:00
2017,178,6,2508,51,52,60,34,3.1,2.3,19.4,134.1,-1.5,1.6,0.8,1.7,0.6,0.7,2.2,2.0,0.4,0.8,84459.0,2.6,479.0,0.3,-0.4,0.041,10473.0,0.7,5.0,0.9,0.4,0.007,1.16,-0.29,2.4,12.5,7.1,0.0077,7,19,-12,3,76.6,197,-123,74,0.5,0.006321,999999.99,99999.99,99999.99,0.19,0.11,0.08,-1,2017-06-27 06:00:00
2017,178,7,2508,51,52,58,35,2.2,1.7,25.7,73.7,0.4,1.5,0.7,1.6,0.5,0.3,1.3,1.0,0.4,0.8,88179.0,3.1,476.0,-0.4,-0.1,0.04,10219.0,0.1,6.0,0.4,0.7,0.003,1.36,-0.24,5.77,19.0,7.8,0.0033,7,19,-8,3,76.6,101,-67,34,0.4,0.006321,999999.99,99999.99,99999.99,0.18,0.1,0.07,-1,2017-06-27 07:00:00
2017,178,8,2508,51,52,60,37,2.8,2.3,43.9,111.1,-0.6,1.5,1.6,1.8,1.3,0.5,1.7,0.6,1.0,1.2,88089.0,3.2,467.0,-0.8,-0.6,0.041,9704.0,0.2,3.0,0.9,0.7,0.003,1.36,-0.61,3.68,14.9,7.3,0.0053,7,19,-6,3,76.6,76,-37,39,0.7,0.006321,999999.99,99999.99,99999.99,0.19,0.1,0.07,-1,2017-06-27 08:00:00
2017,178,9,2508,51,52,61,37,2.6,1.6,30.6,115.8,-0.6,1.2,0.8,1.3,0.5,0.3,2.0,1.3,0.6,1.4,92876.0,3.6,462.0,-0.4,0.2,0.044,8671.0,0.2,8.0,0.4,0.9,0.005,1.51,-0.23,4.9,16.9,7.4,0.0042,10,19,-2,4,76.6,47,-21,26,0.4,0.006321,999999.99,99999.99,99999.99,0.18,0.1,0.07,-1,2017-06-27 09:00:00
2017,178,10,2508,51,52,57,34,2.9,2.5,-53.7,89.8,0.0,1.5,-2.0,1.0,-2.3,0.5,1.5,1.2,0.4,0.8,85670.0,3.8,461.0,-0.9,1.7,0.041,7919.0,0.2,8.0,0.4,0.6,0.003,1.57,1.06,4.02,15.5,7.3,0.005,10,19,-1,4,76.6,67,-21,47,1.1,0.006321,999999.99,99999.99,99999.99,0.18,0.09,0.06,-1,2017-06-27 10:00:00
2017,178,11,2508,51,52,61,37,3.1,2.2,-26.4,98.3,-0.3,1.9,-1.0,1.6,-1.4,0.2,2.2,1.1,0.9,1.6,85560.0,3.8,454.0,-1.2,1.7,0.041,5241.0,0.2,3.0,0.5,1.0,0.003,1.52,0.64,3.52,14.3,7.1,0.0058,10,19,-2,4,76.6,186,-106,79,1.7,0.006321,999999.99,99999.99,99999.99,0.17,0.09,0.07,-1,2017-06-27 11:00:00
2017,178,12,2508,51,52,59,36,2.5,0.9,-47.5,113.8,-0.2,0.5,-0.6,0.4,-0.7,0.6,2.4,1.0,0.8,2.0,87257.0,3.9,450.0,-0.4,1.0,0.04,8276.0,0.2,4.0,0.4,1.2,0.003,1.53,0.32,5.6,17.8,7.4,0.0038,13,19,1,5,76.6,227,-152,75,1.4,0.006321,999999.99,99999.99,99999.99,0.17,0.09,0.06,-1,2017-06-27 12:00:00
2017,178,13,2508,51,52,60,36,2.3,1.8,-26.7,66.7,0.6,1.5,-0.8,1.3,-1.1,0.6,1.5,0.8,0.8,1.1,92865.0,4.6,449.0,-0.5,0.1,0.039,6084.0,0.3,1.0,0.3,0.5,0.002,1.79,0.49,8.0,20.9,7.4,0.0027,13,19,3,5,76.6,139,-96,43,1.0,0.006321,999999.99,99999.99,99999.99,0.17,0.09,0.08,-1,2017-06-27 13:00:00
2017,178,14,2508,51,52,58,33,3.0,2.2,21.4,142.7,-1.6,1.2,0.8,1.3,0.6,0.6,2.1,0.6,1.4,1.4,90009.0,4.3,447.0,0.3,0.7,0.04,4832.0,0.4,4.0,0.9,0.4,0.003,1.66,-0.27,4.34,15.4,7.1,0.005,13,19,1,5,76.6,77,-50,27,0.6,0.006321,999999.99,99999.99,99999.99,0.16,0.1,0.07,-1,2017-06-27 14:00:00
2017,178,15,2508,51,52,60,36,2.9,2.6,-38.0,153.0,-1.8,0.9,-1.6,0.7,-1.7,0.6,1.2,0.8,0.8,0.4,87242.0,4.3,444.0,0.1,0.5,0.039,6161.0,0.3,3.0,0.5,0.4,0.004,1.64,0.75,4.59,15.9,7.1,0.0047,10,19,4,4,76.6,99,-55,43,0.9,0.006321,999999.99,99999.99,99999.99,0.19,0.1,0.07,-1,2017-06-27 15:00:00
2017,178,16,2508,51,52,60,36,2.4,1.9,-50.0,72.5,0.4,1.2,-1.4,1.1,-1.5,0.9,1.7,1.3,0.9,0.5,95076.0,4.0,439.0,0.2,0.7,0.041,7080.0,0.5,2.0,0.6,0.6,0.004,1.5,0.66,6.45,18.3,7.1,0.0036,10,19,2,4,76.6,109,-68,41,0.6,0.006321,999999.99,99999.99,99999.99,0.17,0.1,0.07,-1,2017-06-27 16:00:00
2017,178,17,2508,51,52,60,34,3.3,3.2,-20.2,51.2,1.9,2.4,-1.1,2.4,-1.1,0.4,0.8,0.4,0.5,0.5,85053.0,3.8,438.0,-0.1,0.1,0.044,8256.0,0.2,3.0,0.4,0.3,0.003,1.43,0.48,3.1,12.9,6.7,0.0071,10,19,0,4,76.6,187,-130,57,-0.0,0.006321,999999.99,99999.99,99999.99,0.18,0.1,0.07,-1,2017-06-27 17:00:00
2017,178,18,2508,51,52,60,37,3.6,3.4,7.8,60.5,1.7,2.9,0.5,2.9,0.6,0.3,1.0,0.4,0.3,0.9,81848.0,3.3,444.0,-0.1,-0.5,0.049,7750.0,0.2,5.0,0.4,0.5,0.003,1.3,-0.27,2.23,11.2,6.6,0.0095,7,19,-1,3,76.6,111,-75,36,-1.3,0.006321,999999.99,99999.99,99999.99,0.17,0.1,0.08,-1,2017-06-27 18:00:00
2017,178,19,2508,51,52,61,36,3.3,3.2,-17.4,47.5,2.1,2.3,-1.0,2.4,-0.8,0.1,0.9,0.6,0.5,0.3,81563.0,3.4,452.0,0.1,-0.3,0.046,4626.0,0.1,6.0,0.3,0.4,0.004,1.37,0.36,2.73,12.6,6.9,0.0075,7,19,-2,3,76.6,70,-40,29,0.1,0.006321,999999.99,99999.99,99999.99,0.18,0.09,0.07,-1,2017-06-27 19:00:00
2017,178,20,2508,51,52,59,37,3.5,3.2,-9.9,102.8,-0.7,3.0,-0.5,3.0,-0.2,0.3,1.6,1.5,0.4,0.4,82440.0,3.5,448.0,-0.0,0.2,0.045,6455.0,0.2,5.0,0.4,0.3,0.006,1.38,0.09,2.51,12.0,6.7,0.0083,7,19,-3,3,76.6,69,-38,31,0.2,0.006321,999999.99,99999.99,99999.99,0.15,0.1,0.08,-1,2017-06-27 20:00:00
2017,178,21,2508,51,52,61,37,4.3,4.2,5.6,154.2,-3.8,1.8,0.4,1.7,0.6,0.1,0.8,0.4,0.6,0.3,77063.0,3.5,452.0,-0.2,0.8,0.038,6580.0,0.1,3.0,0.3,0.3,0.003,1.38,-0.27,1.62,9.8,6.4,0.0123,7,19,-2,3,76.6,67,-43,24,0.3,0.006321,999999.99,99999.99,99999.99,0.18,0.09,0.06,-1,2017-06-27 21:00:00
2017,178,22,2508,51,52,59,36,4.3,4.2,7.7,165.3,-4.0,1.1,0.6,1.0,0.7,0.1,0.8,0.2,0.7,0.4,83397.0,3.9,452.0,-0.5,1.0,0.042,10055.0,0.2,2.0,0.5,0.2,0.004,1.55,-0.32,1.86,10.4,6.4,0.011,7,19,1,3,76.6,53,-33,20,0.1,0.006321,999999.99,99999.99,99999.99,0.18,0.09,0.07,-1,2017-06-27 22:00:00
2017,178,23,2508,51,52,60,36,3.9,3.9,4.6,190.7,-3.8,-0.7,0.3,-0.7,0.2,0.1,0.4,0.2,0.3,0.2,79418.0,4.2,446.0,-1.8,0.9,0.037,5159.0,0.1,2.0,0.2,0.1,0.004,1.6,-0.09,2.39,11.7,6.7,0.0087,7,19,1,3,76.6,40,-16,24,-0.0,0.006321,999999.99,99999.99,99999.99,0.18,0.09,0.07,-1,2017-06-27 23:00:00
2017,179,0,2508,51,52,61,34,4.2,3.3,11.3,157.9,-3.0,1.2,0.6,1.1,0.7,0.3,2.6,1.3,2.1,0.6,78978.0,3.9,443.0,-1.3,1.1,0.032,8334.0,0.2,7.0,0.6,0.3,0.004,1.44,-0.31,1.91,10.4,6.4,0.011,13,16,3,5,74.5,50,-16,34,-0.2,0.006314,999999.99,99999.99,99999.99,0.16,0.1,0.07,-1,2017-06-28 00:00:00
2017,179,1,2508,51,52,60,36,3.8,3.4,-5.0,102.6,-0.7,3.3,-0.3,3.3,0.0,1.0,1.9,1.2,1.3,0.7,88986.0,3.9,462.0,-1.9,1.5,0.032,18861.0,0.7,5.0,1.0,0.4,0.006,1.57,-0.0,2.44,12.0,6.8,0.0083,13,16,4,5,74.5,67,-22,45,0.6,0.006314,999999.99,99999.99,99999.99,0.17,0.09,0.07,-1,2017-06-28 01:00:00
2017,179,2,2508,51,52,58,35,4.5,4.5,-24.8,30.6,3.5,2.1,-1.9,2.2,-1.8,0.6,0.9,0.6,0.6,0.4,48233.0,3.6,441.0,-1.1,0.5,0.034,13382.0,0.4,4.0,0.4,0.3,0.008,1.33,0.79,1.31,9.3,6.4,0.0138,13,16,1,5,74.5,93,-26,66,0.7,0.006314,999999.99,99999.99,99999.99,0.17,0.1,0.07,-1,2017-06-28 02:00:00
2017,179,3,2508,51,52,59,36,4.3,3.8,-13.1,73.5,1.1,3.6,-0.9,3.6,-0.9,0.4,1.8,1.4,0.8,0.8,53068.0,4.0,444.0,-0.8,1.0,0.037,6882.0,0.6,13.0,0.6,0.8,0.004,1.51,0.4,1.63,10.3,6.7,0.0112,17,16,-2,6,74.5,162,-67,95,0.7,0.006314,999999.99,99999.99,99999.99,0.2,0.09,0.07,-1,2017-06-28 03:00:00
2017,179,4,2508,51,52,62,38,4.0,3.7,-1.7,51.3,2.3,2.9,-0.1,2.9,-0.2,0.4,1.5,0.8,0.5,1.1,55510.0,4.0,448.0,0.0,0.4,0.036,14955.0,0.4,8.0,0.6,0.6,0.004,1.53,0.09,1.91,11.2,6.9,0.0095,17,16,-4,6,74.5,148,-64,84,1.9,0.006314,999999.99,99999.99,99999.99,0.18,0.09,0.06,-1,2017-06-28 04:00:00
2017,179,5,2508,51,52,56,34,4.1,1.4,-20.0,102.4,-0.3,1.3,-0.5,1.3,-0.6,0.3,3.8,3.1,2.0,0.9,63018.0,4.0,436.0,0.8,0.4,0.032,22482.0,0.6,16.0,0.6,0.9,0.005,1.43,0.26,1.89,10.6,6.5,0.0105,17,16,-5,6,74.5,97,-33,64,0.8,0.006314,999999.99,99999.99,99999.99,0.15,0.08,0.06,-1,2017-06-28 05:00:00
2017,179,6,2508,51,52,61,36,4.1,3.1,16.7,180.0,-3.0,0.0,0.9,0.1,0.9,0.2,2.7,1.5,2.1,0.7,79158.0,3.8,422.0,1.6,-0.1,0.027,15504.0,0.4,5.0,0.7,0.8,0.005,1.25,-0.38,1.95,10.0,6.1,0.0118,10,16,-2,4,74.5,119,-61,58,-0.1,0.006314,999999.99,99999.99,99999.99,0.16,0.09,0.06,-1,2017-06-28 06:00:00
2017,179,7,2508,51,52,63,38,4.8,4.6,-22.9,43.1,3.1,2.9,-1.8,2.6,-2.2,0.2,1.1,0.7,0.6,0.6,39081.0,4.1,447.0,0.5,1.3,0.028,3444.0,0.4,7.0,0.3,0.5,0.004,1.52,0.98,1.24,9.4,6.6,0.0134,10,16,-1,4,74.5,179,-88,91,1.5,0.006314,999999.99,99999.99,99999.99,0.17,0.1,0.07,-1,2017-06-28 07:00:00
2017,179,8,2508,51,52,58,36,4.7,4.6,-15.4,21.6,4.2,1.6,-1.2,1.3,-1.5,0.1,1.0,0.3,0.9,0.2,38335.0,4.0,441.0,1.0,1.1,0.032,3428.0,0.3,4.0,0.4,0.2,0.003,1.47,0.66,1.26,9.4,6.5,0.0135,10,16,-3,4,74.5,143,-96,47,1.3,0.006314,999999.99,99999.99,99999.99,0.17,0.1,0.07,-1,2017-06-28 08:00:00
2017,179,9,2508,51,52,60,36,4.7,4.6,-11.0,16.6,4.3,1.3,-0.9,1.1,-1.2,0.1,0.8,0.3,0.6,0.4,37969.0,4.4,438.0,0.7,1.2,0.031,3060.0,0.4,3.0,0.4,0.4,0.003,1.58,0.53,1.38,9.8,6.6,0.0125,13,16,1,5,74.5,195,-121,74,1.5,0.006314,999999.99,99999.99,99999.99,0.19,0.09,0.07,-1,2017-06-28 09:00:00
2017,179,10,2508,51,52,60,35,4.6,4.5,-4.6,17.2,4.3,1.3,-0.4,1.2,-0.7,0.3,1.0,0.3,0.7,0.7,55479.0,4.0,431.0,1.1,1.0,0.038,19191.0,0.3,4.0,0.4,0.5,0.006,1.43,0.3,1.45,9.4,6.2,0.0135,13,16,2,5,74.5,199,-118,81,1.8,0.006314,999999.99,99999.99,99999.99,0.17,0.1,0.08,-1,2017-06-28 10:00:00
2017,179,11,2508,51,52,61,37,4.8,4.0,-3.3,36.9,3.2,2.4,-0.2,2.3,-0.8,0.4,2.7,0.9,2.2,1.2,53110.0,4.3,434.0,1.0,1.6,0.037,11015.0,0.3,4.0,0.5,0.4,0.007,1.55,0.35,1.41,9.4,6.3,0.0135,13,16,2,5,74.5,147,-96,51,1.5,0.006314,999999.99,99999.99,99999.99,0.17,0.1,0.07,-1,2017-06-28 11:00:00
2017,179,12,2508,51,52,59,37,2.8,2.4,32.5,125.5,-1.2,1.6,1.3,1.9,0.9,0.7,1.6,1.0,0.9,0.7,88294.0,4.8,432.0,1.4,2.6,0.046,12153.0,0.3,7.0,0.8,0.6,0.005,1.77,-0.39,5.52,16.9,7.0,0.0042,7,16,3,3,74.5,92,-62,30,0.9,0.006314,999999.99,99999.99,99999.99,0.17,0.09,0.06,-1,2017-06-28 12:00:00
2017,179,13,2508,51,52,58,35,2.7,2.7,33.4,98.4,-0.3,2.2,1.5,2.5,1.0,0.5,0.8,0.5,0.4,0.5,86312.0,4.9,428.0,1.7,2.9,0.042,8864.0,0.3,5.0,1.2,0.4,0.004,1.75,-0.43,6.0,17.5,7.1,0.0039,7,16,5,3,74.5,52,-29,23,0.6,0.006314,999999.99,99999.99,99999.99,0.16,0.09,0.07,-1,2017-06-28 13:00:00
2017,179,14,2508,51,52,60,35,3.1,1.3,2.3,70.5,0.4,1.2,0.1,1.2,-0.1,0.9,2.9,2.0,1.8,1.1,71622.0,4.9,419.0,0.1,1.4,0.034,14327.0,0.7,5.0,0.5,0.5,0.003,1.63,0.04,4.24,15.0,6.9,0.0053,7,16,4,3,74.5,72,-34,39,0.9,0.006314,999999.99,99999.99,99999.99,0.16,0.1,0.07,-1,2017-06-28 14:00:00
2017,179,15,2508,51,52,59,33,4.3,4.3,11.2,131.8,-2.8,3.1,0.8,3.2,0.4,0.1,0.7,0.5,0.3,0.4,47769.0,3.8,422.0,0.6,1.1,0.031,3939.0,0.1,4.0,0.4,0.4,0.002,1.27,-0.17,1.51,9.6,6.3,0.013,3,16,2,2,74.5,68,-24,44,-0.5,0.006314,999999.99,99999.99,99999.99,0.16,0.09,0.07,-1,2017-06-28 15:00:00
2017,179,16,2508,51,52,59,35,4.0,3.9,8.4,101.2,-0.8,3.8,0.6,3.8,0.3,0.2,0.8,0.7,0.2,0.2,57409.0,4.1,414.0,0.0,0.7,0.025,5002.0,0.2,5.0,0.3,0.3,0.002,1.29,-0.12,1.98,10.5,6.4,0.0108,3,16,1,2,74.5,77,-50,27,-1.1,0.006314,999999.99,99999.99,99999.99,0.19,0.09,0.06,-1,2017-06-28 16:00:00
2017,179,17,2508,51,52,58,34,4.0,3.8,4.5,121.2,-1.9,3.2,0.3,3.2,0.2,0.2,1.3,1.2,0.4,0.3,58994.0,4.0,407.0,-0.0,0.3,0.023,3257.0,0.3,6.0,0.5,0.2,0.003,1.21,-0.08,1.95,10.2,6.2,0.0115,3,16,-1,2,74.5,129,-104,25,-1.1,0.006314,999999.99,99999.99,99999.99,0.2,0.11,0.07,-1,2017-06-28 17:00:00
2017,179,18,2508,51,52,60,36,4.1,4.0,5.9,141.8,-3.1,2.5,0.4,2.5,0.5,0.2,0.6,0.3,0.2,0.5,58421.0,3.8,398.0,-0.0,-0.4,0.023,6743.0,0.5,5.0,0.6,0.6,0.003,1.1,-0.2,1.76,9.5,6.0,0.0133,0,16,0,0,74.5,81,-53,29,-0.8,0.006314,999999.99,99999.99,99999.99,0.15,0.09,0.06,-1,2017-06-28 18:00:00
2017,179,19,2508,51,52,59,36,4.3,4.3,5.3,143.9,-3.5,2.5,0.4,2.5,0.6,0.1,0.5,0.2,0.2,0.3,41029.0,3.1,393.0,-1.2,-0.9,0.021,9377.0,0.6,5.0,0.6,0.5,0.003,0.87,-0.24,1.18,8.0,5.7,0.0184,0,16,1,0,74.5,50,-23,28,-0.7,0.006314,999999.99,99999.99,99999.99,0.18,0.09,0.07,-1,2017-06-28 19:00:00
2017,179,20,2508,51,52,61,36,4.5,4.5,5.5,148.5,-3.8,2.3,0.4,2.2,0.6,0.1,0.6,0.1,0.4,0.4,34113.0,3.0,393.0,-1.7,-1.0,0.026,7823.0,0.6,5.0,1.2,0.5,0.003,0.85,-0.24,1.0,7.6,5.5,0.0208,0,16,5,0,74.5,40,-11,29,-0.2,0.006314,999999.99,99999.99,99999.99,0.16,0.08,0.06,-1,2017-06-28 20:00:00
2017,179,21,2508,51,52,58,35,4.5,4.5,13.1,150.3,-3.8,2.2,1.0,2.1,1.3,0.0,0.5,0.1,0.4,0.3,30088.0,2.9,386.0,-2.1,-2.0,0.022,5347.0,0.5,3.0,0.4,0.3,0.003,0.79,-0.5,0.94,7.3,5.4,0.0223,3,16,8,2,74.5,31,-9,22,-0.5,0.006314,999999.99,99999.99,99999.99,0.17,0.1,0.07,-1,2017-06-28 21:00:00
2017,179,22,2508,51,52,62,31,4.4,4.2,15.7,158.3,-3.7,1.5,1.1,1.3,1.3,0.3,1.2,0.4,1.0,0.6,44969.0,4.1,395.0,-1.2,-1.1,0.023,14420.0,1.1,10.0,1.3,0.7,0.004,1.17,-0.51,1.53,9.1,6.0,0.0144,3,16,8,2,74.5,38,-15,24,-0.2,0.006314,999999.99,99999.99,99999.99,0.17,0.1,0.08,-1,2017-06-28 22:00:00
2017,179,23,2508,51,52,60,36,4.4,4.0,6.4,140.9,-3.1,2.5,0.5,2.4,0.8,0.1,1.6,0.4,0.9,1.2,61666.0,5.8,410.0,-1.1,-0.3,0.024,5094.0,0.5,2.0,0.4,0.7,0.002,1.78,-0.33,2.37,11.2,6.4,0.0094,3,16,7,2,74.5,51,-19,32,-0.1,0.006314,999999.99,99999.99,99999.99,0.17,0.09,0.06,-1,2017-06-28 23:00:00
2017,180,0,2508,51,52,63,38,4.4,3.9,22.9,158.9,-3.3,1.3,1.5,1.1,1.6,0.3,2.0,0.6,1.7,1.0,74321.0,5.3,421.0,-0.0,-0.1,0.023,13368.0,0.6,10.0,1.6,0.6,0.002,1.71,-0.67,2.31,11.0,6.4,0.0098,3,12,6,2,74.2,44,-10,34,-0.0,0.006337,999999.99,99999.99,99999.99,0.19,0.1,0.06,-1,2017-06-29 00:00:00
2017,180,1,2508,51,52,60,37,4.2,4.1,23.4,171.9,-3.7,0.5,1.6,0.4,1.6,0.1,1.0,0.2,0.7,0.7,96593.0,5.3,436.0,1.3,0.0,0.025,5108.0,0.2,3.0,0.3,0.3,0.002,1.85,-0.7,2.81,11.9,6.5,0.0083,3,12,8,2,74.2,36,-8,28,-0.5,0.006337,999999.99,99999.99,99999.99,0.18,0.1,0.07,-1,2017-06-29 01:00:00
2017,180,2,2508,51,52,60,35,4.3,4.2,-4.5,171.1,-4.1,0.6,-0.3,0.6,-0.3,0.3,0.9,0.3,0.8,0.3,97034.0,5.3,438.0,0.0,-0.4,0.025,18032.0,0.2,4.0,0.5,0.5,0.002,1.87,0.13,2.69,11.7,6.4,0.0087,3,12,8,2,74.2,39,-14,25,-0.6,0.006337,999999.99,99999.99,99999.99,0.16,0.09,0.07,-1,2017-06-29 02:00:00
2017,180,3,2508,51,52,60,36,3.9,3.6,-1.5,171.6,-3.5,0.5,-0.1,0.5,-0.1,0.2,1.5,0.6,1.0,0.8,102236.0,5.5,437.0,0.0,1.3,0.026,8311.0,0.3,3.0,0.4,0.5,0.001,1.94,0.04,3.47,13.1,6.6,0.0069,17,12,6,6,74.2,56,-17,40,-0.4,0.006337,999999.99,99999.99,99999.99,0.19,0.11,0.08,-1,2017-06-29 03:00:00
2017,180,4,2508,51,52,58,35,3.9,3.0,-55.3,96.0,-0.2,1.7,-2.5,1.6,-2.6,0.4,2.5,1.8,0.5,1.6,92776.0,6.0,421.0,0.3,0.0,0.026,7233.0,0.2,6.0,0.4,0.8,0.002,1.96,1.09,3.63,13.2,6.5,0.0068,17,12,10,6,74.2,70,-13,57,-0.2,0.006337,999999.99,99999.99,99999.99,0.2,0.1,0.08,-1,2017-06-29 04:00:00
2017,180,5,2508,51,52,61,37,5.2,4.6,-44.9,23.2,3.0,1.3,-3.3,1.0,-3.4,0.4,2.4,1.5,1.4,1.3,70156.0,5.9,427.0,0.4,1.5,0.02,17430.0,0.4,8.0,0.8,0.9,0.005,1.94,1.45,1.8,10.0,6.2,0.012,17,12,8,6,74.2,165,-31,134,0.6,0.006337,999999.99,99999.99,99999.99,0.19,0.1,0.07,-1,2017-06-29 05:00:00
2017,180,6,2508,51,52,60,35,5.4,5.1,42.0,180.8,-3.8,-0.1,3.4,0.3,3.4,0.1,1.7,0.4,1.6,0.4,102035.0,6.6,431.0,1.5,-0.1,0.015,8897.0,0.7,5.0,0.4,0.7,0.003,2.17,-1.47,2.17,10.3,6.0,0.0113,20,12,-2,7,74.2,414,-303,111,1.6,0.006337,999999.99,99999.99,99999.99,0.17,0.1,0.07,-1,2017-06-29 06:00:00
2017,180,7,2508,51,52,61,37,5.7,5.2,-8.0,135.6,-3.7,3.6,-0.7,3.4,-1.3,0.2,2.3,0.6,1.0,2.0,88835.0,6.5,427.0,-0.5,1.5,0.012,15048.0,1.1,6.0,0.7,1.4,0.002,2.07,0.56,1.81,9.5,6.0,0.013,20,12,3,7,74.2,244,-159,85,1.1,0.006337,999999.99,99999.99,99999.99,0.17,0.09,0.07,-1,2017-06-29 07:00:00
2017,180,8,2508,51,52,57,34,5.2,4.4,-39.0,104.8,-0.9,3.3,-2.8,2.7,-3.4,0.3,2.8,1.8,1.2,1.7,92077.0,6.7,430.0,-0.0,2.0,0.011,11540.0,0.4,4.0,0.5,1.0,0.002,2.16,1.46,2.27,10.7,6.2,0.0104,20,12,3,7,74.2,192,-94,98,2.7,0.006337,999999.99,99999.99,99999.99,0.18,0.1,0.07,-1,2017-06-29 08:00:00
2017,180,9,2508,51,52,61,37,5.2,4.3,8.9,138.3,-3.1,2.8,0.7,2.9,0.1,0.3,2.9,1.8,1.0,2.0,90390.0,5.9,415.0,0.4,0.7,0.015,17083.0,1.2,11.0,0.9,1.1,0.003,1.8,-0.04,1.99,9.7,5.9,0.0127,17,12,-2,6,74.2,289,-182,107,1.9,0.006337,999999.99,99999.99,99999.99,0.17,0.08,0.06,-1,2017-06-29 09:00:00
2017,180,10,2508,51,52,59,35,4.7,4.5,28.9,144.5,-3.2,2.3,2.2,2.8,1.6,0.4,1.4,0.5,0.7,1.1,82036.0,5.8,415.0,0.3,-0.8,0.013,5391.0,0.5,2.0,0.4,0.5,0.001,1.75,-0.66,2.3,10.6,6.2,0.0105,17,12,-2,6,74.2,156,-95,60,1.0,0.006337,999999.99,99999.99,99999.99,0.19,0.1,0.07,-1,2017-06-29 10:00:00
2017,180,11,2508,51,52,61,36,4.2,4.1,24.2,151.3,-3.3,1.8,1.7,2.2,1.2,0.4,0.8,0.3,0.5,0.5,64164.0,4.6,408.0,-0.3,-1.5,0.013,11992.0,1.3,4.0,0.4,0.8,0.002,1.35,-0.49,2.09,10.4,6.2,0.011,17,12,-1,6,74.2,66,-24,41,0.8,0.006337,999999.99,99999.99,99999.99,0.2,0.11,0.07,-1,2017-06-29 11:00:00
2017,180,12,2508,51,52,59,32,3.6,3.5,5.9,178.5,-3.5,0.1,0.4,0.2,0.4,0.0,0.4,0.1,0.3,0.2,51040.0,2.7,408.0,1.3,-1.8,0.014,5458.0,0.6,4.0,0.5,0.3,0.001,0.79,-0.16,1.55,9.3,6.1,0.0137,7,12,-4,3,74.2,38,-19,19,0.2,0.006337,999999.99,99999.99,99999.99,0.18,0.1,0.07,-1,2017-06-29 12:00:00
2017,180,13,2508,51,52,60,34,3.5,3.5,-1.4,184.0,-3.5,-0.2,-0.1,-0.2,-0.1,0.0,0.4,0.1,0.3,0.3,46995.0,2.4,405.0,2.1,-1.1,0.014,4335.0,0.5,3.0,0.3,0.4,0.001,0.69,0.04,1.43,9.0,6.0,0.0148,7,12,-5,3,74.2,33,-19,14,0.4,0.006337,999999.99,99999.99,99999.99,0.17,0.1,0.07,-1,2017-06-29 13:00:00
2017,180,14,2508,51,52,60,35,3.2,3.2,2.7,183.6,-3.2,-0.2,0.2,-0.2,0.2,0.1,0.2,0.1,0.2,0.1,41355.0,2.0,401.0,2.9,-1.4,0.014,3613.0,0.3,2.0,0.3,0.2,0.0,0.57,-0.08,1.38,8.9,6.0,0.0151,7,12,-4,3,74.2,61,-40,21,0.3,0.006337,999999.99,99999.99,99999.99,0.18,0.11,0.08,-1,2017-06-29 14:00:00
2017,180,15,2508,51,52,59,30,3.5,3.5,6.3,180.7,-3.5,0.0,0.4,0.1,0.4,0.2,0.3,0.2,0.2,0.2,46715.0,2.5,399.0,2.8,-1.0,0.011,4628.0,0.7,5.0,0.3,0.4,0.001,0.69,-0.16,1.49,9.0,6.0,0.0146,7,12,-3,3,74.2,57,-34,23,0.3,0.006337,999999.99,99999.99,99999.99,0.19,0.11,0.08,-1,2017-06-29 15:00:00
2017,180,16,2508,51,52,59,36,3.5,3.5,3.3,183.8,-3.5,-0.2,0.2,-0.2,0.2,0.2,0.4,0.2,0.3,0.2,46443.0,2.8,396.0,3.6,-0.2,0.011,4247.0,0.6,3.0,0.6,0.5,0.001,0.77,-0.08,1.66,9.5,6.1,0.0133,7,12,-2,3,74.2,32,-18,15,0.3,0.006337,999999.99,99999.99,99999.99,99999.99,99999.99,99999.99,0,2017-06-29 16:00:00
2017,180,17,2508,51,52,60,35,4.2,4.2,7.7,183.2,-4.1,-0.2,0.6,-0.2,0.6,0.4,0.6,0.4,0.4,0.2,46089.0,3.2,391.0,3.5,0.2,0.01,4325.0,0.4,3.0,0.7,0.2,0.002,0.85,-0.23,1.32,8.3,5.7,0.0172,7,12,1,3,74.2,37,-18,19,0.4,0.006337,999999.99,99999.99,99999.99,0.16,0.09,0.06,-1,2017-06-29 17:00:00
2017,180,18,2508,51,52,59,34,4.5,4.5,-1.8,179.9,-4.5,0.0,-0.1,0.0,-0.1,0.3,0.4,0.3,0.2,0.1,42508.0,2.6,383.0,3.1,1.2,0.017,12888.0,0.5,5.0,0.5,0.3,0.002,0.68,0.04,0.91,6.9,5.1,0.0253,7,12,0,3,74.2,52,-24,29,0.5,0.006337,999999.99,99999.99,99999.99,0.17,0.09,0.07,-1,2017-06-29 18:00:00
2017,180,19,2508,51,52,59,36,4.0,3.9,-2.1,170.3,-3.9,0.7,-0.1,0.7,-0.1,0.1,0.4,0.2,0.3,0.2,48142.0,2.9,378.0,3.0,1.4,0.012,11129.0,0.4,4.0,0.4,0.2,0.0,0.73,0.04,1.33,8.0,5.5,0.0184,7,12,-3,3,74.2,52,-23,29,0.1,0.006337,999999.99,99999.99,99999.99,0.18,0.1,0.08,-1,2017-06-29 19:00:00
2017,180,20,2508,51,52,60,37,3.4,3.3,-2.0,141.9,-2.6,2.0,-0.1,2.0,0.1,0.2,0.9,0.6,0.6,0.3,41316.0,3.2,380.0,1.7,1.5,0.011,6908.0,0.5,5.0,1.0,0.5,0.002,0.81,-0.04,1.95,10.0,6.1,0.0119,7,12,-4,3,74.2,79,-44,36,0.3,0.006337,999999.99,99999.99,99999.99,0.17,0.1,0.07,-1,2017-06-29 20:00:00
2017,180,21,2508,51,52,59,36,3.2,3.1,-2.3,143.3,-2.5,1.8,-0.1,1.8,0.1,0.2,0.8,0.5,0.3,0.6,39120.0,3.4,376.0,2.1,1.6,0.011,7523.0,0.6,5.0,0.6,0.7,0.001,0.84,-0.04,2.31,10.8,6.3,0.0101,7,12,-4,3,74.2,91,-53,37,0.5,0.006337,999999.99,99999.99,99999.99,0.19,0.11,0.08,-1,2017-06-29 21:00:00
2017,180,22,2508,51,52,58,36,2.9,2.9,9.6,146.8,-2.4,1.5,0.5,1.4,0.7,0.1,0.4,0.1,0.2,0.3,47772.0,4.1,370.0,2.0,1.1,0.012,4428.0,0.4,3.0,0.4,0.2,0.001,0.98,-0.26,3.57,12.9,6.4,0.0071,7,12,-2,3,74.2,54,-25,29,0.4,0.006337,999999.99,99999.99,99999.99,0.18,0.09,0.07,-1,2017-06-29 22:00:00
2017,180,23,2508,51,52,59,35,2.9,2.9,8.1,149.7,-2.4,1.4,0.4,1.3,0.6,0.0,0.6,0.1,0.3,0.5,43591.0,4.0,362.0,2.5,1.3,0.016,1741.0,0.1,2.0,0.3,0.5,0.001,0.93,-0.22,3.4,12.5,6.3,0.0076,7,12,1,3,74.2,32,-11,21,0.0,0.006337,999999.99,99999.99,99999.99,0.16,0.09,0.07,-1,2017-06-29 23:00:00
2017,181,0,2508,51,52,59,33,2.8,2.6,-4.5,138.6,-2.0,1.7,-0.2,1.7,0.0,0.1,0.9,0.4,0.5,0.6,46228.0,4.0,361.0,2.3,2.2,0.014,3809.0,0.1,1.0,0.4,0.3,0.002,0.92,-0.0,3.71,12.9,6.3,0.0072,0,11,4,0,73.9,41,-13,28,0.2,0.006324,999999.99,99999.99,99999.99,0.2,0.1,0.07,-1,2017-06-30 00:00:00
2017,181,1,2508,51,52,60,36,2.7,2.7,0.5,132.7,-1.8,1.9,0.0,1.9,0.1,0.1,0.7,0.3,0.1,0.7,44631.0,4.1,356.0,2.5,2.7,0.014,2460.0,0.1,2.0,0.3,0.2,0.001,0.92,-0.04,4.05,13.3,6.3,0.0067,0,11,7,0,73.9,38,-14,24,0.0,0.006324,999999.99,99999.99,99999.99,0.18,0.11,0.08,-1,2017-06-30 01:00:00
2017,181,2,2508,51,52,59,35,2.9,2.9,-4.3,141.9,-2.3,1.8,-0.2,1.8,-0.1,0.1,0.3,0.2,0.1,0.2,36408.0,3.8,357.0,3.5,2.8,0.014,2212.0,0.2,2.0,0.1,0.2,0.001,0.85,0.04,3.1,12.0,6.3,0.0083,0,11,6,0,73.9,48,-14,34,-0.0,0.006324,999999.99,99999.99,99999.99,0.18,0.1,0.08,-1,2017-06-30 02:00:00
2017,181,3,2508,51,52,60,36,3.0,3.0,-0.8,143.3,-2.4,1.8,0.0,1.8,0.0,0.1,0.2,0.1,0.1,0.1,35496.0,3.5,353.0,3.5,2.8,0.016,1516.0,0.1,1.0,0.1,0.1,0.002,0.77,-0.0,2.65,11.0,6.1,0.0098,3,11,2,2,73.9,46,-11,35,-0.1,0.006324,999999.99,99999.99,99999.99,0.19,0.11,0.08,-1,2017-06-30 03:00:00
2017,181,4,2508,51,52,59,35,2.5,2.5,-2.0,139.2,-1.9,1.6,-0.1,1.6,-0.2,0.2,0.4,0.2,0.1,0.3,35587.0,4.0,351.0,3.2,2.5,0.015,4105.0,0.3,2.0,0.2,0.2,0.003,0.87,0.07,4.37,14.0,6.4,0.006,3,11,-1,2,73.9,47,-8,39,0.1,0.006324,999999.99,99999.99,99999.99,0.19,0.11,0.08,-1,2017-06-30 04:00:00
2017,181,5,2508,51,52,61,36,2.5,2.5,-4.5,139.5,-1.9,1.6,-0.2,1.6,-0.3,0.1,0.4,0.1,0.2,0.4,34284.0,4.9,352.0,2.9,2.0,0.013,2051.0,0.3,2.0,0.2,0.2,0.001,1.07,0.11,5.3,15.6,6.6,0.0049,3,11,1,2,73.9,49,-10,39,0.0,0.006324,999999.99,99999.99,99999.99,0.18,0.1,0.07,-1,2017-06-30 05:00:00
2017,181,6,2508,51,52,61,37,2.5,2.4,-0.7,152.4,-2.2,1.1,0.0,1.1,-0.1,0.1,0.3,0.1,0.2,0.3,42722.0,5.6,358.0,3.0,1.3,0.013,4316.0,0.7,4.0,0.3,0.3,0.001,1.26,0.04,6.38,16.9,6.6,0.0041,7,11,1,3,73.9,55,-22,33,-0.2,0.006324,999999.99,99999.99,99999.99,0.17,0.11,0.08,-1,2017-06-30 06:00:00
2017,181,7,2508,51,52,60,36,2.7,2.6,-3.0,136.1,-1.8,1.8,-0.1,1.8,-0.4,0.2,0.7,0.4,0.3,0.5,37307.0,6.9,359.0,2.5,1.6,0.012,2927.0,0.5,2.0,0.6,0.5,0.002,1.56,0.14,6.52,17.5,6.8,0.0039,7,11,4,3,73.9,90,-32,58,0.2,0.006324,999999.99,99999.99,99999.99,0.16,0.1,0.07,-1,2017-06-30 07:00:00
2017,181,8,2508,51,52,57,32,2.3,2.0,7.6,129.2,-1.3,1.5,0.3,1.5,0.0,0.7,1.3,0.9,0.6,0.7,34386.0,7.8,358.0,2.7,1.7,0.014,4172.0,0.3,3.0,0.5,0.3,0.003,1.76,-0.0,9.98,21.7,7.0,0.0025,7,11,8,3,73.9,125,-74,50,0.2,0.006324,999999.99,99999.99,99999.99,0.19,0.11,0.07,-1,2017-06-30 08:00:00
2017,181,9,2508,51,52,59,36,1.6,1.2,-56.2,344.2,0.6,-0.2,-1.0,-0.4,-0.9,0.4,1.1,0.9,0.6,0.4,33819.0,8.2,351.0,1.4,1.2,0.013,1942.0,0.4,3.0,0.6,0.6,0.002,1.77,0.32,21.61,31.4,7.1,0.0012,7,11,9,3,73.9,70,-24,46,-0.0,0.006324,999999.99,99999.99,99999.99,0.19,0.11,0.08,-1,2017-06-30 09:00:00
2017,181,10,2508,51,52,59,36,2.4,1.3,19.5,144.2,-1.0,0.7,0.4,0.8,0.2,0.5,2.1,1.3,1.1,1.2,30684.0,7.6,342.0,0.5,1.1,0.012,2173.0,0.3,2.0,0.5,0.5,0.002,1.56,-0.07,8.73,19.6,6.7,0.0031,7,11,6,3,73.9,125,-80,45,0.4,0.006324,999999.99,99999.99,99999.99,0.18,0.1,0.07,-1,2017-06-30 10:00:00
2017,181,11,2508,51,52,60,36,2.7,2.6,9.9,134.5,-1.8,1.8,0.4,1.8,-0.1,0.2,0.7,0.3,0.3,0.5,31417.0,7.8,343.0,0.7,1.6,0.012,1269.0,0.2,1.0,0.2,0.3,0.001,1.61,0.03,7.11,17.7,6.6,0.0038,7,11,5,3,73.9,95,-43,52,0.8,0.006324,999999.99,99999.99,99999.99,0.16,0.09,0.07,-1,2017-06-30 11:00:00
2017,181,12,2508,51,52,59,35,2.8,2.6,33.1,155.2,-2.0,0.9,1.4,1.2,1.1,0.2,1.0,0.4,0.8,0.5,30980.0,8.2,341.0,-0.3,1.8,0.012,1009.0,0.3,1.0,0.4,0.2,0.001,1.67,-0.38,6.93,17.4,6.6,0.0039,10,11,6,4,73.9,162,-95,67,0.6,0.006324,999999.99,99999.99,99999.99,0.19,0.11,0.08,-1,2017-06-30 12:00:00
2017,181,13,2508,51,52,60,36,2.8,2.8,37.8,160.0,-2.0,0.7,1.7,1.1,1.5,0.1,0.6,0.2,0.5,0.2,30031.0,8.7,341.0,-1.0,1.8,0.013,734.0,0.2,1.0,0.3,0.3,0.001,1.78,-0.51,7.31,18.0,6.6,0.0037,10,11,6,4,73.9,119,-81,38,0.1,0.006324,999999.99,99999.99,99999.99,0.17,0.1,0.07,-1,2017-06-30 13:00:00
2017,181,14,2508,51,52,61,37,2.7,2.4,34.7,142.8,-1.6,1.2,1.4,1.4,1.2,0.2,1.3,0.6,1.0,0.6,30833.0,9.0,342.0,-1.3,1.8,0.015,1846.0,0.2,2.0,0.7,0.3,0.002,1.86,-0.41,8.18,19.0,6.7,0.0033,10,11,8,4,73.9,41,-21,21,-0.2,0.006324,999999.99,99999.99,99999.99,0.17,0.1,0.07,-1,2017-06-30 14:00:00
2017,181,15,2508,51,52,58,36,3.5,3.0,37.0,178.0,-2.4,0.1,1.8,0.3,1.8,0.3,1.7,0.4,1.3,1.0,32033.0,9.8,341.0,-1.1,2.2,0.016,1294.0,0.3,2.0,0.6,0.3,0.003,2.02,-0.61,5.34,15.2,6.4,0.0051,7,11,10,3,73.9,37,-16,21,-0.1,0.006324,999999.99,99999.99,99999.99,0.18,0.11,0.07,-1,2017-06-30 15:00:00
2017,181,16,2508,51,52,59,35,3.2,3.2,17.8,177.9,-3.0,0.1,1.0,0.2,1.0,0.1,0.5,0.1,0.4,0.3,34438.0,11.0,337.0,-1.6,1.7,0.017,1281.0,0.3,2.0,0.2,0.2,0.001,2.23,-0.34,7.28,17.5,6.5,0.0039,7,11,11,3,73.9,40,-17,23,0.1,0.006324,999999.99,99999.99,99999.99,0.18,0.1,0.07,-1,2017-06-30 16:00:00
2017,181,17,2508,51,52,61,37,3.5,3.2,15.8,206.6,-2.8,-1.4,0.9,-1.4,1.0,0.4,1.3,0.6,1.0,0.5,37268.0,11.9,334.0,-2.1,1.5,0.016,1957.0,0.8,2.0,0.6,0.3,0.002,2.36,-0.33,6.69,16.5,6.3,0.0044,7,11,10,3,73.9,52,-24,28,0.5,0.006324,999999.99,99999.99,99999.99,0.17,0.1,0.07,-1,2017-06-30 17:00:00
2017,181,18,2508,51,52,62,37,4.0,3.2,-12.3,100.2,-0.5,3.1,-0.7,3.1,-0.7,0.4,2.4,1.5,1.2,1.4,37119.0,11.2,346.0,-1.7,2.5,0.012,2596.0,0.5,4.0,0.6,0.5,0.002,2.35,0.24,4.82,14.5,6.4,0.0057,7,11,11,3,73.9,42,-19,23,-0.0,0.006324,999999.99,99999.99,99999.99,0.18,0.09,0.07,-1,2017-06-30 18:00:00
2017,181,19,2508,51,52,59,36,3.6,3.0,-12.1,75.3,0.7,2.9,-0.6,2.9,-0.4,1.1,2.1,1.6,0.7,1.3,52678.0,9.3,343.0,-1.2,2.0,0.019,7222.0,1.7,6.0,0.5,0.6,0.004,1.97,0.14,5.4,14.5,6.1,0.0056,7,11,9,3,73.9,55,-22,32,-0.2,0.006324,999999.99,99999.99,99999.99,0.2,0.1,0.07,-1,2017-06-30 19:00:00
2017,181,20,2508,51,52,60,37,4.6,4.3,-25.9,50.0,2.5,3.0,-1.9,3.2,-1.6,0.9,1.7,1.0,1.1,0.8,44800.0,7.3,341.0,-0.4,1.5,0.019,7892.0,1.0,3.0,0.8,0.5,0.004,1.53,0.55,2.49,10.0,5.6,0.0119,7,11,7,3,73.9,93,-53,40,0.1,0.006324,999999.99,99999.99,99999.99,0.2,0.12,0.09,-1,2017-06-30 20:00:00
2017,181,21,2508,51,52,61,34,4.5,4.3,-20.4,37.1,3.2,2.4,-1.5,2.5,-1.2,0.3,1.2,0.8,0.7,0.5,39495.0,7.6,341.0,-0.4,1.4,0.016,5909.0,0.5,2.0,0.5,0.2,0.002,1.57,0.41,2.62,10.4,5.8,0.0109,17,11,6,6,73.9,123,-85,38,0.5,0.006324,999999.99,99999.99,99999.99,0.18,0.11,0.08,-1,2017-06-30 21:00:00
2017,181,22,2508,51,52,59,36,4.5,3.6,-68.4,94.0,-0.1,1.3,-3.4,1.7,-3.2,0.8,2.7,0.9,1.8,1.8,43137.0,9.0,338.0,-0.4,1.0,0.016,3853.0,0.4,2.0,0.7,0.6,0.002,1.83,1.08,3.17,11.3,5.8,0.0094,17,11,8,6,73.9,172,-111,60,1.5,0.006324,999999.99,99999.99,99999.99,0.22,0.11,0.08,-1,2017-06-30 22:00:00
2017,181,23,2508,51,52,61,38,6.2,5.2,-15.9,74.7,1.3,4.9,-1.4,5.0,-0.9,0.8,3.3,0.8,1.0,3.0,43631.0,9.2,341.0,-0.6,1.1,0.016,6571.0,1.0,2.0,1.1,0.5,0.002,1.9,0.31,1.71,8.3,5.3,0.0171,17,11,12,6,73.9,200,-104,96,2.4,0.006324,999999.99,99999.99,99999.99,0.2,0.12,0.09,-1,2017-06-30 23:00:00
2017,182,0,2508,51,52,60,36,5.0,4.5,-9.6,89.6,0.0,4.5,-0.8,4.6,-0.4,0.4,2.2,1.6,0.7,1.3,47036.0,9.8,347.0,-1.3,1.2,0.017,4854.0,0.7,2.0,0.6,0.2,0.003,2.1,0.14,2.86,10.9,5.8,0.0101,17,23,14,6,73.1,109,-42,68,1.3,0.006296,999999.99,99999.99,99999.99,0.19,0.11,0.07,-1,2017-07-01 00:00:00
2017,182,1,2508,51,52,61,35,4.8,4.3,-27.8,77.4,0.8,3.8,-2.0,3.9,-1.7,0.2,2.0,0.9,0.7,1.6,41082.0,10.3,345.0,-0.6,0.8,0.016,4435.0,0.4,3.0,0.6,0.5,0.002,2.18,0.59,3.15,11.5,6.0,0.0089,17,23,12,6,73.1,92,-24,68,0.7,0.006296,999999.99,99999.99,99999.99,0.18,0.11,0.08,-1,2017-07-01 01:00:00
2017,182,2,2508,51,52,61,37,4.9,4.6,-18.2,91.3,-0.1,4.4,-1.4,4.4,-1.3,0.5,1.3,0.8,0.6,0.9,46039.0,10.9,353.0,-1.8,0.4,0.017,3837.0,0.4,3.0,0.6,0.9,0.002,2.42,0.46,3.29,11.9,6.1,0.0084,17,23,9,6,73.1,108,-28,80,0.5,0.006296,999999.99,99999.99,99999.99,0.18,0.09,0.07,-1,2017-07-01 02:00:00
2017,182,3,2508,51,52,60,36,5.6,4.6,4.1,115.7,-2.0,4.1,0.3,4.1,0.3,0.3,3.2,0.7,1.3,2.9,48909.0,11.2,359.0,-3.3,0.4,0.013,5022.0,0.6,3.0,0.7,0.6,0.001,2.54,-0.11,2.63,10.7,5.9,0.0103,33,23,6,18,73.1,147,-61,86,0.6,0.006296,999999.99,99999.99,99999.99,0.17,0.1,0.07,-1,2017-07-01 03:00:00
2017,182,4,2508,51,52,58,12,6.8,6.2,-70.8,55.5,1.1,1.7,-5.8,1.4,-5.9,0.5,2.8,1.5,2.3,0.5,32800.0,10.9,357.0,-3.4,0.1,0.009,3527.0,0.7,7.0,0.9,0.6,0.002,2.4,2.11,1.58,8.7,5.6,0.0158,33,23,3,18,73.1,257,-83,174,1.4,0.006296,999999.99,99999.99,99999.99,0.19,0.1,0.08,-1,2017-07-01 04:00:00
2017,182,5,2508,51,52,59,16,8.0,7.8,-35.6,110.7,-2.2,5.9,-4.6,5.4,-5.2,0.4,1.6,0.7,1.0,1.0,33826.0,11.3,346.0,-4.7,-0.4,0.011,1775.0,0.8,4.0,0.3,0.4,0.003,2.36,1.8,1.19,7.3,5.1,0.0225,33,23,-12,18,73.1,794,-558,237,3.7,0.006296,999999.99,99999.99,99999.99,0.22,0.11,0.08,-1,2017-07-01 05:00:00
2017,182,6,2508,51,52,61,22,8.7,8.6,-17.0,112.1,-3.1,7.6,-2.5,7.2,-3.6,0.4,1.4,0.9,0.5,1.0,38649.0,13.2,348.0,-4.9,-0.5,0.014,2744.0,0.6,3.0,0.5,0.4,0.002,2.82,1.25,1.21,7.3,5.1,0.0225,27,23,-13,12,73.1,487,-258,229,3.8,0.006296,999999.99,99999.99,99999.99,0.18,0.11,0.08,-1,2017-07-01 06:00:00
2017,182,7,2508,51,52,61,31,9.0,8.9,0.2,102.3,-1.9,8.7,0.0,8.6,-1.6,0.2,1.0,0.5,0.2,0.8,51447.0,18.4,354.0,-5.8,-0.3,0.02,5220.0,2.1,2.0,0.4,0.3,0.005,4.16,0.57,1.7,8.4,5.4,0.0167,27,23,-8,12,73.1,292,-167,124,3.2,0.006296,999999.99,99999.99,99999.99,0.18,0.11,0.08,-1,2017-07-01 07:00:00
2017,182,8,2508,51,52,58,9,8.3,7.3,49.6,96.5,-0.5,4.7,5.6,5.8,4.5,0.8,4.0,1.8,2.8,2.1,53969.0,19.6,355.0,-5.0,-0.7,0.015,6703.0,0.8,2.0,1.0,0.6,0.002,4.37,-1.6,2.16,9.5,5.6,0.0133,27,23,0,12,73.1,236,-138,98,2.7,0.006296,999999.99,99999.99,99999.99,0.16,0.1,0.08,-1,2017-07-01 08:00:00
2017,182,9,2508,51,52,60,17,7.8,6.8,44.2,147.0,-4.1,2.6,4.7,3.6,3.9,0.2,3.8,1.5,3.0,1.8,58195.0,20.7,346.0,-3.9,-1.4,0.015,4221.0,1.4,3.0,1.2,0.7,0.003,4.39,-1.35,2.64,10.1,5.6,0.0117,17,23,8,6,73.1,75,-21,53,2.0,0.006296,999999.99,99999.99,99999.99,0.17,0.1,0.07,-1,2017-07-01 09:00:00
2017,182,10,2508,51,52,65,32,9.0,5.8,27.1,128.2,-3.2,4.1,2.6,4.6,1.5,1.0,6.9,0.8,4.9,4.8,64891.0,14.3,365.0,0.1,1.9,0.012,15722.0,5.4,9.0,2.3,1.6,0.004,3.33,-0.55,1.42,7.7,5.1,0.0202,17,23,7,6,73.1,83,-24,60,0.9,0.006296,999999.99,99999.99,99999.99,0.16,0.1,0.07,-1,2017-07-01 10:00:00
2017,182,11,2508,51,52,61,31,9.7,9.6,6.7,108.4,-3.0,9.0,1.1,9.0,-1.2,0.3,1.2,0.7,0.2,0.9,81374.0,8.5,377.0,1.5,3.7,0.016,21125.0,0.5,7.0,1.7,1.2,0.002,2.15,0.45,0.79,5.7,4.4,0.0371,17,23,2,6,73.1,149,-19,130,2.4,0.006296,999999.99,99999.99,99999.99,0.16,0.1,0.07,-1,2017-07-01 11:00:00
2017,182,12,2508,51,52,59,12,9.3,9.1,10.5,102.8,-2.0,8.7,1.7,8.9,-0.5,0.2,1.7,0.9,0.4,1.3,89140.0,9.5,374.0,1.7,3.0,0.019,51576.0,0.6,9.0,1.2,0.9,0.002,2.39,0.19,0.99,6.2,4.5,0.031,27,23,3,12,73.1,282,-143,139,2.0,0.006296,999999.99,99999.99,99999.99,0.18,0.11,0.08,-1,2017-07-01 12:00:00
2017,182,13,2508,51,52,61,12,9.0,8.4,-19.9,91.9,-0.3,7.9,-2.8,7.1,-4.5,0.8,3.1,1.1,2.2,1.9,87515.0,10.8,373.0,1.6,4.1,0.015,57769.0,1.8,12.0,1.6,0.7,0.003,2.66,1.68,1.2,6.8,4.8,0.0256,27,23,4,12,73.1,265,-143,121,1.8,0.006296,999999.99,99999.99,99999.99,0.17,0.1,0.07,-1,2017-07-01 13:00:00
2017,182,14,2508,51,52,58,17,8.5,7.7,-17.9,95.7,-0.7,7.3,-2.4,6.7,-3.7,0.8,3.5,1.9,2.0,2.1,78845.0,11.1,375.0,1.4,2.9,0.012,42660.0,3.0,14.0,1.6,1.4,0.002,2.73,1.39,1.32,7.3,5.0,0.022,27,23,-1,12,73.1,370,-245,125,1.9,0.006296,999999.99,99999.99,99999.99,0.18,0.1,0.07,-1,2017-07-01 14:00:00
2017,182,15,2508,51,52,58,33,9.5,8.4,-13.2,82.4,1.1,8.1,-1.9,7.7,-3.1,1.1,4.4,2.1,2.6,2.8,53922.0,12.7,375.0,1.6,3.8,0.01,11560.0,4.2,8.0,2.4,1.1,0.002,3.1,1.16,1.07,7.0,5.1,0.024,30,23,-5,15,73.1,338,-200,138,1.1,0.006296,999999.99,99999.99,99999.99,0.2,0.11,0.08,-1,2017-07-01 15:00:00
2017,182,16,2508,51,52,62,15,10.6,10.5,15.5,93.2,-0.6,10.1,2.8,10.3,1.8,0.2,1.5,0.8,0.4,1.2,41361.0,8.0,364.0,-0.8,0.6,0.011,3313.0,0.4,4.0,0.2,0.5,0.001,1.85,-0.66,0.5,4.9,4.1,0.0504,30,23,-5,15,73.1,223,-108,116,-1.5,0.006296,999999.99,99999.99,99999.99,0.17,0.11,0.08,-1,2017-07-01 16:00:00
2017,182,17,2508,51,52,66,20,13.0,12.7,7.5,88.6,0.3,12.6,1.7,12.7,1.1,3.1,4.0,1.3,3.2,2.1,35639.0,8.3,379.0,-1.2,-0.2,0.011,4203.0,2.2,20.0,1.8,2.5,0.005,2.08,-0.42,0.34,4.2,3.7,0.0674,30,23,6,15,73.1,367,-191,176,-1.5,0.006296,999999.99,99999.99,99999.99,0.18,0.1,0.07,-1,2017-07-01 17:00:00
2017,182,18,2508,51,52,55,28,18.2,18.0,8.1,85.6,1.4,17.8,2.5,17.8,2.6,0.5,2.1,1.4,0.5,1.5,20837.0,13.8,411.0,-0.7,-4.7,0.005,7696.0,3.8,10.0,0.8,1.0,0.002,3.97,-1.07,0.26,4.2,3.8,0.0676,33,23,10,18,73.1,258,-135,123,-1.7,0.006296,999999.99,99999.99,99999.99,0.17,0.1,0.07,-1,2017-07-01 18:00:00
2017,182,19,2508,51,52,63,36,16.4,13.5,57.4,155.2,-6.6,3.0,11.4,2.5,11.5,1.4,9.2,3.7,7.3,4.2,91210.0,13.2,415.0,0.7,-4.0,0.023,34881.0,2.8,10.0,1.3,1.5,0.011,4.15,-4.77,0.45,4.6,3.9,0.0563,33,23,8,18,73.1,126,-37,89,-0.3,0.006296,999999.99,99999.99,99999.99,0.17,0.1,0.08,-1,2017-07-01 19:00:00
2017,182,20,2508,51,52,58,36,16.3,15.1,38.0,118.2,-5.6,10.5,9.3,9.7,10.1,0.5,5.9,2.1,3.8,4.0,93003.0,13.3,409.0,1.1,-4.7,0.029,10530.0,0.8,3.0,0.8,0.7,0.003,4.15,-4.13,0.46,4.6,3.9,0.0568,33,23,11,18,73.1,80,-5,75,-1.6,0.006296,999999.99,99999.99,99999.99,0.19,0.11,0.08,-1,2017-07-01 20:00:00
2017,182,21,2508,51,52,60,34,14.1,13.2,42.1,127.7,-6.0,7.7,8.8,6.8,9.5,0.5,4.8,2.7,3.4,2.1,107611.0,12.3,414.0,-1.0,-7.0,0.017,23828.0,2.2,11.0,1.9,1.6,0.004,3.76,-3.93,0.61,5.1,4.2,0.0449,20,23,9,7,73.1,52,-6,46,-1.6,0.006296,999999.99,99999.99,99999.99,0.16,0.08,0.06,-1,2017-07-01 21:00:00
2017,182,22,2508,51,52,62,38,15.7,14.9,34.2,103.8,-2.9,12.0,8.4,11.0,9.6,0.5,5.1,2.9,3.2,2.7,57369.0,7.7,408.0,-2.7,-9.0,0.012,15293.0,2.4,7.0,1.6,1.3,0.003,2.24,-3.92,0.24,3.6,3.3,0.0915,20,23,2,7,73.1,49,-16,34,-1.6,0.006296,999999.99,99999.99,99999.99,0.18,0.08,0.06,-1,2017-07-01 22:00:00
2017,182,23,2508,51,52,57,24,16.0,15.7,34.5,103.4,-3.0,12.6,8.9,11.6,10.1,0.3,2.8,1.6,1.5,1.7,68840.0,3.3,403.0,-5.3,-10.5,0.008,22672.0,0.6,10.0,2.3,2.5,0.0,0.92,-4.07,0.11,2.3,2.2,0.2273,20,23,-2,7,73.1,46,-17,29,-1.0,0.006296,999999.99,99999.99,99999.99,0.18,0.1,0.07,-1,2017-07-01 23:00:00
2017,183,0,2508,51,52,57,29,12.7,8.1,45.3,174.3,-5.7,0.6,5.8,0.1,5.8,3.4,10.3,2.3,9.7,2.5,200962.0,9.7,395.0,3.3,-5.4,0.019,126673.0,4.9,17.0,7.6,3.6,0.008,2.72,-2.29,0.82,4.8,3.7,0.0507,27,13,6,12,73.6,120,-49,71,0.6,0.006268,999999.99,99999.99,99999.99,0.17,0.09,0.07,-1,2017-07-02 00:00:00
2017,183,1,2508,51,52,49,27,14.8,14.4,34.8,191.7,-11.6,-2.4,8.2,-2.9,8.0,0.5,3.0,0.9,2.8,0.5,82219.0,5.3,352.0,8.3,-10.2,9.999,20005.0,0.6,14.0,3.5,1.5,9.999,1.31,-2.82,0.21,2.7,2.5,0.1587,27,13,0,12,73.6,51,-21,29,-0.9,0.006268,999999.99,99999.99,99999.99,0.18,0.09,0.07,-1,2017-07-02 01:00:00
2017,183,2,2508,51,52,73,29,14.9,14.1,34.7,145.2,-9.5,6.6,8.0,6.4,8.2,0.3,4.7,3.5,2.9,1.1,76225.0,5.4,352.0,-1.5,-11.1,9.999,22801.0,0.7,31.0,2.8,1.6,9.999,1.34,-2.89,0.21,2.7,2.5,0.1579,27,13,4,12,73.6,32,-14,18,-1.3,0.006268,999999.99,99999.99,99999.99,0.17,0.1,0.07,-1,2017-07-02 02:00:00
2017,183,3,2508,51,52,66,37,14.6,14.1,13.6,77.3,3.0,13.4,3.3,13.5,3.1,0.7,4.0,2.4,1.2,2.9,67740.0,3.4,445.0,-6.6,-4.5,0.018,35659.0,0.9,21.0,1.7,3.3,0.002,1.21,-1.38,0.13,2.8,2.7,0.1506,27,13,5,12,73.6,66,-27,39,2.1,0.006268,999999.99,99999.99,99999.99,0.18,0.09,0.07,-1,2017-07-02 03:00:00
2017,183,4,2508,51,52,62,32,13.8,12.7,-6.3,68.4,4.6,11.7,-1.4,11.6,-2.1,0.6,4.9,2.4,2.7,3.3,77419.0,6.2,452.0,-2.4,1.2,0.025,42412.0,1.6,20.0,1.7,3.8,0.003,2.33,0.95,0.28,4.1,3.7,0.0715,27,13,4,12,73.6,282,-112,170,2.0,0.006268,999999.99,99999.99,99999.99,0.17,0.09,0.07,-1,2017-07-02 04:00:00
2017,183,5,2508,51,52,63,37,13.7,12.6,-14.2,49.9,7.9,9.3,-3.1,8.9,-4.1,1.0,5.5,2.5,1.4,4.7,152027.0,3.8,494.0,-1.1,6.4,0.026,59855.0,2.2,20.0,1.9,4.2,0.004,1.71,2.03,0.24,3.5,3.2,0.0963,27,13,-10,12,73.6,384,-237,147,1.5,0.006268,999999.99,99999.99,99999.99,0.18,0.1,0.07,-1,2017-07-02 05:00:00
2017,183,6,2508,51,52,59,36,13.8,12.2,-22.7,47.0,7.7,8.2,-4.7,7.4,-5.9,0.9,6.4,3.7,1.9,4.8,160243.0,4.6,479.0,-0.3,6.3,0.02,47000.0,1.6,26.0,1.3,3.3,0.007,1.9,2.83,0.29,3.7,3.3,0.0858,43,13,-18,32,73.6,833,-577,256,5.4,0.006268,999999.99,99999.99,99999.99,0.18,0.1,0.07,-1,2017-07-02 06:00:00
2017,183,7,2508,51,52,57,35,13.5,13.4,-33.3,31.3,9.6,5.8,-7.4,4.3,-8.4,0.4,1.2,0.4,0.9,0.6,159566.0,5.3,476.0,-0.3,6.0,0.009,32147.0,0.8,9.0,1.0,1.4,0.001,2.08,4.0,0.35,4.1,3.6,0.0722,43,13,-22,32,73.6,741,-497,245,4.2,0.006268,999999.99,99999.99,99999.99,0.18,0.09,0.06,-1,2017-07-02 07:00:00
2017,183,8,2508,51,52,55,30,11.2,8.1,-15.7,51.1,4.9,6.1,-2.2,5.5,-3.5,1.7,7.6,3.5,3.2,6.0,144451.0,9.2,446.0,0.2,2.0,0.021,29060.0,3.8,20.0,1.9,3.3,0.006,3.31,1.56,0.83,6.0,4.6,0.0326,43,13,-23,32,73.6,776,-495,281,3.1,0.006268,999999.99,99999.99,99999.99,0.22,0.1,0.07,-1,2017-07-02 08:00:00
2017,183,9,2508,51,52,53,32,11.2,10.6,46.7,110.5,-2.5,6.8,7.7,8.5,5.8,0.4,3.4,2.6,1.5,1.5,85734.0,8.1,395.0,-0.4,-5.1,0.023,27753.0,1.9,18.0,2.0,2.1,0.003,2.3,-2.29,0.58,5.0,4.1,0.0472,43,13,-16,32,73.6,187,-111,76,2.2,0.006268,999999.99,99999.99,99999.99,0.17,0.1,0.07,-1,2017-07-02 09:00:00
2017,183,10,2508,51,52,69,40,10.9,8.3,44.5,109.4,-2.0,5.6,5.8,6.9,4.2,0.8,6.7,4.1,3.9,3.6,83856.0,7.2,404.0,-0.9,-4.6,0.018,42567.0,3.3,35.0,3.9,3.3,0.007,2.1,-1.7,0.54,5.0,4.1,0.0481,43,13,-3,32,73.6,139,-52,87,2.1,0.006268,999999.99,99999.99,99999.99,0.17,0.09,0.07,-1,2017-07-02 10:00:00
2017,183,11,2508,51,52,64,37,8.0,5.3,-34.4,251.0,-1.4,-4.1,-3.0,-4.7,-1.8,1.7,6.2,3.1,3.7,3.8,64133.0,17.7,456.0,-0.8,-1.7,0.014,17161.0,4.3,12.0,1.0,1.2,0.006,6.49,0.82,2.21,12.0,7.0,0.0083,43,13,1,32,73.6,339,-173,166,0.9,0.006268,999999.99,99999.99,99999.99,0.17,0.09,0.07,-1,2017-07-02 11:00:00
2017,183,12,2508,51,52,59,36,8.6,8.5,31.4,47.9,4.8,5.4,4.4,6.3,2.9,0.6,1.3,0.5,0.5,1.1,17323.0,11.3,473.0,0.1,-1.5,0.034,11426.0,4.4,5.0,0.7,1.1,0.007,4.8,-1.37,0.93,9.2,6.9,0.0139,27,13,-10,12,73.6,225,-108,117,0.7,0.006268,999999.99,99999.99,99999.99,0.16,0.09,0.06,-1,2017-07-02 12:00:00
2017,183,13,2508,51,52,61,36,8.7,8.6,24.3,51.1,4.9,6.1,3.5,6.7,2.0,0.2,1.4,0.7,0.8,1.0,22115.0,3.5,474.0,-0.5,-3.0,0.025,12494.0,3.2,10.0,1.1,1.0,0.007,1.44,-0.95,0.29,5.1,4.6,0.0458,27,13,-17,12,73.6,133,-48,84,0.5,0.006268,999999.99,99999.99,99999.99,0.17,0.1,0.07,-1,2017-07-02 13:00:00
2017,183,14,2508,51,52,60,36,8.7,8.7,25.7,63.1,3.5,7.0,3.8,7.6,2.4,0.1,0.7,0.6,0.2,0.4,26721.0,0.8,476.0,0.1,-1.8,0.029,22089.0,0.1,7.0,0.5,0.8,0.003,0.34,-1.14,0.07,2.4,2.4,0.1987,27,13,-18,12,73.6,128,-51,77,-0.2,0.006268,999999.99,99999.99,99999.99,0.16,0.09,0.06,-1,2017-07-02 14:00:00
2017,183,15,2508,51,52,64,37,8.7,8.6,23.9,69.3,2.8,7.4,3.5,7.8,2.3,0.1,0.8,0.4,0.3,0.6,68934.0,1.4,500.0,-1.7,1.5,0.033,20268.0,0.5,15.0,0.8,1.7,0.008,0.66,-1.15,0.15,3.4,3.2,0.1029,17,13,-13,6,73.6,123,-67,55,-0.7,0.006268,999999.99,99999.99,99999.99,0.19,0.1,0.07,-1,2017-07-02 15:00:00
2017,183,16,2508,51,52,58,36,9.2,8.6,39.2,104.0,-1.6,6.5,5.5,7.0,4.8,0.2,3.0,2.5,1.2,1.2,36763.0,2.8,514.0,-4.2,2.6,0.027,8366.0,0.6,7.0,1.2,0.9,0.004,1.37,-2.47,0.23,4.7,4.3,0.0544,17,13,-10,6,73.6,75,-35,40,-2.9,0.006268,999999.99,99999.99,99999.99,0.17,0.1,0.07,-1,2017-07-02 16:00:00
2017,183,17,2508,51,52,59,36,8.9,8.8,49.8,136.7,-4.1,3.9,6.7,4.2,6.5,0.2,1.5,0.9,1.2,0.2,30322.0,2.2,481.0,-3.5,0.3,0.023,10186.0,0.6,12.0,1.1,1.1,0.005,0.93,-3.13,0.18,4.0,3.7,0.074,17,13,-9,6,73.6,63,-6,57,-3.3,0.006268,999999.99,99999.99,99999.99,0.18,0.09,0.06,-1,2017-07-02 17:00:00
2017,183,18,2508,51,52,59,35,8.9,8.7,49.3,94.8,-0.5,5.7,6.6,5.7,6.6,0.2,1.5,1.3,0.6,0.6,38982.0,2.6,491.0,-2.8,2.8,0.015,8086.0,0.8,9.0,0.8,1.1,0.003,1.11,-3.24,0.23,4.4,4.1,0.0601,30,13,-9,15,73.6,57,-19,38,-4.3,0.006268,999999.99,99999.99,99999.99,0.16,0.09,0.06,-1,2017-07-02 18:00:00
2017,183,19,2508,51,52,59,33,9.6,9.5,47.1,79.9,1.1,6.4,6.9,6.1,7.1,0.3,1.3,1.1,0.6,0.2,37978.0,2.5,477.0,0.2,4.0,0.014,8580.0,0.2,9.0,0.7,0.7,0.002,1.0,-3.39,0.19,3.9,3.6,0.0771,30,13,-1,15,73.6,64,-13,51,-1.5,0.006268,999999.99,99999.99,99999.99,0.18,0.1,0.07,-1,2017-07-02 19:00:00
2017,183,20,2508,51,52,56,34,8.8,5.8,18.1,197.2,-5.3,-1.6,1.8,-1.7,1.7,0.6,6.5,3.9,4.0,3.4,60386.0,7.1,442.0,-0.6,1.4,0.031,47641.0,2.4,15.0,0.9,1.9,0.006,2.6,-0.75,0.72,6.7,5.3,0.0266,30,13,2,15,73.6,132,-52,80,2.6,0.006268,999999.99,99999.99,99999.99,0.16,0.1,0.07,-1,2017-07-02 20:00:00
2017,183,21,2508,51,52,62,38,8.2,6.0,24.7,205.9,-4.9,-2.4,2.5,-2.6,2.3,0.6,5.6,2.4,3.1,4.0,52387.0,11.7,437.0,-0.3,-0.1,0.028,15111.0,4.3,9.0,0.8,1.5,0.008,4.15,-1.01,1.31,9.1,6.2,0.0143,33,13,0,18,73.6,112,-49,63,0.2,0.006268,999999.99,99999.99,99999.99,0.17,0.09,0.06,-1,2017-07-02 21:00:00
2017,183,22,2508,51,52,55,34,8.6,7.5,65.2,153.4,-2.8,1.4,6.8,0.7,6.9,0.8,4.1,2.7,2.5,1.7,79701.0,6.6,436.0,0.3,-1.3,0.024,15777.0,1.7,10.0,1.2,1.3,0.006,2.3,-3.01,0.77,6.5,5.0,0.028,33,13,-4,18,73.6,76,-36,40,-0.3,0.006268,999999.99,99999.99,99999.99,0.18,0.09,0.07,-1,2017-07-02 22:00:00
2017,183,23,2508,51,52,63,38,8.0,7.8,34.0,49.5,4.2,4.9,4.4,4.5,4.8,0.7,1.6,0.7,1.1,0.9,65334.0,9.6,430.0,0.4,-4.0,0.022,15635.0,2.3,12.0,1.6,0.9,0.007,3.23,-2.06,1.21,8.3,5.8,0.0172,33,13,-1,18,73.6,72,-35,37,-0.0,0.006268,999999.99,99999.99,99999.99,0.18,0.09,0.07,-1,2017-07-02 23:00:00
2017,184,0,2509,51,52,62,37,6.3,6.1,50.0,50.0,2.5,3.0,4.6,2.6,4.8,0.9,1.8,1.3,0.9,0.7,56071.0,12.6,448.0,-1.0,-2.6,0.018,8842.0,2.4,5.0,0.8,0.6,0.003,4.53,-2.15,2.44,12.6,7.2,0.0075,17,0,4,6,74.1,67,-28,39,-0.1,0.006256,999999.99,99999.99,99999.99,0.19,0.09,0.07,-1,2017-07-03 00:00:00
2017,184,1,2509,51,52,59,35,6.7,6.5,67.8,89.2,0.0,2.5,6.0,2.2,6.1,0.7,1.7,0.6,1.2,1.1,51825.0,11.3,448.0,-1.9,-1.5,0.013,9333.0,1.6,4.0,0.5,0.5,0.002,3.98,-2.73,1.89,11.2,6.9,0.0094,17,0,10,6,74.1,55,-25,30,0.1,0.006256,999999.99,99999.99,99999.99,0.2,0.1,0.07,-1,2017-07-03 01:00:00
2017,184,2,2509,51,52,60,37,6.9,6.9,69.4,202.7,-2.2,-0.9,6.4,-1.0,6.4,0.4,0.8,0.3,0.5,0.4,46652.0,10.8,439.0,-0.7,0.1,0.012,7417.0,0.9,1.0,0.2,0.6,0.001,3.64,-2.81,1.65,10.5,6.7,0.0109,17,0,9,6,74.1,41,-16,25,-0.6,0.006256,999999.99,99999.99,99999.99,0.16,0.09,0.07,-1,2017-07-03 02:00:00
2017,184,3,2509,51,52,60,34,5.7,4.4,42.2,231.0,-2.1,-2.6,3.0,-2.5,3.1,1.2,3.8,0.8,1.5,3.4,43859.0,15.6,440.0,-0.2,1.2,0.011,4930.0,4.1,2.0,0.7,0.4,0.002,5.27,-1.36,3.44,15.2,7.7,0.0051,20,0,12,7,74.1,60,-6,54,-0.1,0.006256,999999.99,99999.99,99999.99,0.18,0.1,0.07,-1,2017-07-03 03:00:00
2017,184,4,2509,51,52,60,37,4.1,3.9,-8.1,273.0,0.2,-3.9,-0.5,-3.9,-0.2,0.3,1.3,0.8,0.4,0.9,35660.0,15.9,440.0,0.5,1.1,0.012,6192.0,2.9,1.0,0.5,0.3,0.001,5.39,0.09,6.45,21.4,8.3,0.0026,20,0,5,7,74.1,77,-9,68,-0.2,0.006256,999999.99,99999.99,99999.99,0.16,0.09,0.07,-1,2017-07-03 04:00:00
2017,184,5,2509,51,52,58,35,4.2,3.2,18.7,277.0,0.4,-3.0,1.0,-2.9,1.3,0.7,2.6,0.6,1.7,1.9,42806.0,8.2,437.0,0.2,1.0,0.014,13543.0,1.9,4.0,1.3,1.1,0.002,2.76,-0.57,3.31,14.9,7.6,0.0054,20,0,-5,7,74.1,87,-36,51,-0.8,0.006256,999999.99,99999.99,99999.99,0.18,0.1,0.07,-1,2017-07-03 05:00:00
2017,184,6,2509,51,52,58,36,4.9,4.3,20.3,296.3,1.8,-3.6,1.5,-3.3,2.0,0.3,2.3,0.8,0.7,2.1,47915.0,5.0,425.0,-2.0,0.9,0.016,9231.0,0.6,4.0,0.7,1.3,0.002,1.6,-0.85,1.53,9.7,6.4,0.0126,13,0,-7,5,74.1,117,-60,57,-0.7,0.006256,999999.99,99999.99,99999.99,0.18,0.1,0.07,-1,2017-07-03 06:00:00
2017,184,7,2509,51,52,62,36,4.0,3.2,12.4,302.9,1.7,-2.6,0.7,-2.4,1.2,0.3,2.4,1.2,0.9,1.9,51412.0,4.6,425.0,-2.1,1.3,0.018,6865.0,0.3,6.0,0.8,1.4,0.002,1.49,-0.51,2.15,11.4,6.7,0.0092,13,0,-6,5,74.1,62,-22,40,-0.7,0.006256,999999.99,99999.99,99999.99,0.18,0.11,0.07,-1,2017-07-03 07:00:00
2017,184,8,2509,51,52,58,35,3.5,2.9,-81.7,251.9,-0.1,-0.4,-2.9,-1.0,-2.7,0.2,1.8,1.4,1.1,0.5,44930.0,4.7,432.0,-0.3,-1.8,0.019,5778.0,0.3,10.0,0.9,0.4,0.003,1.58,1.17,2.77,13.4,7.3,0.0066,13,0,-2,5,74.1,59,-18,41,-0.2,0.006256,999999.99,99999.99,99999.99,0.16,0.09,0.06,-1,2017-07-03 08:00:00
2017,184,9,2509,51,52,62,38,2.9,1.9,-1.0,278.7,0.3,-1.9,0.0,-1.8,0.5,0.5,2.1,1.5,0.8,1.3,50632.0,4.8,423.0,-1.1,0.4,0.017,7409.0,0.2,8.0,0.6,1.1,0.003,1.53,-0.21,4.25,16.0,7.4,0.0047,13,0,-2,5,74.1,144,-94,50,0.2,0.006256,999999.99,99999.99,99999.99,0.19,0.1,0.07,-1,2017-07-03 09:00:00
2017,184,10,2509,51,52,57,35,2.9,2.6,-41.0,0.6,2.0,0.0,-1.7,-0.5,-1.6,0.3,1.3,0.4,1.1,0.6,51399.0,4.7,412.0,0.6,-0.6,0.018,4378.0,0.2,2.0,0.8,0.4,0.002,1.43,0.66,4.18,15.4,7.2,0.005,13,0,0,5,74.1,183,-134,49,0.4,0.006256,999999.99,99999.99,99999.99,0.17,0.09,0.07,-1,2017-07-03 10:00:00
2017,184,11,2509,51,52,60,36,2.7,2.3,6.2,315.7,1.6,-1.6,0.2,-1.5,0.6,0.1,1.3,0.8,0.7,0.8,49964.0,4.4,412.0,-0.6,0.1,0.016,5103.0,0.2,4.0,0.6,0.6,0.002,1.33,-0.25,4.48,16.0,7.3,0.0046,13,0,-4,5,74.1,157,-118,39,0.8,0.006256,999999.99,99999.99,99999.99,0.18,0.1,0.07,-1,2017-07-03 11:00:00
2017,184,12,2509,51,52,60,36,2.5,2.4,-10.1,343.2,2.2,-0.7,-0.4,-0.8,-0.2,0.2,0.8,0.4,0.5,0.4,55959.0,4.4,407.0,-0.2,-0.4,0.018,5031.0,0.1,3.0,0.4,0.3,0.002,1.3,0.08,5.4,17.1,7.2,0.0041,7,0,-1,3,74.1,85,-60,25,0.2,0.006256,999999.99,99999.99,99999.99,0.18,0.09,0.07,-1,2017-07-03 12:00:00
2017,184,13,2509,51,52,62,37,2.6,2.2,-8.4,302.7,1.2,-1.8,-0.3,-1.8,0.1,0.3,1.4,0.8,0.8,0.8,55354.0,4.5,411.0,-1.0,-0.6,0.016,6978.0,0.1,4.0,0.6,0.6,0.001,1.35,-0.04,5.09,16.8,7.2,0.0042,7,0,1,3,74.1,98,-67,31,0.1,0.006256,999999.99,99999.99,99999.99,0.16,0.09,0.07,-1,2017-07-03 13:00:00
2017,184,14,2509,51,52,59,36,3.0,2.3,-52.3,280.7,0.3,-1.4,-1.8,-1.7,-1.5,0.2,1.9,1.2,1.2,0.7,51371.0,4.4,415.0,-0.5,-0.7,0.014,5537.0,0.2,3.0,0.5,0.4,0.002,1.34,0.62,3.66,14.5,7.1,0.0057,7,0,0,3,74.1,114,-63,51,1.4,0.006256,999999.99,99999.99,99999.99,0.18,0.1,0.08,-1,2017-07-03 14:00:00
2017,184,15,2509,51,52,60,37,3.2,3.0,-12.2,281.6,0.6,-2.9,-0.6,-3.0,-0.1,0.1,0.9,0.5,0.2,0.7,54633.0,4.6,416.0,-1.6,-0.4,0.014,3515.0,0.2,2.0,0.2,0.5,0.001,1.4,0.04,3.42,13.9,7.0,0.0061,10,0,0,4,74.1,247,-201,46,1.6,0.006256,999999.99,99999.99,99999.99,0.18,0.1,0.07,-1,2017-07-03 15:00:00
2017,184,16,2509,51,52,59,34,3.3,2.8,10.8,291.5,1.0,-2.5,0.5,-2.4,0.8,0.2,1.7,0.9,0.5,1.4,53766.0,4.3,409.0,-1.8,0.1,0.013,4725.0,0.2,5.0,0.6,0.8,0.001,1.26,-0.33,2.99,12.9,6.8,0.0072,10,0,-1,4,74.1,130,-85,45,1.5,0.006256,999999.99,99999.99,99999.99,0.21,0.1,0.07,-1,2017-07-03 16:00:00
2017,184,17,2509,51,52,59,36,3.1,2.9,12.0,311.2,1.8,-2.1,0.6,-2.1,0.7,0.4,1.0,0.6,0.5,0.7,61482.0,4.4,407.0,-1.0,0.3,0.014,5526.0,0.2,4.0,0.7,0.6,0.001,1.29,-0.28,3.62,13.8,6.8,0.0063,10,0,0,4,74.1,33,-9,24,1.2,0.006256,999999.99,99999.99,99999.99,0.16,0.09,0.06,-1,2017-07-03 17:00:00
2017,184,18,2509,51,52,61,36,3.0,2.5,4.2,298.7,1.2,-2.2,0.2,-2.2,0.2,0.3,1.5,0.5,0.9,1.1,60343.0,4.7,403.0,-0.5,0.3,0.013,5537.0,0.3,2.0,0.5,0.6,0.001,1.34,-0.08,4.1,14.6,6.8,0.0056,7,0,0,3,74.1,44,-18,26,1.2,0.006256,999999.99,99999.99,99999.99,0.17,0.09,0.07,-1,2017-07-03 18:00:00
2017,184,19,2509,51,52,60,37,3.3,3.1,-24.2,276.0,0.3,-2.8,-1.3,-2.8,-1.4,0.2,1.0,0.6,0.3,0.8,55784.0,4.6,405.0,-1.0,-0.4,0.012,3697.0,0.2,4.0,0.3,0.5,0.001,1.32,0.57,3.24,13.2,6.8,0.0069,7,0,0,3,74.1,51,-21,30,1.3,0.006256,999999.99,99999.99,99999.99,0.17,0.09,0.07,-1,2017-07-03 19:00:00
2017,184,20,2509,51,52,60,37,3.3,3.1,-46.2,261.8,-0.3,-2.1,-2.2,-2.0,-2.3,0.3,1.3,0.5,0.8,0.9,54484.0,4.6,406.0,-0.8,-0.4,0.012,4311.0,0.2,3.0,0.6,0.7,0.001,1.33,0.93,3.21,13.2,6.8,0.0068,7,0,-4,3,74.1,138,-100,38,1.0,0.006256,999999.99,99999.99,99999.99,0.19,0.09,0.07,-1,2017-07-03 20:00:00
2017,184,21,2509,51,52,60,36,3.0,2.4,-20.3,295.8,1.0,-2.0,-0.8,-1.9,-1.0,0.2,1.8,0.9,1.0,1.1,61526.0,5.3,405.0,-0.7,0.7,0.013,3379.0,0.2,2.0,0.5,0.7,0.001,1.53,0.41,4.65,15.5,6.9,0.0049,17,0,-5,6,74.1,63,-28,34,0.8,0.006256,999999.99,99999.99,99999.99,0.18,0.09,0.07,-1,2017-07-03 21:00:00
2017,184,22,2509,51,52,60,34,2.9,2.5,-9.7,302.6,1.3,-2.1,-0.4,-2.1,-0.6,0.1,1.2,0.8,0.7,0.6,65414.0,5.7,405.0,-0.5,0.5,0.014,4302.0,0.1,6.0,0.6,0.5,0.001,1.65,0.24,5.46,16.7,7.0,0.0043,17,0,-3,6,74.1,199,-154,45,1.5,0.006256,999999.99,99999.99,99999.99,0.16,0.09,0.07,-1,2017-07-03 22:00:00
2017,184,23,2509,51,52,57,35,3.2,2.9,6.3,319.1,2.2,-1.9,0.3,-1.9,0.1,0.1,1.2,0.5,0.5,1.0,61383.0,5.8,402.0,-0.4,0.9,0.013,4685.0,0.2,3.0,0.5,0.7,0.001,1.65,-0.04,4.47,15.1,6.9,0.0052,17,0,-4,6,74.1,132,-89,43,1.2,0.006256,999999.99,99999.99,99999.99,0.2,0.1,0.08,-1,2017-07-03 23:00:00
2017,185,0,2509,51,52,60,36,3.4,3.2,20.6,337.2,2.7,-1.1,1.1,-1.2,1.0,0.1,1.1,0.3,0.7,0.8,58095.0,6.0,396.0,0.1,1.5,0.013,4611.0,0.2,2.0,0.6,0.5,0.001,1.65,-0.4,4.03,14.3,6.7,0.0058,10,0,-2,4,74.2,75,-31,44,0.6,0.006308,999999.99,99999.99,99999.99,0.2,0.11,0.07,-1,2017-07-04 00:00:00
2017,185,1,2509,51,52,60,36,3.8,3.5,31.6,348.8,2.9,-0.6,1.8,-0.7,1.8,0.3,1.5,0.4,0.9,1.1,53932.0,5.8,396.0,-0.3,1.2,0.012,6963.0,0.2,2.0,0.5,0.5,0.002,1.59,-0.71,3.05,12.5,6.6,0.0076,10,0,0,4,74.2,60,-30,30,-0.1,0.006308,999999.99,99999.99,99999.99,0.19,0.09,0.07,-1,2017-07-04 01:00:00
2017,185,2,2509,51,52,61,36,3.5,3.1,-24.1,276.2,0.3,-2.8,-1.3,-2.8,-1.3,0.2,1.6,0.9,0.5,1.3,57642.0,5.9,400.0,-1.0,-0.4,0.011,5181.0,0.4,2.0,0.3,0.7,0.001,1.65,0.52,3.73,13.9,6.8,0.0062,10,0,1,4,74.2,66,-23,44,0.2,0.006308,999999.99,99999.99,99999.99,0.18,0.1,0.07,-1,2017-07-04 02:00:00
2017,185,3,2509,51,52,59,35,4.0,1.8,44.3,266.5,-0.1,-1.3,1.2,-1.3,1.2,0.4,3.6,1.6,2.0,2.6,47243.0,5.3,394.0,0.0,1.1,0.01,9636.0,0.5,5.0,0.7,1.1,0.001,1.43,-0.47,2.42,11.3,6.5,0.0093,13,0,-4,5,74.2,88,-24,63,0.1,0.006308,999999.99,99999.99,99999.99,0.21,0.11,0.08,-1,2017-07-04 03:00:00
2017,185,4,2509,51,52,58,36,4.3,2.5,-11.7,273.2,0.1,-2.4,-0.5,-2.4,-0.3,0.3,3.5,0.8,1.8,2.9,35156.0,4.5,385.0,-1.8,0.6,0.008,6725.0,0.4,4.0,1.5,1.1,0.001,1.15,0.12,1.66,9.5,6.1,0.0132,13,0,-8,5,74.2,73,-17,56,-0.2,0.006308,999999.99,99999.99,99999.99,0.19,0.1,0.07,-1,2017-07-04 04:00:00
2017,185,5,2509,51,52,58,35,4.4,4.2,-14.5,283.3,0.9,-4.0,-1.1,-4.1,-0.6,0.1,1.0,0.6,0.2,0.7,31786.0,4.8,373.0,-3.7,0.9,0.008,3349.0,0.3,7.0,0.4,0.6,0.001,1.15,0.22,1.65,9.3,6.0,0.0138,13,0,-8,5,74.2,128,-36,93,-0.4,0.006308,999999.99,99999.99,99999.99,0.18,0.1,0.08,-1,2017-07-04 05:00:00
2017,185,6,2509,51,52,58,34,4.3,3.5,15.6,294.1,1.4,-3.1,0.9,-2.9,1.4,0.1,2.4,0.9,1.1,1.9,32301.0,5.1,368.0,-3.5,2.3,0.008,4521.0,0.5,6.0,1.1,1.6,0.001,1.19,-0.52,1.84,9.7,6.0,0.0127,10,0,-7,4,74.2,117,-51,65,-0.5,0.006308,999999.99,99999.99,99999.99,0.17,0.09,0.07,-1,2017-07-04 06:00:00
2017,185,7,2509,51,52,58,33,4.0,3.6,26.9,324.2,2.6,-1.9,1.6,-1.5,2.0,0.1,1.7,0.9,1.2,0.8,29931.0,4.8,356.0,-3.2,3.4,0.008,7973.0,0.8,9.0,1.0,1.0,0.001,1.05,-0.71,1.98,9.7,5.9,0.0125,10,0,-5,4,74.2,44,-22,23,-0.6,0.006308,999999.99,99999.99,99999.99,0.19,0.09,0.07,-1,2017-07-04 07:00:00
2017,185,8,2509,51,52,62,39,3.8,3.6,34.0,11.5,3.0,0.6,2.0,1.1,1.8,0.2,1.1,0.7,0.7,0.4,20271.0,5.7,354.0,-1.1,2.5,0.006,5562.0,1.0,6.0,0.8,0.6,0.002,1.22,-0.64,2.44,11.1,6.3,0.0096,10,0,0,4,74.2,32,-9,23,-0.7,0.006308,999999.99,99999.99,99999.99,0.19,0.1,0.08,-1,2017-07-04 08:00:00
2017,185,9,2509,51,52,59,35,3.1,2.2,44.5,337.6,1.4,-0.6,1.5,-0.2,1.6,0.1,2.1,0.6,1.8,1.0,17508.0,7.7,358.0,-2.2,2.0,0.009,2227.0,0.5,3.0,1.4,0.8,0.002,1.71,-0.57,4.86,16.0,7.0,0.0046,3,0,4,2,74.2,44,-14,30,0.0,0.006308,999999.99,99999.99,99999.99,0.17,0.1,0.08,-1,2017-07-04 09:00:00
2017,185,10,2509,51,52,59,36,3.1,2.3,14.0,323.5,1.8,-1.4,0.6,-1.2,1.0,0.1,1.9,0.4,1.4,1.3,16383.0,7.9,354.0,-2.6,1.3,0.009,870.0,0.3,2.0,0.9,0.8,0.002,1.71,-0.35,4.95,16.0,7.0,0.0046,3,0,6,2,74.2,39,-9,31,-0.1,0.006308,999999.99,99999.99,99999.99,0.18,0.11,0.08,-1,2017-07-04 10:00:00
2017,185,11,2509,51,52,60,36,3.2,3.1,-21.9,286.1,0.8,-2.8,-1.2,-3.0,-0.4,0.1,0.7,0.6,0.2,0.3,15499.0,7.7,353.0,-3.3,0.0,0.008,812.0,0.3,3.0,0.2,0.2,0.001,1.65,0.14,4.5,15.3,6.9,0.0051,3,0,5,2,74.2,57,-16,41,0.1,0.006308,999999.99,99999.99,99999.99,0.2,0.1,0.07,-1,2017-07-04 11:00:00
2017,185,12,2509,51,52,58,35,2.9,2.8,-8.6,293.9,1.1,-2.5,-0.4,-2.5,0.3,0.1,0.7,0.5,0.2,0.5,16675.0,7.9,346.0,-3.3,0.3,0.01,508.0,0.3,4.0,0.2,0.3,0.001,1.64,-0.1,5.67,16.8,6.9,0.0042,3,0,5,2,74.2,87,-47,40,0.2,0.006308,999999.99,99999.99,99999.99,0.18,0.1,0.07,-1,2017-07-04 12:00:00
2017,185,13,2509,51,52,60,36,2.7,2.6,-14.8,297.2,1.2,-2.3,-0.7,-2.4,-0.1,0.1,0.6,0.4,0.3,0.4,15894.0,7.7,342.0,-3.0,-0.3,0.01,1032.0,0.2,1.0,0.4,0.3,0.001,1.56,0.03,6.34,17.6,6.9,0.0039,3,0,5,2,74.2,106,-64,42,0.2,0.006308,999999.99,99999.99,99999.99,0.17,0.1,0.07,-1,2017-07-04 13:00:00
2017,185,14,2509,51,52,59,37,2.8,2.8,-12.6,281.4,0.5,-2.7,-0.6,-2.8,0.0,0.1,0.5,0.4,0.1,0.3,14407.0,7.2,341.0,-2.7,-0.7,0.009,866.0,0.2,1.0,0.2,0.4,0.001,1.45,-0.0,5.45,16.3,6.8,0.0045,3,0,3,2,74.2,156,-110,47,0.8,0.006308,999999.99,99999.99,99999.99,0.19,0.1,0.07,-1,2017-07-04 14:00:00
2017,185,15,2509,51,52,59,32,3.0,3.0,-26.1,277.3,0.3,-2.6,-1.3,-2.8,-0.8,0.1,0.5,0.3,0.3,0.3,13849.0,6.8,336.0,-2.1,-1.4,0.009,714.0,0.3,2.0,0.4,0.3,0.001,1.33,0.27,4.47,14.6,6.6,0.0056,3,0,2,2,74.2,136,-82,54,1.1,0.006308,999999.99,99999.99,99999.99,0.16,0.09,0.07,-1,2017-07-04 15:00:00
2017,185,16,2509,51,52,61,37,3.6,3.5,-39.7,295.4,1.2,-2.5,-2.3,-2.8,-2.0,0.2,0.7,0.6,0.4,0.3,15201.0,7.6,338.0,-1.1,-2.9,0.009,1249.0,0.5,3.0,0.4,0.5,0.0,1.5,0.68,3.5,12.9,6.5,0.0071,3,0,1,2,74.2,151,-104,47,1.2,0.006308,999999.99,99999.99,99999.99,0.18,0.1,0.07,-1,2017-07-04 16:00:00
2017,185,17,2509,51,52,59,36,3.8,3.7,-37.5,337.2,2.7,-1.1,-2.3,-1.3,-2.2,0.1,0.8,0.3,0.6,0.4,16999.0,8.4,334.0,0.2,-3.6,0.008,1174.0,0.2,1.0,0.6,0.3,0.001,1.61,0.73,3.52,12.7,6.3,0.0073,3,0,-1,2,74.2,96,-68,28,0.3,0.006308,999999.99,99999.99,99999.99,0.17,0.11,0.08,-1,2017-07-04 17:00:00
2017,185,18,2509,51,52,59,36,3.6,3.5,-24.8,6.5,3.1,0.4,-1.5,0.4,-1.5,0.2,0.9,0.2,0.7,0.6,16945.0,9.0,331.0,1.1,-3.7,0.008,848.0,0.4,2.0,0.6,0.5,0.0,1.7,0.5,4.2,13.8,6.4,0.0063,10,0,-3,4,74.2,68,-34,34,0.2,0.006308,999999.99,99999.99,99999.99,0.19,0.1,0.07,-1,2017-07-04 18:00:00
2017,185,19,2509,51,52,61,37,3.7,3.5,-18.1,13.5,3.2,0.8,-1.1,0.8,-1.1,0.4,1.3,0.4,1.0,0.7,18860.0,7.5,330.0,0.9,-3.8,0.008,2259.0,1.6,2.0,0.9,0.7,0.001,1.41,0.36,3.36,12.2,6.2,0.008,10,0,-4,4,74.2,73,-34,39,0.5,0.006308,999999.99,99999.99,99999.99,0.2,0.11,0.08,-1,2017-07-04 19:00:00
2017,185,20,2509,51,52,66,40,4.3,2.5,-32.9,253.9,-0.6,-2.0,-1.4,-1.9,-1.5,0.3,3.5,2.5,2.2,0.8,31403.0,5.2,349.0,0.8,-2.2,0.007,11094.0,0.8,10.0,1.1,0.6,0.001,1.09,0.52,1.87,9.3,5.7,0.0139,10,0,-6,4,74.2,93,-46,47,1.6,0.006308,999999.99,99999.99,99999.99,0.18,0.1,0.08,-1,2017-07-04 20:00:00
2017,185,21,2509,51,52,56,34,4.4,4.2,-36.2,284.5,0.8,-3.3,-2.5,-3.1,-2.7,0.1,1.3,1.1,0.5,0.4,33797.0,5.5,351.0,-0.7,-2.2,0.007,2801.0,0.3,5.0,0.4,0.5,0.001,1.16,0.95,1.92,9.4,5.7,0.0136,17,0,-7,6,74.2,292,-233,59,1.6,0.006308,999999.99,99999.99,99999.99,0.18,0.1,0.08,-1,2017-07-04 21:00:00
2017,185,22,2509,51,52,58,34,4.1,3.9,-30.3,324.1,2.7,-2.0,-2.0,-1.8,-2.2,0.1,1.2,0.7,0.7,0.6,28239.0,4.8,345.0,-0.9,-2.9,0.008,8929.0,1.0,8.0,1.2,0.7,0.001,0.98,0.76,1.86,9.2,5.7,0.014,17,0,-6,6,74.2,210,-140,70,1.8,0.006308,999999.99,99999.99,99999.99,0.18,0.1,0.07,-1,2017-07-04 22:00:00
2017,185,23,2509,51,52,60,36,4.5,4.4,-6.8,347.9,4.2,-0.9,-0.5,-0.9,-0.6,0.1,1.1,0.3,0.9,0.6,24512.0,4.3,330.0,-0.8,-1.4,0.01,4439.0,0.8,3.0,1.0,0.6,0.001,0.81,0.2,1.35,7.6,5.2,0.0206,17,0,-2,6,74.2,100,-41,59,1.3,0.006308,999999.99,99999.99,99999.99,0.18,0.1,0.07,-1,2017-07-04 23:00:00
2017,186,0,2509,51,52,60,37,4.2,3.9,-7.5,279.1,0.6,-3.9,-0.5,-3.9,-0.8,0.1,1.3,1.1,0.5,0.3,31820.0,5.4,345.0,-1.8,-1.1,0.008,4708.0,0.4,7.0,0.2,0.4,0.001,1.11,0.28,2.04,9.5,5.7,0.0131,3,7,-2,2,75.5,93,-38,54,1.1,0.006315,999999.99,99999.99,99999.99,0.19,0.11,0.07,-1,2017-07-05 00:00:00
