YEAR,DOY,Hour,Bartels_rotation_number,ID_for_IMF_spacecraft,ID_for_SW_Plasma_spacecraft,num_points_IMF_averages,num_points_Plasma_averages,Scalar_B_nT,Vector_B_Magnitude_nT,Lat_Angle_of_B_GSE,Long_Angle_of_B_GSE,BX_nT_GSE_GSM,BY_nT_GSE,BZ_nT_GSE,BY_nT_GSM,BZ_nT_GSM,RMS_magnitude_nT,RMS_field_vector_nT,RMS_BX_GSE_nT,RMS_BY_GSE_nT,RMS_BZ_GSE_nT,SW_Plasma_Temperature_K,SW_Proton_Density_N_cm3,SW_Plasma_Speed_km_s,SW_Plasma_flow_long_angle,SW_Plasma_flow_lat_angle,Alpha_Prot_ratio,sigma_T_K,sigma_n_N_cm3,sigma_V_km_s,sigma_phi_V_degrees,sigma_theta_V_degrees,sigma_ratio,Flow_pressure,E_electric_field,Plasma_Beta,Alfen_mach_number,Magnetosonic_Mach_number,Quasy_Invariant,Kp_index,R_Sunspot_No,Dst_index_nT,ap_index_nT,f10.7_index,AE_index_nT,AL_index_nT,AU_index_nT,pc_index,Lyman_alpha,Proton_flux_>1_Mev,Proton_flux_>2_Mev,Proton_flux_>4_Mev,Proton_flux_>10_Mev,Proton_flux_>30_Mev,Proton_flux_>60_Mev,Flux_FLAG,Timestamp
2004,337,23,2338,51,52,61,37,3.4,3.4,-18.3,332.2,2.9,-1.5,-1.1,-1.4,-1.2,0.1,0.6,0.2,0.4,0.3,81323.0,3.0,443.0,-1.2,-1.2,0.057,5092.0,0.1,3.0,0.6,0.3,0.006,1.21,0.53,2.26,11.3,6.6,0.0093,3,47,-12,2,102.6,18,-4,14,0.1,0.007134,0.35,0.31,0.3,0.28,0.28,0.28,-1,2004-12-02 23:00:00
2004,338,0,2338,51,52,60,37,3.6,3.5,-10.2,332.6,3.1,-1.6,-0.6,-1.6,-0.7,0.2,0.8,0.3,0.6,0.5,78683.0,3.1,445.0,-0.5,-0.4,0.058,5196.0,0.1,2.0,0.8,0.4,0.003,1.26,0.31,2.06,10.9,6.5,0.01,7,48,-10,3,97.9,23,-5,18,0.2,0.007139,0.39,0.35,0.33,0.31,0.3,0.3,-1,2004-12-03 00:00:00
2004,338,1,2338,51,52,59,36,3.9,3.8,-10.1,351.0,3.7,-0.6,-0.7,-0.6,-0.7,0.1,0.8,0.1,0.5,0.6,76639.0,3.2,441.0,-0.2,-0.2,0.062,6859.0,0.2,2.0,0.8,0.4,0.005,1.3,0.31,1.79,10.1,6.3,0.0116,7,48,-10,3,97.9,29,-8,21,0.3,0.007139,0.41,0.36,0.33,0.31,0.29,0.27,-1,2004-12-03 01:00:00
2004,338,2,2338,51,52,60,36,3.9,3.8,23.5,347.0,3.4,-0.8,1.5,-0.8,1.5,0.2,0.8,0.2,0.6,0.4,62668.0,3.4,442.0,-0.3,0.1,0.055,5969.0,0.1,3.0,0.3,0.3,0.006,1.35,-0.66,1.78,10.4,6.6,0.0109,7,48,-9,3,97.9,21,-4,17,0.0,0.007139,0.41,0.35,0.32,0.29,0.28,0.26,-1,2004-12-03 02:00:00
2004,338,3,2338,51,52,59,37,3.6,3.5,27.6,337.1,2.8,-1.2,1.6,-1.1,1.7,0.1,1.0,0.5,0.7,0.5,66760.0,3.6,444.0,-0.6,0.1,0.054,4734.0,0.2,2.0,0.4,0.4,0.004,1.44,-0.75,2.25,11.7,6.8,0.0087,3,48,-9,2,97.9,21,-5,16,-0.2,0.007139,0.81,0.74,0.48,0.34,0.29,0.27,-1,2004-12-03 03:00:00
2004,338,4,2338,51,52,60,37,3.3,2.8,16.1,37.5,2.2,1.7,0.8,1.8,0.6,0.4,1.8,1.1,1.3,0.6,56896.0,4.0,440.0,1.1,-0.1,0.048,4120.0,0.5,4.0,0.9,0.3,0.004,1.54,-0.26,2.83,13.3,7.2,0.0067,3,48,-6,2,97.9,27,-1,25,0.2,0.007139,1.8,1.41,0.61,0.36,0.3,0.29,-1,2004-12-03 04:00:00
2004,338,5,2338,51,52,58,36,3.0,2.8,17.6,43.8,1.9,1.8,0.8,1.9,0.5,0.1,1.1,0.7,0.8,0.3,57123.0,4.2,435.0,1.2,-0.4,0.05,3394.0,0.1,5.0,0.6,0.2,0.004,1.59,-0.22,3.6,14.9,7.3,0.0054,3,48,-6,2,97.9,48,-20,28,0.3,0.007139,2.19,1.35,0.58,0.34,0.29,0.28,-1,2004-12-03 05:00:00
2004,338,6,2338,51,52,60,36,3.1,2.9,31.0,17.3,2.4,0.8,1.5,1.1,1.3,0.1,1.0,0.4,0.7,0.5,56287.0,4.2,428.0,0.3,-0.4,0.053,3879.0,0.1,2.0,0.6,0.4,0.002,1.56,-0.56,3.36,14.1,7.2,0.0059,3,48,-7,2,97.9,35,-4,31,0.2,0.007139,2.36,1.28,0.55,0.36,0.31,0.3,-1,2004-12-03 06:00:00
2004,338,7,2338,51,52,59,36,3.2,3.1,33.4,22.6,2.4,1.0,1.7,1.4,1.4,0.1,0.9,0.5,0.6,0.4,54824.0,4.1,422.0,0.3,-0.6,0.055,2964.0,0.1,3.0,0.3,0.4,0.002,1.49,-0.59,3.05,13.4,7.0,0.0067,3,48,-9,2,97.9,22,-4,19,0.0,0.007139,3.44,1.46,0.55,0.33,0.28,0.28,-1,2004-12-03 07:00:00
2004,338,8,2338,51,52,60,37,3.4,3.3,26.4,3.1,3.0,0.2,1.5,0.6,1.4,0.1,0.6,0.2,0.4,0.4,53071.0,3.9,415.0,0.1,-1.0,0.056,2255.0,0.1,2.0,0.2,0.2,0.002,1.37,-0.58,2.55,12.1,6.7,0.0082,3,48,-10,2,97.9,23,-5,18,-0.2,0.007139,3.95,1.54,0.55,0.33,0.28,0.26,-1,2004-12-03 08:00:00
2004,338,9,2338,51,52,59,36,3.4,3.3,24.2,346.5,2.9,-0.7,1.4,-0.2,1.6,0.1,0.8,0.2,0.6,0.4,52135.0,3.8,413.0,0.0,-1.0,0.052,3487.0,0.1,2.0,0.3,0.3,0.003,1.31,-0.66,2.47,11.8,6.7,0.0085,3,48,-11,2,97.9,31,-20,12,0.1,0.007139,4.47,1.69,0.63,0.39,0.33,0.33,-1,2004-12-03 09:00:00
2004,338,10,2338,51,52,59,36,3.2,3.2,21.3,343.8,2.8,-0.8,1.1,-0.4,1.3,0.1,0.7,0.2,0.6,0.4,52714.0,3.8,410.0,-0.4,-0.6,0.052,2607.0,0.1,2.0,0.2,0.2,0.002,1.29,-0.53,2.8,12.5,6.8,0.0076,3,48,-13,2,97.9,44,-27,17,-0.1,0.007139,5.0,1.93,0.69,0.37,0.29,0.28,-1,2004-12-03 10:00:00
2004,338,11,2338,51,52,61,38,3.1,3.0,6.1,325.0,2.4,-1.7,0.3,-1.5,0.8,0.1,0.8,0.3,0.6,0.4,55139.0,3.9,410.0,-0.9,-0.9,0.052,2491.0,0.1,2.0,0.4,0.3,0.004,1.32,-0.33,3.1,13.1,6.8,0.007,3,48,-10,2,97.9,60,-39,21,-0.1,0.007139,5.59,2.37,0.94,0.48,0.35,0.32,-1,2004-12-03 11:00:00
2004,338,12,2338,51,52,59,36,3.2,3.2,-6.7,323.2,2.5,-1.9,-0.4,-1.9,0.2,0.0,0.4,0.2,0.3,0.2,51349.0,4.0,410.0,-0.6,-1.4,0.048,2857.0,0.1,1.0,0.4,0.2,0.003,1.34,-0.08,2.92,12.8,6.8,0.0072,7,48,-8,3,97.9,55,-34,22,0.1,0.007139,8.6,4.1,1.53,0.48,0.29,0.29,-1,2004-12-03 12:00:00
2004,338,13,2338,51,52,59,37,3.2,2.9,-5.5,5.6,2.9,0.3,-0.3,0.2,-0.4,0.2,1.3,0.3,1.2,0.3,44260.0,3.6,404.0,0.2,-1.3,0.045,5267.0,0.2,3.0,0.8,0.3,0.003,1.16,0.16,2.52,12.0,6.7,0.0083,7,48,-5,3,97.9,49,-33,17,0.2,0.007139,12.3,6.71,2.6,0.62,0.31,0.27,-1,2004-12-03 13:00:00
2004,338,14,2338,51,52,58,35,3.3,3.3,-10.0,20.2,3.1,1.1,-0.6,0.9,-0.8,0.2,0.4,0.3,0.2,0.3,40386.0,3.6,401.0,0.1,-1.2,0.043,3776.0,0.1,1.0,0.2,0.2,0.003,1.13,0.32,2.32,11.5,6.7,0.009,7,48,-4,3,97.9,25,-14,11,0.3,0.007139,16.6,9.56,3.59,0.74,0.31,0.28,-1,2004-12-03 14:00:00
2004,338,15,2338,51,52,60,36,3.1,3.1,-19.5,15.4,2.8,0.8,-1.0,0.6,-1.1,0.0,0.3,0.1,0.2,0.2,43387.0,3.7,397.0,0.0,-1.5,0.045,2027.0,0.1,2.0,0.2,0.2,0.001,1.15,0.44,2.75,12.3,6.7,0.0078,7,48,-4,3,97.9,31,-21,9,0.3,0.007139,30.6,18.6,6.84,1.61,0.38,0.33,-1,2004-12-03 15:00:00
2004,338,16,2338,51,52,60,28,3.1,3.1,-20.6,12.0,2.8,0.6,-1.1,0.4,-1.2,0.1,0.4,0.1,0.3,0.2,41587.0,3.7,395.0,-0.2,-1.4,0.041,2432.0,0.1,1.0,0.2,0.2,0.003,1.12,0.47,2.72,12.3,6.7,0.0079,7,48,-5,3,97.9,85,-76,9,0.3,0.007139,44.9,28.5,11.4,2.46,0.44,0.34,-1,2004-12-03 16:00:00
2004,338,17,2338,51,52,59,37,3.1,3.1,-30.9,355.5,2.6,-0.2,-1.6,-0.3,-1.6,0.1,0.5,0.2,0.4,0.2,45202.0,3.7,395.0,-0.8,-1.5,0.043,3036.0,0.1,1.0,0.3,0.3,0.003,1.13,0.63,2.78,12.3,6.6,0.0079,7,48,-5,3,97.9,75,-52,23,0.2,0.007139,59.4,38.3,15.1,3.12,0.54,0.41,-1,2004-12-03 17:00:00
2004,338,18,2338,51,52,60,36,2.9,2.9,-24.4,352.5,2.6,-0.3,-1.2,-0.4,-1.2,0.3,0.4,0.3,0.2,0.3,45966.0,3.8,390.0,-1.2,-1.2,0.048,3492.0,0.1,1.0,0.1,0.2,0.004,1.15,0.47,3.28,13.1,6.7,0.0069,10,48,-3,4,97.9,26,-16,10,0.2,0.007139,80.7,52.3,20.9,4.01,0.58,0.4,-1,2004-12-03 18:00:00
2004,338,19,2338,51,52,60,36,3.2,3.1,-10.0,335.7,2.8,-1.3,-0.5,-1.3,-0.5,0.1,0.5,0.2,0.3,0.4,42022.0,3.9,389.0,-1.7,-1.4,0.041,4910.0,0.1,1.0,0.2,0.3,0.006,1.15,0.19,2.7,12.0,6.6,0.0083,10,48,-3,4,97.9,23,-12,11,0.3,0.007139,999999.99,99999.99,99999.99,99999.99,99999.99,99999.99,0,2004-12-03 19:00:00
2004,338,20,2338,51,52,59,37,3.2,3.2,-5.0,327.6,2.7,-1.7,-0.3,-1.7,-0.3,0.1,0.3,0.1,0.1,0.3,37074.0,4.1,388.0,-1.5,-1.4,0.036,1612.0,0.1,1.0,0.2,0.3,0.002,1.18,0.12,2.76,12.3,6.7,0.0079,10,48,-7,4,97.9,127,-115,11,0.5,0.007139,999999.99,99999.99,99999.99,99999.99,99999.99,99999.99,0,2004-12-03 20:00:00
2004,338,21,2338,51,52,60,37,3.3,3.3,2.8,335.7,3.0,-1.4,0.2,-1.4,0.1,0.1,0.3,0.1,0.2,0.2,35943.0,4.2,385.0,-1.2,-0.8,0.032,1661.0,0.1,1.0,0.2,0.1,0.002,1.17,-0.04,2.64,12.0,6.6,0.0083,10,48,-9,4,97.9,90,-77,13,0.3,0.007139,999999.99,99999.99,99999.99,99999.99,99999.99,99999.99,0,2004-12-03 21:00:00
2004,338,22,2338,51,52,59,37,3.5,3.5,11.9,340.3,3.2,-1.1,0.7,-1.1,0.6,0.1,0.6,0.1,0.4,0.4,35901.0,4.2,384.0,-0.9,-0.8,0.037,2641.0,0.2,2.0,0.3,0.2,0.003,1.19,-0.23,2.34,11.2,6.5,0.0094,10,48,-10,4,97.9,55,-47,8,0.2,0.007139,999999.99,99999.99,99999.99,99999.99,99999.99,99999.99,0,2004-12-03 22:00:00
2004,338,23,2338,51,52,60,36,3.6,3.6,26.7,4.6,3.2,0.3,1.6,0.2,1.6,0.1,0.4,0.2,0.2,0.3,32281.0,4.3,382.0,-0.1,-0.4,0.038,1294.0,0.1,1.0,0.2,0.1,0.002,1.21,-0.61,2.22,11.0,6.4,0.0098,10,48,-8,4,97.9,25,-5,20,-0.0,0.007139,999999.99,99999.99,99999.99,99999.99,99999.99,99999.99,0,2004-12-03 23:00:00
2004,339,0,2338,51,52,59,37,3.5,3.4,27.8,356.8,3.0,-0.2,1.6,-0.3,1.6,0.1,0.8,0.2,0.7,0.5,31625.0,4.1,380.0,-0.1,-0.4,0.036,1520.0,0.2,1.0,0.3,0.2,0.004,1.13,-0.61,2.23,11.0,6.4,0.0098,0,42,-6,0,94.6,24,-1,22,-0.1,0.007091,999999.99,99999.99,99999.99,99999.99,99999.99,99999.99,0,2004-12-04 00:00:00
2004,339,1,2338,51,52,60,36,3.5,3.4,12.9,339.4,3.1,-1.2,0.8,-1.2,0.8,0.1,0.4,0.1,0.2,0.3,33659.0,4.1,376.0,-0.4,-0.3,0.033,3575.0,0.1,1.0,1.1,0.2,0.006,1.1,-0.3,2.26,10.9,6.3,0.0101,0,42,-6,0,94.6,18,-2,16,-0.1,0.007091,175.0,94.8,29.1,3.7,0.6,0.47,-1,2004-12-04 01:00:00
2004,339,2,2338,51,52,59,36,3.5,3.5,7.6,341.0,3.3,-1.1,0.5,-1.1,0.5,0.1,0.3,0.1,0.2,0.2,32264.0,4.0,375.0,-0.7,-0.2,0.029,1251.0,0.1,1.0,0.2,0.2,0.002,1.05,-0.19,2.18,10.7,6.3,0.0104,0,42,-6,0,94.6,15,-1,13,-0.1,0.007091,245.0,123.0,33.7,3.79,0.47,0.38,-1,2004-12-04 02:00:00
2004,339,3,2338,51,52,58,36,3.5,3.5,24.2,345.9,3.1,-0.8,1.4,-0.7,1.5,0.2,0.7,0.4,0.4,0.4,31494.0,3.8,365.0,-1.4,0.5,0.035,3931.0,0.4,4.0,0.6,0.4,0.005,0.96,-0.55,2.06,10.2,6.1,0.0115,0,42,-6,0,94.6,15,-1,14,-0.2,0.007091,213.0,104.0,28.1,3.14,0.44,0.37,-1,2004-12-04 03:00:00
2004,339,4,2338,51,52,60,37,3.7,3.7,27.8,331.6,2.9,-1.6,1.7,-1.4,1.9,0.1,0.4,0.2,0.2,0.2,25181.0,3.4,358.0,-1.9,1.3,0.031,2652.0,0.2,2.0,0.3,0.4,0.003,0.82,-0.68,1.59,8.9,5.8,0.0149,0,42,-5,0,94.6,11,-1,10,-0.3,0.007091,162.0,78.8,21.0,2.4,0.29,0.25,-1,2004-12-04 04:00:00
2004,339,5,2338,51,52,59,36,3.2,3.1,19.2,318.4,2.2,-1.9,1.0,-1.7,1.3,0.3,0.8,0.4,0.4,0.6,41247.0,3.5,350.0,-2.2,1.5,0.049,8562.0,0.2,4.0,0.5,0.6,0.008,0.86,-0.46,2.41,10.2,5.8,0.0114,0,42,-3,0,94.6,10,0,10,-0.3,0.007091,161.0,78.9,21.9,2.43,0.31,0.3,-1,2004-12-04 05:00:00
2004,339,6,2338,51,52,58,35,2.9,2.8,16.0,309.4,1.7,-2.1,0.8,-1.9,1.3,0.3,0.8,0.6,0.3,0.4,50616.0,3.8,345.0,-2.0,1.7,0.055,2300.0,0.2,3.0,0.4,0.5,0.008,0.92,-0.45,3.36,11.6,5.9,0.0088,0,42,-3,0,94.6,9,0,9,-0.4,0.007091,163.0,77.9,21.3,2.58,0.38,0.33,-1,2004-12-04 06:00:00
2004,339,7,2338,51,52,57,36,3.2,3.1,10.6,288.5,1.0,-2.9,0.6,-2.6,1.4,0.3,0.7,0.5,0.4,0.3,47875.0,3.5,341.0,-1.7,0.9,0.05,5468.0,0.2,4.0,0.6,0.3,0.008,0.82,-0.48,2.51,10.0,5.6,0.012,0,42,-3,0,94.6,13,0,12,-0.4,0.007091,141.0,67.6,18.4,2.21,0.35,0.31,-1,2004-12-04 07:00:00
2004,339,8,2338,51,52,60,36,3.3,3.1,-5.2,306.2,1.8,-2.5,-0.3,-2.5,0.5,0.2,1.1,0.6,0.4,0.8,47516.0,3.5,334.0,-2.6,2.0,0.055,6398.0,0.2,4.0,0.5,0.6,0.005,0.8,-0.17,2.35,9.5,5.4,0.0133,0,42,-5,0,94.6,17,-4,14,-0.3,0.007091,166.0,74.6,19.3,2.13,0.3,0.26,-1,2004-12-04 08:00:00
2004,339,9,2338,51,52,60,37,3.7,3.5,10.1,307.6,2.1,-2.7,0.6,-2.4,1.4,0.3,1.3,0.9,0.6,0.6,38654.0,3.5,332.0,-2.9,2.4,0.053,6330.0,0.3,6.0,0.6,0.8,0.009,0.78,-0.46,1.78,8.4,5.3,0.0169,0,42,-5,0,94.6,41,-17,24,-0.2,0.007091,171.0,75.9,19.4,2.17,0.34,0.31,-1,2004-12-04 09:00:00
2004,339,10,2338,51,52,59,34,4.3,4.2,11.4,316.0,3.0,-2.9,0.8,-2.5,1.7,0.2,0.5,0.3,0.2,0.4,31719.0,3.4,328.0,-3.6,3.1,0.056,3491.0,0.2,2.0,0.5,0.5,0.007,0.75,-0.56,1.22,7.0,4.9,0.024,0,42,-5,0,94.6,33,-8,25,-0.2,0.007091,178.0,75.7,18.5,1.89,0.32,0.27,-1,2004-12-04 10:00:00
2004,339,11,2338,51,52,59,37,4.3,4.1,-24.4,301.3,1.9,-3.2,-1.7,-3.6,-0.6,0.1,1.1,0.6,0.5,0.7,37814.0,3.7,329.0,-3.8,2.0,0.056,2959.0,0.2,2.0,0.4,0.3,0.004,0.82,0.2,1.38,7.4,5.0,0.022,0,42,-8,0,94.6,29,-7,22,-0.1,0.007091,183.0,76.7,18.2,1.61,0.3,0.26,-1,2004-12-04 11:00:00
2004,339,12,2338,51,52,59,36,4.1,3.7,-38.3,305.2,1.7,-2.4,-2.3,-3.0,-1.5,0.2,1.5,1.1,0.7,0.8,35549.0,3.8,326.0,-4.1,1.5,0.054,3304.0,0.5,5.0,0.5,0.7,0.006,0.82,0.49,1.54,7.7,5.1,0.0198,0,42,-11,0,94.6,40,-12,28,0.2,0.007091,163.0,67.6,15.9,1.35,0.38,0.34,-1,2004-12-04 12:00:00
2004,339,13,2338,51,52,61,37,4.2,4.1,14.8,251.0,-1.3,-3.8,1.1,-3.4,2.0,0.0,0.7,0.5,0.2,0.5,22357.0,4.4,327.0,-4.0,1.8,0.053,2132.0,0.1,3.0,0.2,0.4,0.002,0.95,-0.65,1.56,8.2,5.3,0.0178,0,42,-11,0,94.6,92,-68,24,0.2,0.007091,108.0,46.9,11.7,0.96,0.3,0.3,-1,2004-12-04 13:00:00
2004,339,14,2338,51,52,60,37,3.8,3.7,13.5,254.4,-1.0,-3.5,0.9,-3.2,1.7,0.5,0.9,0.6,0.5,0.4,29230.0,4.6,322.0,-3.5,1.0,0.052,8562.0,0.4,5.0,0.9,0.7,0.003,0.96,-0.55,2.09,9.1,5.4,0.0144,0,42,-9,0,94.6,45,-14,32,0.1,0.007091,112.0,48.1,11.6,0.98,0.31,0.3,-1,2004-12-04 14:00:00
2004,339,15,2338,51,52,57,35,3.5,3.4,18.7,250.9,-1.1,-3.1,1.1,-2.9,1.6,0.1,0.8,0.7,0.3,0.4,32225.0,4.9,322.0,-3.3,1.4,0.054,2633.0,0.1,4.0,0.4,0.5,0.002,1.03,-0.52,2.67,10.2,5.6,0.0115,0,42,-5,0,94.6,27,-13,15,0.2,0.007091,112.0,46.4,10.8,1.0,0.33,0.32,-1,2004-12-04 15:00:00
2004,339,16,2338,51,52,58,36,3.3,3.2,7.9,281.6,0.6,-3.1,0.4,-3.0,0.8,0.1,0.8,0.7,0.2,0.3,42439.0,4.8,309.0,-2.7,0.9,0.048,4346.0,0.2,4.0,0.7,0.5,0.005,0.91,-0.25,3.13,10.3,5.3,0.0113,0,42,-5,0,94.6,26,-13,13,0.2,0.007091,116.0,46.8,10.4,0.91,0.29,0.25,-1,2004-12-04 16:00:00
2004,339,17,2338,51,52,61,37,3.4,3.4,5.6,302.7,1.8,-2.8,0.3,-2.8,0.5,0.2,0.7,0.5,0.4,0.3,39819.0,4.8,311.0,-2.4,1.0,0.04,6099.0,0.3,2.0,0.4,0.3,0.007,0.9,-0.16,2.91,10.0,5.3,0.0118,0,42,-5,0,94.6,21,-10,11,0.1,0.007091,111.0,44.4,9.93,0.96,0.31,0.28,-1,2004-12-04 17:00:00
2004,339,18,2338,51,52,61,37,3.6,3.6,19.0,292.5,1.3,-3.1,1.2,-3.0,1.3,0.1,0.7,0.4,0.3,0.5,32104.0,5.0,312.0,-2.9,1.4,0.034,6457.0,0.2,1.0,0.3,0.4,0.004,0.92,-0.41,2.58,9.7,5.4,0.0127,0,42,-4,0,94.6,23,-7,16,0.0,0.007091,146.0,53.6,10.9,0.86,0.27,0.27,-1,2004-12-04 18:00:00
2004,339,19,2338,51,52,60,37,3.4,3.3,12.5,293.7,1.3,-3.0,0.7,-3.0,0.7,0.1,0.7,0.3,0.4,0.5,35536.0,5.0,312.0,-2.9,1.1,0.039,4626.0,0.2,1.0,0.3,0.6,0.003,0.94,-0.22,2.95,10.3,5.4,0.0113,0,42,-3,0,94.6,16,-6,10,-0.1,0.007091,999999.99,99999.99,99999.99,99999.99,99999.99,99999.99,0,2004-12-04 19:00:00
2004,339,20,2338,51,52,58,36,3.4,3.4,19.7,285.6,0.8,-3.0,1.1,-3.0,1.0,0.1,0.6,0.4,0.2,0.4,26604.0,5.2,314.0,-3.3,1.7,0.031,3342.0,0.2,3.0,0.3,0.6,0.003,0.96,-0.31,2.9,10.5,5.6,0.0107,0,42,-3,0,94.6,29,-22,7,-0.1,0.007091,999999.99,99999.99,99999.99,99999.99,99999.99,99999.99,0,2004-12-04 20:00:00
2004,339,21,2338,51,52,60,36,3.3,3.3,8.6,313.4,2.2,-2.3,0.5,-2.3,0.4,0.0,0.4,0.3,0.2,0.2,29467.0,5.0,305.0,-2.6,1.1,0.032,2639.0,0.2,2.0,0.3,0.3,0.004,0.88,-0.12,3.01,10.3,5.4,0.0111,0,42,-3,0,94.6,24,-16,8,-0.0,0.007091,999999.99,99999.99,99999.99,99999.99,99999.99,99999.99,0,2004-12-04 21:00:00
2004,339,22,2338,51,52,59,37,3.5,3.4,12.3,312.9,2.3,-2.5,0.7,-2.5,0.5,0.1,0.5,0.3,0.3,0.4,26884.0,5.2,305.0,-3.1,1.4,0.031,3142.0,0.2,2.0,0.3,0.5,0.003,0.91,-0.15,2.74,9.9,5.4,0.012,0,42,-3,0,94.6,14,-3,11,-0.0,0.007091,999999.99,99999.99,99999.99,99999.99,99999.99,99999.99,0,2004-12-04 22:00:00
2004,339,23,2338,51,52,59,35,3.8,3.7,3.5,317.9,2.7,-2.5,0.2,-2.5,0.0,0.1,0.7,0.3,0.3,0.6,23828.0,5.4,303.0,-3.4,0.9,0.031,1623.0,0.2,3.0,0.3,0.6,0.003,0.93,-0.0,2.37,9.3,5.3,0.0139,0,42,-4,0,94.6,12,-2,10,-0.0,0.007091,999999.99,99999.99,99999.99,99999.99,99999.99,99999.99,0,2004-12-04 23:00:00
2004,340,0,2338,51,52,61,37,3.8,3.7,-5.0,307.4,2.3,-3.0,-0.3,-3.0,-0.5,0.1,0.7,0.4,0.3,0.4,27980.0,5.6,304.0,-3.2,0.5,0.029,2903.0,0.3,3.0,0.4,0.3,0.003,0.96,0.15,2.52,9.5,5.3,0.0133,3,47,-2,2,93.1,13,-1,12,0.0,0.007031,999999.99,99999.99,99999.99,99999.99,99999.99,99999.99,0,2004-12-05 00:00:00
2004,340,1,2338,51,52,59,35,3.7,3.6,-3.5,310.5,2.3,-2.7,-0.2,-2.7,-0.3,0.1,1.0,0.4,0.4,0.9,27743.0,6.0,304.0,-2.8,0.2,0.025,2420.0,0.3,1.0,0.4,0.8,0.003,1.02,0.09,2.85,10.1,5.4,0.0117,3,47,-4,2,93.1,14,-2,12,-0.0,0.007031,999999.99,99999.99,99999.99,99999.99,99999.99,99999.99,0,2004-12-05 01:00:00
2004,340,2,2338,51,52,59,37,3.8,3.7,5.2,339.4,3.5,-1.3,0.3,-1.3,0.3,0.1,0.3,0.2,0.2,0.2,28029.0,5.9,297.0,-2.2,0.5,0.031,1539.0,0.2,1.0,0.3,0.4,0.002,0.98,-0.09,2.66,9.5,5.2,0.0132,3,47,-5,2,93.1,16,-2,14,-0.1,0.007031,999999.99,99999.99,99999.99,99999.99,99999.99,99999.99,0,2004-12-05 02:00:00
2004,340,3,2338,51,52,61,37,3.9,3.9,5.0,347.3,3.8,-0.9,0.3,-0.9,0.4,0.2,0.3,0.2,0.2,0.1,28043.0,6.2,295.0,-1.9,0.4,0.031,5678.0,0.6,1.0,0.2,0.1,0.004,1.01,-0.12,2.65,9.4,5.2,0.0134,10,47,-6,4,93.1,14,-2,11,-0.1,0.007031,999999.99,99999.99,99999.99,99999.99,99999.99,99999.99,0,2004-12-05 03:00:00
2004,340,4,2338,51,52,59,37,4.2,4.2,6.2,348.9,4.1,-0.8,0.5,-0.7,0.6,0.0,0.1,0.1,0.1,0.1,18474.0,5.2,295.0,-2.1,0.4,0.029,3710.0,0.6,1.0,0.2,0.2,0.003,0.84,-0.18,1.8,8.0,5.0,0.0185,10,47,-4,4,93.1,12,-1,11,-0.2,0.007031,112.0,36.0,6.66,0.75,0.28,0.26,-1,2004-12-05 04:00:00
2004,340,5,2338,51,52,70,42,4.3,4.3,6.0,347.3,4.2,-0.9,0.5,-0.8,0.6,0.4,0.6,0.3,0.2,0.4,27951.0,6.2,301.0,-1.4,0.7,0.034,27648.0,4.1,16.0,1.5,0.6,0.005,1.07,-0.18,2.18,8.7,5.1,0.0157,10,47,8,4,93.1,24,2,26,-0.2,0.007031,116.0,35.9,6.6,0.81,0.32,0.29,-1,2004-12-05 05:00:00
2004,340,6,2338,51,52,61,37,6.1,5.7,26.6,339.2,4.8,-1.8,2.6,-1.2,2.9,0.5,2.0,0.9,0.9,1.6,90676.0,18.8,338.0,0.6,3.5,0.029,7666.0,1.1,3.0,0.6,0.7,0.001,4.0,-0.98,4.6,12.0,5.4,0.0082,43,47,15,32,93.1,25,5,30,-0.2,0.007031,116.0,35.8,6.46,0.77,0.29,0.26,-1,2004-12-05 06:00:00
2004,340,7,2338,51,52,60,37,10.1,9.8,36.3,278.7,1.2,-7.8,5.8,-6.0,7.6,1.1,2.4,1.4,1.7,0.8,59878.0,18.4,342.0,-0.9,3.0,0.022,10928.0,2.7,8.0,0.9,1.0,0.004,3.91,-2.6,1.41,7.3,4.9,0.0226,43,47,29,32,93.1,47,-2,45,-0.4,0.007031,150.0,42.7,7.17,0.76,0.28,0.27,-1,2004-12-05 07:00:00
2004,340,8,2338,51,52,79,48,21.3,17.5,63.8,267.3,-0.4,-7.7,15.7,-2.8,17.3,8.9,14.7,3.3,9.2,11.0,116241.0,54.2,414.0,-0.7,4.0,0.031,60282.0,20.8,50.0,1.5,2.5,0.009,17.44,-7.16,1.22,7.2,5.0,0.0232,43,47,67,32,93.1,77,19,96,-0.0,0.007031,197.0,50.7,7.86,0.72,0.25,0.25,-1,2004-12-05 08:00:00
2004,340,9,2338,51,52,59,36,34.6,33.6,50.1,264.7,-2.0,-21.5,25.8,-12.6,31.1,2.1,8.4,2.3,5.6,5.8,96706.0,33.0,451.0,-3.5,-0.5,0.024,19570.0,7.1,2.0,1.2,1.2,0.005,12.29,-14.03,0.26,3.7,3.4,0.0849,20,47,53,7,93.1,52,14,66,-0.1,0.007031,424.0,101.0,14.3,0.92,0.27,0.26,-1,2004-12-05 09:00:00
2004,340,10,2338,51,52,60,37,31.8,31.0,42.8,263.2,-2.7,-22.6,21.0,-15.0,27.0,0.5,6.9,1.2,4.5,5.0,99535.0,22.8,451.0,-3.3,-2.5,0.025,28148.0,5.6,6.0,1.6,2.4,0.004,8.52,-12.18,0.21,3.4,3.1,0.1037,20,47,45,7,93.1,43,7,50,0.2,0.007031,331.0,85.9,12.7,0.88,0.26,0.25,-1,2004-12-05 10:00:00
2004,340,11,2338,51,52,57,33,30.2,30.0,56.0,249.9,-5.8,-15.8,24.9,-7.5,28.5,0.6,3.2,1.7,2.0,1.8,87630.0,19.0,439.0,-4.5,-3.5,0.026,16158.0,2.0,6.0,1.4,1.7,0.004,6.75,-12.51,0.19,3.2,2.9,0.1185,20,47,42,7,93.1,45,0,45,0.1,0.007031,373.0,91.5,12.8,1.04,0.33,0.3,-1,2004-12-05 11:00:00
2004,340,12,2338,51,52,62,39,28.8,28.5,57.4,238.2,-8.1,-13.0,24.0,-5.7,26.7,1.1,3.6,1.4,2.7,2.1,124340.0,22.9,442.0,-5.4,-2.1,0.028,36675.0,3.8,6.0,2.1,0.8,0.007,8.31,-11.8,0.29,3.7,3.3,0.0882,17,47,46,6,93.1,73,-1,72,-0.1,0.007031,350.0,85.4,11.7,0.88,0.28,0.28,-1,2004-12-05 12:00:00
2004,340,13,2338,51,52,58,34,24.7,24.4,62.6,243.1,-5.1,-10.0,21.7,-4.2,23.5,2.0,4.2,1.1,3.5,2.0,177232.0,27.8,439.0,-6.7,-5.2,0.027,31068.0,5.9,6.0,2.1,1.5,0.003,9.91,-10.32,0.58,4.7,3.8,0.0542,17,47,43,6,93.1,43,3,46,-0.4,0.007031,417.0,101.0,13.7,0.96,0.29,0.27,-1,2004-12-05 13:00:00
2004,340,14,2338,51,52,59,36,23.0,22.9,65.1,249.4,-3.4,-9.0,20.7,-4.3,22.2,0.8,2.7,1.7,2.1,0.4,154978.0,29.4,430.0,-6.0,-4.2,0.026,13158.0,3.9,5.0,1.0,0.8,0.003,10.02,-9.55,0.66,5.1,4.1,0.0463,17,47,41,6,93.1,46,-4,41,-0.5,0.007031,422.0,101.0,13.6,0.81,0.23,0.23,-1,2004-12-05 14:00:00
2004,340,15,2338,51,52,60,38,21.4,21.3,59.6,249.2,-3.8,-10.1,18.3,-6.8,19.8,2.3,3.5,2.1,1.7,2.1,172365.0,24.0,420.0,-6.1,-3.9,0.028,27026.0,3.3,4.0,1.0,1.2,0.002,7.86,-8.32,0.66,4.8,3.8,0.0515,20,47,35,7,93.1,50,-8,42,-0.5,0.007031,423.0,102.0,13.5,0.94,0.29,0.28,-1,2004-12-05 15:00:00
2004,340,16,2338,51,52,64,39,22.2,22.0,62.3,243.1,-4.6,-9.1,19.5,-6.6,20.5,0.7,3.0,1.3,2.5,1.0,135247.0,14.5,439.0,-7.7,-1.3,0.027,22158.0,1.9,8.0,1.3,1.1,0.002,5.17,-9.0,0.32,3.8,3.3,0.0839,20,47,27,7,93.1,41,-5,36,-0.4,0.007031,338.0,80.0,10.7,0.93,0.31,0.3,-1,2004-12-05 16:00:00
2004,340,17,2338,51,52,57,33,21.3,20.8,54.6,238.2,-6.3,-10.2,16.9,-8.8,17.6,1.0,4.5,2.7,3.0,1.9,120004.0,14.6,428.0,-9.9,-2.7,0.029,22966.0,1.4,11.0,0.7,0.9,0.002,4.98,-7.53,0.33,3.8,3.4,0.0807,20,47,27,7,93.1,45,-2,43,-0.5,0.007031,522.0,121.0,15.1,0.89,0.25,0.23,-1,2004-12-05 17:00:00
2004,340,18,2338,51,52,59,37,14.2,11.1,34.0,116.3,-4.1,8.3,6.2,8.5,5.9,2.3,8.8,4.9,5.5,4.9,199555.0,15.1,417.0,-7.8,-2.5,0.065,33195.0,2.9,7.0,1.7,1.2,0.02,5.53,-2.46,1.02,5.7,4.2,0.0365,17,47,28,6,93.1,62,-9,53,-0.1,0.007031,622.0,145.0,18.1,1.04,0.29,0.29,-1,2004-12-05 18:00:00
2004,340,19,2338,51,52,59,36,13.9,10.6,76.4,141.6,-2.0,1.6,10.3,1.5,10.3,1.8,9.1,2.6,7.6,4.2,170115.0,10.4,419.0,-7.7,-1.2,0.096,23504.0,1.8,5.0,0.8,1.2,0.02,4.22,-4.32,0.67,4.9,3.9,0.0503,17,47,23,6,93.1,89,-55,34,-0.6,0.007031,999999.99,99999.99,99999.99,99999.99,99999.99,99999.99,0,2004-12-05 19:00:00
2004,340,20,2338,51,52,61,37,13.8,11.5,27.7,117.5,-4.7,9.0,5.4,8.8,5.8,0.6,7.4,2.6,4.5,5.2,189731.0,12.4,417.0,-4.0,-3.0,0.07,14857.0,1.6,5.0,1.5,1.8,0.017,4.61,-2.42,0.86,5.3,4.0,0.042,17,47,22,6,93.1,39,-12,27,0.1,0.007031,999999.99,99999.99,99999.99,99999.99,99999.99,99999.99,0,2004-12-05 20:00:00
2004,340,21,2338,51,52,59,37,13.6,13.0,12.3,121.0,-6.5,10.9,2.8,10.7,3.5,0.6,4.0,2.5,2.1,2.3,203991.0,12.4,415.0,-3.4,-3.9,0.078,22985.0,0.8,4.0,1.2,0.5,0.011,4.68,-1.45,0.93,5.4,4.0,0.0412,17,47,20,6,93.1,43,-17,26,0.4,0.007031,999999.99,99999.99,99999.99,99999.99,99999.99,99999.99,0,2004-12-05 21:00:00
2004,340,22,2338,51,52,61,38,13.6,12.1,24.2,184.1,-11.0,-0.8,5.0,-1.2,4.9,0.5,5.9,1.3,5.6,1.4,208960.0,12.3,417.0,-6.1,-3.2,0.091,29795.0,1.4,7.0,2.3,1.0,0.016,4.87,-2.04,0.93,5.4,4.0,0.0411,17,47,14,6,93.1,46,-23,23,-0.9,0.007031,999999.99,99999.99,99999.99,99999.99,99999.99,99999.99,0,2004-12-05 22:00:00
2004,340,23,2338,51,52,55,33,11.8,10.0,1.6,119.4,-4.9,8.7,0.3,8.7,0.9,0.6,6.0,3.4,3.6,3.4,185285.0,15.4,392.0,-3.0,-5.5,0.08,23958.0,1.1,11.0,1.3,1.2,0.012,5.22,-0.35,1.44,6.5,4.3,0.028,17,47,14,6,93.1,68,-27,41,0.5,0.007031,999999.99,99999.99,99999.99,99999.99,99999.99,99999.99,0,2004-12-05 23:00:00
2004,341,0,2338,51,52,63,39,12.1,10.1,28.8,158.4,-8.2,3.2,4.8,2.9,5.0,0.5,6.6,3.2,3.7,4.4,182507.0,13.0,408.0,-3.5,-2.3,0.084,26674.0,1.3,11.0,0.9,2.0,0.014,4.83,-2.04,1.15,6.1,4.3,0.0322,23,39,10,9,90.4,186,-110,76,1.5,0.006951,999999.99,99999.99,99999.99,99999.99,99999.99,99999.99,0,2004-12-06 00:00:00
2004,341,1,2338,51,52,58,33,10.7,10.4,25.4,191.7,-9.2,-1.9,4.5,-2.0,4.4,0.6,2.5,0.8,1.8,1.5,184016.0,11.1,402.0,-3.6,-3.0,0.084,27212.0,1.4,8.0,0.5,0.8,0.02,4.0,-1.77,1.26,6.3,4.3,0.0304,23,39,7,9,90.4,79,-34,45,0.4,0.006951,999999.99,99999.99,99999.99,99999.99,99999.99,99999.99,0,2004-12-06 01:00:00
2004,341,2,2338,51,52,61,36,8.2,4.2,48.6,175.8,-2.7,0.2,3.1,0.2,3.1,1.0,7.1,2.7,5.2,3.9,144809.0,10.3,403.0,-3.2,-3.8,0.093,16623.0,1.4,5.0,1.1,1.1,0.011,3.83,-1.25,1.74,7.9,5.0,0.0191,23,39,6,9,90.4,37,-5,31,0.5,0.006951,999999.99,99999.99,99999.99,99999.99,99999.99,99999.99,0,2004-12-06 02:00:00
2004,341,3,2338,51,52,58,37,8.5,3.6,22.6,151.0,-2.9,1.6,1.4,1.7,1.3,1.0,7.8,0.9,4.6,6.2,128485.0,9.9,398.0,-2.0,-4.7,0.073,12316.0,0.9,3.0,1.0,0.8,0.018,3.38,-0.52,1.46,7.4,4.9,0.0219,30,39,6,15,90.4,25,-1,24,0.0,0.006951,999999.99,99999.99,99999.99,99999.99,99999.99,99999.99,0,2004-12-06 03:00:00
2004,341,4,2338,51,52,60,36,9.8,9.3,-41.1,104.0,-1.7,6.8,-6.1,6.1,-6.8,0.6,3.2,1.3,1.6,2.4,152407.0,8.2,389.0,-2.3,-4.7,0.054,11981.0,0.6,5.0,0.9,0.6,0.007,2.52,2.65,1.0,5.7,4.2,0.0368,30,39,0,15,90.4,117,-46,71,2.1,0.006951,999999.99,99999.99,99999.99,99999.99,99999.99,99999.99,0,2004-12-06 04:00:00
2004,341,5,2338,51,52,60,36,9.5,9.4,-24.5,115.3,-3.6,7.7,-3.9,7.0,-5.1,0.4,1.7,1.1,0.6,1.1,155554.0,8.4,390.0,-2.1,-3.3,0.05,16167.0,0.5,4.0,0.5,0.6,0.006,2.56,1.99,1.1,5.9,4.3,0.0336,30,39,-13,15,90.4,430,-319,110,3.8,0.006951,999999.99,99999.99,99999.99,99999.99,99999.99,99999.99,0,2004-12-06 05:00:00
2004,341,6,2338,51,52,60,37,9.0,8.3,-19.1,128.6,-4.9,6.1,-2.7,5.4,-3.9,0.6,3.2,0.6,0.9,3.1,160607.0,8.3,389.0,-2.7,-2.2,0.047,17376.0,1.2,5.0,1.3,1.9,0.006,2.49,1.52,1.23,6.2,4.3,0.0307,40,39,-22,27,90.4,290,-190,101,3.5,0.006951,999999.99,99999.99,99999.99,99999.99,99999.99,99999.99,0,2004-12-06 06:00:00
2004,341,7,2338,51,52,61,36,9.6,9.4,-60.7,133.7,-3.2,3.3,-8.2,1.1,-8.8,0.3,1.4,0.7,0.9,0.9,174678.0,6.6,399.0,0.3,-5.5,0.052,10542.0,0.4,3.0,0.6,0.6,0.003,2.12,3.51,0.9,5.3,4.0,0.0417,40,39,-24,27,90.4,308,-196,112,3.0,0.006951,684.0,135.0,11.5,0.92,0.32,0.3,-1,2004-12-06 07:00:00
2004,341,8,2338,51,52,63,40,9.5,9.2,-46.9,135.5,-4.5,4.4,-6.7,2.3,-7.7,0.2,1.8,0.9,1.4,0.7,173016.0,6.7,401.0,1.7,-4.9,0.049,18971.0,0.3,11.0,2.2,0.9,0.007,2.15,3.09,0.93,5.5,4.1,0.0399,40,39,-30,27,90.4,616,-381,235,3.5,0.006951,834.0,158.0,13.5,0.89,0.28,0.28,-1,2004-12-06 08:00:00
2004,341,9,2338,51,52,62,37,7.8,7.1,-75.7,145.2,-1.4,1.0,-6.9,-1.1,-6.9,0.5,3.0,1.7,2.4,0.8,191758.0,6.7,437.0,6.6,-3.2,0.056,18955.0,0.4,5.0,0.6,1.2,0.006,2.62,3.02,1.47,7.3,4.8,0.0226,30,39,-28,15,90.4,628,-291,337,6.2,0.006951,862.0,158.0,13.1,0.86,0.26,0.26,-1,2004-12-06 09:00:00
2004,341,10,2338,51,52,58,36,7.5,7.0,-51.0,148.6,-3.8,2.3,-5.5,0.5,-5.9,0.4,2.5,1.6,1.5,1.3,186304.0,6.2,431.0,5.7,-3.8,0.063,14714.0,0.4,8.0,0.9,1.2,0.006,2.41,2.54,1.44,7.2,4.8,0.0232,30,39,-31,15,90.4,435,-241,194,3.1,0.006951,684.0,128.0,11.1,0.83,0.27,0.26,-1,2004-12-06 10:00:00
2004,341,11,2338,51,52,61,37,7.5,7.2,-36.1,137.3,-4.3,4.0,-4.3,2.6,-5.3,0.2,1.7,0.8,0.9,1.2,203204.0,5.8,424.0,4.4,-2.6,0.065,11248.0,0.5,5.0,0.8,2.1,0.006,2.19,2.25,1.42,6.8,4.6,0.0257,30,39,-35,15,90.4,502,-426,76,4.3,0.006951,545.0,105.0,9.46,0.7,0.23,0.22,-1,2004-12-06 11:00:00
2004,341,12,2338,51,52,60,37,8.0,7.4,-38.1,152.0,-5.2,2.7,-4.6,1.3,-5.2,0.3,2.9,1.0,2.3,1.6,189059.0,5.3,418.0,4.8,-1.0,0.071,18795.0,0.4,7.0,2.3,1.2,0.011,1.99,2.17,1.09,6.0,4.3,0.0329,43,39,-40,32,90.4,505,-423,82,3.9,0.006951,536.0,99.4,8.67,0.74,0.26,0.25,-1,2004-12-06 12:00:00
2004,341,13,2338,51,52,60,35,8.5,7.7,-18.1,134.1,-5.1,5.3,-2.4,4.5,-3.6,0.2,3.4,1.1,1.7,2.7,155231.0,5.6,428.0,1.9,-2.3,0.074,36103.0,0.7,6.0,1.4,1.7,0.014,2.22,1.54,0.91,6.0,4.5,0.0335,43,39,-39,32,90.4,586,-396,191,3.3,0.006951,491.0,89.9,7.93,0.71,0.26,0.25,-1,2004-12-06 13:00:00
2004,341,14,2338,51,52,64,37,10.0,8.7,-38.1,139.9,-5.3,4.4,-5.4,3.2,-6.2,0.9,4.8,1.3,2.4,3.9,131071.0,4.8,428.0,3.0,-0.4,0.053,32775.0,0.9,10.0,1.8,1.9,0.015,1.78,2.65,0.52,4.7,3.9,0.0541,43,39,-34,32,90.4,703,-481,222,4.1,0.006951,437.0,79.1,6.9,0.7,0.27,0.26,-1,2004-12-06 14:00:00
2004,341,15,2338,51,52,54,32,11.2,10.8,7.9,133.6,-7.3,7.7,1.5,7.8,0.2,0.1,2.9,1.3,0.9,2.4,101026.0,3.1,438.0,3.1,-3.2,0.109,9922.0,0.2,11.0,1.2,2.5,0.012,1.43,-0.09,0.24,3.4,3.1,0.1004,37,39,-42,22,90.4,652,-473,179,2.7,0.006951,391.0,70.9,6.15,0.67,0.27,0.26,-1,2004-12-06 15:00:00
2004,341,16,2338,51,52,64,39,10.7,10.2,-18.1,132.3,-6.5,7.2,-3.2,6.8,-4.0,0.2,3.0,2.0,1.3,1.9,117478.0,3.6,445.0,3.7,1.2,0.099,22550.0,0.6,15.0,1.5,2.0,0.015,1.66,1.78,0.32,3.9,3.5,0.0764,37,39,-42,22,90.4,426,-297,129,1.8,0.006951,234.0,44.1,4.26,0.54,0.23,0.22,-1,2004-12-06 16:00:00
2004,341,17,2338,51,52,58,34,10.4,9.5,-37.6,134.2,-5.3,5.4,-5.8,5.0,-6.2,0.3,3.9,1.4,2.2,2.9,120438.0,4.0,448.0,6.2,3.1,0.079,24523.0,0.6,13.0,2.1,2.4,0.01,1.76,2.78,0.38,4.3,3.7,0.0641,37,39,-39,22,90.4,503,-352,151,2.8,0.006951,181.0,35.6,3.72,0.53,0.24,0.24,-1,2004-12-06 17:00:00
2004,341,18,2338,51,52,60,37,10.9,10.5,-11.8,132.8,-7.0,7.5,-2.1,7.4,-2.3,0.3,2.6,0.5,1.3,2.2,131439.0,3.3,436.0,5.0,0.5,0.081,18624.0,0.3,8.0,1.6,2.5,0.014,1.39,1.0,0.3,3.6,3.2,0.0901,37,39,-42,22,90.4,736,-535,201,4.7,0.006951,174.0,34.5,3.43,0.5,0.23,0.23,-1,2004-12-06 18:00:00
2004,341,19,2338,51,52,60,33,11.0,10.1,-5.8,131.8,-6.7,7.5,-1.0,7.5,-0.9,0.1,3.9,1.4,1.4,3.4,149142.0,3.6,451.0,4.9,-0.4,0.071,19705.0,0.3,12.0,1.2,2.7,0.006,1.57,0.41,0.34,3.9,3.4,0.0786,37,39,-42,22,90.4,590,-329,262,3.8,0.006951,999999.99,99999.99,99999.99,99999.99,99999.99,99999.99,0,2004-12-06 19:00:00
2004,341,20,2338,51,52,63,35,10.9,10.1,4.4,129.5,-6.4,7.8,0.8,7.8,1.2,0.2,3.5,1.6,1.6,2.7,145682.0,3.8,454.0,4.9,-3.1,0.072,24155.0,0.4,13.0,1.7,3.5,0.01,1.68,-0.54,0.36,4.1,3.5,0.0722,37,39,-37,22,90.4,204,-98,106,2.2,0.006951,999999.99,99999.99,99999.99,99999.99,99999.99,99999.99,0,2004-12-06 20:00:00
2004,341,21,2338,51,52,59,29,10.5,9.6,7.8,137.4,-7.0,6.4,1.3,6.3,1.7,0.1,3.8,1.1,1.2,3.4,126291.0,3.7,450.0,4.8,-4.3,0.063,18683.0,0.4,13.0,1.5,3.4,0.009,1.57,-0.77,0.36,4.1,3.6,0.07,37,39,-37,22,90.4,172,-96,75,1.1,0.006951,999999.99,99999.99,99999.99,99999.99,99999.99,99999.99,0,2004-12-06 21:00:00
2004,341,22,2338,51,52,61,36,10.7,9.6,-13.9,137.6,-6.9,6.3,-2.3,6.5,-1.8,0.3,4.5,1.3,2.0,3.8,113938.0,3.6,457.0,5.2,-1.1,0.053,22854.0,0.6,15.0,2.3,4.8,0.009,1.52,0.82,0.32,4.1,3.6,0.0724,37,39,-35,22,90.4,327,-242,84,2.0,0.006951,999999.99,99999.99,99999.99,99999.99,99999.99,99999.99,0,2004-12-06 22:00:00
2004,341,23,2338,51,52,58,28,10.4,9.8,7.4,132.3,-6.5,7.2,1.3,7.1,1.9,0.3,3.1,1.0,1.4,2.6,109176.0,3.7,448.0,4.0,-4.6,0.052,14393.0,0.3,10.0,1.6,3.5,0.009,1.5,-0.85,0.34,4.1,3.6,0.0693,37,39,-35,22,90.4,522,-375,147,3.9,0.006951,999999.99,99999.99,99999.99,99999.99,99999.99,99999.99,0,2004-12-06 23:00:00
2004,342,0,2338,51,52,63,36,9.5,8.5,-11.1,139.1,-6.3,5.4,-1.6,5.5,-1.2,0.4,4.1,1.2,1.9,3.4,103499.0,3.7,458.0,4.0,-1.1,0.051,11668.0,0.4,9.0,1.7,3.2,0.005,1.56,0.55,0.4,4.6,4.0,0.0553,30,15,-32,15,87.1,262,-156,106,2.7,0.006911,999999.99,99999.99,99999.99,99999.99,99999.99,99999.99,0,2004-12-07 00:00:00
2004,342,1,2338,51,52,61,34,6.5,5.9,-8.6,183.5,-5.8,-0.4,-0.9,-0.4,-0.9,0.8,2.8,0.6,1.5,2.2,96559.0,2.6,482.0,5.3,-0.6,0.048,16195.0,0.5,9.0,2.6,2.5,0.005,1.2,0.43,0.58,6.0,4.9,0.0333,30,15,-36,15,87.1,329,-255,74,2.2,0.006911,999999.99,99999.99,99999.99,99999.99,99999.99,99999.99,0,2004-12-07 01:00:00
2004,342,2,2338,51,52,60,36,5.9,5.5,-21.7,143.6,-4.1,3.0,-2.0,3.0,-2.0,0.1,2.1,1.1,1.5,0.9,88887.0,2.4,499.0,-0.2,2.6,0.048,19873.0,0.3,14.0,2.3,1.4,0.005,1.19,1.0,0.62,6.6,5.3,0.0277,30,15,-44,15,87.1,309,-243,66,1.9,0.006911,999999.99,99999.99,99999.99,99999.99,99999.99,99999.99,0,2004-12-07 02:00:00
2004,342,3,2338,51,52,63,39,5.5,4.0,-11.4,147.5,-3.3,2.1,-0.8,2.1,-0.9,0.1,3.6,1.1,2.0,2.8,99903.0,2.5,506.0,1.6,0.7,0.056,22447.0,0.3,14.0,2.7,3.9,0.006,1.31,0.46,0.78,7.3,5.6,0.0225,30,15,-40,15,87.1,184,-122,62,0.9,0.006911,999999.99,99999.99,99999.99,99999.99,99999.99,99999.99,0,2004-12-07 03:00:00
2004,342,4,2338,51,52,61,37,5.2,4.3,-44.5,144.6,-2.5,1.8,-3.0,1.5,-3.2,0.2,2.8,0.8,1.4,2.3,123641.0,2.9,513.0,1.4,2.9,0.052,14354.0,0.2,9.0,1.6,2.7,0.006,1.54,1.64,1.12,8.4,6.0,0.0169,30,15,-37,15,87.1,328,-245,84,1.6,0.006911,999999.99,99999.99,99999.99,99999.99,99999.99,99999.99,0,2004-12-07 04:00:00
2004,342,5,2338,51,52,58,35,5.7,4.9,33.3,137.9,-3.0,2.8,2.7,3.2,2.2,0.1,2.6,1.0,1.2,2.1,85144.0,2.5,501.0,-0.5,-3.9,0.046,15678.0,0.3,15.0,2.0,2.5,0.004,1.24,-1.1,0.68,6.9,5.5,0.0246,30,15,-33,15,87.1,444,-359,85,3.0,0.006911,999999.99,99999.99,99999.99,99999.99,99999.99,99999.99,0,2004-12-07 05:00:00
2004,342,6,2338,51,52,57,33,5.9,5.0,29.7,155.2,-4.0,1.8,2.5,2.3,2.1,0.1,3.0,1.7,1.7,1.8,67132.0,2.3,487.0,1.1,-3.7,0.042,10141.0,0.3,22.0,2.9,2.6,0.005,1.06,-1.02,0.54,6.3,5.2,0.0304,30,15,-34,15,87.1,279,-161,118,2.4,0.006911,999999.99,99999.99,99999.99,99999.99,99999.99,99999.99,0,2004-12-07 06:00:00
2004,342,7,2338,51,52,62,38,6.0,5.0,3.9,184.2,-5.0,-0.4,0.3,-0.3,0.4,0.1,3.0,0.6,1.9,2.3,70374.0,2.5,476.0,3.8,-0.5,0.04,15679.0,0.2,10.0,2.9,3.7,0.003,1.1,-0.19,0.57,6.3,5.1,0.0302,30,15,-36,15,87.1,201,-94,107,1.5,0.006911,999999.99,99999.99,99999.99,99999.99,99999.99,99999.99,0,2004-12-07 07:00:00
2004,342,8,2338,51,52,60,35,6.2,5.5,-7.3,205.8,-4.9,-2.4,-0.7,-2.5,0.0,0.1,2.5,0.8,1.4,1.9,68306.0,2.7,480.0,6.4,1.0,0.04,15406.0,0.4,13.0,1.6,2.7,0.005,1.21,-0.0,0.57,6.4,5.2,0.0294,30,15,-32,15,87.1,108,-36,72,0.7,0.006911,999999.99,99999.99,99999.99,99999.99,99999.99,99999.99,0,2004-12-07 08:00:00
2004,342,9,2338,51,52,61,37,6.2,4.8,-2.0,180.1,-4.8,0.0,-0.2,-0.1,-0.2,0.1,3.8,1.2,3.3,1.5,67895.0,2.6,477.0,2.6,-0.4,0.046,12633.0,0.2,15.0,4.6,2.3,0.005,1.17,0.1,0.55,6.2,5.1,0.0309,23,15,-31,9,87.1,218,-132,87,1.4,0.006911,999999.99,99999.99,99999.99,99999.99,99999.99,99999.99,0,2004-12-07 09:00:00
2004,342,10,2338,51,52,61,35,6.1,5.0,19.4,194.8,-4.6,-1.2,1.7,-0.6,2.0,0.1,3.3,1.0,1.9,2.5,78072.0,2.7,484.0,4.6,-2.8,0.053,16982.0,0.4,13.0,2.4,3.8,0.012,1.28,-0.97,0.62,6.5,5.3,0.028,23,15,-32,9,87.1,315,-207,108,1.1,0.006911,999999.99,99999.99,99999.99,99999.99,99999.99,99999.99,0,2004-12-07 10:00:00
2004,342,11,2338,51,52,61,38,6.1,4.5,-21.7,133.9,-2.9,3.0,-1.7,2.4,-2.5,0.2,4.0,1.3,2.2,3.0,115103.0,3.3,505.0,-0.3,2.0,0.05,24709.0,0.2,13.0,2.0,3.3,0.004,1.69,1.26,0.9,7.5,5.6,0.021,23,15,-31,9,87.1,300,-231,69,1.5,0.006911,999999.99,99999.99,99999.99,99999.99,99999.99,99999.99,0,2004-12-07 11:00:00
2004,342,12,2338,51,52,63,37,6.1,5.2,-24.9,107.5,-1.4,4.5,-2.2,3.7,-3.3,0.3,2.8,1.1,1.6,2.1,130308.0,3.5,517.0,-1.2,1.6,0.047,15315.0,0.2,10.0,1.5,2.0,0.003,1.86,1.71,1.01,7.9,5.8,0.0189,30,15,-24,15,87.1,357,-209,148,1.9,0.006911,999999.99,99999.99,99999.99,99999.99,99999.99,99999.99,0,2004-12-07 12:00:00
2004,342,13,2338,51,52,60,36,5.8,4.7,0.7,80.5,0.8,4.6,0.1,4.5,-1.0,0.1,3.3,2.0,1.1,2.4,128459.0,3.3,530.0,-1.0,-0.3,0.047,14765.0,0.2,15.0,1.1,2.2,0.005,1.84,0.53,1.05,8.3,6.0,0.0173,30,15,-23,15,87.1,497,-380,117,2.8,0.006911,999999.99,99999.99,99999.99,99999.99,99999.99,99999.99,0,2004-12-07 13:00:00
2004,342,14,2338,51,52,59,36,5.9,5.2,18.3,67.2,1.9,4.6,1.6,4.8,0.6,0.2,2.7,1.1,1.3,2.1,116229.0,3.3,532.0,-0.7,-1.6,0.044,15943.0,0.2,11.0,1.2,2.1,0.004,1.83,-0.32,0.96,8.2,6.0,0.0177,30,15,-23,15,87.1,272,-181,91,1.5,0.006911,999999.99,99999.99,99999.99,99999.99,99999.99,99999.99,0,2004-12-07 14:00:00
2004,342,15,2338,51,52,58,36,5.5,4.4,-8.0,107.3,-1.3,4.2,-0.6,4.1,-1.3,0.3,3.2,2.2,1.7,1.6,132086.0,3.5,514.0,0.3,-0.1,0.044,21481.0,0.2,14.0,1.6,1.5,0.006,1.82,0.67,1.25,8.7,6.1,0.0156,27,15,-22,12,87.1,238,-200,38,1.8,0.006911,999999.99,99999.99,99999.99,99999.99,99999.99,99999.99,0,2004-12-07 15:00:00
2004,342,16,2338,51,52,61,37,5.2,4.1,10.8,83.5,0.5,4.0,0.8,4.1,0.3,0.3,3.1,1.3,1.1,2.6,144983.0,3.5,527.0,0.1,-1.6,0.045,13306.0,0.2,9.0,0.8,2.0,0.004,1.92,-0.16,1.47,9.5,6.3,0.0132,27,15,-22,12,87.1,399,-366,33,1.5,0.006911,999999.99,99999.99,99999.99,99999.99,99999.99,99999.99,0,2004-12-07 16:00:00
2004,342,17,2338,51,52,60,37,5.4,4.6,-10.1,105.7,-1.2,4.4,-0.8,4.3,-1.1,0.3,2.7,1.0,1.1,2.3,134894.0,3.4,514.0,-0.6,-0.2,0.041,17291.0,0.2,9.0,1.0,2.4,0.004,1.75,0.57,1.28,8.8,6.1,0.0154,27,15,-24,12,87.1,312,-262,50,2.0,0.006911,999999.99,99999.99,99999.99,99999.99,99999.99,99999.99,0,2004-12-07 17:00:00
2004,342,18,2338,51,52,59,34,5.6,4.8,-33.5,107.3,-1.2,3.8,-2.6,3.7,-2.7,0.1,2.7,1.5,1.7,1.5,116169.0,3.4,514.0,-0.4,1.2,0.034,13571.0,0.2,15.0,1.7,1.6,0.003,1.7,1.39,1.1,8.5,6.1,0.0166,37,15,-28,22,87.1,520,-459,61,2.8,0.006911,999999.99,99999.99,99999.99,99999.99,99999.99,99999.99,0,2004-12-07 18:00:00
2004,342,19,2338,51,52,58,36,5.3,4.0,16.8,100.5,-0.7,3.8,1.2,3.8,1.3,0.3,3.4,2.1,1.2,2.4,125532.0,3.3,514.0,0.2,-2.1,0.039,23319.0,0.2,16.0,1.1,2.0,0.004,1.68,-0.67,1.24,8.8,6.1,0.0153,37,15,-28,22,87.1,427,-372,54,2.9,0.006911,999999.99,99999.99,99999.99,99999.99,99999.99,99999.99,0,2004-12-07 19:00:00
2004,342,20,2338,51,52,60,35,4.9,4.6,-26.2,159.1,-3.8,1.5,-2.0,1.6,-1.9,0.4,1.5,0.6,1.2,0.7,131673.0,3.1,488.0,2.4,0.6,0.04,18543.0,0.2,6.0,1.8,1.1,0.007,1.43,0.93,1.4,8.8,5.9,0.0155,37,15,-23,22,87.1,102,-48,54,0.9,0.006911,999999.99,99999.99,99999.99,99999.99,99999.99,99999.99,0,2004-12-07 20:00:00
2004,342,21,2338,51,52,62,38,4.4,2.9,-6.1,142.1,-2.2,1.7,-0.3,1.7,-0.2,0.6,3.3,1.4,1.1,2.8,143482.0,3.6,503.0,2.2,-1.0,0.044,17959.0,0.5,10.0,0.9,2.1,0.008,1.79,0.1,2.1,10.8,6.5,0.0101,30,15,-22,15,87.1,163,-115,48,1.3,0.006911,999999.99,99999.99,99999.99,99999.99,99999.99,99999.99,0,2004-12-07 21:00:00
2004,342,22,2338,51,52,56,34,4.4,3.3,18.2,109.7,-1.0,2.9,1.0,2.8,1.3,0.2,2.8,1.3,1.2,2.1,148200.0,4.0,505.0,0.8,-1.7,0.049,13713.0,0.3,10.0,1.1,1.8,0.005,2.04,-0.66,2.38,11.5,6.6,0.009,30,15,-24,15,87.1,208,-167,41,1.2,0.006911,999999.99,99999.99,99999.99,99999.99,99999.99,99999.99,0,2004-12-07 22:00:00
2004,342,23,2338,51,52,64,39,4.5,3.4,33.0,141.0,-2.2,1.8,1.8,1.6,2.0,0.1,2.9,2.1,0.8,1.8,145741.0,3.8,497.0,1.3,-3.4,0.052,11663.0,0.3,18.0,0.9,1.8,0.007,1.89,-0.99,2.14,10.8,6.4,0.0103,30,15,-22,15,87.1,152,-102,50,0.9,0.006911,999999.99,99999.99,99999.99,99999.99,99999.99,99999.99,0,2004-12-07 23:00:00
2004,343,0,2339,51,52,58,34,4.8,4.2,61.8,79.2,0.4,2.0,3.7,1.7,3.8,0.2,2.1,1.0,1.5,1.1,136822.0,4.2,514.0,1.5,-4.5,0.043,8117.0,0.3,10.0,1.3,1.2,0.005,2.17,-1.95,2.01,11.0,6.6,0.0099,27,24,-20,12,93.6,57,-12,45,0.2,0.006863,999999.99,99999.99,99999.99,99999.99,99999.99,99999.99,0,2004-12-08 00:00:00
2004,343,1,2339,51,52,59,36,5.0,4.5,-40.4,119.7,-1.7,2.9,-2.9,3.0,-2.8,0.2,2.2,0.8,1.3,1.6,130971.0,4.6,496.0,0.5,0.7,0.04,6949.0,0.3,5.0,1.0,1.1,0.003,2.19,1.39,1.99,10.6,6.5,0.0105,27,24,-19,12,93.6,92,-33,59,0.8,0.006863,999999.99,99999.99,99999.99,99999.99,99999.99,99999.99,0,2004-12-08 01:00:00
2004,343,2,2339,51,52,60,33,4.7,3.9,-12.1,118.1,-1.8,3.4,-0.8,3.4,-0.8,0.2,2.5,0.9,0.8,2.1,132069.0,4.4,491.0,0.1,-1.1,0.047,7465.0,0.2,7.0,0.8,2.0,0.004,2.1,0.39,2.16,11.0,6.5,0.0099,27,24,-23,12,93.6,204,-148,56,2.0,0.006863,999999.99,99999.99,99999.99,99999.99,99999.99,99999.99,0,2004-12-08 02:00:00
2004,343,3,2339,51,52,60,37,4.7,3.2,9.8,100.1,-0.6,3.1,0.5,3.1,0.4,0.1,3.3,1.3,0.9,2.9,135601.0,4.4,498.0,-0.3,-2.4,0.043,9947.0,0.3,11.0,0.7,2.6,0.005,2.14,-0.2,2.19,11.1,6.5,0.0096,30,24,-23,15,93.6,155,-114,42,1.8,0.006863,999999.99,99999.99,99999.99,99999.99,99999.99,99999.99,0,2004-12-08 03:00:00
2004,343,4,2339,51,52,57,34,4.8,3.0,-45.2,128.8,-1.3,1.6,-2.1,1.4,-2.2,0.2,3.6,1.4,2.0,2.7,133768.0,4.6,496.0,0.9,-1.0,0.044,12832.0,0.2,13.0,1.9,2.1,0.004,2.22,1.09,2.18,11.1,6.5,0.0097,30,24,-22,15,93.6,115,-53,62,1.3,0.006863,999999.99,99999.99,99999.99,99999.99,99999.99,99999.99,0,2004-12-08 04:00:00
2004,343,5,2339,51,52,59,36,4.9,3.7,-16.8,147.0,-3.0,1.9,-1.1,1.7,-1.4,0.3,3.0,1.8,1.7,1.7,137541.0,4.3,481.0,0.6,-1.9,0.042,25946.0,0.5,15.0,1.4,1.7,0.006,1.94,0.67,1.98,10.2,6.2,0.0115,30,24,-25,15,93.6,196,-121,75,1.5,0.006863,999999.99,99999.99,99999.99,99999.99,99999.99,99999.99,0,2004-12-08 05:00:00
2004,343,6,2339,51,52,62,38,4.9,3.4,36.1,139.9,-2.1,1.8,2.0,2.2,1.6,0.4,3.4,1.7,1.3,2.7,156763.0,4.6,489.0,1.3,-5.1,0.035,17908.0,0.4,13.0,1.0,1.9,0.005,2.09,-0.78,2.27,10.7,6.2,0.0104,27,24,-24,12,93.6,318,-193,126,2.1,0.006863,999999.99,99999.99,99999.99,99999.99,99999.99,99999.99,0,2004-12-08 06:00:00
2004,343,7,2339,51,52,64,38,4.7,0.9,-4.0,232.8,-0.6,-0.7,-0.1,-0.7,0.1,0.9,4.6,2.4,1.4,3.6,165439.0,4.8,499.0,3.0,-3.5,0.031,27786.0,0.4,15.0,0.9,2.7,0.004,2.24,-0.05,2.66,11.6,6.4,0.0088,27,24,-21,12,93.6,227,-130,97,1.3,0.006863,999999.99,99999.99,99999.99,99999.99,99999.99,99999.99,0,2004-12-08 07:00:00
2004,343,8,2339,51,52,57,36,4.6,3.7,-45.0,301.5,1.4,-2.2,-2.6,-2.8,-1.9,0.5,2.6,1.8,1.5,1.1,172559.0,4.8,510.0,4.2,-1.9,0.025,15076.0,0.3,11.0,1.3,1.0,0.003,2.29,0.97,2.84,12.1,6.5,0.0081,27,24,-19,12,93.6,163,-96,67,1.1,0.006863,999999.99,99999.99,99999.99,99999.99,99999.99,99999.99,0,2004-12-08 08:00:00
2004,343,9,2339,51,52,59,35,4.6,3.6,-1.2,149.3,-3.1,1.9,-0.1,1.8,-0.6,0.3,2.7,1.5,2.0,1.0,166933.0,4.4,478.0,1.5,-3.9,0.031,25798.0,0.8,13.0,1.9,0.7,0.004,1.89,0.29,2.55,10.9,6.1,0.01,17,24,-21,6,93.6,197,-115,82,1.5,0.006863,999999.99,99999.99,99999.99,99999.99,99999.99,99999.99,0,2004-12-08 09:00:00
2004,343,10,2339,51,52,60,38,5.3,2.3,-73.0,88.5,0.0,0.7,-2.2,0.0,-2.3,0.5,4.7,2.5,3.6,1.7,163248.0,5.0,497.0,2.1,-2.7,0.023,23376.0,0.5,16.0,2.3,1.2,0.005,2.25,1.14,2.16,10.5,6.2,0.0108,17,24,-24,6,93.6,263,-167,96,1.4,0.006863,999999.99,99999.99,99999.99,99999.99,99999.99,99999.99,0,2004-12-08 10:00:00
2004,343,11,2339,51,52,58,35,4.8,3.6,-8.6,104.8,-0.9,3.4,-0.5,3.1,-1.4,0.3,3.0,1.1,1.5,2.4,172414.0,4.9,485.0,0.3,-3.1,0.027,16392.0,0.3,10.0,1.1,2.0,0.002,2.13,0.68,2.66,11.2,6.2,0.0095,17,24,-25,6,93.6,240,-154,86,1.6,0.006863,999999.99,99999.99,99999.99,99999.99,99999.99,99999.99,0,2004-12-08 11:00:00
2004,343,12,2339,51,52,66,40,4.4,3.4,-20.9,115.4,-1.3,2.8,-1.2,2.4,-1.9,0.4,2.8,1.8,1.3,1.6,175646.0,5.1,479.0,0.6,-2.4,0.027,18767.0,0.3,11.0,1.2,1.3,0.004,2.17,0.91,3.33,12.3,6.2,0.0079,23,24,-25,9,93.6,186,-129,57,0.8,0.006863,999999.99,99999.99,99999.99,99999.99,99999.99,99999.99,0,2004-12-08 12:00:00
2004,343,13,2339,51,52,57,34,4.9,3.8,-14.9,90.2,0.0,3.6,-1.0,3.3,-1.8,0.2,3.0,2.3,1.0,1.6,156062.0,5.0,483.0,-0.3,-2.5,0.023,11221.0,0.3,16.0,0.8,1.5,0.005,2.13,0.87,2.46,11.0,6.2,0.0098,23,24,-23,9,93.6,243,-214,30,1.5,0.006863,6.24,1.4,0.48,0.33,0.31,0.31,-1,2004-12-08 13:00:00
2004,343,14,2339,51,52,58,36,5.1,4.7,1.7,87.1,0.2,4.7,0.1,4.6,-0.8,0.4,2.1,1.0,0.8,1.6,154400.0,5.4,481.0,-0.8,-3.3,0.022,10633.0,0.2,6.0,0.6,1.4,0.003,2.27,0.38,2.44,11.0,6.2,0.0099,23,24,-25,9,93.6,357,-290,68,1.8,0.006863,5.88,1.31,0.46,0.32,0.28,0.26,-1,2004-12-08 14:00:00
2004,343,15,2339,51,52,61,35,4.9,3.2,-78.7,133.9,-0.4,0.5,-3.2,0.0,-3.2,0.3,3.5,2.5,2.2,1.0,141839.0,5.1,474.0,1.7,-0.4,0.022,18653.0,0.6,17.0,1.7,1.0,0.005,2.08,1.52,2.39,10.9,6.2,0.01,23,24,-25,9,93.6,243,-185,57,1.8,0.006863,5.49,1.23,0.44,0.3,0.27,0.27,-1,2004-12-08 15:00:00
2004,343,16,2339,51,52,59,37,5.0,4.5,-5.3,92.1,-0.2,4.4,-0.4,4.3,-0.9,0.2,2.0,1.1,0.5,1.6,121817.0,5.5,470.0,-1.8,-2.9,0.024,17262.0,0.5,7.0,0.5,1.4,0.004,2.22,0.42,2.29,11.0,6.4,0.0098,23,24,-25,9,93.6,279,-199,80,1.6,0.006863,5.35,1.17,0.44,0.3,0.27,0.27,-1,2004-12-08 16:00:00
2004,343,17,2339,51,52,60,36,5.5,4.8,18.9,86.7,0.3,4.6,1.6,4.7,1.3,0.5,2.4,1.5,0.9,1.7,107572.0,6.0,466.0,-2.5,-4.2,0.02,12387.0,0.5,8.0,0.7,1.0,0.004,2.35,-0.61,1.95,10.4,6.3,0.011,23,24,-23,9,93.6,300,-221,79,1.1,0.006863,999999.99,99999.99,99999.99,99999.99,99999.99,99999.99,0,2004-12-08 17:00:00
2004,343,18,2339,51,52,60,37,5.0,3.8,7.7,64.7,1.6,3.4,0.5,3.4,0.5,0.5,3.1,1.4,0.9,2.6,109344.0,5.6,465.0,-2.4,-4.0,0.02,16326.0,0.4,10.0,0.9,1.8,0.003,2.18,-0.23,2.22,11.0,6.4,0.0098,20,24,-21,7,93.6,213,-168,45,1.4,0.006863,999999.99,99999.99,99999.99,99999.99,99999.99,99999.99,0,2004-12-08 18:00:00
2004,343,19,2339,51,52,57,34,5.0,4.6,-30.4,62.8,1.8,3.5,-2.3,3.6,-2.2,0.2,1.9,1.5,0.7,0.9,113600.0,5.1,461.0,-2.6,-1.9,0.02,16449.0,0.3,11.0,0.9,0.9,0.003,1.95,1.01,2.05,10.4,6.3,0.011,20,24,-17,7,93.6,54,-29,25,0.8,0.006863,999999.99,99999.99,99999.99,99999.99,99999.99,99999.99,0,2004-12-08 19:00:00
2004,343,20,2339,51,52,63,39,5.3,4.8,-30.1,36.6,3.3,2.5,-2.4,2.6,-2.2,0.3,2.2,1.5,1.1,1.2,109537.0,4.7,464.0,-2.0,-1.4,0.018,16441.0,0.4,11.0,1.1,1.2,0.003,1.81,1.02,1.66,9.5,6.1,0.0132,20,24,-18,7,93.6,94,-58,35,1.1,0.006863,999999.99,99999.99,99999.99,99999.99,99999.99,99999.99,0,2004-12-08 20:00:00
2004,343,21,2339,51,52,58,35,5.2,2.6,-22.7,65.8,1.0,2.2,-1.0,2.3,-0.8,0.3,4.4,3.3,1.4,2.6,94906.0,4.7,452.0,-2.1,-2.4,0.018,10801.0,0.7,17.0,1.2,1.9,0.002,1.72,0.36,1.61,9.4,6.1,0.0134,33,24,-24,18,93.6,404,-351,54,2.4,0.006863,999999.99,99999.99,99999.99,99999.99,99999.99,99999.99,0,2004-12-08 21:00:00
2004,343,22,2339,51,52,5,2,4.5,4.4,-44.3,38.4,2.5,2.0,-3.1,2.3,-2.9,0.3,0.5,0.4,0.2,0.2,116956.0,5.6,452.0,-1.6,-1.4,0.015,6647.0,0.2,1.0,0.1,0.0,0.001,2.03,1.31,2.82,11.9,6.4,0.0084,33,24,-26,18,93.6,229,-155,74,1.3,0.006863,999999.99,99999.99,99999.99,99999.99,99999.99,99999.99,0,2004-12-08 22:00:00
2004,343,23,2339,51,71,3,16,5.3,5.2,-18.7,16.1,4.8,1.4,-1.7,1.6,-1.6,0.0,0.4,0.1,0.4,0.1,87498.0,5.9,437.0,0.2,-0.9,9.999,17824.0,0.4,10.0,0.5,0.7,9.999,2.25,0.7,1.89,10.0,6.2,0.0119,33,24,-23,18,93.6,186,-135,51,1.4,0.006863,999999.99,99999.99,99999.99,99999.99,99999.99,99999.99,0,2004-12-08 23:00:00
2004,344,0,2339,51,52,59,36,6.1,6.0,-12.6,8.7,5.8,0.9,-1.3,1.0,-1.2,0.3,1.1,0.3,0.9,0.5,74781.0,3.9,469.0,-1.5,-1.3,0.015,18259.0,0.3,4.0,0.9,0.5,0.002,1.52,0.56,0.89,7.6,5.7,0.0206,27,21,-20,12,84.7,237,-185,51,1.3,0.006932,999999.99,99999.99,99999.99,99999.99,99999.99,99999.99,0,2004-12-09 00:00:00
2004,344,1,2339,51,52,59,36,6.7,6.6,-5.3,20.8,6.2,2.3,-0.6,2.3,-0.5,0.1,0.8,0.2,0.5,0.6,61174.0,4.0,460.0,-2.7,-1.6,0.016,9423.0,0.5,3.0,0.5,0.6,0.001,1.5,0.23,0.7,6.9,5.4,0.0252,27,21,-18,12,84.7,206,-146,60,2.3,0.006932,999999.99,99999.99,99999.99,99999.99,99999.99,99999.99,0,2004-12-09 01:00:00
2004,344,2,2339,51,52,59,36,6.4,6.3,-6.6,30.0,5.5,3.2,-0.7,3.2,-0.6,0.3,0.9,0.4,0.5,0.7,74174.0,4.7,452.0,-3.3,-1.3,0.017,13161.0,0.3,3.0,0.4,0.6,0.002,1.71,0.27,0.97,7.7,5.7,0.0203,27,21,-20,12,84.7,88,-35,53,1.4,0.006932,999999.99,99999.99,99999.99,99999.99,99999.99,99999.99,0,2004-12-09 02:00:00
2004,344,3,2339,51,52,58,35,6.4,6.2,8.8,31.7,5.3,3.2,1.0,3.2,0.9,0.3,1.3,0.4,0.5,1.1,79503.0,4.8,438.0,-2.4,-1.6,0.017,12549.0,0.2,10.0,0.9,0.3,0.001,1.64,-0.39,1.01,7.5,5.5,0.0212,7,21,-22,3,84.7,68,-26,42,1.0,0.006932,999999.99,99999.99,99999.99,99999.99,99999.99,99999.99,0,2004-12-09 03:00:00
2004,344,4,2339,51,52,61,37,6.1,5.4,21.4,62.9,2.3,4.5,2.0,4.7,1.6,0.2,2.8,2.3,1.3,1.0,91056.0,5.2,431.0,-4.1,-2.5,0.02,11014.0,0.5,6.0,1.0,0.6,0.003,1.74,-0.69,1.28,8.1,5.6,0.0183,7,21,-19,3,84.7,39,-9,30,0.4,0.006932,999999.99,99999.99,99999.99,99999.99,99999.99,99999.99,0,2004-12-09 04:00:00
2004,344,5,2339,51,52,59,37,6.1,5.7,40.4,54.2,2.5,3.5,3.7,4.0,3.2,0.3,2.2,1.3,0.9,1.5,73897.0,4.9,436.0,-3.7,-3.0,0.017,14260.0,0.5,4.0,0.7,0.7,0.002,1.66,-1.4,1.11,7.9,5.7,0.019,7,21,-17,3,84.7,48,-28,20,0.2,0.006932,999999.99,99999.99,99999.99,99999.99,99999.99,99999.99,0,2004-12-09 05:00:00
2004,344,6,2339,51,52,60,37,5.4,4.5,39.6,71.6,1.1,3.3,2.9,3.8,2.2,0.4,2.9,0.7,1.6,2.3,84536.0,5.1,432.0,-4.1,-2.6,0.02,16531.0,0.5,4.0,0.9,1.3,0.002,1.72,-0.95,1.55,9.0,5.9,0.0146,10,21,-16,4,84.7,83,-55,28,0.2,0.006932,999999.99,99999.99,99999.99,99999.99,99999.99,99999.99,0,2004-12-09 06:00:00
2004,344,7,2339,51,52,59,36,4.2,3.1,-8.9,110.8,-1.1,2.9,-0.5,2.7,-1.2,0.4,2.6,1.7,1.7,1.1,110284.0,4.8,420.0,-3.3,-1.2,0.026,18584.0,0.4,9.0,1.3,0.9,0.003,1.56,0.5,2.7,11.0,6.0,0.0099,10,21,-16,4,84.7,133,-92,41,0.5,0.006932,999999.99,99999.99,99999.99,99999.99,99999.99,99999.99,0,2004-12-09 07:00:00
2004,344,8,2339,51,52,57,34,4.6,4.0,-3.1,92.8,-0.2,4.0,-0.2,3.8,-1.2,0.5,2.2,1.7,0.7,1.2,102823.0,4.9,429.0,-4.6,-1.9,0.024,19665.0,0.3,11.0,0.7,1.1,0.002,1.65,0.51,2.23,10.3,6.0,0.0112,10,21,-15,4,84.7,183,-136,46,1.0,0.006932,999999.99,99999.99,99999.99,99999.99,99999.99,99999.99,0,2004-12-09 08:00:00
2004,344,9,2339,51,52,60,38,5.5,5.2,-30.4,94.9,-0.4,4.5,-2.6,3.6,-3.7,0.3,1.9,1.3,0.6,1.2,74645.0,4.8,419.0,-5.6,-0.5,0.021,13162.0,0.4,10.0,0.7,1.2,0.003,1.53,1.55,1.34,8.3,5.7,0.0171,23,21,-16,9,84.7,213,-151,62,1.6,0.006932,999999.99,99999.99,99999.99,99999.99,99999.99,99999.99,0,2004-12-09 09:00:00
2004,344,10,2339,51,52,60,38,6.2,5.7,-23.5,107.3,-1.6,5.0,-2.3,4.1,-3.6,0.2,2.4,0.5,1.1,2.0,68408.0,5.1,408.0,-5.4,-0.6,0.02,7852.0,0.4,4.0,0.7,1.7,0.002,1.53,1.47,1.09,7.4,5.3,0.0215,23,21,-22,9,84.7,460,-384,76,1.9,0.006932,999999.99,99999.99,99999.99,99999.99,99999.99,99999.99,0,2004-12-09 10:00:00
2004,344,11,2339,51,52,62,37,6.0,5.6,-0.8,77.0,1.3,5.4,-0.1,5.2,-1.6,0.1,2.0,1.8,0.5,0.8,68759.0,4.9,422.0,-5.3,-2.3,0.022,9252.0,0.3,11.0,0.4,0.6,0.002,1.59,0.68,1.12,7.8,5.6,0.0196,23,21,-24,9,84.7,476,-380,96,2.7,0.006932,999999.99,99999.99,99999.99,99999.99,99999.99,99999.99,0,2004-12-09 11:00:00
2004,344,12,2339,51,52,56,34,5.7,5.1,-8.8,97.6,-0.7,5.0,-0.8,4.6,-2.0,0.2,2.3,1.9,0.5,1.2,67675.0,4.6,404.0,-5.2,-1.6,0.025,8966.0,0.3,15.0,0.5,1.2,0.004,1.38,0.81,1.15,7.6,5.4,0.0206,20,21,-25,7,84.7,288,-224,65,1.9,0.006932,999999.99,99999.99,99999.99,99999.99,99999.99,99999.99,0,2004-12-09 12:00:00
2004,344,13,2339,51,52,62,14,5.9,3.7,22.7,127.3,-2.1,2.7,1.4,2.9,0.8,0.4,4.5,1.8,1.6,3.8,61197.0,3.2,403.0,-2.1,-2.6,0.038,14472.0,0.6,11.0,1.0,0.9,0.008,1.0,-0.32,0.72,6.1,4.8,0.0319,20,21,-23,7,84.7,413,-350,62,1.7,0.006932,999999.99,99999.99,99999.99,99999.99,99999.99,99999.99,0,2004-12-09 13:00:00
2004,344,14,2339,51,52,62,36,5.9,5.0,1.5,114.4,-2.1,4.5,0.1,4.4,-0.7,0.5,3.0,1.0,1.6,2.4,83542.0,4.6,408.0,-3.8,-2.2,0.046,24909.0,0.4,6.0,1.0,1.0,0.008,1.51,0.29,1.16,7.4,5.2,0.0216,20,21,-19,7,84.7,171,-103,68,0.9,0.006932,999999.99,99999.99,99999.99,99999.99,99999.99,99999.99,0,2004-12-09 14:00:00
2004,344,15,2339,51,52,58,36,6.1,4.2,9.6,107.5,-1.3,4.0,0.7,4.1,0.1,0.8,4.3,2.1,3.1,2.2,97704.0,5.4,409.0,-3.1,-1.2,0.048,20757.0,0.6,9.0,1.6,1.3,0.007,1.8,-0.04,1.36,7.8,5.3,0.0196,20,21,-17,7,84.7,119,-73,46,1.0,0.006932,999999.99,99999.99,99999.99,99999.99,99999.99,99999.99,0,2004-12-09 15:00:00
2004,344,16,2339,51,52,62,37,5.4,3.6,-11.9,136.5,-2.5,2.4,-0.7,2.3,-0.9,0.3,3.9,2.3,2.2,2.2,99157.0,5.8,394.0,-0.7,-1.1,0.049,16354.0,0.4,15.0,2.2,2.2,0.007,1.8,0.35,1.88,8.8,5.4,0.0154,20,21,-19,7,84.7,211,-185,25,1.5,0.006932,999999.99,99999.99,99999.99,99999.99,99999.99,99999.99,0,2004-12-09 16:00:00
2004,344,17,2339,51,52,59,35,5.7,4.9,-4.8,93.6,-0.3,4.8,-0.4,4.8,-0.6,0.2,2.9,1.3,1.3,2.2,98837.0,6.4,411.0,-3.4,-1.1,0.04,13472.0,0.5,8.0,1.0,1.5,0.004,2.09,0.25,1.86,9.1,5.6,0.0143,20,21,-24,7,84.7,347,-268,79,1.8,0.006932,999999.99,99999.99,99999.99,99999.99,99999.99,99999.99,0,2004-12-09 17:00:00
2004,344,18,2339,51,52,60,37,6.2,5.2,-15.7,102.4,-1.1,4.9,-1.4,4.9,-1.4,0.3,3.1,2.0,1.0,2.1,101708.0,6.1,412.0,-2.7,-0.8,0.043,9160.0,0.5,13.0,0.8,1.9,0.005,2.03,0.58,1.52,8.2,5.4,0.0177,23,21,-25,9,84.7,325,-256,69,1.2,0.006932,999999.99,99999.99,99999.99,99999.99,99999.99,99999.99,0,2004-12-09 18:00:00
2004,344,19,2339,51,52,61,37,6.5,4.6,0.6,111.4,-1.7,4.3,0.0,4.3,0.2,0.5,4.4,1.8,2.1,3.5,106602.0,6.8,411.0,-2.5,-2.0,0.042,14864.0,0.4,10.0,1.6,2.7,0.003,2.24,-0.08,1.57,8.2,5.4,0.0175,23,21,-19,9,84.7,201,-166,34,1.1,0.006932,999999.99,99999.99,99999.99,99999.99,99999.99,99999.99,0,2004-12-09 19:00:00
2004,344,20,2339,51,52,59,36,6.7,6.0,8.6,106.9,-1.7,5.6,0.9,5.5,1.3,0.2,2.9,1.3,0.8,2.4,105112.0,7.3,413.0,-4.0,-3.0,0.042,10122.0,0.4,7.0,0.7,1.8,0.003,2.43,-0.54,1.58,8.3,5.4,0.0172,23,21,-15,9,84.7,131,-87,44,1.1,0.006932,999999.99,99999.99,99999.99,99999.99,99999.99,99999.99,0,2004-12-09 20:00:00
2004,344,21,2339,51,52,60,34,7.6,6.4,-16.0,76.2,1.5,6.0,-1.8,6.1,-1.2,0.9,4.2,1.5,2.4,3.0,74923.0,5.6,424.0,-3.0,-1.3,0.041,23451.0,1.8,10.0,1.3,1.9,0.009,1.96,0.51,0.82,6.6,5.1,0.0273,23,21,-15,9,84.7,251,-201,51,1.2,0.006932,999999.99,99999.99,99999.99,99999.99,99999.99,99999.99,0,2004-12-09 21:00:00
2004,344,22,2339,51,52,64,38,6.7,6.0,4.7,76.9,1.4,5.8,0.5,5.7,1.1,0.8,2.8,1.2,1.7,1.8,88303.0,6.7,421.0,-4.4,-1.7,0.04,13598.0,1.0,7.0,0.9,1.3,0.004,2.3,-0.46,1.35,8.1,5.5,0.018,23,21,-17,9,84.7,237,-200,36,1.3,0.006932,999999.99,99999.99,99999.99,99999.99,99999.99,99999.99,0,2004-12-09 22:00:00
2004,344,23,2339,51,52,53,33,6.6,3.3,-18.4,65.3,1.3,2.8,-1.0,2.9,-0.7,0.6,5.6,4.9,2.3,1.3,92439.0,6.7,427.0,-2.5,-0.6,0.039,10246.0,1.2,20.0,1.4,1.1,0.008,2.36,0.3,1.41,8.4,5.6,0.017,23,21,-15,9,84.7,194,-161,33,0.9,0.006932,999999.99,99999.99,99999.99,99999.99,99999.99,99999.99,0,2004-12-09 23:00:00
2004,345,0,2339,51,52,61,37,6.5,5.8,-2.5,136.8,-4.2,4.0,-0.3,4.0,0.1,0.2,2.8,1.2,2.0,1.5,89288.0,7.1,395.0,-4.6,-1.5,0.044,9680.0,0.5,8.0,1.8,1.6,0.007,2.18,-0.04,1.52,8.1,5.3,0.0181,20,24,-16,7,82.3,232,-195,37,0.9,0.006907,999999.99,99999.99,99999.99,99999.99,99999.99,99999.99,0,2004-12-10 00:00:00
2004,345,1,2339,51,52,57,33,7.1,6.5,14.4,154.5,-5.7,2.7,1.6,2.6,1.8,0.2,2.7,1.1,1.5,2.0,81177.0,6.2,386.0,-4.5,-3.6,0.042,19649.0,0.5,11.0,1.7,2.3,0.009,1.8,-0.69,1.07,6.8,4.9,0.026,20,24,-15,7,82.3,76,-43,33,0.9,0.006907,999999.99,99999.99,99999.99,99999.99,99999.99,99999.99,0,2004-12-10 01:00:00
2004,345,2,2339,51,52,58,36,7.1,6.0,2.6,128.6,-3.8,4.7,0.3,4.7,0.4,0.3,3.7,1.7,1.5,2.9,65036.0,5.9,390.0,-6.3,-2.6,0.038,15219.0,0.8,10.0,1.1,2.4,0.006,1.73,-0.16,0.94,6.7,5.0,0.0267,20,24,-17,7,82.3,38,-2,35,0.2,0.006907,999999.99,99999.99,99999.99,99999.99,99999.99,99999.99,0,2004-12-10 02:00:00
2004,345,3,2339,51,52,62,37,6.5,6.1,1.7,155.1,-5.5,2.6,0.2,2.6,0.1,0.4,2.2,0.9,1.5,1.4,47728.0,4.4,371.0,-5.1,-0.8,0.049,12578.0,0.6,11.0,1.8,2.3,0.01,1.21,-0.04,0.76,6.0,4.6,0.0332,23,24,-17,9,82.3,73,-14,58,0.6,0.006907,999999.99,99999.99,99999.99,99999.99,99999.99,99999.99,0,2004-12-10 03:00:00
2004,345,4,2339,51,52,62,37,7.4,6.9,18.8,172.3,-6.4,0.9,2.2,1.1,2.1,0.6,2.8,1.0,2.2,1.5,60178.0,3.4,387.0,-1.9,-1.5,0.05,33489.0,1.1,12.0,3.5,1.5,0.015,1.02,-0.81,0.49,4.8,4.0,0.0512,23,24,-18,9,82.3,101,-61,40,0.4,0.006907,999999.99,99999.99,99999.99,99999.99,99999.99,99999.99,0,2004-12-10 04:00:00
2004,345,5,2339,51,52,63,40,7.6,6.0,44.7,204.7,-3.9,-1.8,4.2,-1.2,4.4,0.6,4.5,2.8,3.2,1.3,115598.0,5.9,418.0,1.4,-3.1,0.048,33385.0,1.8,20.0,2.4,1.8,0.014,2.05,-1.84,1.04,6.7,4.9,0.0267,23,24,-12,9,82.3,72,-40,32,0.2,0.006907,999999.99,99999.99,99999.99,99999.99,99999.99,99999.99,0,2004-12-10 05:00:00
2004,345,6,2339,51,52,63,38,9.2,6.4,11.9,138.3,-4.7,4.2,1.3,4.4,0.5,1.4,6.6,2.4,5.5,2.8,77425.0,6.6,437.0,1.8,-0.6,0.018,46642.0,1.4,9.0,1.5,1.6,0.013,2.26,-0.22,0.67,6.1,4.9,0.0319,20,24,-11,7,82.3,69,-19,50,0.1,0.006907,999999.99,99999.99,99999.99,99999.99,99999.99,99999.99,0,2004-12-10 06:00:00
2004,345,7,2339,51,52,59,37,9.6,9.5,8.1,116.9,-4.3,8.4,1.3,8.5,-0.6,0.2,1.4,0.4,0.4,1.3,34673.0,7.0,436.0,0.9,-0.6,0.018,3858.0,0.8,4.0,1.1,0.7,0.009,2.38,0.26,0.52,6.0,5.0,0.033,20,24,-15,7,82.3,112,-40,72,0.9,0.006907,999999.99,99999.99,99999.99,99999.99,99999.99,99999.99,0,2004-12-10 07:00:00
2004,345,8,2339,51,52,60,34,9.5,9.5,10.1,107.6,-2.8,8.9,1.7,9.0,-0.6,0.1,1.2,0.7,0.3,0.9,33635.0,7.0,432.0,-1.4,-0.9,0.031,2658.0,0.4,3.0,0.3,0.4,0.003,2.45,0.26,0.52,6.0,5.0,0.0329,20,24,-20,7,82.3,284,-214,70,1.1,0.006907,999999.99,99999.99,99999.99,99999.99,99999.99,99999.99,0,2004-12-10 08:00:00
2004,345,9,2339,51,52,59,37,9.2,9.2,1.7,105.5,-2.5,8.8,0.3,8.6,-2.1,0.1,0.9,0.8,0.2,0.5,33130.0,6.7,427.0,-2.0,-0.8,0.033,2771.0,0.5,2.0,0.3,0.4,0.005,2.31,0.9,0.53,6.0,5.0,0.033,20,24,-24,7,82.3,272,-225,47,1.9,0.006907,999999.99,99999.99,99999.99,99999.99,99999.99,99999.99,0,2004-12-10 09:00:00
2004,345,10,2339,51,52,59,36,9.4,9.3,-2.4,104.4,-2.3,9.0,-0.4,8.5,-2.9,0.1,1.1,1.0,0.2,0.4,33004.0,6.3,423.0,-2.5,-0.8,0.028,3491.0,0.4,3.0,0.3,0.4,0.002,2.09,1.23,0.48,5.6,4.8,0.0373,20,24,-26,7,82.3,482,-360,122,3.0,0.006907,999999.99,99999.99,99999.99,99999.99,99999.99,99999.99,0,2004-12-10 10:00:00
2004,345,11,2339,51,52,59,38,8.8,8.8,-8.1,96.5,-1.0,8.6,-1.2,8.0,-3.5,0.2,0.7,0.4,0.3,0.5,35740.0,6.5,416.0,-2.9,-1.1,0.031,3396.0,0.3,3.0,0.2,0.4,0.002,2.11,1.46,0.57,6.0,4.9,0.0328,20,24,-26,7,82.3,401,-253,148,3.4,0.006907,999999.99,99999.99,99999.99,99999.99,99999.99,99999.99,0,2004-12-10 11:00:00
2004,345,12,2339,51,52,59,34,8.1,8.0,-11.9,95.9,-0.8,7.8,-1.6,7.2,-3.5,0.2,1.4,1.1,0.3,0.9,33688.0,6.3,405.0,-2.9,-1.5,0.036,4133.0,0.4,7.0,0.6,1.0,0.006,1.97,1.42,0.65,6.3,5.0,0.0302,23,24,-26,9,82.3,416,-272,144,2.8,0.006907,999999.99,99999.99,99999.99,99999.99,99999.99,99999.99,0,2004-12-10 12:00:00
2004,345,13,2339,51,52,60,36,8.3,8.3,-19.1,92.4,-0.3,7.8,-2.7,7.0,-4.3,0.2,0.6,0.3,0.2,0.4,26637.0,6.1,407.0,-2.9,-0.4,0.036,2271.0,0.3,3.0,0.4,0.3,0.002,1.93,1.75,0.57,6.1,5.0,0.0324,23,24,-25,9,82.3,392,-268,125,2.8,0.006907,999999.99,99999.99,99999.99,99999.99,99999.99,99999.99,0,2004-12-10 13:00:00
2004,345,14,2339,51,52,61,38,7.9,7.8,-26.2,87.9,0.3,7.0,-3.4,6.3,-4.6,0.2,1.1,0.8,0.5,0.7,27791.0,5.7,408.0,-2.2,1.2,0.036,2209.0,0.3,6.0,0.5,0.9,0.004,1.81,1.88,0.59,6.2,5.0,0.0313,23,24,-26,9,82.3,508,-381,127,2.7,0.006907,999999.99,99999.99,99999.99,99999.99,99999.99,99999.99,0,2004-12-10 14:00:00
2004,345,15,2339,51,52,57,35,7.5,7.5,-19.7,90.8,-0.1,7.0,-2.5,6.6,-3.4,0.2,0.6,0.4,0.2,0.4,29373.0,6.1,400.0,-2.5,0.5,0.038,2614.0,0.3,4.0,0.9,0.5,0.003,1.88,1.36,0.71,6.6,5.2,0.0274,30,24,-27,15,82.3,628,-458,170,3.2,0.006907,999999.99,99999.99,99999.99,99999.99,99999.99,99999.99,0,2004-12-10 15:00:00
2004,345,16,2339,51,52,61,35,7.1,7.1,-15.8,101.2,-1.3,6.7,-1.9,6.5,-2.5,0.2,0.8,0.6,0.2,0.4,36255.0,10.1,396.0,-0.3,-0.6,0.032,8917.0,1.6,7.0,1.4,0.6,0.002,2.98,0.99,1.37,8.9,6.0,0.0151,30,24,-27,15,82.3,530,-374,157,2.8,0.006907,999999.99,99999.99,99999.99,99999.99,99999.99,99999.99,0,2004-12-10 16:00:00
2004,345,17,2339,51,52,61,37,7.7,7.6,-23.0,93.4,-0.4,7.0,-3.0,6.9,-3.3,0.4,1.0,0.6,0.3,0.8,28991.0,8.4,403.0,-1.1,0.0,0.029,2316.0,0.9,3.0,0.7,0.6,0.006,2.54,1.33,0.93,7.6,5.7,0.0207,30,24,-24,15,82.3,560,-443,117,2.8,0.006907,999999.99,99999.99,99999.99,99999.99,99999.99,99999.99,0,2004-12-10 17:00:00
2004,345,18,2339,51,52,59,37,7.7,7.6,-22.5,89.2,0.1,7.1,-2.9,7.1,-2.9,0.1,0.8,0.7,0.1,0.3,31749.0,6.8,402.0,-1.7,0.3,0.036,1923.0,0.3,2.0,0.2,0.3,0.002,2.1,1.17,0.76,6.8,5.3,0.0257,23,24,-25,9,82.3,372,-257,116,2.1,0.006907,999999.99,99999.99,99999.99,99999.99,99999.99,99999.99,0,2004-12-10 18:00:00
2004,345,19,2339,51,52,60,37,7.6,7.4,-11.7,92.1,-0.3,7.2,-1.5,7.3,-1.2,0.2,1.6,1.2,0.4,1.0,31058.0,8.0,395.0,0.1,-1.8,0.019,3218.0,1.0,5.0,0.6,0.7,0.008,2.24,0.47,0.92,7.4,5.5,0.022,23,24,-25,9,82.3,401,-279,123,1.8,0.006907,999999.99,99999.99,99999.99,99999.99,99999.99,99999.99,0,2004-12-10 19:00:00
2004,345,20,2339,51,52,66,39,7.6,7.2,-9.0,93.3,-0.4,7.1,-1.1,7.2,-0.6,0.2,2.1,1.7,0.7,1.0,35996.0,6.0,431.0,1.0,0.3,0.015,7389.0,1.4,26.0,0.9,1.6,0.003,1.97,0.26,0.71,6.9,5.5,0.0247,23,24,-24,9,82.3,345,-273,72,1.5,0.006907,1.75,0.75,0.51,0.43,0.41,0.39,-1,2004-12-10 20:00:00
2004,345,21,2339,51,52,6,1,8.0,5.8,11.3,116.4,-2.5,5.1,1.1,5.0,1.6,0.3,5.0,3.4,2.1,2.9,74112.0,6.7,428.0,2.4,0.4,9.999,0.0,0.0,0.0,0.0,0.0,9.999,2.45,-0.68,0.88,6.9,5.2,0.0248,30,24,-21,15,82.3,321,-273,48,1.6,0.006907,1.73,0.69,0.43,0.34,0.31,0.28,-1,2004-12-10 21:00:00
2004,345,22,2339,51,52,62,37,8.2,6.5,34.1,147.6,-4.6,2.9,3.7,2.5,4.0,0.3,5.0,2.7,2.9,3.1,88573.0,5.2,443.0,3.5,-1.4,0.049,32357.0,0.5,16.0,1.4,1.2,0.013,2.04,-1.77,0.7,6.2,4.9,0.0313,30,24,-24,15,82.3,130,-103,27,0.1,0.006907,1.61,0.63,0.39,0.31,0.29,0.27,-1,2004-12-10 22:00:00
2004,345,23,2339,51,52,60,34,7.7,6.8,40.5,146.5,-4.3,2.9,4.4,2.4,4.7,0.5,3.4,1.2,2.9,1.3,132734.0,5.5,463.0,4.5,-0.1,0.07,17211.0,0.6,4.0,1.0,0.8,0.008,2.52,-2.18,1.01,7.1,5.2,0.0239,30,24,-21,15,82.3,90,-51,39,0.7,0.006907,1.51,0.63,0.41,0.33,0.3,0.27,-1,2004-12-10 23:00:00
2004,346,0,2339,51,52,62,38,6.9,6.3,34.9,215.9,-4.2,-3.0,3.6,-3.3,3.3,0.9,2.9,0.9,2.4,1.4,139679.0,4.8,477.0,7.1,1.3,0.044,27781.0,0.4,11.0,0.7,1.0,0.01,2.14,-1.57,1.12,7.6,5.4,0.0207,7,21,-18,3,87.1,125,-88,37,0.1,0.006947,1.38,0.6,0.4,0.33,0.31,0.3,-1,2004-12-11 00:00:00
2004,346,1,2339,51,52,61,37,5.8,3.6,21.7,107.2,-1.0,3.2,1.3,3.1,1.5,0.5,4.5,2.2,3.4,1.9,206827.0,4.4,496.0,6.5,2.6,0.052,28603.0,0.3,9.0,0.5,0.7,0.009,2.18,-0.74,1.82,9.0,5.6,0.0148,7,21,-16,3,87.1,84,-30,54,0.2,0.006947,1.34,0.55,0.36,0.29,0.28,0.28,-1,2004-12-11 01:00:00
2004,346,2,2339,51,52,59,36,6.2,5.6,28.8,165.4,-4.8,1.2,2.7,1.1,2.7,0.2,2.5,1.1,1.9,1.2,146672.0,4.4,491.0,7.9,2.4,0.034,16964.0,0.4,5.0,1.1,0.6,0.007,2.01,-1.33,1.31,8.3,5.7,0.0172,7,21,-18,3,87.1,69,-25,44,0.4,0.006947,1.29,0.54,0.36,0.29,0.28,0.28,-1,2004-12-11 02:00:00
2004,346,3,2339,51,52,60,37,6.2,6.0,7.5,155.6,-5.4,2.5,0.8,2.5,0.8,0.2,1.7,0.7,1.0,1.1,129954.0,4.2,486.0,6.1,3.6,0.03,14774.0,0.2,3.0,0.8,0.7,0.005,1.86,-0.39,1.17,8.0,5.7,0.0184,13,21,-18,5,87.1,31,-9,23,-0.3,0.006947,999999.99,99999.99,99999.99,99999.99,99999.99,99999.99,0,2004-12-11 03:00:00
2004,346,4,2339,51,52,59,37,6.2,5.9,7.1,134.4,-4.1,4.2,0.7,4.2,0.4,0.1,2.1,1.2,1.4,0.9,100553.0,3.7,485.0,4.3,3.1,0.031,7771.0,0.2,3.0,1.0,0.5,0.004,1.63,-0.19,0.92,7.5,5.6,0.021,13,21,-20,5,87.1,57,-19,38,0.4,0.006947,999999.99,99999.99,99999.99,99999.99,99999.99,99999.99,0,2004-12-11 04:00:00
2004,346,5,2339,51,52,56,34,5.5,5.4,-0.3,124.9,-3.1,4.4,0.0,4.4,-0.5,0.4,1.4,0.7,1.0,0.6,100175.0,3.8,468.0,3.6,1.5,0.039,8084.0,0.3,11.0,0.5,0.8,0.009,1.61,0.23,1.19,8.3,5.8,0.0173,13,21,-23,5,87.1,72,-34,38,0.8,0.006947,999999.99,99999.99,99999.99,99999.99,99999.99,99999.99,0,2004-12-11 05:00:00
2004,346,6,2339,51,52,61,36,5.1,4.8,-0.8,135.7,-3.5,3.4,-0.1,3.3,-0.7,0.4,1.5,0.6,0.9,1.0,104280.0,3.8,449.0,3.2,1.1,0.052,12993.0,0.4,8.0,0.6,1.0,0.012,1.55,0.31,1.41,8.6,5.8,0.0162,27,21,-27,12,87.1,98,-65,33,0.7,0.006947,999999.99,99999.99,99999.99,99999.99,99999.99,99999.99,0,2004-12-11 06:00:00
2004,346,7,2339,51,52,60,37,5.5,5.4,-6.8,126.1,-3.1,4.3,-0.6,4.1,-1.5,0.5,1.4,1.0,0.4,0.8,78039.0,3.8,447.0,1.0,1.9,0.039,8777.0,0.6,4.0,0.8,0.8,0.006,1.47,0.67,1.08,7.9,5.7,0.019,27,21,-26,12,87.1,290,-209,80,2.1,0.006947,999999.99,99999.99,99999.99,99999.99,99999.99,99999.99,0,2004-12-11 07:00:00
2004,346,8,2339,51,52,62,38,4.7,3.4,-49.9,60.0,1.1,1.9,-2.6,1.2,-3.0,0.4,3.2,1.5,2.2,1.9,79070.0,5.3,464.0,1.1,2.0,0.043,7624.0,0.4,7.0,1.1,1.2,0.004,2.23,1.39,2.07,11.4,6.8,0.0092,27,21,-22,12,87.1,207,-116,91,2.0,0.006947,999999.99,99999.99,99999.99,99999.99,99999.99,99999.99,0,2004-12-11 08:00:00
2004,346,9,2339,51,52,59,35,5.0,4.6,-35.5,67.4,1.4,3.5,-2.7,2.7,-3.5,0.5,2.0,0.6,1.2,1.5,74091.0,5.2,467.0,0.6,2.2,0.043,7462.0,0.3,4.0,0.7,0.5,0.005,2.22,1.63,1.75,10.6,6.7,0.0105,10,21,-25,4,87.1,235,-131,103,1.8,0.006947,999999.99,99999.99,99999.99,99999.99,99999.99,99999.99,0,2004-12-11 09:00:00
2004,346,10,2339,51,52,58,35,3.9,3.6,1.7,92.8,-0.2,3.6,0.1,3.5,-0.9,0.2,1.6,0.8,0.2,1.3,94156.0,4.8,453.0,0.7,1.4,0.049,5671.0,0.5,4.0,0.6,0.3,0.005,1.97,0.41,2.92,12.7,6.8,0.0073,10,21,-28,4,87.1,228,-161,67,1.6,0.006947,999999.99,99999.99,99999.99,99999.99,99999.99,99999.99,0,2004-12-11 10:00:00
2004,346,11,2339,51,52,61,38,3.6,3.4,10.9,105.8,-0.9,3.2,0.6,3.2,-0.3,0.4,1.3,0.7,0.3,1.0,86075.0,4.1,450.0,0.1,1.0,0.049,6824.0,0.3,3.0,0.6,0.5,0.004,1.66,0.14,2.82,12.7,6.8,0.0074,10,21,-28,4,87.1,169,-117,52,0.9,0.006947,999999.99,99999.99,99999.99,99999.99,99999.99,99999.99,0,2004-12-11 11:00:00
2004,346,12,2339,51,52,60,37,3.3,3.1,-12.5,114.1,-1.2,2.8,-0.7,2.5,-1.4,0.2,1.1,0.5,0.6,0.8,76789.0,4.5,450.0,-0.6,1.7,0.044,4894.0,0.1,3.0,0.5,0.4,0.005,1.79,0.63,3.53,14.5,7.2,0.0057,43,21,-25,32,87.1,191,-126,66,1.0,0.006947,999999.99,99999.99,99999.99,99999.99,99999.99,99999.99,0,2004-12-11 12:00:00
2004,346,13,2339,51,52,63,36,3.8,3.4,-26.1,65.0,1.3,2.8,-1.5,2.4,-2.1,0.2,1.6,1.2,0.5,0.9,59910.0,4.3,472.0,-0.4,1.8,0.049,4689.0,0.2,8.0,0.5,0.9,0.004,1.91,0.99,2.33,12.9,7.4,0.0072,43,21,-13,32,87.1,540,-499,41,2.4,0.006947,999999.99,99999.99,99999.99,99999.99,99999.99,99999.99,0,2004-12-11 13:00:00
2004,346,14,2339,51,52,64,38,7.0,5.9,-39.6,59.7,2.3,3.9,-3.7,3.2,-4.3,2.3,4.0,2.8,1.9,2.1,153592.0,9.8,508.0,3.8,0.6,0.055,56996.0,3.3,28.0,2.3,0.9,0.007,5.15,2.18,2.35,11.4,6.5,0.0092,43,21,2,32,87.1,700,-645,55,4.3,0.006947,999999.99,99999.99,99999.99,99999.99,99999.99,99999.99,0,2004-12-11 14:00:00
2004,346,15,2339,51,52,58,36,7.9,4.7,-38.3,213.3,-3.1,-2.0,-2.9,-2.4,-2.6,1.5,6.3,4.0,4.2,2.6,179482.0,11.3,508.0,8.0,-0.3,0.062,26530.0,1.2,14.0,2.0,1.0,0.011,6.08,1.32,2.32,10.8,6.2,0.0102,33,21,3,18,87.1,356,-290,65,2.3,0.006947,999999.99,99999.99,99999.99,99999.99,99999.99,99999.99,0,2004-12-11 15:00:00
2004,346,16,2339,51,52,65,40,7.5,4.8,48.0,69.7,1.1,3.0,3.6,3.3,3.3,1.8,5.8,3.6,2.6,3.7,248378.0,9.8,539.0,4.5,-0.8,0.044,40515.0,1.5,17.0,1.6,2.6,0.014,5.59,-1.78,2.73,11.2,6.1,0.0094,33,21,6,18,87.1,112,-67,45,0.7,0.006947,999999.99,99999.99,99999.99,99999.99,99999.99,99999.99,0,2004-12-11 16:00:00
2004,346,17,2339,51,52,62,35,9.8,8.7,-3.6,50.0,5.6,6.7,-0.6,6.7,-0.8,1.0,4.5,2.7,0.9,3.5,217613.0,9.0,565.0,2.2,3.0,0.04,22542.0,0.7,14.0,0.7,1.6,0.006,5.57,0.45,1.35,8.6,5.9,0.0159,33,21,6,18,87.1,391,-335,55,1.8,0.006947,999999.99,99999.99,99999.99,99999.99,99999.99,99999.99,0,2004-12-11 17:00:00
2004,346,18,2339,51,52,60,37,8.6,6.5,-30.3,40.6,4.3,3.7,-3.3,3.7,-3.3,0.8,5.4,3.8,3.4,1.7,232807.0,11.0,558.0,3.9,4.4,0.044,32710.0,1.2,8.0,1.2,0.9,0.007,6.73,1.84,2.23,10.8,6.3,0.0103,33,21,-1,18,87.1,699,-588,111,4.4,0.006947,999999.99,99999.99,99999.99,99999.99,99999.99,99999.99,0,2004-12-11 18:00:00
2004,346,19,2339,51,52,59,36,9.0,8.1,-39.5,58.1,3.3,5.3,-5.1,5.5,-4.8,0.3,3.8,2.3,2.3,1.9,190876.0,12.2,549.0,2.3,4.8,0.048,18420.0,0.8,10.0,0.9,0.9,0.005,7.32,2.64,2.0,10.7,6.4,0.0105,33,21,-17,18,87.1,857,-703,154,5.1,0.006947,0.82,0.45,0.37,0.33,0.31,0.29,-1,2004-12-11 19:00:00
2004,346,20,2339,51,52,59,37,8.8,8.3,-34.0,48.4,4.6,5.2,-4.6,5.6,-4.2,0.6,2.8,1.7,1.2,1.9,149495.0,12.1,551.0,1.5,2.9,0.042,11093.0,0.4,6.0,0.6,1.4,0.002,7.17,2.31,1.81,10.9,6.8,0.01,33,21,-31,18,87.1,857,-617,240,3.9,0.006947,0.8,0.45,0.37,0.34,0.33,0.31,-1,2004-12-11 20:00:00
2004,346,21,2339,51,52,59,37,7.9,7.3,-47.2,35.0,4.0,2.8,-5.3,3.4,-5.0,0.4,2.9,1.7,1.7,1.6,147702.0,12.0,535.0,2.1,3.0,0.044,7986.0,0.9,7.0,1.1,1.1,0.004,6.75,2.67,2.21,11.7,6.9,0.0086,40,21,-41,27,87.1,595,-400,195,3.1,0.006947,0.76,0.42,0.34,0.31,0.31,0.31,-1,2004-12-11 21:00:00
2004,346,22,2339,51,52,61,37,8.7,8.3,-31.1,23.0,6.5,2.8,-4.3,3.3,-3.9,0.5,2.5,0.7,1.9,1.4,126928.0,11.3,539.0,1.4,0.8,0.034,10746.0,0.8,3.0,0.8,0.9,0.003,6.23,2.1,1.59,10.4,6.8,0.011,40,21,-29,27,87.1,514,-334,181,3.9,0.006947,0.81,0.43,0.34,0.31,0.3,0.28,-1,2004-12-11 22:00:00
2004,346,23,2339,51,52,59,37,7.4,6.9,9.9,15.5,6.6,1.8,1.2,1.6,1.4,0.5,2.5,0.9,1.1,2.1,142430.0,12.3,533.0,1.3,-1.9,0.034,15079.0,0.7,4.0,0.7,1.0,0.002,6.63,-0.75,2.53,12.6,7.1,0.0075,40,21,-20,27,87.1,304,-202,101,2.4,0.006947,0.69,0.38,0.31,0.28,0.27,0.27,-1,2004-12-11 23:00:00
2004,347,0,2339,51,52,57,34,5.2,3.3,16.0,1.5,3.2,0.1,0.9,0.0,0.9,1.6,4.2,3.3,1.7,2.0,167835.0,11.9,524.0,1.8,-1.6,0.034,10969.0,0.8,13.0,0.9,0.8,0.002,6.2,-0.47,5.42,17.4,7.3,0.0039,47,36,-26,39,87.7,256,-172,84,1.6,0.006889,0.74,0.42,0.34,0.31,0.29,0.27,-1,2004-12-12 00:00:00
2004,347,1,2339,51,52,58,36,6.6,4.8,35.9,181.9,-3.9,-0.1,2.8,-0.3,2.8,1.4,4.6,3.3,1.4,3.0,133973.0,11.1,490.0,2.5,-3.2,0.038,18136.0,0.9,9.0,0.6,0.7,0.002,5.13,-1.37,2.78,12.4,6.7,0.0078,47,36,-31,39,87.7,332,-233,98,2.3,0.006889,0.71,0.4,0.33,0.31,0.3,0.3,-1,2004-12-12 01:00:00
2004,347,2,2339,51,52,61,35,7.3,6.4,-34.3,18.1,5.0,1.6,-3.6,1.7,-3.5,0.8,3.5,2.2,1.0,2.5,119884.0,12.3,498.0,2.0,-2.4,0.046,9092.0,0.5,7.0,0.5,0.8,0.003,6.03,1.74,2.38,12.0,6.8,0.0083,47,36,-30,39,87.7,706,-533,173,4.8,0.006889,0.73,0.38,0.31,0.28,0.27,0.26,-1,2004-12-12 02:00:00
2004,347,3,2339,51,52,61,37,8.1,7.9,5.1,344.7,7.6,-2.1,0.7,-2.1,0.7,0.3,1.9,0.3,1.4,1.2,120820.0,12.1,498.0,2.3,-3.5,0.044,6750.0,0.6,3.0,0.3,0.3,0.002,5.89,-0.35,1.91,10.7,6.6,0.0104,40,36,-30,27,87.7,434,-271,163,4.2,0.006889,0.82,0.41,0.32,0.29,0.28,0.27,-1,2004-12-12 03:00:00
2004,347,4,2339,51,52,59,37,8.1,7.9,-12.9,3.5,7.7,0.5,-1.8,0.4,-1.8,0.3,1.9,0.5,1.6,0.8,126225.0,13.4,504.0,1.6,-3.4,0.044,7994.0,0.5,4.0,0.6,0.3,0.002,6.68,0.91,2.16,11.4,6.7,0.0092,40,36,-29,27,87.7,306,-156,150,2.6,0.006889,0.85,0.43,0.35,0.3,0.29,0.29,-1,2004-12-12 04:00:00
2004,347,5,2339,51,52,58,36,8.3,7.9,-29.0,20.4,6.5,2.4,-3.9,1.9,-4.2,0.3,2.1,1.0,1.2,1.4,120258.0,13.3,493.0,0.8,-2.4,0.045,6658.0,0.7,5.0,0.5,0.6,0.002,6.37,2.07,2.0,10.8,6.6,0.0101,40,36,-32,27,87.7,349,-199,150,2.1,0.006889,0.7,0.32,0.25,0.21,0.21,0.21,-1,2004-12-12 05:00:00
2004,347,6,2339,51,52,56,33,7.4,6.8,-22.8,52.6,3.8,5.0,-2.6,4.5,-3.4,0.6,2.7,1.5,1.5,1.6,118562.0,13.3,476.0,-0.8,-3.0,0.046,7235.0,1.0,5.0,0.8,0.4,0.004,5.96,1.62,2.49,11.7,6.6,0.0086,40,36,-32,27,87.7,777,-617,159,3.9,0.006889,0.77,0.38,0.31,0.27,0.26,0.26,-1,2004-12-12 06:00:00
2004,347,7,2339,51,52,59,36,6.4,6.0,-18.6,107.8,-1.7,5.4,-1.9,4.9,-3.0,0.3,2.1,1.5,0.6,1.3,118362.0,13.0,452.0,-1.6,-3.0,0.05,6648.0,0.5,6.0,0.4,0.8,0.002,5.32,1.36,3.26,12.7,6.5,0.0073,40,36,-27,27,87.7,241,-128,113,2.6,0.006889,0.82,0.41,0.33,0.29,0.25,0.2,-1,2004-12-12 07:00:00
2004,347,8,2339,51,52,59,37,6.9,6.4,-11.9,76.2,1.5,6.1,-1.3,5.6,-2.7,0.3,2.4,1.8,0.5,1.6,110761.0,14.1,451.0,-1.6,-4.6,0.051,11574.0,0.5,5.0,0.5,0.6,0.003,5.77,1.22,2.95,12.3,6.5,0.0079,40,36,-25,27,87.7,208,-106,103,2.6,0.006889,999999.99,99999.99,99999.99,99999.99,99999.99,99999.99,0,2004-12-12 08:00:00
2004,347,9,2339,51,52,61,38,6.0,5.3,-6.6,81.3,0.8,5.2,-0.6,4.9,-1.9,0.5,2.7,2.2,0.6,1.4,102952.0,16.0,443.0,-1.0,-5.4,0.051,6350.0,0.7,6.0,0.3,0.7,0.004,6.31,0.84,4.28,14.8,6.8,0.0055,40,36,-30,27,87.7,263,-131,132,1.5,0.006889,999999.99,99999.99,99999.99,99999.99,99999.99,99999.99,0,2004-12-12 09:00:00
2004,347,10,2339,51,52,59,35,6.4,5.4,4.9,61.1,2.6,4.7,0.5,4.7,-0.7,0.4,3.4,2.3,0.7,2.4,97694.0,15.3,443.0,-0.7,-6.7,0.049,10428.0,1.4,6.0,0.4,0.6,0.004,6.0,0.31,3.51,13.5,6.7,0.0065,40,36,-25,27,87.7,874,-673,200,4.1,0.006889,999999.99,99999.99,99999.99,99999.99,99999.99,99999.99,0,2004-12-12 10:00:00
2004,347,11,2339,51,52,59,36,7.0,6.6,21.9,102.2,-1.3,6.0,2.5,6.4,0.9,1.0,2.5,1.9,1.1,1.2,82322.0,14.6,443.0,-1.2,-6.8,0.039,6523.0,1.2,9.0,0.3,0.7,0.009,5.53,-0.4,2.61,12.1,6.7,0.0081,40,36,-26,27,87.7,486,-296,190,2.4,0.006889,999999.99,99999.99,99999.99,99999.99,99999.99,99999.99,0,2004-12-12 11:00:00
2004,347,12,2339,51,52,60,37,7.9,7.2,-7.7,84.0,0.7,7.1,-1.0,6.7,-2.6,0.5,3.3,2.1,0.8,2.4,69315.0,17.9,426.0,-1.3,-8.2,0.019,6222.0,1.4,2.0,0.3,0.6,0.003,5.84,1.11,2.36,11.4,6.5,0.0091,30,36,-23,15,87.7,302,-196,105,2.5,0.006889,999999.99,99999.99,99999.99,99999.99,99999.99,99999.99,0,2004-12-12 12:00:00
2004,347,13,2339,51,52,58,36,8.7,8.4,-12.5,78.9,1.6,8.1,-1.8,7.6,-3.4,0.6,2.0,1.2,0.4,1.5,61400.0,16.3,428.0,-2.4,-8.1,0.018,4470.0,2.2,3.0,0.7,0.4,0.002,5.35,1.46,1.7,9.9,6.3,0.0121,30,36,-28,15,87.7,371,-331,39,2.3,0.006889,999999.99,99999.99,99999.99,99999.99,99999.99,99999.99,0,2004-12-12 13:00:00
2004,347,14,2339,51,52,60,33,9.2,9.1,-14.5,80.9,1.4,8.7,-2.3,8.2,-3.7,0.4,1.5,1.0,0.4,1.1,52923.0,16.8,420.0,-3.3,-8.9,0.014,8866.0,2.6,2.0,0.4,0.6,0.003,5.23,1.55,1.5,9.4,6.2,0.0136,30,36,-33,15,87.7,648,-462,186,3.0,0.006889,999999.99,99999.99,99999.99,99999.99,99999.99,99999.99,0,2004-12-12 14:00:00
2004,347,15,2339,51,52,58,36,10.8,10.7,-27.0,79.0,1.8,9.4,-4.9,8.7,-6.0,0.5,1.5,1.1,0.5,0.9,29704.0,14.5,409.0,-4.2,-9.7,0.007,3921.0,2.5,6.0,0.6,0.7,0.001,4.16,2.45,0.82,7.2,5.5,0.0229,53,36,-34,56,87.7,1063,-810,253,4.8,0.006889,999999.99,99999.99,99999.99,99999.99,99999.99,99999.99,0,2004-12-12 15:00:00
2004,347,16,2339,51,52,62,37,11.0,5.7,9.4,259.4,-1.0,-5.5,0.9,-5.4,1.3,0.9,9.4,2.6,7.5,5.0,37674.0,16.1,416.0,-2.3,-5.7,0.012,8371.0,3.6,6.0,1.6,2.9,0.004,4.88,-0.54,0.92,7.6,5.7,0.0207,53,36,-33,56,87.7,793,-638,155,3.7,0.006889,999999.99,99999.99,99999.99,99999.99,99999.99,99999.99,0,2004-12-12 16:00:00
2004,347,17,2339,51,52,60,37,9.7,8.6,44.6,229.5,-4.0,-4.7,6.1,-4.5,6.2,1.2,4.5,0.8,3.4,2.7,48926.0,25.1,421.0,0.8,-1.1,0.016,5441.0,4.4,4.0,1.1,1.0,0.003,7.9,-2.61,1.97,10.9,6.6,0.0101,53,36,-19,56,87.7,144,-55,89,0.5,0.006889,999999.99,99999.99,99999.99,99999.99,99999.99,99999.99,0,2004-12-12 17:00:00
2004,347,18,2339,51,52,24,14,9.1,8.7,53.9,126.8,-3.1,4.1,7.0,4.0,7.1,0.6,2.7,0.4,2.4,1.3,59715.0,25.1,422.0,1.6,0.2,0.019,6276.0,1.5,2.0,0.3,0.4,0.001,8.03,-3.0,2.37,11.6,6.7,0.0088,33,36,-13,18,87.7,59,-8,51,0.4,0.006889,999999.99,99999.99,99999.99,99999.99,99999.99,99999.99,0,2004-12-12 18:00:00
2004,347,19,2339,71,71,15,15,9.4,5.8,80.7,127.5,-0.6,0.8,5.8,0.5,5.8,1.7,7.2,0.9,4.4,5.6,43838.0,14.8,410.0,1.0,0.4,9.999,8325.0,4.4,2.0,2.5,1.8,9.999,4.98,-2.38,1.2,8.4,5.9,0.0169,33,36,-12,18,87.7,110,-47,63,0.4,0.006889,0.79,0.36,0.29,0.26,0.24,0.23,-1,2004-12-12 19:00:00
2004,347,20,2339,71,71,16,16,10.3,10.2,56.2,110.6,-2.0,5.3,8.5,4.5,8.9,0.7,1.4,0.9,0.9,0.6,43754.0,16.9,417.0,2.6,2.1,9.999,4134.0,2.8,2.0,0.5,0.4,9.999,5.88,-3.71,1.14,8.3,5.9,0.0172,33,36,-13,18,87.7,54,-7,46,-0.2,0.006889,0.8,0.39,0.31,0.28,0.28,0.27,-1,2004-12-12 20:00:00
2004,347,21,2339,71,71,14,14,10.5,10.3,48.1,123.4,-3.8,5.7,7.7,4.8,8.3,1.3,2.2,1.1,0.8,1.7,40887.0,17.2,420.0,1.5,1.9,9.999,6194.0,5.1,4.0,0.5,0.7,9.999,6.07,-3.49,1.1,8.3,5.9,0.0173,30,36,-8,15,87.7,46,-9,37,-0.2,0.006889,0.79,0.4,0.33,0.29,0.28,0.28,-1,2004-12-12 21:00:00
2004,347,22,2339,71,71,15,15,9.8,8.7,62.0,206.5,-3.6,-1.8,7.6,-2.8,7.3,1.0,4.3,0.7,3.9,1.8,46762.0,24.9,413.0,0.3,2.8,9.999,5550.0,3.8,4.0,1.3,1.0,9.999,8.49,-3.01,1.89,10.5,6.5,0.0108,30,36,5,15,87.7,59,-24,35,-0.0,0.006889,0.57,0.32,0.27,0.25,0.24,0.24,-1,2004-12-12 22:00:00
2004,347,23,2339,71,71,15,15,12.8,11.4,-44.8,56.0,4.5,6.7,-8.0,7.7,-7.1,2.1,6.0,1.9,1.7,5.4,27086.0,9.5,401.0,-2.0,-2.5,9.999,16615.0,6.8,3.0,0.9,2.1,9.999,3.06,2.85,0.37,4.8,4.2,0.051,30,36,-3,15,87.7,104,-58,46,1.1,0.006889,0.61,0.46,0.41,0.37,0.33,0.27,-1,2004-12-12 23:00:00
2004,348,0,2339,71,71,14,14,15.4,15.3,-45.2,57.0,5.9,9.1,-10.9,10.3,-9.8,0.4,0.7,0.3,0.4,0.5,8620.0,2.5,403.0,0.2,-0.6,9.999,587.0,0.6,3.0,1.0,0.6,9.999,0.81,3.95,0.06,2.1,2.0,0.2779,43,26,-31,32,87.0,316,-259,57,2.3,0.006884,0.4,0.35,0.32,0.3,0.28,0.25,-1,2004-12-13 00:00:00
2004,348,1,2339,71,71,16,16,15.6,15.4,-29.1,60.0,6.7,11.6,-7.5,12.2,-6.5,0.1,2.3,0.5,1.1,2.0,8059.0,2.1,401.0,0.0,-1.4,9.999,814.0,0.2,3.0,1.3,1.6,9.999,0.68,2.61,0.05,1.9,1.8,0.3429,43,26,-49,32,87.0,549,-453,96,5.2,0.006884,0.39,0.31,0.3,0.28,0.26,0.25,-1,2004-12-13 01:00:00
2004,348,2,2339,71,71,14,14,15.1,14.9,-13.7,60.8,7.1,12.7,-3.5,12.9,-2.9,0.5,1.7,0.6,0.6,1.5,13883.0,3.0,394.0,-0.4,-4.3,9.999,2617.0,1.2,9.0,2.5,2.6,9.999,0.93,1.14,0.08,2.3,2.2,0.2329,43,26,-56,32,87.0,511,-345,165,4.5,0.006884,0.42,0.34,0.32,0.29,0.27,0.25,-1,2004-12-13 02:00:00
2004,348,3,2339,71,71,15,15,14.2,14.1,-5.4,61.0,6.8,12.3,-1.3,12.3,-1.3,0.1,1.6,0.5,0.3,1.4,18583.0,4.3,389.0,0.5,-1.7,9.999,1472.0,1.0,2.0,0.8,0.8,9.999,1.3,0.51,0.13,2.8,2.7,0.1474,37,26,-55,22,87.0,577,-410,167,5.1,0.006884,0.4,0.32,0.3,0.29,0.28,0.28,-1,2004-12-13 03:00:00
2004,348,4,2339,71,71,16,16,14.4,13.4,21.7,68.5,4.6,11.6,4.9,11.8,4.3,0.4,5.2,1.8,0.9,4.8,21473.0,4.3,395.0,-1.2,2.2,9.999,4338.0,0.9,6.0,0.3,2.6,9.999,1.34,-1.7,0.13,2.8,2.7,0.147,37,26,-55,22,87.0,400,-272,128,3.1,0.006884,0.37,0.31,0.29,0.27,0.26,0.25,-1,2004-12-13 04:00:00
2004,348,5,2339,51,52,46,28,14.7,14.6,40.7,75.7,2.7,10.8,9.6,11.8,8.4,0.1,0.4,0.2,0.3,0.3,17973.0,1.7,401.0,-2.4,3.8,0.027,2886.0,0.3,2.0,0.8,0.4,0.002,0.51,-3.37,0.05,1.8,1.7,0.3761,37,26,-52,22,87.0,117,-91,26,0.6,0.006884,0.46,0.39,0.36,0.33,0.32,0.3,-1,2004-12-13 05:00:00
2004,348,6,2339,51,52,60,34,14.4,14.4,42.8,71.5,3.4,10.0,9.8,11.4,8.1,0.1,0.7,0.3,0.5,0.4,19726.0,1.2,395.0,-1.7,3.7,0.03,3092.0,0.1,4.0,1.3,1.4,0.004,0.35,-3.2,0.04,1.5,1.5,0.5269,27,26,-49,12,87.0,79,-57,21,-0.0,0.006884,0.41,0.32,0.31,0.31,0.29,0.27,-1,2004-12-13 06:00:00
2004,348,7,2339,51,52,56,29,14.2,14.2,41.0,67.8,4.0,9.9,9.3,11.6,7.1,0.1,1.0,0.3,0.6,0.8,30183.0,1.2,386.0,-3.7,4.6,0.029,7293.0,0.2,8.0,0.8,1.7,0.004,0.33,-2.74,0.04,1.5,1.5,0.5366,27,26,-44,12,87.0,232,-213,19,0.9,0.006884,0.38,0.32,0.31,0.3,0.28,0.24,-1,2004-12-13 07:00:00
2004,348,8,2339,51,52,65,39,12.4,11.9,17.1,74.6,3.0,10.9,3.5,11.4,0.9,0.8,3.5,1.0,1.1,3.2,116144.0,4.5,391.0,-6.5,0.9,0.043,41444.0,1.6,8.0,1.4,2.0,0.022,1.35,-0.35,0.3,3.3,3.0,0.1063,27,26,-38,12,87.0,319,-256,63,2.0,0.006884,0.38,0.34,0.32,0.3,0.3,0.3,-1,2004-12-13 08:00:00
2004,348,9,2339,51,52,60,37,11.8,11.5,36.8,74.0,2.5,8.9,6.9,10.3,4.5,0.7,2.3,1.4,1.4,1.2,93960.0,5.5,396.0,-9.4,-2.8,0.131,12946.0,1.1,6.0,1.2,0.8,0.034,2.2,-1.78,0.37,3.9,3.4,0.0768,13,26,-37,5,87.0,213,-179,34,1.4,0.006884,0.44,0.4,0.37,0.35,0.32,0.28,-1,2004-12-13 09:00:00
2004,348,10,2339,51,52,60,34,11.2,10.9,40.5,56.8,4.6,7.0,7.1,8.6,5.1,0.3,2.1,1.4,1.2,1.2,97816.0,6.2,400.0,-9.8,-2.4,0.156,12755.0,0.6,5.0,0.7,0.7,0.019,2.69,-2.04,0.47,4.4,3.8,0.0602,13,26,-34,5,87.0,99,-71,28,0.5,0.006884,999999.99,99999.99,99999.99,99999.99,99999.99,99999.99,0,2004-12-13 10:00:00
2004,348,11,2339,51,52,60,37,12.1,11.9,33.9,59.6,5.0,8.5,6.6,9.9,4.3,0.4,2.2,0.5,1.3,1.7,80171.0,6.0,402.0,-6.9,-1.6,0.126,9678.0,0.8,3.0,1.5,1.0,0.016,2.44,-1.73,0.36,4.1,3.6,0.0718,13,26,-32,5,87.0,82,-60,23,0.4,0.006884,999999.99,99999.99,99999.99,99999.99,99999.99,99999.99,0,2004-12-13 11:00:00
2004,348,12,2339,51,52,58,35,12.4,12.2,39.4,54.1,5.5,7.6,7.7,9.1,5.8,0.4,2.0,0.5,1.1,1.6,69132.0,4.4,394.0,-4.9,-2.1,0.11,25500.0,0.5,6.0,0.5,2.6,0.03,1.64,-2.29,0.24,3.3,3.0,0.1071,7,26,-30,3,87.0,59,-41,18,0.2,0.006884,999999.99,99999.99,99999.99,99999.99,99999.99,99999.99,0,2004-12-13 12:00:00
2004,348,13,2339,51,52,58,36,12.0,11.9,31.3,61.5,4.8,8.9,6.2,10.0,4.3,0.2,1.4,0.5,0.8,1.1,43077.0,4.7,385.0,-3.7,-0.7,0.073,14633.0,0.5,4.0,1.4,1.3,0.011,1.5,-1.66,0.23,3.5,3.2,0.0983,7,26,-27,3,87.0,85,-67,18,0.4,0.006884,999999.99,99999.99,99999.99,99999.99,99999.99,99999.99,0,2004-12-13 13:00:00
2004,348,14,2339,51,52,62,37,12.0,11.9,29.1,61.8,4.9,9.2,5.8,10.0,4.3,0.4,1.2,0.3,0.3,1.1,31932.0,5.8,384.0,-0.9,-2.0,0.051,21446.0,0.8,4.0,1.2,1.3,0.011,1.72,-1.65,0.27,3.9,3.5,0.0801,7,26,-23,3,87.0,95,-89,6,0.7,0.006884,999999.99,99999.99,99999.99,99999.99,99999.99,99999.99,0,2004-12-13 14:00:00
2004,348,15,2339,51,52,62,37,11.8,11.0,35.3,65.5,3.7,8.1,6.3,8.8,5.3,0.3,4.4,1.9,0.9,3.8,42121.0,6.1,391.0,-1.1,-3.1,0.072,17261.0,1.0,7.0,1.2,2.4,0.013,2.01,-2.07,0.31,4.1,3.6,0.071,10,26,-20,4,87.0,138,-125,12,0.3,0.006884,999999.99,99999.99,99999.99,99999.99,99999.99,99999.99,0,2004-12-13 15:00:00
2004,348,16,2339,51,52,58,36,12.4,12.2,50.7,69.9,2.7,7.3,9.4,7.9,8.9,0.2,2.4,0.6,1.7,1.5,33654.0,5.4,399.0,-0.5,-1.1,0.074,6722.0,0.5,3.0,0.7,0.9,0.016,1.86,-3.55,0.24,3.7,3.4,0.0851,10,26,-18,4,87.0,46,-19,27,0.1,0.006884,999999.99,99999.99,99999.99,99999.99,99999.99,99999.99,0,2004-12-13 16:00:00
2004,348,17,2339,51,52,60,37,12.6,12.5,51.5,50.2,5.0,6.0,9.8,6.2,9.7,0.1,1.0,0.5,0.8,0.5,25347.0,3.8,390.0,0.2,0.2,0.087,3835.0,0.4,3.0,0.6,0.5,0.016,1.3,-3.78,0.15,3.0,2.8,0.1307,10,26,-18,4,87.0,28,-10,19,-0.1,0.006884,999999.99,99999.99,99999.99,99999.99,99999.99,99999.99,0,2004-12-13 17:00:00
2004,348,18,2339,51,52,61,35,12.2,12.2,55.3,42.5,5.1,4.7,10.0,4.5,10.1,0.2,0.8,0.4,0.6,0.3,36897.0,4.2,388.0,-0.5,0.1,0.115,5537.0,0.3,3.0,0.9,0.6,0.008,1.54,-3.92,0.19,3.3,3.0,0.112,3,26,-15,2,87.0,20,-8,12,-0.2,0.006884,999999.99,99999.99,99999.99,99999.99,99999.99,99999.99,0,2004-12-13 18:00:00
2004,348,19,2339,51,52,57,34,12.4,12.4,61.3,43.8,4.3,4.1,10.9,3.4,11.1,0.3,0.9,0.6,0.6,0.3,43280.0,4.3,393.0,1.0,-0.2,0.1,4648.0,0.2,5.0,0.7,0.7,0.006,1.55,-4.36,0.2,3.3,3.0,0.1102,3,26,-14,2,87.0,13,-4,9,-0.2,0.006884,0.38,0.32,0.3,0.29,0.29,0.28,-1,2004-12-13 19:00:00
2004,348,20,2339,51,52,60,37,12.5,12.2,66.8,0.4,4.8,0.0,11.2,-1.1,11.1,0.2,2.3,0.9,2.0,0.4,83868.0,4.9,385.0,-1.6,-0.3,0.075,34028.0,0.7,12.0,1.4,2.2,0.028,1.58,-4.27,0.28,3.4,3.1,0.1024,3,26,-12,2,87.0,18,-6,12,-0.1,0.006884,0.31,0.27,0.27,0.25,0.24,0.24,-1,2004-12-13 20:00:00
2004,348,21,2339,51,52,61,38,12.4,11.8,58.4,15.0,6.0,1.6,10.1,0.4,10.2,0.1,3.4,0.5,3.2,1.1,100877.0,5.2,384.0,1.2,-1.5,0.065,14906.0,0.7,5.0,2.5,1.3,0.023,1.61,-3.92,0.32,3.5,3.1,0.0954,3,26,-12,2,87.0,19,-3,16,-0.2,0.006884,0.36,0.33,0.31,0.3,0.29,0.28,-1,2004-12-13 21:00:00
2004,348,22,2339,51,52,60,32,11.5,9.9,51.6,25.4,5.6,2.6,7.8,1.5,8.1,0.5,5.6,1.4,3.8,3.8,149308.0,6.3,393.0,1.8,-2.4,0.051,26580.0,0.7,11.0,2.6,2.0,0.007,1.96,-3.18,0.55,4.3,3.5,0.0647,3,26,-11,2,87.0,19,-3,16,-0.1,0.006884,0.31,0.28,0.26,0.25,0.23,0.22,-1,2004-12-13 22:00:00
2004,348,23,2339,51,52,61,37,11.3,10.2,55.0,350.2,5.8,-1.0,8.4,-2.1,8.2,0.2,4.6,2.3,3.8,1.3,165718.0,6.4,390.0,-0.2,-0.3,0.043,22402.0,0.4,9.0,2.4,0.9,0.012,1.91,-3.2,0.61,4.4,3.5,0.0624,3,26,-11,2,87.0,16,-2,14,-0.2,0.006884,0.38,0.33,0.31,0.3,0.29,0.29,-1,2004-12-13 23:00:00
2004,349,0,2339,51,52,59,37,10.5,9.6,52.3,21.2,5.5,2.1,7.6,1.2,7.8,0.4,4.3,0.8,4.0,1.2,172424.0,6.6,389.0,3.0,0.8,0.036,28110.0,0.6,5.0,2.9,1.1,0.005,1.91,-3.03,0.75,4.8,3.7,0.0525,3,23,-10,2,86.5,20,-2,17,-0.0,0.006761,0.36,0.33,0.31,0.3,0.29,0.26,-1,2004-12-14 00:00:00
2004,349,1,2339,51,52,29,7,9.4,8.3,36.6,321.6,5.2,-4.2,5.0,-4.7,4.6,0.7,4.3,1.8,3.3,2.0,146705.0,6.1,377.0,3.1,3.1,9.999,27148.0,1.2,5.0,2.0,1.1,9.999,1.73,-1.73,0.79,5.0,3.8,0.0485,3,23,-10,2,86.5,19,-4,15,-0.1,0.006761,0.46,0.41,0.38,0.36,0.34,0.31,-1,2004-12-14 01:00:00
2004,349,2,2339,51,52,12,6,8.0,7.0,-17.7,328.4,5.7,-3.5,-2.1,-3.4,-2.3,0.2,3.4,1.2,2.5,2.0,113747.0,4.3,376.0,-1.1,-4.7,9.999,23093.0,1.3,13.0,3.7,2.5,9.999,1.22,0.86,0.68,4.9,3.9,0.0501,3,23,-14,2,86.5,18,-3,15,-0.4,0.006761,0.38,0.34,0.31,0.29,0.27,0.25,-1,2004-12-14 02:00:00
2004,349,3,2339,51,52,64,41,8.2,6.5,-7.0,320.3,4.9,-4.1,-0.8,-4.1,-0.8,0.4,4.9,2.3,3.6,2.4,158652.0,6.0,380.0,0.8,-3.4,0.038,33525.0,1.3,17.0,3.6,3.1,0.039,1.67,0.3,1.07,5.7,4.1,0.0369,10,23,-16,4,86.5,18,-3,15,-0.2,0.006761,0.35,0.32,0.3,0.28,0.27,0.27,-1,2004-12-14 03:00:00
2004,349,4,2339,51,52,57,34,8.3,7.8,1.0,296.5,3.5,-6.9,0.1,-6.9,0.4,0.3,2.9,1.3,1.0,2.5,183926.0,6.8,388.0,-1.4,-0.0,0.028,29466.0,0.9,9.0,0.9,2.7,0.004,1.9,-0.16,1.28,6.1,4.2,0.032,10,23,-14,4,86.5,29,-6,22,-0.4,0.006761,0.34,0.29,0.28,0.27,0.27,0.27,-1,2004-12-14 04:00:00
2004,349,5,2339,51,52,55,34,8.5,8.2,1.4,328.4,7.0,-4.3,0.2,-4.3,0.6,0.2,2.0,0.9,1.4,1.1,151053.0,5.0,363.0,-0.1,1.5,0.049,17784.0,0.9,10.0,1.7,1.8,0.01,1.32,-0.22,0.8,4.8,3.7,0.0522,10,23,-13,4,86.5,25,-5,21,-0.4,0.006761,0.39,0.35,0.33,0.32,0.31,0.3,-1,2004-12-14 05:00:00
2004,349,6,2339,51,52,71,42,8.2,6.2,-65.2,343.5,2.5,-0.7,-5.6,-1.5,-5.4,0.6,5.2,2.7,3.4,2.8,155764.0,5.6,398.0,1.2,-2.6,0.027,37306.0,1.4,20.0,2.9,2.7,0.004,1.64,2.15,0.98,5.7,4.2,0.0361,23,23,-16,9,86.5,85,-50,34,0.1,0.006761,0.35,0.31,0.3,0.28,0.27,0.27,-1,2004-12-14 06:00:00
2004,349,7,2339,51,52,55,34,7.7,5.3,-50.9,330.6,2.9,-1.6,-4.1,-2.4,-3.7,0.7,5.5,2.3,3.6,3.4,188474.0,5.8,396.0,0.7,0.0,0.028,39639.0,1.2,16.0,3.2,3.5,0.005,1.69,1.47,1.29,6.2,4.3,0.031,23,23,-26,9,86.5,179,-113,66,1.6,0.006761,0.32,0.28,0.28,0.25,0.24,0.24,-1,2004-12-14 07:00:00
2004,349,8,2339,51,52,61,34,6.8,5.1,-43.3,356.6,3.7,-0.2,-3.5,-1.0,-3.4,0.8,4.5,0.8,3.4,2.8,174680.0,5.4,388.0,1.4,-0.8,0.03,47479.0,1.5,10.0,3.5,2.2,0.003,1.52,1.32,1.47,6.6,4.4,0.0271,23,23,-23,9,86.5,90,-25,65,0.6,0.006761,0.3,0.28,0.25,0.23,0.22,0.22,-1,2004-12-14 08:00:00
2004,349,9,2339,51,52,61,36,6.6,3.8,-26.3,20.8,3.2,1.2,-1.7,0.8,-1.9,0.8,5.3,1.7,4.6,2.2,176848.0,5.2,394.0,2.6,-0.9,0.023,52114.0,1.3,15.0,3.4,2.5,0.007,1.47,0.75,1.52,6.8,4.5,0.0257,23,23,-23,9,86.5,83,-27,56,0.4,0.006761,0.32,0.29,0.27,0.25,0.24,0.24,-1,2004-12-14 09:00:00
2004,349,10,2339,51,52,59,34,6.6,4.6,-6.6,290.4,1.6,-4.3,-0.5,-4.3,0.6,0.4,4.6,2.1,3.3,2.3,159844.0,5.9,408.0,-1.7,-1.1,0.023,33726.0,0.9,15.0,2.7,2.2,0.004,1.79,-0.24,1.62,7.5,4.8,0.0211,23,23,-27,9,86.5,380,-271,109,1.5,0.006761,0.34,0.29,0.27,0.26,0.25,0.24,-1,2004-12-14 10:00:00
2004,349,11,2339,51,52,60,32,6.3,5.5,-31.6,325.3,3.9,-2.7,-2.9,-3.3,-2.2,0.3,2.9,1.4,1.6,2.0,123917.0,4.6,386.0,-0.7,-4.2,0.03,42674.0,1.3,14.0,2.0,1.6,0.005,1.28,0.85,1.22,6.6,4.6,0.0276,23,23,-31,9,86.5,345,-262,83,1.5,0.006761,0.34,0.32,0.29,0.29,0.28,0.28,-1,2004-12-14 11:00:00
2004,349,12,2339,51,52,60,36,6.7,5.7,-15.5,318.9,4.1,-3.6,-1.5,-3.8,-0.7,0.1,3.4,0.8,1.5,3.0,125228.0,5.1,391.0,-1.6,-2.1,0.025,21670.0,1.1,9.0,1.7,3.0,0.001,1.43,0.27,1.2,6.6,4.6,0.0274,23,23,-31,9,86.5,329,-240,89,1.7,0.006761,0.32,0.31,0.29,0.28,0.27,0.25,-1,2004-12-14 12:00:00
2004,349,13,2339,51,52,61,35,6.7,5.9,6.5,288.0,1.8,-5.5,0.7,-5.3,1.7,0.2,3.0,0.9,1.0,2.7,138685.0,5.5,409.0,-2.9,0.1,0.019,14839.0,0.4,6.0,0.7,2.6,0.004,1.65,-0.7,1.36,7.2,4.9,0.0232,23,23,-28,9,86.5,341,-202,139,1.3,0.006761,0.35,0.32,0.32,0.3,0.29,0.27,-1,2004-12-14 13:00:00
2004,349,14,2339,51,52,60,37,6.8,6.4,-22.4,291.8,2.2,-5.5,-2.4,-5.8,-1.5,0.2,2.1,1.7,0.4,1.1,118399.0,5.4,408.0,-3.2,-3.4,0.017,19435.0,0.3,13.0,0.6,1.2,0.003,1.6,0.61,1.2,7.0,4.9,0.0245,23,23,-27,9,86.5,86,-39,47,0.9,0.006761,0.39,0.35,0.34,0.32,0.31,0.3,-1,2004-12-14 14:00:00
2004,349,15,2339,51,52,59,35,7.0,6.5,-4.8,299.4,3.2,-5.7,-0.5,-5.7,0.1,0.1,2.4,0.9,1.2,1.9,98112.0,5.1,400.0,-4.0,-1.7,0.013,8966.0,0.2,7.0,1.3,2.0,0.002,1.43,-0.04,0.98,6.5,4.7,0.0286,13,23,-24,5,86.5,96,-70,26,0.7,0.006761,999999.99,99999.99,99999.99,99999.99,99999.99,99999.99,0,2004-12-14 15:00:00
2004,349,16,2339,51,52,63,39,6.9,6.5,10.6,296.2,2.8,-5.7,1.2,-5.6,1.6,0.1,2.2,1.0,0.4,1.9,93111.0,4.8,399.0,-3.9,0.3,0.016,17239.0,0.4,6.0,0.6,1.8,0.003,1.36,-0.64,0.93,6.3,4.7,0.0296,13,23,-21,5,86.5,160,-119,41,0.8,0.006761,999999.99,99999.99,99999.99,99999.99,99999.99,99999.99,0,2004-12-14 16:00:00
2004,349,17,2339,51,52,60,36,7.5,6.5,27.1,259.5,-1.1,-5.7,3.0,-5.7,3.1,0.2,3.5,1.1,2.3,2.4,67081.0,5.0,425.0,-3.7,1.4,0.018,12222.0,0.5,8.0,2.6,2.0,0.002,1.62,-1.32,0.72,6.3,5.0,0.0296,13,23,-17,5,86.5,56,-14,41,0.2,0.006761,999999.99,99999.99,99999.99,99999.99,99999.99,99999.99,0,2004-12-14 17:00:00
2004,349,18,2339,51,52,63,38,8.2,7.6,9.9,241.9,-3.5,-6.6,1.3,-6.6,1.1,0.4,3.1,1.8,0.7,2.4,64729.0,5.3,437.0,-3.8,0.2,0.016,12219.0,0.5,11.0,0.7,2.2,0.002,1.8,-0.48,0.63,6.1,4.9,0.0316,23,23,-15,9,86.5,36,-7,29,0.3,0.006761,999999.99,99999.99,99999.99,99999.99,99999.99,99999.99,0,2004-12-14 18:00:00
2004,349,19,2339,51,52,56,33,8.0,7.8,-33.1,260.4,-1.1,-6.5,-4.3,-6.2,-4.8,0.2,1.7,1.2,0.7,0.9,60044.0,5.1,418.0,-3.7,-4.8,0.016,6174.0,0.4,7.0,0.3,1.0,0.001,1.58,2.01,0.62,5.9,4.8,0.0342,23,23,-17,9,86.5,208,-162,46,1.3,0.006761,999999.99,99999.99,99999.99,99999.99,99999.99,99999.99,0,2004-12-14 19:00:00
2004,349,20,2339,51,52,57,31,7.3,6.8,-43.0,278.8,0.8,-4.9,-4.6,-4.4,-5.1,0.2,2.4,1.5,1.3,1.3,65816.0,4.7,407.0,-3.5,-6.2,0.018,16277.0,0.5,13.0,1.3,1.4,0.002,1.39,2.08,0.71,6.0,4.8,0.0326,23,23,-24,9,86.5,388,-290,98,1.4,0.006761,0.4,0.37,0.33,0.3,0.29,0.29,-1,2004-12-14 20:00:00
2004,349,21,2339,51,52,55,32,7.3,6.4,-5.5,309.1,4.0,-5.0,-0.6,-4.9,-1.2,0.2,3.4,1.4,1.2,2.9,52287.0,4.6,382.0,-4.6,-2.2,0.024,9306.0,0.4,11.0,1.3,3.7,0.005,1.23,0.46,0.65,5.6,4.5,0.0378,20,23,-28,7,86.5,191,-66,125,0.2,0.006761,0.34,0.32,0.3,0.29,0.29,0.28,-1,2004-12-14 21:00:00
2004,349,22,2339,51,52,58,35,7.0,6.3,-22.0,332.0,5.1,-2.7,-2.4,-2.3,-2.8,0.2,3.0,0.7,1.1,2.7,45265.0,4.1,363.0,-2.7,-4.5,0.028,10864.0,0.8,10.0,1.8,3.4,0.005,1.0,1.02,0.6,5.3,4.3,0.0432,20,23,-27,7,86.5,57,-8,49,0.0,0.006761,0.35,0.31,0.29,0.27,0.25,0.25,-1,2004-12-14 22:00:00
2004,349,23,2339,51,52,60,33,7.0,6.7,-4.1,331.9,5.9,-3.1,-0.5,-3.0,-0.9,0.1,1.9,0.7,1.2,1.3,38551.0,3.5,350.0,-3.4,-1.9,0.034,8918.0,0.5,8.0,2.0,2.3,0.007,0.81,0.32,0.5,4.7,3.9,0.0544,20,23,-25,7,86.5,45,-11,34,0.2,0.006761,0.36,0.32,0.31,0.3,0.29,0.27,-1,2004-12-14 23:00:00
2004,350,0,2339,51,52,57,32,7.0,5.8,-9.6,317.7,4.2,-3.9,-1.0,-3.7,-1.5,0.1,3.8,2.4,2.8,0.7,57483.0,4.2,370.0,-4.0,-2.6,0.027,24381.0,0.9,24.0,2.9,1.1,0.01,1.06,0.56,0.66,5.4,4.3,0.0405,23,13,-22,9,86.5,76,-31,45,0.3,0.006719,0.35,0.32,0.29,0.27,0.26,0.25,-1,2004-12-15 00:00:00
2004,350,1,2339,51,52,63,38,7.2,6.5,-13.0,331.5,5.6,-3.0,-1.5,-2.8,-1.8,0.2,3.0,2.0,1.6,1.6,43682.0,4.2,354.0,-2.2,-3.4,0.028,13438.0,0.6,17.0,1.9,2.0,0.007,0.98,0.64,0.58,5.0,4.1,0.0469,23,13,-22,9,86.5,123,-67,56,1.2,0.006719,0.35,0.31,0.29,0.28,0.27,0.27,-1,2004-12-15 01:00:00
2004,350,2,2339,51,52,64,38,6.9,6.6,-34.7,320.9,4.2,-3.4,-3.8,-3.1,-4.0,0.5,1.9,0.8,1.2,1.1,49441.0,4.1,369.0,-3.3,-6.2,0.028,19862.0,0.8,8.0,1.7,2.0,0.003,1.04,1.48,0.64,5.4,4.3,0.0406,23,13,-21,9,86.5,101,-44,57,0.8,0.006719,0.36,0.32,0.31,0.29,0.28,0.28,-1,2004-12-15 02:00:00
2004,350,3,2339,51,52,56,33,6.6,6.2,-2.0,310.4,4.0,-4.8,-0.2,-4.8,-0.3,0.2,2.1,1.5,1.3,0.7,59638.0,4.0,370.0,-5.2,-0.8,0.029,17411.0,1.0,15.0,1.5,1.5,0.009,1.02,0.11,0.72,5.6,4.4,0.0378,20,13,-21,7,86.5,64,-17,47,0.3,0.006719,0.56,0.51,0.47,0.44,0.4,0.34,-1,2004-12-15 03:00:00
2004,350,4,2339,51,52,68,41,6.2,4.2,1.3,300.9,2.1,-3.6,0.1,-3.6,0.2,0.4,4.5,2.5,2.9,2.3,79500.0,4.6,389.0,-2.9,-0.2,0.024,25417.0,1.0,22.0,3.3,2.7,0.008,1.27,-0.08,1.03,6.7,4.9,0.0263,20,13,-16,7,86.5,62,-10,52,0.2,0.006719,0.37,0.32,0.31,0.29,0.29,0.29,-1,2004-12-15 04:00:00
2004,350,5,2339,51,52,64,36,6.0,2.4,-29.2,259.4,-0.4,-2.1,-1.2,-2.2,-1.0,0.5,5.3,3.6,3.2,2.2,93950.0,4.7,410.0,-0.2,-1.9,0.016,25883.0,0.9,29.0,2.9,2.3,0.005,1.4,0.41,1.21,7.4,5.2,0.0217,20,13,-15,7,86.5,93,-7,86,0.7,0.006719,0.38,0.34,0.33,0.31,0.3,0.29,-1,2004-12-15 05:00:00
2004,350,6,2339,51,52,57,35,6.9,6.1,-61.2,194.9,-2.9,-0.8,-5.4,-1.6,-5.2,0.2,3.1,0.8,2.7,1.2,85677.0,5.5,427.0,1.2,-5.7,0.013,12369.0,0.3,5.0,2.1,1.5,0.001,1.76,2.22,1.03,7.3,5.3,0.0226,20,13,-23,7,86.5,163,-44,119,1.3,0.006719,0.31,0.27,0.26,0.24,0.23,0.23,-1,2004-12-15 06:00:00
2004,350,7,2339,51,52,55,31,6.9,6.4,16.8,273.4,0.4,-6.1,1.9,-5.6,3.0,0.2,2.4,1.6,0.7,1.6,105973.0,4.6,401.0,-2.5,0.4,0.015,20587.0,0.5,11.0,0.8,1.5,0.002,1.31,-1.2,0.94,6.2,4.6,0.0306,20,13,-29,7,86.5,168,-79,89,0.5,0.006719,0.35,0.31,0.28,0.26,0.26,0.26,-1,2004-12-15 07:00:00
2004,350,8,2339,51,52,62,38,6.9,6.6,25.2,303.1,3.2,-5.0,2.8,-4.3,3.8,0.1,2.0,1.3,1.3,0.8,71838.0,4.1,376.0,-3.3,2.3,0.013,11877.0,0.3,12.0,1.5,1.2,0.003,1.02,-1.43,0.72,5.5,4.3,0.0391,20,13,-22,7,86.5,61,-1,60,0.0,0.006719,0.37,0.32,0.3,0.28,0.27,0.25,-1,2004-12-15 08:00:00
2004,350,9,2339,51,52,56,32,7.0,6.4,26.4,278.6,0.9,-5.7,2.8,-4.9,4.1,0.1,2.6,2.0,1.4,0.9,59187.0,4.0,396.0,-4.3,2.4,0.011,14934.0,0.6,16.0,1.2,1.3,0.003,1.09,-1.62,0.64,5.7,4.5,0.0372,0,13,-18,0,86.5,31,-3,28,-0.2,0.006719,0.38,0.34,0.32,0.3,0.29,0.29,-1,2004-12-15 09:00:00
2004,350,10,2339,51,52,62,36,6.8,6.4,13.1,284.9,1.6,-6.1,1.5,-5.6,2.9,0.1,2.1,1.6,0.8,1.1,60569.0,4.0,386.0,-5.1,0.5,0.014,13143.0,0.6,13.0,0.9,1.9,0.002,1.05,-1.12,0.68,5.7,4.5,0.0369,0,13,-19,0,86.5,53,-22,31,-0.1,0.006719,0.39,0.35,0.33,0.31,0.29,0.28,-1,2004-12-15 10:00:00
2004,350,11,2339,51,52,54,32,6.5,6.2,11.5,302.0,3.2,-5.2,1.2,-4.8,2.4,0.1,1.8,1.2,1.0,0.9,59506.0,4.3,368.0,-5.1,0.1,0.019,12563.0,0.7,14.0,0.9,1.3,0.005,1.05,-0.88,0.8,5.9,4.5,0.0345,0,13,-19,0,86.5,49,-5,44,-0.0,0.006719,0.38,0.34,0.33,0.32,0.31,0.29,-1,2004-12-15 11:00:00
2004,350,12,2339,51,52,64,36,6.5,5.9,4.5,308.4,3.6,-4.6,0.5,-4.4,1.5,0.1,2.5,1.6,1.0,1.6,47400.0,4.4,361.0,-5.1,-0.8,0.019,20594.0,1.0,16.0,1.0,2.5,0.005,1.03,-0.54,0.76,5.8,4.5,0.0351,7,13,-20,3,86.5,50,-23,27,0.1,0.006719,0.35,0.32,0.3,0.27,0.26,0.26,-1,2004-12-15 12:00:00
2004,350,13,2339,51,52,54,29,6.4,5.7,-28.6,344.1,4.8,-1.4,-2.7,-1.9,-2.4,0.1,2.7,0.8,2.0,1.6,50715.0,4.2,353.0,-1.4,-6.2,0.027,14783.0,1.1,11.0,2.5,2.6,0.007,0.97,0.85,0.76,5.7,4.4,0.0372,7,13,-23,3,86.5,57,-27,30,0.5,0.006719,0.38,0.34,0.32,0.3,0.29,0.29,-1,2004-12-15 13:00:00
2004,350,14,2339,51,52,64,38,6.8,6.2,-39.1,358.8,4.8,-0.1,-3.9,-0.7,-3.8,0.1,2.7,0.9,2.0,1.7,41636.0,4.8,357.0,-0.6,-6.7,0.021,8310.0,0.7,11.0,2.5,2.2,0.004,1.11,1.36,0.73,5.8,4.5,0.036,7,13,-25,3,86.5,71,-30,41,0.9,0.006719,0.35,0.31,0.28,0.27,0.26,0.25,-1,2004-12-15 14:00:00
2004,350,15,2339,51,52,59,35,6.4,5.7,-13.5,350.4,5.5,-0.9,-1.3,-1.0,-1.2,0.4,2.9,0.7,1.5,2.4,53087.0,4.8,352.0,-1.7,-3.4,0.029,26757.0,0.7,8.0,1.9,3.3,0.01,1.11,0.42,0.88,6.0,4.5,0.0328,23,13,-26,9,86.5,104,-74,30,0.9,0.006719,0.36,0.31,0.28,0.26,0.26,0.26,-1,2004-12-15 15:00:00
2004,350,16,2339,51,52,64,38,6.1,4.7,8.8,312.9,3.2,-3.4,0.7,-3.4,0.9,0.2,3.5,1.7,1.2,2.8,69545.0,6.7,376.0,-3.5,-1.9,0.028,15033.0,1.2,15.0,1.2,2.5,0.004,1.76,-0.34,1.48,8.0,5.3,0.0187,23,13,-24,9,86.5,205,-169,36,1.1,0.006719,0.46,0.39,0.34,0.31,0.29,0.27,-1,2004-12-15 16:00:00
2004,350,17,2339,51,52,61,35,6.5,5.4,4.0,288.4,1.7,-5.2,0.4,-5.2,0.4,0.1,3.3,1.2,1.3,2.7,62095.0,7.5,386.0,-4.9,-2.9,0.032,6705.0,0.6,8.0,0.8,2.1,0.003,2.11,-0.15,1.41,8.1,5.5,0.018,23,13,-20,9,86.5,288,-222,66,0.7,0.006719,0.49,0.38,0.33,0.28,0.26,0.26,-1,2004-12-15 17:00:00
2004,350,18,2339,51,52,55,34,6.6,5.3,-7.0,323.5,4.2,-3.1,-0.6,-3.1,-0.7,0.2,3.9,1.3,1.2,3.4,49742.0,7.2,370.0,-4.0,-3.4,0.033,6791.0,0.5,9.0,1.0,3.4,0.006,1.86,0.26,1.22,7.5,5.2,0.021,13,13,-16,5,86.5,71,-30,40,0.4,0.006719,999999.99,99999.99,99999.99,99999.99,99999.99,99999.99,0,2004-12-15 18:00:00
2004,350,19,2339,51,52,62,38,6.6,6.5,-53.9,333.1,3.4,-1.7,-5.3,-1.3,-5.4,0.1,1.3,0.8,0.8,0.6,44740.0,7.6,373.0,-2.9,-6.7,0.029,4903.0,0.6,3.0,0.6,0.7,0.007,1.97,2.01,1.26,7.8,5.4,0.0196,13,13,-14,5,86.5,120,-83,37,1.1,0.006719,999999.99,99999.99,99999.99,99999.99,99999.99,99999.99,0,2004-12-15 19:00:00
2004,350,20,2339,51,52,56,35,6.7,6.1,-26.8,310.7,3.6,-4.1,-2.8,-3.8,-3.2,0.1,2.5,1.8,0.9,1.5,46179.0,8.0,369.0,-5.3,-5.2,0.038,5601.0,0.7,11.0,0.7,1.2,0.003,2.1,1.18,1.29,7.8,5.4,0.0196,13,13,-20,5,86.5,278,-202,76,1.1,0.006719,999999.99,99999.99,99999.99,99999.99,99999.99,99999.99,0,2004-12-15 20:00:00
2004,350,21,2339,51,52,60,35,6.4,5.6,-13.5,323.5,4.3,-3.2,-1.3,-3.0,-1.7,0.3,3.1,1.8,1.3,2.2,47247.0,8.1,364.0,-5.3,-4.1,0.037,11878.0,0.9,8.0,1.0,1.8,0.008,2.06,0.62,1.44,8.1,5.4,0.0182,20,13,-25,7,86.5,269,-148,120,1.2,0.006719,999999.99,99999.99,99999.99,99999.99,99999.99,99999.99,0,2004-12-15 21:00:00
2004,350,22,2339,51,52,63,35,6.4,5.6,9.3,316.1,4.0,-3.8,0.9,-3.9,0.3,0.3,3.0,1.4,1.0,2.5,46504.0,8.9,371.0,-5.7,-2.2,0.034,6853.0,0.9,7.0,1.2,1.9,0.003,2.32,-0.11,1.58,8.6,5.6,0.0159,20,13,-27,7,86.5,181,-91,90,0.9,0.006719,999999.99,99999.99,99999.99,99999.99,99999.99,99999.99,0,2004-12-15 22:00:00
2004,350,23,2339,51,52,65,38,6.8,6.0,64.2,234.0,-1.5,-2.1,5.4,-2.9,5.0,0.6,3.3,2.5,1.0,1.9,39894.0,11.1,387.0,-5.3,-1.6,0.029,8852.0,0.9,6.0,0.6,0.9,0.003,3.1,-1.94,1.68,9.5,6.1,0.0132,20,13,-22,7,86.5,150,-38,112,0.3,0.006719,0.79,0.47,0.35,0.3,0.28,0.26,-1,2004-12-15 23:00:00
2004,351,0,2339,51,52,58,36,6.9,6.3,68.5,234.3,-1.4,-1.9,5.9,-2.7,5.6,0.4,2.6,1.8,1.7,0.6,46398.0,12.5,386.0,-4.7,-2.1,0.034,6676.0,1.5,4.0,0.7,1.1,0.005,3.53,-2.16,1.91,9.9,6.1,0.0122,20,16,-13,7,999.9,72,7,78,-0.2,0.00675,0.88,0.55,0.43,0.37,0.34,0.32,-1,2004-12-16 00:00:00
2004,351,1,2339,51,52,60,34,7.4,6.8,40.4,286.7,1.5,-5.0,4.4,-5.5,3.8,0.3,2.5,1.4,1.0,1.8,61507.0,14.7,385.0,-5.6,-2.2,0.042,6768.0,0.9,3.0,0.5,0.7,0.004,4.25,-1.46,2.12,10.0,5.9,0.012,20,16,-6,7,999.9,50,8,59,-0.1,0.00675,1.12,0.6,0.42,0.36,0.34,0.32,-1,2004-12-16 01:00:00
2004,351,2,2339,51,52,61,37,8.4,8.0,-23.8,296.0,3.2,-6.6,-3.2,-6.3,-3.7,0.5,2.3,1.0,0.8,1.9,73752.0,16.9,389.0,-6.6,-4.2,0.048,7048.0,1.2,4.0,0.5,1.0,0.004,5.09,1.44,2.01,9.5,5.8,0.0131,20,16,-4,7,999.9,121,-32,89,0.6,0.00675,1.05,0.57,0.39,0.32,0.3,0.28,-1,2004-12-16 02:00:00
2004,351,3,2339,51,52,58,35,9.6,7.9,16.6,318.2,5.6,-5.0,2.2,-5.1,2.1,0.7,5.5,2.1,2.1,4.6,73947.0,18.9,390.0,-6.6,-4.0,0.036,8500.0,2.1,4.0,0.6,1.1,0.005,5.49,-0.82,1.73,8.8,5.6,0.0153,33,16,-10,18,999.9,147,-57,89,0.4,0.00675,1.25,0.62,0.39,0.31,0.28,0.26,-1,2004-12-16 03:00:00
2004,351,4,2339,51,52,58,33,10.4,7.4,-7.8,321.7,5.7,-4.5,-1.0,-4.5,-0.9,1.1,7.3,3.9,1.6,6.0,58786.0,16.0,389.0,-8.1,-4.6,0.036,19297.0,2.8,5.0,1.0,1.6,0.005,4.63,0.35,1.15,7.5,5.3,0.0213,33,16,-11,18,999.9,277,-140,136,2.3,0.00675,1.32,0.73,0.46,0.36,0.33,0.3,-1,2004-12-16 04:00:00
2004,351,5,2339,51,52,69,37,10.0,8.5,-5.6,327.9,7.2,-4.5,-0.8,-4.6,-0.4,0.8,5.2,1.2,3.2,3.9,107278.0,10.3,387.0,-5.3,-7.0,0.047,55613.0,2.5,21.0,3.2,2.0,0.019,3.06,0.15,1.01,6.2,4.5,0.0308,33,16,-12,18,999.9,212,-85,127,1.5,0.00675,1.11,0.61,0.41,0.32,0.3,0.29,-1,2004-12-16 05:00:00
2004,351,6,2339,51,52,58,35,10.3,10.1,33.5,305.6,4.9,-6.8,5.5,-6.0,6.4,1.1,2.2,1.2,1.4,1.3,121011.0,5.8,420.0,-0.1,-6.5,0.066,23532.0,1.0,7.0,1.4,1.3,0.015,2.16,-2.69,0.57,4.9,4.0,0.0493,23,16,-13,9,999.9,118,-18,101,0.6,0.00675,999999.99,99999.99,99999.99,99999.99,99999.99,99999.99,0,2004-12-16 06:00:00
2004,351,7,2339,51,52,64,38,10.1,9.3,45.6,291.6,2.4,-6.1,6.7,-4.8,7.7,1.1,3.8,2.0,2.6,2.0,146783.0,5.8,434.0,0.6,-6.4,0.069,28769.0,1.1,7.0,1.0,1.2,0.013,2.33,-3.34,0.65,5.2,4.1,0.0444,23,16,-11,9,999.9,38,-2,36,-0.1,0.00675,999999.99,99999.99,99999.99,99999.99,99999.99,99999.99,0,2004-12-16 07:00:00
2004,351,8,2339,51,52,65,40,10.1,9.6,28.9,305.6,4.9,-6.8,4.6,-5.7,5.9,0.4,3.2,0.8,1.5,2.7,125690.0,5.6,462.0,2.4,-3.8,0.072,15939.0,0.6,12.0,0.7,0.9,0.011,2.57,-2.73,0.58,5.4,4.4,0.0406,23,16,-8,9,999.9,35,-2,33,-0.1,0.00675,999999.99,99999.99,99999.99,99999.99,99999.99,99999.99,0,2004-12-16 08:00:00
2004,351,9,2339,51,52,60,37,9.8,9.7,22.7,302.8,4.9,-7.5,3.8,-6.4,5.4,0.2,1.4,0.7,0.7,0.9,123175.0,6.0,484.0,1.4,-3.2,0.059,7659.0,0.3,2.0,0.5,0.6,0.003,2.9,-2.61,0.65,6.0,4.8,0.0325,3,16,-7,2,999.9,30,-1,29,-0.2,0.00675,999999.99,99999.99,99999.99,99999.99,99999.99,99999.99,0,2004-12-16 09:00:00
2004,351,10,2339,51,52,59,35,9.4,9.2,16.5,313.0,6.0,-6.4,2.6,-5.6,4.0,0.1,1.9,1.0,1.1,1.1,123856.0,5.7,489.0,0.5,-2.1,0.066,12262.0,0.4,7.0,0.7,1.0,0.009,2.88,-1.96,0.68,6.2,4.9,0.0308,3,16,-8,2,999.9,52,-16,36,-0.1,0.00675,0.56,0.41,0.32,0.27,0.25,0.25,-1,2004-12-16 10:00:00
2004,351,11,2339,51,52,57,35,9.6,9.3,-5.0,331.7,8.2,-4.4,-0.8,-4.5,0.2,0.3,2.2,0.9,1.3,1.5,125675.0,6.1,474.0,2.8,-2.5,0.059,17701.0,0.7,12.0,1.1,0.7,0.024,2.83,-0.09,0.7,6.1,4.8,0.032,3,16,-6,2,999.9,53,-9,44,-0.0,0.00675,0.61,0.42,0.33,0.28,0.27,0.27,-1,2004-12-16 11:00:00
2004,351,12,2339,51,52,61,38,10.3,10.2,-16.1,329.4,8.5,-5.0,-2.8,-5.5,-1.7,0.2,1.3,0.4,1.0,0.6,109942.0,7.5,460.0,1.8,-2.4,0.031,5483.0,0.5,3.0,0.9,0.7,0.002,2.98,0.78,0.7,6.1,4.8,0.0318,27,16,-7,12,999.9,208,-121,87,0.9,0.00675,0.71,0.51,0.41,0.36,0.34,0.31,-1,2004-12-16 12:00:00
2004,351,13,2339,51,52,58,35,9.5,9.2,-21.1,313.6,5.9,-6.2,-3.3,-6.7,-2.2,1.6,3.0,1.7,1.3,2.0,110704.0,11.6,452.0,-1.3,-2.9,0.043,11287.0,3.3,10.0,1.3,1.1,0.015,4.64,0.99,1.28,8.1,5.6,0.0181,27,16,-8,12,999.9,510,-375,135,2.0,0.00675,0.65,0.49,0.41,0.36,0.33,0.3,-1,2004-12-16 13:00:00
2004,351,14,2339,51,52,64,36,8.8,5.5,26.2,300.8,2.5,-4.2,2.4,-3.8,3.0,1.4,6.8,4.3,3.2,4.2,129017.0,13.8,456.0,-2.7,-1.9,0.048,25334.0,1.3,17.0,1.3,1.6,0.008,5.71,-1.37,1.91,9.6,5.9,0.0128,27,16,-7,12,999.9,456,-325,131,2.3,0.00675,0.6,0.46,0.38,0.33,0.31,0.31,-1,2004-12-16 14:00:00
2004,351,15,2339,51,52,58,33,8.5,7.7,9.9,297.1,3.4,-6.7,1.3,-6.5,1.9,0.8,3.7,1.1,1.5,3.2,147480.0,13.8,473.0,-2.0,-0.4,0.047,13348.0,1.1,2.0,0.3,0.4,0.006,6.13,-0.9,2.19,10.3,6.1,0.0111,23,16,-2,9,999.9,145,-19,126,0.4,0.00675,0.54,0.39,0.31,0.28,0.26,0.25,-1,2004-12-16 15:00:00
2004,351,16,2339,51,52,60,37,8.4,7.9,-4.7,317.7,5.8,-5.3,-0.6,-5.3,-0.3,1.5,3.2,1.4,1.3,2.6,138486.0,14.1,467.0,-3.4,-0.6,0.047,15680.0,1.2,5.0,0.6,0.8,0.004,6.1,0.14,2.22,10.4,6.1,0.0109,23,16,-2,9,999.9,129,-91,39,1.3,0.00675,0.54,0.42,0.36,0.32,0.3,0.29,-1,2004-12-16 16:00:00
2004,351,17,2339,51,52,61,37,8.2,7.5,22.5,317.6,5.1,-4.7,2.9,-4.7,2.9,1.2,3.3,2.7,1.1,1.5,110392.0,13.7,454.0,-4.7,1.3,0.046,16121.0,1.1,7.0,0.5,1.3,0.004,5.58,-1.32,2.02,10.2,6.2,0.0113,23,16,-5,9,999.9,284,-217,67,0.6,0.00675,0.61,0.48,0.41,0.37,0.32,0.25,-1,2004-12-16 17:00:00
2004,351,18,2339,51,52,56,33,6.1,4.8,34.4,305.1,2.3,-3.2,2.7,-3.3,2.6,1.4,3.8,2.5,1.4,2.5,152218.0,13.0,464.0,-4.0,2.5,0.051,30681.0,2.2,6.0,0.9,1.4,0.009,5.63,-1.21,4.08,13.7,6.4,0.0063,37,16,1,22,999.9,156,-112,44,0.3,0.00675,999999.99,99999.99,99999.99,99999.99,99999.99,99999.99,0,2004-12-16 18:00:00
2004,351,19,2339,51,52,70,42,9.8,5.5,-39.5,358.3,4.2,-0.1,-3.5,0.2,-3.5,2.1,8.3,6.1,5.4,1.6,226692.0,7.4,508.0,0.6,1.1,0.06,80203.0,2.0,27.0,2.1,1.3,0.026,3.95,1.78,1.14,7.1,5.0,0.0239,37,16,3,22,999.9,190,-132,59,1.2,0.00675,999999.99,99999.99,99999.99,99999.99,99999.99,99999.99,0,2004-12-16 19:00:00
2004,351,20,2339,51,52,62,39,8.7,5.9,-50.8,85.9,0.3,3.7,-4.6,4.2,-4.1,1.4,6.3,4.0,3.2,3.6,312509.0,8.0,546.0,2.1,1.0,0.082,60690.0,1.1,11.0,0.8,1.9,0.016,5.29,2.24,1.94,8.9,5.4,0.0151,37,16,-8,22,999.9,485,-345,140,1.7,0.00675,999999.99,99999.99,99999.99,99999.99,99999.99,99999.99,0,2004-12-16 20:00:00
2004,351,21,2339,51,52,61,36,10.0,7.0,-1.9,334.7,6.3,-3.0,-0.2,-2.9,-0.6,1.0,6.9,1.6,3.5,5.7,256245.0,8.4,581.0,3.9,1.5,0.059,55105.0,1.3,13.0,1.6,2.0,0.015,5.85,0.35,1.34,8.4,5.7,0.0168,40,16,-13,27,999.9,317,-217,99,1.1,0.00675,999999.99,99999.99,99999.99,99999.99,99999.99,99999.99,0,2004-12-16 21:00:00
2004,351,22,2339,51,52,60,34,9.9,9.4,7.7,330.2,8.1,-4.6,1.3,-4.7,0.6,0.2,2.7,1.0,1.5,2.0,241103.0,6.9,575.0,2.4,2.1,0.068,39859.0,0.7,10.0,1.3,1.4,0.009,4.85,-0.34,1.08,7.6,5.5,0.0204,40,16,-10,27,999.9,145,-55,91,0.9,0.00675,999999.99,99999.99,99999.99,99999.99,99999.99,99999.99,0,2004-12-16 22:00:00
2004,351,23,2339,51,52,61,36,10.2,9.4,29.2,319.3,6.2,-5.3,4.6,-6.0,3.7,0.3,3.6,1.9,1.3,2.8,257496.0,7.7,583.0,2.7,5.0,0.062,90385.0,1.2,12.0,0.8,1.8,0.014,5.45,-2.16,1.19,7.9,5.6,0.0189,40,16,-4,27,999.9,277,-183,94,0.8,0.00675,999999.99,99999.99,99999.99,99999.99,99999.99,99999.99,0,2004-12-16 23:00:00
2004,352,0,2339,51,52,63,37,10.2,8.8,26.3,293.3,3.1,-7.3,3.9,-7.8,2.8,0.3,4.5,3.2,1.4,2.8,275377.0,10.0,596.0,1.9,4.5,0.051,39554.0,1.1,19.0,0.8,1.7,0.01,7.14,-1.67,1.61,9.2,6.0,0.0139,33,39,1,18,999.9,343,-179,164,2.5,0.006837,999999.99,99999.99,99999.99,99999.99,99999.99,99999.99,0,2004-12-17 00:00:00
2004,352,1,2339,51,52,61,36,10.7,7.7,12.2,310.9,4.9,-5.7,1.6,-5.9,0.9,0.4,7.1,2.8,2.1,6.2,280636.0,10.8,591.0,2.4,4.2,0.051,34408.0,0.7,17.0,1.1,2.7,0.01,7.58,-0.53,1.6,9.1,5.9,0.0144,33,39,-5,18,999.9,369,-200,169,2.6,0.006837,999999.99,99999.99,99999.99,99999.99,99999.99,99999.99,0,2004-12-17 01:00:00
2004,352,2,2339,51,52,59,34,9.8,7.9,19.2,307.2,4.5,-6.0,2.6,-6.2,2.1,0.3,5.1,2.2,1.6,4.3,355484.0,8.9,614.0,4.0,3.6,0.055,29237.0,0.8,12.0,0.9,2.1,0.008,6.84,-1.29,1.87,9.3,5.8,0.0136,33,39,-10,18,999.9,316,-163,152,1.5,0.006837,0.55,0.42,0.36,0.32,0.3,0.3,-1,2004-12-17 02:00:00
2004,352,3,2339,51,52,60,36,10.0,7.2,-10.6,281.0,1.4,-7.0,-1.3,-7.0,-1.5,0.3,6.4,3.7,1.8,4.9,315729.0,8.5,633.0,2.7,1.0,0.051,34441.0,0.8,23.0,1.0,2.5,0.008,6.85,0.95,1.57,9.2,6.0,0.014,40,39,-14,27,999.9,282,-117,164,1.7,0.006837,0.47,0.34,0.29,0.25,0.23,0.23,-1,2004-12-17 03:00:00
2004,352,4,2339,51,52,59,36,10.8,7.1,1.2,315.6,5.1,-5.0,0.1,-5.0,0.2,0.5,7.9,1.4,3.5,7.0,272431.0,7.7,611.0,3.9,1.1,0.05,28129.0,0.5,9.0,1.6,2.8,0.012,5.76,-0.12,1.1,7.8,5.6,0.0193,40,39,-11,27,999.9,426,-194,231,4.0,0.006837,0.54,0.39,0.34,0.29,0.27,0.27,-1,2004-12-17 04:00:00
2004,352,5,2339,51,52,60,34,10.0,6.6,-23.1,336.1,5.5,-2.4,-2.6,-2.6,-2.4,1.0,7.3,2.7,4.4,5.1,284584.0,7.5,618.0,4.1,1.0,0.048,42951.0,0.8,16.0,2.4,3.1,0.008,5.7,1.48,1.29,8.5,5.8,0.0166,40,39,-14,27,999.9,390,-136,253,2.8,0.006837,0.53,0.38,0.33,0.29,0.28,0.28,-1,2004-12-17 05:00:00
2004,352,6,2339,51,52,61,32,8.2,7.0,-13.7,336.4,6.2,-2.7,-1.7,-2.9,-1.3,0.3,4.1,1.5,2.6,2.7,260663.0,6.0,618.0,3.3,-0.3,0.052,28104.0,0.4,12.0,1.6,2.0,0.005,4.62,0.8,1.44,9.2,6.2,0.014,33,39,-14,18,999.9,182,-49,133,0.8,0.006837,0.54,0.4,0.34,0.31,0.29,0.28,-1,2004-12-17 06:00:00
2004,352,7,2339,51,52,60,31,8.7,6.5,10.2,340.8,6.0,-2.1,1.2,-1.9,1.5,0.4,5.6,1.5,3.0,4.5,234635.0,6.0,624.0,4.1,1.1,0.042,47339.0,0.9,14.0,1.9,2.5,0.009,4.56,-0.94,1.2,8.8,6.2,0.0154,33,39,-18,18,999.9,257,-139,117,1.4,0.006837,0.58,0.43,0.37,0.33,0.31,0.3,-1,2004-12-17 07:00:00
2004,352,8,2339,51,52,62,35,8.5,7.2,-3.9,327.6,6.1,-3.8,-0.5,-3.8,0.3,0.4,4.2,1.3,1.8,3.6,257253.0,5.8,624.0,3.0,0.2,0.046,33624.0,0.6,8.0,1.6,2.4,0.006,4.47,-0.19,1.29,8.8,6.1,0.0152,33,39,-16,18,999.9,355,-217,138,1.9,0.006837,0.58,0.42,0.37,0.33,0.32,0.32,-1,2004-12-17 08:00:00
2004,352,9,2339,51,52,59,34,8.1,7.1,-34.7,329.8,5.0,-2.9,-4.0,-3.7,-3.3,0.3,3.7,0.9,2.3,2.8,246609.0,4.9,643.0,2.8,-2.7,0.042,36941.0,0.6,12.0,1.6,2.4,0.008,3.95,2.12,1.16,8.8,6.2,0.0154,30,39,-12,15,999.9,183,-95,88,1.4,0.006837,0.54,0.4,0.34,0.31,0.29,0.28,-1,2004-12-17 09:00:00
2004,352,10,2339,51,52,61,35,7.7,6.2,-1.4,338.2,5.8,-2.3,-0.2,-2.3,0.3,0.7,4.2,1.4,2.4,3.1,262673.0,4.7,640.0,3.5,-1.1,0.038,41622.0,0.4,16.0,1.8,2.3,0.01,3.7,-0.19,1.29,9.0,6.2,0.0147,30,39,-17,15,999.9,259,-137,122,1.3,0.006837,0.48,0.36,0.32,0.29,0.28,0.28,-1,2004-12-17 10:00:00
2004,352,11,2339,51,52,59,37,7.3,6.6,37.0,330.3,4.6,-2.6,4.0,-1.7,4.5,0.3,2.8,1.4,1.9,1.5,294483.0,4.5,656.0,3.8,1.4,0.045,104726.0,0.7,13.0,1.4,1.5,0.007,3.82,-2.95,1.49,9.5,6.3,0.0131,30,39,-20,15,999.9,208,-76,132,0.4,0.006837,0.53,0.39,0.35,0.31,0.28,0.25,-1,2004-12-17 11:00:00
2004,352,12,2339,51,52,60,32,7.2,6.6,-6.1,349.1,6.4,-1.2,-0.7,-1.3,-0.4,0.1,2.8,0.7,2.1,1.7,311418.0,4.5,637.0,4.8,-2.3,0.044,32482.0,0.2,5.0,1.6,1.6,0.004,3.59,0.25,1.59,9.4,6.1,0.0135,23,39,-17,9,999.9,180,-50,131,0.6,0.006837,999999.99,99999.99,99999.99,99999.99,99999.99,99999.99,0,2004-12-17 12:00:00
2004,352,13,2339,51,52,60,34,7.5,7.3,-11.4,351.6,7.1,-1.0,-1.4,-1.2,-1.2,0.2,1.7,0.3,1.5,0.8,311735.0,4.8,633.0,5.6,-2.9,0.034,32918.0,0.4,5.0,1.4,0.9,0.006,3.65,0.76,1.56,9.2,6.0,0.0139,23,39,-16,9,999.9,203,-51,152,0.6,0.006837,0.5,0.38,0.35,0.31,0.28,0.25,-1,2004-12-17 13:00:00
2004,352,14,2339,51,52,59,30,8.2,7.6,1.1,324.2,6.1,-4.4,0.1,-4.3,0.7,0.3,3.0,1.4,1.7,2.1,262265.0,4.7,635.0,3.0,-1.4,0.052,22208.0,0.4,10.0,1.2,1.5,0.013,3.82,-0.44,1.14,8.4,6.0,0.0169,23,39,-15,9,999.9,168,-87,81,1.2,0.006837,0.54,0.41,0.38,0.33,0.3,0.26,-1,2004-12-17 14:00:00
2004,352,15,2339,51,52,62,35,7.7,5.0,4.3,342.3,4.8,-1.5,0.4,-1.5,0.5,0.4,5.6,2.8,2.7,4.0,282388.0,4.8,638.0,4.3,-1.5,0.051,67149.0,0.8,18.0,1.8,3.2,0.011,3.93,-0.32,1.38,9.1,6.1,0.0144,33,39,-16,18,999.9,458,-342,116,2.2,0.006837,0.54,0.43,0.37,0.33,0.31,0.29,-1,2004-12-17 15:00:00
2004,352,16,2339,51,52,62,36,6.6,4.4,8.8,288.7,1.4,-4.1,0.7,-4.1,0.9,1.0,4.7,1.8,2.7,3.4,243493.0,4.7,656.0,1.2,-1.5,0.054,35462.0,0.6,15.0,2.0,2.1,0.008,4.11,-0.59,1.67,10.8,6.9,0.0102,33,39,-16,18,999.9,607,-503,104,2.7,0.006837,0.46,0.35,0.31,0.28,0.25,0.22,-1,2004-12-17 16:00:00
2004,352,17,2339,51,52,56,34,5.5,3.7,7.7,297.7,1.7,-3.2,0.5,-3.2,0.5,0.4,3.9,2.3,1.7,2.6,223993.0,4.2,655.0,1.0,-1.9,0.049,23972.0,0.4,17.0,1.2,1.8,0.005,3.6,-0.33,2.04,12.2,7.3,0.008,33,39,-18,18,999.9,461,-348,112,2.0,0.006837,0.46,0.35,0.32,0.28,0.27,0.27,-1,2004-12-17 17:00:00
2004,352,18,2339,51,52,64,33,5.3,3.5,29.5,309.3,1.9,-2.4,1.7,-2.5,1.6,0.2,3.8,2.5,2.0,2.0,202877.0,4.0,653.0,0.9,-0.5,0.044,30066.0,0.3,20.0,1.7,1.7,0.006,3.35,-1.04,1.96,12.3,7.5,0.0078,23,39,-21,9,999.9,356,-235,121,1.1,0.006837,999999.99,99999.99,99999.99,99999.99,99999.99,99999.99,0,2004-12-17 18:00:00
2004,352,19,2339,51,52,60,37,5.3,3.8,37.0,264.9,-0.3,-3.0,2.3,-3.2,2.0,0.1,3.5,1.1,2.2,2.4,179950.0,4.0,669.0,-0.1,-0.3,0.041,17770.0,0.3,9.0,1.5,1.8,0.004,3.48,-1.34,1.83,12.6,7.9,0.0075,23,39,-21,9,999.9,246,-148,98,0.6,0.006837,999999.99,99999.99,99999.99,99999.99,99999.99,99999.99,0,2004-12-17 19:00:00
2004,352,20,2339,51,52,57,35,5.1,3.3,33.9,280.7,0.5,-2.7,1.9,-2.9,1.5,0.3,3.6,1.7,2.3,2.2,175209.0,3.7,661.0,0.3,-0.1,0.039,29187.0,0.3,16.0,1.8,1.9,0.004,3.12,-0.99,1.8,12.5,7.8,0.0077,23,39,-19,9,999.9,92,-42,50,0.2,0.006837,999999.99,99999.99,99999.99,99999.99,99999.99,99999.99,0,2004-12-17 20:00:00
2004,352,21,2339,51,52,60,34,5.2,2.3,60.7,289.1,0.4,-1.1,2.0,-1.4,1.8,0.5,4.5,2.5,3.0,2.1,155248.0,3.5,662.0,1.4,-0.4,0.039,28231.0,0.4,19.0,2.2,2.0,0.006,2.96,-1.19,1.53,11.9,7.8,0.0084,33,39,-17,18,999.9,161,-65,96,0.8,0.006837,999999.99,99999.99,99999.99,99999.99,99999.99,99999.99,0,2004-12-17 21:00:00
2004,352,22,2339,51,52,60,35,4.8,4.0,-31.2,31.0,2.9,1.7,-2.0,2.0,-1.7,0.2,2.6,0.7,1.1,2.2,167310.0,3.8,642.0,3.3,-2.9,0.039,15227.0,0.2,8.0,1.1,1.7,0.003,3.02,1.09,2.03,13.0,7.9,0.007,33,39,-15,18,999.9,189,-116,72,0.6,0.006837,999999.99,99999.99,99999.99,99999.99,99999.99,99999.99,0,2004-12-17 22:00:00
2004,352,23,2339,51,52,60,37,4.9,4.6,-49.3,5.3,3.0,0.3,-3.5,0.9,-3.4,0.2,1.5,0.6,1.2,0.7,165285.0,3.9,637.0,2.2,-3.6,0.039,11867.0,0.3,5.0,0.9,0.5,0.003,3.06,2.17,1.98,12.8,7.8,0.0072,33,39,-17,18,999.9,224,-145,79,0.9,0.006837,999999.99,99999.99,99999.99,99999.99,99999.99,99999.99,0,2004-12-17 23:00:00
2004,353,0,2339,51,52,59,35,4.6,3.0,11.2,329.5,2.6,-1.5,0.6,-1.6,0.4,0.2,3.4,1.0,1.6,2.8,176528.0,3.7,631.0,1.2,-1.0,0.047,13239.0,0.2,9.0,1.1,1.9,0.004,2.92,-0.25,2.22,13.2,7.7,0.0068,43,34,-14,32,999.9,330,-246,84,2.6,0.006889,999999.99,99999.99,99999.99,99999.99,99999.99,99999.99,0,2004-12-18 00:00:00
2004,353,1,2339,51,52,62,38,5.0,3.6,-31.9,318.1,2.3,-2.0,-1.9,-1.7,-2.1,0.2,3.3,1.3,1.8,2.4,180822.0,3.9,633.0,1.0,-2.5,0.044,17053.0,0.4,11.0,1.5,1.7,0.005,3.07,1.33,2.01,12.5,7.6,0.0076,43,34,-15,32,999.9,317,-224,94,2.5,0.006889,999999.99,99999.99,99999.99,99999.99,99999.99,99999.99,0,2004-12-18 01:00:00
2004,353,2,2339,51,52,59,35,5.3,4.4,-55.1,345.3,2.4,-0.6,-3.6,-0.3,-3.6,0.3,2.7,1.1,1.3,2.1,177675.0,4.1,635.0,2.2,-3.3,0.042,19844.0,0.3,10.0,1.1,1.6,0.007,3.22,2.29,1.86,12.1,7.5,0.0081,43,34,-19,32,999.9,429,-270,159,3.8,0.006889,999999.99,99999.99,99999.99,99999.99,99999.99,99999.99,0,2004-12-18 02:00:00
2004,353,3,2339,51,52,61,34,6.0,5.2,19.9,252.7,-1.5,-4.7,1.8,-4.8,1.6,0.2,2.9,1.5,1.1,2.3,155638.0,4.0,651.0,-0.5,0.1,0.038,19994.0,0.3,13.0,0.7,1.7,0.004,3.26,-1.04,1.31,10.8,7.4,0.0101,37,34,-18,22,999.9,463,-237,226,2.1,0.006889,999999.99,99999.99,99999.99,99999.99,99999.99,99999.99,0,2004-12-18 03:00:00
2004,353,4,2339,51,52,57,34,5.6,4.5,10.5,285.5,1.2,-4.3,0.8,-4.3,0.9,0.2,3.1,1.1,1.4,2.5,176708.0,4.0,630.0,-0.5,-0.5,0.041,17286.0,0.4,8.0,1.1,1.5,0.004,3.09,-0.57,1.62,11.2,7.3,0.0094,37,34,-12,22,999.9,158,-30,128,1.0,0.006889,0.85,0.4,0.36,0.33,0.32,0.32,-1,2004-12-18 04:00:00
2004,353,5,2339,51,52,59,34,5.3,4.4,8.5,336.8,4.0,-1.7,0.7,-1.6,0.8,0.1,2.7,1.0,1.8,1.8,181815.0,3.9,606.0,1.1,-0.8,0.042,33473.0,0.3,10.0,1.5,1.3,0.004,2.79,-0.48,1.79,11.3,7.1,0.0093,37,34,-8,22,999.9,100,-14,86,0.4,0.006889,0.46,0.31,0.27,0.25,0.24,0.24,-1,2004-12-18 05:00:00
2004,353,6,2339,51,52,62,33,5.5,4.6,-7.6,305.8,2.7,-3.7,-0.6,-3.7,-0.2,0.2,2.8,2.2,1.5,1.0,169312.0,3.7,612.0,-0.8,-0.5,0.039,21534.0,0.3,17.0,1.0,1.0,0.004,2.68,0.12,1.51,10.7,7.0,0.0104,23,34,-5,9,999.9,90,-10,80,0.2,0.006889,0.48,0.37,0.32,0.29,0.28,0.27,-1,2004-12-18 06:00:00
2004,353,7,2339,51,52,59,33,5.7,5.2,-19.6,303.6,2.7,-4.1,-1.8,-4.3,-1.1,0.2,1.9,1.1,1.1,1.0,164430.0,3.9,610.0,-0.9,-1.5,0.037,22962.0,0.4,11.0,0.9,1.3,0.004,2.78,0.67,1.46,10.6,7.0,0.0107,23,34,-5,9,999.9,173,-93,80,0.5,0.006889,0.6,0.46,0.41,0.38,0.35,0.32,-1,2004-12-18 07:00:00
2004,353,8,2339,51,52,59,33,5.6,5.2,-18.3,326.3,4.1,-2.8,-1.7,-3.1,-1.1,0.1,1.8,0.8,1.0,1.3,155841.0,4.1,594.0,-0.6,-1.1,0.028,15379.0,0.4,9.0,0.9,1.3,0.002,2.69,0.65,1.55,10.7,7.0,0.0103,23,34,-6,9,999.9,219,-121,98,1.1,0.006889,0.58,0.47,0.42,0.38,0.35,0.32,-1,2004-12-18 08:00:00
2004,353,9,2339,51,52,63,36,4.5,3.1,7.7,295.4,1.3,-2.8,0.4,-2.7,1.0,0.9,3.2,2.4,1.8,1.3,217384.0,3.8,618.0,0.6,0.5,0.037,68982.0,0.7,23.0,1.2,1.6,0.008,2.78,-0.62,2.7,13.4,7.3,0.0066,20,34,-7,7,999.9,269,-190,79,2.1,0.006889,0.41,0.32,0.28,0.26,0.25,0.25,-1,2004-12-18 09:00:00
2004,353,10,2339,51,52,57,33,5.1,3.8,-37.4,351.8,3.0,-0.4,-2.3,-0.9,-2.2,0.2,3.2,1.1,2.9,0.9,228608.0,3.8,613.0,2.3,-0.3,0.041,25312.0,0.3,8.0,1.8,0.7,0.005,2.78,1.35,2.17,11.7,6.9,0.0087,20,34,-14,7,999.9,252,-158,94,1.6,0.006889,0.47,0.35,0.32,0.3,0.28,0.28,-1,2004-12-18 10:00:00
2004,353,11,2339,51,52,58,35,5.5,4.4,-16.1,320.5,3.2,-2.7,-1.2,-2.9,-0.6,0.4,3.2,1.8,1.8,2.0,216871.0,3.6,597.0,1.0,0.4,0.039,28407.0,0.4,9.0,0.9,1.2,0.006,2.48,0.36,1.71,10.3,6.5,0.0112,20,34,-12,7,999.9,398,-240,159,1.8,0.006889,0.49,0.39,0.36,0.32,0.31,0.3,-1,2004-12-18 11:00:00
2004,353,12,2339,51,52,60,33,5.5,5.0,-11.9,7.5,4.9,0.6,-1.0,0.4,-1.1,0.3,2.2,0.5,2.0,0.8,178213.0,3.8,588.0,2.4,0.1,0.027,15675.0,0.3,5.0,2.0,0.7,0.005,2.43,0.65,1.6,10.4,6.7,0.011,30,34,-13,15,999.9,396,-233,163,2.2,0.006889,0.45,0.36,0.32,0.3,0.29,0.28,-1,2004-12-18 12:00:00
2004,353,13,2339,51,52,64,39,5.8,4.7,-8.0,327.1,3.9,-2.5,-0.6,-2.6,-0.2,0.6,3.4,2.0,1.4,2.3,173480.0,2.7,598.0,0.6,-0.3,0.052,61355.0,0.5,22.0,1.6,1.8,0.012,1.95,0.12,1.01,8.5,6.2,0.0166,30,34,-17,15,999.9,338,-280,58,1.6,0.006889,0.56,0.46,0.4,0.36,0.34,0.3,-1,2004-12-18 13:00:00
2004,353,14,2339,51,52,57,35,5.5,4.7,2.9,321.8,3.7,-2.9,0.2,-2.9,0.6,0.3,2.8,2.0,0.8,1.6,197372.0,3.2,601.0,2.4,-0.4,0.06,20885.0,0.3,9.0,0.5,1.3,0.005,2.39,-0.36,1.43,9.8,6.5,0.0125,30,34,-13,15,999.9,482,-346,136,2.3,0.006889,0.49,0.37,0.32,0.29,0.27,0.27,-1,2004-12-18 14:00:00
2004,353,15,2339,51,52,61,37,4.4,4.1,-8.3,352.7,4.0,-0.5,-0.6,-0.5,-0.6,0.5,1.7,1.0,1.0,0.8,161570.0,2.5,601.0,2.1,-1.3,0.045,37759.0,0.3,10.0,0.6,0.6,0.011,1.78,0.36,1.56,10.8,7.0,0.0102,20,34,-13,7,999.9,136,-53,83,1.1,0.006889,0.47,0.37,0.33,0.3,0.29,0.27,-1,2004-12-18 15:00:00
2004,353,16,2339,51,52,59,37,4.1,4.0,8.3,336.5,3.6,-1.6,0.6,-1.6,0.7,0.1,1.0,0.4,0.8,0.4,109111.0,2.4,601.0,2.4,-1.1,0.042,27524.0,0.1,4.0,0.7,0.4,0.003,1.69,-0.42,1.41,11.4,7.6,0.0092,20,34,-12,7,999.9,69,-27,42,0.4,0.006889,0.43,0.33,0.3,0.28,0.26,0.24,-1,2004-12-18 16:00:00
2004,353,17,2339,51,52,61,37,4.0,3.7,1.6,339.9,3.5,-1.3,0.1,-1.3,0.1,0.3,1.5,0.9,1.0,0.6,124899.0,2.2,585.0,2.3,-1.0,0.051,19655.0,0.2,7.0,0.7,0.3,0.009,1.51,-0.06,1.45,10.8,7.2,0.0101,20,34,-11,7,999.9,71,-53,18,0.4,0.006889,0.47,0.31,0.26,0.23,0.21,0.21,-1,2004-12-18 17:00:00
2004,353,18,2339,51,52,60,37,3.5,2.7,7.2,321.8,2.1,-1.6,0.3,-1.6,0.2,0.6,2.3,1.9,1.2,0.6,137055.0,1.9,577.0,1.6,-0.6,0.06,17793.0,0.2,12.0,0.9,0.5,0.006,1.31,-0.12,1.71,11.4,7.2,0.0092,20,34,-13,7,999.9,66,-45,20,0.3,0.006889,999999.99,99999.99,99999.99,99999.99,99999.99,99999.99,0,2004-12-18 18:00:00
2004,353,19,2339,51,52,56,33,3.2,2.6,2.6,257.9,-0.5,-2.5,0.1,-2.5,-0.2,0.1,1.9,1.7,0.4,0.7,147832.0,2.2,586.0,1.4,-0.7,0.051,13745.0,0.1,18.0,0.5,0.8,0.003,1.52,0.12,2.47,13.6,7.7,0.0064,20,34,-13,7,999.9,106,-60,46,0.4,0.006889,999999.99,99999.99,99999.99,99999.99,99999.99,99999.99,0,2004-12-18 19:00:00
2004,353,20,2339,51,52,58,36,3.7,3.4,10.6,327.9,2.8,-1.8,0.6,-1.9,0.4,0.3,1.3,0.8,0.8,0.6,127381.0,1.9,546.0,1.5,0.0,0.045,24252.0,0.4,15.0,0.9,0.7,0.01,1.12,-0.22,1.48,10.2,6.7,0.0115,20,34,-12,7,999.9,153,-122,31,0.5,0.006889,999999.99,99999.99,99999.99,99999.99,99999.99,99999.99,0,2004-12-18 20:00:00
2004,353,21,2339,51,52,59,34,4.1,4.0,1.9,316.0,2.9,-2.8,0.1,-2.8,-0.3,0.1,0.9,0.5,0.4,0.6,108308.0,1.6,529.0,-0.8,-0.3,0.041,17690.0,0.2,7.0,0.5,0.9,0.006,0.87,0.16,0.94,8.2,6.1,0.0179,7,34,-14,3,999.9,78,-47,32,0.2,0.006889,999999.99,99999.99,99999.99,99999.99,99999.99,99999.99,0,2004-12-18 21:00:00
2004,353,22,2339,51,52,60,35,3.9,3.8,-3.5,323.1,3.0,-2.3,-0.2,-2.2,-0.6,0.1,0.9,0.4,0.4,0.7,121734.0,1.8,526.0,-0.1,-0.9,0.04,9363.0,0.2,4.0,0.8,1.0,0.006,0.96,0.32,1.23,9.0,6.3,0.0145,7,34,-18,3,999.9,79,-58,21,0.2,0.006889,999999.99,99999.99,99999.99,99999.99,99999.99,99999.99,0,2004-12-18 22:00:00
2004,353,23,2339,51,52,60,35,3.9,3.7,2.5,321.1,2.9,-2.3,0.2,-2.3,-0.2,0.2,1.1,0.4,0.4,1.0,119803.0,1.9,525.0,0.5,-0.4,0.046,12113.0,0.2,5.0,0.9,1.2,0.005,1.04,0.1,1.29,9.3,6.4,0.0138,7,34,-18,3,999.9,97,-70,27,0.6,0.006889,999999.99,99999.99,99999.99,99999.99,99999.99,99999.99,0,2004-12-18 23:00:00
2004,354,0,2339,51,52,59,35,3.7,3.7,16.3,328.1,3.0,-1.9,1.0,-2.0,0.7,0.1,0.7,0.3,0.4,0.4,108866.0,1.9,516.0,1.1,0.6,0.042,7224.0,0.1,6.0,0.5,0.6,0.005,0.99,-0.36,1.37,9.6,6.5,0.0129,13,19,-18,5,999.9,72,-45,27,0.4,0.006953,999999.99,99999.99,99999.99,99999.99,99999.99,99999.99,0,2004-12-19 00:00:00
2004,354,1,2339,51,52,59,36,3.4,3.2,13.9,295.1,1.3,-2.8,0.8,-2.9,0.4,0.1,1.2,0.9,0.5,0.7,108989.0,2.2,514.0,-0.2,1.0,0.048,8273.0,0.1,6.0,0.3,0.8,0.004,1.16,-0.21,1.88,11.2,6.9,0.0095,13,19,-15,5,999.9,30,-2,28,0.1,0.006953,999999.99,99999.99,99999.99,99999.99,99999.99,99999.99,0,2004-12-19 01:00:00
2004,354,2,2339,51,52,59,36,3.5,3.1,11.9,315.0,2.2,-2.2,0.6,-2.2,0.4,0.1,1.5,0.7,0.7,1.1,107152.0,2.2,504.0,0.5,0.9,0.053,9052.0,0.2,5.0,0.6,0.9,0.006,1.13,-0.2,1.76,10.7,6.7,0.0104,13,19,-15,5,999.9,35,-4,32,-0.1,0.006953,999999.99,99999.99,99999.99,99999.99,99999.99,99999.99,0,2004-12-19 02:00:00
2004,354,3,2339,51,52,58,35,3.6,3.1,26.8,308.8,1.7,-2.2,1.4,-2.3,1.3,0.1,1.7,0.4,1.3,1.0,96567.0,2.3,500.0,0.5,1.7,0.055,6551.0,0.1,4.0,1.1,1.0,0.007,1.17,-0.65,1.66,10.5,6.7,0.0107,7,19,-15,3,999.9,35,-3,31,0.2,0.006953,999999.99,99999.99,99999.99,99999.99,99999.99,99999.99,0,2004-12-19 03:00:00
2004,354,4,2339,51,52,61,35,4.0,3.6,12.9,313.4,2.4,-2.6,0.8,-2.6,0.8,0.1,1.7,0.6,0.6,1.5,99467.0,2.3,494.0,0.3,2.1,0.066,8228.0,0.2,3.0,0.4,1.1,0.006,1.18,-0.4,1.36,9.4,6.3,0.0136,7,19,-13,3,999.9,27,-2,25,0.1,0.006953,999999.99,99999.99,99999.99,99999.99,99999.99,99999.99,0,2004-12-19 04:00:00
2004,354,5,2339,51,52,58,35,4.1,3.7,-34.8,308.0,1.9,-2.4,-2.1,-2.5,-2.0,0.2,1.7,0.9,0.9,1.1,94129.0,2.3,491.0,0.2,-0.0,0.063,17126.0,0.2,8.0,0.8,0.7,0.008,1.16,0.98,1.27,9.1,6.3,0.0144,7,19,-12,3,999.9,42,-6,37,0.1,0.006953,999999.99,99999.99,99999.99,99999.99,99999.99,99999.99,0,2004-12-19 05:00:00
2004,354,6,2339,51,52,60,34,3.2,3.0,-11.2,337.5,2.7,-1.1,-0.6,-1.2,-0.5,0.3,0.9,0.2,0.6,0.7,97453.0,2.7,487.0,1.0,0.8,0.073,7767.0,0.2,2.0,0.4,0.8,0.004,1.38,0.24,2.48,12.5,7.1,0.0076,10,19,-14,4,999.9,62,-12,50,0.2,0.006953,999999.99,99999.99,99999.99,99999.99,99999.99,99999.99,0,2004-12-19 06:00:00
2004,354,7,2339,51,52,61,37,2.9,2.5,-13.0,330.3,2.1,-1.2,-0.6,-1.3,-0.4,0.2,1.5,0.8,1.0,0.7,91993.0,3.0,485.0,0.7,0.9,0.068,5860.0,0.2,3.0,0.6,0.5,0.004,1.5,0.19,3.27,14.5,7.4,0.0057,10,19,-13,4,999.9,91,-18,73,0.4,0.006953,0.57,0.43,0.39,0.37,0.35,0.34,-1,2004-12-19 07:00:00
2004,354,8,2339,51,52,59,36,2.7,2.3,13.3,280.7,0.4,-2.2,0.5,-2.1,0.9,0.3,1.3,0.9,0.7,0.7,87625.0,3.3,484.0,0.4,0.7,0.066,11441.0,0.3,3.0,0.5,0.7,0.008,1.63,-0.44,4.07,16.3,7.7,0.0045,10,19,-10,4,999.9,82,-8,74,0.1,0.006953,0.54,0.4,0.35,0.32,0.29,0.26,-1,2004-12-19 08:00:00
2004,354,9,2339,51,52,60,35,2.7,2.3,-2.1,270.0,0.0,-2.3,-0.1,-2.3,0.4,0.2,1.3,1.1,0.6,0.3,85853.0,3.6,482.0,0.0,0.4,0.062,12511.0,0.3,3.0,0.3,0.7,0.007,1.74,-0.19,4.4,16.9,7.7,0.0041,7,19,-8,3,999.9,83,-24,59,0.1,0.006953,0.48,0.35,0.31,0.28,0.27,0.26,-1,2004-12-19 09:00:00
2004,354,10,2339,51,52,59,34,2.7,2.3,6.4,300.5,1.2,-2.0,0.3,-1.9,0.7,0.3,1.5,1.2,0.8,0.4,80471.0,3.6,477.0,0.1,0.7,0.064,7438.0,0.3,4.0,0.3,0.6,0.007,1.72,-0.33,4.29,16.8,7.7,0.0042,7,19,-7,3,999.9,77,-18,60,-0.0,0.006953,0.49,0.37,0.34,0.3,0.29,0.27,-1,2004-12-19 10:00:00
2004,354,11,2339,51,52,59,35,3.3,2.7,-7.5,241.4,-1.3,-2.3,-0.4,-2.3,0.1,0.2,1.8,1.3,0.9,0.8,69274.0,3.7,481.0,0.2,0.1,0.059,6058.0,0.3,7.0,0.5,0.8,0.01,1.77,-0.05,2.79,14.0,7.6,0.0061,7,19,-7,3,999.9,126,-59,68,0.4,0.006953,0.48,0.37,0.34,0.31,0.29,0.28,-1,2004-12-19 11:00:00
2004,354,12,2339,51,52,58,35,2.9,2.6,-29.5,252.9,-0.7,-2.2,-1.3,-2.4,-0.9,0.4,1.1,1.0,0.5,0.3,64907.0,4.0,472.0,-0.2,-0.4,0.06,4812.0,0.3,4.0,0.3,0.4,0.007,1.85,0.42,3.82,16.3,7.8,0.0045,0,19,-8,0,999.9,87,-34,54,0.7,0.006953,0.47,0.37,0.34,0.31,0.3,0.3,-1,2004-12-19 12:00:00
2004,354,13,2339,51,52,60,36,2.9,2.4,13.8,310.0,1.5,-1.8,0.6,-1.7,0.9,0.6,1.7,0.9,0.8,1.3,73106.0,3.9,460.0,0.3,0.9,0.063,9777.0,0.4,5.0,0.6,0.9,0.006,1.73,-0.41,3.89,15.7,7.5,0.0048,0,19,-9,0,999.9,50,-12,38,0.3,0.006953,0.48,0.37,0.34,0.31,0.29,0.27,-1,2004-12-19 13:00:00
2004,354,14,2339,51,52,58,33,3.5,3.4,2.8,304.2,1.9,-2.8,0.2,-2.8,0.5,0.3,0.6,0.3,0.4,0.3,67715.0,3.4,455.0,-0.4,0.9,0.058,7110.0,0.2,3.0,0.5,0.5,0.009,1.45,-0.23,2.26,12.0,7.0,0.0083,0,19,-8,0,999.9,19,-6,13,0.2,0.006953,0.5,0.37,0.33,0.3,0.29,0.28,-1,2004-12-19 14:00:00
2004,354,15,2339,51,52,59,36,4.0,3.9,7.3,312.6,2.6,-2.9,0.5,-2.9,0.7,0.2,0.6,0.4,0.3,0.3,58196.0,2.9,442.0,-0.5,1.4,0.055,6179.0,0.3,5.0,0.4,0.6,0.007,1.15,-0.31,1.41,9.4,6.3,0.0134,0,19,-7,0,999.9,16,-6,11,0.2,0.006953,0.48,0.37,0.33,0.3,0.29,0.29,-1,2004-12-19 15:00:00
2004,354,16,2339,51,52,59,35,4.0,4.0,7.6,317.4,2.9,-2.7,0.5,-2.7,0.6,0.1,0.6,0.2,0.3,0.5,51882.0,2.8,437.0,-0.2,1.3,0.051,7359.0,0.2,3.0,0.4,0.6,0.007,1.08,-0.26,1.31,9.1,6.3,0.0142,0,19,-7,0,999.9,18,-7,11,0.2,0.006953,0.43,0.33,0.3,0.27,0.26,0.25,-1,2004-12-19 16:00:00
2004,354,17,2339,51,52,58,36,3.7,3.6,1.9,327.4,3.1,-2.0,0.1,-2.0,0.1,0.1,0.7,0.3,0.5,0.5,55565.0,2.8,429.0,-0.0,0.9,0.049,4261.0,0.2,6.0,0.5,0.6,0.005,1.03,-0.04,1.56,9.7,6.3,0.0126,0,19,-8,0,999.9,38,-21,17,0.2,0.006953,0.46,0.37,0.33,0.31,0.3,0.3,-1,2004-12-19 17:00:00
2004,354,18,2339,51,52,60,34,3.3,2.7,24.0,292.3,0.9,-2.3,1.1,-2.4,0.9,0.2,1.8,1.0,0.7,1.3,47043.0,3.8,425.0,-1.5,1.7,0.046,5718.0,0.4,4.0,0.5,0.9,0.006,1.36,-0.38,2.55,12.6,7.0,0.0075,7,19,-8,3,999.9,68,-53,15,0.4,0.006953,999999.99,99999.99,99999.99,99999.99,99999.99,99999.99,0,2004-12-19 18:00:00
2004,354,19,2339,51,52,61,37,3.3,2.8,12.9,290.1,0.9,-2.6,0.6,-2.6,0.3,0.1,1.6,1.2,0.4,1.0,41367.0,4.3,421.0,-1.3,1.1,0.047,10438.0,0.5,6.0,0.3,0.9,0.009,1.51,-0.13,2.79,13.2,7.2,0.0068,7,19,-7,3,999.9,56,-41,15,0.3,0.006953,999999.99,99999.99,99999.99,99999.99,99999.99,99999.99,0,2004-12-19 19:00:00
2004,354,20,2339,51,52,59,36,3.9,3.5,66.7,267.6,-0.1,-1.4,3.2,-1.8,3.0,0.2,1.7,0.3,1.5,0.7,34999.0,4.9,424.0,-0.5,2.7,0.04,3556.0,0.3,2.0,0.8,0.4,0.003,1.71,-1.27,2.19,12.0,7.1,0.0082,7,19,-5,3,999.9,32,-16,16,-0.0,0.006953,999999.99,99999.99,99999.99,99999.99,99999.99,99999.99,0,2004-12-19 20:00:00
2004,354,21,2339,51,52,59,37,3.8,3.4,44.0,298.5,1.2,-2.1,2.3,-2.5,1.9,0.2,1.7,1.0,1.1,0.9,44802.0,5.7,418.0,-0.8,2.3,0.046,5286.0,0.3,5.0,1.5,0.6,0.005,1.97,-0.79,2.84,13.1,7.1,0.0069,7,19,-5,3,999.9,18,-4,14,-0.1,0.006953,999999.99,99999.99,99999.99,99999.99,99999.99,99999.99,0,2004-12-19 21:00:00
2004,354,22,2339,51,52,60,37,4.0,3.0,-26.4,349.0,2.6,-0.5,-1.3,-0.3,-1.4,0.2,2.7,0.6,2.5,0.6,52600.0,6.2,412.0,0.2,0.6,0.049,5532.0,0.3,3.0,1.3,0.4,0.004,2.1,0.58,2.92,12.8,6.8,0.0072,7,19,-7,3,999.9,21,-4,17,-0.2,0.006953,999999.99,99999.99,99999.99,99999.99,99999.99,99999.99,0,2004-12-19 22:00:00
2004,354,23,2339,51,52,59,36,4.3,4.1,-27.7,49.6,2.3,2.8,-1.9,3.1,-1.4,0.2,1.4,0.5,0.8,1.0,48779.0,6.1,410.0,0.9,0.6,0.053,3426.0,0.3,3.0,0.6,0.4,0.004,2.08,0.57,2.43,11.8,6.7,0.0086,7,19,-7,3,999.9,35,-14,20,0.1,0.006953,999999.99,99999.99,99999.99,99999.99,99999.99,99999.99,0,2004-12-19 23:00:00
2004,355,0,2339,51,52,61,36,4.5,3.2,0.0,54.4,1.9,2.6,0.0,2.6,0.4,0.3,3.0,1.1,1.3,2.5,49292.0,6.3,409.0,1.3,1.4,0.057,4320.0,0.3,5.0,0.7,1.0,0.006,2.16,-0.16,2.3,11.4,6.6,0.0091,23,18,-6,9,999.9,22,-8,15,0.0,0.006978,999999.99,99999.99,99999.99,99999.99,99999.99,99999.99,0,2004-12-20 00:00:00
2004,355,1,2339,51,52,57,34,4.4,3.3,48.8,68.3,0.8,2.0,2.5,1.6,2.8,0.3,2.7,1.4,1.2,2.1,49351.0,5.8,409.0,0.8,2.6,0.064,6362.0,0.6,7.0,0.5,1.2,0.007,2.04,-1.15,2.21,11.2,6.6,0.0095,23,18,-4,9,999.9,31,-8,23,0.0,0.006978,999999.99,99999.99,99999.99,99999.99,99999.99,99999.99,0,2004-12-20 01:00:00
2004,355,2,2339,51,52,60,35,4.0,3.5,-21.1,61.6,1.5,2.8,-1.2,2.9,-0.9,0.1,2.0,0.9,1.2,1.3,52326.0,5.4,403.0,1.6,0.6,0.064,6305.0,0.5,4.0,0.7,0.8,0.01,1.84,0.36,2.54,11.7,6.6,0.0087,23,18,-5,9,999.9,97,-60,37,1.1,0.006978,999999.99,99999.99,99999.99,99999.99,99999.99,99999.99,0,2004-12-20 02:00:00
2004,355,3,2339,51,52,62,38,3.4,2.4,25.3,70.9,0.7,2.1,1.0,2.0,1.1,0.6,2.3,1.8,0.9,1.2,56889.0,5.4,407.0,0.6,1.8,0.074,7777.0,0.5,7.0,0.6,0.8,0.014,1.94,-0.45,3.6,13.9,6.9,0.0061,7,18,-6,3,999.9,28,-5,23,0.5,0.006978,999999.99,99999.99,99999.99,99999.99,99999.99,99999.99,0,2004-12-20 03:00:00
2004,355,4,2339,51,52,60,36,3.2,2.3,59.8,115.2,-0.5,1.1,2.0,1.1,2.0,0.2,2.0,1.6,1.1,0.7,55235.0,5.4,409.0,0.4,2.9,0.077,10436.0,0.8,7.0,0.7,0.8,0.018,1.97,-0.82,4.03,14.9,7.0,0.0054,7,18,-4,3,999.9,32,-1,31,-0.0,0.006978,999999.99,99999.99,99999.99,99999.99,99999.99,99999.99,0,2004-12-20 04:00:00
2004,355,5,2339,51,52,59,36,3.1,2.6,62.0,275.9,0.1,-1.2,2.3,-1.1,2.4,0.3,1.7,0.9,1.3,0.6,53442.0,5.7,402.0,-0.6,3.1,0.076,9200.0,0.8,5.0,1.2,0.8,0.016,2.01,-0.96,4.49,15.5,7.0,0.005,7,18,1,3,999.9,23,1,24,-0.4,0.006978,999999.99,99999.99,99999.99,99999.99,99999.99,99999.99,0,2004-12-20 05:00:00
2004,355,6,2339,51,52,59,33,3.5,3.1,25.8,276.2,0.3,-2.7,1.3,-2.6,1.6,0.4,1.5,1.0,0.8,0.9,52861.0,5.8,397.0,-1.3,2.4,0.075,10046.0,0.6,5.0,0.7,0.9,0.009,1.98,-0.64,3.57,13.7,6.8,0.0064,10,18,0,4,999.9,29,-2,27,-0.4,0.006978,999999.99,99999.99,99999.99,99999.99,99999.99,99999.99,0,2004-12-20 06:00:00
2004,355,7,2339,51,52,61,36,3.4,2.9,33.9,248.1,-0.9,-2.3,1.6,-2.0,1.9,0.5,1.7,1.3,0.8,0.8,45059.0,5.7,398.0,-0.7,2.6,0.068,7233.0,0.4,4.0,0.6,0.8,0.011,1.92,-0.76,3.56,14.0,6.9,0.0061,10,18,-3,4,999.9,93,-41,52,0.1,0.006978,999999.99,99999.99,99999.99,99999.99,99999.99,99999.99,0,2004-12-20 07:00:00
2004,355,8,2339,51,52,58,36,3.6,3.0,14.0,263.1,-0.3,-2.9,0.7,-2.7,1.2,0.4,2.0,1.3,0.8,1.2,49128.0,5.4,396.0,-0.7,2.1,0.071,8168.0,0.7,5.0,0.8,1.0,0.014,1.82,-0.48,3.08,12.8,6.7,0.0073,10,18,-1,4,999.9,105,-72,33,-0.1,0.006978,999999.99,99999.99,99999.99,99999.99,99999.99,99999.99,0,2004-12-20 08:00:00
2004,355,9,2339,51,52,58,34,3.5,2.9,-3.4,319.6,2.2,-1.9,-0.2,-1.9,0.2,0.2,1.9,1.0,1.1,1.1,61316.0,5.4,388.0,0.2,1.8,0.08,29183.0,0.7,4.0,0.7,1.0,0.015,1.79,-0.08,3.48,12.9,6.4,0.0072,10,18,2,4,999.9,88,-52,36,0.0,0.006978,0.39,0.32,0.3,0.29,0.27,0.25,-1,2004-12-20 09:00:00
2004,355,10,2339,51,52,61,36,3.8,2.6,-0.7,12.5,2.5,0.6,0.0,0.6,-0.1,0.2,2.7,0.8,1.8,1.9,50716.0,6.2,390.0,1.2,1.4,0.071,4952.0,0.4,4.0,1.2,1.8,0.004,2.02,0.04,3.2,12.8,6.6,0.0073,10,18,2,4,999.9,70,-32,39,0.4,0.006978,0.4,0.31,0.29,0.27,0.27,0.27,-1,2004-12-20 10:00:00
2004,355,11,2339,51,52,61,36,4.3,3.3,26.7,336.0,2.7,-1.2,1.5,-0.9,1.7,0.3,2.7,0.6,1.6,2.1,59122.0,5.5,391.0,0.2,2.2,0.081,24325.0,0.8,5.0,1.4,1.4,0.016,1.86,-0.66,2.32,10.7,6.2,0.0105,10,18,-2,4,999.9,86,-50,35,0.3,0.006978,0.43,0.34,0.31,0.28,0.27,0.27,-1,2004-12-20 11:00:00
2004,355,12,2339,51,52,63,39,3.2,2.2,28.9,26.7,1.7,0.9,1.1,1.1,0.9,1.0,2.4,1.5,0.9,1.7,54958.0,5.5,391.0,1.1,2.3,0.069,7520.0,0.8,9.0,0.7,1.3,0.01,1.79,-0.35,4.1,14.3,6.7,0.0058,10,18,-4,4,999.9,60,-35,25,0.3,0.006978,0.42,0.34,0.31,0.29,0.28,0.27,-1,2004-12-20 12:00:00
2004,355,13,2339,51,52,57,35,2.4,1.6,-58.7,283.3,0.2,-0.8,-1.4,-1.0,-1.3,0.3,1.8,1.6,0.4,0.6,61299.0,6.1,399.0,0.4,1.1,0.075,6876.0,0.5,6.0,0.5,0.7,0.011,2.11,0.52,8.36,20.5,7.2,0.0028,10,18,-5,4,999.9,70,-43,27,0.3,0.006978,0.4,0.32,0.3,0.27,0.26,0.25,-1,2004-12-20 13:00:00
2004,355,14,2339,51,52,57,36,3.9,3.8,-27.5,351.9,3.3,-0.5,-1.7,-0.7,-1.6,0.4,0.9,0.5,0.6,0.3,54617.0,5.5,381.0,0.7,1.3,0.076,5003.0,0.7,3.0,0.5,0.8,0.013,1.74,0.61,2.75,11.5,6.2,0.0091,10,18,-2,4,999.9,81,-58,23,0.2,0.006978,0.39,0.31,0.29,0.27,0.26,0.26,-1,2004-12-20 14:00:00
2004,355,15,2339,51,52,63,38,3.3,2.9,-28.4,340.6,2.4,-0.9,-1.4,-1.0,-1.3,0.5,1.6,1.3,0.8,0.6,58077.0,6.0,383.0,0.5,1.8,0.072,4983.0,0.4,5.0,0.4,0.4,0.006,1.89,0.5,4.27,14.2,6.6,0.0059,3,18,-2,2,999.9,34,-15,19,0.3,0.006978,0.48,0.4,0.38,0.35,0.34,0.34,-1,2004-12-20 15:00:00
2004,355,16,2339,51,52,60,37,3.3,2.9,-60.4,310.3,0.9,-1.1,-2.5,-1.1,-2.5,0.3,1.6,1.1,1.0,0.7,50328.0,6.4,383.0,-0.3,-0.1,0.059,3236.0,0.4,5.0,1.4,0.6,0.006,1.94,0.96,4.37,14.7,6.7,0.0055,3,18,-3,2,999.9,68,-46,21,0.7,0.006978,999999.99,99999.99,99999.99,99999.99,99999.99,99999.99,0,2004-12-20 16:00:00
2004,355,17,2339,51,52,57,35,3.9,3.3,14.6,283.2,0.7,-3.1,0.8,-3.1,0.7,0.3,1.9,0.9,0.7,1.5,42596.0,6.4,381.0,-2.0,1.4,0.045,4626.0,0.3,6.0,0.7,1.1,0.012,1.83,-0.27,2.99,12.4,6.5,0.0078,3,18,-5,2,999.9,44,-21,22,0.4,0.006978,999999.99,99999.99,99999.99,99999.99,99999.99,99999.99,0,2004-12-20 17:00:00
2004,355,18,2339,51,52,58,36,4.3,4.1,34.9,314.6,2.4,-2.4,2.3,-2.6,2.1,0.1,1.2,0.6,0.8,0.6,36965.0,6.3,370.0,-2.1,2.4,0.03,2595.0,0.2,3.0,0.5,0.5,0.002,1.61,-0.78,2.34,10.8,6.2,0.0102,7,18,-5,3,999.9,38,-22,16,0.1,0.006978,999999.99,99999.99,99999.99,99999.99,99999.99,99999.99,0,2004-12-20 18:00:00
2004,355,19,2339,51,52,61,37,4.7,4.3,22.8,322.5,3.1,-2.4,1.7,-2.6,1.4,0.2,1.7,0.8,1.3,0.7,37288.0,6.8,367.0,-1.9,2.0,0.033,4998.0,0.7,4.0,0.8,0.6,0.005,1.73,-0.51,2.12,10.2,6.1,0.0115,7,18,-1,3,999.9,31,-10,21,0.0,0.006978,999999.99,99999.99,99999.99,99999.99,99999.99,99999.99,0,2004-12-20 19:00:00
2004,355,20,2339,51,52,60,34,4.6,4.4,-2.3,293.3,1.7,-4.0,-0.2,-3.9,-0.8,0.1,1.4,0.8,0.5,1.0,36155.0,7.6,371.0,-2.7,1.1,0.031,5749.0,0.8,3.0,0.5,0.7,0.005,1.96,0.3,2.46,11.1,6.3,0.0096,7,18,2,3,999.9,45,-15,30,0.2,0.006978,999999.99,99999.99,99999.99,99999.99,99999.99,99999.99,0,2004-12-20 20:00:00
2004,355,21,2339,51,52,57,26,4.4,3.8,8.2,300.2,1.9,-3.3,0.5,-3.3,-0.1,0.2,2.2,0.9,0.8,1.8,32537.0,7.7,366.0,-2.5,1.1,0.026,4098.0,0.5,5.0,0.6,1.1,0.004,1.9,0.04,2.66,11.5,6.4,0.0089,13,18,2,5,999.9,121,-97,25,0.6,0.006978,999999.99,99999.99,99999.99,99999.99,99999.99,99999.99,0,2004-12-20 21:00:00
2004,355,22,2339,51,52,60,36,4.3,4.0,-3.3,298.1,1.9,-3.5,-0.2,-3.4,-0.9,0.2,1.4,0.9,0.7,0.8,32203.0,8.3,361.0,-2.4,0.6,0.024,3322.0,0.6,4.0,0.5,0.6,0.003,1.98,0.32,3.0,12.1,6.4,0.0081,13,18,3,5,999.9,63,-39,24,0.3,0.006978,999999.99,99999.99,99999.99,99999.99,99999.99,99999.99,0,2004-12-20 22:00:00
2004,355,23,2339,51,52,63,27,4.2,3.7,-9.8,277.4,0.5,-3.7,-0.6,-3.5,-1.3,0.2,1.8,1.4,0.5,1.0,27616.0,9.0,359.0,-3.0,1.0,0.02,6390.0,0.7,5.0,0.4,0.4,0.004,2.09,0.47,3.31,12.8,6.5,0.0072,13,18,1,5,999.9,48,-19,29,0.0,0.006978,999999.99,99999.99,99999.99,99999.99,99999.99,99999.99,0,2004-12-20 23:00:00
2004,356,0,2339,51,52,60,31,4.3,4.0,-36.5,222.7,-2.4,-2.2,-2.4,-1.7,-2.8,0.3,1.4,0.7,0.8,0.9,24001.0,10.6,367.0,-3.0,0.5,0.015,2372.0,0.7,2.0,0.4,0.5,0.003,2.53,1.03,3.63,13.9,6.8,0.0062,20,24,0,7,97.7,53,-19,35,0.2,0.007188,999999.99,99999.99,99999.99,99999.99,99999.99,99999.99,0,2004-12-21 00:00:00
2004,356,1,2339,51,52,55,25,4.3,2.7,-16.0,309.2,1.7,-2.0,-0.8,-1.9,-1.1,0.2,3.3,2.8,0.7,1.6,25841.0,10.0,354.0,-3.4,0.7,0.014,3762.0,0.9,9.0,0.5,1.0,0.002,2.21,0.39,3.47,13.0,6.5,0.007,20,24,-5,7,97.7,79,-31,49,0.4,0.007188,999999.99,99999.99,99999.99,99999.99,99999.99,99999.99,0,2004-12-21 01:00:00
2004,356,2,2339,51,52,62,32,4.6,3.7,-9.5,315.3,2.6,-2.6,-0.6,-2.5,-0.9,0.3,2.6,1.2,0.9,2.1,26060.0,10.3,350.0,-4.2,0.1,0.012,2819.0,0.9,2.0,0.5,0.8,0.003,2.21,0.32,3.13,12.2,6.3,0.008,20,24,-9,7,97.7,108,-49,59,0.5,0.007188,999999.99,99999.99,99999.99,99999.99,99999.99,99999.99,0,2004-12-21 02:00:00
2004,356,3,2339,51,52,59,34,4.4,3.8,14.9,288.4,1.1,-3.4,1.0,-3.5,0.8,0.2,2.3,1.6,0.7,1.4,24776.0,10.9,352.0,-4.8,0.4,0.013,4108.0,1.2,4.0,0.4,1.0,0.002,2.37,-0.28,3.59,13.2,6.5,0.0068,7,24,-5,3,97.7,54,-9,45,0.4,0.007188,999999.99,99999.99,99999.99,99999.99,99999.99,99999.99,0,2004-12-21 03:00:00
2004,356,4,2339,51,52,62,34,5.1,4.9,4.4,298.5,2.4,-4.3,0.4,-4.3,0.3,0.3,1.4,0.4,0.3,1.2,23527.0,11.8,354.0,-5.9,0.7,0.012,2902.0,1.3,4.0,0.4,0.9,0.001,2.59,-0.11,2.87,11.9,6.4,0.0084,7,24,0,3,97.7,46,-1,44,-0.1,0.007188,999999.99,99999.99,99999.99,99999.99,99999.99,99999.99,0,2004-12-21 04:00:00
2004,356,5,2339,51,52,58,26,6.6,6.0,12.8,300.8,3.0,-5.1,1.3,-5.0,1.5,0.4,2.5,0.9,0.6,2.3,27024.0,14.2,359.0,-6.6,0.9,0.013,4756.0,1.6,6.0,0.5,1.1,0.002,3.22,-0.54,2.11,10.2,6.1,0.0113,7,24,7,3,97.7,50,0,50,-0.2,0.007188,999999.99,99999.99,99999.99,99999.99,99999.99,99999.99,0,2004-12-21 05:00:00
2004,356,6,2339,51,52,64,37,7.0,6.6,35.9,303.2,2.9,-4.5,3.9,-4.1,4.3,0.6,2.4,1.0,1.4,1.7,29621.0,18.4,363.0,-6.4,1.3,0.012,4324.0,4.5,8.0,0.7,1.3,0.002,4.24,-1.56,2.47,11.1,6.3,0.0096,30,24,15,15,97.7,53,3,55,-0.2,0.007188,999999.99,99999.99,99999.99,99999.99,99999.99,99999.99,0,2004-12-21 06:00:00
2004,356,7,2339,51,52,64,30,6.5,2.2,49.0,126.4,-0.9,1.2,1.7,1.4,1.5,1.5,6.2,2.3,4.7,3.3,29402.0,45.6,388.0,-5.6,-0.8,0.017,3557.0,9.4,6.0,1.0,0.7,0.004,12.24,-0.58,7.08,20.2,7.6,0.0029,30,24,33,15,97.7,87,8,95,0.4,0.007188,999999.99,99999.99,99999.99,99999.99,99999.99,99999.99,0,2004-12-21 07:00:00
2004,356,8,2339,51,52,62,31,12.6,10.5,16.2,106.5,-2.9,9.7,2.9,10.1,1.2,3.4,7.4,1.6,3.8,6.2,85603.0,24.0,403.0,-1.8,-3.3,0.043,45741.0,16.4,7.0,3.5,2.2,0.024,7.63,-0.48,1.35,7.8,5.3,0.0194,30,24,19,15,97.7,95,-16,79,1.3,0.007188,999999.99,99999.99,99999.99,99999.99,99999.99,99999.99,0,2004-12-21 08:00:00
2004,356,9,2339,51,52,61,34,12.7,11.8,-29.3,102.8,-2.3,10.0,-5.8,8.7,-7.6,0.5,4.6,1.6,2.1,3.7,153246.0,15.5,411.0,1.8,-3.9,0.063,18973.0,2.1,5.0,0.8,2.5,0.011,5.47,3.12,1.13,6.4,4.5,0.0293,43,24,9,32,97.7,167,-105,63,1.5,0.007188,999999.99,99999.99,99999.99,99999.99,99999.99,99999.99,0,2004-12-21 09:00:00
2004,356,10,2339,51,52,61,33,11.0,7.5,-70.3,81.4,0.4,2.5,-7.0,1.1,-7.4,3.2,8.4,1.7,6.1,5.5,173235.0,11.7,416.0,-1.0,-4.0,0.058,32378.0,2.1,7.0,2.0,3.0,0.01,4.17,3.08,1.21,6.5,4.5,0.0284,43,24,-8,32,97.7,677,-576,101,3.2,0.007188,999999.99,99999.99,99999.99,99999.99,99999.99,99999.99,0,2004-12-21 10:00:00
2004,356,11,2339,51,52,67,42,7.7,6.3,21.1,174.3,-5.9,0.6,2.3,1.0,2.1,1.0,4.3,2.9,2.5,1.9,161491.0,10.1,461.0,0.1,-1.3,0.048,17115.0,1.8,20.0,1.9,1.4,0.009,4.27,-0.97,2.05,9.5,5.7,0.0131,43,24,-13,32,97.7,454,-256,198,2.5,0.007188,999999.99,99999.99,99999.99,99999.99,99999.99,99999.99,0,2004-12-21 11:00:00
2004,356,12,2339,51,52,61,35,7.6,7.4,11.6,150.5,-6.3,3.6,1.5,3.8,0.9,0.8,1.8,1.3,0.8,1.0,128747.0,7.1,482.0,1.7,-2.2,0.051,15144.0,0.8,7.0,0.6,0.8,0.006,3.32,-0.43,1.31,8.4,5.8,0.0167,17,24,-10,6,97.7,74,-35,39,0.6,0.007188,999999.99,99999.99,99999.99,99999.99,99999.99,99999.99,0,2004-12-21 12:00:00
2004,356,13,2339,51,52,59,35,5.7,5.2,7.8,158.4,-4.8,1.9,0.7,2.0,0.4,0.6,2.3,0.6,1.6,1.5,130546.0,8.8,476.0,1.6,-2.4,0.069,18091.0,0.9,4.0,0.7,1.1,0.008,4.25,-0.19,2.92,12.4,6.6,0.0078,17,24,-4,6,97.7,41,-16,25,0.6,0.007188,999999.99,99999.99,99999.99,99999.99,99999.99,99999.99,0,2004-12-21 13:00:00
2004,356,14,2339,51,52,57,34,6.3,3.4,-19.2,123.5,-1.8,2.7,-1.1,2.6,-1.4,1.2,5.3,5.0,1.6,0.8,121744.0,8.7,464.0,1.7,-2.3,0.064,20411.0,1.3,13.0,0.7,0.9,0.012,3.93,0.65,2.28,10.9,6.3,0.0101,17,24,-6,6,97.7,41,-15,26,1.0,0.007188,999999.99,99999.99,99999.99,99999.99,99999.99,99999.99,0,2004-12-21 14:00:00
2004,356,15,2339,51,52,59,34,6.2,6.1,-4.3,347.6,5.9,-1.3,-0.5,-1.3,-0.4,0.4,1.0,0.4,0.6,0.6,129771.0,10.3,448.0,1.0,-2.0,0.056,29074.0,1.1,3.0,0.3,1.2,0.009,4.23,0.18,2.88,11.6,6.2,0.0088,27,24,-15,12,97.7,197,-126,70,1.5,0.007188,999999.99,99999.99,99999.99,99999.99,99999.99,99999.99,0,2004-12-21 15:00:00
2004,356,16,2339,51,52,58,32,5.5,5.3,-3.1,315.9,3.8,-3.7,-0.3,-3.7,-0.3,1.6,2.1,1.8,0.8,0.7,106798.0,11.3,431.0,0.2,-2.0,0.055,12518.0,1.8,8.0,1.1,1.2,0.009,4.28,0.13,3.65,13.2,6.5,0.0069,27,24,-19,12,97.7,356,-268,87,1.5,0.007188,999999.99,99999.99,99999.99,99999.99,99999.99,99999.99,0,2004-12-21 16:00:00
2004,356,17,2339,51,52,60,33,3.2,1.9,-20.3,209.7,-1.6,-0.9,-0.7,-0.9,-0.7,1.0,2.7,2.1,1.6,0.6,120463.0,13.0,424.0,-0.8,-0.7,0.064,28570.0,1.2,5.0,0.6,1.1,0.009,4.9,0.3,13.14,23.9,6.8,0.0021,27,24,-15,12,97.7,263,-182,81,1.6,0.007188,999999.99,99999.99,99999.99,99999.99,99999.99,99999.99,0,2004-12-21 17:00:00
2004,356,18,2339,51,52,58,35,4.2,3.2,-42.7,290.4,0.8,-2.2,-2.2,-2.0,-2.4,0.8,2.7,2.0,1.5,1.2,119037.0,14.2,425.0,-0.1,0.1,0.065,25703.0,1.9,5.0,0.7,1.1,0.014,5.4,1.02,8.28,19.1,6.7,0.0033,27,24,-10,12,97.7,219,-88,130,1.8,0.007188,999999.99,99999.99,99999.99,99999.99,99999.99,99999.99,0,2004-12-21 18:00:00
2004,356,19,2339,51,52,58,33,5.7,5.1,26.5,142.4,-3.6,2.8,2.3,2.5,2.6,1.1,2.5,1.2,2.0,1.1,117249.0,14.2,415.0,0.9,-0.8,0.066,11443.0,1.6,7.0,0.8,1.0,0.008,5.16,-1.08,4.47,13.7,6.2,0.0063,27,24,-4,12,97.7,228,-140,88,2.3,0.007188,999999.99,99999.99,99999.99,99999.99,99999.99,99999.99,0,2004-12-21 19:00:00
2004,356,20,2339,51,52,62,38,5.8,5.5,-9.1,155.5,-4.9,2.2,-0.9,2.3,-0.5,0.6,2.0,0.8,1.2,1.4,105419.0,13.1,406.0,-0.3,0.3,0.066,20786.0,1.3,4.0,0.7,0.8,0.011,4.56,0.2,3.79,12.7,6.1,0.0074,27,24,-5,12,97.7,215,-141,73,1.4,0.007188,999999.99,99999.99,99999.99,99999.99,99999.99,99999.99,0,2004-12-21 20:00:00
2004,356,21,2339,51,52,59,33,5.2,5.0,-40.7,313.8,2.6,-2.7,-3.3,-2.1,-3.7,1.1,1.7,1.0,0.9,1.0,105053.0,12.9,405.0,-1.1,-0.2,0.058,15850.0,1.9,5.0,0.7,1.3,0.01,4.35,1.5,4.63,14.0,6.3,0.0061,27,24,-6,12,97.7,133,-60,73,0.5,0.007188,999999.99,99999.99,99999.99,99999.99,99999.99,99999.99,0,2004-12-21 21:00:00
2004,356,22,2339,51,52,57,36,6.4,2.2,-35.4,171.1,-1.8,0.3,-1.3,0.5,-1.2,1.2,6.1,4.9,3.5,1.2,93431.0,12.6,394.0,-1.4,-0.1,0.054,12244.0,1.0,7.0,0.8,0.9,0.005,3.97,0.47,2.84,10.9,5.9,0.01,27,24,-9,12,97.7,186,-74,112,0.7,0.007188,999999.99,99999.99,99999.99,99999.99,99999.99,99999.99,0,2004-12-21 22:00:00
2004,356,23,2339,51,52,59,31,7.1,6.8,-18.3,151.1,-5.7,3.1,-2.1,3.5,-1.5,0.4,1.7,0.5,1.5,0.7,81116.0,13.3,390.0,-2.6,0.3,0.052,3770.0,0.5,2.0,0.5,0.3,0.003,4.08,0.58,2.3,10.0,5.8,0.0119,27,24,-10,12,97.7,162,-69,92,0.5,0.007188,999999.99,99999.99,99999.99,99999.99,99999.99,99999.99,0,2004-12-21 23:00:00
2004,357,0,2339,51,52,62,32,7.9,7.2,4.7,161.8,-6.8,2.2,0.6,2.1,1.0,0.6,3.2,0.6,2.5,1.8,84346.0,12.6,392.0,-3.1,0.6,0.067,6223.0,0.5,3.0,0.6,0.4,0.007,4.1,-0.39,1.79,8.8,5.5,0.0153,33,42,-10,18,95.6,366,-274,92,1.7,0.007275,999999.99,99999.99,99999.99,99999.99,99999.99,99999.99,0,2004-12-22 00:00:00
2004,357,1,2339,51,52,60,36,9.3,9.0,18.6,146.2,-7.1,4.7,2.9,4.2,3.6,0.4,2.3,0.7,1.4,1.7,92131.0,14.5,400.0,-4.2,0.2,0.062,4682.0,0.9,2.0,0.4,0.7,0.006,4.84,-1.44,1.54,8.2,5.4,0.0177,33,42,-6,18,95.6,112,-49,63,0.6,0.007275,999999.99,99999.99,99999.99,99999.99,99999.99,99999.99,0,2004-12-22 01:00:00
2004,357,2,2339,51,52,65,41,11.0,10.5,23.5,143.8,-7.8,5.7,4.2,5.1,4.9,1.0,3.3,1.3,2.1,2.1,102483.0,14.9,425.0,-2.5,1.9,0.057,20511.0,2.1,10.0,1.2,1.6,0.012,5.52,-2.08,1.18,7.5,5.2,0.0214,33,42,-1,18,95.6,47,2,48,0.1,0.007275,999999.99,99999.99,99999.99,99999.99,99999.99,99999.99,0,2004-12-22 02:00:00
2004,357,3,2339,51,52,61,33,9.6,8.5,-27.2,136.6,-5.5,5.2,-3.9,5.5,-3.5,0.5,4.3,2.5,1.3,3.2,132458.0,17.6,435.0,-0.7,2.9,0.07,14824.0,1.6,5.0,0.6,1.1,0.01,7.12,1.52,2.07,9.5,5.7,0.0132,43,42,4,32,95.6,98,-23,75,0.5,0.007275,999999.99,99999.99,99999.99,99999.99,99999.99,99999.99,0,2004-12-22 03:00:00
2004,357,4,2339,51,52,60,31,9.6,8.0,-56.2,318.1,3.3,-3.0,-6.6,-2.9,-6.7,1.6,5.4,3.1,4.3,1.2,119653.0,19.7,434.0,-1.0,2.2,0.052,17300.0,2.0,5.0,0.5,1.1,0.01,7.49,2.91,2.21,10.0,5.9,0.0118,43,42,-5,32,95.6,363,-239,124,1.7,0.007275,999999.99,99999.99,99999.99,99999.99,99999.99,99999.99,0,2004-12-22 04:00:00
2004,357,5,2339,51,52,63,37,9.2,1.7,-3.0,187.6,-1.7,-0.2,-0.1,-0.2,-0.1,1.2,9.0,5.0,6.7,3.2,136535.0,20.4,438.0,-0.2,3.4,0.054,19835.0,2.9,6.0,1.2,1.7,0.014,7.95,0.04,2.66,10.8,5.9,0.0103,43,42,-10,32,95.6,532,-371,161,3.8,0.007275,999999.99,99999.99,99999.99,99999.99,99999.99,99999.99,0,2004-12-22 05:00:00
2004,357,6,2339,51,52,62,39,11.4,4.3,-50.4,279.0,0.4,-2.7,-3.3,-3.0,-3.1,1.7,10.5,4.1,8.5,4.6,187368.0,16.8,467.0,0.1,5.6,0.064,64734.0,3.7,9.0,1.3,1.9,0.013,7.69,1.45,1.7,8.4,5.3,0.0169,43,42,-12,32,95.6,368,-199,169,3.4,0.007275,999999.99,99999.99,99999.99,99999.99,99999.99,99999.99,0,2004-12-22 06:00:00
2004,357,7,2339,51,52,65,40,10.3,9.3,-25.8,124.7,-4.8,6.9,-4.0,6.3,-4.9,1.9,4.3,1.5,3.0,2.8,321349.0,11.9,511.0,4.9,3.4,0.062,145974.0,1.4,14.0,1.4,2.1,0.014,6.48,2.5,2.1,8.6,5.1,0.0162,43,42,-16,32,95.6,311,-140,171,3.3,0.007275,999999.99,99999.99,99999.99,99999.99,99999.99,99999.99,0,2004-12-22 07:00:00
2004,357,8,2339,51,52,59,30,11.0,10.8,-32.0,125.1,-5.2,7.5,-5.7,6.5,-6.8,0.4,1.8,0.9,1.0,1.2,278883.0,11.7,513.0,4.5,3.5,0.042,46959.0,1.7,6.0,0.7,1.9,0.012,6.01,3.49,1.64,8.0,5.1,0.0187,43,42,-19,32,95.6,281,-168,113,2.0,0.007275,999999.99,99999.99,99999.99,99999.99,99999.99,99999.99,0,2004-12-22 08:00:00
2004,357,9,2339,51,52,59,34,10.4,9.5,-15.9,134.9,-6.4,6.5,-2.6,5.9,-3.7,0.5,4.0,1.6,2.4,2.7,255874.0,11.8,513.0,4.1,4.0,0.036,37631.0,1.5,7.0,1.6,1.6,0.006,5.93,1.9,1.74,8.5,5.4,0.0166,43,42,-20,32,95.6,1033,-904,129,5.2,0.007275,999999.99,99999.99,99999.99,99999.99,99999.99,99999.99,0,2004-12-22 09:00:00
2004,357,10,2339,51,52,62,38,9.1,7.3,21.1,133.1,-4.6,4.9,2.6,5.3,1.6,0.3,5.2,1.9,2.5,4.2,259896.0,9.0,526.0,3.3,2.5,0.047,41754.0,1.4,10.0,1.2,2.5,0.008,4.94,-0.84,1.76,8.7,5.5,0.0158,43,42,-20,32,95.6,332,-198,134,2.2,0.007275,999999.99,99999.99,99999.99,99999.99,99999.99,99999.99,0,2004-12-22 10:00:00
2004,357,11,2339,51,52,60,35,8.8,8.1,30.4,151.0,-6.1,3.4,4.1,4.1,3.4,0.5,3.4,1.0,2.7,1.7,228931.0,7.8,524.0,3.8,1.3,0.049,26667.0,0.8,8.0,1.7,1.0,0.012,4.28,-1.78,1.5,8.3,5.5,0.0172,43,42,-15,32,95.6,98,-42,56,0.8,0.007275,999999.99,99999.99,99999.99,99999.99,99999.99,99999.99,0,2004-12-22 11:00:00
2004,357,12,2339,51,52,60,36,8.5,8.0,-5.8,158.6,-7.4,2.9,-0.8,2.7,-1.3,0.1,2.6,0.6,1.3,2.2,227803.0,8.2,523.0,4.5,3.8,0.033,80922.0,0.8,4.0,1.1,1.5,0.004,4.24,0.68,1.68,8.8,5.6,0.0153,30,42,-11,15,95.6,102,-55,46,1.2,0.007275,999999.99,99999.99,99999.99,99999.99,99999.99,99999.99,0,2004-12-22 12:00:00
2004,357,13,2339,51,52,59,34,8.5,8.1,1.7,180.8,-8.1,-0.1,0.2,-0.1,0.2,0.1,2.3,0.3,1.1,2.0,202232.0,8.1,520.0,7.7,1.0,0.034,23929.0,0.7,3.0,0.7,1.8,0.004,4.16,-0.1,1.54,8.7,5.7,0.0157,30,42,-18,15,95.6,278,-248,30,1.3,0.007275,999999.99,99999.99,99999.99,99999.99,99999.99,99999.99,0,2004-12-22 13:00:00
2004,357,14,2339,51,52,60,34,7.6,7.1,-18.6,164.6,-6.5,1.8,-2.3,1.6,-2.5,0.5,2.5,1.3,1.3,1.6,201753.0,6.7,514.0,6.4,0.1,0.043,99357.0,1.1,7.0,0.8,1.9,0.009,3.46,1.28,1.59,8.8,5.7,0.0155,30,42,-17,15,95.6,307,-249,58,1.0,0.007275,999999.99,99999.99,99999.99,99999.99,99999.99,99999.99,0,2004-12-22 14:00:00
2004,357,15,2339,51,52,61,34,6.9,5.5,11.0,167.4,-5.3,1.2,1.0,1.2,0.9,0.7,4.0,1.1,2.7,2.8,191426.0,5.7,524.0,6.2,-1.1,0.047,40120.0,0.8,11.0,1.3,1.8,0.007,3.11,-0.47,1.59,9.1,5.9,0.0145,27,42,-18,12,95.6,102,-57,46,0.8,0.007275,999999.99,99999.99,99999.99,99999.99,99999.99,99999.99,0,2004-12-22 15:00:00
2004,357,16,2339,51,52,59,30,6.4,5.3,45.3,151.0,-3.3,1.8,3.8,1.8,3.8,0.8,3.5,2.0,2.4,1.5,190470.0,5.8,532.0,6.0,-3.3,0.048,33975.0,0.8,10.0,1.3,1.0,0.008,3.27,-2.02,1.88,10.0,6.2,0.0119,27,42,-22,12,95.6,240,-185,55,1.3,0.007275,999999.99,99999.99,99999.99,99999.99,99999.99,99999.99,0,2004-12-22 16:00:00
2004,357,17,2339,51,52,59,33,6.5,6.0,16.0,170.2,-5.7,1.0,1.7,0.9,1.7,0.2,2.3,0.5,0.9,2.0,203733.0,5.1,514.0,5.8,-2.5,0.042,128766.0,0.6,5.0,0.9,1.5,0.006,2.63,-0.87,1.67,8.9,5.7,0.0149,27,42,-26,12,95.6,171,-110,60,0.3,0.007275,999999.99,99999.99,99999.99,99999.99,99999.99,99999.99,0,2004-12-22 17:00:00
2004,357,18,2339,51,52,61,38,6.1,5.9,7.9,158.0,-5.4,2.2,0.8,2.1,1.0,0.1,1.4,0.6,0.8,1.0,177156.0,4.5,514.0,4.7,-0.9,0.04,41392.0,0.4,8.0,0.8,1.3,0.007,2.3,-0.51,1.54,8.9,5.9,0.0149,20,42,-19,7,95.6,42,-7,34,0.0,0.007275,999999.99,99999.99,99999.99,99999.99,99999.99,99999.99,0,2004-12-22 18:00:00
2004,357,19,2339,51,52,60,34,5.7,5.4,-0.5,156.9,-4.9,2.1,0.0,2.1,0.3,0.3,1.6,0.6,0.8,1.3,146750.0,4.4,519.0,4.2,-0.0,0.041,45646.0,0.4,8.0,0.7,1.6,0.006,2.3,-0.16,1.55,9.5,6.2,0.013,20,42,-14,7,95.6,130,-87,43,0.4,0.007275,0.62,0.58,0.56,0.55,0.49,0.36,-1,2004-12-22 19:00:00
2004,357,20,2339,51,52,58,35,6.1,5.9,-3.6,160.0,-5.5,2.0,-0.4,2.0,-0.1,0.3,1.7,0.6,0.7,1.4,119663.0,3.8,500.0,4.0,0.1,0.031,37142.0,0.5,6.0,0.8,1.5,0.006,1.78,0.05,1.05,8.0,5.8,0.0186,20,42,-13,7,95.6,136,-96,40,0.5,0.007275,0.47,0.42,0.4,0.38,0.36,0.33,-1,2004-12-22 20:00:00
2004,357,21,2339,51,52,61,36,6.1,5.8,-0.2,146.1,-4.8,3.2,0.0,3.1,0.6,0.4,1.8,1.1,1.0,1.0,111516.0,4.2,500.0,3.0,-0.7,0.032,19160.0,0.4,5.0,0.9,1.1,0.006,1.98,-0.3,1.13,8.4,6.0,0.0169,23,42,-15,9,95.6,123,-72,51,0.1,0.007275,0.44,0.38,0.36,0.33,0.32,0.32,-1,2004-12-22 21:00:00
2004,357,22,2339,51,52,60,33,5.9,4.4,62.1,123.7,-1.1,1.7,3.9,0.9,4.2,0.3,3.8,2.4,1.2,2.7,127490.0,5.0,508.0,3.7,-1.8,0.042,21016.0,0.4,8.0,0.7,1.0,0.004,2.52,-2.13,1.53,9.6,6.3,0.0128,23,42,-16,9,95.6,153,-107,46,0.5,0.007275,999999.99,99999.99,99999.99,99999.99,99999.99,99999.99,0,2004-12-22 22:00:00
2004,357,23,2339,51,52,56,34,5.7,4.3,52.7,167.6,-2.5,0.6,3.4,-0.1,3.5,0.4,3.6,2.6,1.5,2.0,122178.0,4.6,496.0,4.0,-1.4,0.043,23229.0,0.5,15.0,0.7,1.0,0.006,2.21,-1.74,1.48,9.3,6.2,0.0137,23,42,-20,9,95.6,184,-146,38,0.5,0.007275,0.33,0.33,0.31,0.28,0.27,0.27,-1,2004-12-22 23:00:00
2004,358,0,2339,51,52,59,37,6.2,6.1,5.9,173.3,-6.0,0.7,0.6,0.6,0.7,0.1,1.4,0.2,1.0,1.0,90221.0,4.4,468.0,3.0,-0.3,0.035,7829.0,0.2,3.0,1.1,1.1,0.005,1.83,-0.33,1.04,7.9,5.7,0.019,23,29,-16,9,93.2,134,-89,45,0.3,0.007373,999999.99,99999.99,99999.99,99999.99,99999.99,99999.99,0,2004-12-23 00:00:00
2004,358,1,2339,51,52,60,36,6.0,5.7,-3.7,146.0,-4.7,3.2,-0.4,3.2,0.1,0.1,1.8,0.5,0.8,1.5,74653.0,4.6,472.0,0.8,-0.1,0.029,5533.0,0.3,2.0,0.6,1.7,0.003,1.91,-0.05,1.08,8.4,6.1,0.0167,23,29,-14,9,93.2,57,-13,44,0.2,0.007373,0.47,0.43,0.4,0.37,0.35,0.35,-1,2004-12-23 01:00:00
2004,358,2,2339,51,52,60,37,6.3,6.1,1.2,137.7,-4.5,4.1,0.1,4.1,0.6,0.2,1.5,0.6,0.7,1.2,68563.0,4.6,467.0,0.1,-0.9,0.025,4808.0,0.4,4.0,0.8,1.3,0.002,1.84,-0.28,0.95,7.9,5.9,0.0188,23,29,-15,9,93.2,58,-18,40,0.4,0.007373,999999.99,99999.99,99999.99,99999.99,99999.99,99999.99,0,2004-12-23 02:00:00
2004,358,3,2339,51,52,60,36,6.2,6.1,-10.1,150.4,-5.3,3.0,-1.1,3.1,-0.9,0.2,0.9,0.1,0.3,0.8,57160.0,3.6,458.0,1.4,0.0,0.025,9925.0,0.4,3.0,0.4,0.9,0.002,1.39,0.41,0.72,7.0,5.5,0.0242,13,29,-19,5,93.2,76,-43,33,0.4,0.007373,999999.99,99999.99,99999.99,99999.99,99999.99,99999.99,0,2004-12-23 03:00:00
2004,358,4,2339,51,52,60,35,5.9,5.8,-6.2,152.6,-5.1,2.7,-0.6,2.7,-0.5,0.1,1.0,0.3,0.6,0.8,54210.0,3.5,458.0,1.4,-0.7,0.024,10693.0,0.3,3.0,0.8,1.0,0.003,1.34,0.23,0.76,7.3,5.6,0.0226,13,29,-20,5,93.2,177,-124,54,0.9,0.007373,999999.99,99999.99,99999.99,99999.99,99999.99,99999.99,0,2004-12-23 04:00:00
2004,358,5,2339,51,52,59,37,5.8,5.7,-6.8,149.1,-4.9,2.9,-0.7,2.9,-0.8,0.1,0.6,0.2,0.3,0.5,52900.0,3.7,457.0,1.3,-0.5,0.022,8678.0,0.3,3.0,0.5,0.7,0.002,1.4,0.37,0.83,7.6,5.8,0.0207,13,29,-19,5,93.2,126,-68,58,1.1,0.007373,999999.99,99999.99,99999.99,99999.99,99999.99,99999.99,0,2004-12-23 05:00:00
2004,358,6,2339,51,52,57,31,5.5,5.4,5.9,149.9,-4.6,2.7,0.6,2.7,0.4,0.3,1.0,0.3,0.6,0.8,64598.0,3.7,443.0,0.7,-1.9,0.029,17580.0,0.4,6.0,0.7,1.3,0.009,1.35,-0.18,0.98,7.7,5.7,0.0198,13,29,-20,5,93.2,60,-15,44,0.4,0.007373,999999.99,99999.99,99999.99,99999.99,99999.99,99999.99,0,2004-12-23 06:00:00
2004,358,7,2339,51,52,59,34,5.4,4.8,15.5,151.6,-4.1,2.2,1.3,2.3,1.0,0.2,2.3,1.5,1.5,0.8,56907.0,3.5,439.0,0.9,-2.9,0.028,18114.0,0.5,14.0,1.8,1.3,0.005,1.25,-0.44,0.93,7.6,5.7,0.0206,13,29,-18,5,93.2,62,-14,48,0.5,0.007373,999999.99,99999.99,99999.99,99999.99,99999.99,99999.99,0,2004-12-23 07:00:00
2004,358,8,2339,51,52,58,33,5.7,5.5,13.5,162.4,-5.1,1.6,1.3,1.8,1.0,0.1,1.4,0.4,1.0,0.9,44887.0,2.3,422.0,1.2,-3.0,0.033,22627.0,0.4,7.0,1.7,1.6,0.006,0.77,-0.42,0.51,5.6,4.7,0.0377,13,29,-20,5,93.2,58,-17,40,0.4,0.007373,999999.99,99999.99,99999.99,99999.99,99999.99,99999.99,0,2004-12-23 08:00:00
2004,358,9,2339,51,52,60,31,5.6,5.5,5.1,176.3,-5.4,0.4,0.5,0.5,0.4,0.1,1.3,0.2,1.2,0.5,42211.0,2.8,412.0,2.9,-2.3,0.027,14672.0,0.4,3.0,1.5,0.9,0.002,0.88,-0.16,0.63,6.2,4.9,0.0314,10,29,-21,4,93.2,119,-80,39,0.6,0.007373,999999.99,99999.99,99999.99,99999.99,99999.99,99999.99,0,2004-12-23 09:00:00
2004,358,10,2339,51,52,59,30,5.7,5.3,-10.2,156.8,-4.8,2.1,-0.9,1.9,-1.3,0.1,1.9,0.9,1.5,0.8,38837.0,3.0,414.0,-0.2,-0.3,0.024,16452.0,0.4,8.0,2.2,1.4,0.003,0.94,0.54,0.64,6.3,5.0,0.0301,10,29,-21,4,93.2,163,-144,19,0.5,0.007373,999999.99,99999.99,99999.99,99999.99,99999.99,99999.99,0,2004-12-23 10:00:00
2004,358,11,2339,51,52,60,35,5.7,5.2,-1.0,152.4,-4.6,2.4,-0.1,2.3,-0.5,0.1,2.0,0.6,1.3,1.5,34236.0,2.7,409.0,-0.7,-1.4,0.024,25911.0,0.3,10.0,2.1,2.3,0.004,0.83,0.2,0.56,5.9,4.8,0.0342,10,29,-17,4,93.2,121,-101,20,0.6,0.007373,999999.99,99999.99,99999.99,99999.99,99999.99,99999.99,0,2004-12-23 11:00:00
2004,358,12,2339,51,52,64,38,5.5,4.8,-11.1,146.2,-4.0,2.6,-0.9,2.4,-1.3,0.1,2.4,1.1,1.2,1.8,39540.0,2.8,417.0,-1.1,-0.7,0.027,14521.0,0.4,14.0,1.6,2.5,0.007,0.9,0.54,0.65,6.3,5.1,0.0296,13,29,-14,5,93.2,141,-109,32,1.0,0.007373,999999.99,99999.99,99999.99,99999.99,99999.99,99999.99,0,2004-12-23 12:00:00
2004,358,13,2339,51,52,55,29,5.7,5.2,-20.3,144.1,-4.0,2.9,-1.8,2.7,-2.1,0.2,2.0,1.3,1.1,1.0,32960.0,2.8,415.0,-1.3,0.1,0.017,15356.0,0.5,15.0,1.5,1.2,0.005,0.86,0.87,0.58,6.1,5.0,0.0321,13,29,-17,5,93.2,141,-123,18,0.8,0.007373,999999.99,99999.99,99999.99,99999.99,99999.99,99999.99,0,2004-12-23 13:00:00
2004,358,14,2339,51,52,59,34,5.8,5.7,-16.5,157.5,-5.1,2.1,-1.6,2.0,-1.8,0.0,0.8,0.3,0.6,0.4,25269.0,3.1,405.0,-0.2,-0.8,0.014,5071.0,0.3,3.0,0.9,0.8,0.001,0.9,0.73,0.59,6.1,5.0,0.0315,13,29,-18,5,93.2,101,-88,13,1.0,0.007373,999999.99,99999.99,99999.99,99999.99,99999.99,99999.99,0,2004-12-23 14:00:00
2004,358,15,2339,51,52,61,36,5.9,5.9,3.3,154.3,-5.3,2.5,0.3,2.5,0.2,0.0,0.7,0.3,0.4,0.6,31106.0,3.3,402.0,-0.8,-3.2,0.014,3285.0,0.2,2.0,0.5,0.7,0.001,0.94,-0.08,0.63,6.2,5.0,0.0311,23,29,-20,9,93.2,329,-312,17,1.6,0.007373,999999.99,99999.99,99999.99,99999.99,99999.99,99999.99,0,2004-12-23 15:00:00
2004,358,16,2339,51,52,57,34,5.8,5.3,-3.0,151.0,-4.7,2.6,-0.3,2.6,-0.3,0.1,2.1,0.7,0.4,2.0,33392.0,3.0,396.0,-1.5,-2.5,0.017,13039.0,0.3,8.0,0.6,2.1,0.003,0.84,0.12,0.6,5.9,4.8,0.034,23,29,-19,9,93.2,108,-62,45,0.7,0.007373,999999.99,99999.99,99999.99,99999.99,99999.99,99999.99,0,2004-12-23 16:00:00
2004,358,17,2339,51,52,63,35,5.8,5.8,-17.7,160.3,-5.2,1.8,-1.8,1.9,-1.7,0.1,0.7,0.2,0.4,0.6,114446.0,2.0,398.0,-0.1,-2.8,0.027,49321.0,0.4,9.0,0.9,1.1,0.003,0.59,0.68,0.6,4.9,3.9,0.0505,23,29,-17,9,93.2,37,-13,24,0.3,0.007373,999999.99,99999.99,99999.99,99999.99,99999.99,99999.99,0,2004-12-23 17:00:00
2004,358,18,2339,51,52,60,34,5.8,5.7,-22.5,162.8,-5.1,1.6,-2.2,1.8,-2.0,0.1,0.7,0.2,0.5,0.4,141253.0,1.9,400.0,0.5,-2.3,0.033,57874.0,0.4,4.0,0.7,1.3,0.004,0.57,0.8,0.63,4.8,3.8,0.0526,17,29,-17,6,93.2,39,-24,15,0.2,0.007373,0.43,0.38,0.35,0.33,0.32,0.32,-1,2004-12-23 18:00:00
2004,358,19,2339,51,52,58,35,5.4,5.2,-21.2,170.0,-4.8,0.8,-1.9,1.1,-1.8,0.3,1.5,0.4,1.3,0.8,85600.0,2.6,403.0,0.9,-2.2,0.027,55891.0,0.7,6.0,1.1,1.2,0.003,0.78,0.73,0.79,6.0,4.6,0.0329,17,29,-13,6,93.2,69,-55,14,0.4,0.007373,0.42,0.37,0.36,0.33,0.31,0.3,-1,2004-12-23 19:00:00
2004,358,20,2339,51,52,59,31,5.6,5.0,-28.7,197.4,-4.2,-1.3,-2.4,-0.9,-2.6,0.2,2.3,1.0,1.1,1.7,39290.0,3.1,394.0,2.7,-0.9,0.022,17997.0,0.5,8.0,1.1,2.2,0.004,0.87,1.02,0.69,6.2,4.9,0.031,17,29,-12,6,93.2,134,-112,22,0.8,0.007373,0.37,0.31,0.3,0.27,0.26,0.26,-1,2004-12-23 20:00:00
2004,358,21,2339,51,52,60,36,5.0,4.5,-10.2,176.7,-4.5,0.3,-0.8,0.5,-0.7,0.2,1.9,0.2,1.2,1.5,44772.0,2.9,385.0,0.3,-2.6,0.027,43012.0,0.7,9.0,1.9,2.3,0.003,0.8,0.27,0.84,6.6,5.0,0.0277,23,29,-19,9,93.2,319,-255,64,1.2,0.007373,0.43,0.37,0.34,0.33,0.32,0.31,-1,2004-12-23 21:00:00
2004,358,22,2339,51,52,62,33,4.6,3.8,33.3,175.5,-3.1,0.2,2.1,-0.2,2.1,0.3,2.5,1.2,1.4,1.7,70595.0,3.8,397.0,-0.3,-5.1,0.025,18526.0,0.4,7.0,0.9,1.2,0.004,1.1,-0.83,1.49,8.4,5.6,0.0168,23,29,-22,9,93.2,251,-196,55,1.1,0.007373,0.4,0.34,0.32,0.3,0.29,0.28,-1,2004-12-23 22:00:00
2004,358,23,2339,51,52,58,36,4.5,3.9,5.2,171.3,-3.8,0.6,0.4,0.5,0.5,0.2,2.2,0.5,1.1,1.9,70845.0,3.6,389.0,-0.4,-3.7,0.028,16661.0,0.5,6.0,1.5,2.7,0.003,1.01,-0.19,1.47,8.2,5.4,0.0177,23,29,-22,9,93.2,96,-71,25,0.2,0.007373,0.39,0.32,0.31,0.3,0.29,0.28,-1,2004-12-23 23:00:00
2004,359,0,2339,51,52,59,33,4.8,4.4,-1.9,176.5,-4.4,0.3,-0.1,0.3,0.0,0.1,2.0,0.4,0.8,1.7,47149.0,2.9,378.0,-0.1,-2.7,0.03,24198.0,0.8,9.0,1.4,2.6,0.003,0.78,-0.0,0.92,6.7,5.0,0.0265,7,36,-17,3,94.0,52,-20,32,0.1,0.00748,0.37,0.3,0.3,0.28,0.27,0.26,-1,2004-12-24 00:00:00
2004,359,1,2339,51,52,42,22,4.9,4.4,-18.1,173.9,-4.2,0.5,-1.4,0.7,-1.3,0.2,2.0,0.7,0.9,1.6,41216.0,3.0,378.0,-0.5,-1.7,0.029,10829.0,0.5,7.0,1.3,2.5,0.005,0.8,0.49,0.88,6.7,5.0,0.0266,7,36,-17,3,94.0,31,-10,21,-0.1,0.00748,0.39,0.33,0.31,0.29,0.28,0.28,-1,2004-12-24 01:00:00
2004,359,2,2339,51,52,58,33,5.1,4.7,12.6,191.3,-4.5,-0.9,1.0,-1.0,0.9,0.1,1.8,0.6,1.1,1.4,52158.0,2.9,378.0,0.8,-4.8,0.027,27239.0,0.8,12.0,1.5,2.0,0.006,0.77,-0.34,0.84,6.3,4.8,0.0299,7,36,-17,3,94.0,36,-11,25,-0.0,0.00748,999999.99,99999.99,99999.99,99999.99,99999.99,99999.99,0,2004-12-24 02:00:00
2004,359,3,2339,51,52,62,31,5.0,4.9,1.8,187.7,-4.8,-0.7,0.2,-0.7,0.1,0.1,1.2,0.2,1.0,0.6,35971.0,2.4,367.0,0.7,-4.4,0.03,18981.0,0.4,5.0,1.5,1.2,0.003,0.6,-0.04,0.66,5.7,4.5,0.0368,0,36,-19,0,94.0,29,-13,16,-0.1,0.00748,0.35,0.28,0.25,0.24,0.24,0.24,-1,2004-12-24 03:00:00
2004,359,4,2339,51,52,63,33,5.3,4.8,22.0,184.8,-4.5,-0.4,1.8,-0.5,1.8,0.2,2.1,0.8,1.7,0.7,52631.0,2.8,386.0,0.8,-6.0,0.027,29026.0,0.5,17.0,2.0,1.4,0.005,0.77,-0.69,0.75,6.1,4.7,0.032,0,36,-18,0,94.0,22,-7,14,-0.4,0.00748,0.41,0.35,0.34,0.33,0.32,0.31,-1,2004-12-24 04:00:00
2004,359,5,2339,51,52,59,34,5.1,4.8,4.5,150.2,-4.2,2.4,0.4,2.4,0.4,0.1,1.6,0.6,0.9,1.3,25324.0,2.3,379.0,-2.9,-4.1,0.025,8384.0,0.5,5.0,1.6,1.7,0.004,0.61,-0.15,0.57,5.6,4.6,0.0375,0,36,-15,0,94.0,8,-3,5,-0.4,0.00748,0.44,0.37,0.36,0.34,0.32,0.3,-1,2004-12-24 05:00:00
2004,359,6,2339,51,52,57,29,5.0,4.4,-16.1,153.3,-3.8,1.9,-1.2,1.8,-1.3,0.1,2.3,0.9,1.0,1.8,30179.0,2.8,379.0,-1.9,-1.8,0.025,15444.0,0.5,11.0,1.3,1.9,0.004,0.74,0.49,0.74,6.3,5.0,0.0296,3,36,-11,2,94.0,16,-4,12,-0.3,0.00748,999999.99,99999.99,99999.99,99999.99,99999.99,99999.99,0,2004-12-24 06:00:00
2004,359,7,2339,51,52,60,31,4.9,4.4,27.2,159.8,-3.7,1.3,2.0,1.5,1.8,0.0,2.2,1.0,1.3,1.5,33729.0,3.2,380.0,-1.4,-6.8,0.023,8455.0,0.5,12.0,1.7,2.2,0.004,0.84,-0.68,0.9,6.9,5.2,0.0247,3,36,-10,2,94.0,57,-28,29,0.1,0.00748,999999.99,99999.99,99999.99,99999.99,99999.99,99999.99,0,2004-12-24 07:00:00
2004,359,8,2339,51,52,60,34,5.2,4.9,0.8,156.2,-4.5,2.0,0.1,2.0,-0.2,0.1,1.7,0.3,1.3,0.9,26723.0,2.9,370.0,-2.8,-3.8,0.026,5643.0,0.4,4.0,2.0,1.5,0.003,0.73,0.07,0.69,6.1,4.8,0.0324,3,36,-13,2,94.0,44,-26,18,-0.1,0.00748,999999.99,99999.99,99999.99,99999.99,99999.99,99999.99,0,2004-12-24 08:00:00
2004,359,9,2339,51,52,60,28,5.2,5.1,-17.6,158.2,-4.5,1.8,-1.5,1.5,-1.8,0.1,1.0,0.4,0.6,0.7,25801.0,3.0,366.0,-2.5,-1.6,0.028,13532.0,0.3,4.0,1.0,1.2,0.004,0.75,0.66,0.71,6.1,4.8,0.032,3,36,-14,2,94.0,78,-46,32,0.1,0.00748,999999.99,99999.99,99999.99,99999.99,99999.99,99999.99,0,2004-12-24 09:00:00
2004,359,10,2339,51,52,60,33,5.2,5.1,-25.5,170.4,-4.5,0.8,-2.2,0.4,-2.3,0.0,0.9,0.2,0.8,0.4,24294.0,3.0,364.0,-1.5,-0.8,0.027,9477.0,0.3,4.0,1.2,1.1,0.004,0.74,0.84,0.7,6.1,4.8,0.0324,3,36,-12,2,94.0,125,-103,22,0.3,0.00748,999999.99,99999.99,99999.99,99999.99,99999.99,99999.99,0,2004-12-24 10:00:00
2004,359,11,2339,51,52,60,31,5.4,5.3,-7.0,168.1,-5.1,1.1,-0.6,1.0,-0.8,0.1,1.0,0.2,0.5,0.8,25844.0,3.3,363.0,-2.0,-2.7,0.029,10339.0,0.4,5.0,0.8,1.3,0.001,0.81,0.29,0.73,6.1,4.8,0.0319,3,36,-9,2,94.0,71,-54,16,0.3,0.00748,999999.99,99999.99,99999.99,99999.99,99999.99,99999.99,0,2004-12-24 11:00:00
2004,359,12,2339,51,52,61,36,5.3,5.2,-18.3,173.4,-4.9,0.6,-1.6,0.4,-1.7,0.2,1.2,0.6,0.5,0.9,47478.0,4.3,373.0,-1.7,-2.3,0.027,17564.0,0.8,9.0,0.4,1.1,0.003,1.11,0.63,1.12,7.3,5.2,0.0223,10,36,-9,4,94.0,43,-28,14,0.4,0.00748,999999.99,99999.99,99999.99,99999.99,99999.99,99999.99,0,2004-12-24 12:00:00
2004,359,13,2339,51,52,61,32,5.3,5.1,-35.2,212.5,-3.5,-2.2,-2.9,-2.5,-2.6,0.3,1.6,1.1,1.0,0.6,57179.0,5.0,380.0,0.5,-1.0,0.027,10691.0,0.6,9.0,0.9,0.9,0.004,1.34,0.99,1.37,8.0,5.4,0.0185,10,36,-12,4,94.0,56,-27,29,0.6,0.00748,999999.99,99999.99,99999.99,99999.99,99999.99,99999.99,0,2004-12-24 13:00:00
2004,359,14,2339,51,52,57,35,5.8,5.6,-35.1,210.5,-4.0,-2.3,-3.2,-2.5,-3.0,0.1,1.1,0.8,0.3,0.7,57041.0,4.9,377.0,0.4,-0.6,0.03,8995.0,0.5,5.0,0.5,0.7,0.005,1.3,1.13,1.12,7.2,5.1,0.023,10,36,-13,4,94.0,46,-21,24,0.5,0.00748,999999.99,99999.99,99999.99,99999.99,99999.99,99999.99,0,2004-12-24 14:00:00
2004,359,15,2339,51,52,59,32,5.9,5.4,15.9,173.9,-5.2,0.6,1.5,0.7,1.5,0.2,2.3,0.4,1.7,1.4,48656.0,4.3,364.0,-2.3,-4.8,0.03,18164.0,0.8,9.0,2.0,1.5,0.003,1.07,-0.55,0.91,6.4,4.8,0.0291,20,36,-15,7,94.0,330,-313,17,1.6,0.00748,999999.99,99999.99,99999.99,99999.99,99999.99,99999.99,0,2004-12-24 15:00:00
2004,359,16,2339,51,52,61,38,5.9,5.7,-3.9,154.2,-5.2,2.5,-0.4,2.5,-0.4,0.3,1.2,0.3,0.7,1.0,54575.0,4.7,367.0,-4.4,-2.5,0.031,16943.0,0.9,5.0,0.8,1.3,0.007,1.19,0.15,1.03,6.7,4.9,0.0262,20,36,-17,7,94.0,250,-232,18,1.5,0.00748,999999.99,99999.99,99999.99,99999.99,99999.99,99999.99,0,2004-12-24 16:00:00
2004,359,17,2339,51,52,58,29,6.2,5.5,-10.6,174.2,-5.4,0.6,-1.0,0.7,-1.0,0.1,2.7,0.6,2.5,1.0,39008.0,4.3,363.0,-2.1,-1.3,0.026,25759.0,0.8,8.0,2.8,1.4,0.007,1.04,0.36,0.78,6.1,4.7,0.0323,20,36,-15,7,94.0,145,-122,24,1.2,0.00748,999999.99,99999.99,99999.99,99999.99,99999.99,99999.99,0,2004-12-24 17:00:00
2004,359,18,2339,51,52,58,32,6.3,6.2,-15.3,196.9,-5.7,-1.7,-1.6,-1.5,-1.8,0.1,1.1,0.4,0.8,0.6,35588.0,4.2,356.0,0.6,-0.6,0.03,18113.0,0.8,7.0,1.1,0.9,0.007,1.0,0.64,0.72,5.8,4.5,0.0355,7,36,-16,3,94.0,98,-70,27,1.2,0.00748,999999.99,99999.99,99999.99,99999.99,99999.99,99999.99,0,2004-12-24 18:00:00
2004,359,19,2339,51,52,61,32,6.5,6.0,11.7,190.3,-5.8,-1.0,1.2,-1.2,1.0,0.1,2.4,0.8,2.2,0.6,33476.0,4.2,355.0,-0.5,-3.4,0.028,13634.0,0.8,9.0,2.1,0.8,0.005,0.98,-0.35,0.67,5.6,4.5,0.038,7,36,-14,3,94.0,82,-45,38,0.5,0.00748,8.87,0.93,0.37,0.28,0.27,0.27,-1,2004-12-24 19:00:00
2004,359,20,2339,51,52,63,35,6.3,6.0,19.1,149.7,-4.9,2.9,2.0,2.5,2.5,0.1,1.9,1.0,1.5,0.6,39080.0,5.1,361.0,-4.7,-3.9,0.026,10066.0,0.9,8.0,1.5,1.1,0.005,1.23,-0.9,0.9,6.5,4.9,0.0284,7,36,-10,3,94.0,38,-16,22,-0.1,0.00748,10.6,0.99,0.43,0.34,0.32,0.32,-1,2004-12-24 20:00:00
2004,359,21,2339,51,52,58,31,6.1,6.0,13.4,120.9,-3.0,5.0,1.4,4.6,2.4,0.1,1.1,0.8,0.4,0.6,51950.0,6.7,374.0,-5.4,-2.6,0.021,11457.0,0.9,6.0,0.5,0.7,0.005,1.7,-0.9,1.35,7.9,5.4,0.0189,13,36,-5,5,94.0,34,-10,24,-0.1,0.00748,6.89,0.76,0.38,0.31,0.3,0.3,-1,2004-12-24 21:00:00
2004,359,22,2339,51,52,62,32,6.4,5.6,-18.9,121.9,-2.8,4.5,-1.8,4.8,-0.8,0.1,3.0,2.0,0.5,2.1,51365.0,6.9,373.0,-5.3,-0.5,0.022,13626.0,1.1,9.0,0.8,1.3,0.006,1.74,0.3,1.26,7.7,5.3,0.0203,13,36,-2,5,94.0,29,-8,21,-0.2,0.00748,8.64,0.81,0.38,0.3,0.29,0.29,-1,2004-12-24 22:00:00
2004,359,23,2339,51,52,62,35,7.5,6.4,9.5,159.6,-6.0,2.2,1.1,1.9,1.6,0.9,3.9,1.4,2.9,2.1,63063.0,7.4,365.0,-2.2,-0.9,0.03,27398.0,2.3,14.0,2.3,2.0,0.008,1.84,-0.58,1.05,6.6,4.8,0.0271,13,36,2,5,94.0,138,-88,50,0.7,0.00748,5.7,0.67,0.37,0.32,0.3,0.27,-1,2004-12-24 23:00:00
2004,360,0,2339,51,52,56,33,9.1,8.3,15.8,163.9,-7.7,2.2,2.3,1.7,2.7,0.2,3.5,1.7,2.3,2.2,63398.0,9.0,368.0,-2.2,-2.1,0.028,26932.0,2.0,12.0,1.7,2.3,0.006,2.26,-0.99,0.87,6.1,4.6,0.0323,37,19,-4,22,90.0,308,-230,78,1.7,0.007468,5.45,0.62,0.36,0.31,0.29,0.28,-1,2004-12-25 00:00:00
2004,360,1,2339,51,52,61,32,8.9,7.7,36.2,160.7,-5.8,2.0,4.5,1.1,4.8,0.2,4.4,1.3,3.5,2.4,74606.0,10.2,376.0,-2.8,-3.1,0.024,16155.0,1.4,6.0,2.6,2.2,0.004,2.64,-1.8,1.09,6.7,4.8,0.0261,37,19,-4,22,90.0,246,-147,98,2.6,0.007468,5.71,0.57,0.3,0.25,0.24,0.24,-1,2004-12-25 01:00:00
2004,360,2,2339,51,52,60,36,7.9,6.1,15.9,141.7,-4.6,3.6,1.7,3.3,2.2,0.6,4.9,1.5,1.7,4.3,73039.0,11.4,376.0,-3.8,-1.4,0.023,23041.0,1.6,5.0,1.6,2.8,0.005,2.94,-0.83,1.53,8.0,5.3,0.0184,37,19,1,22,90.0,55,-5,50,0.4,0.007468,4.47,0.63,0.42,0.37,0.32,0.26,-1,2004-12-25 02:00:00
2004,360,3,2339,51,52,64,28,8.5,7.5,-11.3,112.2,-2.8,6.8,-1.5,6.9,-0.8,0.3,3.8,2.3,1.4,2.6,63962.0,12.8,387.0,-5.4,0.6,0.024,13451.0,2.5,9.0,0.7,1.9,0.005,3.51,0.31,1.42,8.1,5.5,0.0179,40,19,4,27,90.0,95,-20,75,0.9,0.007468,3.92,0.46,0.29,0.25,0.25,0.25,-1,2004-12-25 03:00:00
2004,360,4,2339,51,52,62,36,10.1,9.8,-55.2,120.3,-2.8,4.8,-8.0,5.1,-7.8,0.4,2.3,1.5,1.4,1.1,50922.0,11.7,389.0,-3.4,2.8,0.02,23756.0,2.1,10.0,0.8,1.9,0.007,3.19,3.03,0.86,6.6,5.0,0.0274,40,19,-1,27,90.0,164,-77,87,1.3,0.007468,3.12,0.51,0.35,0.31,0.29,0.27,-1,2004-12-25 04:00:00
2004,360,5,2339,51,52,62,35,9.1,7.3,-52.4,235.7,-2.5,-3.7,-5.8,-3.8,-5.8,1.6,5.4,1.4,4.3,3.0,83621.0,15.8,407.0,-0.7,-0.9,0.028,25865.0,4.8,12.0,1.6,2.4,0.008,4.86,2.36,1.68,8.9,5.7,0.0151,40,19,-11,27,90.0,457,-371,86,3.8,0.007468,1.67,0.44,0.35,0.33,0.31,0.3,-1,2004-12-25 05:00:00
2004,360,6,2339,51,52,58,33,8.7,8.2,-11.6,246.9,-3.2,-7.4,-1.7,-7.5,-1.2,1.4,2.8,1.9,1.3,1.6,65590.0,20.6,420.0,-0.7,-2.8,0.019,19110.0,3.7,5.0,1.0,1.3,0.006,6.53,0.5,2.2,11.0,6.4,0.0099,40,19,-12,27,90.0,322,-184,138,1.7,0.007468,1.44,0.44,0.36,0.33,0.33,0.3,-1,2004-12-25 06:00:00
2004,360,7,2339,51,52,63,29,8.0,5.5,-25.3,270.8,0.1,-5.0,-2.3,-5.2,-1.8,2.5,6.3,1.1,5.6,2.5,67519.0,16.2,411.0,-0.7,-4.6,0.021,22229.0,4.1,7.0,1.8,2.4,0.007,4.95,0.74,2.06,10.3,6.2,0.0111,40,19,-11,27,90.0,212,-59,153,1.5,0.007468,1.99,0.45,0.35,0.32,0.32,0.32,-1,2004-12-25 07:00:00
2004,360,8,2339,51,52,59,31,11.1,9.2,43.0,82.2,0.9,6.7,6.3,7.5,5.3,0.6,6.1,0.9,4.4,4.1,51431.0,13.5,419.0,-3.6,-4.0,0.029,16875.0,2.8,5.0,1.5,4.1,0.008,4.42,-2.22,0.82,6.9,5.3,0.0247,40,19,-12,27,90.0,166,-29,137,1.3,0.007468,2.19,0.45,0.36,0.32,0.3,0.27,-1,2004-12-25 08:00:00
2004,360,9,2339,51,52,59,27,8.5,8.0,51.2,251.6,-1.6,-4.8,6.3,-3.7,7.0,2.7,3.7,1.0,1.9,3.0,79034.0,15.9,414.0,0.1,-4.6,0.026,24979.0,4.2,5.0,2.4,2.5,0.004,5.02,-2.9,1.9,9.7,6.0,0.0126,23,19,-5,9,90.0,59,1,59,0.2,0.007468,999999.99,99999.99,99999.99,99999.99,99999.99,99999.99,0,2004-12-25 09:00:00
2004,360,10,2339,51,52,61,33,4.6,3.9,59.5,157.3,-1.8,0.8,3.4,1.3,3.2,0.9,2.6,0.6,2.2,1.2,123536.0,16.7,408.0,0.6,-5.2,0.029,17332.0,1.7,4.0,2.5,1.6,0.004,5.18,-1.31,8.27,18.1,6.3,0.0036,23,19,-5,9,90.0,40,-13,27,0.3,0.007468,999999.99,99999.99,99999.99,99999.99,99999.99,99999.99,0,2004-12-25 10:00:00
2004,360,11,2339,51,52,61,35,7.2,5.8,52.5,75.5,0.9,3.4,4.6,4.1,4.0,1.5,4.5,2.6,1.4,3.4,141767.0,16.8,415.0,-3.8,-5.0,0.03,20785.0,1.9,5.0,0.8,2.0,0.003,5.41,-1.66,3.64,11.8,5.8,0.0085,23,19,-3,9,90.0,75,-38,37,0.7,0.007468,999999.99,99999.99,99999.99,99999.99,99999.99,99999.99,0,2004-12-25 11:00:00
2004,360,12,2339,51,52,61,36,10.0,8.6,64.2,283.2,0.9,-3.6,7.8,-2.5,8.2,1.7,5.4,1.2,4.6,2.4,161191.0,12.5,419.0,-1.5,-5.4,0.044,25655.0,5.1,4.0,1.9,1.5,0.025,4.31,-3.44,1.51,7.4,4.9,0.0217,13,19,-4,5,90.0,55,-24,31,0.2,0.007468,999999.99,99999.99,99999.99,99999.99,99999.99,99999.99,0,2004-12-25 12:00:00
2004,360,13,2339,51,52,63,22,12.9,12.5,67.1,292.5,1.9,-4.5,11.5,-3.2,11.9,0.5,2.8,1.0,2.4,1.1,210795.0,4.6,433.0,-1.5,-7.9,0.066,57826.0,0.7,10.0,1.5,4.1,0.018,1.82,-5.15,0.39,3.6,3.1,0.0918,13,19,-8,5,90.0,33,-9,24,0.1,0.007468,999999.99,99999.99,99999.99,99999.99,99999.99,99999.99,0,2004-12-25 13:00:00
2004,360,14,2339,51,52,64,16,13.0,12.5,37.4,294.1,4.0,-9.0,7.6,-8.4,8.2,0.3,3.6,1.4,2.0,2.6,171019.0,4.2,455.0,-1.1,-10.4,0.057,44841.0,0.4,10.0,1.2,2.9,0.019,1.78,-3.73,0.31,3.6,3.2,0.0925,13,19,-7,5,90.0,34,-10,24,0.3,0.007468,999999.99,99999.99,99999.99,99999.99,99999.99,99999.99,0,2004-12-25 14:00:00
2004,360,15,2339,51,52,61,26,13.3,13.1,17.4,305.6,7.3,-10.1,3.9,-10.0,4.2,0.2,2.1,1.0,0.6,1.7,123878.0,3.6,481.0,1.9,-9.9,0.045,14285.0,0.3,5.0,0.8,1.7,0.005,1.64,-2.02,0.21,3.4,3.2,0.101,17,19,-7,6,90.0,33,-15,18,0.6,0.007468,999999.99,99999.99,99999.99,99999.99,99999.99,99999.99,0,2004-12-25 15:00:00
2004,360,16,2339,51,52,61,30,13.0,12.8,7.4,309.3,8.1,-9.8,1.7,-9.8,1.5,0.3,1.9,1.0,1.0,1.3,124713.0,3.5,488.0,2.0,-6.3,0.05,12880.0,0.2,8.0,1.1,1.9,0.005,1.67,-0.73,0.22,3.5,3.2,0.0965,17,19,-7,6,90.0,158,-140,18,1.1,0.007468,999999.99,99999.99,99999.99,99999.99,99999.99,99999.99,0,2004-12-25 16:00:00
2004,360,17,2339,51,52,57,27,11.9,11.6,-2.2,316.4,8.4,-8.0,-0.4,-8.0,-0.9,0.8,2.7,0.7,2.2,1.4,127111.0,3.2,493.0,0.1,-6.1,0.064,31350.0,0.4,11.0,0.7,1.5,0.012,1.63,0.44,0.24,3.7,3.4,0.0866,17,19,-10,6,90.0,138,-104,34,1.2,0.007468,999999.99,99999.99,99999.99,99999.99,99999.99,99999.99,0,2004-12-25 17:00:00
2004,360,18,2339,51,52,64,17,10.5,9.6,-4.0,329.0,8.2,-4.9,-0.7,-4.8,-1.2,0.4,4.1,1.3,2.7,2.7,143258.0,3.3,498.0,1.6,-7.5,0.046,34034.0,0.5,12.0,0.9,1.8,0.006,1.62,0.6,0.34,4.3,3.8,0.0641,23,19,-13,9,90.0,240,-126,114,1.4,0.007468,0.46,0.35,0.34,0.32,0.31,0.31,-1,2004-12-25 18:00:00
2004,360,19,2339,51,52,59,34,10.5,10.4,5.6,334.5,9.3,-4.5,1.0,-4.6,0.3,0.3,1.4,0.4,0.7,1.2,135968.0,3.2,499.0,1.5,-5.4,0.042,30034.0,0.3,7.0,1.0,1.9,0.006,1.55,-0.15,0.32,4.3,3.8,0.0658,23,19,-17,9,90.0,156,-62,93,0.8,0.007468,0.45,0.35,0.35,0.34,0.33,0.31,-1,2004-12-25 19:00:00
2004,360,20,2339,51,52,61,36,9.7,9.1,17.6,324.0,7.0,-5.1,2.7,-5.5,1.7,0.2,3.3,1.7,1.3,2.4,182074.0,3.5,504.0,-0.7,-3.3,0.064,36808.0,0.5,16.0,1.7,3.4,0.014,1.86,-0.86,0.48,4.9,4.1,0.0504,23,19,-16,9,90.0,77,-24,54,0.4,0.007468,0.44,0.34,0.32,0.31,0.3,0.3,-1,2004-12-25 20:00:00
2004,360,21,2339,51,52,57,34,9.3,9.1,17.6,326.8,7.2,-4.7,2.7,-5.2,1.6,0.2,2.0,1.2,1.2,1.1,177224.0,3.3,491.0,-1.2,-1.6,0.06,39777.0,0.3,13.0,1.2,1.7,0.003,1.65,-0.79,0.49,4.8,4.0,0.0517,23,19,-14,9,90.0,75,-36,38,0.7,0.007468,0.4,0.29,0.29,0.28,0.27,0.26,-1,2004-12-25 21:00:00
2004,360,22,2339,51,52,63,37,9.2,8.9,19.1,323.9,6.8,-5.0,2.9,-5.5,1.7,0.3,2.0,0.7,0.9,1.6,188254.0,3.9,495.0,-1.2,-1.5,0.043,28673.0,0.4,7.0,1.2,2.0,0.017,1.87,-0.84,0.61,5.3,4.3,0.0421,23,19,-12,9,90.0,171,-94,77,0.5,0.007468,0.46,0.37,0.36,0.35,0.33,0.32,-1,2004-12-25 22:00:00
2004,360,23,2339,51,52,58,36,9.6,9.5,15.0,322.0,7.2,-5.6,2.5,-6.0,1.2,0.1,1.5,0.6,0.9,1.0,172605.0,4.1,502.0,-0.3,-2.0,0.035,22130.0,0.2,7.0,0.7,1.2,0.002,1.97,-0.6,0.56,5.3,4.3,0.0424,23,19,-9,9,90.0,91,-29,62,0.4,0.007468,0.42,0.33,0.32,0.31,0.3,0.3,-1,2004-12-25 23:00:00
2004,361,0,2339,51,52,61,37,9.2,8.9,5.2,333.2,7.9,-4.0,0.8,-4.1,-0.1,0.1,2.1,0.6,0.9,1.8,195470.0,3.9,491.0,0.7,-4.2,0.048,36643.0,0.4,6.0,1.5,2.4,0.005,1.87,0.05,0.62,5.3,4.3,0.0428,27,16,-5,12,88.7,94,-16,77,0.8,0.007416,0.39,0.3,0.29,0.28,0.28,0.28,-1,2004-12-26 00:00:00
2004,361,1,2339,51,52,61,37,9.2,8.9,4.5,318.7,6.6,-5.8,0.7,-5.8,-0.4,0.2,2.1,0.6,0.6,1.9,163730.0,5.1,499.0,-0.5,-4.2,0.034,11581.0,0.4,5.0,0.6,1.7,0.005,2.41,0.2,0.73,6.1,4.8,0.0317,27,16,-3,12,88.7,154,-47,107,0.9,0.007416,0.44,0.34,0.34,0.32,0.32,0.31,-1,2004-12-26 01:00:00
2004,361,2,2339,51,52,62,37,8.7,8.0,-12.2,316.5,5.7,-5.4,-1.7,-5.1,-2.5,0.3,3.1,1.4,0.9,2.6,172318.0,5.8,501.0,0.2,-6.1,0.035,30767.0,0.5,13.0,1.0,2.4,0.005,2.77,1.25,0.96,6.9,5.1,0.0247,27,16,-6,12,88.7,202,-79,123,0.9,0.007416,0.42,0.34,0.34,0.32,0.31,0.31,-1,2004-12-26 02:00:00
2004,361,3,2339,51,52,55,29,8.1,5.7,-15.8,356.6,5.5,-0.3,-1.5,-0.1,-1.5,0.4,5.4,2.5,3.5,3.3,196131.0,6.2,502.0,5.3,-5.2,0.042,25884.0,0.5,17.0,3.4,3.0,0.004,3.05,0.75,1.28,7.7,5.3,0.02,27,16,-2,12,88.7,199,-48,151,2.3,0.007416,0.41,0.33,0.31,0.3,0.28,0.27,-1,2004-12-26 03:00:00
2004,361,4,2339,51,52,59,30,8.6,7.8,2.0,325.8,6.5,-4.4,0.3,-4.4,0.1,0.2,3.3,1.0,1.8,2.5,187801.0,5.0,485.0,2.1,-4.0,0.042,50779.0,0.7,12.0,2.6,3.3,0.007,2.29,-0.05,0.89,6.3,4.7,0.0299,27,16,-3,12,88.7,208,-64,144,1.8,0.007416,0.45,0.38,0.38,0.34,0.32,0.32,-1,2004-12-26 04:00:00
2004,361,5,2339,51,52,64,32,8.4,7.6,-1.1,302.5,4.1,-6.4,-0.1,-6.4,-0.1,0.4,3.2,1.9,1.7,2.0,185757.0,5.2,504.0,0.5,-4.5,0.039,30815.0,0.5,19.0,1.7,2.6,0.005,2.55,0.05,0.96,6.8,5.1,0.0254,27,16,-5,12,88.7,263,-72,191,2.0,0.007416,0.45,0.38,0.37,0.35,0.32,0.27,-1,2004-12-26 05:00:00
2004,361,6,2339,51,52,60,33,7.8,5.7,20.7,316.0,3.9,-3.7,2.0,-3.6,2.2,0.3,5.1,1.3,3.6,3.4,240933.0,4.8,521.0,4.0,-2.1,0.049,40563.0,0.6,14.0,3.1,2.7,0.007,2.6,-1.15,1.21,7.3,5.1,0.0222,20,16,-7,7,88.7,138,7,145,1.2,0.007416,0.49,0.41,0.4,0.4,0.4,0.4,-1,2004-12-26 06:00:00
2004,361,7,2339,51,52,60,34,7.9,6.5,28.4,295.7,2.5,-5.2,3.1,-4.9,3.6,0.2,4.0,2.0,2.3,2.6,243731.0,4.6,528.0,3.0,-1.5,0.054,39336.0,0.6,18.0,2.0,2.5,0.01,2.6,-1.9,1.14,7.2,5.1,0.0232,20,16,-8,7,88.7,64,4,68,0.2,0.007416,0.43,0.34,0.32,0.29,0.28,0.28,-1,2004-12-26 07:00:00
2004,361,8,2339,51,52,58,29,8.1,7.1,23.3,312.0,4.4,-4.9,2.8,-4.5,3.4,0.1,3.4,2.0,1.5,2.3,245108.0,4.1,512.0,2.9,-0.9,0.046,63284.0,0.5,22.0,1.5,2.6,0.008,2.13,-1.74,0.97,6.4,4.7,0.029,20,16,-6,7,88.7,77,-17,60,0.4,0.007416,0.41,0.34,0.33,0.31,0.3,0.3,-1,2004-12-26 08:00:00
2004,361,9,2339,51,52,62,32,8.2,7.1,2.1,309.4,4.5,-5.5,0.3,-5.4,1.1,0.2,3.7,2.0,1.7,2.6,212925.0,3.8,500.0,1.5,-2.9,0.038,67272.0,0.5,20.0,1.8,3.6,0.006,1.83,-0.55,0.8,5.9,4.6,0.0337,20,16,-7,7,88.7,49,-15,34,0.1,0.007416,0.4,0.31,0.3,0.28,0.28,0.27,-1,2004-12-26 09:00:00
2004,361,10,2339,51,52,57,25,7.9,7.5,-11.7,294.9,3.1,-6.7,-1.5,-6.9,-0.4,0.2,2.2,1.3,0.5,1.7,177144.0,4.0,509.0,0.1,-5.7,0.032,25196.0,0.3,9.0,0.8,1.8,0.004,1.95,0.2,0.81,6.4,4.9,0.0287,20,16,-7,7,88.7,192,-122,71,0.8,0.007416,0.36,0.27,0.27,0.26,0.25,0.23,-1,2004-12-26 10:00:00
2004,361,11,2339,51,52,62,31,8.2,6.8,-1.2,298.9,3.3,-6.0,-0.1,-5.9,0.8,0.2,4.2,1.2,1.1,3.8,156508.0,3.4,499.0,-0.4,-2.7,0.032,37712.0,0.4,13.0,1.3,4.1,0.004,1.59,-0.4,0.6,5.6,4.6,0.0378,20,16,-6,7,88.7,284,-175,109,1.4,0.007416,0.48,0.39,0.37,0.35,0.33,0.31,-1,2004-12-26 11:00:00
2004,361,12,2339,51,52,62,33,8.0,7.1,26.4,277.4,0.8,-6.3,3.2,-5.8,4.0,0.2,3.6,2.3,0.9,2.6,176534.0,3.2,521.0,-1.4,0.2,0.034,56291.0,0.3,19.0,1.2,2.9,0.005,1.65,-2.08,0.63,5.8,4.7,0.0351,17,16,-6,6,88.7,222,-116,106,1.3,0.007416,0.4,0.31,0.31,0.29,0.28,0.28,-1,2004-12-26 12:00:00
2004,361,13,2339,51,52,60,34,7.3,6.7,37.8,281.0,1.0,-5.2,4.1,-4.8,4.6,0.3,2.7,1.3,1.0,2.1,190597.0,3.3,521.0,-0.2,1.8,0.038,41072.0,0.4,15.0,1.2,1.6,0.005,1.72,-2.4,0.82,6.5,5.0,0.0283,17,16,-5,6,88.7,39,2,41,0.2,0.007416,999999.99,99999.99,99999.99,99999.99,99999.99,99999.99,0,2004-12-26 13:00:00
2004,361,14,2339,51,52,58,34,7.7,6.9,54.2,294.4,1.7,-3.7,5.6,-3.3,5.8,0.4,3.4,1.6,2.6,1.5,175384.0,3.7,523.0,1.4,2.9,0.039,42128.0,0.4,15.0,2.3,1.5,0.005,1.95,-3.03,0.79,6.5,5.0,0.0279,17,16,-4,6,88.7,43,-7,36,0.1,0.007416,999999.99,99999.99,99999.99,99999.99,99999.99,99999.99,0,2004-12-26 14:00:00
2004,361,15,2339,51,52,59,32,8.1,7.7,0.6,300.7,3.9,-6.6,0.1,-6.6,0.2,0.3,2.4,0.7,0.7,2.2,149983.0,3.9,506.0,-2.5,-2.8,0.032,23585.0,0.4,6.0,0.7,2.3,0.004,1.88,-0.1,0.69,6.2,4.9,0.0313,30,16,-8,15,88.7,89,-59,30,1.0,0.007416,999999.99,99999.99,99999.99,99999.99,99999.99,99999.99,0,2004-12-26 15:00:00
2004,361,16,2339,51,52,63,27,7.3,6.5,-10.8,309.5,4.0,-4.9,-1.2,-4.9,-1.3,0.2,3.2,1.3,1.6,2.5,151611.0,3.7,502.0,-1.5,-3.9,0.034,23101.0,0.4,9.0,1.8,2.8,0.005,1.77,0.65,0.81,6.6,5.1,0.0272,30,16,-15,15,88.7,372,-286,85,1.9,0.007416,999999.99,99999.99,99999.99,99999.99,99999.99,99999.99,0,2004-12-26 16:00:00
2004,361,17,2339,51,52,61,31,6.8,6.0,31.6,274.2,0.4,-5.1,3.2,-5.3,2.8,0.2,2.9,1.7,1.4,1.9,140884.0,3.3,526.0,-1.9,0.5,0.04,38861.0,0.5,19.0,1.7,2.6,0.009,1.77,-1.47,0.8,7.0,5.4,0.0241,30,16,-16,15,88.7,183,-128,55,1.5,0.007416,999999.99,99999.99,99999.99,99999.99,99999.99,99999.99,0,2004-12-26 17:00:00
2004,361,18,2339,51,52,54,32,6.5,6.1,20.2,298.1,2.7,-5.0,2.1,-5.2,1.5,0.1,2.1,1.1,1.1,1.4,136190.0,3.5,508.0,-2.6,-0.4,0.05,28192.0,0.3,12.0,1.7,1.9,0.008,1.81,-0.76,0.91,7.3,5.5,0.0223,30,16,-16,15,88.7,129,-78,51,0.7,0.007416,0.47,0.39,0.37,0.34,0.3,0.25,-1,2004-12-26 18:00:00
2004,361,19,2339,51,52,58,33,6.8,6.7,9.1,326.3,5.5,-3.7,1.1,-3.8,0.5,0.1,0.9,0.5,0.7,0.4,119921.0,3.0,477.0,-2.6,-1.2,0.047,35446.0,0.4,8.0,1.0,1.0,0.01,1.35,-0.24,0.67,6.1,4.8,0.0322,30,16,-12,15,88.7,121,-88,33,0.8,0.007416,0.37,0.29,0.29,0.27,0.26,0.26,-1,2004-12-26 19:00:00
2004,361,20,2339,51,52,64,37,6.8,6.4,17.3,309.4,3.9,-4.7,1.9,-5.0,1.0,0.1,2.1,1.4,1.1,1.1,110979.0,3.3,488.0,-2.0,-0.3,0.059,27439.0,0.4,14.0,1.1,1.4,0.012,1.62,-0.49,0.71,6.5,5.1,0.028,30,16,-10,15,88.7,262,-201,60,1.2,0.007416,0.41,0.33,0.32,0.31,0.29,0.27,-1,2004-12-26 20:00:00
2004,361,21,2339,51,52,57,30,7.2,6.4,5.7,299.1,3.1,-5.6,0.6,-5.6,-0.6,0.1,2.9,2.1,1.9,0.9,130466.0,3.4,500.0,-1.6,-1.6,0.057,27339.0,0.5,20.0,2.2,1.5,0.014,1.74,0.3,0.71,6.4,5.0,0.029,27,16,-7,12,88.7,115,-81,34,0.6,0.007416,0.4,0.33,0.32,0.32,0.32,0.31,-1,2004-12-26 21:00:00
2004,361,22,2339,51,52,59,36,7.0,6.6,-3.5,329.4,5.7,-3.4,-0.4,-3.2,-1.2,0.1,2.2,0.8,1.5,1.4,122083.0,3.2,472.0,-0.3,-2.3,0.061,26830.0,0.5,9.0,2.5,2.1,0.014,1.48,0.57,0.68,6.0,4.8,0.0327,27,16,-5,12,88.7,66,-20,47,-0.0,0.007416,0.47,0.39,0.37,0.36,0.33,0.29,-1,2004-12-26 22:00:00
2004,361,23,2339,51,52,60,36,7.3,6.8,8.4,331.6,5.9,-3.2,1.0,-3.3,0.2,0.1,2.3,1.5,1.4,1.0,117358.0,3.4,470.0,-1.1,0.3,0.045,24163.0,0.5,16.0,1.7,1.7,0.004,1.48,-0.09,0.65,5.9,4.7,0.0338,27,16,-4,12,88.7,96,-48,48,0.4,0.007416,0.44,0.36,0.35,0.33,0.32,0.31,-1,2004-12-26 23:00:00
2004,362,0,2339,51,52,60,37,7.1,6.7,6.9,323.5,5.3,-3.9,0.8,-4.0,-0.1,0.1,2.1,0.8,0.8,1.8,104629.0,3.3,473.0,-2.4,0.5,0.048,16606.0,0.4,10.0,1.1,2.4,0.004,1.47,0.05,0.63,6.1,4.9,0.0325,20,16,-3,7,93.7,107,-70,36,0.7,0.007297,0.41,0.33,0.32,0.3,0.29,0.27,-1,2004-12-27 00:00:00
2004,362,1,2339,51,52,61,37,7.3,6.8,15.5,336.4,6.0,-2.6,1.8,-2.9,1.3,0.2,2.5,0.9,1.8,1.5,110568.0,3.5,465.0,-0.2,2.4,0.041,15067.0,0.3,10.0,2.3,2.2,0.004,1.47,-0.6,0.65,6.0,4.8,0.0335,20,16,-5,7,93.7,62,-29,34,0.6,0.007297,0.4,0.32,0.32,0.31,0.3,0.29,-1,2004-12-27 01:00:00
2004,362,2,2339,51,52,60,36,7.5,6.6,16.5,296.2,2.8,-5.7,1.9,-5.9,1.0,0.2,3.2,2.0,1.4,2.1,136375.0,4.4,500.0,-2.0,1.9,0.052,27619.0,0.8,20.0,0.8,1.9,0.013,2.22,-0.5,0.86,7.0,5.3,0.0243,20,16,-4,7,93.7,62,-8,54,0.7,0.007297,0.41,0.33,0.32,0.31,0.29,0.28,-1,2004-12-27 02:00:00
2004,362,3,2339,51,52,59,31,8.0,7.3,-15.0,337.9,6.5,-2.6,-1.9,-2.4,-2.2,0.7,3.1,1.5,1.8,2.1,136605.0,4.3,474.0,-0.2,-1.5,0.061,22433.0,0.4,12.0,2.2,2.3,0.013,2.01,1.04,0.74,6.1,4.8,0.0315,23,16,0,9,93.7,61,-15,46,0.2,0.007297,0.45,0.36,0.34,0.33,0.31,0.29,-1,2004-12-27 03:00:00
2004,362,4,2339,51,52,61,35,8.7,7.8,-28.9,352.5,6.7,-0.9,-3.8,-0.7,-3.8,0.4,3.8,1.6,3.0,1.8,138727.0,4.8,475.0,2.0,-2.7,0.059,24497.0,0.6,14.0,3.3,1.6,0.012,2.24,1.8,0.7,6.0,4.7,0.0333,23,16,-1,9,93.7,62,-9,53,-0.0,0.007297,0.44,0.34,0.32,0.3,0.29,0.29,-1,2004-12-27 04:00:00
2004,362,5,2339,51,52,64,38,8.1,6.6,1.0,324.3,5.4,-3.9,0.1,-3.9,0.1,0.8,4.6,1.5,3.0,3.2,170339.0,5.3,503.0,0.3,1.6,0.054,50842.0,0.8,13.0,2.3,2.6,0.012,2.72,-0.05,1.0,7.1,5.2,0.0233,23,16,-7,9,93.7,105,-41,64,0.5,0.007297,0.38,0.28,0.27,0.25,0.25,0.25,-1,2004-12-27 05:00:00
2004,362,6,2339,51,52,65,38,7.3,5.9,52.1,322.9,2.9,-2.2,4.7,-2.0,4.8,1.0,4.3,2.6,2.3,2.6,241111.0,6.5,533.0,3.0,3.8,0.055,50808.0,1.0,20.0,1.4,1.4,0.009,3.76,-2.56,1.87,9.3,5.7,0.0137,27,16,-4,12,93.7,272,-105,167,2.9,0.007297,0.4,0.3,0.29,0.26,0.25,0.23,-1,2004-12-27 06:00:00
2004,362,7,2339,51,52,57,32,8.8,8.1,51.8,272.8,0.2,-5.0,6.3,-4.4,6.7,0.4,3.3,2.1,1.9,1.7,250096.0,6.3,551.0,0.5,4.9,0.054,115688.0,1.4,12.0,1.8,1.3,0.014,3.88,-3.69,1.28,7.9,5.4,0.0193,27,16,4,12,93.7,131,8,139,0.8,0.007297,0.43,0.34,0.34,0.32,0.31,0.31,-1,2004-12-27 07:00:00
2004,362,8,2339,51,52,63,36,9.5,7.5,22.6,297.2,3.2,-6.2,2.9,-5.8,3.6,0.4,5.8,4.3,2.1,3.2,183101.0,5.9,535.0,-1.2,3.8,0.038,38058.0,1.0,25.0,1.8,2.1,0.008,3.25,-1.93,0.85,6.8,5.2,0.0254,27,16,5,12,93.7,57,6,63,-0.1,0.007297,0.38,0.29,0.28,0.27,0.26,0.25,-1,2004-12-27 08:00:00
2004,362,9,2339,51,52,56,33,10.0,8.7,28.9,288.7,2.4,-7.2,4.2,-6.5,5.2,0.1,4.9,4.1,1.3,2.4,151467.0,5.0,534.0,-2.7,4.9,0.041,26910.0,0.6,26.0,1.1,1.6,0.009,2.77,-2.78,0.58,6.0,4.9,0.0334,13,16,4,5,93.7,47,0,47,-0.1,0.007297,0.41,0.33,0.32,0.3,0.3,0.3,-1,2004-12-27 09:00:00
2004,362,10,2339,51,52,60,33,9.9,9.6,31.9,291.2,3.0,-7.6,5.1,-6.8,6.2,0.2,2.3,1.5,0.8,1.5,150245.0,5.7,528.0,-2.9,6.5,0.04,18086.0,0.7,11.0,0.6,1.6,0.006,3.08,-3.27,0.67,6.4,5.1,0.0293,13,16,4,5,93.7,32,-2,31,-0.1,0.007297,0.42,0.33,0.32,0.31,0.3,0.29,-1,2004-12-27 10:00:00
2004,362,11,2339,51,52,61,36,8.7,8.3,52.6,255.0,-1.3,-4.9,6.6,-3.9,7.2,0.6,2.5,2.3,0.7,0.8,163333.0,5.2,537.0,-2.6,7.4,0.046,42222.0,0.9,9.0,0.5,1.5,0.009,2.96,-3.87,0.83,7.0,5.4,0.024,13,16,7,5,93.7,35,-6,29,0.1,0.007297,0.39,0.3,0.29,0.28,0.28,0.26,-1,2004-12-27 11:00:00
2004,362,12,2339,51,52,57,30,8.5,7.6,27.7,284.1,1.6,-6.5,3.5,-6.0,4.3,0.4,3.6,1.4,2.5,2.3,148926.0,4.8,511.0,-4.4,6.5,0.046,31966.0,0.6,11.0,2.0,1.9,0.007,2.48,-2.2,0.77,6.6,5.1,0.0274,10,16,7,4,93.7,31,-2,29,0.1,0.007297,0.51,0.33,0.32,0.31,0.29,0.27,-1,2004-12-27 12:00:00
2004,362,13,2339,51,52,61,35,8.2,7.5,28.1,279.1,1.0,-6.5,3.5,-6.1,4.1,0.6,3.2,1.3,1.7,2.4,131493.0,5.2,512.0,-4.8,6.7,0.046,22498.0,0.7,11.0,0.8,1.6,0.008,2.7,-2.1,0.84,7.1,5.4,0.0235,10,16,5,4,93.7,42,-5,36,0.2,0.007297,0.49,0.32,0.3,0.29,0.27,0.25,-1,2004-12-27 13:00:00
2004,362,14,2339,51,52,59,29,7.6,7.0,41.0,268.7,-0.1,-5.3,4.6,-5.0,4.9,0.3,2.6,1.5,1.2,1.8,128097.0,5.7,513.0,-4.2,6.5,0.047,36172.0,0.5,9.0,1.2,1.3,0.004,2.98,-2.51,1.05,8.1,5.8,0.0183,10,16,3,4,93.7,44,-6,37,0.2,0.007297,0.59,0.36,0.34,0.32,0.3,0.29,-1,2004-12-27 14:00:00
2004,362,15,2339,51,52,56,32,7.8,7.3,18.5,297.4,3.2,-6.1,2.3,-6.1,2.4,0.1,2.6,1.1,0.9,2.1,87518.0,5.9,487.0,-3.4,3.8,0.044,12837.0,0.5,10.0,0.4,1.6,0.004,2.75,-1.17,0.87,7.6,5.7,0.0207,10,16,-1,4,93.7,67,-28,39,0.4,0.007297,0.59,0.31,0.29,0.27,0.26,0.25,-1,2004-12-27 15:00:00
2004,362,16,2339,51,52,60,37,7.7,7.0,13.7,312.8,4.6,-5.0,1.7,-5.1,1.5,0.2,3.0,0.8,1.1,2.6,77568.0,5.8,469.0,-2.1,1.2,0.04,10126.0,0.5,6.0,1.2,2.2,0.005,2.47,-0.7,0.84,7.3,5.6,0.0221,10,16,-5,4,93.7,104,-69,35,0.5,0.007297,0.61,0.29,0.23,0.22,0.22,0.22,-1,2004-12-27 16:00:00
2004,362,17,2339,51,52,61,37,8.9,7.9,31.1,285.0,1.8,-6.5,4.1,-6.8,3.6,0.4,4.0,1.4,1.2,3.5,64358.0,4.7,480.0,-2.0,1.1,0.036,7775.0,0.3,5.0,0.8,1.1,0.004,2.07,-1.73,0.48,5.8,4.9,0.0348,10,16,-5,4,93.7,152,-93,60,0.6,0.007297,999999.99,99999.99,99999.99,99999.99,99999.99,99999.99,0,2004-12-27 17:00:00
2004,362,18,2339,51,52,58,36,9.0,8.4,4.3,300.4,4.2,-7.2,0.6,-7.2,-0.3,0.1,3.1,1.0,0.8,2.8,58056.0,4.8,474.0,-2.2,1.2,0.04,9520.0,0.3,4.0,0.3,1.1,0.005,2.09,0.14,0.46,5.8,4.9,0.0357,27,16,-2,12,93.7,60,-25,35,0.4,0.007297,999999.99,99999.99,99999.99,99999.99,99999.99,99999.99,0,2004-12-27 18:00:00
2004,362,19,2339,51,52,61,36,8.5,8.3,-28.8,306.6,4.4,-5.9,-4.0,-5.1,-4.9,0.2,1.6,0.5,0.6,1.4,36663.0,4.9,468.0,-1.9,-1.2,0.038,3866.0,0.3,2.0,0.3,0.4,0.006,2.06,2.29,0.47,6.1,5.1,0.032,27,16,-4,12,93.7,168,-119,49,1.1,0.007297,999999.99,99999.99,99999.99,99999.99,99999.99,99999.99,0,2004-12-27 19:00:00
2004,362,20,2339,51,52,58,30,8.1,7.8,-21.5,319.2,5.5,-4.8,-2.9,-4.1,-3.8,0.1,1.9,0.7,0.7,1.7,30800.0,4.9,462.0,-1.2,-2.0,0.034,4310.0,0.4,5.0,0.6,1.0,0.002,1.98,1.76,0.49,6.3,5.3,0.0298,27,16,-11,12,93.7,511,-399,112,1.6,0.007297,999999.99,99999.99,99999.99,99999.99,99999.99,99999.99,0,2004-12-27 20:00:00
2004,362,21,2339,51,52,60,32,8.0,7.9,-13.9,330.1,6.6,-3.8,-1.9,-3.3,-2.7,0.1,1.1,0.2,0.7,0.8,29247.0,5.1,454.0,-0.6,-2.5,0.032,1641.0,0.2,1.0,0.4,0.4,0.001,1.98,1.23,0.52,6.4,5.3,0.029,27,16,-16,12,93.7,471,-164,306,1.8,0.007297,999999.99,99999.99,99999.99,99999.99,99999.99,99999.99,0,2004-12-27 21:00:00
2004,362,22,2339,51,52,60,36,7.9,7.8,-23.9,340.3,6.7,-2.4,-3.1,-1.6,-3.6,0.1,1.3,0.2,0.9,0.8,27942.0,4.6,453.0,0.7,-2.4,0.031,5073.0,0.5,2.0,0.4,0.7,0.005,1.77,1.63,0.48,6.1,5.2,0.0315,27,16,-16,12,93.7,289,-75,214,1.3,0.007297,3.19,0.47,0.34,0.31,0.31,0.3,-1,2004-12-27 22:00:00
2004,362,23,2339,51,52,61,34,7.9,7.8,-33.6,349.0,6.4,-1.2,-4.3,-0.1,-4.5,0.1,0.9,0.2,0.8,0.2,23180.0,3.9,458.0,1.2,-2.0,0.029,4661.0,0.4,2.0,0.3,0.6,0.002,1.52,2.06,0.39,5.7,4.9,0.0363,27,16,-17,12,93.7,249,-108,141,1.4,0.007297,2.9,0.44,0.32,0.28,0.28,0.28,-1,2004-12-27 23:00:00
2004,363,0,2339,51,52,60,25,7.5,7.5,-34.9,358.9,6.1,-0.1,-4.3,0.9,-4.2,0.1,0.9,0.4,0.6,0.4,20141.0,4.0,456.0,1.1,-2.7,0.027,1968.0,0.2,2.0,0.3,0.6,0.003,1.54,1.92,0.44,6.1,5.2,0.0322,23,27,-18,9,101.7,239,-123,116,1.6,0.007225,2.01,0.37,0.28,0.25,0.25,0.25,-1,2004-12-28 00:00:00
2004,363,1,2339,51,52,59,30,7.5,7.4,-46.0,345.2,5.0,-1.3,-5.3,-0.2,-5.5,0.1,0.8,0.4,0.4,0.5,17106.0,4.0,459.0,1.8,-0.8,0.034,2142.0,0.3,3.0,0.3,0.5,0.003,1.6,2.52,0.43,6.1,5.2,0.0318,23,27,-24,9,101.7,290,-150,140,1.8,0.007225,1.75,0.35,0.27,0.24,0.23,0.23,-1,2004-12-28 01:00:00
2004,363,2,2339,51,52,59,32,7.4,7.3,-33.6,355.9,6.1,-0.4,-4.0,0.3,-4.0,0.1,1.3,0.3,1.2,0.3,17812.0,4.8,453.0,2.4,-0.2,0.037,3073.0,0.5,3.0,0.7,0.6,0.006,1.89,1.81,0.53,6.7,5.5,0.0264,23,27,-27,9,101.7,261,-145,116,2.0,0.007225,1.71,0.43,0.35,0.33,0.32,0.29,-1,2004-12-28 02:00:00
2004,363,3,2339,51,52,59,35,7.2,7.1,-28.9,1.7,6.3,0.2,-3.5,0.6,-3.4,0.1,0.9,0.3,0.7,0.5,18582.0,4.5,447.0,2.8,0.8,0.035,3945.0,0.5,3.0,0.6,0.7,0.005,1.71,1.52,0.53,6.6,5.5,0.0274,23,27,-27,9,101.7,208,-107,101,1.6,0.007225,1.42,0.35,0.29,0.25,0.24,0.24,-1,2004-12-28 03:00:00
2004,363,4,2339,51,52,61,34,7.2,7.1,-26.4,353.9,6.3,-0.7,-3.2,-0.5,-3.2,0.1,1.0,0.3,0.8,0.5,17593.0,4.2,446.0,1.5,0.6,0.034,2245.0,0.3,2.0,0.5,0.6,0.003,1.58,1.43,0.49,6.3,5.3,0.0295,23,27,-22,9,101.7,166,-46,120,1.2,0.007225,1.48,0.4,0.34,0.31,0.3,0.3,-1,2004-12-28 04:00:00
2004,363,5,2339,51,52,58,29,7.1,7.1,-23.9,351.2,6.4,-1.0,-2.9,-1.0,-2.9,0.1,0.7,0.3,0.5,0.4,16006.0,4.0,440.0,1.7,0.8,0.035,2555.0,0.3,2.0,0.4,0.5,0.005,1.47,1.28,0.48,6.2,5.2,0.031,23,27,-21,9,101.7,145,-52,94,0.8,0.007225,1.41,0.36,0.3,0.27,0.26,0.26,-1,2004-12-28 05:00:00
2004,363,6,2339,51,52,60,31,7.1,7.0,-32.1,351.3,5.9,-0.9,-3.7,-1.0,-3.7,0.1,0.9,0.4,0.5,0.6,16712.0,3.9,437.0,1.5,0.5,0.035,2407.0,0.3,2.0,0.5,0.7,0.004,1.42,1.62,0.47,6.1,5.1,0.0322,20,27,-22,7,101.7,174,-109,65,0.8,0.007225,1.28,0.38,0.32,0.29,0.28,0.28,-1,2004-12-28 06:00:00
2004,363,7,2339,51,52,60,32,7.0,7.0,-33.3,350.5,5.8,-1.0,-3.9,-1.3,-3.8,0.0,0.4,0.1,0.3,0.2,15473.0,4.0,437.0,1.2,-0.5,0.033,777.0,0.1,2.0,0.3,0.6,0.002,1.44,1.66,0.49,6.2,5.2,0.0305,20,27,-27,7,101.7,194,-104,89,1.4,0.007225,1.16,0.32,0.26,0.24,0.24,0.24,-1,2004-12-28 07:00:00
2004,363,8,2339,51,52,60,35,7.2,7.1,-27.1,356.5,6.3,-0.4,-3.2,-0.8,-3.1,0.1,0.8,0.3,0.3,0.6,15504.0,4.1,432.0,1.6,-0.1,0.033,2258.0,0.3,2.0,0.5,0.7,0.003,1.45,1.34,0.47,6.1,5.1,0.0322,20,27,-28,7,101.7,295,-197,97,2.1,0.007225,999999.99,99999.99,99999.99,99999.99,99999.99,99999.99,0,2004-12-28 08:00:00
2004,363,9,2339,51,52,60,33,7.3,7.3,-36.0,342.0,5.6,-1.8,-4.3,-2.4,-4.0,0.1,1.0,0.4,0.8,0.5,15317.0,4.7,434.0,0.0,-0.8,0.035,1177.0,0.3,2.0,0.9,0.7,0.003,1.69,1.74,0.53,6.4,5.3,0.0286,23,27,-20,9,101.7,371,-243,128,2.3,0.007225,1.01,0.28,0.23,0.21,0.2,0.2,-1,2004-12-28 09:00:00
2004,363,10,2339,51,52,60,35,7.7,7.7,-42.0,349.6,5.6,-1.0,-5.1,-1.7,-4.9,0.1,0.9,0.4,0.7,0.3,14739.0,4.9,430.0,0.7,-1.1,0.035,1265.0,0.2,3.0,0.6,0.6,0.002,1.72,2.11,0.49,6.2,5.2,0.0311,23,27,-18,9,101.7,454,-255,199,3.1,0.007225,1.0,0.37,0.32,0.31,0.3,0.29,-1,2004-12-28 10:00:00
2004,363,11,2339,51,52,59,29,7.5,7.3,-43.5,348.4,5.2,-1.1,-5.0,-1.8,-4.8,0.1,1.5,0.4,1.3,0.5,16195.0,5.0,432.0,0.5,-1.6,0.035,2919.0,0.6,3.0,1.4,0.9,0.005,1.78,2.07,0.53,6.4,5.3,0.0287,23,27,-15,9,101.7,532,-332,200,3.6,0.007225,0.88,0.3,0.26,0.24,0.23,0.23,-1,2004-12-28 11:00:00
2004,363,12,2339,51,52,60,33,7.9,7.3,-41.4,13.5,5.4,1.3,-4.9,0.7,-5.0,0.1,2.8,1.1,2.2,1.3,16097.0,5.2,433.0,2.1,-1.5,0.037,1868.0,0.5,9.0,2.0,1.4,0.005,1.87,2.17,0.5,6.2,5.2,0.0305,23,27,-18,9,101.7,360,-188,171,1.6,0.007225,0.85,0.34,0.3,0.29,0.28,0.26,-1,2004-12-28 12:00:00
2004,363,13,2339,51,52,59,28,7.8,7.5,-27.7,29.5,5.8,3.3,-3.5,3.0,-3.8,0.1,1.8,0.7,0.6,1.6,16810.0,5.3,429.0,4.0,-1.0,0.037,1898.0,0.3,6.0,0.9,1.3,0.005,1.87,1.63,0.53,6.3,5.3,0.0297,23,27,-12,9,101.7,146,-92,54,1.0,0.007225,0.79,0.3,0.27,0.26,0.26,0.26,-1,2004-12-28 13:00:00
2004,363,14,2339,51,52,59,31,7.7,7.6,-21.2,2.6,7.1,0.3,-2.8,0.2,-2.8,0.1,1.2,0.2,1.0,0.5,18369.0,5.1,412.0,1.6,-0.4,0.04,2793.0,0.2,4.0,1.1,0.8,0.002,1.68,1.15,0.53,6.0,5.0,0.0326,23,27,-13,9,101.7,99,-61,38,1.5,0.007225,0.78,0.3,0.26,0.25,0.24,0.24,-1,2004-12-28 14:00:00
2004,363,15,2339,51,52,61,35,7.7,7.4,-24.0,29.0,5.9,3.3,-3.0,3.3,-3.0,0.1,1.9,1.0,1.6,0.5,16616.0,5.0,419.0,4.1,-1.1,0.038,2089.0,0.4,7.0,1.5,0.6,0.005,1.69,1.26,0.51,6.1,5.1,0.0321,33,27,-10,18,101.7,303,-261,42,1.9,0.007225,0.8,0.32,0.28,0.27,0.26,0.26,-1,2004-12-28 15:00:00
2004,363,16,2339,51,52,61,35,7.5,6.9,-41.9,27.3,4.6,2.4,-4.6,2.6,-4.5,0.1,2.8,0.3,2.1,1.8,18752.0,5.4,425.0,3.1,-1.8,0.029,5362.0,0.5,3.0,1.4,1.0,0.005,1.82,1.91,0.59,6.6,5.4,0.0274,33,27,-9,18,101.7,584,-506,78,3.1,0.007225,0.75,0.32,0.28,0.27,0.26,0.26,-1,2004-12-28 16:00:00
2004,363,17,2339,51,52,60,34,7.8,7.7,-53.3,21.4,4.3,1.7,-6.2,2.2,-6.0,0.1,1.0,0.2,0.9,0.3,15262.0,5.6,427.0,2.3,-2.5,0.025,1805.0,0.5,2.0,0.8,0.4,0.005,1.88,2.56,0.55,6.5,5.3,0.0283,33,27,-16,18,101.7,903,-694,209,4.2,0.007225,999999.99,99999.99,99999.99,99999.99,99999.99,99999.99,0,2004-12-28 17:00:00
2004,363,18,2339,51,52,61,32,7.7,7.5,-40.3,52.3,3.5,4.5,-4.9,5.1,-4.3,0.1,1.7,0.8,1.3,0.8,21090.0,6.8,434.0,3.1,-1.5,0.033,3727.0,0.7,5.0,0.7,0.6,0.006,2.42,1.87,0.71,7.3,5.8,0.022,47,27,-18,39,101.7,772,-526,246,4.1,0.007225,999999.99,99999.99,99999.99,99999.99,99999.99,99999.99,0,2004-12-28 18:00:00
2004,363,19,2339,51,52,61,31,8.5,8.1,-60.4,308.6,2.5,-3.1,-7.0,-1.8,-7.4,0.3,2.6,0.6,2.5,0.7,22837.0,3.5,445.0,-0.6,-1.5,0.056,7003.0,1.0,6.0,1.4,0.9,0.012,1.42,3.29,0.3,4.9,4.4,0.0496,47,27,-27,39,101.7,488,-285,203,3.0,0.007225,999999.99,99999.99,99999.99,99999.99,99999.99,99999.99,0,2004-12-28 19:00:00
2004,363,20,2339,51,52,60,33,8.5,8.3,-58.3,303.6,2.4,-3.6,-7.1,-2.0,-7.7,0.1,1.6,0.7,1.4,0.5,27689.0,3.4,441.0,-0.1,-1.4,0.07,10619.0,0.4,6.0,1.8,0.7,0.019,1.41,3.4,0.31,4.8,4.3,0.052,47,27,-36,39,101.7,477,-344,133,3.7,0.007225,999999.99,99999.99,99999.99,99999.99,99999.99,99999.99,0,2004-12-28 20:00:00
2004,363,21,2339,51,52,60,34,8.7,8.6,-54.8,297.5,2.3,-4.4,-7.0,-2.6,-7.8,0.1,1.5,0.6,1.2,0.6,17477.0,3.5,440.0,-1.1,-2.0,0.058,3718.0,0.3,6.0,1.2,1.0,0.008,1.39,3.43,0.28,4.7,4.2,0.0531,43,27,-35,32,101.7,636,-420,217,4.5,0.007225,999999.99,99999.99,99999.99,99999.99,99999.99,99999.99,0,2004-12-28 21:00:00
2004,363,22,2339,51,52,57,28,8.4,7.7,-63.2,306.0,2.0,-2.8,-6.9,-1.0,-7.4,0.2,3.2,0.6,2.9,1.3,33138.0,4.1,444.0,0.7,-1.5,0.082,12897.0,0.4,5.0,2.7,1.6,0.011,1.79,3.29,0.39,5.4,4.6,0.0415,43,27,-40,32,101.7,428,-236,192,3.0,0.007225,999999.99,99999.99,99999.99,99999.99,99999.99,99999.99,0,2004-12-28 22:00:00
2004,363,23,2339,71,71,15,15,8.2,7.8,-61.4,315.6,2.7,-2.6,-6.9,-0.8,-7.3,0.2,1.9,1.2,1.4,0.4,28488.0,5.7,432.0,0.9,0.7,9.999,8770.0,0.4,6.0,1.9,0.6,9.999,2.13,3.15,0.55,6.3,5.2,0.0301,43,27,-42,32,101.7,484,-330,153,2.8,0.007225,999999.99,99999.99,99999.99,99999.99,99999.99,99999.99,0,2004-12-28 23:00:00
2004,364,0,2339,71,71,15,15,8.2,7.7,-54.6,318.8,3.4,-2.9,-6.3,-1.3,-6.8,0.2,2.3,1.2,2.0,0.4,25403.0,5.8,425.0,0.6,0.7,9.999,8950.0,0.6,6.0,2.2,0.4,9.999,2.1,2.89,0.55,6.2,5.1,0.0305,43,19,-44,32,95.3,623,-504,119,3.6,0.00722,0.67,0.36,0.34,0.32,0.3,0.27,-1,2004-12-29 00:00:00
2004,364,1,2339,51,52,11,6,8.2,8.1,-29.0,276.4,0.8,-7.0,-3.9,-6.0,-5.3,0.1,1.2,0.7,0.5,0.9,28465.0,5.5,430.0,-1.9,-2.7,0.075,2719.0,0.6,1.0,0.4,0.5,0.01,2.21,2.28,0.53,6.1,5.1,0.0315,43,19,-44,32,95.3,393,-210,182,3.8,0.00722,0.88,0.33,0.28,0.27,0.26,0.26,-1,2004-12-29 01:00:00
2004,364,2,2339,51,52,60,37,8.7,8.5,-37.8,309.2,4.3,-5.2,-5.2,-4.2,-6.0,0.2,1.7,1.2,0.9,0.8,34360.0,5.3,427.0,-1.8,-2.3,0.08,4440.0,0.4,7.0,0.8,0.9,0.008,2.13,2.56,0.47,5.6,4.8,0.0373,43,19,-47,32,95.3,403,-248,155,3.1,0.00722,0.81,0.36,0.32,0.29,0.29,0.29,-1,2004-12-29 02:00:00
2004,364,3,2339,51,52,57,33,9.1,8.8,-40.4,323.6,5.4,-4.0,-5.7,-3.2,-6.2,0.2,2.0,0.8,1.3,1.3,52016.0,5.9,431.0,-1.3,-3.1,0.094,11827.0,0.4,6.0,1.0,1.4,0.015,2.52,2.67,0.53,5.8,4.8,0.0359,37,19,-45,22,95.3,291,-164,127,2.8,0.00722,0.77,0.43,0.38,0.34,0.33,0.33,-1,2004-12-29 03:00:00
2004,364,4,2339,51,52,63,37,8.2,6.0,-14.9,353.5,5.8,-0.7,-1.6,-0.6,-1.6,0.7,5.3,2.6,3.5,3.0,78759.0,5.6,429.0,1.5,0.7,0.119,25684.0,1.1,16.0,2.7,2.9,0.035,2.54,0.69,0.72,6.2,4.9,0.031,37,19,-47,22,95.3,287,-153,134,2.3,0.00722,0.51,0.29,0.26,0.25,0.24,0.24,-1,2004-12-29 04:00:00
2004,364,5,2339,51,52,60,30,7.3,6.1,-36.3,308.6,3.0,-3.8,-3.6,-3.7,-3.7,0.3,3.8,2.0,2.7,1.8,102338.0,7.6,445.0,-1.8,-0.6,0.078,14818.0,0.8,12.0,1.9,1.6,0.024,3.3,1.65,1.37,8.4,5.7,0.0168,37,19,-39,22,95.3,396,-156,240,3.8,0.00722,0.43,0.28,0.25,0.24,0.23,0.23,-1,2004-12-29 05:00:00
2004,364,6,2339,51,52,62,37,7.0,5.3,-31.8,309.3,2.9,-3.5,-2.8,-3.6,-2.7,0.3,4.3,2.1,2.4,2.8,107805.0,7.7,442.0,-1.5,0.2,0.063,15562.0,0.7,12.0,1.8,2.6,0.009,3.15,1.19,1.54,8.8,5.7,0.0155,27,19,-43,12,95.3,428,-167,262,3.7,0.00722,0.42,0.24,0.22,0.21,0.2,0.19,-1,2004-12-29 06:00:00
2004,364,7,2339,51,52,58,29,7.1,6.1,-30.8,282.1,1.1,-5.1,-3.1,-5.3,-2.7,0.1,3.2,2.3,1.1,2.0,111519.0,7.5,447.0,-2.3,0.0,0.055,22548.0,0.8,14.0,0.8,2.1,0.008,3.05,1.21,1.48,8.6,5.7,0.016,27,19,-41,12,95.3,196,-65,131,1.8,0.00722,0.56,0.39,0.35,0.34,0.32,0.31,-1,2004-12-29 07:00:00
2004,364,8,2339,51,52,60,36,7.2,6.3,-49.1,304.1,2.3,-3.4,-4.8,-3.9,-4.4,0.1,3.2,2.2,1.5,1.9,104843.0,7.5,434.0,-1.2,-1.2,0.055,15127.0,0.7,11.0,0.8,1.6,0.008,2.88,1.91,1.4,8.3,5.5,0.0175,27,19,-40,12,95.3,206,-110,95,1.6,0.00722,0.49,0.34,0.31,0.29,0.27,0.24,-1,2004-12-29 08:00:00
2004,364,9,2339,51,52,57,35,7.3,6.9,-59.3,351.1,3.5,-0.5,-5.9,-1.2,-5.8,0.2,2.4,1.7,1.4,0.9,94013.0,6.4,424.0,0.3,-2.8,0.053,13160.0,1.1,8.0,1.1,1.6,0.012,2.33,2.46,1.11,7.3,5.2,0.022,30,19,-42,15,95.3,494,-286,208,2.4,0.00722,0.44,0.27,0.25,0.24,0.24,0.24,-1,2004-12-29 09:00:00
2004,364,10,2339,51,52,60,31,7.3,6.7,-32.4,318.1,4.2,-3.8,-3.6,-4.2,-3.1,0.2,2.5,1.1,1.8,1.4,100125.0,6.7,419.0,-1.6,-1.2,0.055,15593.0,0.8,6.0,1.3,1.4,0.008,2.4,1.3,1.2,7.4,5.2,0.0216,30,19,-44,15,95.3,412,-280,132,2.3,0.00722,0.5,0.31,0.28,0.26,0.26,0.26,-1,2004-12-29 10:00:00
2004,364,11,2339,51,52,61,34,6.9,5.5,-18.1,318.6,3.9,-3.4,-1.7,-3.6,-1.3,0.1,3.9,1.5,1.9,3.1,100762.0,6.4,413.0,-1.5,-0.4,0.063,31001.0,0.9,11.0,1.7,2.9,0.011,2.28,0.54,1.28,7.6,5.2,0.0207,30,19,-32,15,95.3,643,-500,143,3.2,0.00722,0.54,0.34,0.31,0.3,0.29,0.29,-1,2004-12-29 11:00:00
2004,364,12,2339,51,52,64,39,6.7,5.0,-29.2,272.1,0.2,-4.3,-2.4,-4.5,-1.9,0.1,4.3,2.0,2.5,3.0,93250.0,6.8,433.0,-1.9,-1.0,0.051,9331.0,0.6,12.0,2.0,2.9,0.006,2.56,0.82,1.4,8.4,5.7,0.0168,33,19,-25,18,95.3,294,-112,183,1.5,0.00722,0.49,0.28,0.25,0.24,0.23,0.22,-1,2004-12-29 12:00:00
2004,364,13,2339,51,52,58,27,8.7,6.4,-29.6,295.6,2.4,-5.0,-3.1,-5.2,-2.7,1.4,5.9,3.4,2.3,4.2,103151.0,8.6,440.0,-2.9,-2.6,0.053,19878.0,1.6,8.0,2.2,2.6,0.006,3.37,1.19,1.09,7.4,5.3,0.0216,33,19,-21,18,95.3,327,-238,89,2.9,0.00722,0.52,0.3,0.28,0.26,0.25,0.24,-1,2004-12-29 13:00:00
2004,364,14,2339,51,52,61,34,9.6,7.8,-9.9,309.5,4.9,-5.9,-1.3,-6.0,-1.0,0.4,5.3,2.4,1.8,4.3,121538.0,9.2,431.0,-4.7,-0.3,0.062,19183.0,1.2,12.0,1.1,2.6,0.01,3.56,0.43,1.04,6.8,4.9,0.0257,33,19,-30,18,95.3,351,-238,113,1.9,0.00722,0.44,0.27,0.25,0.22,0.21,0.21,-1,2004-12-29 14:00:00
2004,364,15,2339,51,52,58,32,8.4,7.2,-59.4,274.7,0.3,-3.7,-6.2,-3.7,-6.2,0.4,4.1,2.3,2.7,2.1,118129.0,8.6,439.0,-3.1,-3.5,0.049,25071.0,1.0,12.0,1.7,1.8,0.01,3.31,2.72,1.25,7.7,5.3,0.0203,27,19,-31,12,95.3,156,-67,89,1.6,0.00722,0.47,0.29,0.26,0.25,0.24,0.24,-1,2004-12-29 15:00:00
2004,364,16,2339,51,52,58,36,7.1,5.3,-12.2,314.0,3.6,-3.7,-1.1,-3.6,-1.3,0.5,4.5,2.6,1.1,3.5,123042.0,7.9,415.0,-3.4,0.1,0.058,12206.0,0.8,13.0,0.8,2.2,0.011,2.8,0.54,1.64,8.2,5.3,0.0176,27,19,-34,12,95.3,355,-210,145,1.9,0.00722,0.52,0.33,0.31,0.29,0.28,0.26,-1,2004-12-29 16:00:00
2004,364,17,2339,51,52,60,37,6.5,5.2,24.7,307.4,2.9,-3.7,2.2,-3.9,1.8,0.2,3.7,1.6,1.8,2.8,110200.0,7.3,418.0,-3.6,1.4,0.049,16656.0,0.5,8.0,1.7,2.1,0.006,2.55,-0.75,1.71,8.7,5.5,0.0158,27,19,-37,12,95.3,215,-120,95,0.8,0.00722,999999.99,99999.99,99999.99,99999.99,99999.99,99999.99,0,2004-12-29 17:00:00
2004,364,18,2339,51,52,64,39,6.2,5.4,81.7,141.1,-0.6,0.5,5.4,-0.3,5.4,0.2,3.0,2.2,1.7,0.9,99955.0,7.1,431.0,0.4,2.8,0.038,9898.0,0.6,8.0,1.3,0.7,0.005,2.54,-2.33,1.75,9.3,5.8,0.0139,10,19,-31,4,95.3,105,-39,66,0.1,0.00722,999999.99,99999.99,99999.99,99999.99,99999.99,99999.99,0,2004-12-29 18:00:00
2004,364,19,2339,51,52,60,37,6.6,5.9,48.4,266.9,-0.2,-3.9,4.4,-4.6,3.6,0.4,2.8,1.8,1.5,1.5,111475.0,7.9,428.0,-2.0,1.7,0.036,22709.0,1.0,8.0,1.0,1.4,0.007,2.76,-1.54,1.81,9.1,5.7,0.0143,10,19,-22,4,95.3,41,0,41,-0.0,0.00722,999999.99,99999.99,99999.99,99999.99,99999.99,99999.99,0,2004-12-29 19:00:00
2004,364,20,2339,51,52,58,33,8.0,7.7,8.3,279.2,1.2,-7.5,1.1,-7.6,-0.5,0.3,2.2,1.1,0.6,1.8,114241.0,7.9,435.0,-3.4,-0.6,0.041,11294.0,0.8,6.0,0.5,1.2,0.005,2.91,0.22,1.25,7.6,5.3,0.0204,10,19,-18,4,95.3,67,-24,42,0.3,0.00722,999999.99,99999.99,99999.99,99999.99,99999.99,99999.99,0,2004-12-29 20:00:00
2004,364,21,2339,51,52,59,37,7.4,6.7,-15.8,295.2,2.7,-5.8,-1.8,-5.2,-3.1,0.3,2.9,1.3,1.1,2.3,113111.0,7.1,430.0,-3.2,-1.6,0.043,24739.0,0.9,7.0,0.6,1.8,0.006,2.57,1.33,1.3,7.7,5.3,0.0198,30,19,-20,15,95.3,126,-68,58,0.7,0.00722,999999.99,99999.99,99999.99,99999.99,99999.99,99999.99,0,2004-12-29 21:00:00
2004,364,22,2339,51,52,60,30,7.1,6.5,-30.7,291.2,2.0,-5.2,-3.3,-4.2,-4.5,0.2,2.6,1.2,1.5,1.8,109971.0,6.7,425.0,-3.1,-2.9,0.042,19521.0,0.8,5.0,1.0,1.4,0.009,2.36,1.91,1.32,7.7,5.3,0.0198,30,19,-22,15,95.3,500,-338,162,3.1,0.00722,999999.99,99999.99,99999.99,99999.99,99999.99,99999.99,0,2004-12-29 22:00:00
2004,364,23,2339,51,52,60,34,7.2,7.0,-41.6,332.8,4.7,-2.4,-4.6,-1.1,-5.1,0.2,1.6,0.7,1.3,0.6,106112.0,6.2,413.0,-2.2,-3.6,0.05,22296.0,0.6,6.0,1.3,1.7,0.01,2.12,2.11,1.17,7.1,5.0,0.0233,30,19,-24,15,95.3,321,-192,129,3.0,0.00722,999999.99,99999.99,99999.99,99999.99,99999.99,99999.99,0,2004-12-29 23:00:00
2004,365,0,2339,51,52,59,34,6.9,6.1,-10.6,335.7,5.4,-2.5,-1.1,-2.2,-1.7,0.7,3.3,1.7,1.3,2.5,145926.0,6.4,422.0,-0.9,-2.1,0.057,29183.0,0.9,5.0,0.5,1.2,0.008,2.34,0.72,1.53,7.7,5.1,0.0199,27,29,-26,12,96.7,279,-123,156,2.7,0.007184,999999.99,99999.99,99999.99,99999.99,99999.99,99999.99,0,2004-12-30 00:00:00
2004,365,1,2339,51,52,58,32,7.2,6.6,-29.2,326.1,4.8,-3.2,-3.2,-2.4,-3.8,0.7,2.8,1.3,1.2,2.2,138808.0,7.5,415.0,-4.1,-4.3,0.059,22156.0,0.7,7.0,1.2,1.8,0.012,2.67,1.58,1.61,7.9,5.1,0.0191,27,29,-27,12,96.7,220,-57,163,1.8,0.007184,999999.99,99999.99,99999.99,99999.99,99999.99,99999.99,0,2004-12-30 01:00:00
2004,365,2,2339,51,52,62,33,7.2,6.3,-16.9,324.6,4.9,-3.5,-1.8,-3.1,-2.4,0.5,3.3,1.5,2.7,1.2,147251.0,8.5,414.0,-5.6,-3.7,0.059,35830.0,1.0,9.0,1.5,1.7,0.016,3.01,0.99,1.88,8.4,5.2,0.0169,27,29,-27,12,96.7,206,-48,157,1.6,0.007184,999999.99,99999.99,99999.99,99999.99,99999.99,99999.99,0,2004-12-30 02:00:00
2004,365,3,2339,51,52,61,35,7.1,5.2,-36.9,326.2,3.5,-2.3,-3.1,-1.9,-3.4,0.7,4.7,2.3,2.7,3.1,167215.0,10.3,419.0,-4.8,-5.5,0.054,30884.0,1.1,11.0,1.7,2.4,0.011,3.67,1.42,2.51,9.5,5.3,0.0133,33,29,-27,18,96.7,252,-112,140,1.9,0.007184,0.65,0.37,0.32,0.29,0.28,0.28,-1,2004-12-30 03:00:00
2004,365,4,2339,51,52,58,34,9.4,6.6,70.7,295.2,0.9,-2.0,6.2,-2.5,6.0,1.3,6.4,3.4,4.4,3.3,198348.0,10.4,442.0,-4.4,-0.8,0.045,36742.0,1.2,17.0,2.6,2.1,0.01,4.0,-2.65,1.6,7.6,4.9,0.0207,33,29,-20,18,96.7,245,-149,96,1.4,0.007184,0.69,0.42,0.37,0.34,0.33,0.33,-1,2004-12-30 04:00:00
2004,365,5,2339,51,52,71,35,11.9,3.2,13.7,303.5,1.7,-2.6,0.8,-2.6,0.7,1.4,11.2,4.7,7.7,6.6,258430.0,9.2,478.0,-3.2,-2.4,0.049,100399.0,1.4,34.0,3.8,5.2,0.025,4.2,-0.33,1.05,6.1,4.4,0.0321,33,29,-16,18,96.7,224,-87,137,1.4,0.007184,0.56,0.36,0.32,0.3,0.29,0.29,-1,2004-12-30 05:00:00
2004,365,6,2339,51,52,66,37,10.4,4.8,27.3,112.0,-1.6,3.9,2.2,3.9,2.1,3.9,9.8,3.0,7.2,6.0,120468.0,28.4,526.0,1.4,-0.4,0.042,58908.0,17.5,16.0,1.5,2.9,0.015,15.33,-1.1,2.72,13.5,7.4,0.0065,47,29,-2,39,96.7,172,-13,160,1.3,0.007184,0.52,0.37,0.34,0.3,0.28,0.26,-1,2004-12-30 06:00:00
2004,365,7,2339,51,52,61,31,4.6,2.1,32.4,124.0,-1.0,1.5,1.1,1.6,1.0,1.6,4.2,1.7,2.0,3.3,81570.0,36.9,545.0,3.0,-1.2,0.045,8718.0,7.1,3.0,0.5,1.1,0.014,21.6,-0.55,15.23,36.0,9.6,0.0009,47,29,14,39,96.7,152,-38,114,1.3,0.007184,0.41,0.31,0.3,0.28,0.27,0.27,-1,2004-12-30 07:00:00
2004,365,8,2339,51,52,61,31,2.2,1.0,-37.2,227.6,-0.5,-0.6,-0.6,-0.7,-0.5,0.8,2.0,1.2,1.0,1.3,74366.0,20.1,558.0,1.9,-1.2,0.043,9370.0,4.0,3.0,0.2,0.8,0.007,12.25,0.28,35.02,56.9,10.2,0.0004,47,29,-7,39,96.7,166,-89,78,0.9,0.007184,0.41,0.29,0.28,0.27,0.26,0.26,-1,2004-12-30 08:00:00
2004,365,9,2339,51,52,60,35,2.0,1.0,-77.4,143.8,-0.2,0.1,-1.0,0.0,-1.0,0.7,1.8,0.9,1.1,1.1,74982.0,13.8,563.0,2.3,-1.2,0.045,38801.0,2.5,3.0,0.4,1.1,0.017,8.62,0.56,29.18,52.3,10.2,0.0004,30,29,-5,15,96.7,347,-225,122,1.1,0.007184,0.45,0.33,0.32,0.31,0.3,0.29,-1,2004-12-30 09:00:00
2004,365,10,2339,51,52,59,31,2.1,1.3,-37.7,13.3,1.0,0.2,-0.8,0.1,-0.8,0.5,1.6,0.9,1.0,0.9,45790.0,16.8,558.0,1.7,-1.0,0.043,6682.0,0.9,3.0,0.3,0.5,0.005,10.24,0.45,27.6,54.5,10.9,0.0004,30,29,3,15,96.7,449,-310,139,1.7,0.007184,0.43,0.32,0.29,0.28,0.26,0.25,-1,2004-12-30 10:00:00
2004,365,11,2339,51,52,58,34,4.1,3.7,-7.1,139.9,-2.8,2.4,-0.5,2.3,-0.8,0.7,1.9,1.4,0.5,1.1,48749.0,14.8,550.0,1.4,-1.3,0.046,8015.0,1.8,10.0,0.3,0.8,0.011,8.85,0.44,6.49,25.8,10.0,0.0018,30,29,3,15,96.7,438,-315,123,2.0,0.007184,0.45,0.34,0.32,0.3,0.3,0.3,-1,2004-12-30 11:00:00
2004,365,12,2339,51,52,61,27,5.8,5.5,18.2,181.6,-5.2,-0.1,1.7,0.1,1.7,0.8,2.1,1.2,1.2,1.2,81961.0,10.4,527.0,1.3,-1.5,0.045,18316.0,1.5,6.0,0.4,0.8,0.009,5.69,-0.9,2.7,14.7,8.0,0.0055,37,29,1,22,96.7,447,-339,108,2.1,0.007184,0.44,0.31,0.29,0.28,0.27,0.26,-1,2004-12-30 12:00:00
2004,365,13,2339,51,52,59,31,3.5,3.3,-43.1,328.1,2.0,-1.3,-2.2,-1.5,-2.1,0.9,1.5,1.2,0.5,0.8,58283.0,18.1,540.0,1.0,-1.9,0.044,3233.0,1.3,5.0,0.2,0.4,0.005,10.37,1.13,11.47,32.8,9.9,0.0011,37,29,-1,22,96.7,414,-346,67,2.3,0.007184,0.46,0.34,0.32,0.31,0.3,0.3,-1,2004-12-30 13:00:00
2004,365,14,2339,51,52,58,27,4.4,0.8,-38.5,126.0,-0.4,0.5,-0.5,0.5,-0.5,1.5,4.5,2.9,2.7,2.2,83066.0,12.3,522.0,-0.1,-2.0,0.045,30882.0,5.1,11.0,1.1,1.4,0.009,6.6,0.26,5.59,20.8,8.6,0.0027,37,29,-13,22,96.7,387,-176,211,1.3,0.007184,0.44,0.31,0.29,0.26,0.26,0.26,-1,2004-12-30 14:00:00
2004,365,15,2339,51,52,63,35,5.9,4.3,-49.4,25.4,2.5,1.2,-3.3,1.2,-3.3,1.2,4.1,2.9,2.3,1.8,171357.0,6.7,539.0,1.7,-0.0,0.036,75492.0,1.8,17.0,1.7,1.9,0.01,3.72,1.78,2.4,11.8,6.7,0.0085,37,29,-23,22,96.7,367,-244,123,1.7,0.007184,0.4,0.28,0.27,0.24,0.23,0.23,-1,2004-12-30 15:00:00
2004,365,16,2339,51,52,55,30,5.6,3.3,-18.2,113.5,-1.2,2.9,-1.0,2.9,-0.8,0.9,4.5,3.6,1.9,2.0,171260.0,5.7,514.0,1.2,-1.9,0.029,24464.0,0.9,21.0,1.4,1.8,0.005,2.81,0.41,2.27,11.0,6.4,0.0099,37,29,-26,22,96.7,659,-434,225,3.5,0.007184,0.36,0.26,0.25,0.24,0.24,0.24,-1,2004-12-30 16:00:00
2004,365,17,2339,51,52,59,35,6.9,6.6,1.3,140.8,-5.1,4.2,0.1,4.2,0.5,1.4,2.4,1.1,1.5,1.6,133749.0,4.6,484.0,-1.3,-3.7,0.038,26232.0,2.0,9.0,2.1,2.1,0.009,2.07,-0.24,1.05,7.5,5.4,0.021,37,29,-29,22,96.7,238,-149,89,1.2,0.007184,999999.99,99999.99,99999.99,99999.99,99999.99,99999.99,0,2004-12-30 17:00:00
2004,365,18,2339,51,52,61,30,8.2,7.6,-0.9,122.1,-4.0,6.4,-0.1,6.3,0.8,0.3,2.9,0.9,1.5,2.3,130170.0,3.0,498.0,-3.6,-2.7,0.038,24732.0,0.5,10.0,1.4,3.4,0.011,1.43,-0.4,0.48,5.3,4.4,0.043,20,29,-25,7,96.7,101,-57,44,0.8,0.007184,999999.99,99999.99,99999.99,99999.99,99999.99,99999.99,0,2004-12-30 18:00:00
2004,365,19,2339,51,52,59,32,8.3,8.3,-1.6,120.7,-4.2,7.1,-0.2,7.0,1.1,0.1,0.7,0.4,0.3,0.6,94217.0,2.8,498.0,-4.4,-3.5,0.031,25526.0,0.4,5.0,0.7,1.2,0.005,1.3,-0.55,0.38,5.0,4.4,0.0472,20,29,-22,7,96.7,187,-163,23,0.8,0.007184,999999.99,99999.99,99999.99,99999.99,99999.99,99999.99,0,2004-12-30 19:00:00
2004,365,20,2339,51,52,63,31,8.2,8.0,-0.5,122.3,-4.3,6.8,-0.1,6.7,1.4,0.2,1.6,1.1,0.4,1.1,87409.0,2.8,498.0,-4.0,-3.3,0.031,17294.0,0.3,10.0,0.6,1.3,0.004,1.3,-0.7,0.37,5.1,4.4,0.0461,20,29,-22,7,96.7,143,-132,12,0.7,0.007184,999999.99,99999.99,99999.99,99999.99,99999.99,99999.99,0,2004-12-30 20:00:00
2004,365,21,2339,51,52,57,33,8.0,7.8,-2.9,124.1,-4.4,6.5,-0.4,6.4,1.2,0.1,1.6,0.8,0.5,1.3,87239.0,2.8,495.0,-3.9,-2.7,0.029,10305.0,0.2,9.0,0.2,1.6,0.002,1.28,-0.59,0.39,5.2,4.5,0.0444,27,29,-23,12,96.7,140,-107,33,0.9,0.007184,999999.99,99999.99,99999.99,99999.99,99999.99,99999.99,0,2004-12-30 21:00:00
2004,365,22,2339,51,52,58,33,7.7,7.6,-7.3,135.8,-5.4,5.3,-1.0,5.4,0.4,0.2,1.0,0.4,0.5,0.8,92654.0,2.7,481.0,-3.2,-1.4,0.033,17391.0,0.3,6.0,0.7,1.2,0.007,1.18,-0.19,0.42,5.1,4.4,0.0452,27,29,-24,12,96.7,143,-116,27,0.6,0.007184,999999.99,99999.99,99999.99,99999.99,99999.99,99999.99,0,2004-12-30 22:00:00
2004,365,23,2339,51,52,61,38,7.0,6.6,-22.3,133.7,-4.2,4.4,-2.5,4.9,-1.3,0.1,2.1,1.6,0.7,1.1,127504.0,3.1,479.0,-2.6,0.4,0.044,26118.0,0.4,17.0,0.8,1.2,0.006,1.4,0.62,0.67,6.0,4.8,0.0328,27,29,-23,12,96.7,242,-211,31,1.8,0.007184,999999.99,99999.99,99999.99,99999.99,99999.99,99999.99,0,2004-12-30 23:00:00
2004,366,0,2339,51,52,60,36,7.2,6.9,-7.6,145.1,-5.6,3.9,-0.9,4.0,0.1,0.1,1.9,0.5,0.6,1.7,110531.0,2.8,471.0,-1.8,-1.5,0.04,10307.0,0.2,6.0,0.6,2.6,0.005,1.2,-0.05,0.54,5.5,4.5,0.0397,27,36,-21,12,95.2,249,-206,42,3.3,0.007231,999999.99,99999.99,99999.99,99999.99,99999.99,99999.99,0,2004-12-31 00:00:00
2004,366,1,2339,51,52,55,31,7.1,6.8,-8.8,143.1,-5.4,4.1,-1.0,4.2,0.0,0.1,1.6,0.6,0.7,1.3,107528.0,2.8,474.0,-2.1,-1.6,0.042,16062.0,0.2,8.0,1.1,2.0,0.004,1.23,-0.0,0.55,5.6,4.6,0.0381,27,36,-23,12,95.2,74,-31,44,1.6,0.007231,999999.99,99999.99,99999.99,99999.99,99999.99,99999.99,0,2004-12-31 01:00:00
2004,366,2,2339,51,52,60,36,6.9,6.7,-20.0,138.0,-4.7,4.2,-2.3,4.6,-1.5,0.1,1.5,1.0,0.6,1.0,114663.0,3.1,482.0,-1.9,0.3,0.042,14993.0,0.2,13.0,0.7,1.2,0.004,1.4,0.72,0.66,6.1,4.9,0.0315,27,36,-23,12,95.2,54,-10,44,1.0,0.007231,999999.99,99999.99,99999.99,99999.99,99999.99,99999.99,0,2004-12-31 02:00:00
2004,366,3,2339,51,52,61,35,6.8,6.4,-11.9,131.4,-4.1,4.7,-1.3,4.8,-0.6,0.1,2.2,1.5,0.8,1.3,117777.0,3.0,486.0,-2.9,-1.0,0.044,17902.0,0.3,18.0,0.7,1.7,0.006,1.39,0.29,0.66,6.2,4.9,0.031,20,36,-22,7,95.2,85,-32,53,1.1,0.007231,999999.99,99999.99,99999.99,99999.99,99999.99,99999.99,0,2004-12-31 03:00:00
2004,366,4,2339,51,52,60,37,6.9,6.7,-4.8,137.7,-5.0,4.5,-0.6,4.5,-0.2,0.1,1.4,0.7,0.9,0.7,125088.0,3.1,477.0,-2.9,-1.3,0.045,17578.0,0.3,8.0,0.8,1.0,0.003,1.39,0.1,0.69,6.1,4.8,0.0321,20,36,-22,7,95.2,71,-42,29,0.7,0.007231,999999.99,99999.99,99999.99,99999.99,99999.99,99999.99,0,2004-12-31 04:00:00
2004,366,5,2339,51,52,59,34,7.1,6.8,1.4,150.9,-6.0,3.3,0.2,3.3,0.3,0.1,1.6,0.9,1.3,0.5,134813.0,3.1,469.0,-1.1,-2.0,0.042,30994.0,0.3,10.0,1.4,0.8,0.006,1.33,-0.14,0.67,5.8,4.6,0.0352,20,36,-22,7,95.2,98,-56,42,1.0,0.007231,0.4,0.31,0.28,0.26,0.25,0.25,-1,2004-12-31 05:00:00
2004,366,6,2339,51,52,61,34,7.3,7.2,-3.0,151.6,-6.3,3.4,-0.4,3.4,-0.4,0.0,0.8,0.2,0.4,0.7,116154.0,3.2,461.0,-1.1,-1.2,0.044,20678.0,0.2,4.0,1.2,1.1,0.007,1.34,0.18,0.61,5.6,4.6,0.0373,17,36,-22,6,95.2,160,-123,37,0.9,0.007231,999999.99,99999.99,99999.99,99999.99,99999.99,99999.99,0,2004-12-31 06:00:00
2004,366,7,2339,51,52,57,34,7.3,7.2,6.4,151.6,-6.3,3.4,0.8,3.4,0.6,0.1,1.3,0.5,0.9,0.8,121020.0,3.4,458.0,-1.3,-2.1,0.044,16122.0,0.3,7.0,1.0,1.4,0.007,1.4,-0.27,0.66,5.8,4.6,0.0355,17,36,-18,6,95.2,183,-158,25,1.4,0.007231,0.45,0.36,0.35,0.33,0.31,0.3,-1,2004-12-31 07:00:00
2004,366,8,2339,51,52,60,36,7.5,7.4,8.0,157.3,-6.8,2.8,1.0,2.9,0.7,0.1,1.1,0.4,0.8,0.6,108075.0,3.3,455.0,-0.3,-2.5,0.033,12006.0,0.2,6.0,1.0,1.2,0.003,1.29,-0.32,0.58,5.5,4.5,0.0392,17,36,-15,6,95.2,98,-47,51,1.0,0.007231,0.43,0.36,0.34,0.32,0.31,0.31,-1,2004-12-31 08:00:00
2004,366,9,2339,51,52,59,34,7.7,7.6,2.1,164.6,-7.3,2.0,0.3,2.0,0.1,0.1,1.3,0.4,1.0,0.7,86599.0,2.9,447.0,0.8,-1.0,0.028,12327.0,0.2,4.0,1.3,1.1,0.005,1.08,-0.04,0.44,4.9,4.2,0.0487,20,36,-13,7,95.2,30,-4,26,0.2,0.007231,0.42,0.32,0.31,0.29,0.28,0.27,-1,2004-12-31 09:00:00
2004,366,10,2339,51,52,59,35,7.6,7.5,-1.7,164.4,-7.3,2.0,-0.2,2.0,-0.4,0.1,0.6,0.2,0.4,0.5,90418.0,2.8,440.0,0.3,-0.0,0.032,19056.0,0.2,3.0,0.7,1.0,0.004,1.02,0.18,0.44,4.8,4.1,0.0507,20,36,-11,7,95.2,54,-19,35,0.6,0.007231,0.41,0.32,0.31,0.29,0.28,0.28,-1,2004-12-31 10:00:00
2004,366,11,2339,51,52,63,33,7.4,7.1,1.3,162.5,-6.7,2.1,0.2,2.1,0.0,0.3,2.0,1.2,1.1,1.0,100036.0,2.8,438.0,0.0,-0.8,0.036,41635.0,0.3,7.0,2.1,1.5,0.006,1.03,-0.0,0.49,5.0,4.2,0.0485,20,36,-11,7,95.2,161,-112,49,0.8,0.007231,0.42,0.32,0.32,0.3,0.29,0.28,-1,2004-12-31 11:00:00
2004,366,12,2339,51,52,58,34,7.2,6.9,21.1,163.8,-6.2,1.8,2.5,2.0,2.3,0.1,1.9,0.5,1.4,1.1,109122.0,3.4,445.0,0.3,-4.3,0.044,27666.0,0.4,7.0,2.5,1.9,0.017,1.32,-1.02,0.65,5.7,4.6,0.0366,20,36,-12,7,95.2,240,-187,53,1.1,0.007231,0.39,0.3,0.29,0.28,0.27,0.26,-1,2004-12-31 12:00:00
2004,366,13,2339,51,52,60,36,7.3,6.7,15.6,170.3,-6.4,1.1,1.8,1.2,1.7,0.2,2.5,0.4,2.1,1.4,121342.0,3.5,437.0,1.4,-4.0,0.049,22769.0,0.4,8.0,3.4,2.7,0.007,1.33,-0.74,0.68,5.6,4.4,0.0379,20,36,-9,7,95.2,108,-72,36,0.7,0.007231,0.44,0.33,0.32,0.29,0.27,0.24,-1,2004-12-31 13:00:00
2004,366,14,2339,51,52,59,31,6.7,6.2,9.3,170.3,-6.0,1.0,1.0,1.0,1.0,0.2,2.4,0.7,1.1,2.0,130910.0,3.4,438.0,1.6,-2.3,0.066,42388.0,0.5,10.0,1.3,2.4,0.027,1.38,-0.44,0.82,6.0,4.6,0.0327,20,36,-10,7,95.2,26,-4,22,0.3,0.007231,0.42,0.32,0.31,0.3,0.28,0.26,-1,2004-12-31 14:00:00
2004,366,15,2339,51,52,62,35,6.1,2.6,-0.4,159.4,-2.4,0.9,0.0,0.9,0.0,0.7,5.4,3.5,1.8,3.6,161955.0,4.1,461.0,1.3,-2.2,0.059,30324.0,0.6,30.0,2.0,4.3,0.021,1.8,-0.0,1.33,7.7,5.2,0.0203,13,36,-12,5,95.2,55,-26,28,0.6,0.007231,0.44,0.33,0.33,0.32,0.31,0.29,-1,2004-12-31 15:00:00
2004,366,16,2339,51,52,61,34,6.2,5.1,-13.0,135.0,-3.5,3.5,-1.1,3.6,-0.9,0.3,3.3,1.2,2.0,2.3,160826.0,4.3,452.0,-1.3,-0.0,0.052,33205.0,0.5,10.0,2.4,3.2,0.013,1.77,0.41,1.35,7.6,5.1,0.0208,13,36,-16,5,95.2,52,-34,18,0.7,0.007231,0.6,0.49,0.47,0.44,0.39,0.32,-1,2004-12-31 16:00:00
2004,366,17,2339,51,52,56,32,6.8,6.0,9.0,165.1,-5.7,1.5,0.9,1.4,1.1,0.2,3.2,1.2,2.8,0.6,142992.0,3.9,432.0,0.6,-2.4,0.042,28948.0,0.6,11.0,4.0,1.3,0.005,1.42,-0.48,0.95,6.3,4.6,0.0302,13,36,-16,5,95.2,131,-114,17,0.1,0.007231,999999.99,99999.99,99999.99,99999.99,99999.99,99999.99,0,2004-12-31 17:00:00
2004,366,18,2339,51,52,60,34,6.8,6.7,3.6,175.2,-6.7,0.6,0.4,0.5,0.5,0.2,1.1,0.3,0.8,0.7,131249.0,3.5,418.0,1.8,-1.4,0.04,38768.0,0.4,7.0,1.4,1.7,0.005,1.18,-0.21,0.82,5.8,4.4,0.036,7,36,-13,3,95.2,39,-30,9,0.2,0.007231,999999.99,99999.99,99999.99,99999.99,99999.99,99999.99,0,2004-12-31 18:00:00
2004,366,19,2339,51,52,58,34,6.5,6.2,0.9,171.9,-6.1,0.9,0.1,0.9,0.3,0.1,1.8,0.3,1.1,1.4,105681.0,3.1,418.0,0.8,-0.5,0.044,47600.0,0.4,9.0,1.7,2.8,0.015,1.06,-0.13,0.71,5.7,4.5,0.0371,7,36,-10,3,95.2,27,-8,19,-0.1,0.007231,999999.99,99999.99,99999.99,99999.99,99999.99,99999.99,0,2004-12-31 19:00:00
2004,366,20,2339,51,52,64,37,6.7,6.2,5.4,151.1,-5.4,3.0,0.6,2.8,1.3,0.1,2.2,0.8,1.4,1.5,122579.0,3.7,428.0,-1.7,-1.7,0.044,25794.0,0.5,9.0,1.9,2.5,0.013,1.33,-0.56,0.86,6.1,4.7,0.0315,7,36,-10,3,95.2,33,-13,20,-0.3,0.007231,999999.99,99999.99,99999.99,99999.99,99999.99,99999.99,0,2004-12-31 20:00:00
2004,366,21,2339,51,52,61,35,7.1,6.7,-18.6,141.1,-4.9,4.0,-2.1,4.4,-1.0,0.2,2.1,0.9,0.9,1.7,98171.0,3.7,436.0,-1.9,2.6,0.045,23565.0,0.5,11.0,1.8,2.5,0.008,1.39,0.44,0.69,5.9,4.7,0.0341,20,36,-11,7,95.2,81,-64,16,0.4,0.007231,999999.99,99999.99,99999.99,99999.99,99999.99,99999.99,0,2004-12-31 21:00:00
2004,366,22,2339,51,52,58,34,7.4,7.1,-1.4,131.6,-4.7,5.3,-0.2,5.2,1.2,0.2,1.8,0.7,0.5,1.6,99775.0,4.3,435.0,-3.9,0.7,0.042,19567.0,0.4,5.0,0.7,1.2,0.005,1.59,-0.52,0.75,6.1,4.8,0.032,20,36,-12,7,95.2,88,-67,21,0.3,0.007231,999999.99,99999.99,99999.99,99999.99,99999.99,99999.99,0,2004-12-31 22:00:00
2004,366,23,2339,51,52,59,35,7.0,6.5,5.2,134.5,-4.6,4.6,0.6,4.3,1.8,0.2,2.4,0.6,0.9,2.2,85426.0,4.3,433.0,-3.8,-0.1,0.038,13252.0,0.3,5.0,1.0,2.3,0.005,1.55,-0.78,0.78,6.4,5.0,0.0289,20,36,-11,7,95.2,66,-45,21,0.3,0.007231,999999.99,99999.99,99999.99,99999.99,99999.99,99999.99,0,2004-12-31 23:00:00
2005,1,0,2339,51,52,60,37,7.0,5.9,-40.8,159.4,-4.2,1.6,-3.9,2.6,-3.4,0.4,3.6,1.3,2.4,2.2,91685.0,5.0,431.0,-0.8,4.6,0.045,16436.0,0.7,10.0,2.6,2.4,0.006,1.83,1.47,0.93,6.9,5.1,0.0251,17,49,-5,6,95.6,107,-78,30,0.7,0.007129,999999.99,99999.99,99999.99,99999.99,99999.99,99999.99,0,2005-01-01 00:00:00
2005,1,1,2339,51,52,58,36,6.5,6.0,1.1,117.1,-2.7,5.4,0.1,5.2,1.4,0.1,2.4,1.2,0.8,1.8,102379.0,5.7,438.0,-3.3,0.1,0.041,8961.0,0.3,8.0,0.7,1.6,0.004,2.13,-0.61,1.3,8.0,5.5,0.0184,17,49,-4,6,95.6,97,-64,33,0.8,0.007129,999999.99,99999.99,99999.99,99999.99,99999.99,99999.99,0,2005-01-01 01:00:00
2005,1,2,2339,51,52,57,35,6.3,5.5,21.3,124.0,-2.9,4.2,2.0,3.7,2.8,0.2,2.8,1.4,1.3,2.0,113022.0,5.4,436.0,-2.6,-1.7,0.044,16583.0,0.6,9.0,1.2,1.8,0.007,2.02,-1.22,1.37,8.0,5.4,0.0184,17,49,-5,6,95.6,55,-31,24,0.2,0.007129,999999.99,99999.99,99999.99,99999.99,99999.99,99999.99,0,2005-01-01 02:00:00
2005,1,3,2339,51,52,63,36,6.3,5.3,-6.1,122.2,-2.8,4.4,-0.6,4.4,0.1,0.2,3.2,1.0,1.4,2.7,118161.0,5.4,439.0,-2.7,0.9,0.043,18476.0,0.7,9.0,1.4,2.4,0.007,2.04,-0.04,1.4,8.1,5.5,0.0181,33,49,-6,18,95.6,43,-15,27,0.3,0.007129,999999.99,99999.99,99999.99,99999.99,99999.99,99999.99,0,2005-01-01 03:00:00
2005,1,4,2339,51,52,61,33,6.5,4.7,-51.7,134.4,-2.0,2.1,-3.7,2.5,-3.5,0.2,4.2,2.1,2.7,2.5,124352.0,5.7,441.0,-0.2,3.5,0.044,32810.0,0.6,15.0,2.2,2.1,0.008,2.18,1.54,1.42,8.1,5.4,0.0181,33,49,-5,18,95.6,76,-22,53,0.5,0.007129,999999.99,99999.99,99999.99,99999.99,99999.99,99999.99,0,2005-01-01 04:00:00
2005,1,5,2339,51,52,57,31,6.8,5.6,-67.3,239.2,-1.1,-1.9,-5.2,-1.7,-5.3,0.1,3.5,1.5,3.0,1.0,126435.0,5.9,450.0,3.0,3.9,0.041,29730.0,0.8,9.0,2.6,1.4,0.007,2.32,2.38,1.35,8.0,5.5,0.0184,33,49,-13,18,95.6,232,-156,76,1.6,0.007129,999999.99,99999.99,99999.99,99999.99,99999.99,99999.99,0,2005-01-01 05:00:00
2005,1,6,2339,51,52,62,37,6.6,3.9,-19.1,156.7,-3.4,1.5,-1.3,1.5,-1.3,0.6,5.2,1.6,4.5,2.0,118119.0,5.5,434.0,1.2,0.6,0.045,32146.0,0.7,13.0,4.2,2.3,0.01,2.04,0.56,1.29,7.7,5.3,0.02,30,49,-22,15,95.6,329,-197,132,3.8,0.007129,999999.99,99999.99,99999.99,99999.99,99999.99,99999.99,0,2005-01-01 06:00:00
2005,1,7,2339,51,52,56,33,6.3,3.9,-3.9,177.4,-3.9,0.2,-0.3,0.2,-0.3,0.4,4.8,3.1,3.3,1.7,126166.0,5.5,431.0,2.3,0.2,0.042,37004.0,0.5,21.0,2.9,1.8,0.005,1.99,0.13,1.47,8.0,5.3,0.0185,30,49,-20,15,95.6,154,-45,110,0.7,0.007129,999999.99,99999.99,99999.99,99999.99,99999.99,99999.99,0,2005-01-01 07:00:00
2005,1,8,2339,51,52,61,33,6.7,5.1,61.0,179.6,-2.5,0.0,4.5,0.4,4.5,0.3,4.0,1.5,3.4,1.5,121734.0,5.9,442.0,1.9,-2.8,0.04,24052.0,0.6,11.0,2.8,1.7,0.004,2.23,-1.99,1.37,8.0,5.4,0.0185,30,49,-17,15,95.6,120,-49,71,1.1,0.007129,999999.99,99999.99,99999.99,99999.99,99999.99,99999.99,0,2005-01-01 08:00:00
2005,1,9,2339,51,52,60,36,6.6,4.0,-13.5,142.8,-3.1,2.4,-0.9,2.3,-1.1,0.4,5.0,1.6,2.4,4.1,129654.0,5.4,436.0,0.9,1.2,0.046,28015.0,0.8,10.0,2.2,3.3,0.009,2.03,0.48,1.33,7.7,5.2,0.0202,23,49,-13,9,95.6,48,-18,30,0.4,0.007129,999999.99,99999.99,99999.99,99999.99,99999.99,99999.99,0,2005-01-01 09:00:00
2005,1,10,2339,51,52,58,34,5.7,4.0,34.8,179.8,-3.2,0.0,2.3,0.3,2.3,0.5,4.0,1.8,2.6,2.4,155935.0,5.4,434.0,2.8,-1.3,0.049,32464.0,0.6,11.0,2.0,2.2,0.009,2.03,-1.0,1.97,8.8,5.4,0.0152,23,49,-11,9,95.6,76,-38,38,0.8,0.007129,999999.99,99999.99,99999.99,99999.99,99999.99,99999.99,0,2005-01-01 10:00:00
2005,1,11,2339,51,52,68,38,9.8,7.9,4.3,119.9,-3.9,6.8,0.6,6.8,-0.1,1.6,5.6,2.2,3.8,3.6,173207.0,7.9,471.0,-2.9,-0.2,0.054,35543.0,1.6,23.0,2.1,3.1,0.016,3.56,0.05,1.03,6.8,4.9,0.0261,23,49,-3,9,95.6,245,-178,67,1.4,0.007129,999999.99,99999.99,99999.99,99999.99,99999.99,99999.99,0,2005-01-01 11:00:00
2005,1,12,2339,51,52,56,30,11.3,9.5,14.5,123.6,-5.1,7.7,2.4,7.9,1.7,0.5,5.7,2.3,4.5,2.7,146970.0,6.8,475.0,-1.8,-1.6,0.053,30905.0,1.0,12.0,3.4,2.4,0.009,3.11,-0.81,0.61,5.5,4.4,0.0396,30,49,-2,15,95.6,376,-279,97,1.9,0.007129,999999.99,99999.99,99999.99,99999.99,99999.99,99999.99,0,2005-01-01 12:00:00
2005,1,13,2339,51,52,60,24,11.2,10.2,33.7,130.0,-5.5,6.5,5.7,6.8,5.3,0.4,4.1,2.7,2.3,2.0,123920.0,8.0,471.0,-3.4,-4.1,0.038,26548.0,1.5,17.0,1.3,1.6,0.008,3.41,-2.5,0.67,5.9,4.7,0.0336,30,49,2,15,95.6,327,-246,82,1.9,0.007129,999999.99,99999.99,99999.99,99999.99,99999.99,99999.99,0,2005-01-01 13:00:00
2005,1,14,2339,51,51,61,2,11.2,10.6,11.3,137.6,-7.7,7.0,2.1,7.0,1.9,0.2,3.2,1.1,1.7,2.5,129198.0,8.7,461.0,-3.1,2.1,9.999,5758.0,0.0,0.0,1.1,3.0,9.999,3.7,-0.88,0.74,6.1,4.7,0.0323,30,49,4,15,95.6,81,-35,46,1.0,0.007129,999999.99,99999.99,99999.99,99999.99,99999.99,99999.99,0,2005-01-01 14:00:00
2005,1,15,2339,51,52,60,4,11.3,10.3,13.3,137.9,-7.4,6.7,2.4,6.6,2.5,0.2,4.2,1.3,1.3,3.8,107330.0,7.3,464.0,-3.6,-3.2,0.045,11970.0,0.7,6.0,0.6,0.8,0.003,3.1,-1.16,0.56,5.5,4.6,0.0387,33,49,0,18,95.6,113,-87,26,1.2,0.007129,999999.99,99999.99,99999.99,99999.99,99999.99,99999.99,0,2005-01-01 15:00:00
2005,1,16,2339,51,52,61,35,11.7,10.3,-7.8,138.8,-7.7,6.7,-1.4,6.8,-0.9,0.4,5.5,2.8,1.2,4.6,102490.0,7.5,458.0,-4.9,0.9,0.047,19241.0,1.1,13.0,1.2,2.4,0.009,3.12,0.41,0.53,5.4,4.4,0.0414,33,49,-5,18,95.6,123,-109,14,0.9,0.007129,999999.99,99999.99,99999.99,99999.99,99999.99,99999.99,0,2005-01-01 16:00:00
2005,1,17,2339,51,52,63,37,12.5,11.2,-31.1,123.1,-5.3,8.1,-5.8,8.7,-4.8,0.9,5.2,1.8,1.8,4.6,149091.0,10.6,488.0,-4.3,2.5,0.057,22618.0,2.1,12.0,0.9,2.0,0.012,5.18,2.34,0.78,6.4,4.9,0.0294,33,49,-7,18,95.6,352,-254,99,2.6,0.007129,999999.99,99999.99,99999.99,99999.99,99999.99,99999.99,0,2005-01-01 17:00:00
2005,1,18,2339,51,52,60,32,13.4,11.3,-49.8,144.1,-5.9,4.3,-8.6,5.6,-7.8,0.3,6.7,4.0,3.8,3.8,137888.0,12.0,488.0,-2.8,3.2,0.054,35526.0,1.9,22.0,2.5,1.9,0.01,5.8,3.81,0.74,6.3,4.9,0.0299,43,49,-22,32,95.6,561,-427,134,5.2,0.007129,999999.99,99999.99,99999.99,99999.99,99999.99,99999.99,0,2005-01-01 18:00:00
2005,1,19,2339,51,52,57,25,13.2,10.8,8.7,142.9,-8.5,6.5,1.6,6.0,2.9,0.3,7.1,2.6,3.5,5.5,143069.0,10.5,474.0,-5.1,-0.7,0.065,45188.0,2.1,17.0,2.7,3.0,0.015,4.96,-1.37,0.68,5.8,4.6,0.0351,43,49,-45,32,95.6,574,-358,216,4.7,0.007129,999999.99,99999.99,99999.99,99999.99,99999.99,99999.99,0,2005-01-01 19:00:00
2005,1,20,2339,51,52,62,34,14.0,13.0,28.9,141.8,-8.9,7.0,6.3,5.3,7.8,1.6,4.9,1.7,2.1,4.1,142961.0,11.1,481.0,-5.8,-1.6,0.057,31874.0,1.7,10.0,1.4,3.2,0.013,5.27,-3.75,0.64,5.7,4.6,0.0363,43,49,-43,32,95.6,315,-131,184,0.7,0.007129,999999.99,99999.99,99999.99,99999.99,99999.99,99999.99,0,2005-01-01 20:00:00
2005,1,21,2339,51,52,63,36,17.2,16.3,61.4,175.0,-7.8,0.7,14.3,-3.1,14.0,0.6,5.4,2.8,3.8,2.4,128543.0,11.0,497.0,-5.8,-5.0,0.038,20783.0,2.5,11.0,1.6,2.0,0.011,5.23,-6.96,0.4,4.8,4.1,0.0518,40,49,-30,27,95.6,72,-40,32,-0.4,0.007129,999999.99,99999.99,99999.99,99999.99,99999.99,99999.99,0,2005-01-01 21:00:00
2005,1,22,2339,51,52,59,23,12.6,9.0,59.8,246.1,-1.8,-4.1,7.8,-6.1,6.4,4.9,10.0,5.6,3.0,7.8,116172.0,19.6,516.0,-2.6,-4.3,0.039,24313.0,11.5,14.0,1.7,2.1,0.01,10.07,-3.3,1.26,9.1,6.3,0.0145,40,49,-17,27,95.6,164,-78,87,0.8,0.007129,999999.99,99999.99,99999.99,99999.99,99999.99,99999.99,0,2005-01-01 22:00:00
2005,1,23,2339,51,52,71,16,11.6,8.3,-13.7,115.4,-3.5,7.3,-2.0,7.6,0.1,3.9,8.7,5.5,4.1,5.4,369470.0,7.4,562.0,1.4,-5.5,0.048,264659.0,8.3,51.0,5.3,1.9,0.026,4.65,-0.06,1.14,6.6,4.7,0.0274,40,49,-26,27,95.6,116,-45,71,-0.0,0.007129,999999.99,99999.99,99999.99,99999.99,99999.99,99999.99,0,2005-01-01 23:00:00
2005,2,0,2339,51,52,56,21,11.6,11.4,-14.8,125.0,-6.3,9.0,-2.9,9.4,-0.4,1.7,2.7,1.7,1.6,1.3,528200.0,4.2,590.0,3.9,-4.2,0.054,122656.0,0.7,12.0,1.4,1.9,0.009,2.97,0.24,0.85,5.2,4.0,0.0438,43,49,-29,32,96.7,264,-190,74,1.2,0.00712,999999.99,99999.99,99999.99,99999.99,99999.99,99999.99,0,2005-01-02 00:00:00
2005,2,1,2339,51,52,58,32,13.9,13.3,-29.2,113.1,-4.6,10.7,-6.5,12.0,-3.7,1.8,4.1,1.6,3.2,2.1,320304.0,4.0,580.0,1.2,-0.3,0.045,132346.0,0.7,12.0,2.9,1.6,0.015,2.65,2.15,0.39,4.2,3.6,0.0683,43,49,-36,32,96.7,469,-342,126,3.6,0.00712,999999.99,99999.99,99999.99,99999.99,99999.99,99999.99,0,2005-01-02 01:00:00
2005,2,2,2339,51,52,64,32,15.2,14.8,-21.6,108.6,-4.4,13.1,-5.5,14.0,-2.7,1.3,3.4,1.9,1.8,2.2,97760.0,6.1,570.0,-5.3,1.6,0.065,27568.0,0.7,12.0,1.0,1.4,0.022,4.17,1.54,0.25,4.6,4.2,0.0555,43,49,-32,32,96.7,609,-362,247,5.9,0.00712,999999.99,99999.99,99999.99,99999.99,99999.99,99999.99,0,2005-01-02 02:00:00
2005,2,3,2339,51,52,66,38,9.2,7.4,-46.2,30.5,4.4,2.6,-5.3,3.4,-4.8,1.4,5.4,3.3,2.9,3.1,724339.0,4.5,651.0,-0.2,4.1,0.063,353218.0,1.7,24.0,1.5,2.2,0.02,3.99,3.12,1.89,7.5,4.6,0.0211,47,49,-33,39,96.7,533,-363,170,4.4,0.00712,999999.99,99999.99,99999.99,99999.99,99999.99,99999.99,0,2005-01-02 03:00:00
2005,2,4,2339,51,52,60,32,12.7,8.2,51.0,168.0,-5.1,1.1,6.4,0.4,6.5,1.0,9.5,5.1,7.0,4.0,750823.0,4.0,679.0,3.0,1.5,0.074,199376.0,0.6,14.0,1.8,2.8,0.02,3.99,-4.41,0.91,5.3,4.0,0.0416,47,49,-34,39,96.7,556,-431,125,3.9,0.00712,999999.99,99999.99,99999.99,99999.99,99999.99,99999.99,0,2005-01-02 04:00:00
2005,2,5,2339,51,52,64,38,13.2,9.6,31.1,184.7,-8.2,-0.7,5.0,-1.0,5.0,0.8,8.8,2.4,4.1,7.4,632301.0,3.9,714.0,7.5,2.7,0.046,76285.0,0.6,38.0,2.4,3.7,0.013,3.93,-3.57,0.71,5.3,4.2,0.0417,47,49,-28,39,96.7,127,-60,67,0.9,0.00712,999999.99,99999.99,99999.99,99999.99,99999.99,99999.99,0,2005-01-02 05:00:00
2005,2,6,2339,51,52,58,33,10.9,9.5,-49.6,143.6,-4.9,3.6,-7.2,3.6,-7.2,0.4,5.1,2.6,2.1,3.8,645319.0,3.5,764.0,5.4,7.7,0.037,146991.0,0.5,33.0,1.7,3.1,0.003,3.92,5.5,0.95,6.6,4.9,0.0277,47,49,-31,39,96.7,362,-235,127,2.3,0.00712,999999.99,99999.99,99999.99,99999.99,99999.99,99999.99,0,2005-01-02 06:00:00
2005,2,7,2339,51,52,61,31,9.9,7.6,-2.0,142.6,-6.0,4.6,-0.3,4.6,-0.5,0.5,5.8,2.5,3.2,4.2,729634.0,3.1,753.0,4.2,1.9,0.041,278189.0,0.5,29.0,2.8,4.2,0.01,3.42,0.38,1.13,6.7,4.8,0.0265,47,49,-40,39,96.7,578,-312,266,4.2,0.00712,999999.99,99999.99,99999.99,99999.99,99999.99,99999.99,0,2005-01-02 07:00:00
2005,2,8,2339,51,52,62,34,10.5,8.6,4.6,125.0,-4.9,7.0,0.7,7.0,0.2,0.2,5.7,3.8,2.2,3.6,566127.0,2.8,752.0,2.7,-0.1,0.05,207625.0,0.5,41.0,1.9,4.1,0.01,3.17,-0.15,0.73,6.0,4.7,0.0331,47,49,-42,39,96.7,856,-619,238,5.7,0.00712,999999.99,99999.99,99999.99,99999.99,99999.99,99999.99,0,2005-01-02 08:00:00
2005,2,9,2339,51,52,58,30,9.1,7.5,-42.6,152.8,-4.9,2.5,-5.1,2.0,-5.3,0.5,4.5,2.4,2.8,2.6,585369.0,2.7,773.0,6.5,5.7,0.05,148664.0,0.5,27.0,2.4,2.2,0.012,3.23,4.1,0.97,7.0,5.1,0.0244,40,49,-50,27,96.7,514,-338,176,2.8,0.00712,999999.99,99999.99,99999.99,99999.99,99999.99,99999.99,0,2005-01-02 09:00:00
2005,2,10,2339,51,52,60,34,7.8,5.7,3.4,177.7,-5.7,0.2,0.3,0.2,0.3,0.3,4.9,1.5,3.2,3.4,533389.0,2.3,762.0,7.5,0.2,0.05,118396.0,0.3,21.0,3.1,3.6,0.009,2.68,-0.23,1.04,7.4,5.4,0.0217,40,49,-45,27,96.7,292,-161,131,1.8,0.00712,999999.99,99999.99,99999.99,99999.99,99999.99,99999.99,0,2005-01-02 10:00:00
2005,2,11,2339,51,52,60,38,7.6,6.1,24.8,151.7,-4.9,2.6,2.5,2.8,2.2,0.4,4.3,2.0,2.5,2.8,535163.0,2.2,771.0,4.5,-2.3,0.043,111558.0,0.3,25.0,2.4,3.1,0.003,2.56,-1.7,1.05,7.5,5.4,0.021,40,49,-36,27,96.7,191,-122,69,0.2,0.00712,999999.99,99999.99,99999.99,99999.99,99999.99,99999.99,0,2005-01-02 11:00:00
2005,2,12,2339,51,52,59,35,7.0,5.5,-7.6,161.6,-5.1,1.7,-0.7,1.6,-0.8,0.1,4.0,2.5,2.1,2.3,484935.0,1.8,758.0,5.1,1.2,0.039,116896.0,0.3,39.0,2.3,3.0,0.004,2.0,0.61,0.94,7.3,5.4,0.0225,33,49,-35,18,96.7,120,-59,61,-0.1,0.00712,999999.99,99999.99,99999.99,99999.99,99999.99,99999.99,0,2005-01-02 12:00:00
2005,2,13,2339,51,52,61,38,7.3,6.7,-14.8,159.6,-6.1,2.3,-1.7,2.2,-1.8,0.3,2.7,1.4,1.6,1.7,402201.0,1.8,737.0,4.8,1.1,0.035,76307.0,0.3,21.0,2.3,2.0,0.005,1.86,1.33,0.75,6.8,5.3,0.0259,33,49,-33,18,96.7,183,-151,32,1.4,0.00712,0.69,0.29,0.21,0.17,0.15,0.13,-1,2005-01-02 13:00:00
2005,2,14,2339,51,52,61,38,8.3,7.7,-43.2,137.8,-4.2,3.8,-5.3,3.7,-5.4,0.3,2.5,1.6,0.9,1.7,357375.0,2.1,744.0,4.1,4.0,0.031,58536.0,0.2,27.0,1.4,1.8,0.003,2.18,4.02,0.62,6.5,5.2,0.0282,33,49,-34,18,96.7,360,-306,54,1.9,0.00712,999999.99,99999.99,99999.99,99999.99,99999.99,99999.99,0,2005-01-02 14:00:00
2005,2,15,2339,51,52,56,32,8.9,7.8,-22.5,138.1,-5.4,4.8,-3.0,4.9,-2.9,0.2,3.9,2.2,1.2,2.9,357775.0,2.1,710.0,4.1,1.7,0.028,78828.0,0.3,31.0,2.0,2.9,0.005,1.97,2.06,0.54,5.8,4.8,0.0356,57,49,-32,67,96.7,1129,-929,200,5.6,0.00712,999999.99,99999.99,99999.99,99999.99,99999.99,99999.99,0,2005-01-02 15:00:00
2005,2,16,2339,51,52,61,36,9.0,8.3,-33.9,135.5,-4.9,4.8,-4.6,5.1,-4.2,0.2,3.5,1.6,0.9,2.9,421579.0,2.1,712.0,4.6,2.1,0.029,103458.0,0.4,15.0,1.2,2.5,0.001,1.98,2.99,0.59,5.7,4.7,0.0362,57,49,-40,67,96.7,1162,-927,235,5.6,0.00712,999999.99,99999.99,99999.99,99999.99,99999.99,99999.99,0,2005-01-02 16:00:00
2005,2,17,2339,51,52,60,27,8.7,7.4,18.8,154.5,-6.3,3.0,2.4,2.7,2.8,0.1,4.3,1.5,2.6,3.1,321141.0,2.2,714.0,5.1,-1.8,0.033,53271.0,0.2,22.0,2.4,3.9,0.003,2.12,-2.0,0.54,6.1,5.0,0.0321,57,49,-48,67,96.7,646,-462,184,3.0,0.00712,999999.99,99999.99,99999.99,99999.99,99999.99,99999.99,0,2005-01-02 17:00:00
2005,2,18,2339,51,52,61,24,8.7,7.4,20.7,172.1,-6.9,1.0,2.6,0.5,2.7,0.1,4.3,2.6,1.6,3.1,334441.0,2.0,701.0,8.4,-0.9,0.029,164311.0,0.4,36.0,1.7,3.9,0.005,1.83,-1.89,0.51,5.7,4.7,0.0366,33,49,-45,18,96.7,260,-157,102,0.7,0.00712,999999.99,99999.99,99999.99,99999.99,99999.99,99999.99,0,2005-01-02 18:00:00
2005,2,19,2339,51,52,60,32,9.1,7.8,4.0,138.6,-5.8,5.1,0.5,4.9,1.6,0.7,4.5,2.1,2.6,3.0,402872.0,2.1,694.0,5.1,0.7,0.044,74245.0,0.3,23.0,2.2,2.6,0.013,1.99,-1.11,0.56,5.5,4.5,0.039,33,49,-41,18,96.7,149,-69,80,-0.0,0.00712,999999.99,99999.99,99999.99,99999.99,99999.99,99999.99,0,2005-01-02 19:00:00
2005,2,20,2339,51,52,57,33,11.0,10.3,-50.1,85.7,0.5,6.6,-7.9,8.3,-6.1,0.4,3.7,2.5,1.9,1.9,606346.0,2.5,759.0,5.2,6.8,0.031,652862.0,0.5,31.0,1.4,1.6,0.003,2.7,4.63,0.63,5.5,4.4,0.04,33,49,-37,18,96.7,265,-181,84,1.6,0.00712,999999.99,99999.99,99999.99,99999.99,99999.99,99999.99,0,2005-01-02 20:00:00
2005,2,21,2339,51,52,64,29,13.5,11.7,24.6,138.0,-7.9,7.1,4.8,5.6,6.5,2.4,6.6,1.9,4.5,4.5,505227.0,3.8,678.0,4.1,-2.0,0.03,148301.0,1.1,31.0,4.1,3.7,0.004,3.27,-4.41,0.55,4.9,4.0,0.0496,53,49,-50,56,96.7,834,-682,152,4.8,0.00712,999999.99,99999.99,99999.99,99999.99,99999.99,99999.99,0,2005-01-02 21:00:00
2005,2,22,2339,51,52,58,28,13.5,10.6,10.7,121.6,-5.5,8.9,2.0,8.0,4.4,1.9,7.6,2.1,4.1,6.1,572124.0,4.1,719.0,-0.7,0.1,0.028,307582.0,0.8,29.0,2.1,5.0,0.002,3.94,-3.16,0.66,5.4,4.3,0.0409,53,49,-39,56,96.7,390,-290,100,3.2,0.00712,999999.99,99999.99,99999.99,99999.99,99999.99,99999.99,0,2005-01-02 22:00:00
2005,2,23,2339,51,52,58,30,10.7,8.3,-17.9,127.7,-4.9,6.3,-2.6,6.8,-0.7,0.3,6.4,3.3,2.2,5.0,436680.0,3.6,733.0,-0.8,1.5,0.022,62867.0,0.6,39.0,1.8,4.5,0.006,3.51,0.51,0.74,6.5,5.1,0.0282,53,49,-37,56,96.7,480,-337,142,2.8,0.00712,999999.99,99999.99,99999.99,99999.99,99999.99,99999.99,0,2005-01-02 23:00:00
2005,3,0,2339,51,52,58,30,10.3,9.4,-4.7,141.3,-7.3,5.8,-0.8,5.8,0.8,0.1,4.1,1.3,1.3,3.6,357333.0,3.5,676.0,-2.1,-0.8,0.022,58127.0,0.5,28.0,1.0,3.3,0.008,2.91,-0.54,0.67,6.1,4.9,0.0316,37,37,-36,22,91.0,558,-464,94,4.6,0.006991,999999.99,99999.99,99999.99,99999.99,99999.99,99999.99,0,2005-01-03 00:00:00
2005,3,1,2339,51,52,62,33,10.1,8.9,4.3,128.2,-5.5,7.0,0.7,6.6,2.4,0.2,4.4,2.0,2.1,3.3,389378.0,3.5,674.0,-4.1,-1.9,0.019,123690.0,0.5,23.0,1.6,3.0,0.003,2.86,-1.62,0.74,6.2,4.9,0.0305,37,37,-32,22,91.0,224,-152,72,1.6,0.006991,999999.99,99999.99,99999.99,99999.99,99999.99,99999.99,0,2005-01-03 01:00:00
2005,3,2,2339,51,52,56,28,10.1,8.9,0.7,132.3,-6.0,6.6,0.1,6.4,1.5,0.2,4.3,2.8,1.5,2.9,242616.0,3.0,638.0,-5.8,-2.0,0.025,87682.0,0.6,28.0,1.5,2.4,0.002,2.24,-0.96,0.45,5.5,4.6,0.0397,37,37,-29,22,91.0,147,-72,75,1.8,0.006991,999999.99,99999.99,99999.99,99999.99,99999.99,99999.99,0,2005-01-03 02:00:00
2005,3,3,2339,51,52,60,33,9.8,9.5,-9.0,132.1,-6.3,7.0,-1.5,7.2,-0.3,0.2,2.1,0.9,0.8,1.6,184966.0,3.0,623.0,-5.8,-1.4,0.027,42803.0,0.4,12.0,0.6,1.4,0.005,2.15,0.19,0.41,5.5,4.7,0.0392,37,37,-32,22,91.0,274,-204,70,1.9,0.006991,999999.99,99999.99,99999.99,99999.99,99999.99,99999.99,0,2005-01-03 03:00:00
2005,3,4,2339,51,52,59,32,9.4,9.1,-22.8,127.8,-5.1,6.6,-3.5,7.0,-2.7,0.1,2.0,1.1,1.0,1.3,151375.0,3.4,633.0,-4.5,-0.7,0.031,35608.0,0.4,10.0,0.8,1.6,0.008,2.56,1.71,0.45,6.2,5.3,0.0309,37,37,-37,22,91.0,544,-445,98,4.9,0.006991,999999.99,99999.99,99999.99,99999.99,99999.99,99999.99,0,2005-01-03 04:00:00
2005,3,5,2339,51,52,60,34,8.6,7.8,-0.2,143.4,-6.2,4.6,0.0,4.6,0.3,0.3,3.5,1.4,1.8,2.7,209867.0,3.5,618.0,-3.4,-2.5,0.041,37636.0,0.4,12.0,1.0,2.4,0.006,2.6,-0.19,0.67,6.7,5.4,0.0263,37,37,-43,22,91.0,398,-314,84,4.2,0.006991,999999.99,99999.99,99999.99,99999.99,99999.99,99999.99,0,2005-01-03 05:00:00
2005,3,6,2339,51,52,60,26,7.5,6.5,-11.1,135.0,-4.5,4.5,-1.3,4.5,-1.3,0.4,3.5,1.0,1.2,3.1,181257.0,3.8,625.0,-4.6,-1.5,0.04,27525.0,0.2,11.0,0.6,2.2,0.005,2.88,0.81,0.87,8.1,6.1,0.018,27,37,-41,12,91.0,314,-202,112,3.0,0.006991,999999.99,99999.99,99999.99,99999.99,99999.99,99999.99,0,2005-01-03 06:00:00
2005,3,7,2339,51,52,61,32,7.1,6.6,8.9,130.7,-4.3,4.9,1.0,4.9,0.8,0.2,2.4,0.8,1.0,2.1,189898.0,3.7,633.0,-4.9,-2.7,0.041,23281.0,0.4,8.0,0.6,1.9,0.005,2.88,-0.51,0.97,8.6,6.3,0.0162,27,37,-42,12,91.0,238,-150,88,2.0,0.006991,999999.99,99999.99,99999.99,99999.99,99999.99,99999.99,0,2005-01-03 07:00:00
2005,3,8,2339,51,52,61,32,6.7,6.5,3.4,135.6,-4.6,4.5,0.4,4.5,0.1,0.3,1.6,0.6,0.6,1.3,201155.0,3.4,641.0,-3.7,-2.6,0.034,32010.0,0.3,8.0,0.7,1.4,0.004,2.65,-0.06,1.04,8.8,6.4,0.0153,27,37,-41,12,91.0,311,-230,81,2.4,0.006991,999999.99,99999.99,99999.99,99999.99,99999.99,99999.99,0,2005-01-03 08:00:00
2005,3,9,2339,51,52,60,30,7.2,6.8,-30.1,134.7,-4.1,4.2,-3.4,3.9,-3.8,0.2,2.4,1.0,1.4,1.7,203811.0,2.5,657.0,-1.7,0.7,0.037,27985.0,0.4,10.0,1.3,1.7,0.006,2.07,2.5,0.67,7.2,5.7,0.0229,37,37,-38,22,91.0,431,-315,115,3.0,0.006991,999999.99,99999.99,99999.99,99999.99,99999.99,99999.99,0,2005-01-03 09:00:00
2005,3,10,2339,51,52,58,32,7.1,6.8,-25.7,148.2,-5.2,3.2,-3.0,2.9,-3.3,0.4,1.8,0.6,1.3,0.9,202112.0,2.6,649.0,-2.0,0.6,0.038,56395.0,0.3,10.0,2.0,1.4,0.007,2.11,2.14,0.71,7.4,5.8,0.0219,37,37,-46,22,91.0,529,-426,102,3.2,0.006991,999999.99,99999.99,99999.99,99999.99,99999.99,99999.99,0,2005-01-03 10:00:00
2005,3,11,2339,51,52,60,33,6.8,6.6,-16.6,161.6,-6.0,2.0,-1.9,1.8,-2.1,0.4,1.8,0.5,0.7,1.6,218514.0,2.5,630.0,-1.6,0.4,0.034,75489.0,0.3,7.0,0.8,1.7,0.001,1.88,1.32,0.78,7.3,5.7,0.0222,37,37,-42,22,91.0,515,-438,77,3.8,0.006991,999999.99,99999.99,99999.99,99999.99,99999.99,99999.99,0,2005-01-03 11:00:00
2005,3,12,2339,51,52,62,33,6.5,5.8,11.6,179.3,-5.7,0.1,1.2,0.2,1.2,0.3,2.7,0.6,1.7,1.9,226217.0,2.7,642.0,0.3,-2.5,0.03,103192.0,0.3,10.0,1.9,1.7,0.004,2.08,-0.77,0.94,8.1,6.0,0.0181,40,37,-39,27,91.0,875,-744,131,4.3,0.006991,999999.99,99999.99,99999.99,99999.99,99999.99,99999.99,0,2005-01-03 12:00:00
2005,3,13,2339,51,52,60,32,6.3,5.9,12.9,176.9,-5.7,0.3,1.3,0.4,1.3,0.2,2.0,0.6,1.1,1.6,243055.0,2.7,642.0,0.7,-2.2,0.034,41160.0,0.3,6.0,1.1,1.9,0.004,2.11,-0.83,1.05,8.4,6.1,0.017,40,37,-40,27,91.0,694,-619,75,5.2,0.006991,999999.99,99999.99,99999.99,99999.99,99999.99,99999.99,0,2005-01-03 13:00:00
2005,3,14,2339,51,52,59,31,6.5,6.3,13.8,179.1,-6.2,0.1,1.5,0.1,1.5,0.2,1.4,0.5,0.4,1.2,189453.0,2.1,637.0,0.8,-2.1,0.029,48003.0,0.4,8.0,0.5,1.4,0.005,1.59,-0.96,0.66,7.1,5.7,0.0236,40,37,-45,27,91.0,546,-474,72,3.0,0.006991,999999.99,99999.99,99999.99,99999.99,99999.99,99999.99,0,2005-01-03 14:00:00
2005,3,15,2339,51,52,60,37,6.4,6.2,13.0,182.2,-6.1,-0.2,1.4,-0.3,1.4,0.2,1.2,0.3,0.8,0.9,177681.0,2.0,626.0,1.7,-2.5,0.03,46552.0,0.2,6.0,0.7,1.1,0.003,1.47,-0.88,0.62,6.9,5.6,0.0249,37,37,-40,22,91.0,233,-149,83,1.6,0.006991,999999.99,99999.99,99999.99,99999.99,99999.99,99999.99,0,2005-01-03 15:00:00
2005,3,16,2339,51,52,62,37,5.6,4.6,8.6,217.6,-3.6,-2.8,0.7,-2.8,0.5,0.5,3.0,1.3,1.2,2.4,191778.0,2.9,640.0,3.7,-2.0,0.033,32695.0,0.5,15.0,0.8,2.1,0.003,2.25,-0.32,1.23,9.7,6.8,0.0126,37,37,-36,22,91.0,543,-422,121,3.0,0.006991,999999.99,99999.99,99999.99,99999.99,99999.99,99999.99,0,2005-01-03 16:00:00
2005,3,17,2339,51,52,58,35,5.7,4.1,-31.4,157.0,-3.3,1.4,-2.2,1.7,-2.0,0.3,3.5,1.3,2.3,2.3,239309.0,2.9,647.0,0.2,0.6,0.045,38136.0,0.3,14.0,2.3,2.0,0.006,2.39,1.29,1.37,9.7,6.5,0.0127,37,37,-37,22,91.0,562,-485,77,2.2,0.006991,999999.99,99999.99,99999.99,99999.99,99999.99,99999.99,0,2005-01-03 17:00:00
2005,3,18,2339,51,52,63,38,6.5,4.0,25.8,144.8,-2.9,2.1,1.7,1.8,2.0,0.4,5.0,1.9,2.6,3.8,228869.0,3.0,665.0,-0.3,-2.2,0.042,39418.0,0.3,17.0,2.1,2.6,0.004,2.59,-1.33,1.06,8.9,6.4,0.0152,30,37,-30,15,91.0,336,-268,68,1.9,0.006991,999999.99,99999.99,99999.99,99999.99,99999.99,99999.99,0,2005-01-03 18:00:00
2005,3,19,2339,51,52,59,32,7.2,5.2,-11.9,128.3,-3.1,4.0,-1.1,4.1,-0.2,0.6,4.8,2.0,1.8,4.0,247261.0,3.2,664.0,-1.5,-0.4,0.044,31909.0,0.4,12.0,1.0,1.9,0.011,2.77,0.13,0.96,8.2,6.1,0.0175,30,37,-28,15,91.0,175,-120,55,1.0,0.006991,999999.99,99999.99,99999.99,99999.99,99999.99,99999.99,0,2005-01-03 19:00:00
2005,3,20,2339,51,52,59,34,5.9,4.9,25.5,186.8,-4.4,-0.5,2.1,-1.0,1.9,0.2,3.0,1.1,1.7,2.2,244556.0,2.5,655.0,0.8,-1.6,0.051,62710.0,0.3,16.0,1.9,2.6,0.009,2.16,-1.24,1.11,8.8,6.3,0.0154,30,37,-28,15,91.0,347,-273,75,1.5,0.006991,999999.99,99999.99,99999.99,99999.99,99999.99,99999.99,0,2005-01-03 20:00:00
2005,3,21,2339,51,52,60,33,5.8,5.5,-6.9,170.8,-5.4,0.9,-0.7,1.1,-0.4,0.1,1.5,0.2,0.9,1.2,251030.0,2.4,644.0,-0.4,0.0,0.048,62382.0,0.2,7.0,0.9,1.5,0.011,1.98,0.26,1.13,8.6,6.1,0.0161,23,37,-23,9,91.0,95,-53,42,0.2,0.006991,999999.99,99999.99,99999.99,99999.99,99999.99,99999.99,0,2005-01-03 21:00:00
2005,3,22,2339,51,52,63,32,5.6,3.9,-11.3,164.5,-3.7,1.0,-0.8,1.2,-0.5,0.2,3.8,1.6,2.9,1.9,264285.0,2.7,667.0,-0.2,0.5,0.038,50817.0,0.4,25.0,2.4,2.3,0.009,2.31,0.33,1.41,9.8,6.6,0.0124,23,37,-20,9,91.0,117,-75,42,0.2,0.006991,999999.99,99999.99,99999.99,99999.99,99999.99,99999.99,0,2005-01-03 22:00:00
2005,3,23,2339,51,52,60,32,5.9,4.4,-10.9,123.4,-2.4,3.6,-0.8,3.7,0.3,0.4,3.8,1.1,1.6,3.3,285013.0,3.2,685.0,-2.5,-1.1,0.029,51389.0,0.3,7.0,1.2,2.9,0.002,2.8,-0.21,1.58,10.4,6.7,0.011,23,37,-16,9,91.0,124,-71,53,0.3,0.006991,999999.99,99999.99,99999.99,99999.99,99999.99,99999.99,0,2005-01-03 23:00:00
2005,4,0,2340,51,52,59,33,5.7,4.0,-0.6,133.7,-2.7,2.9,0.0,2.8,0.8,0.2,3.9,1.0,2.2,3.0,289526.0,3.0,687.0,-1.6,-1.2,0.029,71225.0,0.3,9.0,1.5,2.7,0.001,2.64,-0.55,1.61,10.4,6.8,0.0109,43,22,-19,32,85.1,267,-203,64,1.2,0.006911,999999.99,99999.99,99999.99,99999.99,99999.99,99999.99,0,2005-01-04 00:00:00
2005,4,1,2340,51,52,58,27,6.2,4.6,1.0,156.7,-4.3,1.8,0.1,1.7,0.6,0.2,3.9,1.6,1.9,3.0,270393.0,2.8,671.0,-0.9,-1.3,0.028,95734.0,0.4,17.0,1.6,2.8,0.004,2.34,-0.4,1.21,9.1,6.3,0.0145,43,22,-22,32,85.1,391,-294,97,2.8,0.006911,999999.99,99999.99,99999.99,99999.99,99999.99,99999.99,0,2005-01-04 01:00:00
2005,4,2,2340,51,52,60,34,6.2,5.6,-27.5,206.2,-4.4,-2.2,-2.6,-1.6,-3.0,0.2,2.5,1.3,1.2,1.8,217032.0,2.8,665.0,2.7,0.7,0.025,38683.0,0.4,16.0,1.1,1.5,0.002,2.27,2.0,1.05,9.0,6.5,0.0148,43,22,-24,32,85.1,403,-255,149,2.9,0.006911,999999.99,99999.99,99999.99,99999.99,99999.99,99999.99,0,2005-01-04 02:00:00
2005,4,3,2340,51,52,60,33,6.3,5.7,-31.9,216.0,-3.9,-2.8,-3.0,-2.2,-3.4,0.2,2.4,0.8,1.9,1.2,222934.0,3.0,671.0,2.8,1.3,0.026,28345.0,0.4,9.0,1.6,1.5,0.005,2.49,2.28,1.1,9.2,6.6,0.014,43,22,-26,32,85.1,337,-200,136,1.9,0.006911,999999.99,99999.99,99999.99,99999.99,99999.99,99999.99,0,2005-01-04 03:00:00
2005,4,4,2340,51,52,61,31,6.3,5.4,-14.2,166.7,-5.1,1.2,-1.3,1.4,-1.1,0.2,3.0,1.0,1.4,2.4,178955.0,1.9,657.0,-0.7,0.5,0.044,43126.0,0.4,20.0,1.9,3.0,0.017,1.61,0.72,0.61,7.2,5.8,0.023,43,22,-24,32,85.1,355,-133,221,3.6,0.006911,999999.99,99999.99,99999.99,99999.99,99999.99,99999.99,0,2005-01-04 04:00:00
2005,4,5,2340,51,52,62,33,6.7,5.1,35.7,157.3,-3.8,1.6,3.0,1.4,3.1,0.2,4.1,2.0,2.2,2.8,240667.0,2.4,686.0,-0.5,-4.4,0.039,44759.0,0.4,28.0,2.2,2.3,0.005,2.18,-2.13,0.82,7.9,6.1,0.0189,43,22,-19,32,85.1,188,-58,131,1.8,0.006911,999999.99,99999.99,99999.99,99999.99,99999.99,99999.99,0,2005-01-04 05:00:00
2005,4,6,2340,51,52,60,35,6.1,4.4,-26.1,181.6,-4.0,-0.1,-1.9,-0.1,-1.9,0.5,3.9,1.4,1.8,3.1,278908.0,2.4,688.0,1.8,1.1,0.042,64187.0,0.4,21.0,1.7,3.2,0.009,2.22,1.31,1.09,8.7,6.3,0.0156,33,22,-22,18,85.1,101,-31,70,0.4,0.006911,999999.99,99999.99,99999.99,99999.99,99999.99,99999.99,0,2005-01-04 06:00:00
2005,4,7,2340,51,52,61,34,5.4,4.5,-34.0,182.8,-3.7,-0.2,-2.5,-0.3,-2.5,0.8,2.8,1.3,1.5,2.0,329234.0,2.7,710.0,1.6,1.0,0.046,81068.0,0.3,15.0,1.4,1.9,0.011,2.69,1.77,1.76,10.8,6.8,0.0102,33,22,-25,18,85.1,186,-86,100,1.3,0.006911,999999.99,99999.99,99999.99,99999.99,99999.99,99999.99,0,2005-01-04 07:00:00
2005,4,8,2340,51,52,62,32,5.4,4.6,29.9,161.4,-3.8,1.3,2.3,1.4,2.2,1.1,2.8,1.8,1.3,1.7,276446.0,2.9,725.0,0.9,-2.3,0.042,46626.0,0.3,17.0,1.1,1.7,0.005,2.97,-1.6,1.67,11.4,7.3,0.0091,33,22,-32,18,85.1,333,-243,89,1.5,0.006911,999999.99,99999.99,99999.99,99999.99,99999.99,99999.99,0,2005-01-04 08:00:00
2005,4,9,2340,51,52,57,34,5.6,3.6,-2.0,148.3,-3.1,1.9,-0.1,1.9,-0.3,0.5,4.1,2.1,2.4,2.6,315273.0,3.1,732.0,1.0,0.2,0.047,39809.0,0.2,15.0,1.2,1.7,0.005,3.3,0.22,1.82,11.5,7.2,0.009,30,22,-28,15,85.1,339,-257,81,1.4,0.006911,999999.99,99999.99,99999.99,99999.99,99999.99,99999.99,0,2005-01-04 09:00:00
2005,4,10,2340,51,52,60,34,5.8,4.8,-13.1,137.2,-3.4,3.2,-1.1,3.1,-1.4,0.2,3.0,1.2,1.7,2.3,284358.0,2.7,734.0,0.3,0.5,0.053,40555.0,0.3,15.0,1.4,2.2,0.01,2.94,1.03,1.38,10.4,7.0,0.011,30,22,-25,15,85.1,330,-246,84,3.0,0.006911,999999.99,99999.99,99999.99,99999.99,99999.99,99999.99,0,2005-01-04 10:00:00
2005,4,11,2340,51,52,61,35,5.6,3.5,6.4,160.2,-3.3,1.2,0.4,1.2,0.3,0.7,4.2,1.4,3.2,2.3,302737.0,2.9,741.0,1.5,-0.4,0.048,51365.0,0.3,17.0,1.9,1.7,0.006,3.17,-0.22,1.66,11.3,7.2,0.0094,30,22,-25,15,85.1,210,-148,62,1.7,0.006911,999999.99,99999.99,99999.99,99999.99,99999.99,99999.99,0,2005-01-04 11:00:00
2005,4,12,2340,51,52,58,36,5.7,4.4,8.1,154.9,-3.9,1.8,0.6,1.8,0.5,0.2,3.3,0.8,1.8,2.7,289360.0,2.8,736.0,1.0,-0.7,0.05,47127.0,0.2,11.0,1.8,2.4,0.007,3.04,-0.37,1.5,10.8,7.1,0.0102,47,22,-22,39,85.1,781,-648,133,3.3,0.006911,999999.99,99999.99,99999.99,99999.99,99999.99,99999.99,0,2005-01-04 12:00:00
2005,4,13,2340,51,52,63,27,6.0,3.8,6.2,151.1,-3.3,1.8,0.4,1.8,0.3,0.3,4.5,2.1,1.5,3.7,294721.0,2.7,751.0,1.1,0.1,0.05,82842.0,0.3,24.0,1.4,2.9,0.009,3.05,-0.23,1.32,10.3,7.0,0.0112,47,22,-23,39,85.1,326,-197,128,1.5,0.006911,999999.99,99999.99,99999.99,99999.99,99999.99,99999.99,0,2005-01-04 13:00:00
2005,4,14,2340,51,52,60,34,5.8,4.8,-49.6,115.6,-1.3,2.8,-3.7,2.8,-3.7,0.2,2.8,1.6,1.9,1.3,247819.0,2.5,762.0,0.2,1.6,0.056,51644.0,0.3,18.0,1.6,1.6,0.008,2.97,2.82,1.16,10.4,7.3,0.011,47,22,-24,39,85.1,749,-591,158,4.1,0.006911,999999.99,99999.99,99999.99,99999.99,99999.99,99999.99,0,2005-01-04 14:00:00
2005,4,15,2340,51,52,59,32,5.3,3.6,-50.0,159.2,-2.2,0.8,-2.8,0.9,-2.8,0.2,3.4,1.7,2.2,2.0,257612.0,2.5,748.0,1.9,0.9,0.058,96872.0,0.3,21.0,1.9,2.1,0.014,2.88,2.09,1.43,11.2,7.5,0.0096,43,22,-26,32,85.1,578,-450,128,4.7,0.006911,999999.99,99999.99,99999.99,99999.99,99999.99,99999.99,0,2005-01-04 15:00:00
2005,4,16,2340,51,52,60,36,5.2,3.4,15.0,141.5,-2.6,2.0,0.9,1.9,1.1,0.3,3.7,1.6,1.8,2.8,241384.0,2.4,743.0,0.8,-1.7,0.061,35364.0,0.3,19.0,1.8,2.7,0.013,2.75,-0.82,1.37,11.1,7.5,0.0097,43,22,-26,32,85.1,441,-386,55,3.0,0.006911,999999.99,99999.99,99999.99,99999.99,99999.99,99999.99,0,2005-01-04 16:00:00
2005,4,17,2340,51,52,58,29,5.6,4.5,13.9,157.8,-4.1,1.7,1.1,1.5,1.3,0.1,3.0,1.4,1.9,1.9,222962.0,2.4,725.0,0.5,-2.3,0.059,58415.0,0.2,16.0,2.3,2.4,0.008,2.6,-0.94,1.12,10.0,7.2,0.0118,43,22,-29,32,85.1,314,-265,49,1.5,0.006911,999999.99,99999.99,99999.99,99999.99,99999.99,99999.99,0,2005-01-04 17:00:00
2005,4,18,2340,51,52,60,28,5.5,4.3,8.0,179.6,-4.3,0.0,0.6,-0.1,0.6,0.1,3.1,0.8,1.8,2.4,222268.0,2.3,718.0,2.2,-1.8,0.061,48668.0,0.3,16.0,2.2,3.2,0.009,2.46,-0.43,1.11,9.9,7.1,0.0121,33,22,-31,18,85.1,368,-255,113,2.3,0.006911,0.39,0.13,0.07,0.06,99999.99,99999.99,-1,2005-01-04 18:00:00
2005,4,19,2340,51,52,60,33,5.4,3.8,12.4,169.2,-3.7,0.7,0.8,0.5,0.9,0.2,3.6,1.4,2.9,1.8,224608.0,2.3,717.0,1.1,-2.5,0.062,46595.0,0.2,21.0,2.7,2.0,0.007,2.46,-0.65,1.16,10.1,7.1,0.0117,33,22,-31,18,85.1,300,-224,76,1.0,0.006911,0.63,0.28,0.2,0.16,0.14,0.13,-1,2005-01-04 19:00:00
2005,4,20,2340,51,52,60,37,5.4,4.3,8.4,187.3,-4.2,-0.5,0.6,-0.6,0.5,0.1,3.1,1.0,2.5,1.7,228531.0,2.4,710.0,1.9,-2.1,0.057,37601.0,0.2,15.0,2.4,2.1,0.008,2.48,-0.35,1.22,10.2,7.1,0.0115,33,22,-30,18,85.1,167,-89,77,-0.0,0.006911,0.46,0.25,0.18,0.14,0.12,0.11,-1,2005-01-04 20:00:00
2005,4,21,2340,51,52,61,38,5.3,4.3,22.2,201.2,-3.8,-1.5,1.6,-1.9,1.1,0.1,2.9,1.0,2.4,1.3,213875.0,2.4,713.0,2.7,-3.3,0.049,24534.0,0.2,13.0,2.5,1.5,0.004,2.44,-0.78,1.22,10.4,7.3,0.011,33,22,-28,18,85.1,257,-179,78,0.9,0.006911,0.54,0.24,0.17,0.13,0.12,0.11,-1,2005-01-04 21:00:00
2005,4,22,2340,51,52,60,37,5.1,4.3,20.5,201.6,-3.7,-1.5,1.5,-1.9,1.0,0.2,2.5,1.0,1.2,2.0,216727.0,2.3,707.0,2.9,-3.3,0.051,37263.0,0.2,16.0,1.1,2.3,0.006,2.31,-0.71,1.27,10.5,7.3,0.0108,33,22,-25,18,85.1,365,-272,93,1.1,0.006911,0.41,0.21,0.14,0.12,0.11,0.1,-1,2005-01-04 22:00:00
2005,4,23,2340,51,52,59,37,5.1,4.7,21.1,223.3,-3.2,-3.0,1.7,-3.4,0.7,0.2,1.8,0.9,1.3,0.9,199844.0,2.4,716.0,4.0,-2.7,0.047,33102.0,0.1,11.0,1.0,0.8,0.008,2.44,-0.5,1.26,10.9,7.5,0.0101,33,22,-24,18,85.1,472,-364,108,2.6,0.006911,0.51,0.22,0.17,0.14,0.13,0.13,-1,2005-01-04 23:00:00
2005,5,0,2340,51,52,60,33,5.1,4.1,20.2,220.4,-2.9,-2.5,1.4,-2.8,0.6,0.3,2.9,1.3,1.9,1.9,179924.0,2.2,708.0,3.3,-2.7,0.048,20513.0,0.3,21.0,1.1,1.5,0.009,2.2,-0.42,1.08,10.3,7.4,0.0112,40,17,-26,27,85.3,742,-576,165,3.9,0.006808,0.45,0.2,0.15,0.12,0.11,0.11,-1,2005-01-05 00:00:00
2005,5,1,2340,51,52,60,35,5.2,4.7,-25.9,108.8,-1.4,4.0,-2.0,4.4,-0.9,0.1,2.0,1.4,1.3,0.7,176122.0,2.2,723.0,-2.8,0.8,0.044,34766.0,0.2,18.0,1.5,0.8,0.005,2.26,0.65,1.03,10.3,7.5,0.0112,40,17,-27,27,85.3,346,-230,116,2.2,0.006808,0.48,0.22,0.16,0.14,0.13,0.12,-1,2005-01-05 01:00:00
2005,5,2,2340,51,52,58,30,5.1,4.3,-20.2,140.9,-3.2,2.6,-1.5,2.9,-0.9,0.1,2.4,1.1,1.7,1.3,186590.0,2.1,697.0,-1.1,0.4,0.047,27954.0,0.2,15.0,1.6,1.4,0.004,2.02,0.63,1.06,9.9,7.2,0.0121,40,17,-26,27,85.3,367,-242,125,2.5,0.006808,0.47,0.25,0.19,0.15,0.13,0.13,-1,2005-01-05 02:00:00
2005,5,3,2340,51,52,62,32,5.0,4.6,-25.6,99.1,-0.7,4.1,-2.0,4.4,-1.2,0.2,1.8,1.4,0.4,1.0,201850.0,2.0,721.0,-1.9,0.3,0.046,31845.0,0.2,14.0,0.4,1.4,0.005,2.06,0.87,1.1,10.2,7.3,0.0114,33,17,-23,18,85.3,388,-244,145,3.9,0.006808,0.54,0.28,0.22,0.19,0.15,0.1,-1,2005-01-05 03:00:00
2005,5,4,2340,51,52,59,31,4.9,4.2,-18.4,91.2,-0.1,4.0,-1.3,4.1,-0.8,0.2,2.3,1.1,0.6,2.0,228324.0,2.2,722.0,-1.2,0.2,0.044,45050.0,0.2,13.0,0.5,1.9,0.007,2.25,0.58,1.36,10.9,7.4,0.01,33,17,-25,18,85.3,259,-181,78,2.5,0.006808,0.51,0.24,0.19,0.15,0.14,0.14,-1,2005-01-05 04:00:00
2005,5,5,2340,51,52,60,31,4.4,2.4,-16.0,141.6,-1.8,1.4,-0.7,1.4,-0.6,0.3,3.6,1.4,1.9,2.8,240053.0,2.2,702.0,1.3,-0.1,0.045,35042.0,0.2,18.0,1.6,2.3,0.007,2.14,0.42,1.74,11.8,7.5,0.0085,33,17,-28,18,85.3,346,-268,78,2.5,0.006808,999999.99,99999.99,99999.99,99999.99,99999.99,99999.99,0,2005-01-05 05:00:00
2005,5,6,2340,51,52,58,27,4.1,3.0,-20.3,149.0,-2.4,1.5,-1.1,1.5,-1.1,0.3,2.6,1.1,1.0,2.2,264389.0,2.1,687.0,0.9,-0.6,0.048,67363.0,0.2,13.0,0.9,1.9,0.005,1.97,0.76,2.04,12.1,7.3,0.0081,37,17,-30,22,85.3,200,-116,85,1.5,0.006808,999999.99,99999.99,99999.99,99999.99,99999.99,99999.99,0,2005-01-05 06:00:00
2005,5,7,2340,51,52,61,37,4.6,2.9,-30.1,122.7,-1.3,2.1,-1.4,2.1,-1.4,0.3,3.3,1.6,1.6,2.5,236541.0,2.1,696.0,0.6,-0.4,0.042,29730.0,0.2,24.0,1.8,2.6,0.006,1.98,0.97,1.51,11.0,7.2,0.0099,37,17,-29,22,85.3,168,-82,86,1.2,0.006808,999999.99,99999.99,99999.99,99999.99,99999.99,99999.99,0,2005-01-05 07:00:00
2005,5,8,2340,51,52,61,27,4.4,2.8,-59.5,74.1,0.4,1.4,-2.4,1.3,-2.5,0.3,3.2,1.8,1.4,2.2,248954.0,2.3,713.0,0.8,0.8,0.039,28258.0,0.2,19.0,1.0,1.8,0.005,2.26,1.78,1.86,12.3,7.6,0.0079,37,17,-29,22,85.3,501,-375,126,3.9,0.006808,999999.99,99999.99,99999.99,99999.99,99999.99,99999.99,0,2005-01-05 08:00:00
2005,5,9,2340,51,52,58,34,4.2,2.8,-9.2,132.3,-1.9,2.0,-0.4,2.0,-0.5,0.5,2.9,1.8,1.3,2.0,279157.0,2.3,692.0,-0.0,-1.2,0.044,50404.0,0.3,17.0,1.0,1.6,0.006,2.16,0.35,2.21,12.5,7.3,0.0076,33,17,-31,18,85.3,296,-210,86,2.8,0.006808,999999.99,99999.99,99999.99,99999.99,99999.99,99999.99,0,2005-01-05 09:00:00
2005,5,10,2340,51,52,60,28,5.5,4.6,-51.8,107.9,-0.9,2.7,-3.6,2.4,-3.8,0.4,2.8,1.9,1.0,1.8,205987.0,2.2,688.0,-0.5,0.9,0.036,32638.0,0.3,16.0,1.2,1.5,0.004,1.99,2.61,1.01,9.3,6.8,0.0138,33,17,-31,18,85.3,465,-364,101,3.2,0.006808,999999.99,99999.99,99999.99,99999.99,99999.99,99999.99,0,2005-01-05 10:00:00
2005,5,11,2340,51,52,62,34,5.5,3.8,-31.1,105.0,-0.8,3.1,-2.0,2.9,-2.2,0.4,3.6,1.6,1.9,2.6,250743.0,2.2,705.0,0.1,0.1,0.034,85802.0,0.3,16.0,1.4,1.6,0.008,2.07,1.55,1.15,9.5,6.7,0.0132,33,17,-29,18,85.3,684,-543,141,3.8,0.006808,999999.99,99999.99,99999.99,99999.99,99999.99,99999.99,0,2005-01-05 11:00:00
2005,5,12,2340,51,52,58,35,5.1,4.5,5.8,124.2,-2.5,3.7,0.5,3.7,0.3,0.2,2.1,1.0,0.8,1.7,243453.0,2.4,698.0,-0.2,-1.6,0.034,19290.0,0.2,10.0,0.7,1.4,0.005,2.22,-0.21,1.43,10.6,7.1,0.0106,33,17,-33,18,85.3,433,-343,90,2.6,0.006808,999999.99,99999.99,99999.99,99999.99,99999.99,99999.99,0,2005-01-05 12:00:00
2005,5,13,2340,51,52,60,31,4.9,4.1,-18.9,133.9,-2.7,2.8,-1.3,2.8,-1.4,0.2,2.4,1.4,1.1,1.7,223341.0,2.1,683.0,0.7,-0.4,0.04,38325.0,0.3,16.0,1.3,1.8,0.009,1.9,0.96,1.28,10.1,7.0,0.0117,33,17,-31,18,85.3,432,-358,74,2.3,0.006808,999999.99,99999.99,99999.99,99999.99,99999.99,99999.99,0,2005-01-05 13:00:00
2005,5,14,2340,51,52,60,31,4.5,3.6,-13.3,99.1,-0.6,3.5,-0.8,3.5,-0.8,0.1,2.5,0.9,0.9,2.2,192736.0,2.3,691.0,-0.6,-0.4,0.046,14717.0,0.2,12.0,0.9,1.9,0.006,2.17,0.55,1.52,11.6,7.7,0.0088,33,17,-32,18,85.3,517,-410,107,2.6,0.006808,999999.99,99999.99,99999.99,99999.99,99999.99,99999.99,0,2005-01-05 14:00:00
2005,5,15,2340,51,52,60,34,4.8,4.1,-23.9,102.9,-0.8,3.7,-1.7,3.8,-1.5,0.1,2.2,1.4,0.9,1.4,177480.0,2.2,683.0,-1.0,0.3,0.045,20437.0,0.2,15.0,0.8,1.2,0.005,2.02,1.02,1.21,10.6,7.4,0.0107,33,17,-32,18,85.3,393,-317,75,2.6,0.006808,999999.99,99999.99,99999.99,99999.99,99999.99,99999.99,0,2005-01-05 15:00:00
2005,5,16,2340,51,52,58,35,4.7,4.2,-4.4,112.4,-1.6,3.9,-0.3,3.9,0.1,0.1,1.9,1.2,0.6,1.3,162030.0,2.1,665.0,-1.3,-0.7,0.044,14914.0,0.1,15.0,0.9,1.2,0.007,1.82,-0.07,1.15,10.3,7.3,0.0113,33,17,-32,18,85.3,512,-441,71,2.6,0.006808,999999.99,99999.99,99999.99,99999.99,99999.99,99999.99,0,2005-01-05 16:00:00
2005,5,17,2340,51,52,59,36,5.0,3.9,-18.5,131.1,-2.4,2.8,-1.2,2.9,-0.8,0.1,3.0,1.9,1.6,1.6,134345.0,2.1,645.0,-0.9,0.2,0.052,18527.0,0.2,20.0,1.6,2.0,0.007,1.76,0.52,0.92,9.3,7.0,0.0136,33,17,-31,18,85.3,272,-224,47,1.7,0.006808,999999.99,99999.99,99999.99,99999.99,99999.99,99999.99,0,2005-01-05 17:00:00
2005,5,18,2340,51,52,61,37,5.3,5.0,-12.2,124.5,-2.8,4.0,-1.1,4.1,-0.3,0.1,1.5,1.1,0.7,0.7,112844.0,2.1,637.0,-2.2,-0.2,0.049,12776.0,0.1,14.0,0.7,0.8,0.007,1.7,0.19,0.75,8.7,6.8,0.0157,20,17,-29,7,85.3,238,-202,36,1.5,0.006808,0.45,0.18,0.12,0.1,0.09,0.09,-1,2005-01-05 18:00:00
2005,5,19,2340,51,52,59,36,5.4,5.1,-8.0,133.0,-3.4,3.7,-0.7,3.8,0.2,0.1,1.8,0.4,0.6,1.6,114018.0,2.1,631.0,-1.5,-0.9,0.051,19626.0,0.2,6.0,0.8,1.6,0.01,1.68,-0.13,0.73,8.5,6.6,0.0166,20,17,-27,7,85.3,119,-84,34,1.3,0.006808,0.49,0.2,0.15,0.13,0.11,0.1,-1,2005-01-05 19:00:00
2005,5,20,2340,51,52,59,31,5.4,5.0,-0.1,145.9,-4.2,2.8,0.0,2.7,0.7,0.0,1.9,0.8,1.2,1.2,98610.0,2.2,617.0,-0.4,-1.3,0.053,13626.0,0.1,10.0,1.3,1.2,0.006,1.7,-0.43,0.71,8.5,6.7,0.0166,20,17,-27,7,85.3,108,-69,39,0.6,0.006808,0.45,0.17,0.14,0.12,0.12,0.12,-1,2005-01-05 20:00:00
2005,5,21,2340,51,52,60,32,5.4,5.1,-2.4,135.9,-3.7,3.5,-0.2,3.4,0.8,0.1,1.7,0.6,0.7,1.5,124618.0,2.0,619.0,-0.1,-0.9,0.052,41127.0,0.2,8.0,0.8,1.6,0.011,1.55,-0.5,0.72,8.1,6.4,0.0181,23,17,-23,9,85.3,74,-36,38,0.1,0.006808,0.47,0.2,0.15,0.13,0.13,0.12,-1,2005-01-05 21:00:00
2005,5,22,2340,51,52,58,32,5.6,5.5,-5.8,136.6,-4.0,3.7,-0.6,3.7,0.5,0.2,1.0,0.6,0.7,0.5,93680.0,2.2,609.0,-0.7,-0.2,0.052,30468.0,0.3,10.0,0.7,0.6,0.009,1.65,-0.3,0.65,8.1,6.5,0.0183,23,17,-22,9,85.3,147,-117,30,1.1,0.006808,0.47,0.18,0.12,0.11,0.1,0.1,-1,2005-01-05 22:00:00
2005,5,23,2340,51,52,59,33,6.1,6.0,-4.8,143.6,-4.8,3.5,-0.5,3.5,0.6,0.2,1.2,0.7,0.7,0.6,50477.0,2.9,588.0,-0.9,0.7,0.048,7774.0,0.2,7.0,0.6,0.9,0.005,2.0,-0.35,0.58,8.2,6.7,0.0177,23,17,-19,9,85.3,225,-186,39,2.1,0.006808,0.5,0.18,0.12,0.1,0.1,0.1,-1,2005-01-05 23:00:00
2005,6,0,2340,51,52,59,31,6.5,6.4,18.3,153.5,-5.4,2.7,2.0,2.0,2.7,0.0,1.0,0.3,0.7,0.6,51840.0,3.2,578.0,-0.1,-0.3,0.046,7020.0,0.3,4.0,1.1,0.6,0.007,2.11,-1.56,0.57,8.0,6.5,0.0188,20,18,-16,7,80.4,102,-65,37,1.0,0.00678,0.49,0.21,0.16,0.13,0.12,0.11,-1,2005-01-06 00:00:00
2005,6,1,2340,51,52,62,31,6.8,6.6,22.8,128.1,-3.8,4.8,2.6,3.9,3.8,0.2,1.5,0.8,1.2,0.4,41147.0,2.7,589.0,-1.3,-0.6,0.048,6729.0,0.4,8.0,0.9,0.5,0.008,1.86,-2.24,0.41,7.1,6.1,0.0235,20,18,-13,7,80.4,64,-16,49,0.1,0.00678,0.48,0.21,0.16,0.14,0.13,0.11,-1,2005-01-06 01:00:00
2005,6,2,2340,51,52,57,31,6.8,6.4,21.2,162.2,-5.7,1.8,2.3,1.2,2.7,0.1,2.1,1.0,1.7,0.5,50676.0,3.0,568.0,0.3,-0.4,0.039,7909.0,0.2,10.0,1.3,0.5,0.007,1.87,-1.53,0.48,7.2,6.1,0.0227,20,18,-11,7,80.4,52,-10,41,0.3,0.00678,0.57,0.22,0.16,0.13,0.12,0.12,-1,2005-01-06 02:00:00
2005,6,3,2340,51,52,61,34,6.8,6.8,19.2,164.7,-6.2,1.7,2.2,1.2,2.5,0.1,1.0,0.2,0.7,0.7,58146.0,2.9,558.0,0.1,0.1,0.039,9279.0,0.2,3.0,0.8,0.8,0.005,1.74,-1.4,0.49,7.0,5.9,0.0244,3,18,-11,2,80.4,43,-10,33,0.1,0.00678,0.71,0.23,0.17,0.14,0.13,0.13,-1,2005-01-06 03:00:00
2005,6,4,2340,51,52,60,32,6.6,6.5,33.7,172.4,-5.4,0.7,3.6,0.2,3.7,0.1,1.1,0.3,1.0,0.3,48605.0,3.0,560.0,1.0,-1.3,0.042,5280.0,0.3,4.0,1.0,0.6,0.007,1.84,-2.07,0.51,7.3,6.1,0.022,3,18,-12,2,80.4,41,-11,29,-0.2,0.00678,0.47,0.2,0.14,0.13,0.12,0.12,-1,2005-01-06 04:00:00
2005,6,5,2340,51,52,58,31,6.4,6.3,27.0,179.6,-5.6,0.0,2.9,-0.2,2.9,0.1,0.8,0.2,0.6,0.5,47400.0,3.9,560.0,1.6,-0.3,0.051,4337.0,0.3,3.0,0.6,0.6,0.008,2.46,-1.62,0.7,8.6,6.8,0.0159,3,18,-13,2,80.4,38,-15,23,-0.2,0.00678,0.67,0.2,0.14,0.12,0.12,0.12,-1,2005-01-06 05:00:00
2005,6,6,2340,51,52,59,34,6.5,6.4,31.1,182.9,-5.5,-0.3,3.3,-0.4,3.3,0.1,0.8,0.3,0.6,0.5,50044.0,2.8,549.0,1.2,-1.4,0.033,6903.0,0.2,5.0,0.8,0.8,0.003,1.6,-1.81,0.49,7.1,5.9,0.0238,3,18,-15,2,80.4,39,-18,21,-0.2,0.00678,0.74,0.23,0.17,0.15,0.14,0.13,-1,2005-01-06 06:00:00
2005,6,7,2340,51,52,60,38,6.4,6.3,26.3,188.7,-5.6,-0.8,2.8,-0.8,2.8,0.0,1.1,0.4,0.8,0.7,54076.0,2.7,543.0,1.7,-1.1,0.035,11172.0,0.1,4.0,1.2,0.9,0.002,1.52,-1.52,0.5,7.0,5.8,0.0245,3,18,-17,2,80.4,39,-17,22,-0.3,0.00678,999999.99,99999.99,99999.99,99999.99,99999.99,99999.99,0,2005-01-06 07:00:00
2005,6,8,2340,51,52,60,37,6.3,6.2,28.5,199.1,-5.1,-1.8,2.9,-1.7,3.0,0.1,1.1,0.3,0.9,0.4,40791.0,2.3,544.0,2.6,-1.3,0.046,3839.0,0.1,6.0,1.3,0.7,0.003,1.35,-1.63,0.41,6.5,5.6,0.0277,3,18,-19,2,80.4,31,-14,17,-0.4,0.00678,999999.99,99999.99,99999.99,99999.99,99999.99,99999.99,0,2005-01-06 08:00:00
2005,6,9,2340,51,52,38,22,6.2,6.2,30.1,212.0,-4.5,-2.8,3.1,-2.6,3.3,0.1,0.6,0.4,0.3,0.3,39439.0,2.5,550.0,3.3,-1.5,0.051,3704.0,0.1,6.0,0.3,0.5,0.004,1.52,-1.81,0.45,7.0,5.9,0.0242,3,18,-17,2,80.4,31,-14,17,-0.3,0.00678,999999.99,99999.99,99999.99,99999.99,99999.99,99999.99,0,2005-01-06 09:00:00
2005,6,10,2340,71,71,15,15,6.3,6.1,23.4,193.9,-5.4,-1.3,2.4,-1.1,2.5,0.1,1.5,0.3,1.3,0.7,62045.0,3.4,530.0,2.9,0.8,9.999,15709.0,0.2,5.0,1.3,1.0,9.999,1.91,-1.32,0.68,7.8,6.2,0.0198,3,18,-16,2,80.4,29,-14,16,-0.2,0.00678,999999.99,99999.99,99999.99,99999.99,99999.99,99999.99,0,2005-01-06 10:00:00
2005,6,11,2340,71,71,15,15,6.1,5.9,35.1,193.9,-4.7,-1.2,3.4,-1.0,3.5,0.1,1.1,0.3,1.0,0.4,64643.0,3.5,534.0,2.2,-0.7,9.999,17212.0,0.2,4.0,1.1,0.6,9.999,2.0,-1.87,0.76,8.2,6.4,0.0177,3,18,-12,2,80.4,30,-14,17,-0.3,0.00678,999999.99,99999.99,99999.99,99999.99,99999.99,99999.99,0,2005-01-06 11:00:00
2005,6,12,2340,51,52,29,16,6.0,5.3,34.5,202.5,-4.1,-1.7,3.0,-1.5,3.1,0.0,2.5,0.8,1.8,1.5,73145.0,2.3,544.0,2.0,-1.9,0.057,22793.0,0.3,9.0,2.1,2.2,0.013,1.4,-1.69,0.54,6.9,5.7,0.0252,7,18,-11,3,80.4,36,-16,20,-0.1,0.00678,999999.99,99999.99,99999.99,99999.99,99999.99,99999.99,0,2005-01-06 12:00:00
2005,6,13,2340,51,52,59,35,5.7,5.4,35.6,190.5,-4.3,-0.8,3.1,-0.7,3.1,0.1,1.7,0.4,1.2,1.2,77620.0,2.4,542.0,0.7,-2.1,0.058,10228.0,0.2,5.0,1.3,1.5,0.007,1.45,-1.68,0.63,7.4,5.9,0.0219,7,18,-13,3,80.4,33,-16,17,-0.0,0.00678,999999.99,99999.99,99999.99,99999.99,99999.99,99999.99,0,2005-01-06 13:00:00
2005,6,14,2340,51,52,62,36,5.5,5.1,46.2,187.6,-3.5,-0.5,3.7,-0.6,3.7,0.2,2.0,1.1,1.0,1.3,76481.0,2.4,544.0,-0.1,-2.7,0.054,10312.0,0.2,12.0,1.2,1.4,0.004,1.44,-2.01,0.68,7.7,6.1,0.0203,7,18,-14,3,80.4,42,-20,22,0.2,0.00678,999999.99,99999.99,99999.99,99999.99,99999.99,99999.99,0,2005-01-06 14:00:00
2005,6,15,2340,51,52,59,34,5.1,4.6,17.1,203.5,-4.0,-1.7,1.3,-1.8,1.2,0.1,2.3,0.6,1.0,2.0,89862.0,2.6,542.0,0.4,0.1,0.063,8066.0,0.2,5.0,0.9,1.8,0.005,1.6,-0.65,0.91,8.6,6.4,0.0162,7,18,-15,3,80.4,49,-19,29,0.2,0.00678,999999.99,99999.99,99999.99,99999.99,99999.99,99999.99,0,2005-01-06 15:00:00
2005,6,16,2340,51,52,59,35,4.8,4.4,19.5,192.1,-4.0,-0.9,1.5,-1.1,1.4,0.1,1.9,0.5,1.4,1.2,93991.0,2.6,536.0,-0.7,-0.3,0.066,12995.0,0.2,5.0,1.2,1.4,0.008,1.58,-0.75,1.04,9.0,6.5,0.0147,7,18,-15,3,80.4,46,-25,20,0.2,0.00678,999999.99,99999.99,99999.99,99999.99,99999.99,99999.99,0,2005-01-06 16:00:00
2005,6,17,2340,51,52,60,33,4.3,3.1,51.3,161.6,-1.8,0.6,2.4,0.2,2.5,0.2,2.9,1.6,1.7,1.7,100029.0,2.9,548.0,-1.9,-1.1,0.07,14313.0,0.3,14.0,1.5,1.5,0.01,1.86,-1.37,1.49,10.9,7.2,0.0101,7,18,-14,3,80.4,38,-28,10,0.2,0.00678,0.33,0.17,0.13,0.12,0.12,0.11,-1,2005-01-06 17:00:00
2005,6,18,2340,51,52,60,33,4.0,2.6,0.8,169.7,-2.5,0.5,0.0,0.5,0.1,0.3,3.0,0.7,1.9,2.2,101667.0,2.9,541.0,-2.1,0.4,0.07,8938.0,0.2,8.0,1.5,1.7,0.007,1.81,-0.05,1.73,11.5,7.3,0.009,27,18,-14,12,80.4,159,-137,22,0.2,0.00678,0.3,0.16,0.12,0.1,0.1,0.1,-1,2005-01-06 18:00:00
2005,6,19,2340,51,52,59,34,4.2,3.2,-4.9,231.4,-2.0,-2.5,-0.3,-2.4,-0.9,0.2,2.6,0.8,1.1,2.3,103763.0,3.3,543.0,-0.0,0.1,0.063,9185.0,0.2,8.0,1.0,1.8,0.005,2.03,0.49,1.81,11.7,7.3,0.0086,27,18,-15,12,80.4,316,-281,35,1.3,0.00678,0.31,0.16,0.12,0.11,0.1,0.1,-1,2005-01-06 19:00:00
2005,6,20,2340,51,52,60,35,4.5,3.8,30.6,138.4,-2.5,2.2,1.9,1.6,2.4,0.2,2.2,0.9,1.3,1.5,104613.0,3.4,532.0,-3.2,-1.2,0.065,11579.0,0.2,8.0,0.8,1.1,0.007,2.02,-1.28,1.63,10.9,7.0,0.01,27,18,-15,12,80.4,163,-133,30,0.0,0.00678,0.35,0.19,0.15,0.13,0.12,0.12,-1,2005-01-06 20:00:00
2005,6,21,2340,51,52,45,26,4.5,4.1,-14.1,167.1,-3.9,0.9,-1.0,1.2,-0.7,0.2,1.7,0.5,1.2,1.2,111929.0,3.2,515.0,-2.1,0.9,0.062,12159.0,0.2,6.0,1.0,1.1,0.006,1.77,0.36,1.58,10.2,6.7,0.0114,13,18,-13,5,80.4,97,-77,20,0.1,0.00678,0.36,0.2,0.15,0.13,0.13,0.13,-1,2005-01-06 21:00:00
2005,6,22,2340,51,52,59,34,4.8,3.0,54.5,135.4,-1.3,1.2,2.5,0.4,2.7,0.1,3.7,2.9,1.9,1.2,95012.0,3.8,535.0,-2.0,-2.5,0.048,13817.0,0.3,22.0,1.3,1.0,0.008,2.17,-1.44,1.53,10.9,7.1,0.0101,13,18,-8,5,80.4,51,-23,27,-0.2,0.00678,0.38,0.23,0.19,0.16,0.15,0.14,-1,2005-01-06 22:00:00
2005,6,23,2340,51,52,60,37,5.4,5.3,20.4,192.2,-4.8,-1.0,1.8,-1.5,1.4,0.3,1.2,0.5,0.7,0.7,86446.0,3.4,503.0,0.2,-1.9,0.031,5543.0,0.3,3.0,0.5,0.9,0.006,1.61,-0.7,1.04,8.6,6.2,0.0161,13,18,-11,5,80.4,37,-15,22,-0.1,0.00678,0.36,0.18,0.13,0.11,0.1,0.1,-1,2005-01-06 23:00:00
2005,7,0,2340,51,52,60,36,5.8,5.6,29.0,188.3,-4.8,-0.7,2.7,-1.5,2.4,0.1,1.5,0.7,0.8,1.0,76234.0,3.3,507.0,0.0,-1.9,0.021,4665.0,0.1,5.0,0.7,0.9,0.005,1.54,-1.22,0.83,7.9,6.1,0.0189,3,17,-10,2,80.7,36,-14,22,-0.3,0.006693,0.44,0.21,0.15,0.12,0.12,0.12,-1,2005-01-07 00:00:00
2005,7,1,2340,51,52,59,37,5.8,5.8,22.5,191.0,-5.3,-1.0,2.2,-1.6,1.8,0.0,0.5,0.1,0.3,0.4,68370.0,3.2,503.0,0.6,-1.4,0.019,4353.0,0.2,2.0,0.3,0.4,0.002,1.45,-0.91,0.78,7.8,6.0,0.0198,3,17,-10,2,80.7,39,-19,20,-0.2,0.006693,0.44,0.22,0.16,0.13,0.12,0.12,-1,2005-01-07 01:00:00
2005,7,2,2340,51,52,60,35,5.8,5.8,15.6,190.9,-5.5,-1.1,1.6,-1.5,1.3,0.1,0.4,0.1,0.1,0.4,64767.0,2.9,496.0,0.8,-0.6,0.019,4410.0,0.1,2.0,0.1,0.3,0.001,1.28,-0.64,0.69,7.3,5.8,0.0224,3,17,-9,2,80.7,37,-17,20,-0.1,0.006693,0.44,0.22,0.15,0.11,0.1,0.1,-1,2005-01-07 02:00:00
2005,7,3,2340,51,52,60,34,5.6,5.5,21.1,194.3,-5.0,-1.3,2.0,-1.7,1.7,0.1,0.6,0.2,0.4,0.4,66041.0,2.6,494.0,1.0,-1.1,0.019,4725.0,0.1,2.0,0.6,0.6,0.002,1.14,-0.84,0.67,7.1,5.7,0.0235,0,17,-11,0,80.7,37,-19,18,-0.2,0.006693,0.5,0.23,0.16,0.14,0.13,0.13,-1,2005-01-07 03:00:00
2005,7,4,2340,51,52,59,30,5.5,5.4,25.0,189.3,-4.8,-0.8,2.3,-1.1,2.2,0.1,1.1,0.2,0.9,0.5,63962.0,2.4,494.0,1.3,-1.0,0.022,8533.0,0.2,3.0,1.0,0.7,0.002,1.06,-1.09,0.63,7.0,5.6,0.0246,0,17,-11,0,80.7,39,-20,19,-0.3,0.006693,0.46,0.24,0.17,0.14,0.13,0.13,-1,2005-01-07 04:00:00
2005,7,5,2340,51,52,61,36,5.5,5.4,37.0,183.5,-4.3,-0.3,3.2,-0.6,3.2,0.1,1.0,0.3,0.9,0.4,62535.0,2.4,495.0,1.3,-2.4,0.021,6880.0,0.2,4.0,1.0,0.8,0.002,1.06,-1.58,0.63,7.0,5.6,0.0245,0,17,-9,0,80.7,33,-19,14,-0.3,0.006693,0.43,0.26,0.21,0.18,0.17,0.16,-1,2005-01-07 05:00:00
2005,7,6,2340,51,52,59,32,5.6,5.5,32.3,195.8,-4.5,-1.3,2.9,-1.4,2.8,0.0,0.7,0.3,0.5,0.5,64468.0,2.4,496.0,2.6,-2.3,0.024,6291.0,0.1,4.0,0.6,0.7,0.002,1.08,-1.39,0.61,6.9,5.5,0.0253,0,17,-8,0,80.7,33,-16,17,-0.3,0.006693,0.39,0.21,0.15,0.14,0.13,0.11,-1,2005-01-07 06:00:00
2005,7,7,2340,51,52,59,32,5.4,5.1,29.0,190.5,-4.3,-0.8,2.4,-0.8,2.4,0.1,1.8,0.8,1.1,1.2,64330.0,2.4,494.0,2.4,-1.9,0.026,9174.0,0.3,10.0,1.5,1.6,0.002,1.08,-1.19,0.66,7.1,5.7,0.0237,0,17,-9,0,80.7,31,-14,17,-0.3,0.006693,0.36,0.2,0.16,0.14,0.13,0.13,-1,2005-01-07 07:00:00
2005,7,8,2340,51,52,62,35,5.2,4.5,29.1,171.9,-3.9,0.6,2.2,0.7,2.2,0.1,2.3,1.1,1.7,1.1,87813.0,2.3,500.0,0.6,-2.1,0.033,16118.0,0.3,13.0,2.5,1.5,0.007,1.09,-1.1,0.76,7.3,5.7,0.0224,0,17,-8,0,80.7,28,-15,14,-0.3,0.006693,0.38,0.19,0.14,0.12,0.12,0.12,-1,2005-01-07 08:00:00
2005,7,9,2340,51,52,68,37,5.9,4.7,39.9,180.2,-3.6,0.0,3.0,0.2,3.0,0.8,3.5,1.5,2.5,2.1,114807.0,3.0,524.0,1.5,-2.4,0.044,41636.0,0.8,24.0,2.9,2.3,0.008,1.62,-1.57,0.87,7.7,5.8,0.0201,17,17,-5,6,80.7,31,-13,18,-0.2,0.006693,0.42,0.19,0.14,0.13,0.13,0.13,-1,2005-01-07 09:00:00
2005,7,10,2340,51,52,60,32,7.6,5.6,-1.6,110.4,-2.0,5.2,-0.2,5.2,-0.5,0.6,4.8,1.4,2.2,4.0,180662.0,4.7,561.0,-2.6,1.0,0.038,39865.0,0.6,11.0,1.6,3.3,0.009,2.85,0.28,1.05,8.0,5.8,0.0186,17,17,-1,6,80.7,46,-19,27,0.5,0.006693,0.51,0.28,0.22,0.21,0.18,0.12,-1,2005-01-07 10:00:00
2005,7,11,2340,51,52,60,30,8.2,6.3,37.0,66.8,2.0,4.6,3.8,4.8,3.5,0.7,5.1,2.1,1.8,4.3,133331.0,4.6,583.0,-3.9,-1.6,0.044,32661.0,0.6,18.0,1.9,3.1,0.009,3.07,-2.04,0.74,7.6,5.9,0.0205,17,17,-5,6,80.7,84,-57,27,0.3,0.006693,999999.99,99999.99,99999.99,99999.99,99999.99,99999.99,0,2005-01-07 11:00:00
2005,7,12,2340,51,52,58,32,9.6,7.4,44.2,90.9,-0.1,5.3,5.2,5.5,5.0,0.9,6.0,1.5,4.1,4.1,96950.0,5.8,563.0,-5.5,-2.2,0.057,30752.0,0.8,10.0,2.3,1.9,0.019,3.77,-2.81,0.59,7.1,5.7,0.0239,50,17,1,48,80.7,156,-110,47,0.5,0.006693,999999.99,99999.99,99999.99,99999.99,99999.99,99999.99,0,2005-01-07 12:00:00
2005,7,13,2340,51,52,58,36,11.9,9.5,36.5,91.9,-0.2,7.6,5.6,7.7,5.5,0.3,7.1,1.7,4.4,5.3,147648.0,5.5,555.0,-4.3,-1.5,0.05,25429.0,0.5,7.0,0.7,1.1,0.013,3.4,-3.05,0.45,5.5,4.6,0.0398,50,17,3,48,80.7,84,-49,35,0.5,0.006693,999999.99,99999.99,99999.99,99999.99,99999.99,99999.99,0,2005-01-07 13:00:00
2005,7,14,2340,51,52,62,35,12.3,10.1,-61.8,102.8,-1.1,4.7,-8.9,4.9,-8.8,1.1,7.0,1.3,6.1,3.1,185216.0,5.6,547.0,-1.5,2.4,0.058,80622.0,1.7,6.0,1.5,1.8,0.019,3.45,4.81,0.48,5.3,4.4,0.043,50,17,2,48,80.7,641,-582,59,3.6,0.006693,999999.99,99999.99,99999.99,99999.99,99999.99,99999.99,0,2005-01-07 14:00:00
2005,7,15,2340,51,52,59,34,11.5,10.1,-61.6,107.5,-1.4,4.6,-8.9,5.2,-8.6,0.9,5.5,1.5,4.7,2.3,74112.0,11.9,548.0,-2.8,-0.5,0.054,20529.0,2.3,5.0,0.8,1.2,0.007,7.26,4.71,0.76,8.2,6.4,0.0176,53,17,-13,56,80.7,1455,-1305,150,7.4,0.006693,999999.99,99999.99,99999.99,99999.99,99999.99,99999.99,0,2005-01-07 15:00:00
2005,7,16,2340,51,52,59,21,13.2,12.9,24.3,250.4,-4.0,-11.1,5.3,-11.6,4.0,0.6,2.9,1.5,1.5,1.9,106857.0,9.1,543.0,-0.2,-0.2,0.092,367671.0,5.2,7.0,0.8,1.9,0.028,6.13,-2.17,0.51,6.2,5.2,0.0309,53,17,-31,56,80.7,777,-619,158,4.0,0.006693,999999.99,99999.99,99999.99,99999.99,99999.99,99999.99,0,2005-01-07 16:00:00
2005,7,17,2340,51,52,58,23,12.9,12.6,2.3,250.7,-4.2,-11.9,0.5,-11.8,-1.4,0.2,2.6,1.5,0.4,2.1,18668.0,15.7,534.0,0.0,-0.2,0.091,3034.0,2.9,5.0,0.4,0.6,0.042,10.2,0.75,0.58,8.2,6.7,0.0177,53,17,-22,56,80.7,462,-250,211,2.9,0.006693,4.91,0.71,0.25,0.16,0.13,0.11,-1,2005-01-07 17:00:00
2005,7,18,2340,51,52,60,32,13.6,13.3,6.5,263.1,-1.6,-13.2,1.5,-13.2,-1.2,0.6,2.9,1.8,0.7,2.1,26198.0,9.3,528.0,0.1,-0.1,0.069,8577.0,5.0,3.0,0.4,0.6,0.02,5.52,0.63,0.32,5.9,5.2,0.0339,40,17,-34,27,80.7,394,-231,163,1.5,0.006693,3.97,0.61,0.2,0.13,0.12,0.11,-1,2005-01-07 18:00:00
2005,7,19,2340,51,52,59,34,14.1,14.1,10.4,270.6,0.1,-13.9,2.5,-14.1,-1.0,0.1,1.1,0.8,0.2,0.8,37390.0,8.9,522.0,1.0,0.1,0.072,6770.0,1.3,6.0,0.3,0.8,0.016,5.22,0.52,0.31,5.5,4.9,0.039,40,17,-32,27,80.7,535,-360,174,2.0,0.006693,5.55,0.74,0.21,0.13,0.11,0.11,-1,2005-01-07 19:00:00
2005,7,20,2340,51,52,62,33,16.5,15.8,20.1,282.5,3.2,-14.5,5.4,-15.4,1.2,1.4,4.8,2.7,1.8,3.6,32813.0,12.8,519.0,1.1,1.2,0.073,5592.0,2.3,8.0,0.4,1.1,0.024,7.44,-0.62,0.32,5.6,5.0,0.0376,40,17,-24,27,80.7,603,-339,264,2.3,0.006693,4.7,0.66,0.22,0.16,0.15,0.14,-1,2005-01-07 20:00:00
2005,7,21,2340,51,52,61,34,20.6,19.9,-4.9,280.6,3.6,-19.4,-1.7,-18.0,-7.5,0.8,5.2,1.0,0.5,5.1,22228.0,14.7,534.0,0.6,-0.6,0.087,8067.0,2.8,6.0,0.7,1.1,0.019,9.44,4.0,0.22,5.0,4.6,0.0482,77,17,-22,179,80.7,638,-410,228,3.3,0.006693,4.85,0.68,0.23,0.16,0.14,0.13,-1,2005-01-07 21:00:00
2005,7,22,2340,51,52,59,32,20.9,20.6,-48.4,303.7,7.6,-11.4,-15.4,-5.9,-18.2,0.7,4.0,1.3,3.6,1.3,14196.0,18.8,530.0,1.6,-3.3,0.089,2255.0,3.7,3.0,0.7,0.5,0.024,11.96,9.65,0.26,5.5,5.0,0.0394,77,17,-42,179,80.7,1143,-1165,-21,8.3,0.006693,2.93,0.49,0.19,0.13,0.11,0.08,-1,2005-01-07 22:00:00
2005,7,23,2340,51,52,60,30,17.7,16.8,-64.2,340.4,6.9,-2.5,-15.2,2.5,-15.2,1.7,5.4,1.7,4.8,1.8,33906.0,25.5,539.0,2.1,-2.8,0.093,10675.0,7.1,29.0,0.9,1.1,0.021,16.97,8.19,0.55,7.7,6.3,0.0201,77,17,-71,179,80.7,1660,-1630,30,14.1,0.006693,2.93,0.49,0.2,0.14,0.13,0.13,-1,2005-01-07 23:00:00
2005,8,0,2340,51,52,59,21,15.4,14.2,-44.5,52.6,6.2,8.1,-10.0,10.8,-7.0,0.5,5.9,1.7,4.6,3.2,24279.0,28.1,526.0,4.2,0.0,0.098,1445.0,4.8,1.0,0.4,0.6,0.013,18.07,3.68,0.75,9.1,7.0,0.0145,70,15,-84,132,85.6,1048,-863,185,7.9,0.006695,3.29,0.52,0.22,0.16,0.15,0.15,-1,2005-01-08 00:00:00
2005,8,1,2340,51,52,63,38,20.1,19.8,-15.3,67.6,7.3,17.6,-5.2,18.4,0.1,2.3,4.3,1.0,2.9,3.0,43591.0,30.2,542.0,4.6,-1.7,0.092,12037.0,10.8,8.0,0.7,1.3,0.019,20.27,-0.05,0.53,7.4,6.1,0.0217,70,15,-78,132,85.6,982,-620,362,6.7,0.006695,4.07,0.59,0.23,0.17,0.15,0.12,-1,2005-01-08 01:00:00
2005,8,2,2340,51,52,59,37,21.7,21.5,1.5,66.7,8.5,19.7,0.6,18.9,5.5,0.6,3.2,1.3,0.9,2.7,39640.0,11.8,548.0,3.9,-5.6,0.068,14522.0,2.8,6.0,0.7,0.7,0.01,7.53,-3.01,0.18,4.3,4.0,0.0632,70,15,-93,132,85.6,463,-286,177,3.2,0.006695,2.35,0.4,0.19,0.14,0.13,0.12,-1,2005-01-08 02:00:00
2005,8,3,2340,51,52,61,37,22.4,22.3,1.9,76.9,5.0,21.7,0.7,21.1,5.2,0.2,2.4,0.9,0.5,2.2,30375.0,10.7,550.0,2.4,-6.6,0.081,8282.0,1.5,4.0,0.6,1.0,0.011,7.16,-2.86,0.14,4.0,3.8,0.0738,57,15,-82,67,85.6,707,-527,180,5.7,0.006695,2.67,0.44,0.2,0.15,0.14,0.14,-1,2005-01-08 03:00:00
2005,8,4,2340,51,52,59,33,18.7,17.4,33.0,76.6,3.4,14.2,9.4,12.6,11.5,4.7,8.1,1.9,6.7,4.1,88335.0,20.6,544.0,0.3,-2.1,0.072,39450.0,16.8,8.0,1.1,2.4,0.032,13.11,-6.26,0.53,6.6,5.5,0.0273,57,15,-67,67,85.6,493,-392,102,3.8,0.006695,3.59,0.57,0.19,0.12,0.11,0.11,-1,2005-01-08 04:00:00
2005,8,5,2340,51,52,59,32,20.3,19.4,56.6,55.9,6.0,8.8,16.2,7.1,17.0,0.5,6.0,2.9,4.2,3.3,73127.0,19.2,532.0,-1.3,-2.4,0.043,22870.0,5.8,7.0,1.6,0.7,0.012,10.64,-9.04,0.39,5.7,5.0,0.0361,57,15,-60,67,85.6,206,-135,72,1.5,0.006695,2.91,0.5,0.21,0.15,0.13,0.12,-1,2005-01-08 05:00:00
2005,8,6,2340,51,52,60,35,17.5,17.2,76.5,35.0,3.3,2.3,16.7,1.5,16.8,2.1,3.7,0.9,3.0,1.9,140617.0,13.6,536.0,-2.7,-2.4,0.039,35016.0,7.6,4.0,1.5,2.2,0.011,7.54,-9.0,0.5,5.6,4.7,0.0373,40,15,-63,27,85.6,95,-63,31,0.1,0.006695,2.12,0.42,0.19,0.14,0.13,0.13,-1,2005-01-08 06:00:00
2005,8,7,2340,51,52,60,34,16.6,16.4,70.0,328.8,4.8,-2.9,15.4,-3.0,15.4,0.8,2.2,1.5,1.1,1.2,137269.0,7.2,536.0,-0.2,-4.0,0.038,17888.0,0.7,8.0,0.6,0.9,0.009,3.98,-8.25,0.29,4.3,3.9,0.0634,40,15,-66,27,85.6,75,-51,24,-0.0,0.006695,2.21,0.36,0.14,0.1,0.1,0.1,-1,2005-01-08 07:00:00
2005,8,8,2340,51,52,58,33,12.4,10.2,-9.6,108.8,-3.2,9.5,-1.7,9.4,-2.0,2.9,7.5,2.6,3.8,5.9,82118.0,13.8,510.0,0.3,3.0,0.095,67809.0,3.3,7.0,1.3,2.8,0.027,8.27,1.02,0.79,7.6,5.9,0.0204,40,15,-59,27,85.6,194,-90,104,1.9,0.006695,1.27,0.33,0.2,0.16,0.14,0.14,-1,2005-01-08 08:00:00
2005,8,9,2340,51,52,59,34,12.4,12.1,8.6,111.2,-4.3,11.2,1.8,11.3,1.2,1.2,2.8,2.1,0.7,1.7,90400.0,22.4,505.0,0.5,3.2,0.062,14152.0,4.8,7.0,0.8,1.2,0.014,11.91,-0.61,1.33,9.6,6.6,0.0128,37,15,-59,22,85.6,197,-118,79,1.5,0.006695,0.92,0.25,0.17,0.14,0.13,0.13,-1,2005-01-08 09:00:00
2005,8,10,2340,51,52,57,34,14.8,14.6,31.9,106.2,-3.4,11.9,7.7,12.3,7.0,1.0,2.6,1.4,0.8,2.0,60910.0,14.1,494.0,1.2,5.8,0.061,19394.0,4.1,6.0,0.8,1.5,0.016,7.15,-3.46,0.51,6.3,5.2,0.0303,37,15,-62,22,85.6,357,-277,80,0.9,0.006695,0.92,0.25,0.16,0.14,0.13,0.12,-1,2005-01-08 10:00:00
2005,8,11,2340,51,52,60,30,15.6,14.7,54.2,92.8,-0.4,8.6,11.9,9.2,11.4,0.4,5.2,2.4,3.9,2.5,38533.0,12.3,489.0,0.0,2.4,0.049,11558.0,2.6,6.0,1.1,3.3,0.017,5.87,-5.57,0.35,5.5,4.8,0.0394,37,15,-51,22,85.6,599,-508,92,1.5,0.006695,0.89,0.35,0.28,0.25,0.2,0.13,-1,2005-01-08 11:00:00
2005,8,12,2340,51,52,61,33,13.2,11.1,65.8,347.3,4.4,-1.0,10.1,-0.6,10.1,0.9,7.1,2.2,6.2,2.6,85709.0,11.5,494.0,-0.6,-3.0,0.042,29363.0,4.3,10.0,1.6,1.6,0.023,5.47,-4.99,0.59,6.3,5.2,0.0295,33,15,-42,18,85.6,156,-120,37,0.8,0.006695,1.83,0.35,0.19,0.15,0.14,0.14,-1,2005-01-08 12:00:00
2005,8,13,2340,51,52,58,33,13.0,12.9,36.4,310.3,6.7,-7.9,7.6,-7.8,7.7,0.2,1.9,1.1,1.3,0.9,108272.0,6.8,482.0,-0.6,-0.8,0.015,16862.0,0.7,5.0,1.2,1.3,0.001,2.8,-3.71,0.4,4.8,4.2,0.0509,33,15,-46,18,85.6,53,-32,21,0.2,0.006695,2.2,0.34,0.15,0.12,0.11,0.11,-1,2005-01-08 13:00:00
2005,8,14,2340,51,52,61,36,12.3,12.1,30.2,310.7,6.8,-7.9,6.1,-8.1,5.9,0.3,1.8,0.8,1.1,1.2,111238.0,6.6,479.0,-0.6,-1.2,0.02,19104.0,0.7,5.0,0.6,1.0,0.004,2.73,-2.83,0.43,5.0,4.3,0.0475,33,15,-45,18,85.6,37,-27,9,0.2,0.006695,2.16,0.39,0.22,0.18,0.16,0.13,-1,2005-01-08 14:00:00
2005,8,15,2340,51,52,64,37,11.4,10.4,28.0,328.0,7.8,-4.9,4.9,-5.2,4.5,0.8,4.7,1.1,3.7,2.8,130310.0,5.2,482.0,-0.2,-0.8,0.014,28866.0,0.7,9.0,0.7,1.6,0.003,2.13,-2.17,0.43,4.8,4.1,0.0512,20,15,-47,7,85.6,36,-27,9,0.3,0.006695,2.27,0.34,0.17,0.13,0.13,0.13,-1,2005-01-08 15:00:00
2005,8,16,2340,51,52,61,36,9.9,9.3,18.6,339.0,8.2,-3.1,3.0,-3.4,2.6,0.6,3.4,0.9,1.7,2.7,82672.0,8.6,513.0,1.8,-0.4,0.014,23526.0,3.4,11.0,1.0,1.0,0.004,3.99,-1.33,0.77,7.6,5.9,0.0206,20,15,-45,7,85.6,47,-38,9,-0.0,0.006695,2.22,0.31,0.15,0.12,0.11,0.1,-1,2005-01-08 16:00:00
2005,8,17,2340,51,52,60,30,8.3,8.0,-2.7,341.2,7.6,-2.6,-0.4,-2.5,-0.8,0.4,1.9,0.5,1.5,1.1,73406.0,10.0,515.0,2.1,0.5,0.012,30912.0,2.9,5.0,0.7,1.0,0.002,4.64,0.41,1.22,9.8,6.8,0.0124,20,15,-38,7,85.6,72,-49,23,0.7,0.006695,2.23,0.32,0.18,0.14,0.13,0.13,-1,2005-01-08 17:00:00
2005,8,18,2340,51,52,61,37,8.1,7.9,6.3,351.0,7.8,-1.2,0.9,-1.4,0.6,0.2,1.4,0.3,0.8,1.1,70253.0,7.8,521.0,1.1,0.3,0.013,47035.0,1.2,8.0,0.4,0.8,0.002,3.72,-0.31,0.98,9.0,6.6,0.0147,20,15,-43,7,85.6,90,-69,22,0.2,0.006695,2.17,0.32,0.17,0.13,0.12,0.11,-1,2005-01-08 18:00:00
2005,8,19,2340,51,52,59,36,7.6,7.6,20.0,0.1,7.1,0.0,2.6,-0.7,2.5,0.3,0.9,0.3,0.7,0.4,40917.0,9.4,525.0,1.2,-0.5,0.013,6562.0,0.5,4.0,0.2,0.2,0.001,4.55,-1.31,1.15,10.6,7.5,0.0106,20,15,-43,7,85.6,211,-179,32,0.2,0.006695,1.79,0.31,0.18,0.16,0.14,0.13,-1,2005-01-08 19:00:00
2005,8,20,2340,51,52,58,36,6.8,6.5,28.7,2.1,5.7,0.2,3.1,-0.7,3.0,0.9,2.1,1.3,1.6,0.5,53985.0,9.7,512.0,1.0,-0.2,0.02,16726.0,1.8,12.0,0.6,0.7,0.007,4.59,-1.54,1.59,11.7,7.6,0.0087,20,15,-42,7,85.6,56,-40,16,0.1,0.006695,1.75,0.29,0.16,0.14,0.13,0.13,-1,2005-01-08 20:00:00
2005,8,21,2340,51,52,56,33,6.7,5.3,35.8,140.6,-3.3,2.7,3.1,1.6,3.8,1.2,4.1,3.8,1.2,1.2,62060.0,7.2,467.0,-0.1,0.5,0.043,15606.0,3.3,19.0,0.9,1.2,0.024,3.07,-1.77,1.27,9.4,6.5,0.0136,23,15,-36,9,85.6,107,-70,37,0.3,0.006695,1.21,0.23,0.14,0.12,0.11,0.1,-1,2005-01-08 21:00:00
2005,8,22,2340,51,52,62,39,7.7,7.7,30.9,153.0,-5.9,3.0,3.9,1.6,4.7,0.3,0.7,0.3,0.3,0.6,29882.0,4.9,475.0,-0.5,-1.2,0.049,12104.0,1.4,10.0,0.4,0.4,0.015,2.21,-2.23,0.54,6.8,5.6,0.0255,23,15,-35,9,85.6,78,-47,31,-0.0,0.006695,1.35,0.3,0.21,0.18,0.16,0.13,-1,2005-01-08 22:00:00
2005,8,23,2340,51,52,59,35,8.0,7.9,33.6,158.8,-6.2,2.4,4.4,0.8,4.9,0.1,0.7,0.4,0.3,0.6,12540.0,2.9,480.0,-1.2,-1.0,0.06,2485.0,0.2,2.0,0.4,0.3,0.004,1.38,-2.35,0.27,5.1,4.6,0.0456,23,15,-35,9,85.6,44,-26,18,-0.3,0.006695,1.2,0.28,0.2,0.17,0.16,0.16,-1,2005-01-08 23:00:00
2005,9,0,2340,51,52,58,31,7.1,7.1,47.8,153.2,-4.2,2.1,5.2,0.4,5.6,0.4,1.0,0.8,0.6,0.3,30990.0,6.1,466.0,-1.1,-1.8,0.039,11480.0,2.3,7.0,0.5,0.7,0.013,2.56,-2.61,0.8,8.1,6.2,0.0181,10,22,-28,4,84.6,42,-21,21,-0.2,0.006665,1.07,0.23,0.15,0.13,0.12,0.11,-1,2005-01-09 00:00:00
2005,9,1,2340,51,52,60,34,7.5,7.5,55.0,154.4,-3.9,1.9,6.1,0.0,6.4,0.5,0.8,0.3,0.4,0.6,30860.0,6.8,460.0,-0.0,-1.6,0.036,6269.0,1.2,2.0,0.3,0.5,0.005,2.75,-2.94,0.8,8.0,6.1,0.0186,10,22,-26,4,84.6,43,-23,19,-0.2,0.006665,0.98,0.24,0.18,0.16,0.15,0.13,-1,2005-01-09 01:00:00
2005,9,2,2340,51,52,61,37,8.5,8.5,60.2,136.7,-3.1,2.9,7.3,0.9,7.8,0.1,0.6,0.3,0.4,0.3,21179.0,4.5,473.0,0.3,-2.0,0.035,3118.0,0.6,3.0,0.4,0.4,0.005,1.92,-3.69,0.39,5.9,5.1,0.0341,10,22,-28,4,84.6,41,-24,17,-0.1,0.006665,0.87,0.22,0.16,0.14,0.13,0.12,-1,2005-01-09 02:00:00
2005,9,3,2340,51,52,60,35,8.7,8.7,58.3,135.2,-3.2,3.2,7.4,1.5,7.9,0.1,0.8,0.3,0.6,0.2,13063.0,4.4,470.0,-0.5,-1.0,0.041,2193.0,0.5,3.0,0.4,0.4,0.005,1.89,-3.71,0.34,5.7,5.0,0.037,10,22,-28,4,84.6,41,-23,18,-0.2,0.006665,0.96,0.23,0.15,0.14,0.13,0.12,-1,2005-01-09 03:00:00
2005,9,4,2340,51,52,59,31,8.8,8.6,61.7,132.6,-2.8,3.0,7.6,1.7,8.0,0.2,1.4,0.7,1.2,0.3,14143.0,3.4,466.0,-0.5,-0.7,0.029,16050.0,1.0,4.0,0.6,0.4,0.004,1.38,-3.73,0.26,4.9,4.4,0.0499,10,22,-30,4,84.6,46,-28,18,-0.2,0.006665,0.97,0.24,0.17,0.14,0.13,0.12,-1,2005-01-09 04:00:00
2005,9,5,2340,51,52,59,32,8.6,8.5,68.6,142.9,-2.5,1.9,8.0,1.0,8.2,0.2,1.0,0.7,0.7,0.1,11983.0,3.7,469.0,0.1,-0.4,0.039,1304.0,0.3,2.0,0.3,0.2,0.003,1.57,-3.85,0.29,5.2,4.7,0.0432,10,22,-30,4,84.6,34,-23,12,-0.2,0.006665,0.68,0.15,0.09,0.08,0.08,0.08,-1,2005-01-09 05:00:00
2005,9,6,2340,51,52,60,31,8.8,8.8,68.6,127.7,-2.0,2.5,8.2,2.0,8.3,0.0,0.5,0.4,0.3,0.1,10404.0,3.4,466.0,-0.0,-0.5,0.035,1198.0,0.2,2.0,0.3,0.2,0.003,1.41,-3.87,0.25,4.9,4.4,0.0499,3,22,-32,2,84.6,29,-22,7,-0.1,0.006665,1.14,0.25,0.16,0.14,0.13,0.13,-1,2005-01-09 06:00:00
2005,9,7,2340,51,52,60,33,8.8,8.8,69.5,122.2,-1.6,2.6,8.2,2.5,8.2,0.0,0.7,0.5,0.4,0.1,16038.0,3.2,465.0,0.4,-0.6,0.038,11488.0,0.6,4.0,0.4,0.3,0.003,1.33,-3.81,0.25,4.7,4.3,0.0532,3,22,-31,2,84.6,29,-22,7,-0.2,0.006665,1.09,0.24,0.15,0.13,0.12,0.12,-1,2005-01-09 07:00:00
2005,9,8,2340,51,52,59,34,8.6,8.6,61.1,100.8,-0.8,4.1,7.5,4.3,7.4,0.1,0.8,0.3,0.6,0.5,15017.0,4.5,460.0,0.4,-1.3,0.036,4077.0,0.5,2.0,0.8,0.7,0.004,1.82,-3.4,0.36,5.7,5.0,0.037,3,22,-26,2,84.6,32,-24,8,-0.1,0.006665,1.23,0.24,0.13,0.11,0.11,0.09,-1,2005-01-09 08:00:00
2005,9,9,2340,51,52,60,33,8.4,8.2,57.0,104.2,-1.1,4.3,6.9,4.6,6.7,0.2,1.4,0.2,1.1,0.8,37558.0,4.0,457.0,-2.5,-2.6,0.04,11623.0,1.0,1.0,0.4,0.8,0.007,1.62,-3.06,0.39,5.4,4.7,0.0402,30,22,-24,15,84.6,35,-27,8,-0.1,0.006665,1.29,0.27,0.17,0.14,0.12,0.11,-1,2005-01-09 09:00:00
2005,9,10,2340,51,52,61,36,8.1,7.3,60.5,109.3,-1.2,3.4,6.4,3.7,6.2,0.5,3.6,0.7,2.5,2.4,24415.0,7.3,458.0,-0.1,-2.2,0.026,14858.0,4.1,4.0,1.5,2.0,0.008,2.82,-2.84,0.71,7.6,6.0,0.0204,30,22,-18,15,84.6,52,-31,21,-0.1,0.006665,1.22,0.3,0.2,0.17,0.16,0.14,-1,2005-01-09 10:00:00
2005,9,11,2340,51,52,60,28,9.5,9.3,83.9,278.4,0.1,-1.0,9.3,-0.6,9.3,0.2,1.5,0.5,1.3,0.6,14653.0,2.2,459.0,1.9,0.1,0.038,6244.0,0.8,2.0,0.8,0.6,0.006,0.89,-4.27,0.15,3.6,3.4,0.0926,30,22,-25,15,84.6,36,-31,5,-0.2,0.006665,1.16,0.26,0.17,0.14,0.14,0.14,-1,2005-01-09 11:00:00
2005,9,12,2340,51,52,59,29,9.6,9.5,73.8,279.2,0.4,-2.6,9.1,-2.3,9.2,0.1,1.1,0.2,1.0,0.3,18946.0,1.7,456.0,1.8,0.6,0.039,9803.0,0.2,3.0,0.8,0.5,0.005,0.68,-4.2,0.11,3.1,3.0,0.124,7,22,-26,3,84.6,29,-25,4,-0.3,0.006665,999999.99,99999.99,99999.99,99999.99,99999.99,99999.99,0,2005-01-09 12:00:00
2005,9,13,2340,51,52,59,31,9.5,9.5,77.1,287.7,0.6,-2.0,9.2,-2.0,9.2,0.1,1.1,0.6,0.9,0.2,25305.0,1.9,456.0,1.6,0.4,0.043,13123.0,0.2,2.0,0.7,0.7,0.004,0.77,-4.2,0.13,3.3,3.1,0.1087,7,22,-26,3,84.6,30,-24,6,-0.2,0.006665,999999.99,99999.99,99999.99,99999.99,99999.99,99999.99,0,2005-01-09 13:00:00
2005,9,14,2340,51,52,59,37,9.1,9.0,74.5,305.3,1.4,-2.0,8.7,-2.3,8.6,0.3,1.1,0.7,0.7,0.3,60152.0,2.1,448.0,1.7,-1.6,0.06,20527.0,0.3,3.0,0.7,1.1,0.01,0.87,-3.85,0.2,3.6,3.3,0.0935,7,22,-23,3,84.6,31,-23,8,-0.1,0.006665,999999.99,99999.99,99999.99,99999.99,99999.99,99999.99,0,2005-01-09 14:00:00
2005,9,15,2340,51,52,60,37,9.1,9.1,68.5,292.3,1.3,-3.1,8.4,-3.7,8.1,0.1,1.1,0.3,1.0,0.2,49628.0,2.0,451.0,1.7,-2.1,0.071,17357.0,0.2,3.0,0.6,0.8,0.009,0.87,-3.65,0.18,3.5,3.3,0.0968,3,22,-23,2,84.6,29,-22,7,-0.1,0.006665,999999.99,99999.99,99999.99,99999.99,99999.99,99999.99,0,2005-01-09 15:00:00
2005,9,16,2340,51,52,60,37,9.2,9.2,55.8,288.2,1.6,-4.9,7.6,-5.8,6.9,0.2,1.1,0.6,0.7,0.7,40344.0,2.4,448.0,2.5,-0.4,0.075,13059.0,0.4,6.0,0.9,1.1,0.012,1.05,-3.09,0.2,3.8,3.5,0.0836,3,22,-23,2,84.6,32,-23,9,-0.1,0.006665,999999.99,99999.99,99999.99,99999.99,99999.99,99999.99,0,2005-01-09 16:00:00
2005,9,17,2340,51,52,61,36,9.3,9.1,40.2,271.8,0.2,-6.9,5.9,-7.8,4.6,0.1,2.1,0.9,1.2,1.4,33870.0,2.2,453.0,1.3,0.6,0.079,11145.0,0.2,6.0,1.1,0.5,0.008,0.99,-2.08,0.17,3.6,3.4,0.0911,3,22,-22,2,84.6,33,-22,11,0.1,0.006665,999999.99,99999.99,99999.99,99999.99,99999.99,99999.99,0,2005-01-09 17:00:00
2005,9,18,2340,51,52,62,37,8.6,8.1,31.0,271.5,0.2,-6.9,4.1,-7.6,2.5,0.5,3.0,1.2,2.0,2.0,60454.0,2.5,452.0,1.8,0.9,0.089,36051.0,0.6,7.0,1.0,0.9,0.011,1.16,-1.13,0.27,4.2,3.7,0.0689,10,22,-20,4,84.6,47,-31,16,0.2,0.006665,999999.99,99999.99,99999.99,99999.99,99999.99,99999.99,0,2005-01-09 18:00:00
2005,9,19,2340,51,52,61,37,7.3,5.9,77.4,358.3,1.3,0.0,5.8,-1.5,5.6,0.5,4.0,1.4,3.2,2.0,131677.0,4.4,469.0,2.2,-1.4,0.061,23145.0,0.5,11.0,2.2,1.5,0.016,2.01,-2.63,0.89,6.7,5.1,0.0262,10,22,-16,4,84.6,38,-18,20,-0.3,0.006665,999999.99,99999.99,99999.99,99999.99,99999.99,99999.99,0,2005-01-09 19:00:00
2005,9,20,2340,51,52,58,34,7.4,6.1,68.8,348.5,2.2,-0.4,5.7,-2.0,5.3,0.2,3.9,1.1,3.0,2.2,117184.0,4.8,467.0,0.1,-1.4,0.037,21968.0,0.5,10.0,3.1,2.0,0.006,2.01,-2.48,0.9,6.9,5.2,0.0249,10,22,-15,4,84.6,40,-25,15,-0.3,0.006665,999999.99,99999.99,99999.99,99999.99,99999.99,99999.99,0,2005-01-09 20:00:00
2005,9,21,2340,51,52,61,36,8.0,7.3,58.1,13.8,3.8,0.9,6.2,-1.1,6.2,0.3,2.8,0.6,2.6,0.9,81709.0,4.1,456.0,1.5,0.1,0.042,20314.0,0.6,7.0,2.4,1.3,0.009,1.66,-2.83,0.56,5.8,4.7,0.0357,0,22,-15,0,84.6,36,-26,9,-0.3,0.006665,999999.99,99999.99,99999.99,99999.99,99999.99,99999.99,0,2005-01-09 21:00:00
2005,9,22,2340,51,52,56,32,8.7,8.0,58.6,2.2,4.2,0.2,6.8,-2.1,6.5,0.1,3.1,1.5,2.4,1.2,53796.0,3.5,451.0,2.1,1.7,0.061,11298.0,0.4,11.0,2.4,1.3,0.009,1.48,-2.93,0.35,4.8,4.2,0.0506,0,22,-13,0,84.6,34,-26,8,-0.3,0.006665,0.89,0.23,0.15,0.13,0.13,0.13,-1,2005-01-09 22:00:00
2005,9,23,2340,51,52,68,39,8.4,7.7,49.2,310.0,3.2,-3.9,5.8,-5.6,4.2,0.2,3.2,1.9,2.3,1.1,53481.0,3.4,452.0,-1.9,1.2,0.058,10261.0,0.3,17.0,2.8,1.3,0.007,1.43,-1.9,0.36,5.0,4.3,0.0483,0,22,-15,0,84.6,35,-28,7,-0.2,0.006665,0.99,0.31,0.23,0.19,0.17,0.14,-1,2005-01-09 23:00:00
2005,10,0,2340,51,52,53,32,8.2,7.7,37.3,308.6,3.8,-4.8,4.7,-6.1,2.9,0.0,2.4,0.8,1.8,1.4,59304.0,3.4,449.0,-3.7,0.3,0.069,13544.0,0.4,8.0,2.3,2.1,0.009,1.46,-1.3,0.39,5.0,4.4,0.0467,7,29,-15,3,87.1,37,-26,11,-0.1,0.006654,0.94,0.25,0.17,0.15,0.13,0.11,-1,2005-01-10 00:00:00
2005,10,1,2340,51,52,63,36,8.4,7.0,69.5,340.3,2.3,-0.8,6.6,-2.7,6.1,0.1,4.5,1.9,3.5,2.1,72105.0,4.0,470.0,0.3,1.7,0.07,18748.0,0.6,16.0,3.3,1.9,0.011,1.89,-2.87,0.47,5.6,4.7,0.038,7,29,-10,3,87.1,33,-18,15,-0.3,0.006654,0.92,0.25,0.17,0.14,0.13,0.13,-1,2005-01-10 01:00:00
2005,10,2,2340,51,52,58,36,8.4,7.9,48.3,309.8,3.4,-4.0,5.9,-5.4,4.6,0.2,2.6,1.1,1.9,1.5,85372.0,4.9,465.0,-2.0,1.6,0.069,14023.0,0.4,7.0,1.6,1.2,0.006,2.26,-2.14,0.62,6.1,4.9,0.0317,7,29,-8,3,87.1,34,-18,16,-0.2,0.006654,0.96,0.26,0.18,0.14,0.13,0.13,-1,2005-01-10 02:00:00
2005,10,3,2340,51,52,59,36,8.7,8.5,62.6,346.6,3.8,-0.9,7.5,-2.5,7.1,0.2,1.9,1.1,1.4,0.5,77539.0,4.5,465.0,1.1,2.8,0.086,12715.0,0.6,7.0,1.3,0.7,0.011,2.18,-3.3,0.51,5.7,4.7,0.037,10,29,-6,4,87.1,29,-13,16,-0.4,0.006654,0.92,0.25,0.17,0.15,0.15,0.14,-1,2005-01-10 03:00:00
2005,10,4,2340,51,52,65,40,8.3,6.9,24.7,308.5,3.9,-4.9,2.9,-5.3,2.0,0.7,4.3,2.0,2.3,3.0,98955.0,6.1,459.0,-2.3,0.1,0.086,26602.0,1.0,12.0,2.0,2.2,0.015,2.88,-0.92,0.84,6.8,5.2,0.0255,10,29,-6,4,87.1,37,-15,21,-0.2,0.006654,0.98,0.26,0.18,0.15,0.14,0.14,-1,2005-01-10 04:00:00
2005,10,5,2340,51,52,54,33,8.5,8.2,39.4,327.5,5.3,-3.4,5.2,-4.0,4.8,0.2,2.1,1.0,1.4,1.3,100370.0,5.5,452.0,-1.5,1.9,0.088,14771.0,0.6,6.0,1.2,1.4,0.01,2.54,-2.17,0.72,6.2,4.9,0.0306,10,29,-10,4,87.1,33,-17,16,-0.3,0.006654,0.95,0.27,0.19,0.15,0.14,0.14,-1,2005-01-10 05:00:00
2005,10,6,2340,51,52,59,34,8.5,8.1,-7.9,284.9,2.1,-7.7,-1.1,-7.6,-1.6,0.1,2.7,1.8,1.0,1.7,55871.0,7.0,448.0,-4.3,0.6,0.052,12322.0,0.6,6.0,0.6,0.6,0.01,2.83,0.72,0.74,7.0,5.4,0.0245,10,29,-12,4,87.1,45,-14,31,-0.2,0.006654,0.99,0.23,0.14,0.12,0.11,0.11,-1,2005-01-10 06:00:00
2005,10,7,2340,51,52,60,36,8.4,7.7,12.6,315.4,5.3,-5.3,1.7,-5.3,1.6,0.2,3.3,1.9,1.4,2.4,73085.0,5.3,440.0,-3.8,2.4,0.084,18476.0,0.7,9.0,0.9,1.8,0.021,2.29,-0.7,0.63,6.0,4.9,0.0327,10,29,-17,4,87.1,53,-18,36,-0.2,0.006654,0.92,0.23,0.14,0.12,0.12,0.11,-1,2005-01-10 07:00:00
2005,10,8,2340,51,52,58,36,8.6,8.0,6.7,331.4,7.0,-3.8,0.9,-3.8,1.0,0.2,2.9,1.1,1.3,2.3,84461.0,5.1,424.0,-3.2,1.8,0.091,23915.0,0.5,8.0,1.2,2.0,0.012,2.09,-0.42,0.61,5.6,4.5,0.0384,10,29,-18,4,87.1,130,-80,50,0.3,0.006654,0.95,0.25,0.16,0.13,0.12,0.12,-1,2005-01-10 08:00:00
2005,10,9,2340,51,52,63,31,8.2,7.7,19.1,320.0,5.6,-4.7,2.5,-4.6,2.7,0.1,2.5,1.2,1.3,1.8,69691.0,5.3,432.0,-3.9,3.6,0.079,8044.0,0.4,5.0,1.1,2.1,0.006,2.17,-1.17,0.65,6.1,4.9,0.0323,10,29,-18,4,87.1,98,-26,72,0.4,0.006654,0.98,0.28,0.2,0.17,0.15,0.14,-1,2005-01-10 09:00:00
2005,10,10,2340,51,52,59,30,7.9,7.5,22.5,307.1,4.2,-5.5,2.9,-5.4,3.1,0.2,2.3,1.4,1.2,1.3,55060.0,5.2,432.0,-4.2,4.5,0.078,13763.0,0.7,10.0,1.1,1.5,0.017,2.13,-1.34,0.64,6.2,5.0,0.0306,10,29,-18,4,87.1,43,-17,26,0.2,0.006654,0.98,0.26,0.16,0.13,0.12,0.11,-1,2005-01-10 10:00:00
2005,10,11,2340,51,52,53,33,7.6,7.1,12.1,319.7,5.3,-4.5,1.5,-4.4,1.7,0.0,2.5,1.1,0.7,2.1,52969.0,5.5,415.0,-3.9,3.5,0.076,7270.0,0.5,10.0,0.7,1.8,0.009,2.06,-0.71,0.72,6.4,5.0,0.029,10,29,-14,4,87.1,31,-11,20,-0.2,0.006654,1.06,0.31,0.2,0.18,0.16,0.15,-1,2005-01-10 11:00:00
2005,10,12,2340,51,52,63,37,7.7,6.7,-15.2,302.6,3.5,-5.5,-1.8,-5.5,-1.7,0.1,3.4,1.6,1.9,2.4,52891.0,6.0,420.0,-3.9,0.6,0.069,10733.0,0.6,10.0,1.7,2.4,0.009,2.26,0.71,0.76,6.7,5.2,0.0267,13,29,-14,5,87.1,58,-29,28,0.4,0.006654,1.03,0.28,0.17,0.14,0.13,0.13,-1,2005-01-10 12:00:00
2005,10,13,2340,51,52,55,30,8.0,6.9,-1.7,305.3,4.0,-5.6,-0.2,-5.6,-0.2,0.1,3.9,1.8,1.1,3.3,44073.0,5.5,416.0,-4.3,2.6,0.066,14676.0,0.8,15.0,1.1,3.6,0.014,2.01,0.08,0.62,6.1,4.9,0.032,13,29,-16,5,87.1,180,-110,71,0.6,0.006654,1.06,0.28,0.17,0.14,0.13,0.13,-1,2005-01-10 13:00:00
2005,10,14,2340,51,52,61,35,8.3,8.1,-10.0,318.6,6.0,-5.3,-1.4,-5.2,-1.6,0.1,1.2,0.5,0.5,1.0,29493.0,5.8,394.0,-4.9,1.8,0.047,3475.0,0.4,2.0,0.5,1.2,0.005,1.79,0.63,0.55,5.7,4.7,0.0364,13,29,-18,5,87.1,211,-113,98,1.1,0.006654,1.02,0.25,0.14,0.11,0.1,0.1,-1,2005-01-10 14:00:00
2005,10,15,2340,51,52,60,36,8.3,8.1,-14.0,326.5,6.6,-4.4,-2.0,-4.2,-2.4,0.2,1.2,0.6,0.8,0.7,31174.0,5.7,392.0,-4.9,1.3,0.056,3672.0,0.5,2.0,0.5,0.7,0.008,1.79,0.94,0.55,5.6,4.6,0.0374,23,29,-19,9,87.1,117,-88,29,1.1,0.006654,1.09,0.31,0.19,0.16,0.15,0.14,-1,2005-01-10 15:00:00
2005,10,16,2340,51,52,63,39,8.8,8.2,-1.8,309.8,5.3,-6.3,-0.3,-6.2,-1.1,0.4,3.0,1.2,1.0,2.6,40821.0,6.1,400.0,-4.6,1.4,0.051,7176.0,0.4,9.0,1.3,1.6,0.011,1.96,0.44,0.55,5.6,4.6,0.0377,23,29,-23,9,87.1,229,-188,41,1.4,0.006654,999999.99,99999.99,99999.99,99999.99,99999.99,99999.99,0,2005-01-10 16:00:00
2005,10,17,2340,51,52,58,36,9.2,8.5,15.6,296.3,3.6,-7.3,2.3,-7.6,1.0,0.1,3.4,1.7,0.7,2.8,53191.0,6.3,416.0,-1.6,2.3,0.023,11706.0,0.6,13.0,0.6,2.8,0.003,1.99,-0.42,0.56,5.7,4.7,0.0369,23,29,-25,9,87.1,177,-110,67,0.7,0.006654,999999.99,99999.99,99999.99,99999.99,99999.99,99999.99,0,2005-01-10 17:00:00
2005,10,18,2340,51,52,63,37,9.2,8.5,16.1,297.8,3.8,-7.2,2.4,-7.6,0.7,0.2,3.2,1.8,1.5,2.2,71885.0,7.2,418.0,-0.9,3.7,0.025,15414.0,0.9,12.0,1.4,1.4,0.004,2.31,-0.29,0.71,6.1,4.8,0.032,23,29,-22,9,87.1,160,-75,85,0.2,0.006654,999999.99,99999.99,99999.99,99999.99,99999.99,99999.99,0,2005-01-10 18:00:00
2005,10,19,2340,51,52,55,34,9.2,8.7,4.9,298.7,4.1,-7.6,0.7,-7.5,-1.3,0.1,3.1,1.0,0.5,2.9,48335.0,6.7,408.0,-2.5,3.9,0.017,8715.0,0.5,5.0,1.0,1.6,0.005,1.99,0.53,0.58,5.7,4.7,0.0361,23,29,-23,9,87.1,127,-47,80,0.3,0.006654,999999.99,99999.99,99999.99,99999.99,99999.99,99999.99,0,2005-01-10 19:00:00
2005,10,20,2340,51,52,64,39,9.1,8.8,-14.5,290.7,3.0,-7.9,-2.2,-6.9,-4.4,0.3,2.3,1.3,0.6,1.9,44119.0,7.2,405.0,-4.1,2.9,0.014,9671.0,0.4,7.0,1.1,1.5,0.002,2.08,1.78,0.62,6.0,4.8,0.0334,23,29,-24,9,87.1,304,-185,119,0.9,0.006654,999999.99,99999.99,99999.99,99999.99,99999.99,99999.99,0,2005-01-10 20:00:00
2005,10,21,2340,51,52,61,36,5.8,4.6,-69.8,179.3,-1.6,0.0,-4.3,1.4,-4.1,0.9,3.6,1.3,2.4,2.4,134612.0,9.4,426.0,3.0,3.3,0.025,20509.0,1.3,5.0,1.1,1.9,0.004,3.13,1.75,3.06,11.3,5.9,0.0094,27,29,-18,12,87.1,413,-273,140,2.6,0.006654,999999.99,99999.99,99999.99,99999.99,99999.99,99999.99,0,2005-01-10 21:00:00
2005,10,22,2340,51,52,66,40,5.5,2.9,12.0,102.7,-0.6,2.7,0.6,2.3,1.5,0.9,4.6,2.3,3.0,2.7,140458.0,7.4,434.0,4.4,2.8,0.027,35792.0,0.9,9.0,1.0,1.0,0.006,2.58,-0.65,2.74,10.7,5.9,0.0103,27,29,-18,12,87.1,139,-57,83,1.5,0.006654,999999.99,99999.99,99999.99,99999.99,99999.99,99999.99,0,2005-01-10 22:00:00
2005,10,23,2340,51,52,57,35,5.0,4.3,-35.6,222.0,-2.6,-2.3,-2.5,-1.3,-3.1,0.5,2.6,1.2,1.4,1.8,161494.0,6.6,452.0,3.3,1.3,0.019,20190.0,0.6,3.0,0.6,1.0,0.006,2.42,1.4,3.18,11.6,6.0,0.0088,27,29,-16,12,87.1,138,-67,71,1.4,0.006654,999999.99,99999.99,99999.99,99999.99,99999.99,99999.99,0,2005-01-10 23:00:00
2005,11,0,2340,51,52,61,38,5.8,4.0,-27.7,330.0,3.1,-1.8,-1.9,-1.1,-2.4,0.5,4.2,1.0,3.2,2.5,116442.0,5.7,430.0,2.1,1.3,0.026,29500.0,0.8,6.0,1.3,1.9,0.003,1.94,1.03,1.73,8.9,5.6,0.0152,20,42,-18,7,91.1,149,-85,64,1.2,0.006645,999999.99,99999.99,99999.99,99999.99,99999.99,99999.99,0,2005-01-11 00:00:00
2005,11,1,2340,51,52,60,35,6.3,5.6,6.8,87.2,0.3,5.5,0.7,5.0,2.4,0.6,2.8,1.4,0.8,2.4,123417.0,5.2,441.0,4.9,1.7,0.026,18651.0,0.6,3.0,0.7,0.7,0.003,1.86,-1.06,1.37,8.0,5.4,0.0187,20,42,-17,7,91.1,83,-31,53,0.9,0.006645,999999.99,99999.99,99999.99,99999.99,99999.99,99999.99,0,2005-01-11 01:00:00
2005,11,2,2340,51,52,59,37,4.6,3.3,12.2,66.8,1.3,2.9,0.7,2.6,1.5,1.1,3.3,1.4,2.3,1.9,148270.0,5.5,437.0,5.3,1.4,0.025,32336.0,0.7,5.0,1.4,1.0,0.004,1.93,-0.66,2.99,11.1,5.9,0.0096,20,42,-17,7,91.1,82,-28,54,0.6,0.006645,0.73,0.26,0.19,0.17,0.15,0.14,-1,2005-01-11 02:00:00
2005,11,3,2340,51,52,62,38,5.7,1.5,-19.3,67.0,0.6,1.3,-0.5,1.4,-0.2,1.0,5.6,3.3,3.1,3.2,125996.0,4.8,447.0,4.0,-0.5,0.023,27352.0,0.7,10.0,1.1,1.6,0.006,1.75,0.09,1.56,8.6,5.6,0.0161,30,42,-16,15,91.1,143,-68,75,0.6,0.006645,0.71,0.23,0.16,0.14,0.13,0.12,-1,2005-01-11 03:00:00
2005,11,4,2340,51,52,59,35,6.4,6.2,-64.4,213.1,-2.2,-1.5,-5.6,-0.5,-5.8,0.3,1.5,1.1,0.9,0.6,102890.0,4.7,461.0,4.2,-3.7,0.016,20004.0,0.3,9.0,0.9,1.0,0.003,1.77,2.67,1.1,7.8,5.6,0.0195,30,42,-22,15,91.1,241,-161,80,1.6,0.006645,0.71,0.25,0.18,0.15,0.14,0.14,-1,2005-01-11 04:00:00
2005,11,5,2340,51,52,62,37,6.6,6.4,-44.4,231.3,-2.8,-3.5,-4.4,-2.9,-4.8,0.3,1.7,0.9,1.0,1.0,106607.0,5.0,454.0,3.4,-3.1,0.016,19773.0,0.4,4.0,1.3,1.3,0.003,1.83,2.18,1.12,7.7,5.5,0.0201,30,42,-27,15,91.1,533,-285,247,4.2,0.006645,0.86,0.33,0.26,0.22,0.19,0.17,-1,2005-01-11 05:00:00
2005,11,6,2340,51,52,57,34,6.1,3.3,-31.5,248.1,-1.0,-2.6,-1.7,-2.5,-1.9,0.8,5.2,2.3,2.4,4.0,132836.0,5.5,445.0,4.6,-0.3,0.022,34207.0,0.5,14.0,1.3,3.2,0.007,1.98,0.85,1.61,8.6,5.5,0.0163,37,42,-32,22,91.1,271,-133,138,2.2,0.006645,0.91,0.3,0.22,0.19,0.17,0.13,-1,2005-01-11 06:00:00
2005,11,7,2340,51,52,63,38,6.6,5.8,-40.7,230.9,-2.8,-3.4,-3.8,-3.3,-3.9,0.3,2.9,1.6,1.9,1.5,112548.0,4.9,446.0,3.0,-2.0,0.018,24133.0,0.7,9.0,1.4,1.4,0.004,1.74,1.74,1.13,7.5,5.3,0.0213,37,42,-32,22,91.1,199,-80,119,1.0,0.006645,0.79,0.26,0.19,0.16,0.15,0.12,-1,2005-01-11 07:00:00
2005,11,8,2340,51,52,55,33,6.8,6.7,-50.5,183.3,-4.2,-0.2,-5.1,-0.2,-5.1,0.3,1.2,0.5,1.0,0.5,67522.0,3.9,455.0,4.6,-4.1,0.013,11991.0,0.3,3.0,1.1,0.5,0.002,1.42,2.32,0.69,6.6,5.2,0.0272,37,42,-33,22,91.1,394,-231,163,3.1,0.006645,0.74,0.24,0.17,0.14,0.14,0.14,-1,2005-01-11 08:00:00
2005,11,9,2340,51,52,63,35,6.2,5.0,-49.1,225.4,-2.3,-2.3,-3.8,-2.4,-3.7,0.5,3.6,1.8,2.8,1.3,112006.0,4.6,443.0,2.8,-3.0,0.016,23882.0,0.6,12.0,1.6,1.5,0.004,1.6,1.64,1.2,7.7,5.4,0.0203,23,42,-30,9,91.1,276,-128,148,2.5,0.006645,0.69,0.23,0.17,0.14,0.12,0.09,-1,2005-01-11 09:00:00
2005,11,10,2340,51,52,60,37,6.1,5.4,3.6,302.6,2.9,-4.6,0.3,-4.6,0.5,0.4,2.7,1.8,0.6,1.9,121109.0,3.3,428.0,3.0,-1.4,0.018,27515.0,1.2,10.0,0.8,1.2,0.001,1.08,-0.21,0.92,6.4,4.8,0.0293,23,42,-32,9,91.1,211,-105,106,1.1,0.006645,0.61,0.24,0.17,0.16,0.15,0.14,-1,2005-01-11 10:00:00
2005,11,11,2340,51,52,60,34,5.6,5.6,19.3,307.5,3.2,-4.2,1.8,-4.1,1.9,0.2,1.0,0.7,0.6,0.4,147380.0,3.1,436.0,5.0,-1.6,0.024,34966.0,0.8,9.0,1.5,1.4,0.006,1.08,-0.83,1.13,6.9,4.9,0.0253,23,42,-25,9,91.1,64,-18,46,0.1,0.006645,0.54,0.2,0.15,0.12,0.11,0.11,-1,2005-01-11 11:00:00
2005,11,12,2340,51,52,60,36,5.0,3.9,-23.0,288.0,1.1,-3.4,-1.5,-3.4,-1.4,0.6,3.1,1.7,1.3,2.3,156411.0,3.9,445.0,3.7,-3.5,0.025,18557.0,0.4,5.0,1.2,1.1,0.004,1.42,0.62,1.85,8.8,5.5,0.0154,13,42,-20,5,91.1,53,-15,38,0.7,0.006645,0.61,0.24,0.18,0.15,0.14,0.13,-1,2005-01-11 12:00:00
2005,11,13,2340,51,52,57,35,5.5,4.8,-25.9,289.3,1.4,-4.1,-2.1,-4.1,-2.2,0.8,2.7,1.5,1.8,1.3,117008.0,4.1,434.0,1.1,-3.2,0.019,27544.0,0.5,7.0,1.4,1.4,0.004,1.39,0.95,1.38,8.0,5.4,0.0186,13,42,-22,5,91.1,155,-70,84,1.2,0.006645,0.62,0.21,0.15,0.13,0.13,0.13,-1,2005-01-11 13:00:00
2005,11,14,2340,51,52,61,36,7.2,6.4,-8.8,289.1,2.1,-6.0,-1.0,-5.9,-1.3,0.2,3.2,0.5,0.6,3.1,119863.0,3.1,433.0,-1.3,-2.0,0.03,32162.0,0.6,5.0,1.3,2.0,0.006,1.09,0.56,0.62,5.3,4.3,0.0424,13,42,-26,5,91.1,138,-87,51,0.8,0.006645,0.71,0.23,0.17,0.14,0.13,0.11,-1,2005-01-11 14:00:00
2005,11,15,2340,51,52,57,36,7.9,7.1,-21.0,304.8,3.8,-5.4,-2.5,-5.1,-3.0,0.4,3.5,1.5,1.0,3.0,74918.0,3.7,431.0,-1.4,-4.2,0.022,49115.0,1.4,7.0,1.0,1.3,0.008,1.25,1.29,0.5,5.2,4.4,0.0432,33,42,-26,18,91.1,390,-292,97,2.1,0.006645,0.73,0.31,0.24,0.21,0.17,0.13,-1,2005-01-11 15:00:00
2005,11,16,2340,51,52,63,38,7.9,7.6,59.0,313.1,2.7,-2.8,6.5,-3.7,6.1,0.4,2.0,1.2,1.1,1.2,24273.0,9.9,420.0,-3.4,-0.7,0.024,3155.0,1.1,5.0,0.8,0.7,0.005,3.2,-2.56,1.01,8.4,6.1,0.017,33,42,-13,18,91.1,268,-136,132,1.4,0.006645,999999.99,99999.99,99999.99,99999.99,99999.99,99999.99,0,2005-01-11 16:00:00
2005,11,17,2340,51,52,57,36,8.5,8.0,64.7,286.9,1.0,-3.3,7.3,-4.6,6.6,0.3,2.7,1.9,1.6,1.2,25666.0,14.4,427.0,-4.3,-1.2,0.027,4621.0,2.1,6.0,0.7,0.7,0.003,4.86,-2.82,1.28,9.5,6.6,0.0131,33,42,-1,18,91.1,79,-5,74,0.2,0.006645,999999.99,99999.99,99999.99,99999.99,99999.99,99999.99,0,2005-01-11 17:00:00
2005,11,18,2340,51,52,60,35,9.0,8.5,48.4,320.7,4.4,-3.6,6.4,-5.0,5.4,0.3,2.6,1.1,1.6,1.8,28517.0,13.8,413.0,-5.2,-0.7,0.027,3314.0,1.4,4.0,0.7,0.9,0.003,4.36,-2.23,1.11,8.5,6.1,0.0164,20,42,0,7,91.1,38,-2,35,0.1,0.006645,999999.99,99999.99,99999.99,99999.99,99999.99,99999.99,0,2005-01-11 18:00:00
2005,11,19,2340,51,52,59,35,9.1,8.4,7.9,318.7,6.3,-5.5,1.2,-5.6,-0.3,0.4,3.5,1.0,0.9,3.2,31184.0,14.6,409.0,-6.1,-2.5,0.028,2245.0,0.9,3.0,0.4,1.5,0.003,4.54,0.12,1.17,8.6,6.1,0.0161,20,42,2,7,91.1,63,-33,29,0.8,0.006645,999999.99,99999.99,99999.99,99999.99,99999.99,99999.99,0,2005-01-11 19:00:00
2005,11,20,2340,51,52,62,37,10.9,10.1,8.4,314.5,7.0,-7.2,1.5,-7.3,-0.8,1.7,4.1,1.8,1.6,3.3,35437.0,18.8,414.0,-7.2,-2.6,0.028,5130.0,2.7,5.0,0.9,1.8,0.003,5.98,0.33,1.08,8.2,5.9,0.0175,20,42,3,7,91.1,141,-83,58,1.2,0.006645,999999.99,99999.99,99999.99,99999.99,99999.99,99999.99,0,2005-01-11 20:00:00
2005,11,21,2340,51,52,63,38,15.3,13.6,14.5,314.8,9.3,-9.4,3.4,-10.0,0.1,0.4,6.4,2.1,3.7,4.8,45388.0,23.2,424.0,-8.0,-0.7,0.034,8463.0,2.8,8.0,1.6,2.4,0.01,7.91,-0.04,0.72,6.7,5.2,0.0267,40,42,1,27,91.1,433,-338,96,2.0,0.006645,999999.99,99999.99,99999.99,99999.99,99999.99,99999.99,0,2005-01-11 21:00:00
2005,11,22,2340,51,52,55,32,15.5,14.6,-0.1,310.1,9.4,-11.2,0.0,-10.5,-3.8,0.4,5.0,1.9,1.2,4.5,51655.0,16.4,424.0,-7.5,-0.3,0.049,11838.0,1.9,10.0,1.2,1.8,0.008,5.89,1.61,0.51,5.5,4.6,0.0388,40,42,-8,27,91.1,299,-139,160,1.3,0.006645,999999.99,99999.99,99999.99,99999.99,99999.99,99999.99,0,2005-01-11 22:00:00
2005,11,23,2340,51,52,61,38,15.6,15.1,-0.7,311.0,9.9,-11.4,-0.2,-10.6,-4.1,0.2,3.7,1.1,1.1,3.4,51116.0,15.6,414.0,-8.2,-1.0,0.054,4596.0,1.0,3.0,0.5,1.5,0.005,5.43,1.7,0.48,5.2,4.4,0.0433,40,42,-18,27,91.1,466,-289,177,2.9,0.006645,999999.99,99999.99,99999.99,99999.99,99999.99,99999.99,0,2005-01-11 23:00:00
2005,12,0,2340,51,52,55,32,14.8,13.3,18.8,309.4,8.0,-9.7,4.3,-10.6,0.8,0.8,6.1,2.8,3.0,4.5,67429.0,17.3,421.0,-8.0,0.3,0.064,14982.0,2.1,11.0,1.6,1.9,0.01,6.43,-0.34,0.64,5.9,4.7,0.034,43,61,-12,32,98.8,422,-183,239,2.6,0.006755,999999.99,99999.99,99999.99,99999.99,99999.99,99999.99,0,2005-01-12 00:00:00
2005,12,1,2340,71,71,15,15,13.6,12.8,17.9,314.4,8.5,-8.7,3.9,-9.5,1.0,0.4,3.8,0.8,1.2,3.5,102671.0,22.4,418.0,-6.7,3.4,9.999,7365.0,2.0,1.0,0.9,1.3,9.999,7.83,-0.42,1.16,7.3,5.1,0.0225,43,61,-1,32,98.8,229,-55,174,1.4,0.006755,999999.99,99999.99,99999.99,99999.99,99999.99,99999.99,0,2005-01-12 01:00:00
2005,12,2,2340,71,71,15,15,14.3,13.8,-38.5,297.3,5.0,-9.6,-8.6,-6.8,-10.9,0.9,3.2,1.4,1.4,2.4,98806.0,28.1,431.0,-7.1,-0.2,9.999,4898.0,1.6,3.0,0.7,0.9,9.999,10.44,4.7,1.3,8.0,5.5,0.0186,43,61,2,32,98.8,544,-311,233,4.8,0.006755,999999.99,99999.99,99999.99,99999.99,99999.99,99999.99,0,2005-01-12 02:00:00
2005,12,3,2340,71,71,17,17,15.7,10.8,-34.1,303.8,5.0,-7.4,-6.0,-5.8,-7.6,2.1,10.9,4.0,4.4,9.2,165045.0,28.6,453.0,-3.5,-0.4,9.999,44876.0,7.6,15.0,2.6,2.1,9.999,11.74,3.44,1.42,7.7,5.2,0.02,53,61,-29,56,98.8,795,-560,234,6.7,0.006755,999999.99,99999.99,99999.99,99999.99,99999.99,99999.99,0,2005-01-12 03:00:00
2005,12,4,2340,71,71,15,15,18.3,17.2,37.1,313.3,9.4,-10.0,10.4,-11.7,8.4,1.6,5.6,2.8,4.2,2.5,281526.0,16.8,495.0,1.3,1.1,9.999,33633.0,1.1,11.0,0.7,1.0,9.999,8.23,-4.16,0.86,5.5,4.2,0.0387,53,61,-41,56,98.8,351,-125,226,2.8,0.006755,1.11,0.34,0.2,0.15,0.13,0.12,-1,2005-01-12 04:00:00
2005,12,5,2340,71,71,16,16,18.2,16.3,13.4,306.8,9.5,-12.7,3.8,-13.1,2.1,1.8,7.2,2.2,3.5,5.9,363947.0,14.9,534.0,5.9,-0.9,9.999,28056.0,3.4,18.0,3.2,2.0,9.999,8.5,-1.12,0.92,5.7,4.2,0.0371,53,61,-35,56,98.8,174,-38,137,1.1,0.006755,0.79,0.28,0.19,0.16,0.14,0.11,-1,2005-01-12 05:00:00
2005,12,6,2340,71,71,16,16,17.2,13.4,6.9,307.5,8.1,-10.5,1.6,-10.6,0.8,1.8,9.4,5.4,4.1,6.4,393802.0,13.3,577.0,9.4,-1.6,9.999,59057.0,1.5,28.0,2.4,2.9,9.999,8.86,-0.46,0.98,6.1,4.5,0.0318,40,61,-39,27,98.8,217,-81,136,1.1,0.006755,0.5,0.23,0.16,0.13,0.12,0.12,-1,2005-01-12 06:00:00
2005,12,7,2340,71,71,15,15,15.9,9.3,5.2,295.2,3.9,-8.3,0.8,-8.3,0.5,1.4,11.4,7.9,6.2,5.4,384593.0,11.7,604.0,8.5,-1.8,9.999,61159.0,1.0,45.0,3.2,2.5,9.999,8.54,-0.3,0.99,6.5,4.8,0.0282,40,61,-49,27,98.8,242,-99,143,1.5,0.006755,0.53,0.25,0.18,0.14,0.13,0.13,-1,2005-01-12 07:00:00
2005,12,8,2340,51,71,1,14,15.7,15.7,37.8,338.6,11.6,-4.5,9.6,-4.5,9.6,0.0,0.0,0.0,0.0,0.0,318355.0,11.7,580.0,7.0,0.0,9.999,15565.0,0.7,11.0,2.5,2.2,9.999,7.87,-5.57,0.88,6.3,4.8,0.0298,40,61,-47,27,98.8,301,-123,179,1.9,0.006755,0.57,0.26,0.19,0.16,0.14,0.13,-1,2005-01-12 08:00:00
2005,12,9,2340,51,52,57,19,13.7,12.0,-18.8,305.8,6.7,-9.2,-3.9,-9.3,-3.7,0.9,5.9,2.8,2.3,4.7,378910.0,9.3,608.0,3.5,-4.5,0.056,55172.0,0.7,18.0,1.5,2.5,0.009,7.03,2.25,1.05,6.8,4.9,0.026,43,61,-47,32,98.8,396,-177,219,2.7,0.006755,0.59,0.25,0.19,0.15,0.13,0.12,-1,2005-01-12 09:00:00
2005,12,10,2340,51,52,59,23,10.7,7.1,-7.5,318.9,5.3,-4.7,-0.9,-4.7,-0.8,0.7,7.6,3.1,4.0,5.7,314176.0,8.6,616.0,3.5,-1.4,0.045,40145.0,1.6,19.0,2.8,4.0,0.012,6.43,0.49,1.38,8.4,5.7,0.0167,43,61,-50,32,98.8,839,-734,105,3.7,0.006755,1.14,0.26,0.18,0.15,0.13,0.12,-1,2005-01-12 10:00:00
2005,12,11,2340,51,52,61,37,8.8,6.6,15.6,315.7,4.5,-4.4,1.8,-4.4,1.9,0.3,5.6,3.5,2.7,3.5,251191.0,5.2,639.0,0.7,0.2,0.04,51340.0,0.5,31.0,2.4,3.1,0.005,4.11,-1.21,1.06,8.3,6.0,0.0174,43,61,-43,32,98.8,437,-216,220,3.0,0.006755,1.9,0.26,0.18,0.16,0.14,0.12,-1,2005-01-12 11:00:00
2005,12,12,2340,51,52,63,35,8.3,7.0,-19.5,320.4,5.1,-4.2,-2.3,-4.2,-2.3,0.4,4.2,1.8,1.8,3.3,256961.0,5.1,640.0,0.1,-2.8,0.035,35731.0,0.4,19.0,1.3,2.8,0.006,3.98,1.47,1.19,8.7,6.1,0.0157,47,61,-42,39,98.8,340,-214,126,2.5,0.006755,0.84,0.23,0.17,0.14,0.13,0.13,-1,2005-01-12 12:00:00
2005,12,13,2340,51,52,60,36,7.1,4.6,5.0,349.6,4.5,-0.8,0.4,-0.8,0.4,0.8,5.3,1.7,4.1,2.9,318907.0,5.2,661.0,3.0,0.2,0.046,59504.0,0.6,15.0,2.7,2.0,0.01,4.49,-0.26,1.92,10.6,6.5,0.0106,47,61,-39,39,98.8,641,-557,84,2.9,0.006755,1.24,0.23,0.16,0.13,0.11,0.11,-1,2005-01-12 13:00:00
2005,12,14,2340,51,52,60,32,7.4,4.4,-1.8,3.0,4.4,0.2,-0.1,0.2,-0.1,0.3,5.6,2.2,4.4,2.8,264605.0,5.0,664.0,3.8,-0.3,0.04,26136.0,0.4,20.0,2.9,2.0,0.005,4.27,0.07,1.49,10.0,6.6,0.0118,47,61,-36,39,98.8,379,-305,74,2.6,0.006755,1.58,0.26,0.2,0.17,0.16,0.15,-1,2005-01-12 14:00:00
2005,12,15,2340,51,52,61,34,7.1,5.9,13.1,304.5,3.2,-4.7,1.3,-4.8,0.8,0.3,3.5,1.2,1.6,2.9,257737.0,4.7,680.0,0.8,0.4,0.046,35447.0,0.5,16.0,1.4,1.9,0.005,4.3,-0.54,1.5,10.4,6.9,0.011,40,61,-40,27,98.8,359,-257,102,1.5,0.006755,1.5,0.22,0.15,0.14,0.13,0.11,-1,2005-01-12 15:00:00
2005,12,16,2340,51,52,62,36,6.5,5.0,-5.4,294.5,2.0,-4.5,-0.5,-4.4,-1.1,0.2,4.0,1.1,1.9,3.3,235235.0,4.5,698.0,0.2,-0.4,0.041,21183.0,0.4,10.0,1.6,2.2,0.004,4.26,0.77,1.61,11.4,7.4,0.0092,40,61,-36,27,98.8,286,-187,98,1.6,0.006755,999999.99,99999.99,99999.99,99999.99,99999.99,99999.99,0,2005-01-12 16:00:00
2005,12,17,2340,51,52,58,33,5.9,4.7,7.5,312.6,3.2,-3.4,0.6,-3.5,-0.1,0.2,3.3,1.7,1.3,2.5,227396.0,4.0,690.0,0.3,-0.1,0.043,19743.0,0.3,14.0,1.0,2.1,0.005,3.73,0.07,1.7,11.7,7.4,0.0087,40,61,-36,27,98.8,257,-152,105,0.8,0.006755,999999.99,99999.99,99999.99,99999.99,99999.99,99999.99,0,2005-01-12 17:00:00
2005,12,18,2340,51,52,61,29,6.3,4.7,6.0,306.6,2.8,-3.7,0.5,-3.7,-0.4,0.2,3.9,2.5,1.9,2.3,210719.0,3.5,695.0,-0.7,0.1,0.045,22004.0,0.4,25.0,1.3,1.9,0.005,3.33,0.28,1.24,10.3,7.2,0.0112,40,61,-40,27,98.8,667,-491,177,2.9,0.006755,999999.99,99999.99,99999.99,99999.99,99999.99,99999.99,0,2005-01-12 18:00:00
2005,12,19,2340,51,52,60,31,6.6,5.7,4.0,310.2,3.7,-4.4,0.4,-4.3,-0.8,0.2,2.9,1.6,1.0,2.2,175354.0,2.7,688.0,-1.9,-0.7,0.044,33513.0,0.4,19.0,1.0,2.2,0.009,2.51,0.55,0.78,8.6,6.6,0.0162,40,61,-43,27,98.8,422,-313,110,2.7,0.006755,999999.99,99999.99,99999.99,99999.99,99999.99,99999.99,0,2005-01-12 19:00:00
2005,12,20,2340,51,52,61,39,6.2,5.2,21.4,307.8,3.0,-3.8,1.9,-4.2,0.6,0.5,3.2,1.3,1.0,2.8,243201.0,2.6,699.0,-1.0,0.3,0.043,44936.0,0.2,16.0,1.2,2.5,0.004,2.49,-0.42,1.05,9.1,6.6,0.0144,40,61,-46,27,98.8,461,-304,157,1.4,0.006755,999999.99,99999.99,99999.99,99999.99,99999.99,99999.99,0,2005-01-12 20:00:00
2005,12,21,2340,51,52,60,35,5.3,4.8,-8.2,321.4,3.7,-3.0,-0.7,-2.6,-1.7,0.2,2.0,0.8,0.8,1.6,291104.0,2.9,697.0,-0.0,-1.3,0.04,23556.0,0.2,9.0,0.7,1.4,0.005,2.73,1.18,1.8,11.2,7.0,0.0095,33,61,-34,18,98.8,511,-397,114,3.8,0.006755,999999.99,99999.99,99999.99,99999.99,99999.99,99999.99,0,2005-01-12 21:00:00
2005,12,22,2340,51,52,60,38,4.5,3.0,1.3,342.8,2.8,-0.9,0.1,-0.9,-0.2,0.4,3.2,1.2,1.4,2.6,323771.0,3.2,710.0,1.2,-1.0,0.049,27488.0,0.2,9.0,0.9,1.7,0.005,3.22,0.14,2.97,14.1,7.5,0.006,33,61,-28,18,98.8,295,-182,113,2.8,0.006755,999999.99,99999.99,99999.99,99999.99,99999.99,99999.99,0,2005-01-12 22:00:00
2005,12,23,2340,51,52,60,38,4.7,3.9,45.9,266.6,-0.2,-2.7,2.8,-3.5,1.7,0.5,2.3,1.7,0.9,1.4,328946.0,3.1,721.0,0.0,1.0,0.049,35237.0,0.3,14.0,0.7,1.0,0.007,3.22,-1.23,2.67,13.5,7.4,0.0065,33,61,-31,18,98.8,322,-236,86,2.3,0.006755,999999.99,99999.99,99999.99,99999.99,99999.99,99999.99,0,2005-01-12 23:00:00
2005,13,0,2340,51,52,61,37,5.6,4.2,4.9,321.8,3.3,-2.6,0.4,-2.6,-0.5,0.3,3.6,2.7,0.7,2.3,238799.0,2.9,692.0,-0.5,-0.2,0.034,37979.0,0.3,17.0,0.8,1.4,0.006,2.63,0.35,1.41,10.5,7.1,0.0107,27,63,-30,12,111.9,227,-137,90,1.3,0.006904,999999.99,99999.99,99999.99,99999.99,99999.99,99999.99,0,2005-01-13 00:00:00
2005,13,1,2340,51,52,59,35,5.1,4.0,53.5,248.2,-0.9,-2.2,3.2,-3.1,2.3,0.6,2.9,1.7,1.8,1.5,286282.0,2.7,717.0,0.2,0.9,0.05,78629.0,0.3,15.0,1.2,0.8,0.007,2.78,-1.65,1.79,11.6,7.2,0.0089,27,63,-24,12,111.9,159,-69,90,0.7,0.006904,999999.99,99999.99,99999.99,99999.99,99999.99,99999.99,0,2005-01-13 01:00:00
2005,13,2,2340,51,52,60,38,4.1,3.2,-7.6,325.9,2.6,-1.8,-0.4,-1.6,-0.9,0.3,2.5,1.3,1.5,1.5,310217.0,2.7,714.0,0.4,-1.7,0.051,22225.0,0.1,7.0,1.0,0.9,0.004,2.77,0.64,2.93,14.3,7.6,0.0058,27,63,-20,12,111.9,158,-67,91,0.9,0.006904,999999.99,99999.99,99999.99,99999.99,99999.99,99999.99,0,2005-01-13 02:00:00
2005,13,3,2340,51,52,60,38,3.9,3.3,-11.7,354.9,3.3,-0.3,-0.7,-0.1,-0.8,0.3,1.7,0.7,0.9,1.3,299805.0,2.5,713.0,1.4,-1.8,0.055,54619.0,0.1,6.0,0.6,1.1,0.007,2.59,0.57,2.93,14.5,7.7,0.0057,37,63,-21,22,111.9,177,-70,107,1.0,0.006904,999999.99,99999.99,99999.99,99999.99,99999.99,99999.99,0,2005-01-13 03:00:00
2005,13,4,2340,51,52,62,39,3.8,2.0,-20.9,348.3,1.8,-0.4,-0.7,-0.3,-0.8,0.4,3.2,2.3,2.1,0.7,266026.0,2.6,727.0,1.2,-1.8,0.047,21766.0,0.2,19.0,1.5,0.5,0.007,2.73,0.58,2.95,15.4,8.2,0.005,37,63,-23,22,111.9,450,-329,121,3.4,0.006904,999999.99,99999.99,99999.99,99999.99,99999.99,99999.99,0,2005-01-13 04:00:00
2005,13,5,2340,51,52,60,37,3.9,2.5,-7.3,302.9,1.4,-2.1,-0.3,-2.0,-0.6,0.5,2.8,1.4,1.8,1.6,267943.0,2.6,731.0,0.4,-1.6,0.049,24186.0,0.2,10.0,1.1,0.9,0.005,2.77,0.44,2.82,15.1,8.2,0.0052,37,63,-22,22,111.9,354,-198,156,3.4,0.006904,999999.99,99999.99,99999.99,99999.99,99999.99,99999.99,0,2005-01-13 05:00:00
2005,13,6,2340,51,52,57,36,4.1,2.7,25.3,311.0,1.6,-1.8,1.1,-1.9,0.9,0.4,3.0,2.6,0.6,1.3,243605.0,2.6,724.0,0.2,-0.8,0.046,26648.0,0.1,21.0,0.7,1.0,0.006,2.69,-0.65,2.39,14.2,8.1,0.0059,27,63,-25,12,111.9,170,-68,102,1.3,0.006904,0.4,0.23,0.2,0.17,0.15,0.13,-1,2005-01-13 06:00:00
2005,13,7,2340,51,52,60,36,4.8,4.5,4.7,0.4,4.5,0.0,0.4,0.0,0.4,0.2,1.6,0.3,1.2,1.1,232612.0,2.4,696.0,2.5,-1.3,0.043,24451.0,0.2,5.0,1.0,1.1,0.005,2.28,-0.28,1.56,11.2,7.3,0.0094,27,63,-27,12,111.9,103,-19,84,0.4,0.006904,0.34,0.19,0.15,0.13,0.13,0.13,-1,2005-01-13 07:00:00
2005,13,8,2340,51,52,61,38,5.3,4.4,19.4,334.5,3.8,-1.8,1.5,-1.8,1.5,0.5,2.8,0.9,2.5,1.1,223912.0,2.6,700.0,1.0,-0.3,0.044,20641.0,0.2,8.0,1.9,1.0,0.003,2.5,-1.05,1.36,10.6,7.2,0.0105,27,63,-29,12,111.9,88,-29,59,0.3,0.006904,0.35,0.21,0.18,0.16,0.15,0.14,-1,2005-01-13 08:00:00
2005,13,9,2340,51,52,61,37,6.0,5.5,7.0,296.3,2.4,-4.9,0.7,-4.9,0.8,0.3,2.1,1.4,0.9,1.2,188088.0,2.2,716.0,-1.6,-0.9,0.042,23417.0,0.2,18.0,0.4,1.0,0.005,2.2,-0.57,0.8,8.8,6.8,0.0152,20,63,-31,7,111.9,156,-68,88,0.4,0.006904,0.37,0.22,0.18,0.16,0.16,0.16,-1,2005-01-13 09:00:00
2005,13,10,2340,51,52,51,28,5.9,4.8,37.4,293.2,1.5,-3.5,2.9,-3.4,3.0,0.4,3.2,2.0,1.9,1.7,209409.0,2.3,721.0,-0.5,0.5,0.045,49490.0,0.3,21.0,1.8,1.0,0.007,2.36,-2.16,0.93,9.3,6.9,0.0139,20,63,-29,7,111.9,210,-135,74,0.5,0.006904,0.35,0.22,0.18,0.16,0.15,0.15,-1,2005-01-13 10:00:00
2005,13,11,2340,51,52,60,38,5.3,4.7,16.8,293.9,1.8,-4.1,1.3,-4.1,1.4,0.2,2.3,1.0,1.1,1.8,253608.0,2.8,722.0,0.1,-0.8,0.043,27153.0,0.2,11.0,1.2,1.4,0.004,2.86,-1.01,1.58,11.4,7.4,0.0092,20,63,-20,7,111.9,110,-56,54,0.7,0.006904,0.26,0.17,0.14,0.13,0.12,0.12,-1,2005-01-13 11:00:00
2005,13,12,2340,51,52,19,11,4.6,2.2,-13.6,64.4,0.9,1.9,-0.5,1.9,-0.5,0.7,3.7,2.5,2.4,1.2,269193.0,3.0,729.0,4.2,-1.4,0.041,30981.0,0.2,23.0,1.6,1.1,0.005,3.1,0.36,2.34,13.7,7.9,0.0063,23,63,-18,9,111.9,102,-47,55,0.5,0.006904,0.26,0.16,0.14,0.14,0.13,0.13,-1,2005-01-13 12:00:00
2005,13,13,2340,71,71,15,15,4.4,1.1,68.9,12.4,0.4,0.1,1.1,0.1,1.1,0.4,3.6,1.4,2.7,1.9,294674.0,2.5,728.0,4.0,2.3,9.999,20727.0,0.3,17.0,2.1,1.3,9.999,2.65,-0.8,2.27,13.1,7.6,0.007,23,63,-18,9,111.9,167,-84,83,0.8,0.006904,0.29,0.16,0.14,0.13,0.13,0.13,-1,2005-01-13 13:00:00
2005,13,14,2340,71,71,15,15,4.8,3.7,-1.0,300.7,1.9,-3.2,-0.1,-3.2,-0.3,0.3,2.3,1.1,1.3,1.6,261465.0,2.3,716.0,1.4,1.5,9.999,14544.0,0.2,10.0,1.2,1.1,9.999,2.36,0.21,1.62,11.3,7.3,0.0093,23,63,-17,9,111.9,286,-220,66,1.7,0.006904,0.33,0.18,0.17,0.14,0.13,0.13,-1,2005-01-13 14:00:00
2005,13,15,2340,71,71,15,15,4.1,3.1,-24.4,349.4,2.8,-0.5,-1.3,-0.4,-1.3,0.3,1.9,0.8,1.5,0.9,265844.0,2.5,716.0,2.8,0.1,9.999,33916.0,0.1,8.0,1.3,0.8,9.999,2.56,0.93,2.44,13.8,7.8,0.0062,33,63,-19,18,111.9,263,-211,52,1.5,0.006904,0.43,0.24,0.21,0.19,0.17,0.15,-1,2005-01-13 15:00:00
2005,13,16,2340,71,71,15,15,4.6,3.9,-40.5,6.5,2.9,0.3,-2.5,0.7,-2.4,0.2,1.7,0.3,1.6,0.6,230660.0,2.6,715.0,3.2,-1.2,9.999,13749.0,0.1,5.0,1.3,0.5,9.999,2.66,1.72,1.84,12.5,7.8,0.0076,33,63,-23,18,111.9,383,-296,87,2.3,0.006904,999999.99,99999.99,99999.99,99999.99,99999.99,99999.99,0,2005-01-13 16:00:00
2005,13,17,2340,51,71,2,15,4.9,4.8,30.5,292.0,1.6,-3.9,2.5,-4.3,1.7,0.0,0.3,0.3,0.1,0.0,245892.0,2.1,710.0,1.4,1.8,9.999,16308.0,0.3,8.0,0.9,1.2,9.999,2.12,-1.21,1.36,10.5,7.1,0.0108,33,63,-25,18,111.9,349,-236,113,2.4,0.006904,999999.99,99999.99,99999.99,99999.99,99999.99,99999.99,0,2005-01-13 17:00:00
2005,13,18,2340,51,52,56,34,4.0,3.1,-28.4,351.2,2.7,-0.4,-1.5,0.0,-1.6,0.3,2.4,1.0,1.4,1.7,260611.0,2.2,714.0,2.5,-2.5,0.049,29317.0,0.2,11.0,1.1,1.2,0.006,2.24,1.14,2.22,13.2,7.7,0.0068,37,63,-23,22,111.9,204,-136,67,0.5,0.006904,999999.99,99999.99,99999.99,99999.99,99999.99,99999.99,0,2005-01-13 18:00:00
2005,13,19,2340,51,52,60,37,4.0,2.4,-2.3,340.6,2.3,-0.8,-0.1,-0.7,-0.3,0.2,3.1,1.7,1.1,2.4,241006.0,2.1,720.0,2.2,-1.3,0.047,25647.0,0.2,18.0,1.2,2.3,0.007,2.16,0.22,2.02,13.0,7.9,0.007,37,63,-23,22,111.9,333,-242,92,1.7,0.006904,999999.99,99999.99,99999.99,99999.99,99999.99,99999.99,0,2005-01-13 19:00:00
2005,13,20,2340,51,52,49,29,4.3,3.5,-20.4,324.9,2.7,-1.9,-1.2,-1.4,-1.7,0.1,2.3,0.8,1.4,1.6,218175.0,2.1,704.0,0.7,-2.4,0.04,23166.0,0.1,9.0,1.4,1.9,0.004,2.02,1.2,1.64,11.9,7.6,0.0085,37,63,-25,22,111.9,437,-319,118,2.8,0.006904,999999.99,99999.99,99999.99,99999.99,99999.99,99999.99,0,2005-01-13 20:00:00
2005,13,21,2340,71,71,15,15,4.2,3.1,25.8,328.3,2.4,-1.5,1.4,-1.9,0.8,0.4,2.4,1.2,1.3,1.7,235342.0,2.2,682.0,2.3,2.2,9.999,26346.0,0.2,15.0,1.2,1.3,9.999,2.05,-0.55,1.89,12.0,7.4,0.0082,30,63,-28,15,111.9,195,-110,85,0.7,0.006904,999999.99,99999.99,99999.99,99999.99,99999.99,99999.99,0,2005-01-13 21:00:00
2005,13,22,2340,51,52,34,20,4.5,3.7,-19.1,328.7,3.0,-1.8,-1.2,-1.3,-1.8,0.2,2.6,1.9,1.5,0.9,233015.0,2.1,661.0,-1.4,-3.1,0.045,20362.0,0.3,20.0,1.2,0.6,0.006,1.81,1.19,1.56,10.6,6.9,0.0105,30,63,-24,15,111.9,286,-207,79,2.0,0.006904,999999.99,99999.99,99999.99,99999.99,99999.99,99999.99,0,2005-01-13 22:00:00
2005,13,23,2340,51,52,58,36,4.6,4.0,-10.7,336.5,3.6,-1.6,-0.7,-1.2,-1.2,0.2,2.1,1.0,1.4,1.3,234814.0,2.1,650.0,-1.2,-1.9,0.044,22251.0,0.2,8.0,1.5,1.5,0.01,1.74,0.78,1.5,10.2,6.8,0.0113,30,63,-23,15,111.9,214,-140,74,1.9,0.006904,999999.99,99999.99,99999.99,99999.99,99999.99,99999.99,0,2005-01-13 23:00:00
2005,14,0,2340,51,52,62,37,4.3,2.3,18.9,328.0,1.8,-1.2,0.7,-1.4,0.2,0.5,3.5,2.2,1.7,2.1,266756.0,2.5,673.0,-0.3,-0.4,0.05,30198.0,0.3,20.0,1.4,2.0,0.008,2.27,-0.13,2.22,12.4,7.2,0.0078,27,83,-22,12,125.6,193,-104,90,1.6,0.007064,999999.99,99999.99,99999.99,99999.99,99999.99,99999.99,0,2005-01-14 00:00:00
2005,14,1,2340,51,52,60,38,3.9,3.1,-14.4,22.8,2.8,1.2,-0.8,1.4,-0.4,0.7,2.3,1.1,1.6,1.3,308421.0,2.5,674.0,1.9,-2.5,0.06,29380.0,0.2,8.0,1.3,1.2,0.006,2.35,0.27,2.99,13.7,7.2,0.0064,27,83,-21,12,125.6,181,-98,83,1.1,0.007064,999999.99,99999.99,99999.99,99999.99,99999.99,99999.99,0,2005-01-14 01:00:00
2005,14,2,2340,51,52,60,35,4.6,3.6,56.2,276.2,0.2,-2.0,3.0,-2.8,2.3,0.6,2.7,1.7,1.7,1.1,277611.0,2.4,690.0,0.1,-0.5,0.053,41796.0,0.2,16.0,1.5,0.7,0.011,2.31,-1.59,1.92,11.6,7.1,0.0088,27,83,-18,12,125.6,99,-20,79,0.2,0.007064,999999.99,99999.99,99999.99,99999.99,99999.99,99999.99,0,2005-01-14 02:00:00
2005,14,3,2340,51,52,59,37,4.5,3.5,13.6,283.8,0.8,-3.3,0.8,-3.4,0.0,0.3,2.6,1.6,0.8,1.9,243310.0,2.5,671.0,-0.7,-2.3,0.041,41458.0,0.3,13.0,0.8,1.9,0.007,2.19,-0.0,1.91,11.8,7.2,0.0086,27,83,-13,12,125.6,81,-8,73,0.3,0.007064,999999.99,99999.99,99999.99,99999.99,99999.99,99999.99,0,2005-01-14 03:00:00
2005,14,4,2340,51,52,59,35,4.5,2.5,9.2,299.7,1.2,-2.2,0.4,-2.2,0.0,0.5,3.6,2.9,1.9,1.1,275484.0,1.9,648.0,0.5,-1.8,0.051,47665.0,0.2,15.0,1.1,1.0,0.013,1.6,-0.0,1.58,9.9,6.5,0.0121,27,83,-14,12,125.6,91,-21,70,0.6,0.007064,999999.99,99999.99,99999.99,99999.99,99999.99,99999.99,0,2005-01-14 04:00:00
2005,14,5,2340,51,52,60,32,4.6,4.0,-23.0,322.5,2.9,-2.2,-1.6,-1.9,-1.9,0.6,2.2,1.9,0.8,0.7,272868.0,1.9,644.0,-0.7,-2.4,0.063,51320.0,0.2,10.0,0.6,0.4,0.009,1.65,1.22,1.5,9.6,6.4,0.0128,27,83,-17,12,125.6,164,-66,98,2.4,0.007064,999999.99,99999.99,99999.99,99999.99,99999.99,99999.99,0,2005-01-14 05:00:00
2005,14,6,2340,51,51,60,8,4.1,3.5,-8.8,340.5,3.2,-1.1,-0.5,-1.0,-0.6,0.5,2.0,0.9,0.9,1.5,292340.0,2.1,649.0,0.4,-1.8,9.999,65366.0,0.2,4.0,0.9,0.8,9.999,1.77,0.39,2.19,11.5,6.7,0.009,23,83,-22,9,125.6,227,-121,106,2.6,0.007064,999999.99,99999.99,99999.99,99999.99,99999.99,99999.99,0,2005-01-14 06:00:00
2005,14,7,2340,51,52,57,34,4.3,4.2,16.0,350.7,4.0,-0.7,1.2,-0.8,1.2,0.2,1.0,0.4,0.5,0.8,189631.0,1.6,625.0,-0.9,-0.7,0.04,43958.0,0.4,14.0,0.7,1.3,0.005,1.21,-0.75,1.14,9.2,6.5,0.0141,23,83,-24,9,125.6,136,-25,111,1.5,0.007064,999999.99,99999.99,99999.99,99999.99,99999.99,99999.99,0,2005-01-14 07:00:00
2005,14,8,2340,51,52,59,37,4.1,4.0,12.4,0.2,3.9,0.0,0.9,0.0,0.9,0.2,0.9,0.3,0.7,0.4,154481.0,1.5,602.0,-1.1,-1.3,0.042,32809.0,0.2,7.0,0.7,0.5,0.006,1.06,-0.54,1.05,9.0,6.5,0.0147,23,83,-27,9,125.6,75,-16,59,0.6,0.007064,999999.99,99999.99,99999.99,99999.99,99999.99,99999.99,0,2005-01-14 08:00:00
2005,14,9,2340,51,52,60,37,3.6,3.5,12.0,6.6,3.4,0.4,0.7,0.4,0.7,0.3,1.0,0.3,0.8,0.4,155230.0,1.7,592.0,-1.6,-1.0,0.044,35772.0,0.2,5.0,0.3,0.5,0.005,1.17,-0.41,1.55,10.7,7.0,0.0103,13,83,-30,5,125.6,55,-15,40,0.3,0.007064,999999.99,99999.99,99999.99,99999.99,99999.99,99999.99,0,2005-01-14 09:00:00
2005,14,10,2340,51,52,59,34,4.0,3.5,31.8,357.1,3.0,-0.2,1.9,-0.2,1.9,0.3,1.8,0.8,1.3,0.8,142894.0,1.8,577.0,-1.6,-0.8,0.034,26195.0,0.4,8.0,0.6,0.5,0.004,1.14,-1.1,1.27,9.7,6.7,0.0127,13,83,-30,5,125.6,86,-38,48,0.2,0.007064,999999.99,99999.99,99999.99,99999.99,99999.99,99999.99,0,2005-01-14 10:00:00
2005,14,11,2340,51,52,59,37,3.6,3.2,46.9,336.7,2.0,-0.9,2.4,-0.9,2.4,0.1,1.3,0.7,1.0,0.6,150729.0,2.0,574.0,-0.8,-1.2,0.036,16627.0,0.1,4.0,0.7,0.4,0.004,1.26,-1.38,1.79,11.3,7.1,0.0094,13,83,-26,5,125.6,56,-15,40,-0.1,0.007064,0.5,0.26,0.21,0.18,0.16,0.13,-1,2005-01-14 11:00:00
2005,14,12,2340,51,52,59,36,2.8,2.4,20.4,212.0,-1.9,-1.2,0.8,-1.2,0.8,0.3,1.3,1.0,0.7,0.5,110981.0,2.6,558.0,-0.8,-0.4,0.029,10312.0,0.2,7.0,0.5,0.4,0.001,1.51,-0.45,3.3,16.1,8.2,0.0046,13,83,-21,5,125.6,111,-59,52,0.3,0.007064,0.49,0.24,0.18,0.15,0.14,0.14,-1,2005-01-14 12:00:00
2005,14,13,2340,51,52,58,36,2.9,2.6,32.5,225.0,-1.5,-1.5,1.4,-1.5,1.3,0.7,1.4,0.6,1.2,0.4,121370.0,3.0,547.0,-1.3,-0.8,0.033,12334.0,0.3,6.0,0.6,0.5,0.006,1.7,-0.71,3.71,16.3,8.0,0.0045,13,83,-18,5,125.6,93,-51,42,0.2,0.007064,0.78,0.49,0.42,0.37,0.27,0.14,-1,2005-01-14 13:00:00
2005,14,14,2340,51,52,61,37,3.8,3.3,15.0,241.9,-1.5,-2.8,0.9,-2.9,0.7,0.4,1.9,1.0,0.9,1.2,108695.0,3.3,545.0,-1.3,-0.7,0.033,11711.0,0.4,5.0,0.6,0.5,0.004,1.85,-0.38,2.25,13.0,7.6,0.007,13,83,-16,5,125.6,99,-48,51,0.6,0.007064,0.56,0.29,0.22,0.18,0.16,0.16,-1,2005-01-14 14:00:00
2005,14,15,2340,51,52,61,36,4.1,2.5,29.4,279.0,0.3,-2.2,1.2,-2.3,0.9,0.4,3.2,1.4,2.1,2.0,127596.0,3.8,548.0,-2.0,-0.9,0.043,17977.0,0.4,5.0,0.5,0.4,0.007,2.23,-0.49,2.41,13.0,7.4,0.007,13,83,-13,5,125.6,91,-45,46,0.5,0.007064,999999.99,99999.99,99999.99,99999.99,99999.99,99999.99,0,2005-01-14 15:00:00
2005,14,16,2340,51,52,61,37,5.1,4.7,57.4,185.1,-2.5,-0.2,3.9,-0.8,3.8,0.3,1.9,0.9,1.6,0.5,106358.0,4.2,556.0,-1.2,-0.6,0.035,11608.0,0.4,3.0,0.6,0.5,0.006,2.47,-2.11,1.58,11.2,7.3,0.0095,13,83,-12,5,125.6,80,-48,32,0.1,0.007064,999999.99,99999.99,99999.99,99999.99,99999.99,99999.99,0,2005-01-14 16:00:00
2005,14,17,2340,51,52,59,37,5.1,4.2,62.0,114.2,-0.8,1.8,3.7,1.0,4.0,1.0,2.9,1.3,2.3,1.3,121769.0,4.1,554.0,-0.3,0.4,0.042,21650.0,0.3,7.0,0.7,0.7,0.004,2.45,-2.22,1.64,11.0,7.1,0.0098,13,83,-11,5,125.6,58,-20,38,-0.2,0.007064,999999.99,99999.99,99999.99,99999.99,99999.99,99999.99,0,2005-01-14 17:00:00
2005,14,18,2340,51,52,57,36,5.8,4.9,47.1,26.8,3.0,1.5,3.6,0.6,3.9,0.8,3.1,2.6,1.4,0.8,152395.0,4.1,549.0,-0.8,-0.1,0.058,11454.0,0.3,9.0,0.6,0.6,0.009,2.54,-2.14,1.42,9.6,6.4,0.013,43,83,-10,32,125.6,40,-11,28,-0.3,0.007064,999999.99,99999.99,99999.99,99999.99,99999.99,99999.99,0,2005-01-14 18:00:00
2005,14,19,2340,51,52,60,36,6.7,6.6,-7.2,346.7,6.4,-1.5,-0.8,-1.2,-1.2,0.3,1.3,0.4,0.7,1.0,179618.0,4.8,538.0,-1.5,-0.6,0.069,15355.0,0.6,4.0,0.3,0.3,0.009,2.96,0.65,1.37,8.8,6.0,0.0154,43,83,-11,32,125.6,51,-28,23,0.4,0.007064,999999.99,99999.99,99999.99,99999.99,99999.99,99999.99,0,2005-01-14 19:00:00
2005,14,20,2340,51,52,65,39,7.4,6.4,-56.0,354.3,3.6,-0.4,-5.3,1.3,-5.1,0.4,3.5,1.6,2.4,1.9,183009.0,6.7,550.0,-2.5,-1.5,0.046,22050.0,0.6,15.0,0.9,1.2,0.007,4.01,2.81,1.58,9.6,6.2,0.0129,43,83,-18,32,125.6,405,-314,91,2.4,0.007064,999999.99,99999.99,99999.99,99999.99,99999.99,99999.99,0,2005-01-14 20:00:00
2005,14,21,2340,51,52,58,37,8.3,7.0,-19.6,301.5,3.4,-5.6,-2.4,-4.4,-4.2,0.9,4.4,1.6,2.9,3.0,206399.0,5.2,573.0,-3.2,0.8,0.058,26839.0,0.5,8.0,1.1,1.4,0.006,3.51,2.41,1.05,7.9,5.7,0.0192,50,83,-28,48,125.6,759,-636,123,5.0,0.007064,999999.99,99999.99,99999.99,99999.99,99999.99,99999.99,0,2005-01-14 21:00:00
2005,14,22,2340,51,52,62,37,7.6,6.4,-38.4,314.1,3.5,-3.6,-4.0,-1.9,-5.0,1.3,4.1,1.3,3.5,1.8,247528.0,5.5,563.0,-3.0,0.2,0.065,31596.0,0.6,8.0,1.2,0.7,0.007,3.67,2.81,1.49,8.7,5.7,0.0158,50,83,-32,48,125.6,530,-384,146,2.6,0.007064,999999.99,99999.99,99999.99,99999.99,99999.99,99999.99,0,2005-01-14 22:00:00
2005,14,23,2340,51,52,60,35,8.3,6.7,-20.2,318.6,4.7,-4.1,-2.3,-3.0,-3.6,0.9,4.8,2.3,3.6,2.3,282823.0,5.3,590.0,-0.9,1.4,0.063,28565.0,0.6,20.0,1.4,1.4,0.012,3.86,2.12,1.32,8.2,5.6,0.0178,50,83,-32,48,125.6,597,-366,231,3.7,0.007064,999999.99,99999.99,99999.99,99999.99,99999.99,99999.99,0,2005-01-14 23:00:00
2005,15,0,2340,51,52,62,37,8.4,7.4,-16.5,298.7,3.4,-6.3,-2.1,-5.1,-4.2,0.6,3.7,2.5,1.8,2.0,322701.0,6.1,615.0,0.2,1.9,0.061,44941.0,0.6,17.0,0.7,1.5,0.012,4.79,2.58,1.62,9.0,5.8,0.0146,37,91,-30,22,140.2,555,-377,177,3.7,0.007289,999999.99,99999.99,99999.99,99999.99,99999.99,99999.99,0,2005-01-15 00:00:00
2005,15,1,2340,51,52,59,37,8.6,6.5,13.1,299.6,3.1,-5.5,1.5,-5.7,-0.4,1.0,5.5,1.9,2.4,4.5,352983.0,6.6,615.0,0.6,4.0,0.058,47163.0,0.5,8.0,0.9,1.6,0.013,5.14,0.25,1.79,9.2,5.8,0.0141,37,91,-28,22,140.2,443,-189,253,2.1,0.007289,999999.99,99999.99,99999.99,99999.99,99999.99,99999.99,0,2005-01-15 01:00:00
2005,15,2,2340,51,52,61,37,7.2,5.9,-32.2,332.2,4.4,-2.3,-3.1,-1.3,-3.6,0.8,4.0,2.1,2.7,2.0,394168.0,6.3,619.0,1.6,2.2,0.062,29992.0,0.3,13.0,1.2,1.1,0.014,5.03,2.23,2.64,10.8,6.0,0.0102,37,91,-25,22,140.2,283,-84,199,2.1,0.007289,999999.99,99999.99,99999.99,99999.99,99999.99,99999.99,0,2005-01-15 02:00:00
2005,15,3,2340,51,52,61,38,5.9,2.8,-20.8,333.6,2.3,-1.2,-1.0,-0.9,-1.3,0.8,5.0,3.4,3.2,1.8,381352.0,5.6,644.0,1.2,2.4,0.046,45923.0,0.5,28.0,2.3,1.2,0.006,4.59,0.84,3.41,12.9,6.5,0.0071,43,91,-27,32,140.2,283,-177,106,2.3,0.007289,999999.99,99999.99,99999.99,99999.99,99999.99,99999.99,0,2005-01-15 03:00:00
2005,15,4,2340,51,52,62,39,6.3,4.7,-23.5,346.0,4.2,-1.0,-1.9,-0.6,-2.1,0.4,3.8,2.0,2.1,2.5,320978.0,4.8,637.0,1.0,1.6,0.048,27025.0,0.4,19.0,1.7,1.8,0.009,3.88,1.34,2.26,11.1,6.4,0.0097,43,91,-26,32,140.2,337,-179,158,2.5,0.007289,999999.99,99999.99,99999.99,99999.99,99999.99,99999.99,0,2005-01-15 04:00:00
2005,15,5,2340,51,52,62,37,5.7,3.7,14.1,283.8,0.9,-3.5,0.9,-3.6,0.4,0.4,4.1,3.1,1.7,2.1,278717.0,4.6,664.0,-0.5,2.3,0.044,24263.0,0.4,23.0,1.2,1.3,0.007,3.98,-0.27,2.4,12.5,7.1,0.0076,43,91,-30,32,140.2,337,-149,188,2.3,0.007289,999999.99,99999.99,99999.99,99999.99,99999.99,99999.99,0,2005-01-15 05:00:00
2005,15,6,2340,51,52,57,36,6.0,5.1,-33.0,340.3,4.0,-1.4,-2.8,-1.1,-2.9,0.4,3.1,1.4,2.0,1.8,251797.0,4.1,650.0,0.3,-0.3,0.046,23840.0,0.4,11.0,1.2,1.0,0.006,3.43,1.89,1.8,11.0,6.9,0.0099,40,91,-25,27,140.2,430,-239,191,3.8,0.007289,999999.99,99999.99,99999.99,99999.99,99999.99,99999.99,0,2005-01-15 06:00:00
2005,15,7,2340,51,52,61,37,5.5,4.2,-15.9,349.7,4.0,-0.7,-1.2,-0.6,-1.2,0.2,3.4,0.8,3.0,1.4,234390.0,3.8,651.0,0.8,0.4,0.046,21349.0,0.2,9.0,2.0,1.1,0.003,3.18,0.78,1.9,11.5,7.1,0.0089,40,91,-31,27,140.2,316,-136,180,2.0,0.007289,999999.99,99999.99,99999.99,99999.99,99999.99,99999.99,0,2005-01-15 07:00:00
2005,15,8,2340,51,52,59,33,5.6,5.1,-41.0,11.8,3.8,0.8,-3.4,0.9,-3.4,0.1,2.0,1.1,1.1,1.2,210650.0,3.6,651.0,2.0,-1.6,0.04,27015.0,0.3,13.0,1.1,1.4,0.004,2.96,2.21,1.62,11.0,7.1,0.0098,40,91,-32,27,140.2,418,-247,171,2.8,0.007289,999999.99,99999.99,99999.99,99999.99,99999.99,99999.99,0,2005-01-15 08:00:00
2005,15,9,2340,51,52,60,38,5.3,4.7,-25.6,350.8,4.2,-0.7,-2.1,-0.7,-2.1,0.2,2.1,0.7,1.5,1.2,195004.0,3.3,645.0,1.1,-1.4,0.034,22146.0,0.3,10.0,1.5,1.2,0.004,2.6,1.35,1.58,11.1,7.2,0.0097,30,91,-33,15,140.2,429,-248,181,2.3,0.007289,999999.99,99999.99,99999.99,99999.99,99999.99,99999.99,0,2005-01-15 09:00:00
2005,15,10,2340,51,52,60,36,5.0,4.6,-22.1,338.2,4.0,-1.6,-1.7,-1.6,-1.7,0.1,1.8,0.6,1.5,0.7,186100.0,3.0,644.0,0.3,-1.7,0.035,29655.0,0.2,8.0,1.4,1.0,0.004,2.37,1.09,1.57,11.2,7.3,0.0096,30,91,-33,15,140.2,462,-271,190,2.6,0.007289,999999.99,99999.99,99999.99,99999.99,99999.99,99999.99,0,2005-01-15 10:00:00
2005,15,11,2340,51,52,60,38,4.7,2.7,-13.6,316.4,1.9,-1.8,-0.6,-1.8,-0.6,0.3,3.7,2.2,2.7,1.4,174627.0,2.6,664.0,0.5,-0.9,0.044,15733.0,0.2,23.0,2.2,1.3,0.008,2.25,0.4,1.48,11.4,7.5,0.0092,30,91,-36,15,140.2,351,-200,151,2.0,0.007289,999999.99,99999.99,99999.99,99999.99,99999.99,99999.99,0,2005-01-15 11:00:00
2005,15,12,2340,51,52,60,37,4.3,3.5,7.5,336.7,3.1,-1.4,0.5,-1.4,0.5,0.1,2.3,1.3,1.5,1.2,191872.0,2.3,641.0,1.2,-0.4,0.048,28407.0,0.3,18.0,1.7,1.4,0.007,1.88,-0.32,1.66,11.3,7.2,0.0093,30,91,-34,15,140.2,221,-113,107,0.8,0.007289,999999.99,99999.99,99999.99,99999.99,99999.99,99999.99,0,2005-01-15 12:00:00
2005,15,13,2340,51,52,58,34,4.2,3.8,-2.2,338.7,3.6,-1.4,-0.1,-1.4,-0.2,0.1,1.5,0.6,1.0,1.1,151381.0,2.0,630.0,0.6,-1.0,0.043,20253.0,0.2,10.0,1.1,1.7,0.006,1.55,0.13,1.32,10.6,7.2,0.0106,30,91,-31,15,140.2,163,-96,67,0.9,0.007289,999999.99,99999.99,99999.99,99999.99,99999.99,99999.99,0,2005-01-15 13:00:00
2005,15,14,2340,51,52,59,37,4.3,4.2,-1.3,333.9,3.7,-1.8,-0.1,-1.8,-0.2,0.1,1.0,0.4,0.6,0.7,121766.0,2.2,621.0,-0.2,-0.9,0.028,14932.0,0.1,5.0,0.8,1.0,0.004,1.58,0.12,1.24,10.7,7.4,0.0104,30,91,-28,15,140.2,370,-286,83,1.5,0.007289,999999.99,99999.99,99999.99,99999.99,99999.99,99999.99,0,2005-01-15 14:00:00
2005,15,15,2340,51,52,61,35,4.4,4.1,12.4,310.3,2.6,-3.1,0.9,-3.2,0.5,0.1,1.5,1.2,0.8,0.5,112904.0,2.3,631.0,-1.1,0.3,0.029,11275.0,0.1,12.0,0.5,0.7,0.003,1.71,-0.32,1.19,10.9,7.6,0.0101,33,91,-24,18,140.2,368,-263,105,1.8,0.007289,999999.99,99999.99,99999.99,99999.99,99999.99,99999.99,0,2005-01-15 15:00:00
2005,15,16,2340,51,52,58,36,4.8,4.6,-15.6,339.5,4.2,-1.6,-1.2,-1.4,-1.4,0.1,1.1,0.4,0.9,0.5,98638.0,2.0,604.0,0.6,-1.8,0.028,11838.0,0.1,6.0,1.2,0.7,0.005,1.35,0.85,0.82,8.9,6.8,0.015,33,91,-24,18,140.2,198,-146,52,1.2,0.007289,999999.99,99999.99,99999.99,99999.99,99999.99,99999.99,0,2005-01-15 16:00:00
2005,15,17,2340,51,52,60,36,3.5,2.2,-5.3,282.0,0.5,-2.2,-0.2,-2.1,-0.7,0.5,2.6,2.1,1.2,0.9,159769.0,1.9,625.0,0.7,-1.0,0.054,39763.0,0.2,15.0,0.8,0.8,0.008,1.51,0.44,1.86,12.3,7.6,0.0079,33,91,-24,18,140.2,397,-339,59,1.9,0.007289,999999.99,99999.99,99999.99,99999.99,99999.99,99999.99,0,2005-01-15 17:00:00
2005,15,18,2340,51,52,58,35,3.4,2.9,-9.7,305.0,1.6,-2.3,-0.5,-2.1,-1.1,0.7,1.8,0.8,0.7,1.4,142664.0,1.8,592.0,-0.6,-1.3,0.044,32955.0,0.2,12.0,1.1,1.7,0.005,1.24,0.65,1.76,11.7,7.4,0.0087,27,91,-24,12,140.2,140,-84,56,0.8,0.007289,999999.99,99999.99,99999.99,99999.99,99999.99,99999.99,0,2005-01-15 18:00:00
2005,15,19,2340,51,52,58,35,4.4,3.5,13.4,319.2,2.6,-2.2,0.8,-2.3,0.1,0.3,2.4,0.7,1.1,2.1,91719.0,1.9,568.0,-1.1,0.4,0.048,15491.0,0.2,9.0,1.6,2.6,0.008,1.22,-0.06,0.9,8.9,6.7,0.015,27,91,-27,12,140.2,169,-125,43,0.9,0.007289,999999.99,99999.99,99999.99,99999.99,99999.99,99999.99,0,2005-01-15 19:00:00
2005,15,20,2340,51,52,59,36,2.9,2.3,48.7,38.0,1.2,1.0,1.8,0.4,2.0,0.5,1.7,1.2,0.9,0.8,104220.0,2.4,559.0,1.0,1.5,0.071,12485.0,0.2,8.0,0.5,0.6,0.007,1.61,-1.12,2.76,14.9,8.1,0.0053,27,91,-25,12,140.2,141,-58,83,0.2,0.007289,999999.99,99999.99,99999.99,99999.99,99999.99,99999.99,0,2005-01-15 20:00:00
2005,15,21,2340,51,52,59,36,3.1,2.9,7.3,13.6,2.8,0.7,0.4,0.5,0.6,0.4,1.2,0.6,0.8,0.7,111912.0,2.5,543.0,0.7,1.3,0.072,14648.0,0.1,5.0,0.6,0.5,0.005,1.59,-0.33,2.6,13.8,7.7,0.0062,17,91,-22,6,140.2,69,-24,45,0.2,0.007289,999999.99,99999.99,99999.99,99999.99,99999.99,99999.99,0,2005-01-15 21:00:00
2005,15,22,2340,51,52,60,37,4.0,3.8,40.6,349.6,2.9,-0.5,2.5,-1.4,2.1,0.2,1.1,0.5,0.6,0.7,88089.0,2.8,535.0,-0.1,2.8,0.061,14142.0,0.1,5.0,0.6,0.5,0.008,1.66,-1.12,1.58,11.2,7.3,0.0095,17,91,-18,6,140.2,52,-14,38,-0.2,0.007289,999999.99,99999.99,99999.99,99999.99,99999.99,99999.99,0,2005-01-15 22:00:00
2005,15,23,2340,51,52,62,39,3.5,2.4,12.3,1.4,2.3,0.1,0.5,-0.1,0.5,0.3,2.5,0.8,1.6,1.7,113128.0,2.9,543.0,0.3,0.9,0.07,14545.0,0.2,6.0,1.1,1.3,0.007,1.83,-0.27,2.38,13.2,7.6,0.0068,17,91,-17,6,140.2,66,-39,28,0.5,0.007289,999999.99,99999.99,99999.99,99999.99,99999.99,99999.99,0,2005-01-15 23:00:00
2005,16,0,2340,51,52,60,35,3.7,3.4,4.2,324.3,2.8,-2.0,0.2,-1.9,-0.5,0.5,1.3,0.7,0.9,0.7,107754.0,3.0,544.0,-1.0,1.0,0.071,13565.0,0.1,4.0,0.8,0.6,0.005,1.9,0.27,2.15,12.7,7.5,0.0073,33,100,-16,18,139.8,139,-99,41,0.9,0.007338,999999.99,99999.99,99999.99,99999.99,99999.99,99999.99,0,2005-01-16 00:00:00
2005,16,1,2340,51,52,60,37,3.9,3.0,-10.9,332.3,2.6,-1.4,-0.6,-1.1,-1.0,0.3,2.4,1.0,1.8,1.4,109099.0,3.1,543.0,-1.1,0.4,0.074,7089.0,0.2,7.0,1.1,0.9,0.008,1.98,0.54,2.01,12.3,7.4,0.0079,33,100,-16,18,139.8,152,-99,54,1.0,0.007338,999999.99,99999.99,99999.99,99999.99,99999.99,99999.99,0,2005-01-16 01:00:00
2005,16,2,2340,51,52,58,35,4.0,3.4,-26.7,14.2,2.9,0.7,-1.5,1.1,-1.2,0.2,1.9,0.6,1.1,1.4,102162.0,3.1,537.0,0.4,-0.1,0.078,11544.0,0.2,4.0,0.9,1.0,0.006,1.96,0.64,1.86,11.8,7.3,0.0085,33,100,-16,18,139.8,189,-121,67,2.4,0.007338,999999.99,99999.99,99999.99,99999.99,99999.99,99999.99,0,2005-01-16 02:00:00
2005,16,3,2340,51,52,59,37,4.0,3.8,-33.3,23.9,2.9,1.3,-2.1,1.8,-1.7,0.1,1.2,0.5,0.9,0.7,104299.0,3.0,533.0,1.3,-0.4,0.078,5534.0,0.2,5.0,0.9,0.6,0.007,1.87,0.91,1.81,11.5,7.2,0.0089,23,100,-17,9,139.8,131,-59,72,2.5,0.007338,999999.99,99999.99,99999.99,99999.99,99999.99,99999.99,0,2005-01-16 03:00:00
2005,16,4,2340,51,52,60,36,4.0,3.5,-25.4,29.2,2.8,1.6,-1.5,1.9,-1.1,0.1,1.8,0.6,0.6,1.6,103632.0,3.1,534.0,1.6,-0.0,0.076,9429.0,0.2,6.0,0.7,1.4,0.006,1.93,0.59,1.87,11.8,7.3,0.0086,23,100,-16,9,139.8,109,-33,76,1.7,0.007338,999999.99,99999.99,99999.99,99999.99,99999.99,99999.99,0,2005-01-16 04:00:00
2005,16,5,2340,51,52,59,37,4.2,3.7,-20.8,12.4,3.3,0.7,-1.3,0.9,-1.2,0.2,1.9,0.9,1.3,1.1,98207.0,3.0,526.0,1.5,0.2,0.078,10802.0,0.2,8.0,1.1,1.1,0.008,1.82,0.63,1.6,10.8,7.0,0.0101,23,100,-14,9,139.8,120,-33,86,1.5,0.007338,999999.99,99999.99,99999.99,99999.99,99999.99,99999.99,0,2005-01-16 05:00:00
2005,16,6,2340,51,52,60,37,4.5,4.2,-27.6,1.0,3.8,0.1,-2.0,0.3,-2.0,0.2,1.5,0.5,1.2,0.7,102604.0,3.0,523.0,0.9,0.2,0.074,7505.0,0.2,4.0,0.8,0.6,0.004,1.78,1.05,1.42,10.1,6.7,0.0117,27,100,-16,12,139.8,266,-219,47,1.4,0.007338,999999.99,99999.99,99999.99,99999.99,99999.99,99999.99,0,2005-01-16 06:00:00
2005,16,7,2340,51,52,59,36,4.4,4.2,-4.5,23.2,3.8,1.6,-0.3,1.6,-0.2,0.2,1.2,0.4,1.0,0.4,100460.0,3.1,518.0,1.7,1.3,0.076,4930.0,0.3,4.0,0.7,0.2,0.005,1.81,0.1,1.52,10.4,6.8,0.0111,27,100,-14,12,139.8,183,-103,80,1.6,0.007338,999999.99,99999.99,99999.99,99999.99,99999.99,99999.99,0,2005-01-16 07:00:00
2005,16,8,2340,51,52,59,36,4.1,3.9,-8.5,4.8,3.8,0.3,-0.6,0.3,-0.6,0.1,1.1,0.3,0.5,0.9,99630.0,2.9,509.0,0.4,1.1,0.081,17737.0,0.2,4.0,0.4,0.7,0.009,1.66,0.31,1.64,10.6,6.8,0.0106,27,100,-15,12,139.8,153,-39,114,2.1,0.007338,999999.99,99999.99,99999.99,99999.99,99999.99,99999.99,0,2005-01-16 08:00:00
2005,16,9,2340,51,52,60,36,4.0,3.9,1.0,19.2,3.7,1.3,0.1,1.3,0.1,0.4,1.0,0.4,0.5,0.7,103436.0,3.1,499.0,1.6,1.4,0.072,12574.0,0.2,6.0,0.7,1.0,0.006,1.66,-0.05,1.87,11.0,6.8,0.0099,27,100,-17,12,139.8,132,-58,74,1.1,0.007338,999999.99,99999.99,99999.99,99999.99,99999.99,99999.99,0,2005-01-16 09:00:00
2005,16,10,2340,51,52,62,39,6.8,6.3,-27.1,32.9,4.7,3.1,-2.9,3.1,-2.9,1.1,2.4,0.8,1.2,2.0,139227.0,4.9,523.0,2.4,-2.0,0.074,42775.0,1.7,19.0,0.9,2.2,0.007,2.9,1.52,1.18,8.5,6.0,0.0164,27,100,-10,12,139.8,345,-252,93,2.5,0.007338,999999.99,99999.99,99999.99,99999.99,99999.99,99999.99,0,2005-01-16 10:00:00
2005,16,11,2340,51,52,64,38,7.4,5.3,1.7,322.7,4.2,-3.2,0.2,-3.2,0.2,0.5,5.0,2.4,3.1,3.1,185056.0,5.3,543.0,-2.5,-0.2,0.061,27655.0,0.4,20.0,2.0,2.2,0.012,3.25,-0.11,1.26,8.4,5.8,0.0167,27,100,-16,12,139.8,432,-305,127,2.6,0.007338,999999.99,99999.99,99999.99,99999.99,99999.99,99999.99,0,2005-01-16 11:00:00
2005,16,12,2340,51,52,60,33,7.1,5.4,45.7,274.2,0.3,-3.8,3.9,-3.9,3.8,2.1,4.9,2.0,3.4,2.8,114346.0,7.9,570.0,-1.8,2.3,0.033,15695.0,3.8,11.0,2.0,1.0,0.01,4.85,-2.17,1.58,11.3,7.3,0.0093,33,100,-15,18,139.8,249,-146,102,0.8,0.007338,999999.99,99999.99,99999.99,99999.99,99999.99,99999.99,0,2005-01-16 12:00:00
2005,16,13,2340,51,52,61,37,4.2,3.7,27.4,141.7,-2.6,2.1,1.7,2.0,1.8,0.9,2.0,1.0,1.4,1.0,83566.0,16.2,576.0,-0.8,2.2,0.017,4932.0,1.4,3.0,0.4,0.3,0.003,9.59,-1.04,8.1,27.6,9.8,0.0016,33,100,1,18,139.8,202,-97,105,1.3,0.007338,999999.99,99999.99,99999.99,99999.99,99999.99,99999.99,0,2005-01-16 13:00:00
2005,16,14,2340,51,52,60,36,7.5,6.5,1.8,94.6,-0.5,6.5,0.2,6.5,0.7,1.3,3.8,2.6,1.8,2.1,110428.0,7.3,588.0,-0.8,3.1,0.029,33641.0,3.5,11.0,2.2,1.2,0.018,4.7,-0.41,1.29,10.6,7.3,0.0106,33,100,-1,18,139.8,155,-85,70,1.1,0.007338,999999.99,99999.99,99999.99,99999.99,99999.99,99999.99,0,2005-01-16 14:00:00
2005,16,15,2340,51,52,60,37,7.0,6.2,25.1,96.0,-0.6,5.6,2.6,5.2,3.3,1.0,3.3,1.8,2.0,2.0,72879.0,11.1,578.0,2.3,1.4,0.065,19538.0,3.7,4.0,1.2,0.7,0.011,7.8,-1.91,1.9,13.8,8.5,0.0063,33,100,10,18,139.8,301,-225,77,0.7,0.007338,999999.99,99999.99,99999.99,99999.99,99999.99,99999.99,0,2005-01-16 15:00:00
2005,16,16,2340,51,52,58,37,8.8,8.5,-10.5,87.0,0.4,8.3,-1.6,8.5,-0.2,0.5,2.3,1.3,0.6,1.8,33850.0,7.9,571.0,-0.4,2.3,0.064,10356.0,2.9,7.0,0.8,0.8,0.012,5.4,0.11,0.69,9.1,7.2,0.0143,33,100,0,18,139.8,346,-247,99,2.2,0.007338,999999.99,99999.99,99999.99,99999.99,99999.99,99999.99,0,2005-01-16 16:00:00
2005,16,17,2340,51,52,60,35,8.5,8.2,44.0,270.4,0.0,-5.9,5.7,-7.0,4.3,0.7,2.4,1.0,1.9,1.0,37379.0,7.9,562.0,1.0,0.6,0.1,10241.0,1.4,3.0,0.5,0.3,0.012,5.83,-2.42,0.75,9.3,7.2,0.0138,33,100,-4,18,139.8,279,-194,85,0.3,0.007338,3420.0,1920.0,790.0,232.0,24.9,5.4,-1,2005-01-16 17:00:00
2005,16,18,2340,51,52,57,34,8.8,8.7,42.5,279.7,1.1,-6.3,5.9,-7.6,4.1,0.4,1.1,0.8,0.7,0.2,29526.0,5.5,551.0,0.9,0.7,0.106,2540.0,1.1,5.0,0.3,0.2,0.01,3.97,-2.26,0.47,7.3,6.2,0.0221,30,100,-6,15,139.8,150,-90,60,-0.4,0.007338,5110.0,2940.0,1220.0,310.0,26.4,5.68,-1,2005-01-16 18:00:00
2005,16,19,2340,51,52,62,38,9.6,9.5,39.1,284.1,1.8,-7.2,6.0,-8.7,3.6,0.8,1.3,0.8,0.9,0.6,25720.0,7.7,543.0,1.5,0.2,0.099,4038.0,1.3,5.0,0.3,0.4,0.016,5.29,-1.95,0.54,7.8,6.5,0.0193,30,100,-2,15,139.8,104,-41,63,-0.6,0.007338,4440.0,2450.0,960.0,243.0,20.7,4.26,-1,2005-01-16 19:00:00
2005,16,20,2340,51,52,58,35,9.2,9.1,24.4,269.5,-0.1,-8.2,3.7,-9.0,0.7,0.7,1.9,0.6,1.1,1.4,24257.0,11.5,546.0,0.5,1.1,0.069,2853.0,2.1,4.0,0.5,0.6,0.02,7.31,-0.38,0.86,10.1,7.6,0.0117,30,100,6,15,139.8,262,-115,146,1.2,0.007338,4340.0,2440.0,892.0,212.0,17.9,3.78,-1,2005-01-16 20:00:00
2005,16,21,2340,51,52,61,36,9.3,9.1,-5.4,259.9,-1.6,-8.9,-0.9,-8.0,-4.0,0.4,2.0,0.5,0.8,1.8,47182.0,9.9,544.0,0.7,-1.2,0.094,26774.0,2.2,4.0,1.1,1.2,0.017,6.73,2.18,0.84,9.2,7.0,0.014,40,100,2,27,139.8,412,-217,195,1.0,0.007338,4460.0,2400.0,843.0,195.0,15.7,3.31,-1,2005-01-16 21:00:00
2005,16,22,2340,51,52,59,35,9.6,9.3,8.7,267.8,-0.4,-9.2,1.4,-9.1,-2.1,0.3,2.1,0.8,0.7,1.9,55161.0,7.7,544.0,-1.1,-1.1,0.086,12408.0,1.1,4.0,0.7,0.5,0.025,5.11,1.14,0.64,7.9,6.3,0.0192,40,100,-12,27,139.8,442,-214,228,-0.5,0.007338,4820.0,2520.0,845.0,180.0,13.8,2.91,-1,2005-01-16 22:00:00
2005,16,23,2340,51,52,60,37,9.5,9.3,-28.3,257.6,-1.8,-8.0,-4.4,-5.8,-7.1,0.3,1.5,0.5,0.7,1.2,31832.0,10.5,535.0,-1.9,-0.7,0.079,5807.0,1.4,2.0,0.8,0.4,0.018,6.6,3.8,0.78,9.1,7.1,0.0143,40,100,-18,27,139.8,489,-230,259,1.1,0.007338,5150.0,2720.0,922.0,188.0,13.6,2.8,-1,2005-01-16 23:00:00
2005,17,0,2340,51,52,59,36,9.3,9.1,-40.8,250.2,-2.3,-6.5,-6.0,-3.9,-8.0,0.2,1.4,0.5,0.8,1.0,19997.0,6.3,530.0,-3.0,-1.0,0.101,5230.0,1.7,4.0,0.5,0.8,0.017,4.15,4.24,0.45,7.2,6.1,0.0233,50,98,-36,48,133.1,940,-404,535,7.1,0.007443,6180.0,3120.0,1020.0,200.0,13.3,2.64,-1,2005-01-17 00:00:00
2005,17,1,2340,51,52,57,32,8.8,8.6,-60.1,247.4,-1.6,-3.9,-7.4,-1.1,-8.3,0.2,2.1,1.2,1.5,0.9,30113.0,7.9,516.0,-1.5,-1.1,0.108,54770.0,2.3,10.0,1.0,0.4,0.025,5.03,4.28,0.67,8.2,6.6,0.0175,50,98,-48,48,133.1,878,-554,324,9.6,0.007443,7240.0,3500.0,1090.0,204.0,12.8,2.57,-1,2005-01-17 01:00:00
2005,17,2,2340,51,52,60,33,6.9,6.5,-81.0,252.6,-0.3,-1.0,-6.4,1.0,-6.4,1.2,2.5,1.8,1.1,1.3,33661.0,7.6,503.0,0.7,-1.6,0.09,7851.0,1.1,4.0,0.4,0.6,0.019,4.37,3.22,1.08,10.0,7.2,0.0118,50,98,-63,48,133.1,788,-468,320,9.4,0.007443,9340.0,4530.0,1350.0,225.0,12.8,2.56,-1,2005-01-17 02:00:00
2005,17,3,2340,51,52,63,38,6.4,5.5,-44.4,212.0,-3.3,-2.1,-3.8,-1.0,-4.2,0.4,3.3,2.3,1.6,1.8,46195.0,6.6,508.0,0.3,-1.3,0.062,8544.0,0.8,6.0,0.8,0.8,0.01,3.55,2.13,1.17,10.2,7.2,0.0114,43,98,-65,32,133.1,701,-392,309,8.4,0.007443,8970.0,4230.0,1260.0,212.0,11.9,2.44,-1,2005-01-17 03:00:00
2005,17,4,2340,51,52,59,37,7.4,7.3,-14.2,205.5,-6.4,-3.0,-1.8,-2.5,-2.4,0.2,1.3,0.3,0.8,1.0,41147.0,3.8,524.0,-1.7,0.5,0.069,7544.0,0.4,4.0,0.8,0.5,0.006,2.22,1.26,0.49,6.9,5.8,0.025,43,98,-59,32,133.1,514,-253,261,4.8,0.007443,999999.99,99999.99,99999.99,99999.99,99999.99,99999.99,0,2005-01-17 04:00:00
2005,17,5,2340,51,52,59,36,7.1,7.0,3.9,207.6,-6.2,-3.2,0.5,-3.2,0.0,0.2,0.9,0.2,0.3,0.9,47725.0,4.1,505.0,0.5,-0.1,0.042,9840.0,0.3,4.0,1.2,0.7,0.009,2.04,-0.0,0.6,7.2,5.9,0.0229,43,98,-52,32,133.1,284,-66,218,2.6,0.007443,999999.99,99999.99,99999.99,99999.99,99999.99,99999.99,0,2005-01-17 05:00:00
2005,17,6,2340,51,52,58,37,6.8,5.8,3.6,202.5,-5.3,-2.2,0.4,-2.2,0.1,0.7,3.6,2.0,2.1,2.1,46298.0,4.0,506.0,1.0,-0.1,0.047,15904.0,0.8,9.0,0.7,0.7,0.012,2.03,-0.05,0.63,7.4,6.0,0.0215,40,98,-48,27,133.1,197,-52,146,1.9,0.007443,999999.99,99999.99,99999.99,99999.99,99999.99,99999.99,0,2005-01-17 06:00:00
2005,17,7,2340,51,52,60,33,6.2,6.0,20.7,213.0,-4.7,-3.0,2.1,-3.1,1.9,0.9,1.7,1.2,1.0,0.7,63556.0,4.4,508.0,1.5,0.1,0.052,30759.0,0.7,7.0,1.0,1.2,0.014,2.29,-0.97,0.91,8.6,6.4,0.0161,40,98,-43,27,133.1,163,-23,140,1.6,0.007443,999999.99,99999.99,99999.99,99999.99,99999.99,99999.99,0,2005-01-17 07:00:00
2005,17,8,2340,51,52,74,45,8.1,4.7,-31.7,138.9,-3.0,2.6,-2.5,2.7,-2.4,2.3,6.6,3.6,3.7,4.1,251975.0,7.7,590.0,0.7,3.7,0.078,102251.0,1.9,44.0,2.7,2.0,0.018,5.87,1.42,1.86,10.1,6.3,0.0116,40,98,-34,27,133.1,535,-276,259,4.6,0.007443,999999.99,99999.99,99999.99,99999.99,99999.99,99999.99,0,2005-01-17 08:00:00
2005,17,9,2340,51,52,62,38,12.5,10.2,7.3,71.6,3.2,9.6,1.3,9.6,1.4,1.9,7.2,3.2,3.8,5.2,288550.0,6.6,656.0,-2.9,2.4,0.081,107302.0,1.6,18.0,2.3,2.5,0.019,6.28,-0.92,0.73,6.7,5.3,0.0262,60,98,-34,80,133.1,471,-254,217,6.7,0.007443,999999.99,99999.99,99999.99,99999.99,99999.99,99999.99,0,2005-01-17 09:00:00
2005,17,10,2340,51,52,56,34,13.0,12.2,-32.7,126.4,-6.1,8.2,-6.6,8.2,-6.6,1.2,4.4,2.8,2.1,2.7,502720.0,4.4,624.0,0.2,8.0,0.085,200048.0,1.5,17.0,1.8,3.8,0.022,3.83,4.12,0.68,5.0,4.0,0.0469,60,98,-37,80,133.1,929,-554,375,9.1,0.007443,999999.99,99999.99,99999.99,99999.99,99999.99,99999.99,0,2005-01-17 10:00:00
2005,17,11,2340,51,52,68,40,19.6,17.6,-16.3,122.4,-9.0,14.3,-5.0,14.3,-4.9,3.3,8.8,4.7,4.8,5.6,761072.0,6.7,683.0,-5.5,8.1,0.121,173204.0,2.0,53.0,2.0,3.3,0.032,7.75,3.35,0.65,4.5,3.6,0.0585,60,98,-41,80,133.1,1545,-1061,484,11.7,0.007443,999999.99,99999.99,99999.99,99999.99,99999.99,99999.99,0,2005-01-17 11:00:00
2005,17,12,2340,51,52,63,38,31.0,29.3,2.8,98.1,-4.1,29.0,1.4,29.0,2.2,4.6,10.1,4.4,5.1,7.5,1015468.0,12.7,776.0,-4.8,3.5,0.034,171055.0,1.9,26.0,1.1,3.3,0.011,14.51,-1.71,0.63,4.5,3.6,0.0598,63,98,-31,94,133.1,1240,-870,371,18.4,0.007443,999999.99,99999.99,99999.99,99999.99,99999.99,99999.99,0,2005-01-17 12:00:00
2005,17,13,2340,51,52,58,37,36.8,33.7,33.2,119.4,-13.8,24.6,18.5,23.6,19.8,2.6,14.7,5.0,9.7,9.8,1247044.0,11.2,788.0,-1.2,-2.7,0.081,117265.0,1.5,21.0,2.4,2.6,0.03,15.38,-15.6,0.47,3.6,3.0,0.0926,63,98,-30,94,133.1,827,-584,243,11.9,0.007443,999999.99,99999.99,99999.99,99999.99,99999.99,99999.99,0,2005-01-17 13:00:00
2005,17,14,2340,51,52,58,34,27.5,24.2,63.3,158.6,-10.1,4.0,21.6,2.1,21.9,2.4,12.9,3.8,11.5,4.2,476444.0,27.6,756.0,-0.4,-9.3,0.086,188699.0,10.3,12.0,1.5,2.6,0.018,35.41,-16.56,0.92,7.2,5.4,0.0228,63,98,-4,94,133.1,357,-233,123,4.9,0.007443,999999.99,99999.99,99999.99,99999.99,99999.99,99999.99,0,2005-01-17 14:00:00
2005,17,15,2340,51,52,58,33,27.5,19.5,-12.6,99.6,-3.2,18.8,-4.3,19.2,-1.8,2.4,19.2,5.2,15.5,10.0,398615.0,37.4,721.0,0.1,-9.8,0.035,49258.0,5.1,16.0,0.9,1.2,0.014,37.01,1.3,1.08,8.0,5.8,0.0185,63,98,-4,94,133.1,634,-299,335,7.8,0.007443,999999.99,99999.99,99999.99,99999.99,99999.99,99999.99,0,2005-01-17 15:00:00
2005,17,16,2340,51,52,58,35,10.0,6.3,-4.8,138.7,-4.7,4.2,-0.5,4.2,0.2,3.8,8.2,3.3,6.5,3.8,327652.0,54.4,695.0,1.0,-8.1,0.073,25072.0,2.6,11.0,0.3,0.5,0.007,56.7,-0.14,10.32,25.6,8.1,0.0018,63,98,-36,94,133.1,1050,-644,405,5.8,0.007443,8580.0,5390.0,3710.0,2540.0,777.0,255.0,-1,2005-01-17 16:00:00
2005,17,17,2340,51,52,59,37,12.3,10.3,1.2,214.9,-8.4,-5.9,0.2,-5.8,-1.1,0.9,6.6,1.9,5.1,3.6,339024.0,44.5,663.0,0.1,-7.9,0.08,27283.0,3.9,8.0,0.5,0.3,0.006,43.12,0.73,5.72,18.0,7.4,0.0037,63,98,-52,94,133.1,1645,-1175,471,8.5,0.007443,8640.0,5690.0,3960.0,2670.0,780.0,255.0,-1,2005-01-17 17:00:00
2005,17,18,2340,51,52,60,37,13.7,7.3,56.3,135.8,-2.9,2.8,6.0,1.1,6.5,2.2,11.7,9.0,6.2,4.0,320281.0,32.4,657.0,-0.6,-7.7,0.082,37405.0,2.6,5.0,0.3,0.5,0.007,31.02,-4.27,3.22,13.6,7.0,0.0064,50,98,-45,48,133.1,857,-519,338,3.4,0.007443,7930.0,5150.0,3560.0,2330.0,667.0,222.0,-1,2005-01-17 18:00:00
2005,17,19,2340,51,52,58,32,15.1,14.6,20.6,39.4,10.5,8.7,5.1,6.7,7.5,3.9,5.5,3.1,3.2,3.2,257493.0,29.1,658.0,0.4,-8.2,0.112,26145.0,4.9,8.0,0.5,0.5,0.014,30.47,-4.93,2.05,11.8,7.1,0.0086,50,98,-31,48,133.1,520,-295,226,3.9,0.007443,7330.0,4940.0,3310.0,2080.0,574.0,198.0,-1,2005-01-17 19:00:00
2005,17,20,2340,51,52,60,34,17.3,16.7,52.5,24.7,9.2,4.2,13.2,-0.5,13.8,2.4,4.9,2.4,3.5,2.4,230326.0,25.5,633.0,-0.0,-7.0,0.11,30588.0,3.6,5.0,0.6,0.5,0.024,24.57,-8.74,1.27,9.2,6.4,0.0139,50,98,-33,48,133.1,213,-119,94,-0.6,0.007443,6640.0,4540.0,3140.0,2000.0,540.0,187.0,-1,2005-01-17 20:00:00
2005,17,21,2340,51,52,58,34,17.4,17.1,45.1,65.4,5.0,11.0,12.1,5.8,15.3,0.7,3.0,1.5,1.8,1.9,254645.0,20.5,623.0,0.8,-8.6,0.11,29968.0,3.0,11.0,0.7,0.5,0.006,19.13,-9.53,1.08,8.1,5.8,0.0181,47,98,-28,39,133.1,139,-21,118,-1.4,0.007443,6770.0,4820.0,3370.0,2110.0,543.0,187.0,-1,2005-01-17 21:00:00
2005,17,22,2340,51,52,60,34,15.2,14.6,57.5,65.9,3.2,7.2,12.3,2.0,14.1,2.1,4.2,2.0,2.1,3.0,260676.0,20.6,609.0,0.3,-8.5,0.118,36569.0,2.5,7.0,0.9,1.0,0.017,18.78,-8.59,1.44,9.1,6.1,0.0144,47,98,-24,39,133.1,116,-26,90,-1.6,0.007443,6280.0,4530.0,3170.0,1980.0,513.0,178.0,-1,2005-01-17 22:00:00
2005,17,23,2340,51,52,58,30,12.2,4.9,69.7,40.8,1.3,1.1,4.6,-0.7,4.7,3.6,11.6,2.7,5.7,9.7,197139.0,25.9,598.0,1.8,-8.2,0.132,46037.0,3.9,4.0,0.7,0.7,0.016,23.63,-2.81,2.36,12.5,7.2,0.0076,47,98,-18,39,133.1,163,-71,92,-0.2,0.007443,5300.0,3810.0,2620.0,1630.0,442.0,156.0,-1,2005-01-17 23:00:00
2005,18,0,2340,51,52,60,30,21.3,21.2,-56.1,119.5,-5.8,10.3,-17.6,16.1,-12.5,2.0,3.1,1.0,2.3,1.8,213478.0,4.0,574.0,-0.9,-6.6,0.04,75913.0,2.0,9.0,1.8,1.7,0.018,2.55,7.17,0.13,2.7,2.6,0.1638,70,94,-66,132,120.3,708,-441,268,7.0,0.007459,4210.0,3050.0,2210.0,1440.0,394.0,137.0,-1,2005-01-18 00:00:00
2005,18,1,2340,51,52,59,33,14.3,12.1,-59.2,114.4,-2.6,5.6,-10.4,8.9,-7.8,6.1,9.8,2.8,6.9,6.3,153051.0,18.4,571.0,-0.5,-6.4,0.033,20384.0,13.2,9.0,0.9,1.1,0.01,11.34,4.45,1.05,8.6,6.2,0.0162,70,94,-70,132,120.3,1192,-821,371,10.4,0.007459,4900.0,3660.0,2630.0,1650.0,411.0,139.0,-1,2005-01-18 01:00:00
2005,18,2,2340,51,52,60,35,10.6,5.5,27.1,295.9,2.1,-4.4,2.5,-5.0,1.0,3.3,9.5,2.4,6.2,6.7,173519.0,18.3,560.0,-1.4,-5.8,0.038,57445.0,7.6,6.0,1.2,2.1,0.014,11.04,-0.56,2.05,11.3,6.8,0.0093,70,94,-62,132,120.3,1007,-804,203,1.8,0.007459,5320.0,4040.0,2770.0,1640.0,376.0,130.0,-1,2005-01-18 02:00:00
2005,18,3,2340,51,52,60,37,16.4,13.8,-61.3,115.4,-2.8,6.0,-12.1,9.1,-10.0,4.5,9.8,2.6,5.2,7.9,192814.0,4.9,571.0,-2.0,-1.1,0.036,106851.0,6.1,7.0,1.7,2.3,0.011,3.05,5.71,0.24,3.9,3.5,0.0801,57,94,-63,67,120.3,524,-321,204,0.4,0.007459,6560.0,4800.0,3150.0,1630.0,352.0,125.0,-1,2005-01-18 03:00:00
2005,18,4,2340,51,52,55,11,13.8,4.4,-2.9,141.1,-3.4,2.7,-0.2,2.7,0.4,1.9,13.1,2.6,5.0,11.9,386382.0,1.4,545.0,-3.4,-2.7,0.096,472016.0,0.6,13.0,1.8,1.3,0.036,0.96,-0.22,0.16,2.3,2.2,0.2179,57,94,-74,67,120.3,921,-526,395,12.1,0.007459,12600.0,8340.0,4520.0,2060.0,372.0,128.0,-1,2005-01-18 04:00:00
2005,18,5,2340,51,52,59,20,15.3,15.0,73.6,250.0,-1.4,-4.0,14.4,-6.4,13.5,1.0,2.9,1.3,2.4,1.1,653288.0,1.0,521.0,-13.5,2.7,0.256,360791.0,0.2,10.0,3.3,3.0,0.047,0.92,-7.03,0.14,1.7,1.6,0.4103,57,94,-67,67,120.3,237,-151,86,-0.0,0.007459,12600.0,8820.0,5020.0,2290.0,399.0,139.0,-1,2005-01-18 05:00:00
2005,18,6,2340,51,52,77,11,19.7,9.4,-11.0,109.7,-3.1,8.7,-1.8,8.9,-0.7,4.2,17.3,8.7,7.7,12.8,2084757.0,0.9,556.0,-11.5,7.3,0.201,680164.0,0.2,71.0,8.3,3.4,0.074,0.84,0.39,0.21,1.3,1.2,0.6636,77,94,-55,179,120.3,489,-221,269,4.6,0.007459,17500.0,11600.0,6740.0,3290.0,573.0,181.0,-1,2005-01-18 06:00:00
2005,18,7,2340,51,52,61,1,21.2,19.1,-71.0,111.5,-2.3,5.8,-18.1,7.2,-17.6,3.1,8.7,6.9,4.3,3.0,3192106.0,0.8,1154.0,7.7,-8.0,9.999,0.0,0.0,0.0,0.0,0.0,9.999,2.13,20.31,0.25,2.4,2.2,0.2007,77,94,-82,179,120.3,1226,-1061,165,14.1,0.007459,999999.99,99999.99,99999.99,99999.99,99999.99,99999.99,0,2005-01-18 07:00:00
2005,18,8,2340,51,99,62,999,15.0,7.7,-26.2,259.1,-1.3,-6.7,-3.4,-6.5,-3.7,4.7,13.1,5.9,9.2,7.3,9999999.0,999.9,9999.0,999.9,999.9,9.999,9999999.0,999.9,9999.0,999.9,999.9,9.999,99.99,999.99,999.99,999.9,99.9,9.9999,77,94,-103,179,120.3,1300,-1108,192,-2.8,0.007459,999999.99,99999.99,99999.99,99999.99,99999.99,99999.99,0,2005-01-18 08:00:00
2005,18,9,2340,51,52,61,1,13.7,5.7,12.1,358.3,5.5,-0.2,1.2,-0.2,1.2,2.0,12.3,3.4,9.3,7.3,5025084.0,1.0,973.0,18.8,-8.5,9.999,0.0,0.0,0.0,0.0,0.0,9.999,1.89,-1.17,1.14,3.6,2.5,0.0943,57,94,-86,67,120.3,917,-575,342,5.3,0.007459,999999.99,99999.99,99999.99,99999.99,99999.99,99999.99,0,2005-01-18 09:00:00
2005,18,10,2340,51,99,61,999,15.9,9.9,23.7,172.3,-9.0,1.2,4.0,1.1,4.0,1.7,12.5,5.6,11.0,1.9,9999999.0,999.9,9999.0,999.9,999.9,9.999,9999999.0,999.9,9999.0,999.9,999.9,9.999,99.99,999.99,999.99,999.9,99.9,9.9999,57,94,-78,67,120.3,554,-396,158,-1.3,0.007459,999999.99,99999.99,99999.99,99999.99,99999.99,99999.99,0,2005-01-18 10:00:00
2005,18,11,2340,51,52,61,7,15.4,15.1,0.5,134.5,-10.6,10.8,0.1,10.8,0.3,0.9,3.1,1.6,2.1,1.7,1759415.0,1.2,1008.0,31.1,-5.5,9.999,114612.0,0.2,16.0,1.2,1.6,9.999,2.44,-0.3,0.4,3.6,3.1,0.0925,57,94,-67,67,120.3,325,-86,240,-1.1,0.007459,999999.99,99999.99,99999.99,99999.99,99999.99,99999.99,0,2005-01-18 11:00:00
2005,18,12,2340,51,52,61,7,14.7,12.1,1.1,104.3,-3.0,11.8,0.2,11.8,0.6,2.6,8.3,3.3,3.5,6.7,1719616.0,2.1,1032.0,33.8,-2.0,9.999,360475.0,0.3,29.0,1.7,3.3,9.999,4.47,-0.62,0.75,5.1,4.0,0.046,53,94,-61,56,120.3,485,-319,166,4.5,0.007459,999999.99,99999.99,99999.99,99999.99,99999.99,99999.99,0,2005-01-18 12:00:00
2005,18,13,2340,51,52,59,4,13.3,12.6,-31.1,92.9,-0.6,10.8,-6.5,11.2,-5.8,1.7,4.4,1.6,1.5,3.8,6632456.0,0.7,864.0,9.1,-2.1,9.999,16025.0,0.0,18.0,0.9,4.5,9.999,1.05,5.01,1.11,2.7,1.9,0.1611,53,94,-72,56,120.3,1299,-1036,264,8.6,0.007459,999999.99,99999.99,99999.99,99999.99,99999.99,99999.99,0,2005-01-18 13:00:00
2005,18,14,2340,51,52,58,6,12.2,11.8,-28.1,90.6,-0.1,10.4,-5.5,10.9,-4.5,0.7,3.2,2.2,0.8,2.2,6513329.0,0.8,794.0,6.4,-5.9,9.999,985110.0,0.3,43.0,1.8,1.7,9.999,1.01,3.57,1.49,2.9,1.9,0.1404,53,94,-76,56,120.3,1476,-1099,377,9.3,0.007459,999999.99,99999.99,99999.99,99999.99,99999.99,99999.99,0,2005-01-18 14:00:00
2005,18,15,2340,51,52,58,12,12.7,7.9,4.9,128.0,-4.8,6.2,0.7,6.0,1.5,3.1,10.1,3.7,8.0,5.1,131776.0,2.1,747.0,-1.7,-9.1,0.117,52806.0,0.5,19.0,2.7,1.4,0.024,2.87,-1.12,0.14,4.3,4.0,0.0655,53,94,-67,56,120.3,1282,-994,288,8.3,0.007459,999999.99,99999.99,99999.99,99999.99,99999.99,99999.99,0,2005-01-18 15:00:00
2005,18,16,2340,51,52,61,2,10.0,9.3,11.1,127.2,-5.5,7.2,1.8,6.8,3.1,1.3,3.5,1.5,2.0,2.4,67491.0,1.9,769.0,-2.8,-12.1,0.181,0.0,0.5,39.0,0.1,1.0,0.0,3.23,-2.38,0.15,5.3,5.0,0.0423,53,94,-61,56,120.3,432,-311,121,1.6,0.007459,4930.0,2510.0,1180.0,550.0,131.0,53.3,-1,2005-01-18 16:00:00
2005,18,17,2340,51,52,58,7,8.3,4.8,-3.4,133.6,-3.3,3.5,-0.3,3.5,0.5,2.1,6.9,2.5,4.9,4.1,198599.0,2.1,763.0,-5.2,-11.3,0.137,122593.0,0.4,18.0,2.0,1.0,0.032,3.16,-0.38,0.41,6.7,5.7,0.0268,53,94,-56,56,120.3,391,-247,144,1.0,0.007459,4360.0,2300.0,1100.0,527.0,130.0,53.2,-1,2005-01-18 17:00:00
2005,18,18,2340,51,52,56,27,10.5,9.9,8.7,143.1,-7.8,5.9,1.5,5.3,3.1,0.8,3.5,1.3,1.7,2.8,218003.0,2.1,699.0,-4.8,-9.3,0.125,578327.0,0.4,24.0,1.0,2.0,0.02,2.57,-2.17,0.27,4.8,4.3,0.0511,50,94,-50,48,120.3,479,-348,131,0.3,0.007459,4460.0,2280.0,1090.0,508.0,120.0,48.3,-1,2005-01-18 18:00:00
2005,18,19,2340,51,52,67,34,14.1,11.5,-13.3,119.3,-5.5,9.8,-2.6,10.1,0.6,2.0,7.6,4.3,3.8,4.9,340891.0,5.6,797.0,-8.2,-4.4,0.184,193255.0,1.7,41.0,1.6,1.9,0.066,10.31,-0.48,0.55,6.7,5.5,0.0266,50,94,-27,48,120.3,607,-464,143,5.2,0.007459,3570.0,1910.0,951.0,464.0,113.0,44.9,-1,2005-01-18 19:00:00
2005,18,20,2340,51,52,62,33,13.1,7.0,-4.2,110.9,-2.5,6.5,-0.5,6.3,1.8,3.0,11.1,6.0,6.5,6.8,631583.0,3.9,821.0,-4.1,-2.9,0.162,380943.0,1.3,38.0,2.3,4.7,0.065,7.23,-1.48,0.72,6.2,4.9,0.0311,50,94,-42,48,120.3,700,-526,174,3.8,0.007459,3330.0,1730.0,847.0,424.0,105.0,40.7,-1,2005-01-18 20:00:00
2005,18,21,2340,51,52,60,29,10.4,4.5,-65.5,257.1,-0.4,-1.8,-4.1,-0.2,-4.5,1.8,9.3,3.6,8.0,3.1,821304.0,2.7,849.0,-2.1,-0.1,0.128,256592.0,0.6,52.0,4.6,2.2,0.04,4.91,3.82,0.99,6.7,4.9,0.0264,57,94,-53,67,120.3,1040,-722,318,7.0,0.007459,2410.0,1270.0,680.0,363.0,93.3,36.2,-1,2005-01-18 21:00:00
2005,18,22,2340,51,52,66,29,15.3,9.7,19.5,268.0,-0.3,-9.2,3.2,-9.7,-0.6,0.9,11.7,5.4,9.4,4.5,1068923.0,1.6,908.0,0.2,-1.5,0.08,158603.0,0.3,60.0,3.0,3.5,0.026,2.91,0.54,0.34,3.8,3.3,0.0844,57,94,-67,67,120.3,834,-637,197,4.2,0.007459,2030.0,1100.0,586.0,308.0,77.4,30.5,-1,2005-01-18 22:00:00
2005,18,23,2340,51,52,58,35,17.5,17.3,8.8,147.4,-14.4,9.2,2.7,7.4,6.1,0.3,2.5,1.0,1.4,1.9,571907.0,1.8,997.0,-3.4,0.7,0.03,134209.0,0.3,14.0,1.2,1.0,0.0,3.35,-6.08,0.17,3.8,3.6,0.0814,57,94,-60,67,120.3,358,-144,213,1.2,0.007459,1140.0,661.0,336.0,152.0,33.3,15.7,-1,2005-01-18 23:00:00
2005,19,0,2340,51,52,58,34,16.0,15.4,-3.8,134.7,-10.8,10.9,-1.0,10.5,3.2,0.6,4.1,3.4,1.5,1.8,462682.0,1.8,996.0,-2.6,0.1,0.03,130044.0,0.3,35.0,0.9,1.3,0.0,3.34,-3.19,0.17,4.2,3.9,0.0682,63,69,-52,94,128.3,437,-287,149,2.8,0.0075,1320.0,744.0,374.0,168.0,36.4,16.4,-1,2005-01-19 00:00:00
2005,19,1,2340,51,52,60,36,16.1,15.9,-25.0,90.2,-0.1,14.4,-6.7,15.8,-1.1,0.4,2.7,2.4,0.9,1.0,130878.0,1.9,955.0,-1.9,-0.3,9.999,51864.0,0.4,23.0,0.8,0.7,9.999,3.47,1.05,0.08,4.1,4.0,0.0712,63,69,-51,94,128.3,906,-666,240,5.0,0.0075,1300.0,748.0,362.0,151.0,30.0,13.9,-1,2005-01-19 01:00:00
2005,19,2,2340,51,52,61,37,15.8,15.6,-23.4,93.4,-0.8,14.3,-6.2,15.5,-1.2,0.3,2.2,1.8,0.6,1.1,84369.0,2.4,971.0,-0.7,0.1,9.999,40731.0,0.4,23.0,0.5,0.7,9.999,4.53,1.17,0.09,4.8,4.6,0.0525,63,69,-55,94,128.3,1220,-1027,193,6.3,0.0075,1060.0,632.0,309.0,121.0,22.9,11.3,-1,2005-01-19 02:00:00
2005,19,3,2340,51,52,61,34,15.4,14.8,-12.9,118.8,-7.0,12.7,-3.3,13.1,0.4,0.3,4.0,3.1,1.2,2.2,30845.0,2.5,989.0,0.1,1.2,9.999,10469.0,0.4,7.0,0.3,0.6,9.999,4.89,-0.4,0.07,5.1,4.9,0.0461,60,69,-60,80,128.3,1307,-1165,142,7.1,0.0075,834.0,508.0,247.0,96.5,18.5,9.45,-1,2005-01-19 03:00:00
2005,19,4,2340,51,52,59,34,15.3,15.3,-12.2,126.1,-8.8,12.1,-3.2,12.5,-0.3,0.3,1.1,0.4,0.5,1.0,14628.0,4.7,976.0,0.3,1.6,9.999,3267.0,1.4,10.0,0.3,0.5,9.999,8.95,0.29,0.12,6.9,6.6,0.0249,60,69,-51,80,128.3,1130,-989,141,10.0,0.0075,826.0,501.0,242.0,92.7,17.3,8.92,-1,2005-01-19 04:00:00
2005,19,5,2340,51,52,59,36,17.3,17.2,-5.5,130.7,-11.2,13.0,-1.6,13.1,0.8,0.9,1.6,1.1,1.0,0.7,14221.0,5.2,951.0,0.4,1.5,9.999,2043.0,1.1,12.0,0.4,0.5,9.999,9.41,-0.76,0.1,6.3,6.0,0.0303,60,69,-57,80,128.3,1027,-890,137,1.5,0.0075,788.0,480.0,239.0,95.2,17.9,8.84,-1,2005-01-19 05:00:00
2005,19,6,2340,51,52,59,35,17.5,17.4,2.2,141.1,-13.6,10.9,0.7,10.7,2.1,0.3,0.9,0.4,0.6,0.6,16730.0,4.1,919.0,1.6,0.3,9.999,5566.0,0.9,7.0,0.3,0.3,9.999,6.93,-1.93,0.08,5.3,5.1,0.0421,67,69,-66,111,128.3,774,-604,170,3.8,0.0075,798.0,477.0,228.0,91.6,17.1,8.35,-1,2005-01-19 06:00:00
2005,19,7,2340,51,52,59,30,16.6,16.5,-2.7,141.2,-12.9,10.3,-0.8,10.3,0.1,0.3,1.1,0.4,0.7,0.7,11830.0,3.5,896.0,2.3,-0.6,0.097,1017.0,0.2,7.0,0.2,0.4,0.005,6.51,-0.09,0.07,5.0,4.9,0.0467,67,69,-62,111,128.3,741,-537,203,11.3,0.0075,733.0,446.0,221.0,92.2,17.6,8.29,-1,2005-01-19 07:00:00
2005,19,8,2340,51,52,59,38,15.0,14.9,-17.3,142.6,-11.3,8.6,-4.4,8.8,-4.0,0.6,2.0,1.0,1.0,1.4,27560.0,2.2,865.0,2.6,-2.4,0.126,41863.0,0.8,16.0,1.0,0.5,0.046,4.13,3.46,0.06,4.3,4.2,0.065,67,69,-53,111,128.3,1014,-761,253,11.6,0.0075,635.0,396.0,205.0,88.9,17.8,8.23,-1,2005-01-19 08:00:00
2005,19,9,2340,51,52,60,38,13.6,13.5,-21.0,147.5,-10.6,6.8,-4.8,6.9,-4.6,0.2,1.4,0.5,0.6,1.2,37410.0,1.6,849.0,2.6,-2.6,0.156,6985.0,0.3,4.0,0.4,0.8,0.02,3.13,3.91,0.06,3.9,3.9,0.0763,60,69,-70,80,128.3,1301,-1065,235,10.7,0.0075,575.0,365.0,191.0,82.9,16.9,7.78,-1,2005-01-19 09:00:00
2005,19,10,2340,51,52,60,38,12.8,12.8,-16.7,155.4,-11.1,5.1,-3.7,5.2,-3.6,0.1,1.0,0.3,0.8,0.5,76113.0,0.9,848.0,2.1,-0.5,0.114,78757.0,0.3,14.0,0.7,0.8,0.046,1.57,3.05,0.05,3.1,3.1,0.1204,60,69,-80,80,128.3,1267,-1039,228,6.9,0.0075,999999.99,99999.99,99999.99,99999.99,99999.99,99999.99,0,2005-01-19 10:00:00
2005,19,11,2340,51,52,60,36,12.8,12.6,-22.5,150.3,-10.1,5.8,-4.8,5.9,-4.7,0.1,1.7,0.9,1.1,1.0,47417.0,1.1,837.0,2.0,0.2,0.137,32308.0,0.2,9.0,1.1,0.5,0.036,1.99,3.93,0.05,3.4,3.4,0.1012,60,69,-71,80,128.3,2136,-1860,276,10.1,0.0075,999999.99,99999.99,99999.99,99999.99,99999.99,99999.99,0,2005-01-19 11:00:00
2005,19,12,2340,51,52,60,38,12.3,12.3,-18.8,153.9,-10.4,5.1,-3.9,5.2,-3.7,0.3,1.2,0.3,0.6,1.0,38305.0,1.0,831.0,0.7,1.4,0.139,8943.0,0.1,6.0,0.8,0.5,0.008,1.79,3.07,0.05,3.4,3.3,0.1042,53,69,-75,56,128.3,1423,-1184,240,8.6,0.0075,999999.99,99999.99,99999.99,99999.99,99999.99,99999.99,0,2005-01-19 12:00:00
2005,19,13,2340,51,52,58,36,11.7,11.5,-6.3,157.9,-10.6,4.3,-1.3,4.4,-1.0,0.2,1.7,0.2,0.4,1.7,42133.0,0.8,811.0,1.5,1.7,0.141,13832.0,0.1,12.0,0.6,0.7,0.015,1.37,0.81,0.04,3.1,3.0,0.1238,53,69,-75,56,128.3,1032,-830,202,7.0,0.0075,999999.99,99999.99,99999.99,99999.99,99999.99,99999.99,0,2005-01-19 13:00:00
2005,19,14,2340,51,52,59,36,11.6,11.6,-4.0,156.0,-10.5,4.7,-0.8,4.8,-0.3,0.3,1.2,0.3,0.8,0.8,40550.0,0.7,791.0,-0.4,-0.4,0.134,8567.0,0.1,11.0,1.0,1.3,0.01,1.12,0.24,0.04,2.9,2.8,0.1462,53,69,-80,56,128.3,827,-610,217,5.7,0.0075,999999.99,99999.99,99999.99,99999.99,99999.99,99999.99,0,2005-01-19 14:00:00
2005,19,15,2340,51,52,60,34,10.9,10.8,-11.2,160.6,-10.0,3.5,-2.1,3.8,-1.6,0.2,1.5,0.4,0.9,1.2,35980.0,0.9,771.0,1.0,-0.0,0.13,33645.0,0.1,4.0,1.2,1.0,0.023,1.36,1.23,0.05,3.4,3.3,0.1057,40,69,-79,27,128.3,571,-405,166,4.7,0.0075,999999.99,99999.99,99999.99,99999.99,99999.99,99999.99,0,2005-01-19 15:00:00
2005,19,16,2340,51,52,59,33,10.0,10.0,-10.9,161.5,-9.3,3.1,-1.9,3.4,-1.3,0.2,1.2,0.2,0.7,1.0,23404.0,0.7,756.0,-0.1,-0.4,0.126,4993.0,0.1,6.0,0.8,0.8,0.02,1.0,0.98,0.04,3.2,3.1,0.1189,40,69,-78,27,128.3,788,-613,176,3.1,0.0075,999999.99,99999.99,99999.99,99999.99,99999.99,99999.99,0,2005-01-19 16:00:00
2005,19,17,2340,51,52,60,25,9.3,9.1,-4.4,164.8,-8.7,2.4,-0.7,2.5,-0.1,0.3,2.1,0.6,1.7,1.1,124461.0,0.9,749.0,-0.8,-1.3,0.118,485767.0,0.2,7.0,1.3,1.0,0.022,1.24,0.07,0.11,3.8,3.7,0.0815,40,69,-71,27,128.3,517,-404,113,4.0,0.0075,488.0,282.0,148.0,72.1,15.2,6.29,-1,2005-01-19 17:00:00
2005,19,18,2340,51,52,59,22,8.9,8.9,0.6,161.6,-8.4,2.8,0.1,2.7,0.9,0.1,0.8,0.2,0.6,0.5,43005.0,0.8,733.0,-0.2,0.0,0.122,102342.0,0.2,6.0,2.1,0.8,0.011,1.07,-0.66,0.07,3.7,3.6,0.0877,23,69,-66,9,128.3,153,-85,68,0.6,0.0075,491.0,272.0,148.0,72.6,15.5,6.39,-1,2005-01-19 18:00:00
2005,19,19,2340,51,52,61,31,9.4,9.1,-4.7,151.9,-8.0,4.3,-0.7,4.3,0.7,0.2,2.0,0.8,1.1,1.5,72130.0,0.9,749.0,-3.5,-1.2,0.108,255206.0,0.2,16.0,1.2,2.0,0.026,1.21,-0.52,0.08,3.8,3.6,0.0833,23,69,-59,9,128.3,127,-68,59,0.9,0.0075,416.0,248.0,140.0,70.9,15.0,6.03,-1,2005-01-19 19:00:00
2005,19,20,2340,51,52,59,35,9.3,9.1,-8.5,151.8,-7.9,4.3,-1.3,4.5,0.3,0.2,1.9,0.9,1.0,1.4,27078.0,0.7,741.0,-3.9,-0.6,0.101,7890.0,0.1,11.0,0.8,2.0,0.015,0.9,-0.22,0.05,3.3,3.3,0.1071,23,69,-57,9,128.3,169,-124,45,1.0,0.0075,394.0,242.0,138.0,70.6,15.0,5.83,-1,2005-01-19 20:00:00
2005,19,21,2340,51,52,59,35,8.4,8.2,-28.1,159.8,-6.8,2.5,-3.9,3.8,-2.7,0.5,1.6,0.6,1.4,0.4,28764.0,0.6,722.0,-2.3,1.2,0.121,15194.0,0.1,9.0,0.9,0.5,0.017,0.78,1.95,0.06,3.3,3.3,0.1073,37,69,-55,22,128.3,434,-365,69,3.1,0.0075,363.0,239.0,144.0,76.7,16.0,6.0,-1,2005-01-19 21:00:00
2005,19,22,2340,51,52,61,32,8.3,8.1,-30.8,134.6,-4.9,5.0,-4.1,6.2,-1.8,0.4,1.9,1.0,1.5,0.6,53457.0,0.7,745.0,-3.8,3.5,0.109,179573.0,0.1,23.0,1.6,1.4,0.019,0.93,1.34,0.08,3.8,3.6,0.0844,37,69,-55,22,128.3,686,-559,127,4.0,0.0075,335.0,224.0,138.0,74.8,15.2,5.69,-1,2005-01-19 22:00:00
2005,19,23,2340,51,52,58,35,7.9,7.7,2.5,150.7,-6.7,3.8,0.3,3.4,1.8,0.2,1.6,0.5,1.0,1.1,30398.0,0.6,711.0,-3.8,0.9,0.122,10817.0,0.1,11.0,0.8,0.9,0.011,0.75,-1.28,0.06,3.5,3.4,0.0979,37,69,-58,22,128.3,356,-267,89,2.6,0.0075,321.0,214.0,130.0,67.9,13.7,5.24,-1,2005-01-19 23:00:00
2005,20,0,2340,51,52,61,36,7.5,7.5,8.1,142.4,-5.8,4.5,1.0,3.8,2.7,0.1,1.1,0.5,0.6,0.7,49014.0,0.5,724.0,-4.3,2.3,0.116,10118.0,0.1,8.0,0.5,1.0,0.012,0.64,-1.95,0.07,3.4,3.3,0.1021,23,65,-53,9,118.8,151,-58,93,2.2,0.007508,312.0,201.0,120.0,61.7,12.3,4.77,-1,2005-01-20 00:00:00
2005,20,1,2340,51,52,58,32,7.1,7.1,1.7,149.5,-6.1,3.6,0.2,3.3,1.5,0.3,0.6,0.3,0.3,0.4,81419.0,0.4,711.0,-5.7,7.5,0.116,21343.0,0.1,8.0,0.7,1.1,0.021,0.49,-1.07,0.07,3.2,3.1,0.1186,23,65,-48,9,118.8,111,-39,71,2.9,0.007508,296.0,195.0,118.0,60.5,11.9,4.65,-1,2005-01-20 01:00:00
2005,20,2,2340,51,52,62,37,6.8,6.3,12.4,154.0,-5.5,2.7,1.4,2.1,2.2,0.4,2.6,1.7,1.2,1.6,76311.0,0.5,672.0,-6.4,7.3,0.132,16460.0,0.1,29.0,2.4,3.2,0.019,0.58,-1.48,0.09,3.5,3.4,0.0974,23,65,-48,9,118.8,105,-56,49,3.0,0.007508,281.0,190.0,116.0,60.1,11.5,4.37,-1,2005-01-20 02:00:00
2005,20,3,2340,51,52,65,18,4.0,3.0,74.1,107.4,-0.2,0.8,2.9,-0.1,3.0,1.6,2.8,1.6,1.5,1.8,549734.0,0.4,761.0,-0.5,5.2,0.098,329396.0,0.2,54.0,4.6,4.3,0.05,0.54,-2.28,0.71,6.0,4.7,0.0329,20,65,-48,7,118.8,115,-61,54,2.2,0.007508,262.0,176.0,106.0,53.8,10.2,3.93,-1,2005-01-20 03:00:00
2005,20,4,2340,51,52,55,7,3.4,2.9,59.3,137.2,-1.1,1.0,2.5,0.4,2.7,1.0,2.0,1.4,0.8,1.2,872354.0,0.2,766.0,1.9,5.0,9.999,255721.0,0.1,16.0,1.7,1.9,9.999,0.23,-2.07,0.72,5.0,4.0,0.0469,20,65,-50,7,118.8,42,-13,29,-0.2,0.007508,256.0,173.0,105.0,50.5,9.68,3.97,-1,2005-01-20 04:00:00
2005,20,5,2340,51,52,67,11,5.2,4.8,58.2,119.3,-1.2,2.2,4.1,1.4,4.4,0.9,2.0,1.3,0.5,1.4,510990.0,0.3,857.0,0.3,-3.8,0.113,169244.0,0.1,51.0,1.9,2.5,0.084,0.53,-3.77,0.3,4.5,4.0,0.0584,20,65,-48,7,118.8,47,-16,31,1.1,0.007508,256.0,170.0,102.0,51.1,9.48,3.73,-1,2005-01-20 05:00:00
2005,20,6,2340,51,52,58,12,6.0,5.9,71.5,134.7,-1.3,1.3,5.6,0.5,5.7,0.2,0.9,0.7,0.5,0.3,404403.0,0.3,837.0,0.4,-7.3,0.109,196469.0,0.1,27.0,1.3,1.4,0.08,0.5,-4.77,0.18,3.8,3.5,0.0815,20,65,-47,7,118.8,46,-15,32,2.0,0.007508,302.0,220.0,148.0,97.5,53.9,43.2,-1,2005-01-20 06:00:00
2005,20,7,2340,51,52,63,16,6.4,6.2,76.6,61.7,0.7,1.3,6.1,0.7,6.2,0.4,1.3,0.9,0.8,0.4,250852.0,0.3,870.0,1.8,-6.5,0.098,91516.0,0.1,38.0,1.6,1.3,0.044,0.53,-5.39,0.12,3.7,3.5,0.0858,20,65,-43,7,118.8,60,-30,30,1.1,0.007508,1870.0,1780.0,1610.0,1380.0,1170.0,956.0,-1,2005-01-20 07:00:00
2005,20,8,2340,51,99,60,999,5.6,3.6,76.9,97.7,-0.1,0.8,3.5,0.6,3.5,1.5,4.5,3.3,0.9,2.8,9999999.0,999.9,9999.0,999.9,999.9,9.999,9999999.0,999.9,9999.0,999.9,999.9,9.999,99.99,999.99,999.99,999.9,99.9,9.9999,20,65,-40,7,118.8,77,-41,36,1.6,0.007508,2490.0,2400.0,2220.0,1860.0,1210.0,766.0,-1,2005-01-20 08:00:00
2005,20,9,2340,51,99,60,999,5.4,4.2,28.2,163.9,-3.6,1.0,2.0,0.9,2.0,0.4,3.3,2.3,1.4,1.9,9999999.0,999.9,9999.0,999.9,999.9,9.999,9999999.0,999.9,9999.0,999.9,999.9,9.999,99.99,999.99,999.99,999.9,99.9,9.9999,30,65,-41,15,118.8,88,-40,48,1.0,0.007508,2400.0,2290.0,2000.0,1560.0,789.0,431.0,-1,2005-01-20 09:00:00
2005,20,10,2340,51,99,60,999,5.1,4.8,81.8,255.1,-0.2,-0.7,4.8,-0.8,4.8,0.5,1.7,1.2,1.0,0.7,9999999.0,999.9,9999.0,999.9,999.9,9.999,9999999.0,999.9,9999.0,999.9,999.9,9.999,99.99,999.99,999.99,999.9,99.9,9.9999,30,65,-42,15,118.8,85,-33,52,0.5,0.007508,2180.0,2060.0,1810.0,1350.0,608.0,317.0,-1,2005-01-20 10:00:00
2005,20,11,2340,51,99,60,999,5.0,4.7,33.8,147.4,-3.3,2.1,2.6,2.0,2.7,0.3,1.4,0.5,0.6,1.2,9999999.0,999.9,9999.0,999.9,999.9,9.999,9999999.0,999.9,9999.0,999.9,999.9,9.999,99.99,999.99,999.99,999.9,99.9,9.9999,30,65,-36,15,118.8,136,-57,78,1.0,0.007508,2550.0,2410.0,2030.0,1360.0,520.0,257.0,-1,2005-01-20 11:00:00
2005,20,12,2340,51,99,59,999,5.9,5.8,50.6,166.6,-3.6,0.9,4.5,0.7,4.5,0.2,0.8,0.4,0.6,0.4,9999999.0,999.9,9999.0,999.9,999.9,9.999,9999999.0,999.9,9999.0,999.9,999.9,9.999,99.99,999.99,999.99,999.9,99.9,9.9999,40,65,-42,27,118.8,91,-55,36,0.6,0.007508,3070.0,2860.0,2260.0,1320.0,426.0,202.0,-1,2005-01-20 12:00:00
2005,20,13,2340,51,99,60,999,6.1,5.4,-1.0,166.7,-5.3,1.2,-0.1,1.2,0.0,1.0,3.0,1.1,1.0,2.6,9999999.0,999.9,9999.0,999.9,999.9,9.999,9999999.0,999.9,9999.0,999.9,999.9,9.999,99.99,999.99,999.99,999.9,99.9,9.9999,40,65,-37,27,118.8,150,-96,53,3.5,0.007508,2530.0,2350.0,1850.0,1080.0,347.0,159.0,-1,2005-01-20 13:00:00
2005,20,14,2340,51,99,60,999,6.1,6.1,-19.9,165.4,-5.5,1.4,-2.1,1.6,-1.9,0.3,0.6,0.4,0.3,0.4,9999999.0,999.9,9999.0,999.9,999.9,9.999,9999999.0,999.9,9999.0,999.9,999.9,9.999,99.99,999.99,999.99,999.9,99.9,9.9999,40,65,-29,27,118.8,283,-186,97,2.6,0.007508,1860.0,1720.0,1370.0,837.0,282.0,128.0,-1,2005-01-20 14:00:00
2005,20,15,2340,51,99,60,999,6.0,5.9,-24.1,156.4,-4.9,2.2,-2.4,2.5,-2.0,0.3,0.8,0.4,0.3,0.6,9999999.0,999.9,9999.0,999.9,999.9,9.999,9999999.0,999.9,9999.0,999.9,999.9,9.999,99.99,999.99,999.99,999.9,99.9,9.9999,47,65,-37,39,118.8,628,-467,160,3.1,0.007508,999999.99,99999.99,99999.99,99999.99,99999.99,99999.99,0,2005-01-20 15:00:00
2005,20,16,2340,51,99,60,999,5.1,5.1,-15.7,161.1,-4.6,1.6,-1.4,1.8,-1.1,0.2,0.7,0.2,0.4,0.5,9999999.0,999.9,9999.0,999.9,999.9,9.999,9999999.0,999.9,9999.0,999.9,999.9,9.999,99.99,999.99,999.99,999.9,99.9,9.9999,47,65,-41,39,118.8,992,-811,181,6.6,0.007508,999999.99,99999.99,99999.99,99999.99,99999.99,99999.99,0,2005-01-20 16:00:00
2005,20,17,2340,51,99,60,999,4.7,4.6,-13.4,164.5,-4.3,1.2,-1.1,1.4,-0.8,0.2,1.0,0.5,0.6,0.7,9999999.0,999.9,9999.0,999.9,999.9,9.999,9999999.0,999.9,9999.0,999.9,999.9,9.999,99.99,999.99,999.99,999.9,99.9,9.9999,47,65,-43,39,118.8,512,-394,117,3.2,0.007508,1890.0,1630.0,1110.0,602.0,171.0,74.0,-1,2005-01-20 17:00:00
2005,20,18,2340,51,99,60,999,3.2,2.4,-25.9,168.5,-2.2,0.4,-1.1,0.7,-0.9,0.7,2.2,1.8,0.9,0.9,9999999.0,999.9,9999.0,999.9,999.9,9.999,9999999.0,999.9,9999.0,999.9,999.9,9.999,99.99,999.99,999.99,999.9,99.9,9.9999,30,65,-39,15,118.8,301,-209,92,2.5,0.007508,1490.0,1250.0,832.0,450.0,133.0,57.5,-1,2005-01-20 18:00:00
2005,20,19,2340,51,99,60,999,3.1,3.1,-0.5,169.4,-3.0,0.6,0.0,0.6,0.2,0.3,0.6,0.4,0.2,0.5,9999999.0,999.9,9999.0,999.9,999.9,9.999,9999999.0,999.9,9999.0,999.9,999.9,9.999,99.99,999.99,999.99,999.9,99.9,9.9999,30,65,-37,15,118.8,254,-183,70,1.7,0.007508,1520.0,1250.0,801.0,424.0,125.0,55.0,-1,2005-01-20 19:00:00
2005,20,20,2340,51,99,60,999,2.9,2.8,-2.4,189.7,-2.7,-0.5,-0.1,-0.4,-0.3,0.1,0.8,0.3,0.6,0.5,9999999.0,999.9,9999.0,999.9,999.9,9.999,9999999.0,999.9,9999.0,999.9,999.9,9.999,99.99,999.99,999.99,999.9,99.9,9.9999,30,65,-35,15,118.8,139,-80,60,0.4,0.007508,1420.0,1150.0,727.0,377.0,108.0,46.6,-1,2005-01-20 20:00:00
2005,20,21,2340,51,99,60,999,2.7,2.4,-24.8,200.9,-2.0,-0.8,-1.0,-0.4,-1.2,0.3,1.2,0.5,0.9,0.7,9999999.0,999.9,9999.0,999.9,999.9,9.999,9999999.0,999.9,9999.0,999.9,999.9,9.999,99.99,999.99,999.99,999.9,99.9,9.9999,30,65,-32,15,118.8,183,-128,56,0.9,0.007508,1500.0,1170.0,701.0,347.0,94.6,40.8,-1,2005-01-20 21:00:00
2005,20,22,2340,51,99,60,999,3.0,2.2,-2.2,270.6,0.0,-2.2,-0.1,-2.0,-1.0,0.2,2.0,1.6,0.6,1.1,9999999.0,999.9,9999.0,999.9,999.9,9.999,9999999.0,999.9,9999.0,999.9,999.9,9.999,99.99,999.99,999.99,999.9,99.9,9.9999,30,65,-33,15,118.8,355,-300,54,1.8,0.007508,1670.0,1240.0,704.0,331.0,86.6,37.0,-1,2005-01-20 22:00:00
2005,20,23,2340,51,99,60,999,3.4,2.8,-3.1,312.8,1.9,-2.1,-0.2,-1.8,-1.0,0.1,1.8,1.3,1.0,0.9,9999999.0,999.9,9999.0,999.9,999.9,9.999,9999999.0,999.9,9999.0,999.9,999.9,9.999,99.99,999.99,999.99,999.9,99.9,9.9999,30,65,-32,15,118.8,283,-207,75,1.4,0.007508,1940.0,1380.0,730.0,313.0,77.2,32.9,-1,2005-01-20 23:00:00
2005,21,0,2340,51,99,59,999,3.7,3.5,19.0,280.5,0.6,-3.2,1.1,-3.4,-0.2,0.2,1.3,0.7,0.5,0.9,9999999.0,999.9,9999.0,999.9,999.9,9.999,9999999.0,999.9,9999.0,999.9,999.9,9.999,99.99,999.99,999.99,999.9,99.9,9.9999,33,69,-31,18,109.9,261,-179,82,1.3,0.007407,2120.0,1440.0,724.0,289.0,67.9,28.8,-1,2005-01-21 00:00:00
2005,21,1,2340,51,99,59,999,4.2,4.0,1.3,285.5,1.1,-3.9,0.1,-3.7,-1.3,0.1,1.1,0.6,0.3,0.9,9999999.0,999.9,9999.0,999.9,999.9,9.999,9999999.0,999.9,9999.0,999.9,999.9,9.999,99.99,999.99,999.99,999.9,99.9,9.9999,33,69,-27,18,109.9,234,-165,69,2.6,0.007407,2080.0,1400.0,678.0,268.0,62.1,26.1,-1,2005-01-21 01:00:00
2005,21,2,2340,51,99,60,999,4.5,3.9,2.4,313.9,2.7,-2.8,0.2,-2.7,-0.8,0.1,2.2,1.1,1.3,1.4,9999999.0,999.9,9999.0,999.9,999.9,9.999,9999999.0,999.9,9999.0,999.9,999.9,9.999,99.99,999.99,999.99,999.9,99.9,9.9999,33,69,-28,18,109.9,122,-49,74,0.7,0.007407,2240.0,1460.0,686.0,258.0,57.8,24.2,-1,2005-01-21 02:00:00
2005,21,3,2340,51,99,60,999,4.7,4.2,5.1,319.0,3.1,-2.7,0.4,-2.7,-0.4,0.1,2.1,1.0,1.0,1.5,9999999.0,999.9,9999.0,999.9,999.9,9.999,9999999.0,999.9,9999.0,999.9,999.9,9.999,99.99,999.99,999.99,999.9,99.9,9.9999,20,69,-30,7,109.9,92,-8,84,1.8,0.007407,2720.0,1740.0,742.0,251.0,51.9,21.5,-1,2005-01-21 03:00:00
2005,21,4,2340,51,71,59,5,4.3,3.4,-20.8,342.5,3.0,-0.9,-1.2,-0.6,-1.4,0.1,2.5,1.1,1.6,1.6,74164.0,3.0,575.0,0.5,-1.8,9.999,4240.0,0.4,1.0,0.2,0.3,9.999,1.98,0.81,1.37,11.6,7.8,0.0089,20,69,-29,7,109.9,119,-11,108,1.8,0.007407,3840.0,2320.0,894.0,247.0,46.2,19.3,-1,2005-01-21 04:00:00
2005,21,5,2340,51,71,60,13,4.4,3.5,-25.0,329.6,2.7,-1.6,-1.5,-1.3,-1.8,0.1,2.7,1.4,2.0,1.0,84432.0,3.4,576.0,-1.0,-1.0,9.999,6937.0,0.3,9.0,0.9,0.6,9.999,2.26,1.04,1.55,12.1,7.9,0.0082,20,69,-33,7,109.9,194,-58,136,2.8,0.007407,4460.0,2560.0,863.0,225.0,41.2,17.3,-1,2005-01-21 05:00:00
2005,21,6,2340,51,71,60,15,4.3,2.8,-23.8,296.5,1.1,-2.3,-1.1,-2.1,-1.4,0.2,3.2,1.7,2.6,1.0,83537.0,3.5,589.0,-1.8,0.2,9.999,15280.0,0.3,14.0,1.7,1.0,9.999,2.43,0.82,1.67,12.8,8.2,0.0072,23,69,-39,9,109.9,310,-153,157,1.7,0.007407,4170.0,2360.0,811.0,214.0,39.3,16.5,-1,2005-01-21 06:00:00
2005,21,7,2340,51,71,60,15,4.2,2.8,-7.5,343.9,2.7,-0.8,-0.4,-0.8,-0.5,0.1,3.0,1.3,2.1,1.7,108127.0,3.4,567.0,0.5,-0.2,9.999,8951.0,0.2,5.0,1.6,0.7,9.999,2.19,0.28,1.9,12.4,7.7,0.0077,23,69,-35,9,109.9,224,-42,182,3.6,0.007407,4910.0,2640.0,820.0,200.0,35.4,14.8,-1,2005-01-21 07:00:00
2005,21,8,2340,51,71,59,15,4.1,3.2,-4.6,306.7,1.9,-2.5,-0.3,-2.5,-0.5,0.2,2.5,1.2,1.2,1.8,110642.0,3.5,574.0,-0.9,0.6,9.999,15120.0,0.2,9.0,0.5,1.6,9.999,2.31,0.29,2.07,13.1,7.8,0.0069,23,69,-31,9,109.9,142,-40,102,1.0,0.007407,4760.0,2540.0,758.0,185.0,32.6,13.7,-1,2005-01-21 08:00:00
2005,21,9,2340,51,71,60,15,3.8,2.7,27.3,358.8,2.4,-0.1,1.2,-0.2,1.2,0.3,2.5,0.9,1.5,1.7,132272.0,3.5,568.0,0.8,0.6,9.999,17224.0,0.3,7.0,1.1,0.9,9.999,2.26,-0.68,2.63,14.0,7.7,0.0061,23,69,-29,9,109.9,258,-81,177,1.6,0.007407,5100.0,2630.0,736.0,171.0,29.3,12.1,-1,2005-01-21 09:00:00
2005,21,10,2340,51,71,60,15,4.3,3.1,-11.3,2.6,3.0,0.1,-0.6,0.1,-0.6,0.2,2.9,0.7,2.2,1.8,120677.0,3.7,567.0,1.7,0.2,9.999,18036.0,0.3,7.0,1.3,1.5,9.999,2.38,0.34,2.07,12.7,7.6,0.0074,23,69,-26,9,109.9,241,-116,125,2.1,0.007407,6180.0,3070.0,779.0,166.0,28.1,12.0,-1,2005-01-21 10:00:00
2005,21,11,2340,51,71,60,15,4.4,3.9,-23.9,5.5,3.6,0.3,-1.6,0.4,-1.6,0.2,1.7,0.5,1.2,1.1,127514.0,3.5,557.0,1.5,-0.5,9.999,12668.0,0.3,3.0,0.9,1.2,9.999,2.17,0.89,1.92,11.8,7.3,0.0085,23,69,-26,9,109.9,350,-235,115,2.3,0.007407,7780.0,3710.0,880.0,164.0,25.2,10.4,-1,2005-01-21 11:00:00
2005,21,12,2340,51,71,60,15,4.5,3.5,0.3,322.8,2.8,-2.1,0.0,-2.1,-0.1,0.2,2.6,0.8,1.7,1.7,144892.0,3.7,555.0,1.3,-0.1,9.999,18100.0,0.3,5.0,1.3,1.1,9.999,2.28,0.06,2.08,11.9,7.1,0.0085,27,69,-27,12,109.9,355,-221,134,2.6,0.007407,8400.0,4010.0,949.0,161.0,23.5,9.75,-1,2005-01-21 12:00:00
2005,21,13,2340,51,71,59,14,4.9,4.0,21.9,5.6,3.7,0.4,1.5,0.3,1.5,0.2,2.6,0.8,1.8,1.7,131047.0,3.9,555.0,0.7,-0.3,9.999,11905.0,0.3,7.0,2.3,0.9,9.999,2.4,-0.83,1.75,11.2,7.1,0.0095,27,69,-28,12,109.9,335,-198,136,1.4,0.007407,9670.0,4650.0,1120.0,164.0,22.1,9.16,-1,2005-01-21 13:00:00
2005,21,14,2340,51,71,60,15,4.7,3.9,-8.8,340.5,3.7,-1.3,-0.6,-1.2,-0.7,0.1,2.1,0.9,1.4,1.3,141389.0,3.9,547.0,1.4,0.1,9.999,11323.0,0.2,5.0,1.6,0.8,9.999,2.33,0.38,1.98,11.5,7.0,0.009,27,69,-26,12,109.9,195,-108,87,2.4,0.007407,12100.0,5860.0,1320.0,167.0,20.4,8.45,-1,2005-01-21 14:00:00
2005,21,15,2340,51,71,60,15,4.7,4.1,1.9,352.4,4.1,-0.5,0.1,-0.5,0.0,0.4,2.0,1.1,1.2,1.1,154291.0,3.9,554.0,2.0,0.7,9.999,9888.0,0.2,12.0,1.0,0.9,9.999,2.39,-0.0,2.08,11.6,7.0,0.0088,67,69,-27,111,109.9,375,-252,123,2.1,0.007407,13600.0,6490.0,1490.0,166.0,18.8,7.8,-1,2005-01-21 15:00:00
2005,21,16,2340,51,71,60,16,5.3,4.4,-22.8,10.2,4.0,0.7,-1.7,1.0,-1.5,0.6,2.9,0.8,2.6,1.2,130758.0,3.8,560.0,3.2,-1.5,9.999,10589.0,0.3,6.0,1.8,0.7,9.999,2.38,0.84,1.46,10.3,6.9,0.0112,67,69,-22,111,109.9,337,-235,101,3.0,0.007407,999999.99,99999.99,99999.99,99999.99,99999.99,99999.99,0,2005-01-21 16:00:00
2005,21,17,2340,51,71,60,18,15.7,7.9,-4.8,284.0,1.9,-7.6,-0.7,-7.2,-2.6,6.6,14.2,6.0,8.7,9.5,569620.0,11.3,793.0,-2.9,-1.4,9.999,232064.0,4.7,145.0,1.9,1.4,9.999,14.21,2.06,1.33,8.5,5.8,0.0165,67,69,23,111,109.9,2111,-1878,233,18.3,0.007407,999999.99,99999.99,99999.99,99999.99,99999.99,99999.99,0,2005-01-21 17:00:00
2005,21,18,2340,51,71,60,16,26.4,9.6,-53.7,318.0,4.2,-3.8,-7.7,-1.4,-8.5,7.4,24.8,12.1,11.3,18.6,666175.0,22.9,907.0,0.6,0.1,9.999,200630.0,14.9,24.0,3.1,1.8,9.999,37.68,7.71,1.09,8.2,5.9,0.0176,80,69,20,207,109.9,1956,-1549,408,15.1,0.007407,999999.99,99999.99,99999.99,99999.99,99999.99,99999.99,0,2005-01-21 18:00:00
2005,21,19,2340,51,71,60,15,30.4,28.9,-4.8,28.4,25.4,13.7,-2.4,13.7,2.3,2.9,9.2,5.7,5.5,4.8,296020.0,34.6,950.0,1.6,2.6,9.999,33198.0,8.5,10.0,0.7,0.3,9.999,62.45,-2.19,0.66,9.2,7.3,0.0141,80,69,21,207,109.9,1580,-708,873,13.0,0.007407,999999.99,99999.99,99999.99,99999.99,99999.99,99999.99,0,2005-01-21 19:00:00
2005,21,20,2340,51,71,60,15,26.9,15.8,22.0,78.3,3.0,14.3,5.9,11.2,10.7,3.4,21.5,20.2,6.1,4.4,285220.0,20.1,942.0,1.4,1.8,9.999,34838.0,4.3,11.0,0.8,0.7,9.999,35.67,-10.08,0.48,7.8,6.6,0.0193,80,69,-25,207,109.9,935,-333,602,5.6,0.007407,999999.99,99999.99,99999.99,99999.99,99999.99,99999.99,0,2005-01-21 20:00:00
2005,21,21,2340,51,71,60,15,25.6,23.6,22.6,8.4,21.5,3.2,9.0,-0.5,9.5,1.3,9.4,3.2,8.6,1.9,266021.0,18.0,925.0,2.3,1.0,9.999,27844.0,2.1,8.0,1.5,0.5,9.999,30.8,-8.79,0.45,7.7,6.5,0.0202,73,69,-81,154,109.9,592,-224,368,2.9,0.007407,999999.99,99999.99,99999.99,99999.99,99999.99,99999.99,0,2005-01-21 21:00:00
2005,21,22,2340,51,71,60,14,22.4,21.9,27.8,11.4,19.0,3.8,10.2,-0.6,10.9,1.6,4.3,1.4,3.3,2.4,272509.0,20.8,901.0,3.7,1.2,9.999,26099.0,1.2,13.0,0.6,0.4,9.999,33.77,-9.82,0.69,9.2,7.3,0.0141,73,69,-89,154,109.9,726,-356,370,2.4,0.007407,1550.0,513.0,128.0,34.2,5.86,2.69,-1,2005-01-21 22:00:00
2005,21,23,2340,51,71,60,15,22.9,22.0,38.3,352.7,17.1,-2.2,13.6,-7.5,11.6,1.1,5.9,3.1,4.3,2.6,378397.0,21.4,866.0,2.9,0.3,9.999,49810.0,2.2,10.0,0.8,0.5,9.999,32.1,-10.05,0.86,8.7,6.6,0.0155,73,69,-82,154,109.9,513,-291,223,0.4,0.007407,1280.0,406.0,109.0,29.7,4.93,2.23,-1,2005-01-21 23:00:00
2005,22,0,2340,51,71,59,15,23.9,22.9,24.0,5.3,20.9,1.9,9.3,-1.9,9.3,1.8,6.2,3.2,4.2,3.2,449516.0,15.0,851.0,3.5,-2.6,9.999,51022.0,2.6,7.0,0.7,0.9,9.999,21.73,-7.91,0.63,6.9,5.5,0.025,57,48,-84,67,99.1,175,-84,90,0.5,0.007339,1100.0,367.0,104.0,29.0,4.73,2.18,-1,2005-01-22 00:00:00
2005,22,1,2340,51,71,60,15,26.2,25.3,13.4,346.4,23.9,-5.8,5.8,-7.5,3.2,0.7,6.5,1.0,6.0,2.3,581352.0,9.5,847.0,5.7,-2.2,9.999,45266.0,0.8,6.0,0.6,0.9,9.999,13.63,-2.71,0.41,5.0,4.3,0.0479,57,48,-89,67,99.1,262,-133,129,1.5,0.007339,861.0,300.0,93.2,27.3,4.52,2.04,-1,2005-01-22 01:00:00
2005,22,2,2340,51,71,60,15,26.7,26.5,4.3,338.8,24.7,-9.6,2.0,-9.7,-1.4,0.4,2.4,0.5,1.3,1.9,567470.0,7.6,846.0,6.0,-1.3,9.999,50219.0,1.1,8.0,0.6,0.3,9.999,10.88,1.18,0.31,4.4,3.9,0.0624,57,48,-91,67,99.1,433,-273,161,2.4,0.007339,809.0,278.0,87.4,26.1,4.24,1.86,-1,2005-01-22 02:00:00
2005,22,3,2340,51,71,60,15,25.7,25.0,5.3,338.1,23.1,-9.3,2.3,-9.6,-0.6,0.9,5.1,1.5,3.2,3.8,386827.0,5.6,848.0,7.9,-0.7,9.999,80730.0,1.2,6.0,0.5,1.5,9.999,8.05,0.51,0.18,3.9,3.6,0.078,60,48,-81,80,99.1,805,-630,174,5.3,0.007339,691.0,241.0,78.9,23.8,3.88,1.76,-1,2005-01-22 03:00:00
2005,22,4,2340,51,71,60,15,20.7,20.1,-4.7,332.6,17.8,-9.2,-1.6,-8.5,-3.9,1.5,4.6,2.1,2.1,3.5,144286.0,3.7,845.0,6.0,-0.8,9.999,68382.0,0.5,7.0,1.5,1.7,9.999,5.28,3.3,0.1,3.9,3.8,0.0772,60,48,-78,80,99.1,554,-401,152,3.5,0.007339,666.0,234.0,74.3,21.9,3.57,1.64,-1,2005-01-22 04:00:00
2005,22,5,2340,51,71,60,15,17.4,16.7,-4.8,342.2,15.8,-5.1,-1.4,-4.7,-2.4,0.6,4.9,1.7,3.1,3.4,84793.0,3.0,835.0,6.4,-1.0,9.999,22088.0,0.3,12.0,1.4,1.3,9.999,4.18,2.0,0.09,4.2,4.0,0.0689,60,48,-97,80,99.1,645,-551,94,6.8,0.007339,628.0,214.0,68.6,20.7,3.49,1.61,-1,2005-01-22 05:00:00
2005,22,6,2340,51,71,60,15,15.4,15.3,0.5,345.7,14.8,-3.8,0.1,-3.8,-0.5,0.2,1.4,0.3,0.7,1.2,44886.0,2.3,814.0,5.0,1.6,9.999,4707.0,0.2,4.0,1.1,0.5,9.999,3.05,0.41,0.07,4.0,3.9,0.074,37,48,-97,22,99.1,499,-352,147,4.9,0.007339,527.0,185.0,63.1,19.3,3.31,1.53,-1,2005-01-22 06:00:00
2005,22,7,2340,51,71,60,15,14.8,14.8,-1.6,342.7,14.1,-4.4,-0.4,-4.3,-0.9,0.4,1.3,0.5,0.6,1.1,32888.0,2.1,804.0,5.1,1.1,9.999,3311.0,0.1,4.0,1.3,0.8,9.999,2.71,0.72,0.06,3.9,3.8,0.0768,37,48,-89,22,99.1,190,-131,59,1.2,0.007339,477.0,172.0,59.3,18.1,2.92,1.36,-1,2005-01-22 07:00:00
2005,22,8,2340,51,71,60,14,14.1,14.0,-1.4,338.1,13.0,-5.2,-0.3,-5.2,-0.7,0.2,1.4,0.3,1.0,0.9,44881.0,1.8,788.0,3.8,1.6,9.999,4372.0,0.1,4.0,1.2,1.1,9.999,2.24,0.55,0.07,3.7,3.6,0.0846,37,48,-88,22,99.1,219,-173,46,1.2,0.007339,470.0,169.0,57.7,17.6,2.99,1.41,-1,2005-01-22 08:00:00
2005,22,9,2340,51,71,60,15,13.6,13.6,5.1,332.4,12.0,-6.3,1.2,-6.4,0.9,0.2,1.1,0.4,0.6,0.9,53649.0,1.5,773.0,3.2,2.8,9.999,4566.0,0.1,6.0,0.6,0.8,9.999,1.79,-0.7,0.06,3.5,3.4,0.0982,27,48,-79,12,99.1,271,-205,66,1.0,0.007339,551.0,187.0,58.2,17.1,2.88,1.36,-1,2005-01-22 09:00:00
2005,22,10,2340,51,71,60,15,12.7,12.5,-0.1,324.3,10.2,-7.3,0.0,-7.3,-0.3,0.2,1.8,0.7,0.8,1.4,49809.0,1.3,764.0,1.7,2.9,9.999,6487.0,0.1,5.0,0.9,1.0,9.999,1.52,0.23,0.06,3.4,3.3,0.1011,27,48,-78,12,99.1,315,-199,116,1.2,0.007339,528.0,179.0,55.1,16.5,2.81,1.31,-1,2005-01-22 10:00:00
2005,22,11,2340,51,71,59,15,11.9,11.8,2.8,322.3,9.3,-7.2,0.6,-7.2,0.3,0.2,1.3,0.4,0.8,1.0,61659.0,1.1,757.0,-0.2,3.1,9.999,6132.0,0.1,12.0,0.9,0.7,9.999,1.26,-0.23,0.06,3.3,3.3,0.1069,27,48,-77,12,99.1,305,-191,114,1.4,0.007339,533.0,177.0,52.8,16.0,2.92,1.31,-1,2005-01-22 11:00:00
2005,22,12,2340,51,71,60,15,10.9,10.8,-2.5,329.2,9.3,-5.5,-0.5,-5.5,-0.8,0.3,1.7,0.6,1.2,1.0,74330.0,0.9,737.0,2.5,2.8,9.999,5930.0,0.1,7.0,1.9,0.8,9.999,0.98,0.59,0.06,3.2,3.1,0.1156,37,48,-74,22,99.1,211,-145,67,1.5,0.007339,576.0,175.0,47.8,14.4,2.7,1.26,-1,2005-01-22 12:00:00
2005,22,13,2340,51,52,50,26,10.0,9.8,-8.8,322.1,7.7,-6.0,-1.5,-5.9,-2.0,0.2,1.6,1.1,1.0,0.7,81641.0,1.2,761.0,0.4,-0.5,0.061,9242.0,0.1,10.0,0.8,0.6,0.005,1.44,1.52,0.1,4.2,4.0,0.0685,37,48,-70,22,99.1,482,-414,68,2.0,0.007339,605.0,171.0,41.8,12.6,2.52,1.2,-1,2005-01-22 13:00:00
2005,22,14,2340,51,52,59,36,9.3,9.1,-4.3,319.9,6.9,-5.8,-0.7,-5.7,-1.4,0.3,1.7,1.1,0.9,0.8,97889.0,1.3,748.0,1.4,0.3,0.064,21227.0,0.1,16.0,1.5,1.2,0.01,1.53,1.05,0.14,4.6,4.3,0.0566,37,48,-66,22,99.1,471,-314,157,3.6,0.007339,626.0,172.0,40.1,11.8,2.55,1.26,-1,2005-01-22 14:00:00
2005,22,15,2340,51,52,60,35,8.5,8.3,-3.3,309.9,5.3,-6.3,-0.5,-6.1,-1.5,0.2,1.6,1.0,0.9,0.8,96538.0,1.2,757.0,-0.1,0.3,0.083,13614.0,0.1,16.0,1.2,1.3,0.01,1.53,1.14,0.16,4.9,4.6,0.05,33,48,-65,18,99.1,442,-301,140,2.7,0.007339,673.0,183.0,39.8,12.1,2.63,1.13,-1,2005-01-22 15:00:00
2005,22,16,2340,51,52,58,35,8.2,7.9,-0.8,320.1,6.1,-5.1,-0.1,-5.0,-1.1,0.2,1.9,0.9,0.8,1.4,84539.0,1.2,727.0,1.3,0.6,0.071,14671.0,0.1,14.0,1.4,1.8,0.01,1.36,0.8,0.16,4.9,4.6,0.0504,33,48,-60,18,99.1,220,-130,90,2.5,0.007339,999999.99,99999.99,99999.99,99999.99,99999.99,99999.99,0,2005-01-22 16:00:00
2005,22,17,2340,51,52,60,28,7.6,6.7,2.2,322.5,5.3,-4.1,0.3,-4.0,-0.7,0.3,3.2,1.3,1.1,2.8,93640.0,0.9,716.0,1.3,1.3,0.093,46654.0,0.1,26.0,1.5,4.0,0.03,1.06,0.5,0.14,4.5,4.2,0.0596,33,48,-56,18,99.1,373,-287,87,2.5,0.007339,999999.99,99999.99,99999.99,99999.99,99999.99,99999.99,0,2005-01-22 17:00:00
2005,22,18,2340,51,52,59,34,7.3,6.8,11.8,327.6,5.6,-3.6,1.4,-3.9,0.3,0.1,2.3,0.9,1.3,1.7,117864.0,0.9,693.0,1.8,2.7,0.111,30234.0,0.1,16.0,2.2,2.8,0.018,1.04,-0.21,0.17,4.5,4.2,0.0587,40,48,-54,27,99.1,218,-144,74,1.0,0.007339,999999.99,99999.99,99999.99,99999.99,99999.99,99999.99,0,2005-01-22 18:00:00
2005,22,19,2340,51,52,61,34,7.0,6.7,-6.9,318.4,5.0,-4.5,-0.8,-4.0,-2.3,0.1,1.7,0.8,0.8,1.3,116994.0,0.9,689.0,0.3,-0.7,0.1,20497.0,0.1,17.0,1.1,2.4,0.014,1.0,1.58,0.19,4.7,4.3,0.0546,40,48,-57,27,99.1,546,-434,111,2.8,0.007339,999999.99,99999.99,99999.99,99999.99,99999.99,99999.99,0,2005-01-22 19:00:00
2005,22,20,2340,51,52,62,34,6.6,5.8,-1.9,316.1,4.2,-4.0,-0.2,-3.6,-1.7,0.1,2.9,1.1,1.1,2.4,143642.0,1.4,694.0,0.4,0.1,0.073,28546.0,0.3,20.0,1.6,3.3,0.011,1.45,1.18,0.36,6.2,5.4,0.0307,40,48,-53,27,99.1,468,-367,102,3.5,0.007339,999999.99,99999.99,99999.99,99999.99,99999.99,99999.99,0,2005-01-22 20:00:00
2005,22,21,2340,51,52,56,34,6.2,5.7,-7.3,318.8,4.3,-3.8,-0.7,-3.2,-2.1,0.2,2.1,0.9,1.2,1.5,174352.0,1.7,684.0,0.5,-1.4,0.069,46161.0,0.2,15.0,1.5,2.1,0.011,1.69,1.44,0.56,7.2,5.9,0.023,30,48,-51,15,99.1,484,-335,149,3.6,0.007339,999999.99,99999.99,99999.99,99999.99,99999.99,99999.99,0,2005-01-22 21:00:00
2005,22,22,2340,51,52,62,35,5.7,4.6,-8.4,323.0,3.7,-2.8,-0.7,-2.3,-1.8,0.1,2.9,1.3,1.9,1.8,205455.0,2.0,689.0,0.7,-1.5,0.064,43797.0,0.1,22.0,2.2,2.5,0.012,1.99,1.24,0.85,8.5,6.5,0.0163,30,48,-54,15,99.1,521,-336,185,2.8,0.007339,999999.99,99999.99,99999.99,99999.99,99999.99,99999.99,0,2005-01-22 22:00:00
2005,22,23,2340,51,52,60,37,5.6,4.6,7.1,287.5,1.4,-4.4,0.6,-4.3,-1.3,0.1,2.9,2.2,1.4,1.3,183207.0,2.0,708.0,-1.3,-0.3,0.054,34713.0,0.2,28.0,1.4,1.7,0.005,2.04,0.92,0.83,8.9,6.8,0.0149,30,48,-52,15,99.1,365,-219,146,2.1,0.007339,999999.99,99999.99,99999.99,99999.99,99999.99,99999.99,0,2005-01-22 23:00:00
2005,23,0,2340,51,52,60,30,5.7,4.8,20.5,297.4,2.1,-4.0,1.7,-4.3,0.0,0.2,2.8,1.4,1.3,2.1,151792.0,1.7,694.0,-0.4,0.9,0.062,24083.0,0.2,20.0,1.8,2.6,0.005,1.71,-0.0,0.61,7.9,6.4,0.0189,37,40,-50,22,92.8,241,-139,102,0.8,0.007287,134.0,38.4,12.4,4.61,0.99,0.47,-1,2005-01-23 00:00:00
2005,23,1,2340,51,52,58,35,5.8,5.0,6.5,284.8,1.3,-4.8,0.6,-4.7,-1.3,0.1,2.8,1.3,0.9,2.3,125085.0,1.6,710.0,-1.4,-0.5,0.059,15859.0,0.3,20.0,1.3,2.9,0.011,1.66,0.92,0.5,7.7,6.5,0.0198,37,40,-47,22,92.8,176,-71,105,0.7,0.007287,121.0,35.3,12.0,4.54,1.17,0.6,-1,2005-01-23 01:00:00
2005,23,2,2340,51,52,61,36,5.7,5.0,-4.3,299.0,2.4,-4.4,-0.4,-4.0,-1.9,0.1,2.3,1.4,1.1,1.5,114517.0,1.6,693.0,-1.8,-0.8,0.055,17395.0,0.1,22.0,1.2,2.0,0.006,1.57,1.32,0.5,7.7,6.4,0.0201,37,40,-44,22,92.8,293,-163,130,2.2,0.007287,116.0,34.0,11.5,4.33,1.16,0.63,-1,2005-01-23 02:00:00
2005,23,3,2340,51,52,59,35,5.5,5.1,-8.3,302.5,2.7,-4.3,-0.7,-3.9,-2.0,0.2,1.6,0.9,0.8,1.1,107564.0,1.7,688.0,-2.4,-0.8,0.05,18746.0,0.1,14.0,0.8,1.5,0.004,1.61,1.38,0.55,8.2,6.7,0.0179,37,40,-43,22,92.8,340,-151,189,3.2,0.007287,99.0,29.9,10.7,4.25,1.2,0.64,-1,2005-01-23 03:00:00
2005,23,4,2340,51,52,60,34,4.8,3.8,-4.7,325.3,3.1,-2.2,-0.3,-2.0,-0.9,0.3,2.7,0.8,1.3,2.2,159002.0,1.7,679.0,-0.4,-0.6,0.058,34123.0,0.1,14.0,2.0,2.7,0.005,1.61,0.61,0.88,9.2,6.9,0.014,37,40,-45,22,92.8,190,-62,128,1.8,0.007287,87.5,26.8,9.58,3.68,0.84,0.41,-1,2005-01-23 04:00:00
2005,23,5,2340,51,52,10,5,4.2,3.3,-16.3,347.4,3.1,-0.7,-0.9,-0.5,-1.0,0.2,2.1,0.7,1.3,1.5,235344.0,1.7,675.0,0.9,-0.5,0.066,27843.0,0.1,11.0,1.4,1.7,0.003,1.64,0.68,1.46,10.5,7.0,0.0108,37,40,-44,22,92.8,163,-23,141,1.6,0.007287,77.8,24.3,8.96,3.59,0.92,0.48,-1,2005-01-23 05:00:00
2005,23,6,2340,71,71,15,15,4.8,3.9,-21.8,324.0,2.9,-2.1,-1.4,-1.9,-1.7,0.2,2.3,0.5,1.1,1.9,161027.0,1.8,668.0,-0.2,0.5,9.999,11997.0,0.2,9.0,0.7,1.8,9.999,1.61,1.14,0.94,9.3,6.9,0.0136,33,40,-43,18,92.8,188,-105,83,1.4,0.007287,69.1,21.9,8.15,3.23,0.79,0.39,-1,2005-01-23 06:00:00
2005,23,7,2340,71,71,15,15,4.7,3.6,0.2,339.7,3.4,-1.2,0.0,-1.2,-0.1,0.1,2.7,0.6,1.8,2.0,147123.0,1.7,650.0,0.6,1.6,9.999,14888.0,0.1,10.0,2.0,1.8,9.999,1.44,0.07,0.88,9.0,6.8,0.0146,33,40,-48,18,92.8,213,-116,97,2.1,0.007287,59.0,19.0,7.19,2.84,0.63,0.3,-1,2005-01-23 07:00:00
2005,23,8,2340,71,71,15,15,4.7,3.7,-9.4,340.3,3.5,-1.2,-0.6,-1.2,-0.7,0.1,2.4,0.7,1.3,2.0,149939.0,1.9,649.0,0.1,0.4,9.999,18416.0,0.2,7.0,1.3,2.1,9.999,1.6,0.45,1.0,9.5,7.0,0.0131,33,40,-49,18,92.8,144,-73,71,1.7,0.007287,50.1,16.8,6.89,2.97,0.91,0.5,-1,2005-01-23 08:00:00
2005,23,9,2340,71,71,16,16,4.5,3.2,49.5,320.6,1.6,-1.3,2.5,-1.4,2.4,0.4,3.0,1.8,1.0,2.1,169923.0,1.7,672.0,0.8,3.4,9.999,24667.0,0.2,21.0,1.3,1.8,9.999,1.54,-1.61,1.04,9.7,7.1,0.0125,27,40,-46,12,92.8,235,-156,78,1.6,0.007287,41.8,14.7,6.04,2.45,0.6,0.31,-1,2005-01-23 09:00:00
2005,23,10,2340,71,71,14,14,4.1,3.4,-13.7,341.7,3.1,-1.0,-0.8,-1.0,-0.8,0.3,1.8,0.6,1.2,1.1,196167.0,2.2,666.0,0.8,0.3,9.999,13427.0,0.1,6.0,1.2,0.9,9.999,1.95,0.53,1.77,12.0,7.6,0.0082,27,40,-40,12,92.8,222,-120,103,1.7,0.007287,36.9,13.3,5.64,2.37,0.56,0.27,-1,2005-01-23 10:00:00
2005,23,11,2340,71,71,15,15,4.1,2.6,23.4,27.7,2.1,1.1,1.0,1.0,1.1,0.3,2.5,1.2,1.5,1.6,213820.0,2.2,672.0,2.8,1.7,9.999,18186.0,0.2,12.0,1.4,1.3,9.999,1.99,-0.74,1.86,12.2,7.5,0.0081,27,40,-40,12,92.8,234,-144,89,1.5,0.007287,34.7,12.6,5.33,2.25,0.54,0.26,-1,2005-01-23 11:00:00
2005,23,12,2340,71,71,16,16,4.5,3.6,-1.8,308.3,2.2,-2.8,-0.1,-2.8,-0.3,0.2,2.1,1.0,0.9,1.6,191800.0,2.3,675.0,-0.2,0.6,9.999,14848.0,0.2,12.0,0.8,1.4,9.999,2.1,0.2,1.51,11.4,7.5,0.0092,33,40,-35,18,92.8,394,-311,83,1.6,0.007287,31.5,11.7,5.08,2.16,0.55,0.26,-1,2005-01-23 12:00:00
2005,23,13,2340,71,71,14,14,4.6,4.1,-4.7,302.8,2.2,-3.5,-0.3,-3.5,-0.6,0.1,1.4,0.7,0.7,1.0,183396.0,2.5,676.0,-0.1,0.6,9.999,14450.0,0.2,7.0,0.7,0.8,9.999,2.28,0.41,1.53,11.6,7.6,0.0088,33,40,-32,18,92.8,277,-184,93,1.9,0.007287,29.1,11.0,4.77,2.02,0.48,0.24,-1,2005-01-23 13:00:00
2005,23,14,2340,71,71,15,15,4.5,3.2,-2.7,325.5,2.6,-1.8,-0.2,-1.8,-0.4,0.1,2.6,0.9,2.1,1.1,174081.0,2.6,672.0,1.7,0.6,9.999,13659.0,0.3,10.0,1.8,0.8,9.999,2.35,0.27,1.62,12.0,7.8,0.0082,33,40,-32,18,92.8,400,-329,71,2.2,0.007287,28.1,10.6,4.67,1.99,0.46,0.21,-1,2005-01-23 14:00:00
2005,23,15,2340,71,71,15,15,4.5,4.1,-30.1,329.5,3.0,-1.8,-2.0,-1.4,-2.3,0.2,1.3,0.7,0.8,0.8,153941.0,2.6,661.0,0.9,-0.9,9.999,17098.0,0.1,8.0,0.7,0.6,9.999,2.27,1.52,1.51,11.8,7.8,0.0085,40,40,-32,27,92.8,336,-221,116,2.8,0.007287,999999.99,99999.99,99999.99,99999.99,99999.99,99999.99,0,2005-01-23 15:00:00
2005,23,16,2340,51,52,57,32,4.1,2.8,-5.5,326.8,2.4,-1.6,-0.3,-1.5,-0.6,0.3,2.9,1.8,1.6,1.5,173751.0,2.5,676.0,1.5,-2.2,0.051,22344.0,0.2,15.0,1.5,1.3,0.008,2.3,0.41,1.87,13.0,8.1,0.007,40,40,-36,27,92.8,466,-348,118,2.6,0.007287,999999.99,99999.99,99999.99,99999.99,99999.99,99999.99,0,2005-01-23 16:00:00
2005,23,17,2340,51,52,61,38,3.8,2.2,13.1,22.9,2.0,0.8,0.5,0.6,0.7,0.3,2.9,1.2,2.5,1.0,177999.0,2.5,679.0,3.1,-1.6,0.05,18219.0,0.2,11.0,2.0,0.9,0.007,2.31,-0.48,2.21,14.1,8.3,0.006,40,40,-32,27,92.8,342,-237,105,2.1,0.007287,999999.99,99999.99,99999.99,99999.99,99999.99,99999.99,0,2005-01-23 17:00:00
2005,23,18,2340,51,52,58,36,4.1,3.5,-0.9,287.4,1.0,-3.3,-0.1,-3.1,-1.1,0.2,2.1,1.5,1.0,1.0,166495.0,2.4,680.0,-0.1,-1.8,0.048,15120.0,0.2,16.0,0.9,0.9,0.008,2.21,0.75,1.75,12.8,8.1,0.0072,27,40,-34,12,92.8,321,-258,63,1.8,0.007287,999999.99,99999.99,99999.99,99999.99,99999.99,99999.99,0,2005-01-23 18:00:00
2005,23,19,2340,51,52,60,37,3.5,3.1,11.6,342.5,2.9,-0.9,0.6,-1.1,0.3,0.5,1.7,0.6,1.3,0.7,178997.0,2.5,660.0,2.1,-1.0,0.046,20617.0,0.2,5.0,1.2,0.7,0.004,2.15,-0.2,2.61,14.9,8.3,0.0054,27,40,-39,12,92.8,218,-144,74,0.7,0.007287,999999.99,99999.99,99999.99,99999.99,99999.99,99999.99,0,2005-01-23 19:00:00
2005,23,20,2340,51,52,61,35,4.0,2.8,6.2,292.4,1.1,-2.6,0.3,-2.5,-0.7,0.3,2.8,2.2,1.1,1.3,162663.0,2.3,665.0,0.3,-1.3,0.048,15868.0,0.1,26.0,0.9,1.4,0.006,2.02,0.47,1.74,12.6,8.0,0.0075,27,40,-36,12,92.8,205,-135,70,1.0,0.007287,999999.99,99999.99,99999.99,99999.99,99999.99,99999.99,0,2005-01-23 20:00:00
2005,23,21,2340,51,52,61,39,4.1,3.8,-7.4,216.6,-3.1,-2.3,-0.5,-1.9,-1.4,0.1,1.4,1.0,0.8,0.6,150421.0,2.2,692.0,-0.6,-2.1,0.034,10872.0,0.1,8.0,0.5,0.5,0.006,2.0,0.97,1.52,12.5,8.2,0.0076,33,40,-35,18,92.8,359,-283,77,2.3,0.007287,999999.99,99999.99,99999.99,99999.99,99999.99,99999.99,0,2005-01-23 21:00:00
2005,23,22,2340,51,52,59,37,4.0,3.8,-16.9,215.8,-3.0,-2.1,-1.1,-1.5,-1.9,0.2,0.9,0.3,0.6,0.6,138566.0,2.0,681.0,-0.7,-2.3,0.037,12971.0,0.1,6.0,0.7,0.6,0.005,1.78,1.29,1.39,12.0,8.1,0.0082,33,40,-37,18,92.8,407,-326,80,2.9,0.007287,999999.99,99999.99,99999.99,99999.99,99999.99,99999.99,0,2005-01-23 22:00:00
2005,23,23,2340,51,52,56,34,4.1,3.7,12.3,247.7,-1.4,-3.4,0.8,-3.4,-0.7,0.2,1.6,1.2,0.4,1.0,125487.0,2.1,653.0,-1.9,0.2,0.038,15238.0,0.1,18.0,0.6,1.1,0.005,1.72,0.46,1.32,11.5,7.9,0.0089,33,40,-41,18,92.8,388,-265,123,2.0,0.007287,999999.99,99999.99,99999.99,99999.99,99999.99,99999.99,0,2005-01-23 23:00:00
2005,24,0,2340,51,52,62,37,4.0,3.1,28.4,326.4,2.3,-1.5,1.5,-2.0,0.8,0.1,2.4,1.2,1.3,1.6,120611.0,1.9,603.0,-0.0,1.1,0.042,19264.0,0.2,17.0,1.7,2.2,0.003,1.35,-0.48,1.23,10.4,7.2,0.011,30,43,-39,15,91.7,153,-41,112,0.1,0.007202,999999.99,99999.99,99999.99,99999.99,99999.99,99999.99,0,2005-01-24 00:00:00
2005,24,1,2340,51,52,59,33,4.2,3.4,22.6,291.8,1.2,-2.9,1.3,-3.2,0.1,0.1,2.2,1.7,0.7,1.1,110217.0,1.9,613.0,-1.3,0.9,0.043,14112.0,0.2,25.0,0.9,1.3,0.006,1.4,-0.06,1.07,10.1,7.3,0.0118,30,43,-32,15,91.7,138,-57,81,0.9,0.007202,999999.99,99999.99,99999.99,99999.99,99999.99,99999.99,0,2005-01-24 01:00:00
2005,24,2,2340,51,52,57,34,4.3,3.8,1.4,306.6,2.2,-3.0,0.1,-2.8,-1.0,0.1,1.8,0.9,0.8,1.4,103276.0,2.0,598.0,-1.6,-0.8,0.04,9256.0,0.1,13.0,0.8,1.8,0.005,1.39,0.6,1.04,9.8,7.1,0.0123,30,43,-28,15,91.7,125,-64,61,1.9,0.007202,9.12,4.61,2.51,1.26,0.35,0.19,-1,2005-01-24 02:00:00
2005,24,3,2340,51,52,60,37,3.9,3.1,18.5,315.6,2.1,-2.1,1.0,-2.3,0.3,0.3,2.1,1.4,1.1,1.2,123658.0,2.0,595.0,-0.5,0.4,0.05,16912.0,0.2,15.0,1.3,1.4,0.008,1.42,-0.18,1.38,10.8,7.3,0.0102,17,43,-26,6,91.7,109,-22,87,1.4,0.007202,9.95,4.87,2.57,1.28,0.38,0.2,-1,2005-01-24 03:00:00
2005,24,4,2340,51,52,57,35,3.9,3.6,11.0,342.7,3.3,-1.0,0.7,-1.1,0.4,0.4,1.5,0.7,0.7,1.2,126544.0,2.0,573.0,-0.2,-0.0,0.059,18553.0,0.1,9.0,1.2,1.6,0.007,1.36,-0.23,1.39,10.4,7.0,0.011,17,43,-25,6,91.7,57,-7,50,0.6,0.007202,8.69,4.42,2.31,1.11,0.35,0.2,-1,2005-01-24 04:00:00
2005,24,5,2340,51,52,64,38,4.1,3.1,8.9,303.8,1.7,-2.5,0.5,-2.5,0.0,0.2,2.6,1.8,1.2,1.4,131215.0,2.1,593.0,-1.1,-0.5,0.053,20797.0,0.2,17.0,1.0,1.2,0.007,1.49,-0.0,1.35,10.5,7.1,0.0108,17,43,-24,6,91.7,83,-19,64,0.7,0.007202,8.27,4.26,2.31,1.16,0.36,0.19,-1,2005-01-24 05:00:00
2005,24,6,2340,51,52,59,36,4.1,3.1,29.8,294.8,1.1,-2.4,1.5,-2.6,1.1,0.3,2.6,1.5,1.4,1.5,144760.0,2.4,603.0,-0.5,-0.2,0.052,16661.0,0.1,10.0,1.1,0.8,0.005,1.76,-0.66,1.62,11.4,7.4,0.0092,17,43,-22,6,91.7,89,-47,42,0.3,0.007202,7.36,3.9,2.13,1.05,0.31,0.18,-1,2005-01-24 06:00:00
2005,24,7,2340,51,52,61,38,3.9,3.7,3.3,303.0,2.0,-3.1,0.2,-3.1,-0.2,0.3,1.4,0.6,0.3,1.2,134896.0,2.3,598.0,-1.4,-1.0,0.05,8693.0,0.1,6.0,0.5,1.2,0.004,1.65,0.12,1.66,11.6,7.5,0.0088,17,43,-24,6,91.7,82,-36,45,0.5,0.007202,6.85,3.61,1.9,0.89,0.29,0.17,-1,2005-01-24 07:00:00
2005,24,8,2340,51,52,58,36,3.9,3.1,11.7,344.2,2.9,-0.8,0.6,-0.8,0.5,0.1,2.3,1.0,1.6,1.3,110618.0,2.1,583.0,0.4,-0.2,0.044,12900.0,0.1,18.0,2.2,1.3,0.007,1.4,-0.29,1.37,10.8,7.3,0.0101,17,43,-24,6,91.7,162,-94,68,1.2,0.007202,7.07,3.81,2.11,1.06,0.34,0.18,-1,2005-01-24 08:00:00
2005,24,9,2340,51,52,61,32,3.7,2.2,-6.1,345.6,2.1,-0.5,-0.2,-0.5,-0.2,0.3,3.0,1.5,2.1,1.5,124923.0,2.1,582.0,1.5,-1.4,0.054,24508.0,0.2,14.0,1.7,1.3,0.008,1.44,0.12,1.62,11.4,7.4,0.0092,20,43,-24,7,91.7,227,-141,86,1.9,0.007202,6.47,3.48,1.87,0.89,0.36,0.2,-1,2005-01-24 09:00:00
2005,24,10,2340,51,52,60,21,3.1,2.7,-30.8,9.3,2.3,0.4,-1.4,0.5,-1.4,0.7,1.6,0.8,1.1,0.9,141241.0,2.5,611.0,3.3,-1.6,0.054,8510.0,0.2,13.0,0.7,0.5,0.005,1.9,0.86,2.92,15.6,8.3,0.0049,20,43,-26,7,91.7,254,-106,148,1.4,0.007202,5.59,3.25,1.88,0.98,0.36,0.18,-1,2005-01-24 10:00:00
2005,24,11,2340,51,52,59,36,4.0,3.8,-25.3,335.7,3.1,-1.4,-1.6,-1.3,-1.7,0.2,1.1,0.3,0.8,0.7,124897.0,2.4,591.0,1.1,-1.1,0.052,12554.0,0.2,6.0,1.3,0.6,0.009,1.69,1.0,1.58,11.4,7.4,0.0091,20,43,-29,7,91.7,250,-159,91,2.1,0.007202,5.1,2.85,1.48,0.58,0.31,0.18,-1,2005-01-24 11:00:00
2005,24,12,2340,51,52,59,37,4.1,3.9,-17.0,9.2,3.7,0.6,-1.1,0.7,-1.1,0.1,1.1,0.3,0.8,0.6,135058.0,2.5,577.0,2.4,-0.9,0.049,17907.0,0.1,3.0,1.1,0.4,0.006,1.66,0.63,1.63,11.1,7.2,0.0096,30,43,-31,15,91.7,217,-158,60,1.3,0.007202,5.01,2.8,1.48,0.63,0.31,0.19,-1,2005-01-24 12:00:00
2005,24,13,2340,51,52,59,33,3.9,3.8,2.7,6.4,3.7,0.4,0.2,0.4,0.2,0.3,1.1,0.5,0.9,0.5,110678.0,2.4,563.0,1.6,0.1,0.042,15529.0,0.1,6.0,0.7,0.4,0.005,1.48,-0.11,1.57,11.2,7.3,0.0095,30,43,-30,15,91.7,324,-279,46,1.1,0.007202,5.33,3.02,1.67,0.83,0.29,0.16,-1,2005-01-24 13:00:00
2005,24,14,2340,51,52,58,35,4.3,3.6,-19.7,13.3,3.3,0.8,-1.2,1.0,-1.1,0.4,2.3,1.7,0.8,1.3,117182.0,2.4,561.0,1.9,-0.8,0.051,16734.0,0.2,9.0,0.6,0.8,0.013,1.52,0.62,1.33,10.1,6.9,0.0116,30,43,-28,15,91.7,107,-46,61,0.9,0.007202,5.26,3.0,1.64,0.77,0.31,0.19,-1,2005-01-24 14:00:00
2005,24,15,2340,51,52,62,38,4.5,3.7,-26.1,3.6,3.3,0.2,-1.6,0.5,-1.5,0.2,2.5,0.5,2.1,1.4,108279.0,2.7,540.0,1.8,-1.8,0.059,9707.0,0.2,10.0,1.4,1.5,0.01,1.63,0.81,1.31,9.9,6.7,0.0122,30,43,-26,15,91.7,364,-324,41,2.2,0.007202,999999.99,99999.99,99999.99,99999.99,99999.99,99999.99,0,2005-01-24 15:00:00
2005,24,16,2340,51,52,60,38,4.7,4.4,-25.4,342.9,3.8,-1.2,-1.9,-0.8,-2.1,0.1,1.7,0.3,1.5,0.9,105619.0,2.4,560.0,2.5,-1.3,0.051,10388.0,0.2,5.0,1.5,0.7,0.008,1.51,1.18,1.06,9.2,6.7,0.014,30,43,-26,15,91.7,346,-313,33,1.8,0.007202,999999.99,99999.99,99999.99,99999.99,99999.99,99999.99,0,2005-01-24 16:00:00
2005,24,17,2340,51,52,62,36,3.8,3.0,-2.7,294.3,1.2,-2.7,-0.1,-2.6,-0.8,0.2,2.2,1.5,1.1,1.1,150265.0,2.7,578.0,1.6,0.1,0.062,9715.0,0.1,10.0,0.8,0.9,0.004,1.88,0.46,2.17,12.5,7.4,0.0076,30,43,-24,15,91.7,387,-312,75,2.0,0.007202,999999.99,99999.99,99999.99,99999.99,99999.99,99999.99,0,2005-01-24 17:00:00
2005,24,18,2340,51,52,57,35,3.6,3.1,-0.2,305.9,1.8,-2.5,0.0,-2.4,-0.8,0.1,1.7,1.5,0.4,0.7,130864.0,2.7,563.0,1.4,0.1,0.056,8902.0,0.2,11.0,0.3,0.6,0.007,1.75,0.45,2.25,12.8,7.5,0.0072,20,43,-21,7,91.7,224,-188,36,1.6,0.007202,999999.99,99999.99,99999.99,99999.99,99999.99,99999.99,0,2005-01-24 18:00:00
2005,24,19,2340,51,52,59,37,3.6,3.5,-0.8,319.4,2.6,-2.3,0.0,-2.2,-0.8,0.1,0.8,0.4,0.3,0.6,124366.0,2.5,546.0,1.7,0.1,0.06,5054.0,0.1,5.0,1.1,0.6,0.006,1.54,0.44,2.03,12.0,7.2,0.0083,20,43,-21,7,91.7,117,-75,42,0.9,0.007202,999999.99,99999.99,99999.99,99999.99,99999.99,99999.99,0,2005-01-24 19:00:00
2005,24,20,2340,51,52,60,36,3.7,3.4,29.2,318.3,2.2,-2.0,1.7,-2.5,0.8,0.2,1.4,0.6,0.8,0.9,129988.0,2.6,545.0,1.8,0.8,0.065,12490.0,0.1,3.0,0.4,0.3,0.007,1.63,-0.44,2.04,11.9,7.1,0.0084,20,43,-23,7,91.7,46,-19,27,0.2,0.007202,999999.99,99999.99,99999.99,99999.99,99999.99,99999.99,0,2005-01-24 20:00:00
2005,24,21,2340,51,52,59,37,3.8,3.4,-0.7,345.1,3.3,-0.9,0.0,-0.8,-0.4,0.1,1.8,0.5,1.1,1.3,122618.0,2.5,537.0,2.6,-0.3,0.069,8348.0,0.1,4.0,0.5,0.8,0.005,1.54,0.21,1.81,11.2,7.0,0.0095,17,43,-24,6,91.7,52,-16,35,0.1,0.007202,999999.99,99999.99,99999.99,99999.99,99999.99,99999.99,0,2005-01-24 21:00:00
2005,24,22,2340,51,52,62,38,3.5,3.2,10.0,314.4,2.2,-2.2,0.5,-2.2,-0.5,0.2,1.5,0.9,0.6,1.0,112062.0,2.4,543.0,1.6,0.1,0.057,15944.0,0.2,7.0,0.6,0.8,0.006,1.45,0.27,1.96,12.0,7.3,0.0082,17,43,-21,6,91.7,99,-68,31,0.7,0.007202,999999.99,99999.99,99999.99,99999.99,99999.99,99999.99,0,2005-01-24 22:00:00
2005,24,23,2340,51,52,59,36,3.5,3.3,-5.7,345.2,3.2,-0.8,-0.3,-0.6,-0.6,0.2,1.1,0.4,0.9,0.5,109402.0,2.3,542.0,2.4,-0.6,0.052,14463.0,0.1,6.0,1.2,0.7,0.005,1.36,0.33,1.86,11.7,7.3,0.0086,17,43,-23,6,91.7,92,-64,27,0.8,0.007202,999999.99,99999.99,99999.99,99999.99,99999.99,99999.99,0,2005-01-24 23:00:00
2005,25,0,2340,51,52,40,23,3.2,3.2,-1.9,353.7,3.1,-0.4,-0.1,-0.3,-0.3,0.1,0.6,0.1,0.4,0.4,9999999.0,2.2,542.0,3.0,-0.9,0.052,9999999.0,0.1,2.0,0.2,0.2,0.003,1.3,0.16,999.99,12.6,99.9,0.0075,10,49,-25,4,91.2,53,-13,40,0.3,0.007119,999999.99,99999.99,99999.99,99999.99,99999.99,99999.99,0,2005-01-25 00:00:00
2005,25,1,2340,51,52,12,8,3.0,3.0,9.2,317.1,2.1,-2.0,0.5,-2.0,-0.3,0.0,0.4,0.2,0.3,0.3,91500.0,2.1,510.0,1.4,0.2,0.053,1863.0,0.0,1.0,0.2,0.2,0.003,1.11,0.15,2.13,12.3,7.3,0.0078,10,49,-23,4,91.2,46,-6,40,0.2,0.007119,999999.99,99999.99,99999.99,99999.99,99999.99,99999.99,0,2005-01-25 01:00:00
2005,25,2,2340,51,52,60,36,3.0,2.9,8.7,337.3,2.7,-1.1,0.4,-1.2,0.0,0.1,0.6,0.2,0.4,0.4,85258.0,2.1,504.0,1.5,-0.2,0.052,11683.0,0.1,4.0,0.2,0.4,0.007,1.08,-0.0,2.07,12.2,7.3,0.008,10,49,-21,4,91.2,37,-7,30,0.1,0.007119,999999.99,99999.99,99999.99,99999.99,99999.99,99999.99,0,2005-01-25 02:00:00
2005,25,3,2340,51,52,57,36,3.4,3.2,11.5,330.9,2.7,-1.5,0.6,-1.6,0.1,0.2,1.0,0.3,0.7,0.7,82456.0,1.9,489.0,1.0,1.0,0.042,11400.0,0.2,6.0,0.6,1.0,0.006,0.89,-0.05,1.44,9.9,6.6,0.0121,3,49,-21,2,91.2,38,-4,34,0.1,0.007119,999999.99,99999.99,99999.99,99999.99,99999.99,99999.99,0,2005-01-25 03:00:00
2005,25,4,2340,51,52,58,36,3.2,3.0,-8.9,324.3,2.4,-1.8,-0.5,-1.6,-1.0,0.2,0.9,0.4,0.3,0.7,92988.0,2.0,481.0,0.9,0.4,0.05,6452.0,0.1,4.0,0.5,0.6,0.004,0.93,0.48,1.8,10.6,6.7,0.0105,3,49,-21,2,91.2,41,-7,34,0.1,0.007119,999999.99,99999.99,99999.99,99999.99,99999.99,99999.99,0,2005-01-25 04:00:00
2005,25,5,2340,51,52,61,36,3.0,2.7,40.2,335.5,1.9,-0.8,1.7,-1.1,1.5,0.4,1.3,0.6,0.7,0.9,83289.0,2.1,478.0,1.1,2.0,0.041,12941.0,0.2,4.0,0.6,1.2,0.006,0.93,-0.72,2.05,11.5,6.9,0.0089,3,49,-19,2,91.2,50,-5,45,-0.1,0.007119,3.31,2.01,1.08,0.41,0.23,0.16,-1,2005-01-25 05:00:00
2005,25,6,2340,51,52,60,37,3.0,2.9,10.8,319.5,2.1,-1.8,0.5,-1.9,0.2,0.1,0.8,0.3,0.2,0.7,84005.0,2.5,477.0,-0.2,0.6,0.04,2986.0,0.1,3.0,0.3,0.4,0.002,1.1,-0.1,2.45,12.6,7.1,0.0075,10,49,-16,4,91.2,69,-9,60,0.6,0.007119,3.25,2.05,1.15,0.52,0.27,0.18,-1,2005-01-25 06:00:00
2005,25,7,2340,51,52,61,38,3.1,2.9,-32.2,311.1,1.6,-1.8,-1.5,-1.6,-1.7,0.2,1.1,0.5,0.5,0.8,83876.0,2.6,477.0,0.0,-0.1,0.043,5119.0,0.1,3.0,1.0,0.4,0.005,1.16,0.81,2.39,12.4,7.1,0.0077,10,49,-14,4,91.2,85,-12,73,0.7,0.007119,3.12,1.92,1.05,0.43,0.25,0.17,-1,2005-01-25 07:00:00
2005,25,8,2340,51,52,60,37,3.6,3.0,-22.3,295.8,1.2,-2.5,-1.1,-2.4,-1.3,0.1,1.9,0.3,1.2,1.5,74791.0,2.9,479.0,-0.1,-0.0,0.04,8778.0,0.1,1.0,0.8,0.7,0.007,1.29,0.62,1.89,11.3,7.0,0.0093,10,49,-15,4,91.2,119,-32,87,0.5,0.007119,3.14,1.96,1.1,0.47,0.26,0.15,-1,2005-01-25 08:00:00
2005,25,9,2340,51,52,59,36,3.8,3.4,-25.9,283.0,0.7,-3.0,-1.5,-2.9,-1.7,0.1,1.6,0.4,0.7,1.4,69149.0,3.4,476.0,-0.2,-0.7,0.04,3421.0,0.1,2.0,0.5,0.3,0.003,1.49,0.81,1.93,11.5,7.1,0.0089,10,49,-19,4,91.2,136,-105,31,0.8,0.007119,2.95,1.85,1.01,0.42,0.24,0.15,-1,2005-01-25 09:00:00
2005,25,10,2340,51,52,59,35,3.3,3.0,-6.5,276.9,0.4,-3.0,-0.3,-3.0,-0.5,0.4,1.5,1.2,0.8,0.5,68795.0,3.7,473.0,-0.8,-0.8,0.047,4684.0,0.3,6.0,0.4,0.3,0.006,1.64,0.24,2.79,13.8,7.5,0.0063,10,49,-18,4,91.2,217,-144,72,0.7,0.007119,2.98,1.84,1.01,0.4,0.23,0.15,-1,2005-01-25 10:00:00
2005,25,11,2340,51,52,61,38,3.6,3.3,14.3,218.6,-2.5,-2.0,0.8,-2.0,0.7,0.3,1.4,1.1,0.6,0.5,50003.0,3.7,481.0,-0.2,-0.4,0.049,10551.0,0.3,4.0,0.6,0.4,0.004,1.71,-0.34,2.12,12.9,7.6,0.0072,10,49,-17,4,91.2,139,-69,71,0.4,0.007119,2.94,1.81,1.01,0.43,0.24,0.15,-1,2005-01-25 11:00:00
2005,25,12,2340,51,52,59,36,4.1,3.8,14.8,218.8,-2.8,-2.3,1.0,-2.4,0.8,0.2,1.5,0.6,0.9,1.1,52826.0,3.6,471.0,0.1,-1.2,0.05,6485.0,0.3,3.0,0.5,0.5,0.004,1.6,-0.38,1.61,10.9,7.0,0.01,7,49,-16,3,91.2,120,-73,47,0.4,0.007119,2.8,1.75,0.97,0.41,0.24,0.18,-1,2005-01-25 12:00:00
2005,25,13,2340,51,52,60,37,4.2,3.9,-24.1,227.6,-2.4,-2.6,-1.6,-2.4,-1.9,0.2,1.5,0.9,0.6,1.0,54997.0,3.9,470.0,-0.7,-2.0,0.047,4378.0,0.3,3.0,0.7,0.4,0.004,1.71,0.89,1.69,11.0,7.1,0.0097,7,49,-15,3,91.2,177,-124,54,0.9,0.007119,2.62,1.64,0.92,0.4,0.23,0.15,-1,2005-01-25 13:00:00
2005,25,14,2340,51,52,59,36,3.6,3.5,-32.5,238.6,-1.5,-2.5,-1.9,-2.2,-2.2,0.3,1.0,0.6,0.6,0.7,58860.0,4.1,468.0,-0.9,-1.9,0.045,9087.0,0.3,3.0,0.6,0.6,0.004,1.77,1.03,2.46,13.2,7.4,0.0069,7,49,-17,3,91.2,304,-189,115,1.7,0.007119,2.77,1.72,0.96,0.42,0.24,0.15,-1,2005-01-25 14:00:00
2005,25,15,2340,51,52,59,37,3.3,3.3,-20.0,211.0,-2.7,-1.6,-1.1,-1.4,-1.4,0.1,0.3,0.2,0.2,0.2,58427.0,3.7,459.0,-0.9,-1.4,0.049,3164.0,0.1,3.0,0.2,0.2,0.002,1.56,0.64,2.64,13.4,7.4,0.0066,10,49,-21,4,91.2,237,-170,67,1.3,0.007119,999999.99,99999.99,99999.99,99999.99,99999.99,99999.99,0,2005-01-25 15:00:00
2005,25,16,2340,51,52,61,37,3.5,3.5,-20.2,211.6,-2.8,-1.7,-1.2,-1.4,-1.5,0.3,0.8,0.6,0.3,0.3,56401.0,3.9,454.0,-1.1,-0.8,0.048,5690.0,0.5,5.0,0.3,0.3,0.004,1.6,0.68,2.45,12.8,7.3,0.0073,10,49,-22,4,91.2,126,-105,21,1.0,0.007119,999999.99,99999.99,99999.99,99999.99,99999.99,99999.99,0,2005-01-25 16:00:00
2005,25,17,2340,51,52,55,35,3.6,3.0,-48.0,303.2,1.1,-1.7,-2.2,-1.0,-2.6,0.4,2.0,1.9,0.4,0.5,59986.0,3.8,442.0,-0.3,-0.9,0.049,6082.0,0.6,12.0,0.5,0.4,0.004,1.48,1.15,2.3,12.0,6.9,0.0083,10,49,-21,4,91.2,137,-112,24,1.1,0.007119,999999.99,99999.99,99999.99,99999.99,99999.99,99999.99,0,2005-01-25 17:00:00
2005,25,18,2340,51,52,60,36,3.6,3.5,-24.1,338.7,2.9,-1.1,-1.4,-0.6,-1.7,0.2,1.0,0.4,0.7,0.7,60291.0,3.2,431.0,-0.3,-1.0,0.053,14197.0,0.2,4.0,0.3,0.4,0.005,1.2,0.73,1.94,10.7,6.5,0.0104,17,49,-22,6,91.2,122,-86,35,0.9,0.007119,999999.99,99999.99,99999.99,99999.99,99999.99,99999.99,0,2005-01-25 18:00:00
2005,25,19,2340,51,52,57,34,3.1,1.5,-47.6,254.9,-0.3,-1.0,-1.1,-0.5,-1.4,0.4,2.7,2.7,0.4,0.4,51565.0,2.9,428.0,-1.1,-1.1,0.056,11266.0,0.3,6.0,0.5,0.4,0.007,1.09,0.6,2.26,11.8,6.8,0.0086,17,49,-25,6,91.2,267,-223,44,1.3,0.007119,999999.99,99999.99,99999.99,99999.99,99999.99,99999.99,0,2005-01-25 19:00:00
2005,25,20,2340,51,52,59,37,2.5,2.2,-21.2,302.0,1.1,-1.8,-0.8,-1.4,-1.4,0.6,1.2,0.8,0.6,0.6,61858.0,3.6,409.0,-1.6,-0.5,0.057,7757.0,0.3,5.0,0.4,0.3,0.004,1.23,0.57,4.56,15.5,7.0,0.0049,17,49,-24,6,91.2,211,-170,41,1.1,0.007119,999999.99,99999.99,99999.99,99999.99,99999.99,99999.99,0,2005-01-25 20:00:00
2005,25,21,2340,51,52,63,39,3.4,3.2,-20.3,331.7,2.7,-1.4,-1.1,-0.8,-1.6,0.3,1.0,0.6,0.6,0.6,57055.0,3.2,413.0,-1.3,-0.1,0.055,4738.0,0.2,7.0,0.4,0.3,0.003,1.11,0.66,2.14,10.9,6.4,0.0101,10,49,-19,4,91.2,108,-69,40,1.0,0.007119,999999.99,99999.99,99999.99,99999.99,99999.99,99999.99,0,2005-01-25 21:00:00
2005,25,22,2340,51,52,58,35,3.3,3.3,-10.4,324.3,2.6,-1.9,-0.6,-1.5,-1.3,0.1,0.6,0.4,0.4,0.2,57647.0,3.2,415.0,-1.6,-0.0,0.057,4410.0,0.1,3.0,0.4,0.6,0.003,1.13,0.54,2.27,11.2,6.5,0.0094,10,49,-20,4,91.2,51,-27,24,0.5,0.007119,999999.99,99999.99,99999.99,99999.99,99999.99,99999.99,0,2005-01-25 22:00:00
2005,25,23,2340,51,52,62,38,3.1,2.8,-2.2,305.3,1.6,-2.3,-0.1,-2.0,-1.1,0.2,1.4,1.2,0.5,0.5,60178.0,3.6,415.0,-1.2,0.7,0.052,6275.0,0.2,4.0,0.6,0.5,0.003,1.25,0.46,2.94,12.7,6.8,0.0074,10,49,-21,4,91.2,50,-26,24,0.6,0.007119,999999.99,99999.99,99999.99,99999.99,99999.99,99999.99,0,2005-01-25 23:00:00
2005,26,0,2340,51,52,58,35,3.3,3.2,2.9,277.3,0.4,-3.1,0.2,-2.9,-1.1,0.3,0.9,0.6,0.3,0.5,65287.0,3.9,420.0,-0.8,0.9,0.052,11211.0,0.2,7.0,0.7,0.6,0.007,1.39,0.46,2.89,12.6,6.7,0.0075,7,35,-18,3,86.6,39,-15,23,0.6,0.007039,999999.99,99999.99,99999.99,99999.99,99999.99,99999.99,0,2005-01-26 00:00:00
2005,26,1,2340,51,52,60,36,3.1,2.7,-14.3,255.3,-0.7,-2.6,-0.7,-2.1,-1.7,0.4,1.6,1.4,0.7,0.4,54982.0,3.9,414.0,-1.2,0.5,0.051,8909.0,0.2,3.0,0.6,0.2,0.004,1.34,0.7,3.1,13.2,6.9,0.0068,7,35,-18,3,86.6,48,-16,32,0.9,0.007039,999999.99,99999.99,99999.99,99999.99,99999.99,99999.99,0,2005-01-26 01:00:00
2005,26,2,2340,51,52,57,34,2.6,2.5,-21.3,243.5,-1.0,-2.1,-0.9,-1.6,-1.6,0.2,0.7,0.5,0.4,0.3,59475.0,3.9,410.0,-0.7,1.0,0.053,4101.0,0.2,3.0,0.2,0.3,0.004,1.33,0.66,4.51,15.6,7.0,0.0049,7,35,-18,3,86.6,67,-13,54,0.8,0.007039,999999.99,99999.99,99999.99,99999.99,99999.99,99999.99,0,2005-01-26 02:00:00
2005,26,3,2340,51,52,60,37,3.1,2.5,27.1,341.9,2.1,-0.7,1.2,-1.0,0.9,0.2,1.7,0.5,1.6,0.5,54180.0,3.5,393.0,-0.2,2.4,0.056,4610.0,0.2,3.0,1.0,0.5,0.004,1.1,-0.35,2.77,11.9,6.4,0.0085,3,35,-16,2,86.6,40,-1,39,0.2,0.007039,999999.99,99999.99,99999.99,99999.99,99999.99,99999.99,0,2005-01-26 03:00:00
2005,26,4,2340,51,52,60,37,2.7,2.1,5.8,261.0,-0.3,-2.1,0.2,-2.1,-0.4,0.2,1.6,1.2,0.6,0.8,51155.0,3.7,399.0,-0.9,1.9,0.057,8058.0,0.2,5.0,0.4,0.6,0.005,1.21,0.16,3.79,14.2,6.9,0.0059,3,35,-12,2,86.6,42,-4,38,0.0,0.007039,999999.99,99999.99,99999.99,99999.99,99999.99,99999.99,0,2005-01-26 04:00:00
2005,26,5,2340,51,52,58,35,2.5,2.2,15.2,257.1,-0.5,-2.0,0.6,-2.1,0.1,0.2,1.3,0.8,0.5,0.8,49549.0,3.9,396.0,-0.8,2.1,0.053,3743.0,0.2,4.0,0.4,0.6,0.003,1.24,-0.04,4.62,15.6,7.0,0.0049,3,35,-12,2,86.6,36,-7,29,-0.0,0.007039,999999.99,99999.99,99999.99,99999.99,99999.99,99999.99,0,2005-01-26 05:00:00
2005,26,6,2340,51,52,60,35,3.2,3.1,32.2,16.7,2.5,0.8,1.7,0.5,1.8,0.3,0.7,0.4,0.4,0.4,45132.0,3.5,385.0,0.5,2.4,0.042,4317.0,0.3,3.0,0.2,0.5,0.005,1.01,-0.69,2.47,11.3,6.4,0.0094,3,35,-14,2,86.6,27,-3,24,-0.2,0.007039,999999.99,99999.99,99999.99,99999.99,99999.99,99999.99,0,2005-01-26 06:00:00
2005,26,7,2340,51,52,60,37,3.2,2.8,21.1,337.9,2.4,-1.0,1.0,-1.1,0.9,0.3,1.6,0.8,1.0,1.0,46702.0,3.6,382.0,-0.1,2.3,0.051,4862.0,0.2,3.0,0.6,0.6,0.006,1.06,-0.34,2.56,11.3,6.3,0.0093,3,35,-13,2,86.6,32,-3,29,-0.2,0.007039,999999.99,99999.99,99999.99,99999.99,99999.99,99999.99,0,2005-01-26 07:00:00
2005,26,8,2340,51,52,58,36,3.1,2.6,-14.6,293.2,1.0,-2.3,-0.7,-2.2,-0.9,0.3,1.7,0.9,0.8,1.2,34184.0,3.8,381.0,-2.0,1.3,0.053,6449.0,0.2,6.0,0.7,1.3,0.008,1.12,0.34,2.67,12.0,6.6,0.0083,3,35,-11,2,86.6,45,-6,39,-0.1,0.007039,999999.99,99999.99,99999.99,99999.99,99999.99,99999.99,0,2005-01-26 08:00:00
2005,26,9,2340,51,52,62,38,3.5,3.2,-11.5,327.5,2.6,-1.7,-0.6,-1.7,-0.7,0.1,1.3,0.4,0.6,1.1,38382.0,3.9,371.0,-1.1,1.0,0.055,4677.0,0.2,2.0,0.5,0.8,0.005,1.09,0.26,2.21,10.5,6.1,0.0109,7,35,-13,3,86.6,107,-47,61,0.2,0.007039,2.2,1.39,0.79,0.35,0.22,0.16,-1,2005-01-26 09:00:00
2005,26,10,2340,51,52,55,33,3.1,2.6,35.6,288.7,0.7,-2.0,1.5,-2.1,1.4,0.2,1.5,1.0,0.6,0.9,41024.0,3.9,379.0,-2.0,2.2,0.057,3808.0,0.2,7.0,0.4,0.9,0.005,1.15,-0.53,2.86,12.1,6.5,0.0082,7,35,-14,3,86.6,118,-71,47,0.1,0.007039,2.26,1.47,0.83,0.37,0.23,0.17,-1,2005-01-26 10:00:00
2005,26,11,2340,51,52,64,39,3.3,2.3,-33.8,290.7,0.7,-1.8,-1.3,-1.7,-1.4,0.3,2.3,1.0,0.7,1.9,38856.0,4.0,378.0,-1.4,-0.1,0.05,7119.0,0.3,6.0,0.7,1.6,0.006,1.15,0.53,2.56,11.5,6.4,0.0091,7,35,-15,3,86.6,99,-48,51,0.4,0.007039,2.11,1.41,0.82,0.38,0.23,0.16,-1,2005-01-26 11:00:00
2005,26,12,2340,51,52,58,35,2.7,1.9,32.0,305.8,0.9,-1.3,1.0,-1.4,0.9,0.6,2.0,1.2,0.6,1.5,46829.0,4.1,377.0,-1.1,2.0,0.049,8853.0,0.3,7.0,0.7,1.4,0.006,1.16,-0.34,4.1,14.1,6.6,0.006,7,35,-18,3,86.6,93,-54,39,0.2,0.007039,2.0,1.32,0.73,0.3,0.19,0.18,-1,2005-01-26 12:00:00
2005,26,13,2340,51,52,60,37,3.7,3.5,18.2,320.5,2.6,-2.1,1.1,-2.2,0.9,0.0,1.0,0.4,0.3,0.9,33827.0,3.7,365.0,-2.6,2.2,0.046,3503.0,0.2,4.0,0.6,1.2,0.005,0.97,-0.33,1.82,9.5,5.9,0.0132,7,35,-17,3,86.6,107,-80,27,0.2,0.007039,999999.99,99999.99,99999.99,99999.99,99999.99,99999.99,0,2005-01-26 13:00:00
2005,26,14,2340,51,52,58,36,3.7,3.5,8.7,319.5,2.6,-2.3,0.5,-2.3,0.2,0.0,1.1,0.4,0.5,0.8,32283.0,3.9,362.0,-2.7,1.5,0.042,4470.0,0.3,4.0,0.5,1.1,0.006,1.0,-0.07,1.9,9.7,5.9,0.0127,7,35,-16,3,86.6,51,-9,42,0.3,0.007039,999999.99,99999.99,99999.99,99999.99,99999.99,99999.99,0,2005-01-26 14:00:00
2005,26,15,2340,51,52,60,38,3.7,3.5,4.9,323.5,2.8,-2.0,0.3,-2.0,-0.1,0.1,1.3,0.3,0.5,1.2,34415.0,4.1,361.0,-2.3,1.2,0.041,4105.0,0.3,3.0,0.6,1.6,0.006,1.04,0.04,2.03,9.9,6.0,0.0122,3,35,-15,2,86.6,34,-9,25,0.5,0.007039,999999.99,99999.99,99999.99,99999.99,99999.99,99999.99,0,2005-01-26 15:00:00
2005,26,16,2340,51,52,59,36,3.8,3.4,1.8,340.8,3.2,-1.1,0.1,-1.1,-0.2,0.0,1.5,0.4,1.1,1.0,31098.0,3.8,355.0,-1.5,0.9,0.046,6807.0,0.5,5.0,1.4,1.4,0.006,0.95,0.07,1.75,9.1,5.8,0.0143,3,35,-13,2,86.6,34,-10,25,0.4,0.007039,999999.99,99999.99,99999.99,99999.99,99999.99,99999.99,0,2005-01-26 16:00:00
2005,26,17,2340,51,52,60,37,3.9,3.8,-13.6,344.2,3.6,-1.0,-0.9,-0.7,-1.1,0.0,0.7,0.2,0.4,0.5,33367.0,4.1,352.0,-1.3,-0.5,0.046,2881.0,0.2,2.0,1.0,0.8,0.003,1.0,0.39,1.81,9.1,5.7,0.0142,3,35,-12,2,86.6,46,-21,26,0.4,0.007039,999999.99,99999.99,99999.99,99999.99,99999.99,99999.99,0,2005-01-26 17:00:00
2005,26,18,2340,51,52,59,36,4.0,3.9,-0.2,337.9,3.6,-1.5,0.0,-1.4,-0.5,0.1,0.7,0.3,0.4,0.6,33230.0,4.5,353.0,-2.1,0.7,0.042,3534.0,0.3,3.0,0.4,0.7,0.005,1.09,0.18,1.89,9.4,5.8,0.0136,7,35,-10,3,86.6,121,-107,15,0.2,0.007039,999999.99,99999.99,99999.99,99999.99,99999.99,99999.99,0,2005-01-26 18:00:00
2005,26,19,2340,51,52,60,37,4.4,4.2,-23.9,4.3,3.9,0.3,-1.7,0.9,-1.5,0.1,1.1,0.2,0.7,0.8,30778.0,4.2,350.0,-0.6,-1.1,0.042,4576.0,0.2,3.0,0.9,0.8,0.004,1.0,0.53,1.44,8.2,5.4,0.0179,7,35,-7,3,86.6,120,-101,20,0.4,0.007039,999999.99,99999.99,99999.99,99999.99,99999.99,99999.99,0,2005-01-26 19:00:00
2005,26,20,2340,51,52,60,38,4.4,4.3,-13.4,2.2,4.2,0.2,-1.0,0.6,-0.8,0.1,0.6,0.1,0.5,0.3,22736.0,3.7,344.0,-0.7,-0.1,0.048,6104.0,0.5,2.0,0.4,0.3,0.006,0.87,0.28,1.2,7.5,5.3,0.021,7,35,-7,3,86.6,98,-80,18,0.4,0.007039,999999.99,99999.99,99999.99,99999.99,99999.99,99999.99,0,2005-01-26 20:00:00
2005,26,21,2340,51,52,59,32,4.2,4.1,-5.2,347.6,4.0,-0.9,-0.4,-0.7,-0.7,0.1,0.8,0.1,0.7,0.4,33193.0,4.4,346.0,-1.4,0.5,0.04,7087.0,0.5,4.0,1.0,0.6,0.009,1.02,0.24,1.68,8.6,5.5,0.0159,7,35,-12,3,86.6,84,-65,19,0.2,0.007039,999999.99,99999.99,99999.99,99999.99,99999.99,99999.99,0,2005-01-26 21:00:00
2005,26,22,2340,51,52,59,37,4.1,4.1,4.5,12.3,3.9,0.9,0.3,0.7,0.7,0.1,0.5,0.1,0.3,0.4,23549.0,4.0,342.0,0.6,1.1,0.044,4535.0,0.5,2.0,0.4,0.6,0.006,0.92,-0.24,1.5,8.3,5.5,0.0171,7,35,-14,3,86.6,35,-10,26,-0.1,0.007039,999999.99,99999.99,99999.99,99999.99,99999.99,99999.99,0,2005-01-26 22:00:00
2005,26,23,2340,51,52,59,36,4.1,4.0,-5.9,5.8,3.9,0.4,-0.4,0.5,-0.2,0.1,0.9,0.1,0.8,0.3,26476.0,4.3,340.0,0.1,0.3,0.046,4327.0,0.3,2.0,1.0,0.4,0.004,0.98,0.07,1.65,8.6,5.5,0.0161,7,35,-14,3,86.6,39,-10,29,-0.1,0.007039,999999.99,99999.99,99999.99,99999.99,99999.99,99999.99,0,2005-01-26 23:00:00
2005,27,0,2340,51,52,61,38,4.3,4.2,-8.6,323.6,3.3,-2.5,-0.6,-2.0,-1.6,0.2,0.8,0.3,0.6,0.4,32280.0,5.3,346.0,-2.5,-0.2,0.039,4934.0,0.5,5.0,0.8,0.4,0.006,1.22,0.55,1.92,9.3,5.7,0.0139,3,31,-12,2,84.3,29,-7,21,0.1,0.006948,999999.99,99999.99,99999.99,99999.99,99999.99,99999.99,0,2005-01-27 00:00:00
2005,27,1,2340,51,52,58,31,4.4,4.3,5.1,334.1,3.9,-1.9,0.4,-1.9,-0.4,0.1,0.9,0.4,0.6,0.4,25551.0,4.5,337.0,-2.4,0.5,0.047,6536.0,0.7,5.0,0.8,0.6,0.007,1.01,0.13,1.49,8.1,5.4,0.018,3,31,-11,2,84.3,26,-4,22,-0.1,0.006948,999999.99,99999.99,99999.99,99999.99,99999.99,99999.99,0,2005-01-27 01:00:00
2005,27,2,2340,51,52,61,38,4.2,3.9,9.0,348.2,3.8,-0.8,0.6,-1.0,0.3,0.1,1.6,0.5,1.4,0.6,22170.0,4.0,333.0,-1.1,0.6,0.051,6453.0,0.6,4.0,1.3,0.8,0.007,0.89,-0.1,1.42,7.9,5.3,0.0189,3,31,-9,2,84.3,27,-4,23,0.0,0.006948,999999.99,99999.99,99999.99,99999.99,99999.99,99999.99,0,2005-01-27 02:00:00
2005,27,3,2340,51,52,58,36,4.4,4.2,-3.6,328.6,3.6,-2.2,-0.3,-2.0,-1.0,0.1,1.2,0.6,1.1,0.2,26819.0,4.6,333.0,-2.5,-0.7,0.048,4862.0,0.4,4.0,0.9,0.4,0.008,1.02,0.33,1.53,8.1,5.3,0.0181,0,31,-10,0,84.3,21,-1,20,0.1,0.006948,999999.99,99999.99,99999.99,99999.99,99999.99,99999.99,0,2005-01-27 03:00:00
2005,27,4,2340,51,52,60,37,4.4,4.3,2.8,344.7,4.2,-1.1,0.2,-1.1,-0.1,0.0,0.8,0.2,0.4,0.6,23383.0,4.6,327.0,-1.7,-0.1,0.053,2104.0,0.2,1.0,0.4,0.8,0.005,1.0,0.03,1.5,8.0,5.3,0.0187,0,31,-11,0,84.3,24,-2,22,0.2,0.006948,999999.99,99999.99,99999.99,99999.99,99999.99,99999.99,0,2005-01-27 04:00:00
2005,27,5,2340,51,52,60,35,4.4,4.4,3.7,338.2,4.0,-1.6,0.3,-1.6,-0.1,0.1,0.7,0.2,0.5,0.4,23703.0,4.4,326.0,-2.7,-0.1,0.053,2541.0,0.2,2.0,0.6,0.7,0.005,0.95,0.03,1.44,7.8,5.2,0.0197,0,31,-8,0,84.3,22,-1,21,-0.0,0.006948,999999.99,99999.99,99999.99,99999.99,99999.99,99999.99,0,2005-01-27 05:00:00
2005,27,6,2340,51,52,60,38,4.5,4.4,1.4,314.6,3.1,-3.1,0.1,-3.1,-0.5,0.1,1.1,0.6,0.8,0.2,26677.0,5.4,333.0,-3.2,-0.5,0.039,3605.0,0.5,4.0,0.5,0.3,0.005,1.16,0.17,1.72,8.6,5.5,0.0161,3,31,-6,2,84.3,26,-4,22,-0.0,0.006948,999999.99,99999.99,99999.99,99999.99,99999.99,99999.99,0,2005-01-27 06:00:00
2005,27,7,2340,51,52,59,35,4.6,4.5,7.5,324.8,3.6,-2.6,0.6,-2.7,0.2,0.1,0.9,0.3,0.5,0.7,25716.0,5.6,329.0,-2.8,-0.2,0.038,3752.0,0.4,3.0,0.6,0.8,0.003,1.17,-0.07,1.7,8.5,5.4,0.0166,3,31,-1,2,84.3,31,-3,28,-0.1,0.006948,999999.99,99999.99,99999.99,99999.99,99999.99,99999.99,0,2005-01-27 07:00:00
2005,27,8,2340,51,52,59,36,4.9,4.8,2.0,344.7,4.6,-1.3,0.2,-1.3,0.1,0.1,0.6,0.1,0.4,0.5,18211.0,4.7,321.0,-2.0,-0.9,0.047,4679.0,0.4,2.0,0.5,0.4,0.006,0.96,-0.03,1.19,7.1,5.0,0.0236,3,31,0,2,84.3,40,-6,35,-0.2,0.006948,999999.99,99999.99,99999.99,99999.99,99999.99,99999.99,0,2005-01-27 08:00:00
2005,27,9,2340,51,52,62,37,4.8,4.3,5.7,329.8,3.7,-2.2,0.4,-2.2,0.2,0.1,2.1,1.2,1.4,1.0,21499.0,5.5,323.0,-2.1,-1.5,0.04,5397.0,1.0,6.0,0.7,0.6,0.009,1.11,-0.06,1.49,7.9,5.2,0.0191,3,31,0,2,84.3,103,-63,40,0.0,0.006948,999999.99,99999.99,99999.99,99999.99,99999.99,99999.99,0,2005-01-27 09:00:00
2005,27,10,2340,51,52,62,38,4.8,4.7,16.7,304.2,2.5,-3.7,1.4,-3.8,1.1,0.1,0.6,0.5,0.2,0.4,25936.0,6.8,330.0,-2.9,-0.8,0.031,1133.0,0.1,3.0,0.2,0.4,0.001,1.39,-0.36,1.89,9.0,5.5,0.0148,3,31,-1,2,84.3,74,-28,46,-0.1,0.006948,999999.99,99999.99,99999.99,99999.99,99999.99,99999.99,0,2005-01-27 10:00:00
2005,27,11,2340,51,52,58,36,4.8,4.8,18.3,287.7,1.4,-4.3,1.5,-4.4,1.2,0.1,0.7,0.5,0.1,0.4,25034.0,7.4,337.0,-3.1,-0.9,0.03,1188.0,0.3,3.0,0.2,0.4,0.001,1.57,-0.4,2.05,9.5,5.7,0.013,3,31,0,2,84.3,68,-22,46,-0.0,0.006948,999999.99,99999.99,99999.99,99999.99,99999.99,99999.99,0,2005-01-27 11:00:00
2005,27,12,2340,51,52,62,39,4.8,4.6,9.4,298.6,2.2,-4.0,0.7,-4.0,0.3,0.1,1.4,0.7,0.7,1.0,22729.0,7.8,334.0,-2.0,-1.6,0.029,2103.0,0.3,4.0,0.7,1.1,0.003,1.62,-0.1,2.13,9.7,5.8,0.0126,0,31,1,0,84.3,66,-11,55,0.1,0.006948,999999.99,99999.99,99999.99,99999.99,99999.99,99999.99,0,2005-01-27 12:00:00
2005,27,13,2340,51,52,60,35,4.8,4.7,17.0,305.0,2.6,-3.7,1.4,-3.8,1.0,0.1,0.8,0.6,0.3,0.3,21536.0,8.2,331.0,-2.1,-1.3,0.029,1140.0,0.2,3.0,0.4,0.2,0.001,1.67,-0.33,2.22,9.9,5.8,0.0122,0,31,1,0,84.3,75,-26,49,0.2,0.006948,999999.99,99999.99,99999.99,99999.99,99999.99,99999.99,0,2005-01-27 13:00:00
2005,27,14,2340,51,52,60,37,4.8,4.8,25.4,291.2,1.6,-4.0,2.0,-4.3,1.4,0.1,0.5,0.4,0.1,0.2,19108.0,9.3,332.0,-2.5,-1.6,0.031,848.0,0.4,2.0,0.2,0.1,0.001,1.92,-0.46,2.48,10.5,6.0,0.0107,0,31,3,0,84.3,49,-5,44,0.3,0.006948,999999.99,99999.99,99999.99,99999.99,99999.99,99999.99,0,2005-01-27 14:00:00
2005,27,15,2340,51,52,59,37,5.0,5.0,32.5,288.8,1.4,-4.0,2.7,-4.4,1.9,0.1,0.6,0.2,0.4,0.4,20104.0,9.1,332.0,-3.1,-1.5,0.031,1992.0,0.5,1.0,0.2,0.1,0.002,1.88,-0.63,2.25,10.0,5.8,0.0119,7,31,6,3,84.3,31,-2,29,0.4,0.006948,999999.99,99999.99,99999.99,99999.99,99999.99,99999.99,0,2005-01-27 15:00:00
2005,27,16,2340,51,52,61,37,5.7,5.5,24.8,286.0,1.4,-4.8,2.3,-5.2,1.1,0.6,1.5,0.7,0.8,1.1,22598.0,9.7,334.0,-3.1,-1.2,0.028,3191.0,1.1,1.0,0.6,0.3,0.003,2.01,-0.37,1.87,9.1,5.6,0.0143,7,31,6,3,84.3,29,-5,24,0.4,0.006948,999999.99,99999.99,99999.99,99999.99,99999.99,99999.99,0,2005-01-27 16:00:00
2005,27,17,2340,51,52,61,38,5.2,4.8,1.5,244.4,-2.1,-4.4,0.1,-4.3,-1.1,0.4,1.8,0.8,0.9,1.3,20401.0,12.2,335.0,-2.8,-2.1,0.032,3614.0,0.7,1.0,0.5,0.4,0.005,2.58,0.37,2.79,11.3,6.1,0.0094,7,31,5,3,84.3,42,-13,29,0.7,0.006948,999999.99,99999.99,99999.99,99999.99,99999.99,99999.99,0,2005-01-27 17:00:00
2005,27,18,2340,51,52,62,37,5.5,5.2,38.9,234.2,-2.4,-3.3,3.3,-4.2,2.1,0.5,1.6,0.7,1.2,0.9,26204.0,17.5,343.0,-4.0,-3.8,0.029,4634.0,2.8,5.0,0.7,0.4,0.011,3.84,-0.72,3.72,13.0,6.4,0.007,10,31,7,4,84.3,86,-55,31,0.2,0.006948,999999.99,99999.99,99999.99,99999.99,99999.99,99999.99,0,2005-01-27 18:00:00
2005,27,19,2340,51,52,60,36,4.6,3.8,31.6,228.2,-2.2,-2.4,2.0,-3.0,1.0,1.6,3.0,1.2,0.8,2.6,26833.0,23.8,347.0,-5.0,-4.6,0.017,6418.0,4.4,3.0,1.0,0.6,0.006,5.11,-0.35,7.26,18.4,6.8,0.0035,10,31,10,4,84.3,51,-26,25,0.2,0.006948,999999.99,99999.99,99999.99,99999.99,99999.99,99999.99,0,2005-01-27 19:00:00
2005,27,20,2340,51,52,59,37,4.2,1.0,30.4,259.7,-0.2,-0.8,0.5,-0.9,0.1,1.0,4.1,2.2,1.5,3.1,26802.0,26.7,342.0,-4.2,-4.0,0.017,6756.0,2.4,4.0,0.5,0.9,0.006,5.57,-0.03,9.77,21.0,6.8,0.0027,10,31,10,4,84.3,37,-4,33,0.4,0.006948,999999.99,99999.99,99999.99,99999.99,99999.99,99999.99,0,2005-01-27 20:00:00
2005,27,21,2340,51,52,59,36,3.7,3.6,74.8,253.4,-0.3,-0.9,3.5,-2.3,2.8,0.9,1.2,0.8,0.6,0.8,41980.0,25.6,341.0,-4.5,-2.3,0.022,4586.0,1.0,3.0,0.4,0.5,0.003,5.41,-0.95,13.25,23.3,6.6,0.0022,13,31,7,5,84.3,36,-4,32,0.1,0.006948,999999.99,99999.99,99999.99,99999.99,99999.99,99999.99,0,2005-01-27 21:00:00
2005,27,22,2340,51,52,60,36,2.9,2.8,55.9,226.7,-1.1,-1.1,2.3,-2.0,1.6,0.7,1.1,0.5,0.6,0.7,39865.0,26.4,339.0,-5.0,-2.9,0.027,3536.0,1.1,3.0,0.3,0.4,0.004,5.61,-0.54,21.97,30.0,6.7,0.0013,13,31,7,5,84.3,49,-16,32,0.1,0.006948,999999.99,99999.99,99999.99,99999.99,99999.99,99999.99,0,2005-01-27 22:00:00
2005,27,23,2340,51,52,63,39,4.8,2.2,18.6,107.5,-0.6,2.0,0.7,1.5,1.5,2.7,4.9,2.3,2.6,3.5,34906.0,26.7,338.0,-4.9,-4.1,0.027,6579.0,5.6,4.0,0.9,1.0,0.004,5.64,-0.51,7.87,18.2,6.5,0.0036,13,31,9,5,84.3,31,0,31,0.1,0.006948,999999.99,99999.99,99999.99,99999.99,99999.99,99999.99,0,2005-01-27 23:00:00
2005,28,0,2340,51,52,59,36,10.8,9.2,-31.9,81.9,1.1,7.8,-4.9,9.1,-1.1,0.5,5.5,3.2,2.7,3.6,49660.0,10.3,351.0,-2.1,-3.8,0.03,11561.0,2.5,6.0,2.1,1.3,0.01,2.37,0.39,0.65,5.2,4.2,0.0437,23,31,-1,9,82.4,46,-22,24,0.3,0.006833,999999.99,99999.99,99999.99,99999.99,99999.99,99999.99,0,2005-01-28 00:00:00
2005,28,1,2340,51,52,66,39,10.0,9.5,-21.3,86.9,0.5,8.8,-3.4,9.4,0.5,0.8,3.3,1.9,1.8,2.0,74805.0,9.0,350.0,-1.2,-5.9,0.037,34431.0,0.8,13.0,1.3,2.0,0.006,2.11,-0.17,0.76,5.2,4.1,0.0432,23,31,-5,9,82.4,106,-72,34,0.9,0.006833,999999.99,99999.99,99999.99,99999.99,99999.99,99999.99,0,2005-01-28 01:00:00
2005,28,2,2340,51,52,61,37,8.3,7.1,-7.8,84.0,0.7,7.0,-1.0,6.9,1.7,0.4,4.1,2.3,1.1,3.2,127275.0,8.4,391.0,0.2,-3.0,0.057,21297.0,0.6,14.0,1.0,3.0,0.009,2.63,-0.66,1.3,6.8,4.7,0.0255,23,31,-6,9,82.4,93,-65,28,0.9,0.006833,999999.99,99999.99,99999.99,99999.99,99999.99,99999.99,0,2005-01-28 02:00:00
2005,28,3,2340,51,52,61,37,8.6,8.5,-4.4,100.3,-1.5,8.3,-0.6,8.0,2.2,0.2,1.4,0.8,0.4,1.0,78104.0,7.9,385.0,-2.2,-3.9,0.039,15053.0,0.3,4.0,0.7,0.9,0.007,2.26,-0.85,0.92,6.3,4.7,0.0301,17,31,-7,6,82.4,91,-66,25,0.5,0.006833,999999.99,99999.99,99999.99,99999.99,99999.99,99999.99,0,2005-01-28 03:00:00
2005,28,4,2340,51,52,57,36,7.7,7.6,-5.4,109.5,-2.5,7.1,-0.7,7.0,1.4,0.5,1.1,0.7,0.8,0.4,70619.0,8.4,376.0,-2.5,-3.3,0.034,5570.0,0.5,4.0,0.5,0.7,0.003,2.25,-0.53,1.17,7.1,5.0,0.0238,17,31,-5,6,82.4,162,-116,46,0.8,0.006833,999999.99,99999.99,99999.99,99999.99,99999.99,99999.99,0,2005-01-28 04:00:00
2005,28,5,2340,51,52,61,37,7.5,7.5,-4.1,119.6,-3.7,6.5,-0.5,6.4,1.0,0.2,0.7,0.3,0.3,0.6,64299.0,8.8,376.0,-3.4,-2.2,0.03,2937.0,0.3,3.0,0.3,0.4,0.002,2.33,-0.38,1.25,7.4,5.2,0.0215,17,31,-3,6,82.4,111,-65,46,1.4,0.006833,999999.99,99999.99,99999.99,99999.99,99999.99,99999.99,0,2005-01-28 05:00:00
2005,28,6,2340,51,52,61,38,7.9,7.8,-2.0,118.5,-3.7,6.8,-0.3,6.7,1.0,0.3,1.5,0.9,0.5,1.1,64556.0,8.8,376.0,-3.0,-0.7,0.032,4527.0,0.4,5.0,0.7,0.7,0.004,2.34,-0.38,1.13,7.1,5.0,0.0239,7,31,-1,3,82.4,38,-8,30,0.8,0.006833,999999.99,99999.99,99999.99,99999.99,99999.99,99999.99,0,2005-01-28 06:00:00
2005,28,7,2340,51,52,62,38,8.8,8.5,-4.4,115.8,-3.7,7.7,-0.7,7.7,0.4,0.2,2.2,1.6,0.5,1.5,61215.0,9.2,375.0,-2.9,-0.2,0.038,5198.0,0.5,6.0,0.4,0.8,0.003,2.49,-0.15,0.94,6.5,4.8,0.0285,7,31,1,3,82.4,59,-20,40,0.8,0.006833,999999.99,99999.99,99999.99,99999.99,99999.99,99999.99,0,2005-01-28 07:00:00
2005,28,8,2340,51,52,59,36,7.9,7.3,3.3,123.2,-4.0,6.1,0.4,6.0,1.1,0.8,2.8,1.9,1.1,1.8,93540.0,9.6,382.0,-0.1,-0.8,0.053,25571.0,0.6,11.0,1.3,1.1,0.013,2.84,-0.42,1.42,7.5,5.0,0.0212,7,31,1,3,82.4,92,-45,47,1.0,0.006833,999999.99,99999.99,99999.99,99999.99,99999.99,99999.99,0,2005-01-28 08:00:00
2005,28,9,2340,51,52,58,37,6.8,6.3,15.9,168.0,-6.0,1.3,1.7,1.1,1.8,0.4,2.5,0.9,1.5,1.8,125134.0,8.9,382.0,2.2,-0.8,0.098,13903.0,0.4,6.0,0.9,1.2,0.02,3.02,-0.69,2.03,8.4,5.0,0.0169,7,31,-1,3,82.4,98,-62,36,0.6,0.006833,999999.99,99999.99,99999.99,99999.99,99999.99,99999.99,0,2005-01-28 09:00:00
2005,28,10,2340,51,52,61,37,6.3,5.3,21.4,160.3,-4.7,1.7,1.9,1.6,2.0,0.3,3.2,2.6,1.2,1.4,134543.0,9.0,385.0,1.2,-0.5,0.088,12031.0,0.4,8.0,0.7,0.9,0.017,3.01,-0.77,2.48,9.2,5.2,0.0142,7,31,-2,3,82.4,59,-16,43,0.1,0.006833,999999.99,99999.99,99999.99,99999.99,99999.99,99999.99,0,2005-01-28 10:00:00
2005,28,11,2340,51,52,61,37,5.3,4.1,29.3,94.9,-0.3,3.5,2.0,3.3,2.3,0.8,3.3,2.7,1.5,1.2,148227.0,9.7,393.0,0.3,-0.5,0.066,12812.0,0.5,10.0,0.8,0.7,0.01,3.16,-0.9,3.97,11.5,5.5,0.0089,7,31,-1,3,82.4,45,-5,40,-0.0,0.006833,999999.99,99999.99,99999.99,99999.99,99999.99,99999.99,0,2005-01-28 11:00:00
2005,28,12,2340,51,52,58,35,5.9,5.2,35.1,154.2,-3.8,1.9,3.0,1.6,3.2,1.0,2.8,1.8,1.5,1.6,138233.0,9.3,376.0,0.7,-0.3,0.077,17042.0,0.6,4.0,0.6,0.7,0.014,2.87,-1.2,2.96,9.7,5.1,0.0126,7,31,-2,3,82.4,31,-2,29,0.0,0.006833,999999.99,99999.99,99999.99,99999.99,99999.99,99999.99,0,2005-01-28 12:00:00
2005,28,13,2340,51,52,62,39,6.6,4.7,0.9,105.7,-1.3,4.5,0.1,4.5,0.6,0.6,4.5,3.0,2.1,2.6,137856.0,9.6,377.0,-0.2,0.0,0.069,11932.0,0.6,4.0,0.7,0.6,0.013,2.91,-0.23,2.44,8.8,5.0,0.0152,7,31,-3,3,82.4,39,-5,34,0.4,0.006833,999999.99,99999.99,99999.99,99999.99,99999.99,99999.99,0,2005-01-28 13:00:00
2005,28,14,2340,51,52,60,37,8.5,8.3,45.6,174.6,-5.8,0.6,5.9,-0.3,5.9,0.5,1.8,1.2,1.1,0.8,121094.0,7.8,385.0,1.3,-0.1,0.072,18099.0,0.6,4.0,0.5,1.1,0.01,2.49,-2.27,1.12,6.3,4.5,0.0297,7,31,-4,3,82.4,28,-6,21,0.1,0.006833,999999.99,99999.99,99999.99,99999.99,99999.99,99999.99,0,2005-01-28 14:00:00
2005,28,15,2340,51,52,57,35,7.8,7.3,30.3,182.0,-6.3,-0.2,3.7,-0.9,3.6,0.5,2.6,1.1,1.5,1.9,142562.0,8.0,377.0,3.4,-0.6,0.079,19541.0,0.7,7.0,1.8,1.2,0.019,2.5,-1.36,1.48,6.8,4.5,0.0255,7,31,-2,3,82.4,28,-6,22,0.2,0.006833,999999.99,99999.99,99999.99,99999.99,99999.99,99999.99,0,2005-01-28 15:00:00
2005,28,16,2340,51,52,66,39,7.4,6.6,-13.1,150.7,-5.6,3.1,-1.5,3.4,-0.7,0.3,3.3,1.2,1.3,2.8,132158.0,8.6,379.0,0.9,2.8,0.084,16005.0,1.0,9.0,1.1,1.8,0.025,2.76,0.27,1.7,7.5,4.8,0.0211,7,31,-3,3,82.4,43,-21,22,0.6,0.006833,2.09,1.57,0.87,0.29,0.17,0.15,-1,2005-01-28 16:00:00
2005,28,17,2340,51,52,56,36,7.0,6.6,29.0,148.8,-4.9,3.0,3.2,2.0,3.9,0.3,2.4,1.2,0.9,1.9,139608.0,9.5,386.0,1.8,-0.0,0.089,6260.0,0.3,4.0,1.2,0.7,0.012,3.21,-1.51,2.16,8.5,5.0,0.0165,7,31,0,3,82.4,81,-49,32,0.1,0.006833,2.18,1.65,0.9,0.29,0.17,0.16,-1,2005-01-28 17:00:00
2005,28,18,2340,51,52,61,36,6.2,5.8,-15.9,153.4,-5.0,2.5,-1.6,2.9,-0.7,0.9,2.1,1.1,0.6,1.7,149213.0,10.6,388.0,1.6,1.3,0.074,12295.0,1.0,3.0,0.3,0.8,0.012,3.45,0.27,3.18,10.2,5.3,0.0115,27,31,3,12,82.4,121,-83,39,0.4,0.006833,2.11,1.61,0.87,0.27,0.16,0.16,-1,2005-01-28 18:00:00
2005,28,19,2340,51,52,63,39,6.1,4.6,-73.5,188.6,-1.3,-0.2,-4.4,1.4,-4.2,1.5,4.2,3.7,1.4,1.5,154367.0,10.3,388.0,1.9,2.7,0.065,22155.0,0.7,7.0,0.5,0.8,0.018,3.26,1.63,3.26,10.2,5.2,0.0114,27,31,0,12,82.4,320,-275,45,1.0,0.006833,2.27,1.72,0.98,0.36,0.2,0.15,-1,2005-01-28 19:00:00
2005,28,20,2340,51,52,59,37,4.8,2.1,-13.6,94.4,-0.2,2.1,-0.5,2.1,0.4,0.6,4.2,1.7,1.5,3.5,164287.0,12.9,392.0,0.1,1.3,0.06,11040.0,0.6,4.0,0.7,0.6,0.011,4.1,-0.16,6.82,14.7,5.6,0.0055,27,31,-8,12,82.4,479,-363,117,1.8,0.006833,2.26,1.72,0.98,0.34,0.19,0.16,-1,2005-01-28 20:00:00
2005,28,21,2340,51,52,56,34,6.1,4.2,-3.2,128.2,-2.6,3.3,-0.2,3.1,1.2,1.6,4.5,2.7,1.8,3.1,141751.0,13.0,383.0,-1.6,2.3,0.062,24599.0,0.8,12.0,1.6,1.1,0.013,3.97,-0.46,3.93,11.3,5.4,0.0093,27,31,-9,12,82.4,148,-77,71,0.8,0.006833,2.2,1.65,0.92,0.29,0.17,0.15,-1,2005-01-28 21:00:00
2005,28,22,2340,51,52,61,38,7.4,5.9,-13.1,116.2,-2.5,5.2,-1.3,5.2,1.1,0.4,4.3,2.8,1.5,2.9,109191.0,13.9,373.0,-3.7,2.0,0.051,6266.0,0.8,3.0,0.8,0.5,0.008,3.89,-0.41,2.51,9.4,5.3,0.0135,27,31,-6,12,82.4,48,-9,39,0.1,0.006833,2.25,1.69,0.93,0.32,0.19,0.16,-1,2005-01-28 22:00:00
2005,28,23,2340,51,52,59,36,8.5,6.2,-59.0,47.3,2.2,2.4,-5.4,4.5,-3.8,0.7,5.7,2.7,4.2,2.8,97187.0,16.5,367.0,-5.8,0.6,0.05,10011.0,2.8,5.0,1.4,1.4,0.005,4.45,1.39,2.14,8.8,5.2,0.0155,27,31,-2,12,82.4,230,-147,82,1.6,0.006833,2.28,1.69,0.93,0.27,0.15,0.15,-1,2005-01-28 23:00:00
2005,29,0,2340,51,52,60,36,9.2,7.2,-17.2,112.9,-2.7,6.4,-2.1,6.7,0.9,1.5,5.7,2.7,1.2,4.9,90050.0,21.1,367.0,-8.3,0.1,0.046,12486.0,2.0,3.0,0.7,0.7,0.007,5.62,-0.33,2.27,9.2,5.3,0.0142,33,29,-3,18,83.9,376,-240,137,3.8,0.006783,2.44,1.82,1.02,0.31,0.17,0.16,-1,2005-01-29 00:00:00
2005,29,1,2340,51,52,62,37,14.1,13.6,18.9,138.7,-9.7,8.5,4.4,5.9,7.5,1.5,3.7,1.2,2.3,2.6,70190.0,12.2,380.0,-7.4,2.8,0.035,8510.0,3.9,5.0,0.8,1.2,0.01,3.35,-2.85,0.51,4.7,3.9,0.0537,33,29,-6,18,83.9,103,-43,60,0.2,0.006783,3.04,2.2,1.19,0.38,0.2,0.16,-1,2005-01-29 01:00:00
2005,29,2,2340,51,52,61,36,14.7,14.4,35.0,133.0,-8.1,8.6,8.3,4.8,10.9,0.2,2.8,1.3,1.1,2.2,78192.0,10.1,383.0,-6.9,1.1,0.032,9503.0,0.7,5.0,0.6,0.9,0.004,2.79,-4.17,0.4,4.1,3.6,0.0694,33,29,2,18,83.9,53,-2,51,-0.3,0.006783,3.23,2.3,1.21,0.34,0.17,0.15,-1,2005-01-29 02:00:00
2005,29,3,2340,51,52,56,34,15.1,14.9,22.5,133.0,-9.4,10.1,5.7,7.6,8.8,0.3,1.9,0.9,1.1,1.2,70585.0,10.0,377.0,-8.0,3.8,0.033,8924.0,0.6,6.0,0.5,1.1,0.006,2.69,-3.32,0.36,3.9,3.4,0.0763,20,29,3,7,83.9,37,0,37,-0.3,0.006783,999999.99,99999.99,99999.99,99999.99,99999.99,99999.99,0,2005-01-29 03:00:00
2005,29,4,2340,51,52,61,36,14.9,14.1,5.4,138.6,-10.5,9.3,1.3,8.5,3.9,0.1,4.7,1.3,0.8,4.4,76948.0,9.3,371.0,-8.4,7.0,0.049,11284.0,0.8,9.0,1.1,3.3,0.011,2.56,-1.45,0.36,3.8,3.3,0.0825,20,29,3,7,83.9,47,-4,43,-0.0,0.006783,999999.99,99999.99,99999.99,99999.99,99999.99,99999.99,0,2005-01-29 04:00:00
2005,29,5,2340,51,52,60,22,13.9,13.0,-30.6,150.8,-9.8,5.5,-6.6,6.9,-5.1,0.7,4.4,1.8,2.7,3.0,110419.0,10.4,375.0,-5.1,11.6,0.076,40368.0,2.4,9.0,2.3,2.2,0.022,3.18,1.91,0.53,4.4,3.6,0.0629,20,29,-1,7,83.9,138,-45,93,1.0,0.006783,999999.99,99999.99,99999.99,99999.99,99999.99,99999.99,0,2005-01-29 05:00:00
2005,29,6,2340,51,52,59,33,12.5,10.2,4.0,147.1,-8.6,5.5,0.7,5.3,1.7,0.4,6.8,1.6,2.3,6.2,89636.0,10.5,369.0,-4.0,4.1,0.048,20752.0,1.5,11.0,2.3,5.7,0.01,2.85,-0.63,0.61,4.8,3.9,0.052,30,29,-5,15,83.9,204,-141,63,1.2,0.006783,999999.99,99999.99,99999.99,99999.99,99999.99,99999.99,0,2005-01-29 06:00:00
2005,29,7,2340,51,52,63,38,13.8,12.7,18.5,137.7,-8.9,8.1,4.0,7.4,5.2,0.6,5.2,1.9,1.3,4.7,91912.0,11.2,373.0,-6.7,2.3,0.057,13558.0,1.5,13.0,1.3,3.4,0.021,3.2,-1.94,0.54,4.5,3.7,0.0581,30,29,2,15,83.9,130,-78,52,0.7,0.006783,999999.99,99999.99,99999.99,99999.99,99999.99,99999.99,0,2005-01-29 07:00:00
2005,29,8,2340,51,52,59,34,13.9,13.2,-15.4,146.5,-10.6,7.0,-3.5,7.4,-2.7,0.3,3.9,1.9,2.9,1.8,113622.0,12.4,374.0,-5.4,9.0,0.055,30427.0,1.6,7.0,2.1,1.6,0.017,3.53,1.01,0.65,4.7,3.8,0.053,30,29,4,15,83.9,156,-56,100,1.1,0.006783,999999.99,99999.99,99999.99,99999.99,99999.99,99999.99,0,2005-01-29 08:00:00
2005,29,9,2340,51,52,69,42,13.1,10.4,-24.4,128.0,-5.8,7.5,-4.3,7.9,-3.6,0.8,7.6,4.1,4.7,4.4,157743.0,16.3,407.0,-4.3,8.6,0.053,29034.0,3.1,23.0,2.6,1.9,0.012,5.47,1.47,1.13,6.3,4.5,0.0302,40,29,1,27,83.9,338,-226,112,1.7,0.006783,999999.99,99999.99,99999.99,99999.99,99999.99,99999.99,0,2005-01-29 09:00:00
2005,29,10,2340,51,52,59,34,13.9,10.3,-12.6,115.0,-4.3,9.1,-2.3,9.3,-1.5,1.7,9.1,4.6,4.0,6.8,186264.0,15.7,423.0,-2.4,5.6,0.054,33344.0,2.2,21.0,2.0,4.2,0.016,5.7,0.63,1.06,6.0,4.4,0.0327,40,29,-12,27,83.9,589,-404,185,2.9,0.006783,999999.99,99999.99,99999.99,99999.99,99999.99,99999.99,0,2005-01-29 10:00:00
2005,29,11,2340,51,52,58,36,16.2,15.9,38.7,130.4,-8.0,9.5,9.9,8.6,10.7,1.1,3.1,0.7,2.2,2.1,123186.0,10.4,412.0,-1.1,1.7,0.067,26437.0,2.2,5.0,1.0,1.8,0.014,3.74,-4.41,0.41,4.1,3.5,0.0707,40,29,-12,27,83.9,350,-231,119,1.8,0.006783,999999.99,99999.99,99999.99,99999.99,99999.99,99999.99,0,2005-01-29 11:00:00
2005,29,12,2340,51,52,58,34,16.5,16.1,47.5,140.2,-8.3,7.0,11.8,5.8,12.4,1.2,3.7,2.4,2.6,1.2,125336.0,10.4,409.0,1.1,0.9,0.062,39589.0,1.8,8.0,1.4,1.1,0.016,3.63,-5.07,0.4,4.0,3.4,0.0745,33,29,-5,18,83.9,51,-22,28,0.1,0.006783,999999.99,99999.99,99999.99,99999.99,99999.99,99999.99,0,2005-01-29 12:00:00
2005,29,13,2340,51,52,71,45,15.1,12.3,19.2,144.2,-9.4,6.8,4.0,6.2,4.8,0.9,8.7,2.8,4.9,6.7,205778.0,12.0,411.0,1.6,4.7,0.097,64939.0,2.3,35.0,3.4,3.2,0.032,4.7,-1.97,0.73,4.7,3.7,0.0535,33,29,3,18,83.9,50,-15,36,0.6,0.006783,999999.99,99999.99,99999.99,99999.99,99999.99,99999.99,0,2005-01-29 13:00:00
2005,29,14,2340,51,52,56,34,15.1,14.2,-19.2,132.5,-9.1,9.9,-4.7,10.5,-3.1,1.6,5.1,2.4,3.1,3.3,366922.0,9.9,474.0,5.9,6.0,0.069,42939.0,1.4,11.0,1.0,1.4,0.024,4.74,1.47,0.89,4.9,3.7,0.0488,33,29,-4,18,83.9,275,-217,58,2.3,0.006783,999999.99,99999.99,99999.99,99999.99,99999.99,99999.99,0,2005-01-29 14:00:00
2005,29,15,2340,51,52,73,43,15.2,13.1,40.5,123.7,-5.5,8.3,8.5,6.4,10.0,1.2,7.4,3.3,4.2,5.1,345774.0,8.5,487.0,6.7,1.0,0.082,85772.0,1.1,25.0,2.1,3.2,0.024,4.47,-4.87,0.73,4.7,3.7,0.0545,30,29,-11,15,83.9,459,-389,70,1.6,0.006783,999999.99,99999.99,99999.99,99999.99,99999.99,99999.99,0,2005-01-29 15:00:00
2005,29,16,2340,51,52,53,32,13.6,9.2,19.4,129.7,-5.5,6.7,3.0,5.8,4.5,0.7,9.7,4.0,3.8,7.9,424033.0,9.6,512.0,8.1,1.8,0.08,65805.0,1.2,20.0,2.6,3.8,0.033,5.55,-2.3,1.19,5.8,4.1,0.035,30,29,-6,15,83.9,152,-93,59,0.8,0.006783,3.04,2.31,1.37,0.61,0.22,0.16,-1,2005-01-29 16:00:00
2005,29,17,2340,51,52,64,36,13.2,11.8,-10.5,131.3,-7.7,8.7,-2.1,8.9,0.5,0.4,4.7,2.0,1.7,3.9,337115.0,9.5,503.0,6.0,2.3,0.055,46244.0,1.0,12.0,0.8,2.5,0.013,4.9,-0.25,1.06,5.9,4.2,0.0345,30,29,-5,15,83.9,166,-126,39,1.5,0.006783,3.03,2.27,1.31,0.55,0.27,0.17,-1,2005-01-29 17:00:00
2005,29,18,2340,51,52,61,38,12.7,10.5,-24.7,141.6,-7.5,5.9,-4.4,7.0,-2.2,0.6,6.5,2.7,2.6,5.3,305023.0,8.5,511.0,6.6,1.3,0.059,41199.0,1.0,17.0,1.8,3.2,0.028,4.58,1.12,0.95,5.9,4.3,0.0346,40,29,-9,27,83.9,533,-414,119,2.2,0.006783,2.95,2.16,1.18,0.37,0.18,0.17,-1,2005-01-29 18:00:00
2005,29,19,2340,51,52,62,37,13.9,11.6,-2.0,122.9,-6.3,9.8,-0.4,9.2,3.3,0.7,7.4,3.6,3.6,5.4,241965.0,7.0,547.0,3.9,-2.1,0.071,32541.0,0.9,23.0,1.7,2.4,0.023,4.49,-1.81,0.56,5.2,4.3,0.0439,40,29,-16,27,83.9,794,-617,177,3.7,0.006783,3.97,1.87,1.04,0.38,0.19,0.16,-1,2005-01-29 19:00:00
2005,29,20,2340,51,52,62,38,11.7,11.5,4.1,132.4,-7.8,8.5,0.8,7.5,4.2,0.6,2.0,1.2,1.2,1.0,200237.0,6.4,565.0,1.7,-3.0,0.055,18517.0,0.6,11.0,1.2,0.6,0.005,4.16,-2.37,0.64,6.1,4.9,0.0319,40,29,-18,27,83.9,159,-84,76,0.8,0.006783,5.55,1.66,0.89,0.29,0.17,0.17,-1,2005-01-29 20:00:00
2005,29,21,2340,51,52,59,36,10.0,9.4,-15.3,140.8,-7.0,5.8,-2.5,6.3,0.2,0.5,3.1,1.0,2.5,1.6,196355.0,5.8,573.0,1.8,-1.4,0.048,24367.0,0.4,8.0,1.9,1.6,0.006,3.79,-0.11,0.78,6.9,5.3,0.025,43,29,-17,32,83.9,148,-89,59,1.2,0.006783,4.68,1.69,0.96,0.37,0.21,0.16,-1,2005-01-29 21:00:00
2005,29,22,2340,51,52,63,38,8.6,6.6,-30.6,186.7,-5.7,-0.7,-3.4,0.9,-3.4,0.6,5.2,1.5,4.4,2.4,191629.0,5.9,588.0,5.3,-0.4,0.042,21119.0,0.5,18.0,2.9,2.2,0.004,3.98,2.0,1.06,8.3,6.0,0.0172,43,29,-19,32,83.9,552,-441,111,2.7,0.006783,4.93,1.66,0.93,0.39,0.22,0.15,-1,2005-01-29 22:00:00
2005,29,23,2340,51,52,58,32,8.2,6.5,3.8,151.2,-5.7,3.1,0.4,2.6,1.7,0.2,4.7,1.7,3.3,2.8,187007.0,5.6,582.0,1.6,-3.8,0.042,17591.0,0.4,12.0,2.2,2.1,0.004,3.7,-0.99,1.09,8.4,6.0,0.0169,43,29,-27,32,83.9,616,-473,143,3.5,0.006783,5.24,1.58,0.86,0.28,0.16,0.15,-1,2005-01-29 23:00:00
2005,30,0,2340,51,52,62,38,7.4,4.8,-9.2,136.1,-3.4,3.3,-0.8,3.3,0.7,0.6,5.4,2.1,1.7,4.7,198277.0,5.3,595.0,1.9,-2.0,0.048,28233.0,0.5,16.0,1.3,2.7,0.004,3.74,-0.42,1.32,9.3,6.3,0.0139,40,34,-23,27,82.9,355,-236,119,2.3,0.006724,5.05,1.56,0.87,0.29,0.17,0.17,-1,2005-01-30 00:00:00
2005,30,1,2340,51,52,57,34,6.4,4.2,10.0,170.1,-4.1,0.7,0.7,0.3,0.9,0.2,4.5,1.5,3.1,2.9,231061.0,5.3,589.0,3.8,-2.9,0.058,25594.0,0.4,9.0,1.8,1.5,0.009,3.78,-0.53,1.93,10.6,6.5,0.0106,40,34,-21,27,82.9,276,-186,90,0.9,0.006724,999999.99,99999.99,99999.99,99999.99,99999.99,99999.99,0,2005-01-30 01:00:00
2005,30,2,2340,51,52,62,35,6.1,4.9,-19.1,152.8,-4.1,2.1,-1.6,2.6,-0.7,0.3,3.5,1.1,1.8,2.7,208457.0,5.0,588.0,2.4,-0.9,0.051,11717.0,0.2,9.0,1.3,2.1,0.007,3.48,0.41,1.88,10.8,6.6,0.0102,40,34,-16,27,82.9,289,-187,102,1.0,0.006724,999999.99,99999.99,99999.99,99999.99,99999.99,99999.99,0,2005-01-30 02:00:00
2005,30,3,2340,51,52,59,36,6.4,5.7,-27.2,157.0,-4.6,2.0,-2.6,2.8,-1.8,0.2,2.7,1.0,1.6,1.9,197625.0,4.5,584.0,2.6,-0.0,0.05,17482.0,0.2,9.0,1.5,1.5,0.004,3.08,1.05,1.49,9.7,6.4,0.0127,43,34,-17,32,82.9,369,-255,115,2.2,0.006724,999999.99,99999.99,99999.99,99999.99,99999.99,99999.99,0,2005-01-30 03:00:00
2005,30,4,2340,51,52,62,38,5.9,4.5,9.7,144.6,-3.6,2.6,0.8,2.2,1.5,0.2,3.5,1.7,1.5,2.6,201782.0,4.5,596.0,1.8,-2.5,0.057,19429.0,0.4,12.0,1.1,1.9,0.007,3.28,-0.89,1.78,10.7,6.7,0.0104,43,34,-22,32,82.9,485,-368,117,2.8,0.006724,999999.99,99999.99,99999.99,99999.99,99999.99,99999.99,0,2005-01-30 04:00:00
2005,30,5,2340,51,52,60,36,6.0,5.2,30.1,107.9,-1.4,4.3,2.6,3.5,3.6,0.3,2.6,1.7,1.0,1.8,196025.0,5.0,612.0,0.3,-3.6,0.045,20426.0,0.3,14.0,0.8,1.3,0.005,3.69,-2.2,1.87,11.4,7.0,0.0091,43,34,-19,32,82.9,219,-106,113,0.8,0.006724,999999.99,99999.99,99999.99,99999.99,99999.99,99999.99,0,2005-01-30 05:00:00
2005,30,6,2340,51,52,63,38,6.0,4.9,-16.7,125.9,-2.8,3.8,-1.4,4.0,-0.6,0.2,3.2,2.0,1.4,2.0,189197.0,4.6,601.0,0.3,-0.7,0.046,16768.0,0.3,17.0,1.2,1.8,0.004,3.29,0.36,1.69,10.7,6.8,0.0103,30,34,-16,15,82.9,314,-176,137,2.0,0.006724,999999.99,99999.99,99999.99,99999.99,99999.99,99999.99,0,2005-01-30 06:00:00
2005,30,7,2340,51,52,55,33,5.6,2.8,-0.5,134.9,-2.0,2.0,0.0,2.0,0.3,0.5,4.5,2.7,3.1,2.0,184512.0,4.5,608.0,1.2,-1.9,0.048,20677.0,0.4,22.0,2.2,1.4,0.007,3.31,-0.18,1.87,11.5,7.1,0.009,30,34,-18,15,82.9,351,-228,123,2.3,0.006724,999999.99,99999.99,99999.99,99999.99,99999.99,99999.99,0,2005-01-30 07:00:00
2005,30,8,2340,51,52,60,35,5.9,4.9,2.8,103.2,-1.1,4.8,0.2,4.7,0.8,0.5,2.8,1.9,1.3,1.6,188375.0,4.5,607.0,-0.6,-2.3,0.047,19571.0,0.3,15.0,1.2,1.3,0.005,3.29,-0.49,1.7,10.9,6.9,0.01,30,34,-16,15,82.9,263,-175,87,2.0,0.006724,999999.99,99999.99,99999.99,99999.99,99999.99,99999.99,0,2005-01-30 08:00:00
2005,30,9,2340,51,52,64,39,6.3,5.1,-15.3,128.9,-3.1,3.8,-1.4,3.9,-1.0,0.1,3.3,2.4,1.6,1.6,165978.0,4.2,584.0,-0.2,-1.1,0.045,36053.0,0.4,22.0,1.2,1.6,0.006,2.82,0.58,1.3,9.5,6.5,0.0132,33,34,-16,18,82.9,297,-189,107,2.2,0.006724,999999.99,99999.99,99999.99,99999.99,99999.99,99999.99,0,2005-01-30 09:00:00
2005,30,10,2340,51,52,57,33,5.9,4.4,-11.1,100.8,-0.8,4.2,-0.8,4.3,-0.4,0.3,3.7,1.8,2.5,2.1,193148.0,4.6,603.0,-0.3,-1.8,0.047,26403.0,0.3,14.0,2.2,1.7,0.005,3.32,0.24,1.77,11.0,6.9,0.0099,33,34,-11,18,82.9,589,-485,104,2.7,0.006724,999999.99,99999.99,99999.99,99999.99,99999.99,99999.99,0,2005-01-30 10:00:00
2005,30,11,2340,51,52,61,38,5.6,4.4,13.5,95.5,-0.4,4.2,1.0,4.1,1.4,0.2,3.2,1.6,1.7,2.1,195892.0,4.7,604.0,-0.3,-3.1,0.05,16651.0,0.3,12.0,1.3,1.6,0.004,3.44,-0.85,2.02,11.7,7.1,0.0087,33,34,-13,18,82.9,259,-196,63,1.4,0.006724,999999.99,99999.99,99999.99,99999.99,99999.99,99999.99,0,2005-01-30 11:00:00
2005,30,12,2340,51,52,60,35,5.5,4.2,-6.9,95.3,-0.4,4.2,-0.5,4.2,-0.1,0.3,3.4,1.3,1.2,2.9,190478.0,5.1,600.0,0.3,-1.8,0.047,17464.0,0.4,8.0,1.2,1.7,0.005,3.64,0.06,2.24,12.3,7.2,0.0078,30,34,-15,15,82.9,333,-262,71,1.5,0.006724,999999.99,99999.99,99999.99,99999.99,99999.99,99999.99,0,2005-01-30 12:00:00
2005,30,13,2340,51,52,61,38,5.1,4.2,-8.4,86.1,0.3,4.1,-0.6,4.1,-0.1,0.3,2.7,1.6,1.0,1.9,184870.0,5.1,603.0,0.5,-1.2,0.046,22306.0,0.3,10.0,0.8,1.2,0.006,3.67,0.06,2.56,13.4,7.5,0.0067,30,34,-15,15,82.9,538,-438,99,2.5,0.006724,999999.99,99999.99,99999.99,99999.99,99999.99,99999.99,0,2005-01-30 13:00:00
2005,30,14,2340,51,52,59,33,5.3,4.7,2.7,84.0,0.5,4.7,0.2,4.6,1.0,0.3,2.3,1.9,0.6,1.1,175521.0,4.7,601.0,-0.2,-1.8,0.044,19049.0,0.4,13.0,0.6,0.7,0.005,3.33,-0.6,2.12,12.3,7.3,0.0079,30,34,-18,15,82.9,292,-169,123,1.4,0.006724,999999.99,99999.99,99999.99,99999.99,99999.99,99999.99,0,2005-01-30 14:00:00
2005,30,15,2340,51,52,59,37,6.0,5.4,10.7,59.8,2.6,4.5,1.0,4.2,1.9,0.2,2.4,1.1,1.0,1.9,152255.0,4.3,612.0,-1.0,-2.1,0.039,13634.0,0.3,9.0,1.0,1.3,0.005,3.11,-1.16,1.39,10.6,7.1,0.0106,27,34,-15,12,82.9,159,-104,55,0.9,0.006724,999999.99,99999.99,99999.99,99999.99,99999.99,99999.99,0,2005-01-30 15:00:00
2005,30,16,2340,51,52,57,34,5.8,3.8,-9.1,100.1,-0.6,3.6,-0.6,3.6,0.3,0.4,4.2,2.4,2.6,2.2,159633.0,3.7,585.0,-0.7,-1.1,0.044,26929.0,0.5,21.0,2.8,1.8,0.008,2.49,-0.18,1.32,9.7,6.6,0.0126,27,34,-15,12,82.9,260,-227,33,1.1,0.006724,999999.99,99999.99,99999.99,99999.99,99999.99,99999.99,0,2005-01-30 16:00:00
2005,30,17,2340,51,52,59,36,6.3,3.9,-12.7,115.5,-1.6,3.4,-0.9,3.5,0.1,0.3,4.8,2.7,3.7,1.7,141794.0,3.1,575.0,-0.7,-0.4,0.042,31486.0,0.4,23.0,3.3,2.2,0.008,2.0,-0.06,0.88,8.0,6.1,0.0184,27,34,-18,12,82.9,286,-233,54,1.7,0.006724,999999.99,99999.99,99999.99,99999.99,99999.99,99999.99,0,2005-01-30 17:00:00
2005,30,18,2340,51,52,66,40,6.0,3.9,11.9,182.2,-3.8,-0.1,0.8,-0.4,0.7,0.4,4.4,2.7,2.3,2.7,177244.0,3.0,558.0,2.4,-1.9,0.041,44425.0,0.5,25.0,2.3,2.5,0.006,1.82,-0.39,1.06,8.1,5.8,0.0183,20,34,-17,7,82.9,258,-207,50,1.7,0.006724,999999.99,99999.99,99999.99,99999.99,99999.99,99999.99,0,2005-01-30 18:00:00
2005,30,19,2340,51,52,58,35,6.0,4.7,46.7,59.3,1.6,2.8,3.4,1.3,4.2,0.3,3.5,1.6,2.4,2.2,190830.0,3.6,604.0,0.0,-4.0,0.034,24585.0,0.2,14.0,1.9,1.7,0.003,2.49,-2.54,1.33,9.6,6.5,0.013,20,34,-13,7,82.9,131,-79,52,0.1,0.006724,999999.99,99999.99,99999.99,99999.99,99999.99,99999.99,0,2005-01-30 19:00:00
2005,30,20,2340,51,52,60,36,5.7,4.8,3.6,69.3,1.7,4.5,0.3,4.0,2.1,0.3,2.8,1.2,0.7,2.4,164439.0,3.4,603.0,-1.8,-1.9,0.033,28715.0,0.3,9.0,0.6,2.2,0.004,2.34,-1.27,1.27,9.8,6.7,0.0125,20,34,-13,7,82.9,68,-26,42,0.3,0.006724,999999.99,99999.99,99999.99,99999.99,99999.99,99999.99,0,2005-01-30 20:00:00
2005,30,21,2340,51,52,62,38,5.2,3.7,42.9,110.4,-1.0,2.6,2.5,1.3,3.4,0.4,3.4,2.5,1.4,1.7,174136.0,3.2,577.0,-0.4,-3.8,0.045,41028.0,0.4,24.0,1.7,1.8,0.008,2.1,-1.96,1.49,9.9,6.6,0.0121,20,34,-16,7,82.9,62,-15,47,0.2,0.006724,7.99,2.16,1.1,0.47,0.26,0.15,-1,2005-01-30 21:00:00
2005,30,22,2340,51,52,55,30,5.0,3.0,68.1,108.8,-0.4,1.0,2.8,-0.4,3.0,0.5,4.0,3.0,2.4,1.1,181119.0,3.8,592.0,0.5,-3.5,0.042,32260.0,0.3,20.0,1.8,1.0,0.005,2.6,-1.78,1.96,11.5,7.0,0.0089,20,34,-16,7,82.9,84,-43,41,0.2,0.006724,7.77,2.0,0.95,0.34,0.2,0.17,-1,2005-01-30 22:00:00
2005,30,23,2340,51,52,61,38,5.0,3.8,19.9,141.4,-2.8,2.2,1.3,1.4,2.1,0.3,3.0,1.7,1.8,1.7,196801.0,4.3,563.0,0.4,-1.8,0.049,17388.0,0.4,14.0,1.7,1.4,0.006,2.72,-1.18,2.33,11.7,6.7,0.0087,20,34,-17,7,82.9,109,-66,42,0.7,0.006724,7.74,1.92,0.88,0.28,0.15,0.13,-1,2005-01-30 23:00:00
2005,31,0,2341,51,52,60,36,5.5,5.1,-5.2,113.9,-2.0,4.6,-0.5,4.4,1.6,0.1,1.9,1.2,0.8,1.3,165472.0,4.5,567.0,-2.0,-0.3,0.04,13110.0,0.2,11.0,0.8,1.2,0.004,2.8,-0.91,1.82,10.9,6.8,0.0099,33,40,-16,18,83.6,64,-27,36,0.2,0.006681,7.82,1.95,0.92,0.34,0.2,0.15,-1,2005-01-31 00:00:00
2005,31,1,2341,51,52,62,37,5.7,5.0,-18.2,101.8,-1.0,4.6,-1.6,4.8,0.5,0.3,2.5,2.1,0.9,1.1,156362.0,4.5,569.0,-2.1,0.2,0.038,40770.0,0.4,16.0,0.7,1.2,0.005,2.8,-0.28,1.64,10.6,6.8,0.0106,33,40,-14,18,83.6,198,-136,62,1.0,0.006681,8.35,2.0,0.91,0.31,0.17,0.14,-1,2005-01-31 01:00:00
2005,31,2,2341,51,52,56,32,6.6,5.9,-21.0,109.8,-1.9,5.2,-2.1,5.6,0.1,0.3,2.7,2.0,1.2,1.5,142162.0,4.7,565.0,-3.0,0.5,0.033,7780.0,0.3,13.0,1.0,1.0,0.003,2.84,-0.06,1.21,9.3,6.5,0.0138,33,40,-9,18,83.6,304,-255,49,3.3,0.006681,8.46,2.12,1.03,0.41,0.26,0.21,-1,2005-01-31 02:00:00
2005,31,3,2341,51,52,58,36,6.5,5.2,-19.5,144.6,-4.0,2.9,-1.8,3.3,-0.7,0.1,3.6,1.6,2.8,1.6,156171.0,5.1,546.0,-0.9,0.7,0.036,22185.0,0.3,13.0,2.4,1.3,0.005,2.9,0.38,1.43,9.5,6.3,0.0132,27,40,-9,12,83.6,149,-86,63,2.1,0.006681,9.44,2.19,0.98,0.33,0.19,0.15,-1,2005-01-31 03:00:00
2005,31,4,2341,51,52,63,38,6.7,5.7,3.8,161.0,-5.4,1.9,0.4,1.7,1.0,0.3,3.3,1.0,2.8,1.6,180650.0,5.1,532.0,-0.6,-1.4,0.042,24254.0,0.6,12.0,2.5,1.4,0.004,2.82,-0.53,1.46,9.0,6.0,0.0148,27,40,-7,12,83.6,111,-48,63,0.8,0.006681,9.43,2.18,0.97,0.31,0.17,0.16,-1,2005-01-31 04:00:00
2005,31,5,2341,51,52,59,37,7.9,6.8,2.9,135.4,-4.8,4.7,0.3,4.5,1.5,0.5,3.9,2.7,1.4,2.5,182515.0,5.2,541.0,-4.1,-0.6,0.038,25330.0,0.5,23.0,1.3,2.0,0.006,2.93,-0.81,1.08,7.8,5.6,0.0195,27,40,-5,12,83.6,65,-6,59,0.8,0.006681,8.73,2.09,0.92,0.28,0.16,0.14,-1,2005-01-31 05:00:00
2005,31,6,2341,51,52,55,30,8.6,7.1,-14.8,131.8,-4.6,5.1,-1.8,5.4,-0.7,0.2,4.7,2.6,2.9,2.6,142107.0,4.6,541.0,-5.5,2.3,0.032,23273.0,0.4,27.0,2.7,2.8,0.003,2.54,0.38,0.7,6.7,5.3,0.0261,30,40,-8,15,83.6,182,-99,83,1.1,0.006681,7.93,2.04,0.94,0.31,0.16,0.15,-1,2005-01-31 06:00:00
2005,31,7,2341,51,52,60,32,8.3,7.3,-15.1,163.8,-6.8,2.0,-1.9,2.3,-1.6,0.3,3.5,1.2,1.7,2.9,135113.0,3.7,507.0,-3.7,2.1,0.03,24816.0,0.4,14.0,2.5,3.8,0.003,1.78,0.81,0.59,5.9,4.8,0.0345,30,40,-16,15,83.6,362,-256,106,2.5,0.006681,7.84,2.03,0.93,0.31,0.17,0.14,-1,2005-01-31 07:00:00
2005,31,8,2341,51,52,64,37,8.3,6.9,36.9,131.5,-3.7,4.1,4.2,3.5,4.7,0.3,4.5,2.8,0.9,3.4,138951.0,3.8,527.0,-5.3,-3.3,0.032,31750.0,0.6,28.0,1.1,3.0,0.004,1.99,-2.48,0.61,6.2,5.0,0.0311,30,40,-14,15,83.6,191,-110,80,1.1,0.006681,7.59,2.18,1.0,0.33,0.18,0.14,-1,2005-01-31 08:00:00
2005,31,9,2341,51,52,67,38,8.3,7.8,25.5,132.6,-4.8,5.2,3.4,4.8,3.9,0.3,2.5,0.9,0.8,2.2,586190.0,2.4,584.0,-0.4,-1.9,0.026,126846.0,0.3,21.0,1.7,1.6,0.004,1.51,-2.28,1.04,5.5,4.0,0.04,37,40,-12,22,83.6,130,-45,84,1.0,0.006681,4.98,1.67,0.81,0.31,0.13,0.13,-1,2005-01-31 09:00:00
2005,31,10,2341,51,52,64,38,9.9,9.0,24.3,117.8,-3.8,7.3,3.7,6.9,4.4,0.7,4.1,1.7,2.0,3.2,441622.0,2.3,654.0,2.5,-2.6,9.999,107939.0,0.7,23.0,1.5,1.4,9.999,1.97,-2.88,0.56,5.0,4.1,0.0474,37,40,-7,22,83.6,82,-32,50,0.5,0.006681,999999.99,99999.99,99999.99,99999.99,99999.99,99999.99,0,2005-01-31 10:00:00
2005,31,11,2341,51,52,61,38,10.2,7.5,-28.7,132.2,-4.4,4.9,-3.6,5.2,-3.1,0.5,6.8,3.0,5.0,3.6,356241.0,2.2,664.0,4.2,-0.3,0.022,52269.0,0.2,25.0,2.8,1.2,0.013,1.76,2.06,0.43,4.8,4.1,0.051,37,40,-8,22,83.6,391,-324,67,2.0,0.006681,999999.99,99999.99,99999.99,99999.99,99999.99,99999.99,0,2005-01-31 11:00:00
2005,31,12,2341,51,52,58,36,9.4,8.1,-27.4,129.9,-4.6,5.5,-3.7,5.9,-3.1,0.2,4.5,1.6,2.7,3.3,184623.0,1.8,672.0,4.0,-1.6,0.019,93003.0,0.4,19.0,2.0,2.6,0.005,1.46,2.08,0.27,4.8,4.3,0.0517,47,40,-20,39,83.6,1130,-1033,96,4.8,0.006681,999999.99,99999.99,99999.99,99999.99,99999.99,99999.99,0,2005-01-31 12:00:00
2005,31,13,2341,51,52,61,37,9.1,8.7,2.4,130.3,-5.6,6.6,0.4,6.5,1.3,0.2,2.6,0.9,0.9,2.3,159075.0,2.1,652.0,3.6,-2.9,0.026,44225.0,0.3,8.0,0.9,2.0,0.009,1.65,-0.85,0.3,5.2,4.6,0.0441,47,40,-27,39,83.6,554,-416,138,4.6,0.006681,999999.99,99999.99,99999.99,99999.99,99999.99,99999.99,0,2005-01-31 13:00:00
2005,31,14,2341,51,52,59,38,8.5,7.9,-21.6,157.1,-6.7,2.8,-2.9,3.3,-2.4,0.5,3.0,0.9,2.1,2.0,79495.0,2.3,668.0,5.5,-0.5,0.032,22697.0,0.2,10.0,1.7,1.3,0.003,1.93,1.6,0.28,6.0,5.4,0.0335,47,40,-22,39,83.6,482,-374,107,3.0,0.006681,999999.99,99999.99,99999.99,99999.99,99999.99,99999.99,0,2005-01-31 14:00:00
2005,31,15,2341,51,52,60,36,7.9,7.8,-13.8,139.1,-5.7,5.0,-1.9,5.3,-0.8,0.2,1.1,0.4,0.6,0.9,61550.0,2.1,668.0,2.2,-0.6,0.035,13304.0,0.1,5.0,0.6,0.9,0.003,1.78,0.53,0.27,6.1,5.5,0.0317,40,40,-25,27,83.6,566,-502,65,2.7,0.006681,999999.99,99999.99,99999.99,99999.99,99999.99,99999.99,0,2005-01-31 15:00:00
2005,31,16,2341,51,52,61,36,7.7,7.1,-18.3,144.8,-5.5,3.9,-2.2,4.3,-1.1,0.1,2.8,1.0,1.9,1.7,55870.0,1.9,664.0,2.1,-0.1,0.035,20258.0,0.1,12.0,2.0,1.8,0.004,1.59,0.73,0.25,5.9,5.4,0.0337,40,40,-27,27,83.6,632,-546,87,2.9,0.006681,3.46,1.33,0.72,0.32,0.2,0.15,-1,2005-01-31 16:00:00
2005,31,17,2341,51,52,59,35,7.6,6.4,-3.4,138.4,-4.8,4.2,-0.4,4.1,0.9,0.1,4.0,1.3,2.9,2.4,60748.0,1.8,668.0,0.7,-1.5,0.038,22706.0,0.2,14.0,2.6,2.4,0.005,1.55,-0.6,0.25,5.9,5.4,0.0342,40,40,-27,27,83.6,380,-301,79,2.1,0.006681,3.3,1.25,0.65,0.25,0.16,0.15,-1,2005-01-31 17:00:00
2005,31,18,2341,51,52,60,37,7.1,6.5,-1.6,143.2,-5.2,3.9,-0.2,3.7,1.2,0.1,2.5,0.6,2.0,1.5,37354.0,1.8,664.0,-0.5,-1.8,0.038,11959.0,0.1,9.0,2.0,0.9,0.004,1.53,-0.8,0.25,6.3,5.7,0.0302,30,40,-28,15,83.6,259,-203,55,1.5,0.006681,3.36,1.3,0.7,0.32,0.2,0.14,-1,2005-01-31 18:00:00
2005,31,19,2341,51,52,61,38,7.3,6.2,-14.0,160.9,-5.7,2.0,-1.5,2.4,-0.6,0.1,3.8,0.6,2.7,2.6,33442.0,1.8,662.0,1.2,-0.3,0.04,9031.0,0.1,11.0,2.8,2.7,0.003,1.53,0.4,0.23,6.1,5.6,0.0321,30,40,-27,15,83.6,231,-167,64,1.2,0.006681,3.29,1.28,0.67,0.29,0.18,0.15,-1,2005-01-31 19:00:00
2005,31,20,2341,51,52,59,33,7.5,7.1,17.2,125.3,-3.9,5.5,2.1,4.1,4.2,0.1,2.2,1.6,1.1,0.9,29999.0,1.7,671.0,-1.8,-3.7,0.045,8699.0,0.2,21.0,1.3,1.0,0.007,1.51,-2.82,0.2,5.8,5.4,0.035,30,40,-24,15,83.6,231,-157,74,0.5,0.006681,2.94,1.12,0.58,0.21,0.13,0.12,-1,2005-01-31 20:00:00
2005,31,21,2341,51,52,58,36,7.6,7.5,8.1,132.9,-5.0,5.4,1.1,4.4,3.3,0.1,1.3,0.6,0.7,0.9,26291.0,1.9,648.0,-1.9,-2.8,0.043,5847.0,0.1,9.0,0.7,1.1,0.003,1.56,-2.14,0.21,5.9,5.4,0.0344,7,40,-21,3,83.6,53,-9,43,0.2,0.006681,999999.99,99999.99,99999.99,99999.99,99999.99,99999.99,0,2005-01-31 21:00:00
2005,31,22,2341,51,52,60,37,7.8,7.5,5.7,145.8,-6.2,4.2,0.7,3.4,2.5,0.1,1.9,0.7,0.4,1.7,24113.0,2.0,627.0,-0.6,-2.5,0.044,5525.0,0.1,9.0,0.6,1.6,0.003,1.54,-1.57,0.21,5.7,5.2,0.0368,7,40,-21,3,83.6,55,-15,41,0.1,0.006681,2.86,1.12,0.56,0.21,0.13,0.12,-1,2005-01-31 22:00:00
