YEAR,DOY,Hour,Bartels_rotation_number,ID_for_IMF_spacecraft,ID_for_SW_Plasma_spacecraft,num_points_IMF_averages,num_points_Plasma_averages,Scalar_B_nT,Vector_B_Magnitude_nT,Lat_Angle_of_B_GSE,Long_Angle_of_B_GSE,BX_nT_GSE_GSM,BY_nT_GSE,BZ_nT_GSE,BY_nT_GSM,BZ_nT_GSM,RMS_magnitude_nT,RMS_field_vector_nT,RMS_BX_GSE_nT,RMS_BY_GSE_nT,RMS_BZ_GSE_nT,SW_Plasma_Temperature_K,SW_Proton_Density_N_cm3,SW_Plasma_Speed_km_s,SW_Plasma_flow_long_angle,SW_Plasma_flow_lat_angle,Alpha_Prot_ratio,sigma_T_K,sigma_n_N_cm3,sigma_V_km_s,sigma_phi_V_degrees,sigma_theta_V_degrees,sigma_ratio,Flow_pressure,E_electric_field,Plasma_Beta,Alfen_mach_number,Magnetosonic_Mach_number,Quasy_Invariant,Kp_index,R_Sunspot_No,Dst_index_nT,ap_index_nT,f10.7_index,AE_index_nT,AL_index_nT,AU_index_nT,pc_index,Lyman_alpha,Proton_flux_>1_Mev,Proton_flux_>2_Mev,Proton_flux_>4_Mev,Proton_flux_>10_Mev,Proton_flux_>30_Mev,Proton_flux_>60_Mev,Flux_FLAG,Timestamp
2007,318,6,2378,51,52,59,35,4.1,3.9,4.6,308.6,2.5,-3.1,0.3,-2.8,1.4,0.2,1.0,0.6,0.6,0.6,185139.0,2.0,656.0,-1.5,-1.3,0.025,30303.0,0.3,12.0,0.4,0.8,0.003,1.58,-0.92,1.55,11.3,7.4,0.0093,20,0,-2,7,68.9,73,-12,61,0.5,0.00602,999999.99,99999.99,99999.99,0.21,0.13,0.09,-1,2007-11-14 06:00:00
2007,318,7,2378,51,52,61,36,3.9,3.4,9.6,315.4,2.4,-2.4,0.6,-2.0,1.5,0.2,1.8,0.9,0.7,1.3,194832.0,2.2,658.0,-0.5,-1.2,0.027,24267.0,0.3,11.0,1.4,1.1,0.002,1.76,-0.99,1.94,12.5,7.6,0.0076,20,0,0,7,68.9,55,-17,39,0.6,0.00602,999999.99,99999.99,99999.99,0.17,0.09,0.06,-1,2007-11-14 07:00:00
2007,318,8,2378,51,52,61,37,3.7,2.3,19.0,316.1,1.6,-1.5,0.8,-1.0,1.4,0.6,2.8,1.1,2.1,1.5,225391.0,2.5,662.0,0.8,-1.5,0.026,20375.0,0.2,10.0,1.1,1.0,0.002,2.02,-0.93,2.69,14.1,7.8,0.0059,20,0,-3,7,68.9,143,-92,51,1.1,0.00602,999999.99,99999.99,99999.99,0.21,0.1,0.07,-1,2007-11-14 08:00:00
2007,318,9,2378,51,52,60,38,4.5,4.2,26.9,284.5,0.9,-3.6,1.9,-2.4,3.3,0.5,1.6,1.0,0.7,1.0,209691.0,2.5,668.0,-0.5,-1.2,0.022,25217.0,0.2,9.0,0.9,0.8,0.002,2.03,-2.2,1.74,11.7,7.4,0.0086,23,0,-5,9,68.9,260,-218,42,0.9,0.00602,999999.99,99999.99,99999.99,0.18,0.11,0.08,-1,2007-11-14 09:00:00
2007,318,10,2378,51,52,60,36,4.0,2.7,22.6,281.3,0.5,-2.5,1.1,-1.8,2.1,0.6,2.8,1.1,1.1,2.4,258146.0,3.0,664.0,1.1,-2.1,0.027,24301.0,0.2,8.0,0.8,1.0,0.003,2.45,-1.39,3.01,14.4,7.6,0.0058,23,0,-2,9,68.9,145,-97,48,0.9,0.00602,999999.99,99999.99,99999.99,0.17,0.08,0.06,-1,2007-11-14 10:00:00
2007,318,11,2378,51,52,60,36,4.3,3.5,-38.4,282.2,0.6,-2.6,-2.1,-3.2,-0.8,0.5,2.4,1.1,1.4,1.6,255972.0,2.8,658.0,1.1,-3.7,0.031,35969.0,0.1,7.0,0.8,1.1,0.002,2.28,0.53,2.42,12.8,7.3,0.0073,23,0,-1,9,68.9,90,-59,31,1.0,0.00602,999999.99,99999.99,99999.99,0.18,0.11,0.08,-1,2007-11-14 11:00:00
2007,318,12,2378,51,52,59,34,4.5,2.7,-7.9,297.5,1.2,-2.4,-0.4,-2.4,0.6,0.2,3.4,1.3,1.6,2.7,234048.0,2.9,654.0,1.6,-2.2,0.029,29119.0,0.2,11.0,1.5,1.9,0.005,2.31,-0.39,2.16,12.4,7.3,0.0078,27,0,-5,12,68.9,442,-356,86,1.7,0.00602,999999.99,99999.99,99999.99,0.21,0.1,0.08,-1,2007-11-14 12:00:00
2007,318,13,2378,51,52,59,36,4.4,3.5,24.6,331.5,2.8,-1.5,1.5,-0.8,2.0,0.1,2.5,0.9,1.8,1.5,267933.0,2.9,643.0,2.9,-0.8,0.036,21599.0,0.2,9.0,1.4,1.1,0.003,2.29,-1.29,2.47,12.4,7.0,0.0077,27,0,-6,12,68.9,167,-126,41,0.8,0.00602,999999.99,99999.99,99999.99,0.18,0.11,0.07,-1,2007-11-14 13:00:00
2007,318,14,2378,51,52,61,36,3.9,2.9,-41.9,276.0,0.2,-2.1,-1.9,-2.6,-1.1,0.6,2.5,1.6,1.4,1.4,236682.0,2.7,649.0,2.4,-3.3,0.032,24407.0,0.2,9.0,0.8,1.0,0.002,2.14,0.71,2.7,13.7,7.5,0.0064,27,0,-7,12,68.9,146,-123,23,1.9,0.00602,999999.99,99999.99,99999.99,0.15,0.08,0.07,-1,2007-11-14 14:00:00
2007,318,15,2378,51,52,56,35,3.7,1.9,-33.8,312.0,1.1,-1.2,-1.1,-1.5,-0.7,0.4,3.2,2.4,1.3,1.6,208793.0,2.5,625.0,1.8,-4.0,0.026,30494.0,0.2,19.0,1.0,1.3,0.003,1.8,0.44,2.56,13.4,7.4,0.0067,30,0,-9,15,68.9,375,-333,42,2.0,0.00602,999999.99,99999.99,99999.99,0.19,0.1,0.08,-1,2007-11-14 15:00:00
2007,318,16,2378,51,52,63,37,4.4,4.0,25.3,285.4,1.0,-3.5,1.7,-2.9,2.6,0.4,1.8,1.0,0.6,1.3,185487.0,2.3,622.0,-1.3,-2.1,0.02,28765.0,0.2,9.0,0.7,1.0,0.005,1.6,-1.62,1.55,10.7,7.0,0.0104,30,0,-9,15,68.9,279,-250,29,1.5,0.00602,999999.99,99999.99,99999.99,0.22,0.12,0.08,-1,2007-11-14 16:00:00
2007,318,17,2378,51,52,56,35,5.1,3.8,18.3,253.8,-1.0,-3.5,1.2,-3.2,1.9,0.5,3.2,1.5,1.4,2.5,160597.0,3.0,628.0,-1.3,-3.2,0.014,27711.0,0.2,12.0,0.9,1.7,0.002,2.09,-1.19,1.39,10.7,7.2,0.0105,30,0,-6,15,68.9,74,-43,31,0.4,0.00602,999999.99,99999.99,99999.99,0.22,0.1,0.08,-1,2007-11-14 17:00:00
2007,318,18,2378,51,52,62,36,5.7,5.2,14.6,290.8,1.8,-4.7,1.3,-4.4,2.1,0.3,2.2,1.5,1.1,1.2,137638.0,2.8,598.0,-2.3,-3.9,0.017,37957.0,0.6,16.0,0.9,1.2,0.004,1.79,-1.26,0.95,8.8,6.5,0.0154,13,0,-5,5,68.9,56,-15,41,0.6,0.00602,999999.99,99999.99,99999.99,0.16,0.09,0.07,-1,2007-11-14 18:00:00
2007,318,19,2378,51,52,60,36,6.0,5.2,23.9,310.6,3.1,-3.6,2.1,-3.3,2.6,0.3,2.9,1.7,1.7,1.5,175301.0,3.2,593.0,-1.9,-4.2,0.018,26133.0,0.4,14.0,1.5,1.2,0.003,2.01,-1.54,1.12,8.8,6.3,0.0152,13,0,-4,5,68.9,31,-13,18,0.2,0.00602,999999.99,99999.99,99999.99,0.2,0.12,0.08,-1,2007-11-14 19:00:00
2007,318,20,2378,51,52,58,37,5.5,4.6,35.6,317.4,2.8,-2.5,2.7,-2.2,2.9,0.7,2.9,0.9,2.5,1.2,208257.0,3.7,595.0,-0.0,-3.4,0.021,33940.0,0.6,10.0,1.8,1.0,0.004,2.37,-1.73,1.71,10.4,6.6,0.011,13,0,-2,5,68.9,31,-14,17,0.5,0.00602,999999.99,99999.99,99999.99,0.24,0.13,0.08,-1,2007-11-14 20:00:00
2007,318,21,2378,51,52,60,36,5.1,3.4,36.8,308.4,1.7,-2.1,2.0,-1.9,2.2,0.8,3.8,1.3,2.5,2.5,249871.0,4.4,604.0,1.1,-4.5,0.023,25985.0,0.3,6.0,1.1,1.2,0.003,2.93,-1.33,2.66,12.4,6.8,0.0077,17,0,-2,6,68.9,56,-20,36,0.9,0.00602,999999.99,99999.99,99999.99,0.18,0.1,0.07,-1,2007-11-14 21:00:00
2007,318,22,2378,51,52,62,37,5.3,4.0,5.8,300.8,2.0,-3.4,0.4,-3.4,0.7,0.7,3.4,1.1,2.3,2.3,255981.0,4.5,603.0,1.4,-4.3,0.023,26971.0,0.5,7.0,1.0,1.0,0.003,2.98,-0.42,2.56,12.1,6.7,0.0082,17,0,-3,6,68.9,37,-11,26,0.7,0.00602,999999.99,99999.99,99999.99,0.21,0.11,0.08,-1,2007-11-14 22:00:00
2007,318,23,2378,51,52,58,31,6.2,5.8,10.8,296.8,2.6,-5.1,1.1,-5.0,1.5,0.2,2.0,1.3,1.0,1.2,226094.0,3.6,599.0,0.5,-3.9,0.024,13556.0,0.3,9.0,0.8,1.0,0.004,2.36,-0.9,1.38,9.2,6.2,0.0142,17,0,-2,6,68.9,59,-25,33,0.5,0.00602,999999.99,99999.99,99999.99,0.22,0.12,0.08,-1,2007-11-14 23:00:00
2007,319,0,2378,51,52,60,34,5.8,3.8,-2.9,302.4,2.1,-3.2,-0.2,-3.2,0.1,0.4,4.2,1.8,3.3,1.9,214972.0,3.4,605.0,1.4,-4.7,0.02,31492.0,0.5,18.0,2.7,1.5,0.005,2.24,-0.06,1.44,9.6,6.4,0.0129,20,0,-2,7,67.7,89,-43,46,0.8,0.005999,999999.99,99999.99,99999.99,0.18,0.1,0.07,-1,2007-11-15 00:00:00
2007,319,1,2378,51,52,61,36,5.9,5.2,16.1,294.1,2.0,-4.5,1.4,-4.3,1.9,0.2,2.6,1.5,1.3,1.7,216746.0,3.0,599.0,0.1,-3.3,0.022,36122.0,0.3,13.0,1.1,1.5,0.003,1.96,-1.14,1.24,8.8,6.1,0.0154,20,0,-5,7,67.7,54,-16,39,0.8,0.005999,999999.99,99999.99,99999.99,0.26,0.13,0.08,-1,2007-11-15 01:00:00
2007,319,2,2378,51,52,59,37,5.6,5.3,7.4,297.1,2.4,-4.7,0.7,-4.5,1.4,0.3,1.3,0.8,0.4,0.9,207574.0,2.8,595.0,-0.5,-3.7,0.025,23310.0,0.3,8.0,0.5,1.0,0.005,1.82,-0.83,1.25,8.9,6.2,0.0151,20,0,-8,7,67.7,59,-2,56,0.9,0.005999,999999.99,99999.99,99999.99,0.21,0.09,0.08,-1,2007-11-15 02:00:00
2007,319,3,2378,51,52,66,38,5.4,4.8,9.7,287.9,1.5,-4.5,0.8,-4.2,1.7,0.1,2.1,1.5,0.6,1.4,201342.0,2.6,614.0,-0.8,-3.7,0.025,19853.0,0.3,20.0,0.8,1.7,0.003,1.8,-1.04,1.22,9.2,6.4,0.0142,17,0,-7,6,67.7,76,-5,72,0.5,0.005999,999999.99,99999.99,99999.99,0.19,0.11,0.09,-1,2007-11-15 03:00:00
2007,319,4,2378,51,52,57,34,5.2,4.7,11.4,285.1,1.2,-4.4,0.9,-4.0,2.0,0.2,1.9,1.1,0.5,1.5,203335.0,2.6,622.0,-1.0,-2.7,0.024,21448.0,0.2,14.0,0.7,1.5,0.003,1.84,-1.24,1.33,9.6,6.6,0.0128,17,0,-3,6,67.7,90,-10,80,1.1,0.005999,999999.99,99999.99,99999.99,0.17,0.08,0.06,-1,2007-11-15 04:00:00
2007,319,5,2378,51,52,61,37,4.7,3.6,-6.4,296.8,1.6,-3.2,-0.4,-3.2,0.6,0.3,2.9,1.1,1.3,2.4,164879.0,2.7,622.0,-0.1,-3.6,0.02,24670.0,0.4,11.0,1.3,2.1,0.005,1.88,-0.37,1.49,10.9,7.2,0.0101,17,0,-1,6,67.7,72,-9,63,0.9,0.005999,999999.99,99999.99,99999.99,0.19,0.09,0.07,-1,2007-11-15 05:00:00
2007,319,6,2378,51,52,57,36,5.0,4.5,28.8,320.0,3.0,-2.5,2.1,-1.6,2.8,0.2,2.1,1.2,1.2,1.1,185230.0,2.2,607.0,0.8,-0.9,0.025,33209.0,0.3,19.0,1.5,1.4,0.003,1.49,-1.7,1.15,9.0,6.4,0.0147,7,0,1,3,67.7,35,1,37,0.3,0.005999,999999.99,99999.99,99999.99,0.18,0.09,0.07,-1,2007-11-15 06:00:00
2007,319,7,2378,51,52,61,37,5.0,4.5,15.0,292.9,1.7,-4.0,1.2,-3.2,2.6,0.1,2.1,1.2,1.0,1.4,164100.0,2.2,609.0,-1.2,-2.3,0.022,19156.0,0.2,13.0,0.9,1.3,0.003,1.48,-1.58,1.07,9.0,6.5,0.0146,7,0,3,3,67.7,24,0,24,0.2,0.005999,999999.99,99999.99,99999.99,0.18,0.1,0.08,-1,2007-11-15 07:00:00
2007,319,8,2378,51,52,59,35,4.8,4.5,2.2,276.9,0.5,-4.5,0.2,-4.0,2.0,0.1,1.5,0.8,0.2,1.2,152574.0,2.2,612.0,-1.8,-2.9,0.021,14260.0,0.2,10.0,0.3,1.3,0.002,1.49,-1.22,1.12,9.5,6.7,0.0133,7,0,3,3,67.7,35,-2,33,0.1,0.005999,999999.99,99999.99,99999.99,0.24,0.11,0.08,-1,2007-11-15 08:00:00
2007,319,9,2378,51,52,63,39,4.5,3.6,13.6,276.8,0.4,-3.4,0.8,-2.7,2.2,0.2,2.6,1.7,1.0,1.7,173110.0,2.3,623.0,-0.9,-1.9,0.023,31361.0,0.2,19.0,1.0,1.8,0.002,1.63,-1.37,1.42,10.5,7.0,0.0108,7,0,-5,3,67.7,39,-18,21,0.1,0.005999,999999.99,99999.99,99999.99,0.19,0.11,0.09,-1,2007-11-15 09:00:00
2007,319,10,2378,51,52,55,33,4.9,3.9,-11.1,271.7,0.1,-3.8,-0.7,-3.7,1.0,0.1,2.9,2.3,0.9,1.5,120746.0,2.1,618.0,-1.7,-2.7,0.02,14395.0,0.3,28.0,0.7,1.8,0.003,1.45,-0.62,0.91,9.1,6.8,0.0142,7,0,-7,3,67.7,44,-35,9,0.2,0.005999,999999.99,99999.99,99999.99,0.15,0.08,0.06,-1,2007-11-15 10:00:00
2007,319,11,2378,51,52,59,37,4.9,4.7,10.6,343.0,4.5,-1.4,0.9,-0.9,1.4,0.1,1.2,0.5,1.0,0.6,96044.0,1.6,568.0,-0.1,-0.9,0.017,15905.0,0.2,5.0,1.3,0.8,0.001,0.92,-0.8,0.62,7.3,5.9,0.0221,7,0,-3,3,67.7,66,-53,12,0.4,0.005999,999999.99,99999.99,99999.99,0.18,0.09,0.06,-1,2007-11-15 11:00:00
2007,319,12,2378,51,52,61,35,4.9,3.9,-1.7,323.0,3.1,-2.3,-0.1,-2.1,0.8,0.3,2.9,1.6,1.5,1.9,115563.0,2.0,588.0,-0.4,-1.7,0.025,34032.0,0.4,22.0,1.8,2.3,0.005,1.27,-0.47,0.85,8.5,6.5,0.0165,20,0,-8,7,67.7,112,-92,19,0.3,0.005999,999999.99,99999.99,99999.99,0.16,0.09,0.08,-1,2007-11-15 12:00:00
2007,319,13,2378,51,52,62,37,4.3,3.7,16.5,344.8,3.4,-0.9,1.1,-0.4,1.4,0.2,2.0,0.7,1.5,1.1,136607.0,2.2,591.0,0.7,-0.5,0.029,25504.0,0.3,12.0,1.9,1.5,0.004,1.43,-0.83,1.31,10.2,7.0,0.0114,20,0,-9,7,67.7,105,-72,33,0.9,0.005999,999999.99,99999.99,99999.99,0.22,0.12,0.1,-1,2007-11-15 13:00:00
2007,319,14,2378,51,52,61,37,4.2,3.9,-1.4,36.6,3.1,2.3,-0.1,2.1,-0.9,0.2,1.3,0.6,0.7,0.9,146809.0,2.4,599.0,3.8,-1.5,0.027,13507.0,0.2,11.0,0.4,0.8,0.003,1.59,0.54,1.56,11.0,7.2,0.0097,20,0,-6,7,67.7,149,-136,13,1.0,0.005999,999999.99,99999.99,99999.99,0.17,0.09,0.07,-1,2007-11-15 14:00:00
2007,319,15,2378,51,52,59,36,4.2,4.0,25.2,37.4,2.9,2.2,1.7,2.6,1.0,0.1,1.3,0.5,0.9,0.8,144589.0,2.6,599.0,3.2,0.8,0.024,9920.0,0.1,7.0,0.9,0.9,0.001,1.71,-0.6,1.67,11.5,7.4,0.009,20,0,-3,7,67.7,173,-157,17,0.6,0.005999,999999.99,99999.99,99999.99,0.17,0.1,0.07,-1,2007-11-15 15:00:00
2007,319,16,2378,51,52,59,36,4.3,4.0,9.0,19.4,3.7,1.3,0.6,1.4,0.2,0.1,1.6,0.7,1.2,0.7,141595.0,2.7,585.0,2.5,-0.3,0.021,17285.0,0.1,10.0,1.5,0.9,0.002,1.67,-0.12,1.64,11.2,7.2,0.0095,20,0,-4,7,67.7,118,-104,14,0.9,0.005999,999999.99,99999.99,99999.99,0.18,0.1,0.08,-1,2007-11-15 16:00:00
2007,319,17,2378,51,52,60,36,4.4,3.9,28.2,347.3,3.4,-0.8,1.9,-0.4,2.0,0.1,1.8,0.9,1.2,0.9,135049.0,2.6,582.0,0.3,1.2,0.024,21876.0,0.4,12.0,1.4,0.9,0.002,1.61,-1.16,1.47,10.7,7.1,0.0105,20,0,-3,7,67.7,107,-90,18,0.9,0.005999,999999.99,99999.99,99999.99,0.22,0.1,0.07,-1,2007-11-15 17:00:00
2007,319,18,2378,51,52,60,35,4.6,3.9,4.2,318.3,2.9,-2.6,0.3,-2.5,0.7,0.1,2.3,1.3,1.5,1.1,138246.0,2.7,585.0,-1.6,-0.5,0.023,30988.0,0.4,17.0,1.4,1.4,0.001,1.69,-0.41,1.42,10.4,7.0,0.0109,23,0,-3,9,67.7,49,-31,18,0.6,0.005999,999999.99,99999.99,99999.99,0.18,0.11,0.08,-1,2007-11-15 18:00:00
2007,319,19,2378,51,52,58,37,4.5,3.9,-18.1,296.8,1.7,-3.3,-1.2,-3.4,-0.8,0.3,2.0,1.0,1.1,1.3,146458.0,3.0,594.0,-1.7,-1.5,0.024,16799.0,0.2,10.0,1.2,1.4,0.003,1.94,0.48,1.69,11.4,7.3,0.0091,23,0,-2,9,67.7,132,-100,32,1.4,0.005999,999999.99,99999.99,99999.99,0.16,0.09,0.06,-1,2007-11-15 19:00:00
2007,319,20,2378,51,52,63,36,5.2,4.5,-7.7,274.8,0.4,-4.4,-0.6,-4.4,-0.2,0.2,2.6,2.0,1.0,1.3,122661.0,2.8,598.0,-1.9,-0.5,0.022,16499.0,0.2,17.0,0.9,1.1,0.003,1.82,0.12,1.08,9.6,6.9,0.0128,23,0,-7,9,67.7,204,-142,62,2.1,0.005999,999999.99,99999.99,99999.99,0.21,0.12,0.1,-1,2007-11-15 20:00:00
2007,319,21,2378,51,52,57,30,5.0,4.3,-4.4,275.3,0.4,-4.3,-0.3,-4.3,0.0,0.2,2.3,1.7,0.7,1.5,145771.0,2.8,580.0,-1.6,-0.2,0.024,19633.0,0.3,16.0,0.6,1.6,0.005,1.72,-0.0,1.28,9.7,6.7,0.0126,27,0,-9,12,67.7,185,-120,65,1.5,0.005999,999999.99,99999.99,99999.99,0.2,0.1,0.07,-1,2007-11-15 21:00:00
2007,319,22,2378,51,52,61,38,4.8,3.0,4.8,311.7,2.0,-2.2,0.3,-2.2,0.5,0.3,3.6,1.9,2.5,1.7,155396.0,2.5,568.0,0.6,0.1,0.03,18766.0,0.3,16.0,2.5,1.8,0.004,1.51,-0.28,1.28,9.4,6.4,0.0136,27,0,-9,12,67.7,138,-44,95,1.2,0.005999,999999.99,99999.99,99999.99,0.21,0.09,0.06,-1,2007-11-15 22:00:00
2007,319,23,2378,51,52,59,36,5.2,4.5,-0.2,294.3,1.9,-4.1,0.0,-4.1,0.3,0.1,2.3,1.8,1.2,1.0,133798.0,2.5,566.0,-1.4,0.2,0.026,21984.0,0.4,22.0,1.2,1.2,0.003,1.48,-0.17,1.01,8.6,6.3,0.0161,27,0,-4,12,67.7,168,-100,68,2.1,0.005999,999999.99,99999.99,99999.99,0.25,0.11,0.09,-1,2007-11-15 23:00:00
2007,320,0,2378,51,52,62,37,5.3,4.6,16.2,293.9,1.8,-4.1,1.3,-4.0,1.6,0.2,2.6,1.7,1.5,1.2,134844.0,2.8,565.0,-2.2,0.9,0.024,13358.0,0.2,14.0,1.3,1.2,0.002,1.64,-0.9,1.09,8.9,6.4,0.015,13,16,0,5,69.1,47,-4,42,0.3,0.006052,999999.99,99999.99,99999.99,0.19,0.09,0.07,-1,2007-11-16 00:00:00
2007,320,1,2378,51,52,55,30,4.8,4.4,35.5,294.7,1.5,-3.3,2.6,-3.0,3.0,0.1,1.5,1.0,0.9,0.8,140421.0,2.9,564.0,-2.1,1.8,0.021,11973.0,0.2,11.0,0.8,0.8,0.002,1.67,-1.69,1.41,10.0,6.7,0.0119,13,16,1,5,69.1,27,-3,24,0.0,0.006052,999999.99,99999.99,99999.99,0.21,0.1,0.08,-1,2007-11-16 01:00:00
2007,320,2,2378,51,52,61,32,4.5,3.8,28.5,338.0,3.1,-1.2,1.8,-0.9,2.0,0.1,2.3,1.1,1.8,0.9,133904.0,2.8,549.0,-0.3,1.5,0.022,24428.0,0.3,13.0,1.8,1.3,0.001,1.53,-1.1,1.51,10.2,6.7,0.0114,13,16,0,5,69.1,25,-3,22,0.1,0.006052,999999.99,99999.99,99999.99,0.18,0.1,0.07,-1,2007-11-16 02:00:00
2007,320,3,2378,51,52,60,37,4.6,4.5,29.6,7.5,3.8,0.5,2.2,0.9,2.1,0.1,1.1,0.5,0.7,0.7,132187.0,2.9,549.0,2.3,1.6,0.019,15192.0,0.2,6.0,1.2,0.7,0.002,1.57,-1.15,1.49,10.2,6.7,0.0115,7,16,1,3,69.1,20,0,20,0.2,0.006052,999999.99,99999.99,99999.99,0.18,0.09,0.07,-1,2007-11-16 03:00:00
2007,320,4,2378,51,52,60,36,4.6,3.0,-8.5,314.0,2.1,-2.1,-0.4,-2.1,0.1,0.5,3.5,2.7,1.6,1.5,147228.0,2.6,553.0,-0.4,-0.5,0.023,32629.0,0.5,27.0,1.2,1.6,0.003,1.45,-0.06,1.41,9.7,6.5,0.0127,7,16,0,3,69.1,31,-4,27,0.2,0.006052,999999.99,99999.99,99999.99,0.19,0.1,0.07,-1,2007-11-16 04:00:00
2007,320,5,2378,51,52,63,39,4.6,3.3,-28.4,259.6,-0.5,-2.8,-1.5,-3.1,-0.6,0.3,3.2,2.8,1.2,1.0,123142.0,2.2,578.0,-1.1,-1.8,0.024,23758.0,0.3,29.0,1.0,1.3,0.004,1.35,0.35,1.09,9.3,6.7,0.0137,7,16,-2,3,69.1,46,-11,34,0.2,0.006052,999999.99,99999.99,99999.99,0.18,0.09,0.07,-1,2007-11-16 05:00:00
2007,320,6,2378,51,52,59,35,4.8,4.5,-9.8,264.4,-0.4,-4.4,-0.8,-4.4,0.8,0.2,1.6,1.1,0.3,1.1,139030.0,2.2,571.0,-1.9,-0.9,0.028,26182.0,0.2,12.0,0.6,1.5,0.005,1.33,-0.46,1.06,8.8,6.4,0.0153,17,16,-1,6,69.1,130,-76,54,0.5,0.006052,999999.99,99999.99,99999.99,0.2,0.09,0.07,-1,2007-11-16 06:00:00
2007,320,7,2378,51,52,60,37,4.3,3.0,-26.5,293.8,1.1,-2.5,-1.4,-2.8,-0.3,0.2,2.9,1.6,1.8,1.5,160641.0,2.4,560.0,-0.2,-1.7,0.033,21312.0,0.3,15.0,1.6,1.6,0.005,1.42,0.17,1.56,10.1,6.6,0.0117,17,16,3,6,69.1,162,-118,44,1.4,0.006052,999999.99,99999.99,99999.99,0.21,0.11,0.09,-1,2007-11-16 07:00:00
2007,320,8,2378,51,52,58,36,4.4,3.9,-18.1,272.8,0.2,-3.7,-1.2,-3.9,0.4,0.2,1.9,1.4,0.7,1.0,180902.0,2.5,570.0,-1.0,-1.6,0.031,27064.0,0.2,14.0,0.8,1.0,0.004,1.52,-0.23,1.66,10.2,6.6,0.0113,17,16,1,6,69.1,122,-78,44,1.2,0.006052,999999.99,99999.99,99999.99,0.2,0.1,0.08,-1,2007-11-16 08:00:00
2007,320,9,2378,51,52,61,36,4.4,3.3,-16.6,277.4,0.4,-3.2,-0.9,-3.3,0.5,0.2,2.8,1.6,1.2,2.0,174087.0,2.5,570.0,-0.9,-0.8,0.029,17040.0,0.2,15.0,1.0,1.7,0.003,1.51,-0.28,1.62,10.2,6.6,0.0113,20,16,1,7,69.1,64,-19,45,0.6,0.006052,999999.99,99999.99,99999.99,0.19,0.1,0.06,-1,2007-11-16 09:00:00
2007,320,10,2378,51,52,60,35,4.1,3.7,39.9,327.9,2.4,-1.5,2.4,-0.3,2.8,0.1,1.7,1.0,1.2,0.7,171117.0,2.8,553.0,0.3,2.8,0.03,14566.0,0.2,9.0,1.2,0.8,0.001,1.6,-1.55,2.08,11.3,6.8,0.0093,20,16,-1,7,69.1,84,-40,45,0.4,0.006052,999999.99,99999.99,99999.99,0.17,0.1,0.07,-1,2007-11-16 10:00:00
2007,320,11,2378,51,52,61,37,4.3,3.5,-4.6,329.1,3.0,-1.8,-0.3,-1.8,0.5,0.2,2.4,0.9,1.6,1.6,153380.0,2.7,546.0,-0.0,0.2,0.029,17637.0,0.2,7.0,1.6,1.9,0.002,1.5,-0.27,1.71,10.4,6.6,0.0109,20,16,3,7,69.1,93,-55,38,0.7,0.006052,999999.99,99999.99,99999.99,0.17,0.09,0.07,-1,2007-11-16 11:00:00
2007,320,12,2378,51,52,60,37,4.0,2.6,-40.7,248.8,-0.7,-1.8,-1.7,-2.3,-0.8,0.4,2.9,2.0,1.2,1.8,163156.0,2.9,587.0,0.4,-0.6,0.027,21251.0,0.2,18.0,1.1,1.3,0.003,1.85,0.47,2.2,12.5,7.3,0.0076,20,16,0,7,69.1,165,-135,30,1.2,0.006052,999999.99,99999.99,99999.99,0.19,0.09,0.07,-1,2007-11-16 12:00:00
2007,320,13,2378,51,52,59,35,4.0,3.2,-14.0,335.6,2.8,-1.3,-0.8,-1.5,-0.3,0.2,2.4,1.1,0.9,1.9,165495.0,3.1,563.0,1.2,-0.1,0.029,14329.0,0.3,8.0,0.7,1.3,0.003,1.83,0.17,2.37,12.4,7.1,0.0077,20,16,-2,7,69.1,131,-96,35,0.6,0.006052,999999.99,99999.99,99999.99,0.21,0.1,0.07,-1,2007-11-16 13:00:00
2007,320,14,2378,51,52,60,34,3.8,3.1,18.0,353.2,3.0,-0.4,1.0,0.0,1.1,0.2,2.0,0.7,1.5,1.0,158421.0,2.8,554.0,1.5,1.8,0.029,14066.0,0.2,7.0,1.6,1.0,0.001,1.6,-0.61,2.31,12.2,7.0,0.008,20,16,-5,7,69.1,142,-132,10,1.3,0.006052,999999.99,99999.99,99999.99,0.21,0.09,0.07,-1,2007-11-16 14:00:00
2007,320,15,2378,51,52,59,4,3.6,3.3,-0.3,0.0,3.3,0.0,0.0,0.0,0.0,0.2,1.4,0.8,1.0,0.6,175156.0,2.8,567.0,0.2,1.4,0.028,5420.0,0.1,8.0,1.8,0.4,0.002,1.67,-0.0,2.73,13.2,7.2,0.0068,17,16,-6,6,69.1,119,-96,23,0.6,0.006052,999999.99,99999.99,99999.99,0.21,0.1,0.08,-1,2007-11-16 15:00:00
2007,320,16,2378,51,52,61,3,3.6,2.7,-29.2,356.6,2.3,-0.1,-1.3,-0.4,-1.2,0.3,2.3,1.6,0.9,1.5,9999999.0,3.0,567.0,1.6,-1.9,0.021,9999999.0,0.1,1.0,0.4,0.1,0.001,1.75,0.68,999.99,13.6,99.9,0.0064,17,16,-3,6,69.1,146,-118,28,0.5,0.006052,999999.99,99999.99,99999.99,0.17,0.09,0.07,-1,2007-11-16 16:00:00
2007,320,17,2378,51,52,57,34,3.6,2.6,21.4,335.8,2.2,-1.0,1.0,-0.8,1.2,0.7,2.4,1.5,0.7,1.7,170154.0,2.9,546.0,0.5,2.4,0.025,18044.0,0.3,13.0,0.6,1.7,0.002,1.59,-0.66,2.78,12.9,7.0,0.0071,17,16,-2,6,69.1,58,-28,30,0.4,0.006052,999999.99,99999.99,99999.99,0.19,0.11,0.08,-1,2007-11-16 17:00:00
2007,320,18,2378,51,52,60,37,4.2,3.8,-13.8,3.7,3.7,0.2,-0.9,0.1,-0.9,0.2,1.9,0.8,1.6,0.6,153612.0,2.7,531.0,1.7,0.3,0.026,21698.0,0.4,6.0,1.5,0.9,0.003,1.4,0.48,1.8,10.4,6.5,0.011,23,16,0,9,69.1,51,-33,17,0.6,0.006052,999999.99,99999.99,99999.99,0.19,0.09,0.08,-1,2007-11-16 18:00:00
2007,320,19,2378,51,52,59,34,3.5,2.9,-8.9,7.7,2.9,0.4,-0.5,0.3,-0.5,0.2,1.9,0.8,0.7,1.6,129324.0,2.1,527.0,2.4,0.7,0.027,22511.0,0.5,13.0,1.0,1.9,0.003,1.08,0.26,1.84,10.9,6.8,0.01,23,16,0,9,69.1,62,-44,18,0.8,0.006052,999999.99,99999.99,99999.99,0.21,0.12,0.08,-1,2007-11-16 19:00:00
2007,320,20,2378,51,52,60,30,3.4,3.2,-6.5,349.8,3.1,-0.6,-0.4,-0.6,-0.3,0.1,1.1,0.3,0.5,0.9,129150.0,1.5,502.0,1.3,0.5,0.032,27431.0,0.5,10.0,1.0,1.5,0.006,0.71,0.15,1.39,9.0,6.1,0.0145,23,16,-2,9,69.1,97,-74,23,0.9,0.006052,999999.99,99999.99,99999.99,0.19,0.1,0.08,-1,2007-11-16 20:00:00
2007,320,21,2378,51,52,63,39,3.9,2.7,-35.5,321.9,1.7,-1.4,-1.6,-1.5,-1.5,0.3,2.6,0.9,2.1,1.3,177880.0,2.4,534.0,1.1,-1.9,0.023,26756.0,0.3,12.0,2.5,2.0,0.004,1.25,0.8,2.01,10.6,6.4,0.0106,33,16,-2,18,69.1,81,-55,26,0.9,0.006052,999999.99,99999.99,99999.99,0.22,0.12,0.1,-1,2007-11-16 21:00:00
2007,320,22,2378,51,52,61,34,3.9,2.8,-63.3,126.2,-0.8,1.0,-2.5,0.8,-2.6,0.5,2.7,1.7,1.6,1.3,155844.0,2.2,553.0,3.4,-3.3,0.022,29551.0,0.2,21.0,1.9,1.5,0.004,1.22,1.44,1.71,10.5,6.7,0.0108,33,16,-5,18,69.1,169,-125,44,1.2,0.006052,999999.99,99999.99,99999.99,0.18,0.09,0.07,-1,2007-11-16 22:00:00
2007,320,23,2378,51,52,55,33,4.0,1.4,-11.2,350.2,1.4,-0.2,-0.3,-0.2,-0.3,0.4,3.7,2.4,1.9,2.2,143817.0,2.1,522.0,2.2,-0.7,0.022,26916.0,0.4,26.0,2.5,2.6,0.004,1.04,0.16,1.49,9.5,6.3,0.0133,33,16,-9,18,69.1,437,-298,139,4.6,0.006052,999999.99,99999.99,99999.99,0.2,0.12,0.08,-1,2007-11-16 23:00:00
2007,321,0,2378,51,52,59,35,4.1,4.0,24.3,335.4,3.3,-1.5,1.6,-1.4,1.7,0.1,1.0,0.3,0.8,0.5,127125.0,1.9,497.0,0.4,1.6,0.025,20470.0,0.3,8.0,0.9,1.0,0.0,0.86,-0.84,1.2,8.4,5.9,0.017,33,15,-10,18,68.2,218,-153,65,1.4,0.006059,999999.99,99999.99,99999.99,0.18,0.1,0.07,-1,2007-11-17 00:00:00
2007,321,1,2378,51,52,59,36,4.2,4.0,10.9,328.1,3.4,-2.1,0.8,-2.0,1.0,0.1,1.0,0.5,0.6,0.7,114415.0,2.0,502.0,-0.1,0.9,9.999,14433.0,0.2,5.0,1.1,1.0,9.999,1.01,-0.5,1.15,8.5,6.0,0.0167,33,15,-9,18,68.2,44,-19,25,-0.0,0.006059,999999.99,99999.99,99999.99,0.22,0.1,0.08,-1,2007-11-17 01:00:00
2007,321,2,2378,51,52,61,33,4.5,4.4,18.6,332.4,3.7,-1.9,1.4,-1.7,1.7,0.2,1.2,0.6,0.8,0.7,92640.0,1.8,503.0,0.8,1.0,0.016,13296.0,0.2,7.0,0.9,0.6,0.0,0.81,-0.86,0.82,7.5,5.7,0.0212,33,15,-7,18,68.2,36,-22,14,-0.0,0.006059,999999.99,99999.99,99999.99,0.21,0.1,0.08,-1,2007-11-17 02:00:00
2007,321,3,2378,51,52,60,37,4.5,4.2,7.7,316.2,3.0,-2.9,0.6,-2.7,1.1,0.1,1.6,0.7,0.9,1.1,97135.0,1.8,507.0,-1.4,-0.8,0.023,19783.0,0.2,9.0,1.3,1.8,0.006,0.84,-0.56,0.83,7.6,5.8,0.0208,23,15,-6,9,68.2,35,-13,22,0.2,0.006059,999999.99,99999.99,99999.99,0.19,0.09,0.07,-1,2007-11-17 03:00:00
2007,321,4,2378,51,52,61,37,4.4,3.9,-35.2,311.5,2.1,-2.4,-2.3,-2.9,-1.7,0.2,1.9,0.6,1.3,1.2,114419.0,1.9,510.0,-0.8,-4.6,0.021,20105.0,0.3,8.0,1.3,1.3,0.004,0.89,0.87,0.99,8.0,5.9,0.0186,23,15,-8,9,68.2,96,-19,78,0.6,0.006059,999999.99,99999.99,99999.99,0.21,0.11,0.07,-1,2007-11-17 04:00:00
2007,321,5,2378,51,52,61,37,4.6,4.3,-70.6,330.3,1.2,-0.7,-4.0,-1.8,-3.6,0.3,1.5,0.5,1.3,0.4,122759.0,1.8,519.0,2.0,-4.5,0.02,17301.0,0.2,6.0,1.8,1.0,0.003,0.87,1.87,0.89,7.6,5.7,0.0208,23,15,-14,9,68.2,188,-128,61,1.7,0.006059,999999.99,99999.99,99999.99,0.2,0.11,0.08,-1,2007-11-17 05:00:00
2007,321,6,2378,51,52,55,34,5.3,4.9,-8.9,16.9,4.7,1.4,-0.8,1.0,-1.2,0.1,1.7,0.8,0.7,1.3,111451.0,1.7,485.0,4.8,-0.2,0.027,13278.0,0.2,12.0,1.2,1.7,0.0,0.74,0.58,0.6,6.0,4.8,0.0334,23,15,-20,9,68.2,215,-154,60,2.8,0.006059,999999.99,99999.99,99999.99,0.21,0.11,0.08,-1,2007-11-17 06:00:00
2007,321,7,2378,51,52,60,35,5.1,5.0,16.4,10.0,4.7,0.8,1.4,1.3,1.0,0.2,1.0,0.3,0.8,0.6,108655.0,1.7,477.0,3.3,2.1,9.999,9782.0,0.2,3.0,1.4,1.1,9.999,0.77,-0.48,0.64,6.1,4.9,0.032,23,15,-14,9,68.2,132,-67,64,1.2,0.006059,999999.99,99999.99,99999.99,0.21,0.11,0.09,-1,2007-11-17 07:00:00
2007,321,8,2378,51,52,63,38,4.4,4.1,36.8,340.3,3.1,-1.1,2.4,0.0,2.6,0.3,1.7,0.9,1.3,0.6,103370.0,1.8,491.0,1.0,3.0,0.025,20536.0,0.4,11.0,1.8,1.0,0.005,0.8,-1.28,0.9,7.5,5.6,0.0212,23,15,-8,9,68.2,27,-11,16,0.3,0.006059,999999.99,99999.99,99999.99,0.23,0.12,0.08,-1,2007-11-17 08:00:00
2007,321,9,2378,51,52,57,34,4.2,3.6,39.8,352.9,2.7,-0.3,2.3,0.7,2.2,0.2,2.1,1.4,1.3,0.6,86792.0,1.9,489.0,1.2,3.2,0.017,21023.0,0.2,16.0,1.4,1.0,0.003,0.81,-1.08,0.96,8.0,5.9,0.0185,7,15,-7,3,68.2,30,-16,14,0.3,0.006059,999999.99,99999.99,99999.99,0.22,0.1,0.08,-1,2007-11-17 09:00:00
2007,321,10,2378,51,52,60,36,4.0,3.9,24.2,336.8,3.3,-1.4,1.6,-0.6,2.0,0.1,0.6,0.2,0.4,0.4,71079.0,1.6,479.0,-0.1,2.3,0.012,8485.0,0.2,5.0,0.8,0.7,0.0,0.64,-0.96,0.83,7.6,5.8,0.0207,7,15,-9,3,68.2,25,-15,11,-0.1,0.006059,999999.99,99999.99,99999.99,0.2,0.11,0.09,-1,2007-11-17 10:00:00
2007,321,11,2378,51,52,60,35,3.4,3.3,10.2,332.2,2.9,-1.5,0.6,-1.1,1.2,0.3,0.8,0.4,0.5,0.5,61061.0,1.3,479.0,0.2,1.7,0.025,16481.0,0.3,8.0,1.0,0.5,0.004,0.55,-0.57,0.89,8.0,6.0,0.0184,7,15,-8,3,68.2,25,-17,8,0.1,0.006059,999999.99,99999.99,99999.99,0.25,0.12,0.09,-1,2007-11-17 11:00:00
2007,321,12,2378,51,52,62,38,3.2,2.9,-5.1,323.7,2.4,-1.7,-0.3,-1.7,0.4,0.1,1.1,0.5,0.7,0.6,64358.0,1.2,482.0,-0.2,0.1,0.026,15464.0,0.3,11.0,1.7,1.5,0.005,0.51,-0.19,0.94,8.3,6.1,0.0175,10,15,-9,4,68.2,64,-57,7,0.2,0.006059,999999.99,99999.99,99999.99,0.16,0.1,0.07,-1,2007-11-17 12:00:00
2007,321,13,2378,51,52,56,35,3.5,3.4,-14.0,336.0,3.0,-1.3,-0.8,-1.5,-0.3,0.2,0.9,0.3,0.5,0.6,47509.0,1.4,468.0,-0.2,0.1,0.016,5829.0,0.2,5.0,1.0,1.1,0.003,0.54,0.14,0.84,7.9,6.0,0.019,10,15,-10,4,68.2,110,-105,5,0.5,0.006059,999999.99,99999.99,99999.99,0.21,0.12,0.09,-1,2007-11-17 13:00:00
2007,321,14,2378,51,52,55,24,3.5,2.9,-5.5,327.6,2.4,-1.5,-0.3,-1.5,0.2,0.1,1.9,1.1,1.0,1.1,51267.0,1.3,462.0,-1.2,-0.2,0.015,10626.0,0.3,7.0,2.1,0.6,0.005,0.49,-0.09,0.79,7.5,5.8,0.021,10,15,-10,4,68.2,135,-134,2,0.8,0.006059,999999.99,99999.99,99999.99,0.2,0.1,0.06,-1,2007-11-17 14:00:00
2007,321,15,2378,51,52,60,37,3.8,3.7,15.1,283.8,0.9,-3.5,1.0,-3.1,2.0,0.1,0.8,0.5,0.2,0.6,45960.0,1.7,440.0,-4.8,-0.9,0.01,8995.0,0.2,6.0,0.4,1.1,0.0,0.57,-0.88,0.85,7.5,5.7,0.0209,17,15,-10,6,68.2,43,-36,8,0.3,0.006059,999999.99,99999.99,99999.99,0.21,0.08,0.06,-1,2007-11-17 15:00:00
2007,321,16,2378,51,52,59,34,4.0,1.8,-43.3,326.3,1.1,-0.7,-1.2,-1.0,-1.0,0.2,3.5,0.5,2.4,2.5,58784.0,2.0,440.0,-0.8,-4.3,0.009,16765.0,0.3,6.0,3.1,3.4,0.002,0.67,0.44,0.97,7.8,5.7,0.0197,17,15,-7,6,68.2,47,-31,16,0.6,0.006059,999999.99,99999.99,99999.99,0.19,0.09,0.07,-1,2007-11-17 16:00:00
2007,321,17,2378,51,52,63,38,4.1,3.5,-32.8,289.1,1.0,-2.8,-1.9,-3.1,-1.3,0.1,1.9,0.9,1.1,1.4,61825.0,2.1,442.0,-3.6,-4.4,9.999,17660.0,0.4,11.0,1.5,2.2,9.999,0.82,0.57,0.99,7.8,5.7,0.0195,17,15,-10,6,68.2,167,-146,20,1.2,0.006059,999999.99,99999.99,99999.99,0.2,0.13,0.08,-1,2007-11-17 17:00:00
2007,321,18,2378,51,52,57,33,3.9,3.7,-10.4,282.7,0.8,-3.5,-0.7,-3.6,-0.1,0.1,1.3,0.9,0.6,0.7,68692.0,2.1,436.0,-4.7,-2.6,9.999,17260.0,0.4,12.0,0.8,1.4,9.999,0.8,0.04,1.13,8.1,5.8,0.0181,13,15,-10,5,68.2,117,-107,11,1.1,0.006059,999999.99,99999.99,99999.99,0.2,0.11,0.08,-1,2007-11-17 18:00:00
2007,321,19,2378,51,52,55,34,3.8,3.6,-24.9,317.2,2.4,-2.2,-1.5,-2.4,-1.2,0.1,1.2,0.6,0.9,0.5,47737.0,1.8,414.0,-3.6,-4.5,9.999,12934.0,0.4,11.0,1.5,1.1,9.999,0.62,0.5,0.91,7.3,5.5,0.0223,13,15,-9,5,68.2,26,-16,9,0.6,0.006059,999999.99,99999.99,99999.99,0.26,0.13,0.08,-1,2007-11-17 19:00:00
2007,321,20,2378,51,52,61,37,3.5,3.4,2.3,24.9,3.1,1.4,0.1,1.4,0.0,0.1,0.7,0.2,0.4,0.6,41929.0,1.4,394.0,3.2,-1.6,0.026,4045.0,0.1,5.0,0.9,1.4,0.002,0.4,-0.0,0.81,6.7,5.1,0.0268,13,15,-9,5,68.2,23,-10,13,0.3,0.006059,999999.99,99999.99,99999.99,0.21,0.11,0.08,-1,2007-11-17 20:00:00
2007,321,21,2378,51,52,59,15,3.5,3.5,3.6,25.6,3.1,1.5,0.2,1.5,0.1,0.1,0.6,0.2,0.4,0.4,38436.0,1.3,396.0,3.6,-1.1,9.999,2998.0,0.1,2.0,0.4,0.5,9.999,0.41,-0.04,0.74,6.5,5.0,0.0286,3,15,-9,2,68.2,23,-9,15,0.0,0.006059,999999.99,99999.99,99999.99,0.17,0.09,0.07,-1,2007-11-17 21:00:00
2007,321,22,2378,51,52,59,10,3.4,3.3,1.5,1.0,3.3,0.1,0.1,0.1,0.1,0.1,0.7,0.2,0.5,0.5,50532.0,1.6,383.0,1.4,-1.9,0.031,10132.0,0.1,1.0,0.9,1.1,0.0,0.44,-0.04,1.03,7.1,5.2,0.0234,3,15,-9,2,68.2,21,-6,15,0.1,0.006059,999999.99,99999.99,99999.99,0.18,0.09,0.06,-1,2007-11-17 22:00:00
2007,321,23,2378,51,52,62,37,3.5,3.5,-4.7,7.4,3.4,0.4,-0.3,0.4,-0.3,0.2,0.7,0.2,0.5,0.5,43381.0,1.6,385.0,1.8,-2.9,0.028,8994.0,0.1,3.0,1.0,1.0,0.0,0.44,0.12,0.93,7.0,5.2,0.0246,3,15,-5,2,68.2,20,-5,15,0.1,0.006059,999999.99,99999.99,99999.99,0.2,0.11,0.08,-1,2007-11-17 23:00:00
2007,322,0,2378,51,52,58,36,3.9,3.7,-6.9,27.1,3.3,1.7,-0.5,1.7,-0.6,0.1,1.0,0.3,0.7,0.7,47419.0,1.9,397.0,4.4,-2.6,9.999,13783.0,0.3,9.0,1.1,1.4,9.999,0.6,0.24,0.91,7.0,5.2,0.0242,10,0,-2,4,67.2,18,-5,12,0.1,0.006054,999999.99,99999.99,99999.99,0.23,0.13,0.08,-1,2007-11-18 00:00:00
2007,322,1,2378,51,52,60,36,3.9,3.7,10.6,6.0,3.7,0.4,0.7,0.5,0.7,0.1,1.1,0.1,0.8,0.7,45575.0,1.9,389.0,1.3,-0.4,0.021,6992.0,0.2,4.0,1.8,1.7,0.004,0.52,-0.27,0.9,6.9,5.2,0.0252,10,0,-4,4,67.2,19,-7,12,0.3,0.006054,999999.99,99999.99,99999.99,0.22,0.13,0.09,-1,2007-11-18 01:00:00
2007,322,2,2378,51,52,61,37,3.9,3.6,-28.6,7.3,3.1,0.4,-1.7,0.2,-1.7,0.1,1.4,0.5,1.0,0.8,56155.0,2.0,397.0,1.2,-5.2,9.999,15508.0,0.4,11.0,2.0,1.7,9.999,0.63,0.67,1.01,7.2,5.3,0.023,10,0,-7,4,67.2,70,-44,25,1.1,0.006054,999999.99,99999.99,99999.99,0.21,0.14,0.1,-1,2007-11-18 02:00:00
2007,322,3,2378,51,52,63,37,4.0,3.4,6.6,312.0,2.3,-2.5,0.4,-2.4,0.9,0.1,1.9,1.0,0.8,1.4,47883.0,2.3,403.0,-3.1,-1.4,0.013,12189.0,0.4,10.0,1.3,2.7,0.002,0.66,-0.36,1.05,7.6,5.5,0.0204,17,0,-9,6,67.2,62,-35,27,1.3,0.006054,999999.99,99999.99,99999.99,0.18,0.11,0.08,-1,2007-11-18 03:00:00
2007,322,4,2378,51,52,58,35,3.9,3.7,15.3,312.9,2.5,-2.6,1.0,-2.3,1.6,0.1,1.0,0.5,0.6,0.7,42019.0,2.2,398.0,-3.6,0.4,0.013,8574.0,0.4,8.0,1.0,1.5,0.002,0.61,-0.64,1.03,7.6,5.5,0.0208,17,0,-5,6,67.2,32,-8,24,0.6,0.006054,999999.99,99999.99,99999.99,0.22,0.1,0.08,-1,2007-11-18 04:00:00
2007,322,5,2378,51,52,64,38,4.2,3.5,36.0,303.0,1.6,-2.4,2.1,-1.7,2.7,0.2,2.2,0.9,1.6,1.1,42106.0,2.2,410.0,-1.6,1.8,0.014,9706.0,0.3,12.0,1.8,2.2,0.002,0.65,-1.11,0.88,7.2,5.5,0.0227,17,0,-3,6,67.2,28,-9,18,0.2,0.006054,999999.99,99999.99,99999.99,0.24,0.12,0.08,-1,2007-11-18 05:00:00
2007,322,6,2378,51,52,58,36,4.1,3.8,-20.9,285.6,1.0,-3.4,-1.4,-3.7,-0.2,0.1,1.4,0.5,0.5,1.2,50770.0,2.7,414.0,-3.3,-2.9,0.013,5698.0,0.3,6.0,0.6,1.8,0.003,0.81,0.08,1.2,8.3,5.8,0.0173,0,0,-2,0,67.2,27,-3,24,0.1,0.006054,999999.99,99999.99,99999.99,0.22,0.13,0.09,-1,2007-11-18 06:00:00
2007,322,7,2378,51,52,56,32,4.0,3.8,12.3,298.4,1.8,-3.3,0.8,-2.8,2.0,0.1,1.3,0.5,0.6,1.0,41255.0,2.1,402.0,-3.5,-0.0,0.017,11358.0,0.4,7.0,0.7,1.8,0.003,0.61,-0.8,0.93,7.3,5.4,0.0224,0,0,-1,0,67.2,26,-2,24,0.1,0.006054,999999.99,99999.99,99999.99,0.19,0.12,0.08,-1,2007-11-18 07:00:00
2007,322,8,2378,51,52,60,35,4.2,3.8,15.4,313.5,2.5,-2.6,1.0,-2.0,1.9,0.1,1.7,1.0,1.2,0.7,42526.0,2.0,393.0,-2.3,0.3,0.016,11953.0,0.4,12.0,1.9,1.3,0.004,0.55,-0.75,0.81,6.6,5.1,0.0272,0,0,1,0,67.2,23,-4,19,0.1,0.006054,999999.99,99999.99,99999.99,0.23,0.12,0.08,-1,2007-11-18 08:00:00
2007,322,9,2378,51,52,59,37,4.2,3.9,26.5,329.8,3.0,-1.7,1.7,-0.9,2.2,0.1,1.6,1.1,0.5,1.0,46723.0,1.9,387.0,-0.7,0.7,0.019,14903.0,0.5,16.0,1.2,2.1,0.005,0.51,-0.85,0.78,6.4,4.9,0.0295,3,0,0,2,67.2,19,-5,14,-0.0,0.006054,999999.99,99999.99,99999.99,0.17,0.1,0.08,-1,2007-11-18 09:00:00
2007,322,10,2378,51,52,60,35,4.0,3.9,13.0,336.2,3.5,-1.6,0.9,-1.1,1.5,0.1,0.8,0.2,0.5,0.6,37480.0,1.5,375.0,-1.2,0.2,0.025,6065.0,0.2,4.0,1.1,1.4,0.0,0.39,-0.56,0.65,5.7,4.6,0.0361,3,0,-1,2,67.2,19,-6,13,0.0,0.006054,999999.99,99999.99,99999.99,0.22,0.09,0.07,-1,2007-11-18 10:00:00
2007,322,11,2378,51,52,59,37,4.0,4.0,10.2,337.1,3.6,-1.5,0.7,-1.1,1.2,0.1,0.5,0.2,0.3,0.3,38221.0,1.6,372.0,-1.5,-0.4,9.999,5741.0,0.1,3.0,0.7,0.8,9.999,0.44,-0.45,0.69,5.9,4.7,0.0344,3,0,-2,2,67.2,20,-8,12,-0.1,0.006054,999999.99,99999.99,99999.99,0.21,0.11,0.09,-1,2007-11-18 11:00:00
2007,322,12,2378,51,52,60,36,3.9,3.8,-1.2,340.9,3.6,-1.2,-0.1,-1.1,0.4,0.1,0.8,0.1,0.4,0.6,35765.0,1.6,368.0,-1.0,-1.9,0.027,4638.0,0.1,2.0,1.2,1.3,0.002,0.4,-0.15,0.72,6.0,4.7,0.0334,3,0,-3,2,67.2,23,-11,12,-0.1,0.006054,999999.99,99999.99,99999.99,0.18,0.11,0.08,-1,2007-11-18 12:00:00
2007,322,13,2378,51,52,57,36,3.7,3.6,-20.2,343.8,3.3,-0.9,-1.2,-1.3,-0.8,0.1,0.7,0.2,0.6,0.4,34194.0,1.7,368.0,-0.7,-4.5,9.999,3978.0,0.1,3.0,1.4,0.8,9.999,0.46,0.29,0.84,6.5,4.9,0.0283,3,0,-5,2,67.2,31,-20,11,0.2,0.006054,999999.99,99999.99,99999.99,0.2,0.1,0.08,-1,2007-11-18 13:00:00
2007,322,14,2378,51,52,63,35,3.7,3.6,-0.2,323.8,2.9,-2.1,0.0,-2.0,0.7,0.1,0.7,0.3,0.5,0.4,29091.0,1.8,367.0,-2.4,-1.8,9.999,5662.0,0.2,5.0,1.2,0.8,9.999,0.48,-0.26,0.86,6.7,5.0,0.0269,3,0,-7,2,67.2,42,-32,10,0.2,0.006054,999999.99,99999.99,99999.99,0.22,0.1,0.08,-1,2007-11-18 14:00:00
2007,322,15,2378,51,52,60,33,3.8,3.5,3.9,340.7,3.3,-1.2,0.2,-1.1,0.5,0.1,1.4,0.4,1.3,0.5,30956.0,1.8,363.0,-0.1,-0.5,0.017,5182.0,0.1,7.0,2.9,1.1,0.001,0.42,-0.18,0.83,6.4,4.9,0.029,10,0,-7,4,67.2,57,-51,7,0.4,0.006054,999999.99,99999.99,99999.99,0.23,0.1,0.08,-1,2007-11-18 15:00:00
2007,322,16,2378,51,52,57,35,3.6,3.5,15.1,0.8,3.4,0.0,0.9,0.2,0.9,0.1,0.7,0.2,0.5,0.4,31023.0,1.9,361.0,2.5,0.7,0.02,3237.0,0.1,2.0,1.2,0.9,0.001,0.45,-0.32,0.97,6.9,5.1,0.0249,10,0,-6,4,67.2,65,-63,2,0.5,0.006054,999999.99,99999.99,99999.99,0.17,0.1,0.08,-1,2007-11-18 16:00:00
2007,322,17,2378,51,52,60,35,3.5,3.0,7.7,16.6,2.9,0.9,0.4,1.0,0.2,0.2,1.6,0.4,1.5,0.5,31330.0,1.7,365.0,4.1,-0.0,0.021,10991.0,0.3,6.0,3.6,1.4,0.003,0.41,-0.07,0.92,6.8,5.1,0.0257,10,0,-2,4,67.2,35,-29,6,0.2,0.006054,999999.99,99999.99,99999.99,0.19,0.1,0.09,-1,2007-11-18 17:00:00
2007,322,18,2378,51,52,63,35,3.4,3.1,6.5,7.3,3.0,0.4,0.3,0.4,0.2,0.2,1.5,0.3,1.3,0.6,37824.0,1.5,362.0,3.7,-0.6,0.028,9981.0,0.2,6.0,2.8,1.5,0.003,0.37,-0.07,0.9,6.5,4.9,0.028,0,0,-1,0,67.2,19,-8,11,0.1,0.006054,999999.99,99999.99,99999.99,0.19,0.11,0.08,-1,2007-11-18 18:00:00
2007,322,19,2378,51,52,65,40,3.4,3.3,22.7,347.4,2.9,-0.7,1.3,-0.6,1.4,0.2,0.9,0.1,0.7,0.4,36088.0,1.0,396.0,1.0,-0.0,0.025,19899.0,0.3,11.0,1.8,0.7,0.002,0.29,-0.55,0.59,5.8,4.7,0.0351,0,0,-1,0,67.2,18,-6,13,-0.0,0.006054,999999.99,99999.99,99999.99,0.22,0.12,0.09,-1,2007-11-18 19:00:00
2007,322,20,2378,51,52,54,31,3.1,3.1,7.4,346.1,3.0,-0.7,0.4,-0.7,0.5,0.3,0.7,0.3,0.1,0.6,53872.0,1.3,383.0,-0.4,-1.0,0.027,21951.0,0.3,15.0,0.6,0.5,0.003,0.35,-0.19,1.03,7.0,5.1,0.024,0,0,-1,0,67.2,19,-6,14,-0.0,0.006054,999999.99,99999.99,99999.99,0.22,0.11,0.07,-1,2007-11-18 20:00:00
2007,322,21,2378,51,52,58,35,2.9,2.9,-5.4,343.7,2.8,-0.8,-0.3,-0.8,-0.3,0.1,0.3,0.1,0.2,0.3,52029.0,1.4,360.0,-1.7,-1.9,0.03,15367.0,0.2,5.0,0.6,0.9,0.0,0.34,0.11,1.25,7.3,5.1,0.0221,0,0,-2,0,67.2,26,-12,14,-0.1,0.006054,999999.99,99999.99,99999.99,0.21,0.11,0.07,-1,2007-11-18 21:00:00
2007,322,22,2378,51,52,66,38,4.2,4.1,-1.6,336.8,3.7,-1.6,-0.1,-1.6,0.0,1.2,1.5,1.0,0.9,0.8,54660.0,1.7,367.0,-3.5,-0.8,0.032,30285.0,0.9,15.0,2.0,2.7,0.002,0.43,-0.0,0.73,5.7,4.5,0.0367,0,0,2,0,67.2,21,-5,16,-0.0,0.006054,999999.99,99999.99,99999.99,0.19,0.11,0.08,-1,2007-11-18 22:00:00
2007,322,23,2378,51,52,62,37,5.8,5.5,10.3,321.1,4.2,-3.4,1.0,-3.3,1.2,0.2,1.8,0.7,1.2,1.2,73958.0,3.0,399.0,-7.2,1.9,0.019,21172.0,0.7,12.0,2.2,1.6,0.005,0.86,-0.48,0.75,6.0,4.6,0.0335,0,0,3,0,67.2,21,-5,16,-0.0,0.006054,999999.99,99999.99,99999.99,0.17,0.09,0.07,-1,2007-11-18 23:00:00
2007,323,0,2378,51,52,60,38,6.0,5.6,-10.4,307.3,3.3,-4.4,-1.0,-4.5,-0.7,0.2,2.0,0.9,0.8,1.6,76380.0,3.8,415.0,-6.8,0.5,0.017,12447.0,0.4,9.0,1.2,1.7,0.004,1.17,0.29,0.9,6.7,5.1,0.0262,7,0,4,3,67.9,24,-7,17,0.4,0.006057,999999.99,99999.99,99999.99,0.22,0.1,0.08,-1,2007-11-19 00:00:00
2007,323,1,2378,51,52,57,33,6.1,5.8,16.3,332.1,4.9,-2.6,1.6,-2.4,1.8,0.1,1.7,0.4,0.9,1.3,64666.0,3.4,400.0,-6.0,2.7,0.025,17874.0,0.5,8.0,1.1,1.2,0.003,1.0,-0.72,0.73,6.0,4.7,0.0325,7,0,2,3,67.9,30,-14,16,0.8,0.006057,999999.99,99999.99,99999.99,0.21,0.13,0.09,-1,2007-11-19 01:00:00
2007,323,2,2378,51,52,59,34,5.9,5.8,-4.0,328.3,5.0,-3.1,-0.4,-3.1,0.0,0.2,0.8,0.2,0.7,0.4,39817.0,2.8,387.0,-7.4,0.8,0.018,10338.0,0.4,5.0,0.8,0.8,0.002,0.75,-0.0,0.56,5.5,4.5,0.0395,7,0,-1,3,67.9,20,-5,16,0.4,0.006057,999999.99,99999.99,99999.99,0.24,0.11,0.07,-1,2007-11-19 02:00:00
2007,323,3,2378,51,52,59,37,5.2,4.7,-24.1,337.5,3.9,-1.6,-1.9,-1.9,-1.6,0.3,2.3,1.3,1.0,1.7,35966.0,3.0,384.0,-5.8,1.3,0.023,10645.0,0.8,5.0,0.8,0.8,0.004,0.81,0.61,0.76,6.4,5.0,0.0291,0,0,0,0,67.9,20,-4,16,0.0,0.006057,999999.99,99999.99,99999.99,0.18,0.1,0.07,-1,2007-11-19 03:00:00
2007,323,4,2378,51,52,60,36,5.8,5.5,-39.1,13.6,4.1,1.0,-3.4,0.2,-3.5,0.3,1.8,0.7,1.2,1.1,36810.0,3.0,381.0,-5.0,1.1,0.024,10953.0,1.0,5.0,0.6,1.2,0.003,0.8,1.33,0.61,5.7,4.6,0.0368,0,0,3,0,67.9,18,-3,16,0.1,0.006057,999999.99,99999.99,99999.99,0.19,0.09,0.07,-1,2007-11-19 04:00:00
2007,323,5,2378,51,52,59,34,5.5,4.8,-3.4,4.9,4.8,0.4,-0.3,0.3,-0.4,0.1,2.7,0.4,2.3,1.2,29721.0,2.0,376.0,-5.2,0.9,0.029,10362.0,0.4,8.0,2.0,0.8,0.005,0.53,0.15,0.43,4.8,4.1,0.0509,0,0,5,0,67.9,19,-2,16,0.2,0.006057,999999.99,99999.99,99999.99,0.2,0.11,0.09,-1,2007-11-19 05:00:00
2007,323,6,2378,51,52,61,38,5.0,4.9,9.7,11.2,4.7,0.9,0.8,1.1,0.5,0.2,1.0,0.2,0.8,0.6,25383.0,1.8,360.0,-3.9,1.6,0.024,6603.0,0.2,5.0,0.6,0.5,0.003,0.43,-0.18,0.46,4.8,4.1,0.051,0,0,4,0,67.9,19,-2,17,0.1,0.006057,999999.99,99999.99,99999.99,0.19,0.12,0.08,-1,2007-11-19 06:00:00
2007,323,7,2378,51,52,56,33,4.5,4.3,31.1,343.3,3.5,-1.1,2.2,-0.2,2.4,0.2,1.3,0.8,0.6,0.9,41938.0,2.4,373.0,-4.5,1.3,0.028,17943.0,0.7,14.0,0.7,1.0,0.004,0.62,-0.9,0.84,6.4,4.9,0.0289,0,0,3,0,67.9,19,-4,15,-0.1,0.006057,999999.99,99999.99,99999.99,0.24,0.13,0.09,-1,2007-11-19 07:00:00
2007,323,8,2378,51,52,60,37,4.5,4.5,10.0,345.2,4.2,-1.1,0.8,-0.7,1.2,0.0,0.4,0.1,0.2,0.3,21858.0,1.7,352.0,-5.2,1.1,0.034,5634.0,0.3,4.0,0.7,0.8,0.006,0.4,-0.42,0.52,5.1,4.2,0.0457,0,0,4,0,67.9,19,-3,16,-0.1,0.006057,999999.99,99999.99,99999.99,0.19,0.13,0.11,-1,2007-11-19 08:00:00
2007,323,9,2378,51,52,61,37,4.6,4.5,-4.5,349.9,4.4,-0.8,-0.4,-0.9,0.0,0.1,0.7,0.1,0.2,0.6,27602.0,2.4,353.0,-4.8,-0.1,0.024,4662.0,0.1,2.0,0.3,1.2,0.002,0.55,-0.0,0.74,5.9,4.6,0.0337,0,0,3,0,67.9,20,-4,16,-0.2,0.006057,999999.99,99999.99,99999.99,0.16,0.1,0.07,-1,2007-11-19 09:00:00
2007,323,10,2378,51,52,61,35,4.3,4.2,19.3,350.4,3.9,-0.7,1.4,-0.1,1.6,0.1,0.9,0.2,0.3,0.9,28293.0,2.1,352.0,-4.7,2.2,0.025,7171.0,0.4,5.0,0.7,1.4,0.003,0.48,-0.56,0.74,5.9,4.6,0.0338,0,0,5,0,67.9,20,-4,16,-0.2,0.006057,999999.99,99999.99,99999.99,0.18,0.09,0.08,-1,2007-11-19 10:00:00
2007,323,11,2378,51,52,58,38,4.1,4.0,15.2,348.0,3.8,-0.8,1.1,-0.3,1.3,0.1,0.5,0.1,0.2,0.4,29866.0,2.4,357.0,-3.6,2.7,0.024,7949.0,0.3,4.0,0.7,0.7,0.002,0.56,-0.46,0.94,6.7,5.0,0.0261,0,0,5,0,67.9,22,-9,13,-0.2,0.006057,999999.99,99999.99,99999.99,0.19,0.09,0.07,-1,2007-11-19 11:00:00
2007,323,12,2378,51,52,59,36,3.9,3.9,3.1,345.5,3.8,-1.0,0.2,-0.8,0.6,0.0,0.4,0.1,0.3,0.3,26913.0,2.5,359.0,-3.8,0.4,0.024,3875.0,0.1,2.0,0.6,0.6,0.001,0.59,-0.22,1.06,7.3,5.3,0.0225,0,0,5,0,67.9,22,-9,13,-0.1,0.006057,999999.99,99999.99,99999.99,0.23,0.1,0.08,-1,2007-11-19 12:00:00
2007,323,13,2378,51,52,63,38,4.1,3.3,17.5,3.9,3.1,0.2,1.0,0.5,0.9,0.3,2.4,0.8,2.0,1.2,34163.0,2.9,372.0,-1.3,1.9,0.024,8696.0,0.6,12.0,2.6,1.9,0.005,0.73,-0.33,1.17,7.7,5.5,0.0199,0,0,4,0,67.9,20,-8,13,0.1,0.006057,999999.99,99999.99,99999.99,0.23,0.13,0.09,-1,2007-11-19 13:00:00
2007,323,14,2378,51,52,62,38,4.0,3.9,21.5,12.4,3.6,0.8,1.4,1.2,1.1,0.1,0.7,0.2,0.6,0.2,36279.0,3.1,368.0,-0.5,2.7,0.026,6011.0,0.3,6.0,0.8,0.6,0.003,0.77,-0.4,1.33,8.1,5.5,0.0181,0,0,2,0,67.9,22,-9,14,0.1,0.006057,999999.99,99999.99,99999.99,0.23,0.14,0.09,-1,2007-11-19 14:00:00
2007,323,15,2378,51,52,59,36,4.1,4.1,30.2,26.4,3.1,1.6,2.0,2.1,1.5,0.1,0.5,0.3,0.3,0.3,39633.0,3.4,376.0,-0.4,1.9,0.022,2376.0,0.2,3.0,0.2,0.2,0.001,0.87,-0.56,1.41,8.5,5.7,0.0166,0,0,-2,0,67.9,21,-6,15,0.1,0.006057,999999.99,99999.99,99999.99,0.2,0.12,0.08,-1,2007-11-19 15:00:00
2007,323,16,2378,51,52,59,37,3.9,3.8,28.4,1.1,3.4,0.1,1.8,0.5,1.7,0.1,0.8,0.2,0.8,0.2,39099.0,3.4,365.0,-1.2,2.7,0.024,4238.0,0.3,4.0,0.8,0.5,0.002,0.83,-0.62,1.56,8.6,5.6,0.016,0,0,-2,0,67.9,20,-5,15,0.1,0.006057,999999.99,99999.99,99999.99,0.21,0.12,0.1,-1,2007-11-19 16:00:00
2007,323,17,2378,51,52,60,35,3.7,3.7,31.6,340.3,2.9,-1.1,1.9,-0.7,2.1,0.0,0.6,0.3,0.6,0.2,39084.0,3.7,367.0,-2.6,2.9,0.023,3872.0,0.2,3.0,0.8,0.5,0.002,0.91,-0.77,1.88,9.5,5.9,0.0131,0,0,-2,0,67.9,18,-3,15,0.1,0.006057,999999.99,99999.99,99999.99,0.19,0.1,0.07,-1,2007-11-19 17:00:00
2007,323,18,2378,51,52,70,43,4.9,4.5,37.3,358.5,3.5,-0.1,2.7,0.3,2.7,1.5,2.4,0.8,1.6,1.6,58941.0,6.9,393.0,-1.3,2.0,0.025,20713.0,3.3,21.0,1.5,1.2,0.003,1.96,-1.06,2.24,10.5,6.1,0.0107,20,0,12,7,67.9,27,-6,21,0.2,0.006057,999999.99,99999.99,99999.99,0.2,0.11,0.08,-1,2007-11-19 18:00:00
2007,323,19,2378,51,52,60,37,6.7,6.5,28.2,46.4,3.9,4.1,3.1,4.4,2.6,0.6,1.6,0.4,1.4,0.5,62410.0,16.6,427.0,0.1,2.2,0.014,5062.0,2.6,2.0,0.9,0.3,0.002,5.34,-1.11,2.93,13.0,6.9,0.0071,20,0,23,7,67.9,28,-5,23,0.3,0.006057,999999.99,99999.99,99999.99,0.18,0.1,0.07,-1,2007-11-19 19:00:00
2007,323,20,2378,51,52,62,37,6.7,5.7,36.7,51.8,2.8,3.6,3.4,3.8,3.1,0.4,3.4,1.7,2.1,2.1,66900.0,21.6,429.0,0.7,1.9,0.014,5905.0,3.0,4.0,0.6,0.5,0.002,7.01,-1.33,3.91,14.9,7.1,0.0054,20,0,31,7,67.9,29,0,29,0.4,0.006057,999999.99,99999.99,99999.99,0.18,0.1,0.08,-1,2007-11-19 20:00:00
2007,323,21,2378,51,52,58,35,6.1,4.2,-6.6,300.4,2.1,-3.6,-0.5,-3.6,-0.3,0.9,4.4,2.0,2.2,3.2,66546.0,35.4,433.0,0.7,3.2,0.017,8880.0,2.5,4.0,0.4,1.1,0.003,11.84,0.13,7.71,21.1,7.6,0.0027,27,0,37,12,67.9,46,-12,35,0.4,0.006057,999999.99,99999.99,99999.99,0.15,0.08,0.06,-1,2007-11-19 21:00:00
2007,323,22,2378,51,52,63,39,6.9,5.5,23.2,56.1,2.8,4.2,2.2,4.3,2.0,1.3,4.4,1.9,2.6,3.0,64629.0,30.7,429.0,0.8,3.2,0.029,14572.0,7.0,7.0,1.1,1.7,0.01,10.53,-0.86,5.18,17.2,7.4,0.004,27,0,30,12,67.9,76,-20,55,0.6,0.006057,999999.99,99999.99,99999.99,0.21,0.1,0.07,-1,2007-11-19 22:00:00
2007,323,23,2378,51,52,60,19,9.0,7.0,20.5,51.7,4.0,5.1,2.4,5.2,2.2,0.9,5.7,1.4,4.1,3.8,77721.0,20.8,447.0,-2.1,0.4,0.045,6952.0,0.9,3.0,1.0,0.5,0.004,8.19,-0.98,2.2,11.3,6.6,0.0093,27,0,31,12,67.9,271,-199,71,1.3,0.006057,999999.99,99999.99,99999.99,0.18,0.1,0.08,-1,2007-11-19 23:00:00
2007,324,0,2378,51,52,61,5,9.7,7.7,41.2,27.8,5.1,2.7,5.0,3.0,4.8,1.2,5.9,3.1,3.4,3.7,38082.0,26.3,455.0,-2.0,0.3,0.012,2003.0,1.8,2.0,0.2,0.1,0.001,9.53,-2.18,1.94,12.0,7.4,0.0082,27,0,30,12,68.0,125,-78,48,0.9,0.006008,999999.99,99999.99,99999.99,0.21,0.13,0.1,-1,2007-11-20 00:00:00
2007,324,1,2378,51,52,59,35,14.3,14.2,43.1,334.8,9.4,-4.4,9.7,-3.5,10.1,1.1,1.7,0.9,1.4,0.4,28144.0,15.5,453.0,-2.2,0.8,0.011,7554.0,8.2,5.0,0.3,0.7,0.003,5.55,-4.58,0.49,6.2,5.2,0.0306,27,0,17,12,68.0,36,-7,29,-0.1,0.006008,999999.99,99999.99,99999.99,0.18,0.09,0.06,-1,2007-11-20 01:00:00
2007,324,2,2378,51,52,62,37,15.9,15.7,29.6,309.8,8.8,-10.5,7.8,-9.4,9.1,0.1,2.4,1.0,1.9,1.1,24487.0,3.8,457.0,-3.0,-0.2,0.017,4158.0,0.4,5.0,0.5,0.7,0.004,1.42,-4.16,0.1,2.8,2.7,0.1516,27,0,8,12,68.0,21,-2,19,-0.2,0.006008,999999.99,99999.99,99999.99,0.2,0.1,0.07,-1,2007-11-20 02:00:00
2007,324,3,2378,51,52,59,37,16.7,16.7,26.0,309.3,9.5,-11.6,7.3,-10.2,9.2,0.4,1.6,0.5,1.2,1.0,33945.0,3.8,463.0,-3.3,-0.0,0.026,9256.0,0.3,3.0,0.8,0.7,0.003,1.5,-4.26,0.09,2.7,2.6,0.1629,20,0,9,7,68.0,23,-1,22,-0.5,0.006008,999999.99,99999.99,99999.99,0.2,0.1,0.07,-1,2007-11-20 03:00:00
2007,324,4,2378,51,52,63,38,17.5,17.4,15.0,302.8,9.1,-14.1,4.5,-12.7,7.5,0.2,2.2,0.9,1.2,1.7,16858.0,8.0,462.0,-4.9,0.3,0.015,6528.0,2.8,5.0,0.5,0.7,0.01,3.02,-3.46,0.16,3.7,3.5,0.0853,20,0,16,7,68.0,40,0,39,-0.2,0.006008,999999.99,99999.99,99999.99,0.19,0.09,0.07,-1,2007-11-20 04:00:00
2007,324,5,2378,51,52,60,37,18.4,18.2,-7.7,285.1,4.7,-17.4,-2.4,-17.4,2.5,0.1,2.8,2.0,0.3,1.9,14691.0,8.1,480.0,-3.9,-0.7,0.012,1876.0,0.8,5.0,0.9,0.9,0.001,3.27,-1.2,0.14,3.7,3.5,0.0863,20,0,17,7,68.0,154,-18,137,1.2,0.006008,999999.99,99999.99,99999.99,0.17,0.08,0.07,-1,2007-11-20 05:00:00
2007,324,6,2378,51,52,60,37,18.7,18.6,-11.4,288.2,5.7,-17.3,-3.7,-17.6,2.0,0.1,1.8,1.4,0.3,1.2,15701.0,7.0,480.0,-4.2,0.4,0.013,3170.0,0.6,2.0,0.6,0.6,0.002,2.83,-0.96,0.12,3.4,3.2,0.1032,27,0,15,12,68.0,163,-13,150,0.7,0.006008,999999.99,99999.99,99999.99,0.22,0.12,0.09,-1,2007-11-20 06:00:00
2007,324,7,2378,51,52,58,36,19.0,18.9,-22.2,275.8,1.8,-17.4,-7.2,-18.8,-0.5,0.1,1.6,1.0,0.3,1.2,15199.0,8.6,476.0,-3.1,0.9,0.013,1308.0,0.6,5.0,0.3,0.5,0.001,3.42,0.24,0.14,3.7,3.5,0.0881,27,0,15,12,68.0,184,-41,143,0.9,0.006008,999999.99,99999.99,99999.99,0.2,0.1,0.08,-1,2007-11-20 07:00:00
2007,324,8,2378,51,52,60,36,19.5,19.5,-30.4,267.4,-0.8,-16.8,-9.9,-19.3,-2.7,0.2,1.0,0.8,0.2,0.5,17608.0,11.5,473.0,-2.7,2.1,0.011,1491.0,0.7,3.0,0.1,0.2,0.001,4.49,1.28,0.18,4.1,3.8,0.0703,27,0,7,12,68.0,175,-30,145,0.4,0.006008,999999.99,99999.99,99999.99,0.2,0.12,0.08,-1,2007-11-20 08:00:00
2007,324,9,2378,51,52,58,33,19.7,19.6,-30.2,269.9,0.0,-17.0,-9.9,-19.5,-2.3,0.2,1.9,1.0,1.0,1.3,18635.0,11.8,462.0,-2.7,2.5,0.012,3060.0,2.3,3.0,0.6,0.3,0.001,4.41,1.06,0.19,4.0,3.7,0.0733,43,0,9,32,68.0,523,-308,216,3.4,0.006008,999999.99,99999.99,99999.99,0.22,0.09,0.08,-1,2007-11-20 09:00:00
2007,324,10,2378,51,52,60,37,19.2,18.3,-55.4,247.5,-4.0,-9.6,-15.0,-14.8,-9.9,0.3,5.7,1.6,5.1,2.1,35821.0,19.2,453.0,-1.2,3.2,0.016,9633.0,2.6,2.0,1.8,0.7,0.005,7.0,4.48,0.36,5.2,4.5,0.0445,43,0,6,32,68.0,666,-514,152,4.8,0.006008,999999.99,99999.99,99999.99,0.17,0.11,0.09,-1,2007-11-20 10:00:00
2007,324,11,2378,51,52,59,35,18.8,18.4,-50.0,241.6,-5.6,-10.4,-14.1,-15.1,-8.8,0.5,3.4,0.9,2.8,1.7,34632.0,34.1,456.0,-1.0,2.0,0.02,7839.0,9.2,4.0,1.4,0.8,0.002,12.79,4.01,0.65,7.1,5.7,0.0237,43,0,-6,32,68.0,539,-500,39,5.1,0.006008,999999.99,99999.99,99999.99,0.19,0.08,0.06,-1,2007-11-20 11:00:00
2007,324,12,2378,51,52,62,36,18.1,15.7,-46.5,239.1,-5.5,-9.3,-11.4,-12.9,-7.1,2.0,9.0,1.9,7.9,3.9,102577.0,22.9,458.0,1.5,1.7,0.034,89023.0,9.9,5.0,3.7,0.9,0.023,9.11,3.25,0.67,6.1,4.8,0.0324,53,0,-32,56,68.0,408,-251,158,3.4,0.006008,999999.99,99999.99,99999.99,0.21,0.12,0.08,-1,2007-11-20 12:00:00
2007,324,13,2378,51,52,58,35,12.6,11.0,-45.9,107.1,-2.3,7.3,-7.9,4.1,-9.9,1.6,6.1,2.2,3.5,4.5,350129.0,9.6,459.0,9.1,2.3,0.096,60758.0,1.0,5.0,0.9,0.9,0.025,4.67,4.54,1.2,5.6,4.0,0.0373,53,0,-34,56,68.0,1068,-764,304,4.7,0.006008,999999.99,99999.99,99999.99,0.16,0.1,0.07,-1,2007-11-20 13:00:00
2007,324,14,2378,51,52,61,37,10.4,8.0,-6.3,85.9,0.6,7.9,-0.9,7.2,-3.3,1.6,6.5,3.7,3.3,4.3,371424.0,9.6,473.0,7.5,0.3,0.088,83039.0,1.2,11.0,1.5,1.5,0.019,4.85,1.56,1.85,7.0,4.4,0.024,53,0,-46,56,68.0,872,-654,219,4.1,0.006008,999999.99,99999.99,99999.99,0.21,0.13,0.1,-1,2007-11-20 14:00:00
2007,324,15,2378,51,52,62,37,10.5,9.6,-12.3,95.1,-0.8,9.3,-2.0,8.4,-4.5,1.2,4.0,1.2,1.8,3.3,355565.0,9.4,470.0,5.2,0.6,0.087,31767.0,0.8,6.0,1.3,1.5,0.016,4.67,2.12,1.72,6.9,4.4,0.0253,43,0,-47,32,68.0,799,-553,245,3.4,0.006008,999999.99,99999.99,99999.99,0.23,0.11,0.08,-1,2007-11-20 15:00:00
2007,324,16,2378,51,52,59,35,10.1,8.6,-9.8,100.1,-1.5,8.4,-1.5,7.8,-3.4,0.6,5.1,3.0,1.7,3.8,348805.0,9.6,477.0,3.3,-1.9,0.072,23509.0,0.9,7.0,1.3,1.5,0.017,4.7,1.62,1.87,7.3,4.5,0.0222,43,0,-47,32,68.0,1230,-954,275,5.7,0.006008,999999.99,99999.99,99999.99,0.17,0.08,0.06,-1,2007-11-20 16:00:00
2007,324,17,2378,51,52,61,37,9.8,7.7,-20.0,121.8,-3.8,6.1,-2.6,5.5,-3.7,0.6,5.8,2.2,2.3,4.8,352431.0,9.5,479.0,3.3,-2.8,0.072,39312.0,0.8,8.0,1.0,1.6,0.016,4.69,1.77,1.98,7.5,4.6,0.021,43,0,-50,32,68.0,897,-547,350,4.2,0.006008,999999.99,99999.99,99999.99,0.27,0.11,0.07,-1,2007-11-20 17:00:00
2007,324,18,2378,51,52,60,36,11.1,9.8,-17.8,122.5,-5.0,7.9,-3.0,7.4,-4.1,1.6,5.1,2.3,1.6,4.3,253310.0,8.2,478.0,0.2,-2.8,0.052,48391.0,0.8,9.0,0.7,1.9,0.018,3.78,1.96,1.06,6.2,4.5,0.0313,33,0,-50,18,68.0,794,-470,324,3.7,0.006008,999999.99,99999.99,99999.99,0.16,0.09,0.08,-1,2007-11-20 18:00:00
2007,324,19,2378,51,52,56,33,11.9,11.3,-29.7,118.4,-4.7,8.6,-5.6,8.0,-6.4,1.2,3.7,1.5,1.8,2.9,176289.0,8.0,461.0,0.9,-0.2,0.034,25257.0,0.8,12.0,0.7,1.7,0.006,3.23,2.95,0.72,5.5,4.3,0.0396,33,0,-54,18,68.0,723,-516,207,3.7,0.006008,999999.99,99999.99,99999.99,0.19,0.11,0.09,-1,2007-11-20 19:00:00
2007,324,20,2378,51,52,60,37,9.0,8.7,-2.5,104.7,-2.2,8.4,-0.4,8.4,-1.0,1.7,2.7,1.3,1.8,1.5,181309.0,6.8,444.0,-0.1,-2.4,0.048,42152.0,0.8,4.0,0.6,1.6,0.017,2.67,0.44,1.08,6.4,4.6,0.0287,33,0,-59,18,68.0,683,-522,161,3.4,0.006008,999999.99,99999.99,99999.99,0.22,0.1,0.07,-1,2007-11-20 20:00:00
2007,324,21,2378,51,52,63,37,5.6,4.3,10.0,119.0,-2.1,3.7,0.7,3.7,0.5,1.5,3.7,1.5,2.3,2.4,240608.0,6.6,453.0,1.3,-5.2,0.053,17363.0,0.4,5.0,0.6,1.1,0.01,2.74,-0.23,3.23,10.4,5.3,0.011,37,0,-56,22,68.0,358,-251,108,2.2,0.006008,999999.99,99999.99,99999.99,0.2,0.1,0.07,-1,2007-11-20 21:00:00
2007,324,22,2378,51,52,70,43,3.7,3.4,10.2,158.9,-3.1,1.2,0.6,1.2,0.6,0.7,1.4,0.6,0.9,0.8,190601.0,3.5,517.0,-0.4,-4.0,0.055,96318.0,1.8,39.0,0.8,2.4,0.011,1.91,-0.31,3.39,13.1,6.6,0.007,37,0,-52,22,68.0,449,-398,51,1.4,0.006008,999999.99,99999.99,99999.99,0.21,0.11,0.08,-1,2007-11-20 22:00:00
2007,324,23,2378,51,52,60,37,4.9,4.9,-7.2,167.5,-4.7,1.1,-0.6,1.1,-0.6,0.3,0.7,0.3,0.4,0.5,133741.0,1.5,562.0,-1.3,-0.0,0.066,28662.0,0.2,9.0,0.8,0.7,0.022,1.0,0.34,0.68,7.0,5.6,0.0241,37,0,-50,22,68.0,352,-304,49,1.6,0.006008,999999.99,99999.99,99999.99,0.17,0.1,0.08,-1,2007-11-20 23:00:00
2007,325,0,2378,51,52,59,35,5.2,5.2,-5.9,162.3,-4.9,1.6,-0.5,1.6,-0.6,0.1,0.6,0.1,0.5,0.4,130222.0,1.5,572.0,-1.6,-0.8,0.058,21879.0,0.1,7.0,0.5,0.5,0.03,1.01,0.34,0.6,6.7,5.5,0.0262,33,0,-45,18,67.4,161,-127,34,1.0,0.005961,999999.99,99999.99,99999.99,0.17,0.1,0.07,-1,2007-11-21 00:00:00
2007,325,1,2378,51,52,64,39,4.9,4.0,13.6,130.6,-2.5,2.9,0.9,3.0,0.7,0.3,2.7,1.6,1.2,1.8,160335.0,2.6,588.0,-2.7,-1.1,0.074,21530.0,0.5,14.0,0.8,1.1,0.014,1.95,-0.41,1.3,9.7,6.6,0.0127,33,0,-41,18,67.4,134,-90,44,1.0,0.005961,999999.99,99999.99,99999.99,0.17,0.08,0.06,-1,2007-11-21 01:00:00
2007,325,2,2378,51,52,62,38,5.4,4.6,-42.9,126.3,-2.0,2.7,-3.1,2.3,-3.4,0.7,2.9,1.2,2.1,1.7,183153.0,3.6,618.0,0.3,-0.7,0.044,16720.0,0.3,11.0,1.1,0.3,0.005,2.7,2.1,1.6,10.9,7.0,0.0101,33,0,-38,18,67.4,335,-251,84,2.6,0.005961,999999.99,99999.99,99999.99,0.17,0.1,0.08,-1,2007-11-21 02:00:00
2007,325,3,2378,51,52,59,36,6.0,4.1,60.8,43.5,1.5,1.4,3.6,2.0,3.3,1.5,4.5,0.7,4.0,1.9,201813.0,4.0,627.0,1.3,-2.4,0.043,13830.0,0.6,6.0,1.3,0.7,0.006,3.08,-2.07,1.53,10.4,6.9,0.0109,40,0,-37,27,67.4,272,-170,103,2.3,0.005961,999999.99,99999.99,99999.99,0.17,0.09,0.08,-1,2007-11-21 03:00:00
2007,325,4,2378,51,52,62,39,5.0,4.5,19.9,94.7,-0.4,4.3,1.5,4.5,0.5,0.3,2.0,0.7,0.9,1.6,220855.0,2.9,637.0,1.2,-2.1,0.045,30834.0,0.3,14.0,1.4,1.1,0.005,2.32,-0.32,1.69,10.8,6.9,0.0101,40,0,-34,27,67.4,155,-126,29,1.9,0.005961,999999.99,99999.99,99999.99,0.17,0.08,0.06,-1,2007-11-21 04:00:00
2007,325,5,2378,51,52,60,36,5.1,4.8,8.5,92.9,-0.2,4.8,0.7,4.8,-0.6,0.3,1.5,1.2,0.6,0.7,211975.0,2.7,653.0,1.8,-2.9,0.039,18405.0,0.3,6.0,0.6,0.4,0.005,2.22,0.39,1.47,10.5,7.0,0.0107,40,0,-34,27,67.4,184,-149,35,2.3,0.005961,999999.99,99999.99,99999.99,0.18,0.08,0.06,-1,2007-11-21 05:00:00
2007,325,6,2378,51,52,57,35,4.8,4.5,-16.8,135.4,-3.1,3.0,-1.3,2.4,-2.2,0.2,1.5,0.8,1.0,0.8,219395.0,2.7,656.0,1.9,-2.7,0.045,13394.0,0.2,7.0,0.6,0.5,0.004,2.29,1.44,1.7,11.2,7.2,0.0094,37,0,-33,22,67.4,443,-365,78,4.1,0.005961,999999.99,99999.99,99999.99,0.17,0.11,0.08,-1,2007-11-21 06:00:00
2007,325,7,2378,71,71,15,15,5.6,4.5,-40.9,182.1,-3.4,-0.1,-3.0,-1.1,-2.8,0.1,3.0,0.9,2.7,0.9,175041.0,2.7,651.0,1.1,-1.5,9.999,17260.0,0.3,6.0,0.8,0.5,9.999,2.29,1.82,1.09,9.6,6.9,0.013,37,0,-36,22,67.4,324,-284,39,3.2,0.005961,999999.99,99999.99,99999.99,0.23,0.13,0.08,-1,2007-11-21 07:00:00
2007,325,8,2378,71,71,15,15,5.0,4.7,-31.3,173.9,-4.0,0.4,-2.4,-0.5,-2.4,0.2,1.6,0.5,1.5,0.6,251721.0,3.2,655.0,0.8,-1.4,9.999,24679.0,0.2,2.0,0.6,0.3,9.999,2.75,1.57,2.02,11.7,7.1,0.0087,37,0,-36,22,67.4,461,-341,120,3.8,0.005961,999999.99,99999.99,99999.99,0.17,0.09,0.07,-1,2007-11-21 08:00:00
2007,325,9,2378,71,71,15,15,4.9,4.2,-8.8,98.8,-0.6,4.1,-0.6,3.5,-2.2,0.4,1.9,1.0,0.7,1.5,244426.0,2.9,663.0,-0.9,-1.2,9.999,26918.0,0.2,6.0,0.4,0.4,9.999,2.55,1.46,1.87,11.5,7.1,0.009,40,0,-32,27,67.4,561,-397,164,4.5,0.005961,999999.99,99999.99,99999.99,0.2,0.1,0.07,-1,2007-11-21 09:00:00
2007,325,10,2378,71,71,15,15,4.3,3.2,9.5,132.7,-2.1,2.3,0.5,2.3,-0.5,0.8,2.6,1.7,1.7,0.9,286534.0,3.2,651.0,0.1,-0.9,9.999,18411.0,0.2,11.0,1.2,0.5,9.999,2.71,0.33,2.99,13.5,7.2,0.0065,40,0,-32,27,67.4,491,-403,88,3.6,0.005961,999999.99,99999.99,99999.99,0.23,0.1,0.07,-1,2007-11-21 10:00:00
2007,325,11,2378,71,71,15,15,4.4,4.1,-8.8,184.3,-4.0,-0.3,-0.6,-0.5,-0.4,0.4,1.3,0.5,0.9,0.8,277820.0,3.0,643.0,0.6,0.5,9.999,25655.0,0.3,8.0,0.5,0.8,9.999,2.48,0.26,2.62,12.7,7.0,0.0074,40,0,-28,27,67.4,252,-193,58,1.8,0.005961,999999.99,99999.99,99999.99,0.19,0.1,0.08,-1,2007-11-21 11:00:00
2007,325,12,2378,71,71,15,15,4.6,4.5,-13.0,193.1,-4.3,-1.0,-1.0,-1.3,-0.6,0.4,1.1,0.3,1.0,0.3,301541.0,2.0,660.0,-1.0,-0.4,9.999,45917.0,0.2,7.0,0.5,0.6,9.999,1.74,0.4,1.69,10.1,6.5,0.0116,30,0,-25,15,67.4,199,-144,55,1.2,0.005961,999999.99,99999.99,99999.99,0.3,0.12,0.09,-1,2007-11-21 12:00:00
2007,325,13,2378,71,71,15,15,4.0,3.5,5.8,172.1,-3.5,0.5,0.4,0.6,0.2,0.6,1.8,1.0,1.2,0.9,260110.0,1.8,662.0,-1.2,-0.6,9.999,17097.0,0.3,6.0,0.6,0.5,9.999,1.58,-0.13,1.82,11.1,6.9,0.0097,30,0,-25,15,67.4,116,-78,38,0.9,0.005961,999999.99,99999.99,99999.99,0.16,0.1,0.07,-1,2007-11-21 13:00:00
2007,325,14,2378,71,71,15,15,2.3,1.5,3.1,145.4,-1.3,0.9,0.1,0.9,-0.2,0.8,1.6,1.3,0.7,0.6,215437.0,1.4,668.0,-0.9,0.4,9.999,26689.0,0.1,9.0,0.6,0.7,9.999,1.25,0.13,3.79,17.2,8.3,0.004,30,0,-29,15,67.4,57,-29,28,0.6,0.005961,999999.99,99999.99,99999.99,0.15,0.08,0.05,-1,2007-11-21 14:00:00
2007,325,15,2378,71,71,15,15,2.6,2.5,3.2,179.1,-2.4,0.0,0.1,0.0,0.1,0.4,0.9,0.5,0.7,0.4,181420.0,1.4,656.0,0.3,1.2,9.999,11438.0,0.1,3.0,0.3,0.2,9.999,1.2,-0.07,2.67,14.9,8.2,0.0053,23,0,-32,9,67.4,241,-210,31,0.9,0.005961,999999.99,99999.99,99999.99,0.2,0.1,0.07,-1,2007-11-21 15:00:00
2007,325,16,2378,71,71,15,15,3.1,3.1,10.5,187.3,-3.0,-0.4,0.6,-0.3,0.7,0.1,0.6,0.2,0.5,0.2,158598.0,1.5,648.0,0.4,1.4,9.999,15606.0,0.1,2.0,0.4,0.2,9.999,1.26,-0.45,1.86,12.8,7.9,0.0073,23,0,-31,9,67.4,121,-89,32,0.3,0.005961,999999.99,99999.99,99999.99,0.18,0.08,0.06,-1,2007-11-21 16:00:00
2007,325,17,2378,71,71,14,14,3.4,3.3,-0.1,195.5,-3.2,-0.9,0.0,-0.9,0.2,0.1,0.4,0.2,0.3,0.2,116829.0,1.5,633.0,1.5,1.5,9.999,18674.0,0.1,6.0,0.2,0.3,9.999,1.2,-0.13,1.32,11.4,7.8,0.0092,23,0,-29,9,67.4,91,-74,16,0.5,0.005961,999999.99,99999.99,99999.99,0.14,0.08,0.06,-1,2007-11-21 17:00:00
2007,325,18,2378,71,71,15,15,3.3,3.3,-4.0,180.5,-3.3,0.0,-0.2,0.0,-0.2,0.1,0.6,0.2,0.2,0.5,136649.0,1.5,626.0,1.3,1.2,9.999,22097.0,0.1,4.0,0.2,0.6,9.999,1.18,0.13,1.52,11.6,7.6,0.0088,17,0,-26,6,67.4,50,-37,13,0.4,0.005961,999999.99,99999.99,99999.99,0.19,0.1,0.07,-1,2007-11-21 18:00:00
2007,325,19,2378,71,71,15,15,2.9,2.4,10.5,161.9,-2.3,0.7,0.4,0.7,0.3,0.5,1.6,1.4,0.5,0.5,153254.0,1.4,627.0,1.0,0.3,9.999,18908.0,0.2,12.0,0.3,0.6,9.999,1.1,-0.19,1.95,12.8,7.8,0.0073,17,0,-24,6,67.4,41,-25,16,0.3,0.005961,999999.99,99999.99,99999.99,0.17,0.08,0.05,-1,2007-11-21 19:00:00
2007,325,20,2378,71,71,15,15,2.8,2.0,6.6,115.0,-0.8,1.8,0.2,1.8,0.1,0.4,2.0,1.8,0.5,0.7,162925.0,1.4,613.0,1.0,-0.2,9.999,14641.0,0.2,2.0,0.3,0.3,9.999,1.05,-0.06,2.16,13.0,7.6,0.0071,17,0,-22,6,67.4,31,-17,13,0.4,0.005961,999999.99,99999.99,99999.99,0.19,0.11,0.09,-1,2007-11-21 20:00:00
2007,325,21,2378,71,71,15,15,3.3,2.7,7.3,147.9,-2.2,1.4,0.3,1.4,0.2,0.5,1.9,1.5,1.0,0.4,147109.0,1.2,600.0,1.2,-0.8,9.999,17170.0,0.1,7.0,0.3,0.4,9.999,0.86,-0.12,1.26,10.0,6.9,0.012,13,0,-24,5,67.4,65,-53,12,1.0,0.005961,999999.99,99999.99,99999.99,0.17,0.1,0.08,-1,2007-11-21 21:00:00
2007,325,22,2378,71,71,14,14,4.1,4.1,6.1,174.0,-4.0,0.4,0.4,0.4,0.4,0.2,0.6,0.3,0.4,0.3,109987.0,1.0,577.0,1.6,-1.9,9.999,27354.0,0.1,5.0,0.2,0.1,9.999,0.67,-0.23,0.59,7.0,5.7,0.024,13,0,-25,5,67.4,39,-26,13,0.4,0.005961,999999.99,99999.99,99999.99,0.17,0.1,0.07,-1,2007-11-21 22:00:00
2007,325,23,2378,71,71,15,15,4.6,4.6,-1.4,179.1,-4.6,0.1,-0.1,0.1,-0.1,0.2,0.3,0.2,0.2,0.2,93113.0,1.1,573.0,1.2,-2.1,9.999,7520.0,0.0,2.0,0.4,0.1,9.999,0.72,0.06,0.48,6.5,5.5,0.0279,13,0,-22,5,67.4,29,-13,16,0.3,0.005961,999999.99,99999.99,99999.99,0.19,0.11,0.07,-1,2007-11-21 23:00:00
2007,326,0,2378,71,71,15,15,4.5,4.5,2.3,168.0,-4.4,0.9,0.2,0.9,0.2,0.2,0.6,0.2,0.4,0.4,148097.0,1.2,565.0,0.3,-2.6,9.999,38198.0,0.1,5.0,0.2,0.3,9.999,0.77,-0.11,0.68,6.9,5.5,0.0252,7,0,-19,3,68.0,17,-10,7,0.1,0.006008,999999.99,99999.99,99999.99,0.17,0.1,0.08,-1,2007-11-22 00:00:00
2007,326,1,2378,71,71,15,15,4.6,4.5,-5.6,155.3,-4.1,1.9,-0.4,1.9,-0.5,0.3,0.9,0.4,0.8,0.2,134176.0,1.3,559.0,0.1,-2.7,9.999,46227.0,0.1,6.0,0.2,0.2,9.999,0.81,0.28,0.67,6.9,5.5,0.0248,7,0,-19,3,68.0,27,-15,12,0.4,0.006008,999999.99,99999.99,99999.99,0.17,0.1,0.07,-1,2007-11-22 01:00:00
2007,326,2,2378,71,71,14,14,4.5,4.4,1.7,136.3,-3.2,3.0,0.1,3.0,-0.2,0.4,0.9,0.7,0.3,0.5,100605.0,1.4,546.0,-0.8,-2.0,9.999,19433.0,0.3,12.0,0.5,0.9,9.999,0.83,0.11,0.66,7.2,5.7,0.0231,7,0,-22,3,68.0,29,-19,10,0.7,0.006008,999999.99,99999.99,99999.99,0.21,0.09,0.07,-1,2007-11-22 02:00:00
2007,326,3,2378,71,71,15,15,4.7,4.7,-13.2,134.2,-3.2,3.3,-1.1,3.1,-1.6,0.1,0.3,0.2,0.1,0.2,39554.0,1.5,519.0,-1.6,-0.3,9.999,5950.0,0.3,4.0,0.5,0.4,9.999,0.81,0.83,0.47,6.8,5.7,0.026,27,0,-25,12,68.0,87,-64,24,1.5,0.006008,999999.99,99999.99,99999.99,0.17,0.09,0.06,-1,2007-11-22 03:00:00
2007,326,4,2378,71,71,15,15,4.8,4.8,-8.5,119.2,-2.3,4.1,-0.7,3.9,-1.6,0.1,0.6,0.3,0.2,0.5,33703.0,1.5,513.0,-1.8,-0.1,9.999,5102.0,0.1,2.0,0.2,0.2,9.999,0.79,0.82,0.44,6.5,5.6,0.0278,27,0,-26,12,68.0,190,-137,53,2.9,0.006008,999999.99,99999.99,99999.99,0.16,0.09,0.06,-1,2007-11-22 04:00:00
2007,326,5,2378,71,71,15,15,4.6,4.6,0.0,112.1,-1.7,4.2,0.0,4.1,-1.1,0.2,0.6,0.5,0.1,0.3,44581.0,1.9,508.0,-2.6,0.5,9.999,4223.0,0.4,3.0,0.5,0.3,9.999,0.98,0.56,0.65,7.6,6.1,0.0205,27,0,-27,12,68.0,126,-80,46,2.4,0.006008,999999.99,99999.99,99999.99,0.21,0.09,0.06,-1,2007-11-22 05:00:00
2007,326,6,2378,71,71,15,15,3.9,3.1,27.0,88.5,0.1,2.7,1.4,3.0,0.5,0.3,2.2,1.9,1.0,0.5,68107.0,3.6,502.0,-2.8,1.1,9.999,9523.0,0.5,8.0,0.6,0.4,9.999,1.81,-0.25,1.93,12.2,7.5,0.008,13,0,-23,5,68.0,170,-94,77,2.2,0.006008,999999.99,99999.99,99999.99,0.16,0.08,0.06,-1,2007-11-22 06:00:00
2007,326,7,2378,71,71,15,15,4.5,4.3,19.7,102.9,-0.9,4.0,1.5,4.3,0.0,0.3,1.1,0.6,0.6,0.7,66158.0,4.5,497.0,-3.4,1.2,9.999,3702.0,0.1,4.0,0.4,0.5,9.999,2.22,-0.0,1.8,11.7,7.3,0.0087,13,0,-18,5,68.0,111,-70,41,2.0,0.006008,999999.99,99999.99,99999.99,0.21,0.09,0.08,-1,2007-11-22 07:00:00
2007,326,8,2378,71,71,15,15,4.2,2.8,27.6,92.5,-0.1,2.5,1.3,2.8,0.3,0.6,2.8,0.8,2.6,0.6,69809.0,4.7,499.0,-3.2,0.8,9.999,11632.0,0.4,3.0,0.3,0.4,9.999,2.34,-0.15,2.2,12.9,7.6,0.0072,13,0,-15,5,68.0,122,-111,12,1.6,0.006008,999999.99,99999.99,99999.99,0.17,0.1,0.08,-1,2007-11-22 08:00:00
2007,326,9,2378,71,71,15,15,4.3,3.7,19.7,113.8,-1.4,3.2,1.3,3.5,0.0,0.2,2.0,0.5,1.1,1.6,57743.0,4.8,497.0,-4.5,0.7,9.999,2910.0,0.3,3.0,0.3,0.5,9.999,2.37,-0.0,2.01,12.7,7.7,0.0074,13,0,-16,5,68.0,108,-100,9,0.7,0.006008,999999.99,99999.99,99999.99,0.17,0.09,0.06,-1,2007-11-22 09:00:00
2007,326,10,2378,71,71,15,15,3.8,1.2,20.9,323.5,0.9,-0.6,0.4,-0.4,0.6,1.0,3.6,1.6,3.1,0.9,62663.0,6.3,497.0,-4.7,1.7,9.999,10072.0,1.2,2.0,0.3,0.6,9.999,3.11,-0.3,3.47,16.4,8.2,0.0044,13,0,-15,5,68.0,157,-145,12,1.2,0.006008,999999.99,99999.99,99999.99,0.2,0.1,0.09,-1,2007-11-22 10:00:00
2007,326,11,2378,71,71,15,15,4.0,3.8,28.3,273.6,0.2,-3.3,1.8,-2.4,2.9,0.5,1.2,0.7,0.5,0.8,81978.0,7.2,494.0,-4.8,1.7,9.999,2957.0,0.7,2.0,0.2,0.5,9.999,3.51,-1.43,3.94,16.6,7.9,0.0043,13,0,-11,5,68.0,115,-87,28,0.4,0.006008,999999.99,99999.99,99999.99,0.19,0.08,0.07,-1,2007-11-22 11:00:00
2007,326,12,2378,71,71,15,15,5.0,4.8,-7.2,278.3,0.7,-4.7,-0.6,-4.6,1.2,0.6,1.5,0.5,0.7,1.3,78911.0,7.6,492.0,-4.7,1.6,9.999,5359.0,0.7,4.0,0.3,0.7,9.999,3.68,-0.59,2.62,13.6,7.5,0.0065,13,0,-7,5,68.0,66,-40,25,0.5,0.006008,999999.99,99999.99,99999.99,0.21,0.11,0.09,-1,2007-11-22 12:00:00
2007,326,13,2378,71,71,15,15,5.9,5.5,-11.0,285.3,1.4,-5.2,-1.1,-5.3,0.7,0.4,1.7,1.0,0.5,1.3,104197.0,9.2,503.0,-5.0,1.3,9.999,13903.0,0.8,4.0,0.4,0.6,9.999,4.66,-0.35,2.56,12.9,7.2,0.0071,13,0,-4,5,68.0,69,-44,25,0.9,0.006008,999999.99,99999.99,99999.99,0.17,0.09,0.07,-1,2007-11-22 13:00:00
2007,326,14,2378,71,71,15,15,5.1,3.9,-31.1,285.5,0.9,-3.2,-2.0,-3.7,-0.9,1.3,3.2,0.9,2.9,0.9,129326.0,10.6,502.0,-5.1,2.8,9.999,8137.0,1.3,1.0,0.6,0.6,9.999,5.34,0.45,4.37,16.0,7.3,0.0046,13,0,-6,5,68.0,112,-85,26,1.2,0.006008,999999.99,99999.99,99999.99,0.19,0.09,0.07,-1,2007-11-22 14:00:00
2007,326,15,2378,71,71,15,15,6.4,4.9,-51.9,262.6,-0.4,-3.0,-3.9,-3.9,-3.0,1.7,4.2,1.2,3.4,2.1,128426.0,8.7,503.0,-3.3,2.8,9.999,19854.0,1.7,2.0,0.8,1.1,9.999,4.4,1.51,2.27,11.6,6.7,0.0089,37,0,-11,22,68.0,271,-180,91,2.1,0.006008,999999.99,99999.99,99999.99,0.2,0.11,0.07,-1,2007-11-22 15:00:00
2007,326,16,2378,71,71,15,15,4.7,3.5,-57.7,177.0,-1.8,0.1,-2.9,-0.5,-2.9,1.1,2.7,1.0,1.7,1.9,190507.0,10.1,519.0,-3.7,2.4,9.999,23007.0,0.5,7.0,0.4,0.5,9.999,5.44,1.51,6.07,17.5,7.0,0.0039,37,0,-12,22,68.0,487,-352,135,2.3,0.006008,999999.99,99999.99,99999.99,0.19,0.09,0.06,-1,2007-11-22 16:00:00
2007,326,17,2378,71,71,16,16,9.9,9.5,-48.0,262.4,-0.8,-6.3,-7.0,-7.4,-5.8,1.3,2.8,1.2,2.2,1.1,205726.0,7.0,535.0,-2.8,1.8,9.999,28834.0,1.6,9.0,0.6,1.0,9.999,4.01,3.1,0.99,7.1,5.2,0.0233,37,0,-18,22,68.0,653,-539,115,3.5,0.006008,999999.99,99999.99,99999.99,0.16,0.09,0.07,-1,2007-11-22 17:00:00
2007,326,18,2378,71,71,16,16,8.6,4.0,9.3,101.5,-0.8,3.9,0.6,3.9,0.1,1.4,6.8,1.7,4.1,5.2,337534.0,7.4,565.0,-1.4,-0.8,9.999,44705.0,1.7,16.0,1.7,2.5,9.999,4.72,-0.06,1.94,8.9,5.5,0.0149,37,0,-31,22,68.0,731,-511,220,3.1,0.006008,999999.99,99999.99,99999.99,0.17,0.1,0.07,-1,2007-11-22 18:00:00
2007,326,19,2378,71,71,15,15,7.8,5.8,34.6,129.8,-3.0,3.6,3.3,3.9,3.0,0.8,4.7,1.0,2.2,4.1,333644.0,6.6,585.0,-0.1,-3.7,9.999,27448.0,0.5,5.0,0.8,1.0,9.999,4.52,-1.75,2.08,9.6,5.8,0.0128,37,0,-33,22,68.0,605,-395,210,2.5,0.006008,999999.99,99999.99,99999.99,0.17,0.1,0.07,-1,2007-11-22 19:00:00
2007,326,20,2378,71,71,15,15,7.0,5.4,-4.4,140.5,-4.1,3.4,-0.4,3.4,-0.6,0.9,4.0,1.6,2.1,3.0,328641.0,5.6,599.0,0.2,-2.5,9.999,20292.0,0.9,10.0,1.3,0.9,9.999,4.02,0.36,2.17,10.1,6.0,0.0116,37,0,-27,22,68.0,333,-190,143,1.7,0.006008,999999.99,99999.99,99999.99,0.18,0.1,0.08,-1,2007-11-22 20:00:00
2007,326,21,2378,71,71,15,15,7.5,6.8,-10.1,182.8,-6.7,-0.3,-1.2,-0.3,-1.2,0.2,2.8,0.6,2.6,1.0,301134.0,5.5,597.0,1.6,-3.2,9.999,16935.0,0.3,5.0,1.2,0.4,9.999,3.92,0.72,1.75,9.3,5.9,0.0137,37,0,-26,22,68.0,320,-177,144,1.6,0.006008,999999.99,99999.99,99999.99,0.2,0.09,0.06,-1,2007-11-22 21:00:00
2007,326,22,2378,71,71,15,15,7.0,6.2,-27.9,180.1,-5.5,0.0,-2.9,-0.1,-2.9,0.5,2.4,0.7,2.2,0.7,202088.0,4.1,616.0,-0.3,-2.6,9.999,33166.0,0.6,6.0,1.2,1.3,9.999,3.11,1.79,1.15,8.9,6.3,0.015,37,0,-29,22,68.0,493,-326,167,2.5,0.006008,999999.99,99999.99,99999.99,0.22,0.11,0.08,-1,2007-11-22 22:00:00
2007,326,23,2378,51,52,58,34,4.6,2.6,-7.0,157.2,-2.4,1.0,-0.3,1.0,-0.3,0.5,3.7,2.1,1.8,2.4,190994.0,2.4,630.0,1.7,-2.0,0.04,25181.0,0.3,17.0,1.4,1.8,0.005,1.85,0.19,1.51,10.6,7.0,0.0106,37,0,-37,22,68.0,522,-390,132,2.5,0.006008,999999.99,99999.99,99999.99,0.2,0.09,0.06,-1,2007-11-22 23:00:00
2007,327,0,2379,51,52,58,35,4.8,4.2,27.2,103.5,-0.9,3.7,1.9,3.8,1.7,0.1,2.0,1.1,0.8,1.5,166785.0,2.5,640.0,-0.3,-3.1,0.038,12921.0,0.2,12.0,0.8,1.3,0.004,1.97,-1.09,1.33,10.5,7.2,0.0107,40,0,-35,27,68.3,379,-255,124,2.8,0.005991,999999.99,99999.99,99999.99,0.16,0.09,0.07,-1,2007-11-23 00:00:00
2007,327,1,2379,51,52,62,36,4.2,2.7,6.0,109.8,-0.9,2.5,0.3,2.5,0.1,0.2,3.1,0.9,1.6,2.5,178049.0,2.4,652.0,0.4,-2.0,0.044,11546.0,0.1,11.0,1.5,2.1,0.003,2.0,-0.07,1.73,12.0,7.6,0.0082,40,0,-30,27,68.3,171,-84,87,1.2,0.005991,999999.99,99999.99,99999.99,0.23,0.11,0.08,-1,2007-11-23 01:00:00
2007,327,2,2379,51,52,58,35,3.8,3.0,14.6,96.2,-0.3,2.9,0.8,3.0,0.5,0.3,2.1,0.9,1.0,1.6,181113.0,2.1,660.0,-0.1,-2.4,0.049,11290.0,0.2,12.0,1.2,1.6,0.005,1.83,-0.33,1.87,12.6,7.8,0.0075,40,0,-28,27,68.3,85,-42,43,0.6,0.005991,999999.99,99999.99,99999.99,0.22,0.1,0.08,-1,2007-11-23 02:00:00
2007,327,3,2379,51,52,60,36,3.8,3.4,-15.3,139.5,-2.5,2.1,-0.9,1.9,-1.2,0.3,1.7,0.6,0.6,1.4,153558.0,1.9,627.0,0.1,-0.5,0.047,24828.0,0.2,9.0,1.0,1.8,0.004,1.48,0.75,1.54,11.4,7.4,0.0092,33,0,-27,18,68.3,246,-174,72,1.9,0.005991,999999.99,99999.99,99999.99,0.18,0.09,0.07,-1,2007-11-23 03:00:00
2007,327,4,2379,51,52,63,35,3.6,1.7,39.4,130.3,-0.8,1.0,1.1,1.2,0.9,0.3,3.0,1.4,2.2,1.6,160696.0,1.9,648.0,1.7,-2.3,0.047,20129.0,0.2,17.0,1.9,1.5,0.005,1.58,-0.58,1.76,12.4,7.8,0.0077,33,0,-27,18,68.3,193,-163,30,2.7,0.005991,999999.99,99999.99,99999.99,0.21,0.1,0.08,-1,2007-11-23 04:00:00
2007,327,5,2379,51,52,59,35,4.0,3.5,11.2,112.8,-1.3,3.1,0.7,3.2,-0.1,0.2,1.8,1.1,0.5,1.3,140400.0,2.1,641.0,-0.8,-2.3,0.036,11539.0,0.1,11.0,0.7,1.1,0.004,1.65,0.06,1.47,11.6,7.7,0.0088,33,0,-26,18,68.3,57,-22,35,1.4,0.005991,999999.99,99999.99,99999.99,0.18,0.1,0.07,-1,2007-11-23 05:00:00
2007,327,6,2379,51,52,58,35,3.5,3.0,13.0,80.4,0.5,2.9,0.7,3.0,-0.2,0.3,1.7,1.0,1.0,0.9,162065.0,2.0,655.0,-0.6,-2.7,0.039,25993.0,0.1,12.0,0.8,0.9,0.003,1.66,0.13,1.97,13.2,8.0,0.0068,30,0,-27,15,68.3,184,-158,26,2.2,0.005991,999999.99,99999.99,99999.99,0.17,0.08,0.06,-1,2007-11-23 06:00:00
2007,327,7,2379,51,52,60,36,3.1,2.5,1.1,148.1,-2.1,1.3,0.0,1.2,-0.4,0.3,1.8,1.1,0.9,1.1,190921.0,2.0,625.0,0.6,-2.0,0.043,15496.0,0.2,9.0,0.9,1.1,0.005,1.53,0.25,2.76,14.3,7.7,0.0059,30,0,-25,15,68.3,393,-316,78,3.5,0.005991,999999.99,99999.99,99999.99,0.18,0.1,0.07,-1,2007-11-23 07:00:00
2007,327,8,2379,51,52,59,36,3.1,1.4,-3.3,146.4,-1.2,0.8,-0.1,0.7,-0.4,0.5,2.7,1.5,1.6,1.7,172847.0,2.2,630.0,1.5,-1.7,0.037,23639.0,0.2,12.0,1.5,1.3,0.004,1.67,0.25,2.87,15.1,8.1,0.0052,30,0,-25,15,68.3,215,-174,41,2.1,0.005991,999999.99,99999.99,99999.99,0.19,0.11,0.08,-1,2007-11-23 08:00:00
2007,327,9,2379,51,52,59,36,3.1,2.4,7.0,102.6,-0.5,2.4,0.3,2.3,-0.6,0.3,1.8,1.2,0.6,1.2,160262.0,2.1,626.0,0.6,-2.5,0.041,18165.0,0.2,8.0,0.5,0.9,0.005,1.6,0.38,2.62,14.6,8.1,0.0056,20,0,-24,7,68.3,149,-131,18,1.6,0.005991,999999.99,99999.99,99999.99,0.2,0.1,0.08,-1,2007-11-23 09:00:00
2007,327,10,2379,51,52,61,37,3.1,1.9,34.6,53.9,0.9,1.2,1.1,1.5,0.6,0.2,2.3,1.8,0.8,1.1,148667.0,1.9,640.0,1.7,-3.0,0.039,19144.0,0.1,18.0,1.1,1.1,0.004,1.5,-0.38,2.28,14.2,8.3,0.0059,20,0,-21,7,68.3,273,-250,24,1.6,0.005991,999999.99,99999.99,99999.99,0.22,0.1,0.07,-1,2007-11-23 10:00:00
2007,327,11,2379,51,52,62,36,3.2,2.6,59.1,133.5,-0.9,1.0,2.3,1.8,1.8,0.1,1.7,1.2,0.7,0.9,130110.0,2.0,613.0,1.7,-4.5,0.036,12238.0,0.2,16.0,0.8,0.9,0.003,1.44,-1.1,2.1,13.5,8.1,0.0065,20,0,-20,7,68.3,171,-150,21,1.4,0.005991,999999.99,99999.99,99999.99,0.21,0.09,0.07,-1,2007-11-23 11:00:00
2007,327,12,2379,51,52,56,11,3.3,2.1,-24.5,139.4,-1.5,1.3,-0.9,0.9,-1.3,0.1,2.4,1.4,1.0,1.7,117683.0,1.8,616.0,0.7,-3.2,0.038,10494.0,0.1,17.0,1.2,1.9,0.004,1.31,0.8,1.69,12.5,8.0,0.0076,30,0,-22,15,68.3,87,-71,16,1.2,0.005991,999999.99,99999.99,99999.99,0.21,0.13,0.08,-1,2007-11-23 12:00:00
2007,327,13,2379,51,51,57,12,3.4,2.7,-38.7,148.9,-1.8,1.1,-1.7,0.5,-2.0,0.2,1.9,0.9,1.0,1.4,90034.0,1.9,594.0,1.3,0.6,9.999,9812.0,0.3,5.0,1.6,1.0,9.999,1.34,1.19,1.49,12.0,8.0,0.0082,30,0,-23,15,68.3,317,-308,9,2.0,0.005991,999999.99,99999.99,99999.99,0.17,0.09,0.06,-1,2007-11-23 13:00:00
2007,327,14,2379,51,51,63,11,3.0,2.6,44.9,43.8,1.3,1.3,1.8,1.8,1.3,0.1,1.5,0.7,1.2,0.5,91465.0,2.2,598.0,-0.1,-1.3,9.999,12275.0,0.1,20.0,1.1,0.6,9.999,1.57,-0.78,2.24,14.8,8.6,0.0054,30,0,-24,15,68.3,218,-207,11,1.8,0.005991,999999.99,99999.99,99999.99,0.21,0.11,0.08,-1,2007-11-23 14:00:00
2007,327,15,2379,51,52,59,19,2.7,1.9,35.0,90.6,0.0,1.6,1.1,1.8,0.7,0.2,1.9,0.8,1.4,1.0,104046.0,2.4,576.0,0.8,-2.4,0.046,5344.0,0.2,7.0,1.3,0.9,0.003,1.57,-0.4,3.18,16.5,8.5,0.0044,20,0,-20,7,68.3,154,-120,34,1.3,0.005991,999999.99,99999.99,99999.99,0.2,0.11,0.09,-1,2007-11-23 15:00:00
2007,327,16,2379,51,52,59,37,2.7,2.2,-1.7,99.7,-0.4,2.1,-0.1,2.0,-0.5,0.1,1.4,0.9,0.3,1.1,100987.0,2.3,569.0,-0.9,-1.0,0.044,7394.0,0.1,11.0,0.3,1.1,0.004,1.46,0.28,3.01,16.0,8.4,0.0047,20,0,-20,7,68.3,71,-46,25,0.8,0.005991,999999.99,99999.99,99999.99,0.17,0.09,0.07,-1,2007-11-23 16:00:00
2007,327,17,2379,51,52,59,36,2.9,2.7,-14.0,98.6,-0.4,2.6,-0.6,2.5,-1.0,0.1,0.9,0.5,0.2,0.7,91516.0,2.3,561.0,-1.0,-0.4,0.046,9419.0,0.1,6.0,0.4,0.7,0.004,1.43,0.56,2.5,14.7,8.3,0.0055,20,0,-19,7,68.3,103,-88,16,0.9,0.005991,999999.99,99999.99,99999.99,0.21,0.1,0.08,-1,2007-11-23 17:00:00
2007,327,18,2379,51,52,62,37,2.5,1.4,11.9,138.6,-1.0,0.9,0.3,0.9,0.2,0.3,2.1,0.8,1.4,1.4,96794.0,2.4,559.0,0.2,-1.3,0.045,10623.0,0.1,7.0,1.1,1.1,0.005,1.48,-0.11,3.6,17.3,8.5,0.004,27,0,-18,12,68.3,124,-91,33,0.9,0.005991,999999.99,99999.99,99999.99,0.23,0.1,0.06,-1,2007-11-23 18:00:00
2007,327,19,2379,51,52,58,34,3.0,2.9,32.6,236.3,-1.3,-2.0,1.5,-1.9,1.7,0.2,0.7,0.4,0.4,0.4,83025.0,2.3,566.0,2.6,-2.0,0.042,10443.0,0.1,4.0,0.4,0.3,0.003,1.44,-0.96,2.25,14.3,8.3,0.0058,27,0,-20,12,68.3,95,-70,25,0.8,0.005991,999999.99,99999.99,99999.99,0.21,0.12,0.1,-1,2007-11-23 19:00:00
2007,327,20,2379,51,52,60,35,2.9,1.9,-23.0,186.1,-1.8,-0.2,-0.8,-0.2,-0.8,0.3,2.1,0.6,1.3,1.6,106470.0,2.4,562.0,1.2,-1.0,0.046,11749.0,0.2,5.0,0.6,0.9,0.005,1.5,0.45,2.79,15.0,8.1,0.0053,27,0,-20,12,68.3,109,-89,20,0.9,0.005991,999999.99,99999.99,99999.99,0.19,0.11,0.08,-1,2007-11-23 20:00:00
2007,327,21,2379,51,52,60,38,3.3,2.9,-54.8,158.0,-1.5,0.6,-2.4,0.5,-2.4,0.1,1.7,1.2,0.8,0.8,105207.0,2.5,558.0,0.9,-0.2,0.041,7876.0,0.2,4.0,0.5,0.4,0.005,1.51,1.34,2.23,13.4,7.8,0.0067,20,0,-18,7,68.3,59,-28,31,0.6,0.005991,999999.99,99999.99,99999.99,0.19,0.11,0.09,-1,2007-11-23 21:00:00
2007,327,22,2379,51,52,60,36,2.9,2.0,-50.0,83.1,0.2,1.3,-1.6,1.3,-1.6,0.2,2.1,1.3,1.1,1.2,102907.0,2.3,559.0,0.3,-0.9,0.039,8321.0,0.1,7.0,0.6,0.9,0.003,1.39,0.89,2.63,14.6,8.1,0.0056,20,0,-20,7,68.3,132,-98,34,1.2,0.005991,999999.99,99999.99,99999.99,0.21,0.11,0.08,-1,2007-11-23 22:00:00
2007,327,23,2379,51,52,59,34,2.8,1.7,-10.9,94.2,-0.1,1.6,-0.3,1.6,-0.3,0.2,2.1,0.7,0.6,1.9,101521.0,2.3,550.0,0.0,-2.0,0.038,3857.0,0.1,7.0,0.6,1.1,0.002,1.34,0.17,2.81,14.9,8.0,0.0054,20,0,-21,7,68.3,126,-94,32,0.9,0.005991,999999.99,99999.99,99999.99,0.19,0.09,0.07,-1,2007-11-23 23:00:00
2007,328,0,2379,51,52,59,35,2.8,2.4,-30.7,141.9,-1.6,1.2,-1.2,1.2,-1.2,0.3,1.4,1.0,0.8,0.6,96553.0,2.2,540.0,-0.1,-1.2,0.039,8548.0,0.1,4.0,0.5,0.3,0.003,1.24,0.65,2.63,14.3,7.9,0.0058,27,16,-20,12,69.5,135,-72,64,1.6,0.006031,999999.99,99999.99,99999.99,0.19,0.1,0.08,-1,2007-11-24 00:00:00
2007,328,1,2379,51,52,60,36,2.9,2.7,-51.1,144.1,-1.4,1.0,-2.1,0.9,-2.2,0.3,1.2,0.4,0.6,0.9,86749.0,2.0,534.0,-0.3,0.3,0.036,10612.0,0.1,4.0,0.5,0.8,0.003,1.09,1.17,2.13,13.0,7.7,0.007,27,16,-20,12,69.5,224,-171,54,1.7,0.006031,999999.99,99999.99,99999.99,0.2,0.11,0.08,-1,2007-11-24 01:00:00
2007,328,2,2379,51,52,57,35,2.8,2.6,-43.9,171.4,-1.9,0.3,-1.8,0.1,-1.8,0.3,1.1,0.6,0.8,0.4,77231.0,2.2,517.0,-1.0,0.2,0.031,4804.0,0.2,5.0,0.6,0.6,0.002,1.1,0.93,2.4,13.7,7.8,0.0063,27,16,-18,12,69.5,204,-110,94,3.0,0.006031,999999.99,99999.99,99999.99,0.17,0.09,0.07,-1,2007-11-24 02:00:00
2007,328,3,2379,51,52,58,36,3.2,2.5,8.0,149.3,-2.1,1.3,0.4,1.3,0.2,0.1,1.9,0.7,0.6,1.7,71356.0,2.4,500.0,-2.3,-1.1,0.03,4964.0,0.2,9.0,0.7,2.0,0.003,1.12,-0.1,1.95,12.1,7.4,0.0081,20,16,-18,7,69.5,126,-35,91,1.5,0.006031,999999.99,99999.99,99999.99,0.2,0.11,0.08,-1,2007-11-24 03:00:00
2007,328,4,2379,51,52,61,36,3.4,2.9,24.6,169.7,-2.6,0.5,1.2,0.7,1.1,0.1,1.8,0.6,0.7,1.5,73394.0,2.5,491.0,-2.1,-1.5,0.03,7707.0,0.1,8.0,1.1,1.9,0.003,1.13,-0.54,1.82,11.4,7.1,0.0091,20,16,-15,7,69.5,44,-7,37,0.7,0.006031,999999.99,99999.99,99999.99,0.18,0.1,0.06,-1,2007-11-24 04:00:00
2007,328,5,2379,51,52,59,36,3.6,3.4,-47.2,154.8,-2.1,1.0,-2.5,0.3,-2.7,0.1,1.0,0.5,0.7,0.5,71938.0,2.7,493.0,-2.5,1.6,0.028,5036.0,0.1,5.0,0.8,0.5,0.002,1.22,1.33,1.74,11.3,7.1,0.0094,20,16,-12,7,69.5,42,-8,34,0.6,0.006031,999999.99,99999.99,99999.99,0.21,0.09,0.07,-1,2007-11-24 05:00:00
2007,328,6,2379,51,52,60,36,3.4,3.0,-35.6,170.0,-2.4,0.4,-1.7,-0.1,-1.7,0.2,1.6,0.7,1.3,0.6,68160.0,2.5,485.0,-2.3,1.6,0.032,5960.0,0.2,6.0,1.5,0.7,0.003,1.11,0.82,1.77,11.3,7.1,0.0094,23,16,-13,9,69.5,32,-9,23,0.7,0.006031,999999.99,99999.99,99999.99,0.19,0.1,0.07,-1,2007-11-24 06:00:00
2007,328,7,2379,51,52,60,37,3.9,3.5,19.3,163.1,-3.1,0.9,1.1,1.2,0.7,0.2,1.6,0.5,1.0,1.3,80320.0,3.1,480.0,-3.3,-0.8,0.034,8297.0,0.1,4.0,1.0,1.1,0.003,1.35,-0.34,1.77,10.8,6.8,0.0101,23,16,-16,9,69.5,131,-111,20,1.3,0.006031,999999.99,99999.99,99999.99,0.21,0.12,0.1,-1,2007-11-24 07:00:00
2007,328,8,2379,51,52,58,36,3.6,2.8,69.0,132.4,-0.7,0.7,2.6,1.6,2.2,0.2,2.2,1.2,1.3,1.3,79782.0,3.1,492.0,-3.1,-1.4,0.033,7302.0,0.1,9.0,1.3,1.6,0.003,1.42,-1.08,2.07,12.0,7.2,0.0082,23,16,-14,9,69.5,225,-181,45,1.3,0.006031,999999.99,99999.99,99999.99,0.23,0.11,0.09,-1,2007-11-24 08:00:00
2007,328,9,2379,51,52,60,36,3.7,3.1,-54.6,169.1,-1.8,0.3,-2.6,-0.7,-2.5,0.2,1.9,1.2,1.1,1.0,80180.0,3.4,484.0,-3.1,3.4,0.031,6015.0,0.2,10.0,1.3,1.2,0.003,1.5,1.21,2.15,12.1,7.1,0.0082,20,16,-11,7,69.5,48,-17,31,1.1,0.006031,999999.99,99999.99,99999.99,0.19,0.09,0.07,-1,2007-11-24 09:00:00
2007,328,10,2379,51,52,61,37,4.2,3.8,-41.2,161.4,-2.7,0.9,-2.5,-0.1,-2.7,0.3,1.6,0.5,1.1,1.1,79301.0,3.2,483.0,-3.4,2.0,0.031,7955.0,0.3,6.0,1.1,0.7,0.003,1.4,1.3,1.57,10.3,6.7,0.0112,20,16,-9,7,69.5,63,-50,13,1.0,0.006031,999999.99,99999.99,99999.99,0.17,0.11,0.08,-1,2007-11-24 10:00:00
2007,328,11,2379,51,52,60,27,4.1,3.8,-44.6,187.1,-2.7,-0.3,-2.7,-1.3,-2.4,0.2,1.5,0.5,1.3,0.4,86670.0,3.3,483.0,-1.8,2.2,0.034,7789.0,0.2,6.0,1.3,0.5,0.003,1.46,1.16,1.76,10.7,6.7,0.0104,20,16,-9,7,69.5,301,-276,24,1.3,0.006031,999999.99,99999.99,99999.99,0.18,0.1,0.07,-1,2007-11-24 11:00:00
2007,328,12,2379,51,52,62,38,3.9,2.7,-30.1,152.3,-2.1,1.1,-1.4,0.5,-1.7,0.3,2.7,1.1,2.1,1.3,101319.0,4.1,493.0,-2.5,0.7,0.037,12850.0,0.4,11.0,1.6,0.9,0.003,1.91,0.84,2.58,12.8,7.1,0.0073,27,16,-7,12,69.5,408,-376,32,2.4,0.006031,999999.99,99999.99,99999.99,0.19,0.1,0.07,-1,2007-11-24 12:00:00
2007,328,13,2379,51,52,60,37,4.2,3.0,-12.4,127.7,-1.8,2.3,-0.6,2.0,-1.3,0.6,2.9,1.8,0.9,2.0,95701.0,4.4,502.0,-3.6,0.8,0.035,9629.0,0.4,5.0,0.6,1.0,0.005,2.11,0.65,2.33,12.5,7.2,0.0076,27,16,-11,12,69.5,333,-276,56,1.9,0.006031,999999.99,99999.99,99999.99,0.17,0.09,0.06,-1,2007-11-24 13:00:00
2007,328,14,2379,51,52,62,37,4.2,2.9,-18.5,116.4,-1.2,2.5,-0.9,2.1,-1.6,0.9,3.1,1.8,1.1,2.3,107444.0,5.0,510.0,-4.0,0.8,0.031,14352.0,0.4,7.0,0.8,0.9,0.004,2.44,0.82,2.78,13.6,7.4,0.0065,27,16,-13,12,69.5,180,-172,8,1.8,0.006031,999999.99,99999.99,99999.99,0.16,0.09,0.07,-1,2007-11-24 14:00:00
2007,328,15,2379,51,52,58,35,6.3,6.0,-48.0,136.6,-2.9,2.8,-4.4,1.6,-5.0,0.5,1.9,0.9,1.3,1.1,82654.0,5.1,509.0,-4.2,2.2,0.026,12649.0,0.4,6.0,0.6,0.6,0.005,2.44,2.54,1.13,9.1,6.5,0.0143,40,16,-17,27,69.5,629,-535,94,3.2,0.006031,999999.99,99999.99,99999.99,0.2,0.1,0.07,-1,2007-11-24 15:00:00
2007,328,16,2379,51,52,65,40,6.3,4.4,30.8,94.6,-0.3,3.8,2.3,4.2,1.5,0.7,4.4,2.8,2.2,2.5,129106.0,5.3,518.0,-3.8,0.5,0.037,31867.0,0.7,16.0,2.1,1.0,0.01,2.73,-0.78,1.43,9.5,6.3,0.0133,40,16,-20,27,69.5,423,-329,94,2.3,0.006031,999999.99,99999.99,99999.99,0.18,0.09,0.08,-1,2007-11-24 16:00:00
2007,328,17,2379,51,52,63,38,6.3,5.1,-16.1,117.9,-2.3,4.3,-1.4,4.0,-2.1,0.6,3.6,1.5,2.0,2.6,157918.0,4.2,552.0,-0.9,0.4,0.063,16396.0,0.2,7.0,0.6,0.7,0.008,2.68,1.16,1.26,9.0,6.2,0.0148,40,16,-18,27,69.5,351,-292,60,2.2,0.006031,999999.99,99999.99,99999.99,0.19,0.09,0.07,-1,2007-11-24 17:00:00
2007,328,18,2379,51,52,60,35,4.5,4.0,-4.1,149.1,-3.5,2.1,-0.3,2.1,-0.5,0.6,2.0,1.1,0.6,1.5,166915.0,3.9,576.0,0.3,-0.3,0.052,23486.0,0.2,5.0,1.7,0.9,0.005,2.61,0.29,2.37,12.6,7.2,0.0074,37,16,-21,22,69.5,430,-309,121,1.9,0.006031,999999.99,99999.99,99999.99,0.15,0.08,0.07,-1,2007-11-24 18:00:00
2007,328,19,2379,51,52,64,38,4.4,2.8,6.5,141.0,-2.1,1.7,0.3,1.7,0.2,0.4,3.3,3.0,0.7,1.4,188609.0,3.9,586.0,1.3,-1.2,0.047,17598.0,0.2,20.0,0.8,0.6,0.009,2.66,-0.12,2.66,13.2,7.2,0.0069,37,16,-19,22,69.5,452,-374,78,3.8,0.006031,999999.99,99999.99,99999.99,0.19,0.08,0.06,-1,2007-11-24 19:00:00
2007,328,20,2379,51,52,59,36,4.0,2.6,-11.4,159.0,-2.4,0.9,-0.5,0.9,-0.5,0.6,3.1,2.1,1.9,1.2,216241.0,3.6,614.0,3.3,-1.0,0.036,22416.0,0.3,5.0,0.5,0.9,0.007,2.59,0.31,3.23,14.6,7.5,0.0056,37,16,-16,22,69.5,188,-137,52,1.9,0.006031,999999.99,99999.99,99999.99,0.24,0.13,0.1,-1,2007-11-24 20:00:00
2007,328,21,2379,51,52,59,36,4.3,3.7,21.5,80.0,0.6,3.4,1.3,3.4,1.2,0.8,2.2,1.4,1.3,1.2,202405.0,3.5,615.0,1.2,-1.2,0.033,22958.0,0.4,11.0,1.4,1.0,0.004,2.5,-0.74,2.6,13.4,7.4,0.0066,27,16,-15,12,69.5,63,-46,17,0.8,0.006031,999999.99,99999.99,99999.99,0.18,0.09,0.06,-1,2007-11-24 21:00:00
2007,328,22,2379,51,52,62,38,4.3,3.9,15.0,45.2,2.6,2.7,1.0,2.7,1.0,0.3,1.8,1.0,1.1,0.9,147944.0,2.3,612.0,1.0,-2.0,0.037,33483.0,0.3,14.0,1.3,0.9,0.004,1.65,-0.61,1.43,10.8,7.2,0.0102,27,16,-16,12,69.5,83,-54,29,0.6,0.006031,999999.99,99999.99,99999.99,0.22,0.11,0.09,-1,2007-11-24 22:00:00
2007,328,23,2379,51,52,61,34,4.0,2.0,-20.6,143.3,-1.5,1.1,-0.7,1.1,-0.7,0.3,3.5,2.9,1.0,1.6,184598.0,2.2,647.0,2.2,-3.6,0.046,37082.0,0.2,8.0,0.7,0.5,0.011,1.82,0.45,1.79,12.0,7.5,0.0083,27,16,-13,12,69.5,196,-146,50,1.6,0.006031,999999.99,99999.99,99999.99,0.19,0.1,0.07,-1,2007-11-24 23:00:00
2007,329,0,2379,51,52,60,36,3.9,1.1,19.9,94.2,-0.1,1.0,0.4,1.0,0.4,0.7,3.8,2.9,1.3,2.1,227584.0,2.5,643.0,3.3,-3.5,0.046,32174.0,0.3,5.0,0.6,0.4,0.007,2.04,-0.26,2.43,13.0,7.4,0.007,30,13,-14,15,68.8,193,-141,53,2.5,0.006007,999999.99,99999.99,99999.99,0.19,0.11,0.07,-1,2007-11-25 00:00:00
2007,329,1,2379,51,52,59,37,3.7,2.7,-1.2,128.9,-1.7,2.1,-0.1,2.1,-0.2,0.4,2.5,1.9,0.9,1.5,241389.0,2.6,635.0,4.1,-2.9,0.045,19552.0,0.1,8.0,0.6,0.8,0.006,2.07,0.13,2.92,13.8,7.4,0.0062,30,13,-14,15,68.8,125,-61,65,1.6,0.006007,999999.99,99999.99,99999.99,0.21,0.12,0.09,-1,2007-11-25 01:00:00
2007,329,2,2379,51,52,60,34,3.9,3.4,6.9,132.4,-2.3,2.5,0.4,2.5,0.2,0.3,1.8,1.0,0.5,1.5,216160.0,2.5,627.0,3.1,-3.5,0.041,24692.0,0.2,7.0,0.5,0.7,0.009,1.91,-0.13,2.36,12.7,7.3,0.0074,30,13,-14,15,68.8,114,-60,54,1.0,0.006007,999999.99,99999.99,99999.99,0.2,0.11,0.08,-1,2007-11-25 02:00:00
2007,329,3,2379,51,52,59,35,4.4,2.8,-6.4,126.2,-1.6,2.3,-0.3,2.2,-0.6,0.7,3.3,1.2,1.7,2.7,216111.0,2.8,617.0,3.2,-2.0,0.032,25557.0,0.2,4.0,0.8,1.4,0.003,2.01,0.37,2.07,11.7,7.0,0.0086,30,13,-11,15,68.8,185,-109,76,2.0,0.006007,999999.99,99999.99,99999.99,0.22,0.13,0.09,-1,2007-11-25 03:00:00
2007,329,4,2379,51,52,58,35,3.9,3.6,24.1,168.1,-3.2,0.7,1.5,1.0,1.3,0.4,1.5,0.8,0.9,0.9,195761.0,2.5,602.0,3.2,-3.0,0.032,30676.0,0.3,10.0,0.6,0.6,0.003,1.71,-0.78,2.22,12.2,7.1,0.008,30,13,-12,15,68.8,105,-52,53,2.2,0.006007,999999.99,99999.99,99999.99,0.19,0.13,0.08,-1,2007-11-25 04:00:00
2007,329,5,2379,51,52,61,38,4.3,3.7,-40.0,144.3,-2.3,1.6,-2.4,1.0,-2.7,0.2,2.1,0.8,1.5,1.3,172617.0,2.6,611.0,2.4,-0.9,0.026,19641.0,0.2,10.0,1.4,0.7,0.002,1.79,1.65,1.76,11.5,7.2,0.0091,30,13,-15,15,68.8,65,-25,40,1.3,0.006007,999999.99,99999.99,99999.99,0.25,0.13,0.09,-1,2007-11-25 05:00:00
2007,329,6,2379,51,52,59,37,3.6,3.1,-26.4,137.4,-2.1,1.9,-1.4,1.4,-1.9,0.3,1.6,1.1,0.6,1.1,148094.0,2.4,594.0,-0.1,-1.2,0.028,14271.0,0.2,11.0,0.8,1.1,0.002,1.57,1.13,2.13,12.8,7.6,0.0073,33,13,-20,18,68.8,194,-163,31,1.5,0.006007,999999.99,99999.99,99999.99,0.18,0.11,0.08,-1,2007-11-25 06:00:00
2007,329,7,2379,51,52,58,35,3.7,3.0,-0.9,160.8,-2.8,1.0,0.0,0.9,-0.3,0.3,2.2,0.8,1.1,1.7,130364.0,2.5,576.0,-0.1,-2.1,0.027,14015.0,0.3,8.0,1.0,1.3,0.002,1.53,0.17,1.97,12.3,7.5,0.0079,33,13,-17,18,68.8,353,-304,49,3.5,0.006007,999999.99,99999.99,99999.99,0.18,0.11,0.09,-1,2007-11-25 07:00:00
2007,329,8,2379,51,52,62,38,3.7,2.9,-9.9,112.6,-1.1,2.7,-0.5,2.3,-1.4,0.4,2.2,1.3,1.1,1.4,146167.0,3.0,576.0,-1.5,-2.0,0.027,14313.0,0.2,10.0,0.6,0.9,0.003,1.84,0.81,2.5,13.5,7.6,0.0065,33,13,-12,18,68.8,162,-67,95,2.1,0.006007,999999.99,99999.99,99999.99,0.18,0.1,0.08,-1,2007-11-25 08:00:00
2007,329,9,2379,51,52,58,36,4.0,2.9,-32.7,122.7,-1.3,2.1,-1.6,1.4,-2.3,0.2,2.7,1.5,1.4,1.7,146952.0,3.6,585.0,-0.2,-1.6,0.029,11634.0,0.3,6.0,0.7,0.6,0.002,2.3,1.35,2.58,13.9,7.7,0.0062,23,13,-15,9,68.8,162,-137,26,1.9,0.006007,999999.99,99999.99,99999.99,0.25,0.12,0.09,-1,2007-11-25 09:00:00
2007,329,10,2379,51,52,59,37,4.2,1.7,-24.3,148.6,-1.3,0.8,-0.7,0.5,-0.9,0.3,3.8,2.9,1.6,1.8,135088.0,3.2,582.0,-0.0,-1.3,0.028,15361.0,0.3,17.0,1.0,1.1,0.003,2.01,0.52,1.99,12.4,7.5,0.0077,23,13,-15,9,68.8,169,-142,28,1.3,0.006007,999999.99,99999.99,99999.99,0.19,0.11,0.07,-1,2007-11-25 10:00:00
2007,329,11,2379,51,52,64,37,4.3,3.0,-29.1,176.6,-2.6,0.2,-1.4,-0.3,-1.4,0.7,3.1,2.0,1.9,1.5,148944.0,2.7,578.0,1.0,-1.8,0.03,47258.0,0.4,20.0,1.7,1.5,0.004,1.69,0.81,1.68,11.0,7.0,0.0098,23,13,-15,9,68.8,391,-332,59,1.9,0.006007,999999.99,99999.99,99999.99,0.2,0.12,0.09,-1,2007-11-25 11:00:00
2007,329,12,2379,51,52,60,34,3.1,0.8,64.5,122.8,-0.2,0.3,0.7,0.5,0.6,0.8,3.0,1.7,1.3,2.1,206950.0,3.3,611.0,1.6,-3.6,0.027,16802.0,0.2,4.0,0.5,0.5,0.002,2.28,-0.37,4.79,17.9,7.9,0.0037,27,13,-14,12,68.8,229,-184,45,1.3,0.006007,999999.99,99999.99,99999.99,0.18,0.1,0.07,-1,2007-11-25 12:00:00
2007,329,13,2379,51,52,60,34,2.8,1.2,31.4,125.6,-0.6,0.9,0.6,1.0,0.3,0.6,2.5,1.3,1.3,1.7,210981.0,3.1,609.0,1.1,-3.3,0.029,15441.0,0.2,10.0,0.7,1.1,0.003,2.14,-0.18,5.58,19.1,7.9,0.0032,27,13,-19,12,68.8,135,-97,38,1.2,0.006007,999999.99,99999.99,99999.99,0.24,0.12,0.09,-1,2007-11-25 13:00:00
2007,329,14,2379,51,52,59,36,4.2,2.2,53.1,114.5,-0.6,1.2,1.8,1.7,1.4,0.2,3.5,1.2,1.5,2.9,167640.0,3.0,606.0,0.2,-3.6,0.029,13122.0,0.2,11.0,1.5,2.6,0.002,2.05,-0.85,2.09,12.5,7.5,0.0076,27,13,-18,12,68.8,58,-31,27,0.3,0.006007,999999.99,99999.99,99999.99,0.22,0.12,0.09,-1,2007-11-25 14:00:00
2007,329,15,2379,51,52,60,37,4.7,4.0,-49.7,158.5,-2.4,0.9,-3.0,0.1,-3.1,0.4,2.3,1.1,1.5,1.3,171583.0,3.0,593.0,0.1,0.6,0.027,28652.0,0.3,11.0,1.6,1.0,0.003,1.95,1.84,1.69,10.9,7.0,0.01,33,13,-19,18,68.8,450,-399,51,2.0,0.006007,999999.99,99999.99,99999.99,0.17,0.11,0.08,-1,2007-11-25 15:00:00
2007,329,16,2379,51,52,59,36,4.3,3.2,-31.0,166.5,-2.7,0.6,-1.7,0.3,-1.8,0.4,2.7,0.8,2.0,1.7,204443.0,3.0,594.0,1.0,-1.5,0.033,27994.0,0.2,6.0,1.4,1.6,0.004,2.0,1.07,2.25,12.0,7.0,0.0083,33,13,-19,18,68.8,459,-401,58,2.2,0.006007,999999.99,99999.99,99999.99,0.19,0.11,0.08,-1,2007-11-25 16:00:00
2007,329,17,2379,51,52,60,17,4.5,4.0,34.0,220.8,-2.5,-2.2,2.2,-1.8,2.5,0.4,2.0,0.8,1.4,1.2,182980.0,3.2,605.0,2.5,-3.8,0.028,9608.0,0.2,4.0,0.4,0.7,0.002,2.18,-1.51,2.05,12.0,7.2,0.0082,33,13,-18,18,68.8,260,-193,67,1.2,0.006007,999999.99,99999.99,99999.99,0.21,0.11,0.08,-1,2007-11-25 17:00:00
2007,329,18,2379,51,51,60,7,4.0,3.4,31.0,200.2,-2.8,-1.0,1.8,-0.8,1.9,0.2,1.9,0.5,1.6,0.9,176056.0,3.2,595.0,1.8,-2.8,9.999,26434.0,0.1,4.0,1.4,1.4,9.999,2.27,-1.13,2.53,13.3,7.5,0.0067,27,13,-13,12,68.8,147,-79,68,0.6,0.006007,999999.99,99999.99,99999.99,0.21,0.1,0.07,-1,2007-11-25 18:00:00
2007,329,19,2379,51,51,59,3,3.9,3.5,1.1,150.4,-3.1,1.7,0.1,1.7,0.0,0.1,1.6,0.6,0.9,1.1,126069.0,2.9,582.0,-1.1,0.9,9.999,8817.0,0.0,5.0,0.7,0.9,9.999,1.96,-0.0,2.02,12.7,7.7,0.0074,27,13,-10,12,68.8,80,-44,36,0.7,0.006007,999999.99,99999.99,99999.99,0.18,0.1,0.07,-1,2007-11-25 19:00:00
2007,329,20,2379,51,51,62,3,3.9,3.7,8.7,157.8,-3.3,1.4,0.6,1.4,0.5,0.1,1.4,0.3,1.0,0.8,123548.0,2.8,587.0,-0.5,-0.6,9.999,15509.0,0.1,4.0,1.2,0.8,9.999,1.93,-0.29,1.93,12.6,7.7,0.0075,27,13,-11,12,68.8,52,-26,26,0.4,0.006007,999999.99,99999.99,99999.99,0.21,0.13,0.09,-1,2007-11-25 20:00:00
2007,329,21,2379,51,52,61,3,4.1,3.5,-39.6,108.7,-0.9,2.5,-2.2,2.5,-2.2,0.3,2.2,0.9,1.1,1.6,161480.0,2.4,614.0,-0.0,0.2,0.036,11049.0,0.1,2.0,0.2,0.2,0.001,1.73,1.35,1.72,11.6,7.4,0.0088,33,13,-14,18,68.8,155,-117,37,1.8,0.006007,999999.99,99999.99,99999.99,0.21,0.1,0.07,-1,2007-11-25 21:00:00
2007,329,22,2379,51,52,60,37,4.0,3.5,-54.2,103.2,-0.5,2.0,-2.8,2.0,-2.8,0.2,1.9,1.1,1.5,0.6,141863.0,2.4,619.0,0.4,0.8,0.038,20652.0,0.2,12.0,1.0,0.7,0.004,1.77,1.73,1.69,12.0,7.6,0.0083,33,13,-20,18,68.8,354,-300,54,4.2,0.006007,999999.99,99999.99,99999.99,0.19,0.1,0.09,-1,2007-11-25 22:00:00
2007,329,23,2379,51,52,60,36,3.5,3.1,-48.3,148.0,-1.7,1.1,-2.3,1.1,-2.3,0.3,1.6,0.7,1.2,0.8,157647.0,2.3,615.0,1.3,0.3,0.042,18958.0,0.1,7.0,1.0,0.8,0.004,1.7,1.41,2.23,13.3,7.8,0.0067,33,13,-18,18,68.8,205,-125,81,3.2,0.006007,999999.99,99999.99,99999.99,0.19,0.1,0.08,-1,2007-11-25 23:00:00
2007,330,0,2379,51,52,59,35,3.5,2.9,-50.9,164.8,-1.7,0.5,-2.2,0.5,-2.2,0.3,1.9,1.0,1.3,0.9,171942.0,2.4,613.0,1.2,0.1,0.044,16020.0,0.2,9.0,0.9,0.8,0.004,1.77,1.35,2.45,13.6,7.7,0.0065,30,12,-17,15,69.6,200,-120,80,2.1,0.006017,999999.99,99999.99,99999.99,0.2,0.11,0.09,-1,2007-11-26 00:00:00
2007,330,1,2379,51,52,60,33,3.3,1.9,-40.4,221.0,-1.1,-1.0,-1.3,-1.1,-1.3,0.3,2.7,0.8,2.1,1.4,176286.0,2.6,619.0,2.1,-0.9,0.04,14485.0,0.2,8.0,1.4,1.2,0.004,1.93,0.8,3.03,15.1,8.0,0.0052,30,12,-15,15,69.6,210,-141,69,2.3,0.006017,999999.99,99999.99,99999.99,0.18,0.1,0.08,-1,2007-11-26 01:00:00
2007,330,2,2379,51,52,60,36,3.1,2.4,-56.6,168.8,-1.3,0.3,-2.0,0.1,-2.0,0.2,1.9,0.7,1.4,0.9,168741.0,2.5,614.0,1.3,0.2,0.039,13209.0,0.2,8.0,1.2,0.9,0.003,1.82,1.23,3.22,15.7,8.1,0.0049,30,12,-14,15,69.6,213,-129,83,2.2,0.006017,999999.99,99999.99,99999.99,0.2,0.13,0.09,-1,2007-11-26 02:00:00
2007,330,3,2379,51,52,60,36,3.3,2.4,-13.1,135.5,-1.6,1.6,-0.5,1.5,-0.7,0.2,2.2,1.0,1.4,1.3,166139.0,2.4,613.0,0.5,-1.0,0.045,15333.0,0.1,8.0,0.9,1.1,0.005,1.78,0.43,2.7,14.4,7.9,0.0057,30,12,-13,15,69.6,180,-93,87,2.1,0.006017,999999.99,99999.99,99999.99,0.24,0.13,0.1,-1,2007-11-26 03:00:00
2007,330,4,2379,51,52,63,39,3.2,1.9,-45.1,150.7,-1.2,0.7,-1.4,0.4,-1.5,0.3,2.5,1.3,1.7,1.3,173971.0,2.3,621.0,1.3,-0.3,0.049,20740.0,0.1,13.0,1.1,0.9,0.004,1.77,0.93,2.82,14.7,7.9,0.0055,30,12,-13,15,69.6,114,-67,46,1.2,0.006017,999999.99,99999.99,99999.99,0.2,0.11,0.09,-1,2007-11-26 04:00:00
2007,330,5,2379,51,52,58,35,3.5,2.9,-57.5,122.2,-0.8,1.3,-2.4,0.7,-2.6,0.2,1.9,0.9,1.3,1.0,156925.0,2.2,625.0,1.4,0.6,0.046,13328.0,0.1,6.0,1.0,0.8,0.004,1.7,1.62,2.13,13.2,7.9,0.0068,30,12,-15,15,69.6,233,-172,61,2.2,0.006017,999999.99,99999.99,99999.99,0.25,0.13,0.1,-1,2007-11-26 05:00:00
2007,330,6,2379,51,52,60,37,3.2,1.7,-18.1,112.5,-0.6,1.5,-0.5,1.3,-0.9,0.2,2.5,0.7,1.2,2.1,144154.0,2.2,628.0,1.0,-0.7,0.042,12813.0,0.1,9.0,1.2,2.0,0.003,1.69,0.57,2.44,14.6,8.3,0.0056,23,12,-19,9,69.6,249,-221,28,2.9,0.006017,999999.99,99999.99,99999.99,0.19,0.1,0.08,-1,2007-11-26 06:00:00
2007,330,7,2379,51,52,59,36,3.0,2.8,39.6,89.5,0.0,2.1,1.8,2.6,1.0,0.2,1.1,0.8,0.4,0.6,130709.0,2.0,634.0,-0.0,-2.7,0.04,13004.0,0.1,9.0,0.6,0.8,0.003,1.56,-0.63,2.39,14.9,8.5,0.0053,23,12,-21,9,69.6,157,-76,82,2.2,0.006017,999999.99,99999.99,99999.99,0.25,0.13,0.09,-1,2007-11-26 07:00:00
2007,330,8,2379,51,52,61,38,2.7,1.7,-12.1,130.7,-1.1,1.3,-0.4,1.1,-0.8,0.2,2.0,1.4,0.8,1.2,129913.0,2.0,611.0,1.2,-0.7,0.042,15724.0,0.1,14.0,1.0,1.3,0.004,1.46,0.49,2.95,16.0,8.5,0.0046,23,12,-18,9,69.6,102,-79,23,1.2,0.006017,999999.99,99999.99,99999.99,0.2,0.11,0.08,-1,2007-11-26 08:00:00
2007,330,9,2379,51,52,58,35,2.7,1.8,-19.4,80.2,0.3,1.7,-0.6,1.4,-1.2,0.1,1.9,1.2,0.7,1.4,120790.0,2.1,618.0,0.7,-0.7,0.044,5202.0,0.2,11.0,0.7,1.3,0.004,1.58,0.74,2.99,16.6,8.8,0.0043,27,12,-15,12,69.6,167,-142,24,1.6,0.006017,999999.99,99999.99,99999.99,0.21,0.13,0.09,-1,2007-11-26 09:00:00
2007,330,10,2379,51,52,61,38,2.2,1.3,38.7,169.1,-1.0,0.2,0.8,0.5,0.7,0.6,1.9,1.0,1.1,1.1,129703.0,2.1,600.0,2.1,-1.3,0.04,11090.0,0.1,6.0,0.9,1.0,0.004,1.46,-0.42,4.66,19.8,8.8,0.003,27,12,-14,12,69.6,403,-379,24,2.5,0.006017,999999.99,99999.99,99999.99,0.22,0.12,0.08,-1,2007-11-26 10:00:00
2007,330,11,2379,51,52,58,36,2.2,0.8,-37.7,90.4,0.0,0.7,-0.5,0.5,-0.7,0.5,2.0,1.4,0.9,1.1,117949.0,2.0,601.0,1.6,-0.9,0.041,21038.0,0.2,14.0,1.1,1.3,0.004,1.4,0.42,4.23,19.3,8.9,0.0032,27,12,-14,12,69.6,143,-114,29,0.9,0.006017,999999.99,99999.99,99999.99,0.18,0.1,0.07,-1,2007-11-26 11:00:00
2007,330,12,2379,51,52,59,36,2.6,2.1,42.6,157.9,-1.5,0.6,1.5,1.1,1.2,0.2,1.4,0.8,0.9,0.8,99414.0,1.9,584.0,1.4,-3.3,0.038,12982.0,0.1,9.0,1.3,0.9,0.004,1.25,-0.7,2.66,15.5,8.5,0.005,10,12,-13,4,69.6,93,-65,27,0.7,0.006017,999999.99,99999.99,99999.99,0.21,0.1,0.07,-1,2007-11-26 12:00:00
2007,330,13,2379,51,52,61,35,2.8,2.7,27.1,118.3,-1.1,2.1,1.2,2.4,0.5,0.0,0.8,0.4,0.3,0.5,87011.0,1.8,583.0,-0.3,-3.0,0.039,5736.0,0.1,5.0,0.4,0.6,0.004,1.18,-0.29,2.06,14.0,8.4,0.0061,10,12,-9,4,69.6,96,-64,33,0.6,0.006017,999999.99,99999.99,99999.99,0.23,0.12,0.09,-1,2007-11-26 13:00:00
2007,330,14,2379,51,52,59,36,2.9,2.7,27.0,91.8,-0.1,2.4,1.2,2.6,0.5,0.2,1.0,0.7,0.5,0.5,89368.0,1.7,584.0,-0.2,-2.6,0.042,8037.0,0.2,3.0,0.3,0.5,0.004,1.13,-0.29,1.83,13.1,8.2,0.0069,10,12,-10,4,69.6,106,-85,21,0.8,0.006017,999999.99,99999.99,99999.99,0.21,0.12,0.08,-1,2007-11-26 14:00:00
2007,330,15,2379,51,52,59,36,2.7,2.5,15.9,117.8,-1.1,2.1,0.7,2.2,0.2,0.2,0.9,0.4,0.4,0.7,93207.0,2.3,569.0,-0.6,-2.0,0.039,7818.0,0.1,3.0,0.4,0.5,0.004,1.44,-0.11,2.91,16.0,8.5,0.0047,10,12,-9,4,69.6,89,-69,21,0.9,0.006017,999999.99,99999.99,99999.99,0.18,0.11,0.09,-1,2007-11-26 15:00:00
2007,330,16,2379,51,52,59,35,2.8,2.5,13.0,113.7,-1.0,2.3,0.6,2.4,0.2,0.3,1.2,0.4,0.5,1.0,92905.0,2.0,566.0,-1.0,-1.6,0.043,9677.0,0.1,4.0,0.4,0.7,0.004,1.25,-0.11,2.35,14.3,8.2,0.0058,10,12,-9,4,69.6,94,-85,9,0.9,0.006017,999999.99,99999.99,99999.99,0.2,0.1,0.08,-1,2007-11-26 16:00:00
2007,330,17,2379,51,52,61,37,3.0,2.7,-12.4,96.4,-0.3,2.6,-0.6,2.5,-1.0,0.1,1.3,0.7,0.4,1.0,82085.0,2.2,564.0,-1.5,-0.9,0.039,9448.0,0.1,5.0,0.4,0.7,0.004,1.35,0.56,2.14,13.9,8.3,0.0061,10,12,-9,4,69.6,100,-87,13,1.1,0.006017,999999.99,99999.99,99999.99,0.22,0.1,0.07,-1,2007-11-26 17:00:00
2007,330,18,2379,51,52,57,33,2.9,2.3,-6.6,109.3,-0.7,2.1,-0.3,2.1,-0.5,0.1,1.7,1.4,0.9,0.6,85583.0,2.1,557.0,-1.2,-1.0,0.041,11878.0,0.1,12.0,0.6,0.6,0.003,1.27,0.28,2.22,13.9,8.1,0.0061,17,12,-12,6,69.6,95,-73,22,1.0,0.006017,999999.99,99999.99,99999.99,0.21,0.13,0.09,-1,2007-11-26 18:00:00
2007,330,19,2379,51,52,59,36,3.1,2.9,-17.8,163.3,-2.6,0.8,-0.9,0.7,-0.9,0.1,1.2,0.3,1.1,0.3,86004.0,2.2,536.0,-0.1,-1.2,0.044,6372.0,0.1,3.0,0.6,0.3,0.003,1.24,0.48,2.04,12.8,7.7,0.0072,17,12,-14,6,69.6,101,-73,27,0.9,0.006017,999999.99,99999.99,99999.99,0.2,0.12,0.1,-1,2007-11-26 19:00:00
2007,330,20,2379,51,52,59,36,2.9,2.7,-6.2,164.1,-2.5,0.7,-0.3,0.7,-0.3,0.2,1.1,0.2,0.8,0.7,91111.0,2.4,533.0,-0.0,-2.0,0.044,6711.0,0.2,2.0,0.5,0.5,0.003,1.34,0.16,2.61,14.2,7.9,0.0059,17,12,-14,6,69.6,67,-49,18,0.9,0.006017,999999.99,99999.99,99999.99,0.2,0.11,0.08,-1,2007-11-26 20:00:00
2007,330,21,2379,51,52,59,34,3.1,2.9,-9.8,177.7,-2.9,0.1,-0.5,0.1,-0.5,0.1,1.1,0.2,0.9,0.5,89165.0,2.6,525.0,0.1,-1.6,0.041,4533.0,0.1,3.0,0.5,0.3,0.002,1.39,0.26,2.45,13.7,7.7,0.0064,17,12,-13,6,69.6,108,-73,35,0.8,0.006017,999999.99,99999.99,99999.99,0.2,0.13,0.09,-1,2007-11-26 21:00:00
2007,330,22,2379,51,52,60,34,3.6,3.5,0.1,196.0,-3.4,-1.0,0.0,-1.0,0.0,0.2,0.8,0.2,0.5,0.6,92728.0,2.5,515.0,0.7,-1.6,0.044,8783.0,0.3,4.0,0.4,0.5,0.003,1.3,-0.0,1.77,11.3,7.1,0.0093,17,12,-9,6,69.6,116,-70,46,1.1,0.006017,999999.99,99999.99,99999.99,0.21,0.12,0.09,-1,2007-11-26 22:00:00
2007,330,23,2379,51,52,25,14,3.5,3.4,-21.6,167.5,-3.1,0.7,-1.3,0.7,-1.3,0.5,0.8,0.6,0.5,0.2,100865.0,2.5,520.0,-0.0,-1.6,0.037,5380.0,0.4,5.0,0.2,0.4,0.006,1.3,0.68,1.95,11.7,7.2,0.0086,17,12,-8,6,69.6,36,-8,28,0.2,0.006017,999999.99,99999.99,99999.99,0.21,0.13,0.09,-1,2007-11-26 23:00:00
2007,331,0,2379,71,71,15,15,2.7,1.9,44.3,227.9,-0.9,-1.0,1.3,-1.0,1.3,0.4,1.7,0.8,0.5,1.4,93943.0,4.3,509.0,-0.3,1.3,9.999,10514.0,0.4,3.0,0.2,0.5,9.999,2.23,-0.66,5.45,19.5,8.2,0.0031,10,0,-6,4,69.6,32,-7,26,0.3,0.006019,999999.99,99999.99,99999.99,0.2,0.12,0.09,-1,2007-11-27 00:00:00
2007,331,1,2379,71,71,15,15,2.6,2.2,39.0,67.8,0.6,1.6,1.4,1.7,1.3,0.6,1.4,0.6,0.7,0.9,93356.0,4.1,510.0,-1.4,1.5,9.999,6251.0,0.2,4.0,0.4,0.6,9.999,2.13,-0.66,5.59,19.9,8.2,0.003,10,0,-4,4,69.6,21,-5,16,0.0,0.006019,999999.99,99999.99,99999.99,0.24,0.12,0.09,-1,2007-11-27 01:00:00
2007,331,2,2379,51,71,1,15,3.4,3.4,-10.7,42.1,2.5,2.2,-0.6,2.1,-0.8,0.0,0.0,0.0,0.0,0.0,85638.0,3.8,517.0,-1.7,2.0,9.999,14155.0,0.2,6.0,0.6,0.9,9.999,2.03,0.41,2.93,14.8,7.9,0.0054,10,0,-4,4,69.6,25,-9,16,0.4,0.006019,999999.99,99999.99,99999.99,0.23,0.13,0.1,-1,2007-11-27 02:00:00
2007,331,3,2379,51,52,57,34,2.9,2.4,-28.8,86.7,0.1,2.1,-1.2,1.9,-1.5,0.4,1.6,1.4,0.7,0.5,87153.0,3.9,509.0,-0.1,-1.5,0.034,14827.0,0.4,9.0,0.6,0.5,0.002,1.92,0.76,4.16,17.3,8.1,0.004,27,0,-6,12,69.6,87,-53,34,1.1,0.006019,999999.99,99999.99,99999.99,0.18,0.09,0.07,-1,2007-11-27 03:00:00
2007,331,4,2379,51,52,60,38,3.5,2.9,6.2,116.9,-1.3,2.6,0.3,2.6,-0.2,0.5,2.0,0.9,0.9,1.5,91766.0,4.1,500.0,-0.5,-2.0,0.035,8064.0,0.3,3.0,0.6,0.6,0.003,1.95,0.1,3.06,14.5,7.6,0.0057,27,0,-6,12,69.6,118,-73,45,2.0,0.006019,999999.99,99999.99,99999.99,0.22,0.12,0.09,-1,2007-11-27 04:00:00
2007,331,5,2379,51,52,60,36,2.9,2.3,-17.2,192.4,-2.2,-0.5,-0.7,-0.6,-0.6,0.3,1.6,0.6,1.0,1.1,95549.0,3.7,496.0,0.8,-1.3,0.039,11951.0,0.2,4.0,1.3,0.4,0.003,1.76,0.3,4.1,16.4,7.7,0.0044,27,0,-7,12,69.6,116,-46,69,2.1,0.006019,999999.99,99999.99,99999.99,0.22,0.11,0.07,-1,2007-11-27 05:00:00
2007,331,6,2379,51,52,58,30,3.0,2.7,-1.4,209.8,-2.4,-1.4,-0.1,-1.4,0.3,0.2,1.2,0.4,0.6,0.9,91493.0,3.7,487.0,1.7,-1.3,0.041,6978.0,0.1,5.0,0.5,0.3,0.003,1.71,-0.15,3.76,15.6,7.6,0.0049,13,0,-8,5,69.6,86,-26,60,1.2,0.006019,999999.99,99999.99,99999.99,0.23,0.13,0.09,-1,2007-11-27 06:00:00
2007,331,7,2379,51,52,42,24,3.1,3.0,-27.8,211.7,-2.3,-1.4,-1.4,-1.8,-0.9,0.2,0.8,0.2,0.5,0.5,85639.0,3.8,483.0,1.6,-0.3,0.036,4840.0,0.2,2.0,0.5,0.4,0.003,1.69,0.43,3.52,15.2,7.6,0.0052,13,0,-7,5,69.6,59,-15,44,1.0,0.006019,999999.99,99999.99,99999.99,0.24,0.15,0.11,-1,2007-11-27 07:00:00
2007,331,8,2379,51,52,60,36,3.3,3.0,-8.7,160.9,-2.8,1.0,-0.5,0.8,-0.8,0.1,1.3,0.3,1.1,0.6,86681.0,4.2,480.0,-0.3,-0.5,0.034,4973.0,0.1,2.0,0.6,0.3,0.002,1.84,0.38,3.45,14.9,7.5,0.0054,13,0,-10,5,69.6,94,-66,27,1.1,0.006019,999999.99,99999.99,99999.99,0.24,0.14,0.12,-1,2007-11-27 08:00:00
2007,331,9,2379,51,52,59,36,3.2,2.8,13.5,126.7,-1.6,2.2,0.7,2.3,-0.1,0.1,1.3,0.6,0.5,1.0,84110.0,4.0,481.0,-1.2,-1.0,0.034,5450.0,0.2,5.0,0.4,0.7,0.002,1.76,0.05,3.45,15.0,7.5,0.0053,10,0,-12,4,69.6,267,-226,41,1.3,0.006019,999999.99,99999.99,99999.99,0.23,0.12,0.09,-1,2007-11-27 09:00:00
2007,331,10,2379,51,52,60,37,3.5,3.1,25.3,142.2,-2.2,1.7,1.3,2.1,0.6,0.2,1.6,0.6,0.9,1.1,74909.0,3.9,473.0,-1.3,-1.8,0.031,5689.0,0.1,4.0,0.5,0.6,0.003,1.64,-0.28,2.69,13.3,7.3,0.0067,10,0,-11,4,69.6,162,-109,52,1.2,0.006019,999999.99,99999.99,99999.99,0.25,0.15,0.1,-1,2007-11-27 10:00:00
2007,331,11,2379,51,52,60,37,3.3,2.9,25.7,160.3,-2.4,0.9,1.2,1.3,0.8,0.1,1.5,0.6,1.1,0.9,75281.0,3.6,470.0,-0.9,-1.8,0.035,3547.0,0.2,2.0,0.5,0.3,0.003,1.51,-0.38,2.8,13.5,7.3,0.0065,10,0,-9,4,69.6,60,-32,28,0.4,0.006019,999999.99,99999.99,99999.99,0.18,0.11,0.08,-1,2007-11-27 11:00:00
2007,331,12,2379,51,52,60,36,3.5,3.0,12.5,112.1,-1.1,2.7,0.6,2.7,-0.3,0.1,1.8,0.6,0.4,1.7,77009.0,3.9,473.0,-1.5,-1.0,0.032,4260.0,0.2,3.0,0.3,0.7,0.002,1.64,0.14,2.72,13.3,7.3,0.0067,7,0,-9,3,69.6,70,-61,9,1.0,0.006019,999999.99,99999.99,99999.99,0.22,0.11,0.08,-1,2007-11-27 12:00:00
2007,331,13,2379,51,52,59,36,3.4,3.2,15.8,128.5,-1.9,2.4,0.9,2.6,0.1,0.1,1.1,0.5,0.4,0.9,77249.0,3.7,468.0,-1.7,-0.7,0.037,3782.0,0.1,3.0,0.4,0.5,0.002,1.55,-0.05,2.74,13.2,7.2,0.0068,7,0,-12,3,69.6,82,-64,18,0.5,0.006019,999999.99,99999.99,99999.99,0.19,0.11,0.09,-1,2007-11-27 13:00:00
2007,331,14,2379,51,52,59,36,3.3,2.9,-6.9,160.8,-2.7,0.9,-0.3,0.8,-0.5,0.1,1.6,0.7,1.2,0.8,73517.0,3.7,461.0,-0.6,-0.7,0.037,6940.0,0.2,3.0,0.8,0.5,0.004,1.51,0.23,2.85,13.4,7.2,0.0066,7,0,-12,3,69.6,160,-150,10,0.8,0.006019,999999.99,99999.99,99999.99,0.2,0.1,0.07,-1,2007-11-27 14:00:00
2007,331,15,2379,51,52,60,37,3.3,3.2,-8.0,166.1,-3.1,0.8,-0.4,0.7,-0.6,0.1,1.0,0.1,0.8,0.6,70073.0,3.7,455.0,-0.7,-0.6,0.036,5624.0,0.1,2.0,0.5,0.3,0.002,1.46,0.27,2.8,13.3,7.2,0.0068,13,0,-12,5,69.6,41,-31,10,0.6,0.006019,999999.99,99999.99,99999.99,0.2,0.12,0.1,-1,2007-11-27 15:00:00
2007,331,16,2379,51,52,59,36,3.0,2.8,16.9,155.2,-2.4,1.1,0.8,1.2,0.6,0.4,1.1,0.5,0.8,0.5,78621.0,3.6,453.0,-0.9,-1.2,0.036,34501.0,0.1,8.0,0.7,0.6,0.001,1.41,-0.27,3.44,14.3,7.2,0.0058,13,0,-11,5,69.6,71,-62,8,0.5,0.006019,999999.99,99999.99,99999.99,0.18,0.11,0.08,-1,2007-11-27 16:00:00
2007,331,17,2379,51,52,59,36,2.4,1.7,-4.0,152.4,-1.5,0.8,-0.1,0.8,-0.2,0.5,1.7,1.3,0.7,0.8,75614.0,3.5,458.0,-0.1,-0.7,0.03,11937.0,0.2,6.0,0.7,0.7,0.003,1.37,0.09,5.16,17.9,7.6,0.0037,13,0,-8,5,69.6,53,-42,11,0.7,0.006019,999999.99,99999.99,99999.99,0.21,0.11,0.08,-1,2007-11-27 17:00:00
2007,331,18,2379,51,52,59,36,3.3,3.1,-22.8,179.6,-2.9,0.0,-1.2,-0.1,-1.2,0.1,0.9,0.1,0.8,0.4,56084.0,3.3,452.0,0.1,-0.4,0.029,4196.0,0.1,1.0,0.5,0.4,0.001,1.26,0.54,2.33,12.4,7.2,0.0077,13,0,-7,5,69.6,73,-58,15,0.9,0.006019,999999.99,99999.99,99999.99,0.19,0.12,0.09,-1,2007-11-27 18:00:00
2007,331,19,2379,51,52,60,37,3.1,3.0,-7.3,177.0,-3.0,0.2,-0.4,0.2,-0.4,0.1,0.9,0.3,0.4,0.8,60364.0,3.2,450.0,0.2,-1.1,0.03,4056.0,0.1,1.0,0.3,0.4,0.001,1.21,0.18,2.61,13.0,7.2,0.0071,13,0,-8,5,69.6,59,-43,15,1.1,0.006019,999999.99,99999.99,99999.99,0.17,0.1,0.08,-1,2007-11-27 19:00:00
2007,331,20,2379,51,52,59,35,2.8,2.7,-28.6,170.0,-2.3,0.4,-1.3,0.4,-1.3,0.1,0.7,0.4,0.3,0.5,63715.0,3.3,447.0,0.2,-1.3,0.034,6858.0,0.1,2.0,0.2,0.4,0.002,1.25,0.58,3.36,14.5,7.3,0.0057,13,0,-12,5,69.6,73,-58,15,1.4,0.006019,999999.99,99999.99,99999.99,0.2,0.11,0.08,-1,2007-11-27 20:00:00
2007,331,21,2379,51,52,61,37,2.9,2.4,-39.4,177.8,-1.8,0.1,-1.5,0.1,-1.5,0.3,1.7,0.6,1.2,1.0,61427.0,3.4,449.0,0.5,-0.3,0.032,8976.0,0.2,3.0,0.7,1.0,0.004,1.29,0.67,3.19,14.3,7.4,0.0058,13,0,-13,5,69.6,67,-48,19,1.1,0.006019,999999.99,99999.99,99999.99,0.21,0.11,0.08,-1,2007-11-27 21:00:00
2007,331,22,2379,51,52,60,37,3.2,1.6,-21.6,137.9,-1.1,1.0,-0.6,1.0,-0.6,0.3,2.8,1.1,1.6,2.0,58124.0,3.3,449.0,0.3,-0.1,0.024,6466.0,0.2,5.0,0.6,0.9,0.005,1.22,0.27,2.5,12.7,7.2,0.0073,13,0,-13,5,69.6,91,-63,28,1.3,0.006019,999999.99,99999.99,99999.99,0.17,0.1,0.08,-1,2007-11-27 22:00:00
2007,331,23,2379,51,52,59,36,3.3,3.0,-18.4,152.3,-2.5,1.3,-0.9,1.3,-0.9,0.1,1.3,0.5,0.9,0.7,56334.0,3.4,442.0,-0.2,0.0,0.018,4810.0,0.2,4.0,1.0,0.7,0.002,1.19,0.4,2.4,12.3,7.0,0.0078,13,0,-7,5,69.6,58,-33,25,0.7,0.006019,999999.99,99999.99,99999.99,0.22,0.12,0.1,-1,2007-11-27 23:00:00
2007,332,0,2379,51,52,60,36,3.3,3.0,-25.9,134.5,-1.9,1.9,-1.3,1.9,-1.3,0.1,1.3,0.6,0.7,0.9,56254.0,3.6,443.0,-0.2,0.5,0.017,4428.0,0.1,5.0,0.7,0.9,0.002,1.26,0.58,2.54,12.7,7.1,0.0073,20,0,-8,7,69.3,84,-40,44,0.7,0.006066,999999.99,99999.99,99999.99,0.22,0.13,0.09,-1,2007-11-28 00:00:00
2007,332,1,2379,51,52,60,34,3.3,3.0,-1.4,124.7,-1.7,2.5,-0.1,2.5,-0.2,0.1,1.1,0.3,0.3,1.0,53002.0,3.6,441.0,-0.5,-0.5,0.015,4109.0,0.2,3.0,0.6,0.9,0.002,1.24,0.09,2.49,12.7,7.1,0.0074,20,0,-7,7,69.3,153,-92,61,1.4,0.006066,999999.99,99999.99,99999.99,0.19,0.11,0.1,-1,2007-11-28 01:00:00
2007,332,2,2379,51,52,62,39,3.2,2.8,8.3,119.0,-1.3,2.4,0.4,2.4,0.2,0.1,1.6,1.0,0.4,1.2,50483.0,3.5,444.0,-0.9,-0.9,0.017,5234.0,0.1,7.0,0.7,1.0,0.003,1.23,-0.09,2.54,13.0,7.3,0.0071,20,0,-5,7,69.3,47,-11,36,0.8,0.006066,999999.99,99999.99,99999.99,0.21,0.1,0.07,-1,2007-11-28 02:00:00
2007,332,3,2379,51,52,60,34,3.5,2.8,7.1,77.0,0.6,2.7,0.3,2.7,0.0,0.2,2.1,1.5,0.7,1.3,54645.0,3.3,453.0,-1.6,-1.0,0.022,6875.0,0.2,9.0,0.6,1.0,0.003,1.23,-0.0,2.05,11.8,7.1,0.0086,3,0,-5,2,69.3,19,-2,16,0.4,0.006066,999999.99,99999.99,99999.99,0.24,0.14,0.09,-1,2007-11-28 03:00:00
2007,332,4,2379,51,52,60,37,3.8,3.8,31.7,16.5,3.1,0.9,2.0,1.2,1.8,0.1,0.5,0.2,0.4,0.2,39552.0,3.0,457.0,-0.6,-1.5,0.019,9712.0,0.2,5.0,0.3,0.4,0.003,1.13,-0.82,1.45,10.4,6.9,0.011,3,0,-4,2,69.3,24,-12,12,0.1,0.006066,999999.99,99999.99,99999.99,0.19,0.11,0.08,-1,2007-11-28 04:00:00
2007,332,5,2379,51,52,59,36,3.5,3.0,27.0,38.3,2.1,1.7,1.4,2.0,1.0,0.2,1.6,0.6,1.1,1.0,54745.0,2.9,449.0,-1.3,-0.9,0.021,9801.0,0.3,5.0,1.0,1.0,0.003,1.06,-0.45,1.8,10.9,6.8,0.01,3,0,-5,2,69.3,27,-9,19,0.2,0.006066,999999.99,99999.99,99999.99,0.2,0.12,0.09,-1,2007-11-28 05:00:00
2007,332,6,2379,51,52,59,36,3.5,3.3,20.4,45.4,2.2,2.2,1.2,2.4,0.6,0.1,0.9,0.5,0.6,0.5,56949.0,2.9,445.0,-1.5,-0.9,0.018,4696.0,0.1,5.0,0.8,1.0,0.001,1.03,-0.27,1.83,10.8,6.7,0.0101,7,0,-8,3,69.3,19,-12,7,0.2,0.006066,999999.99,99999.99,99999.99,0.17,0.11,0.09,-1,2007-11-28 06:00:00
2007,332,7,2379,51,52,58,35,3.2,1.5,17.2,76.8,0.3,1.4,0.5,1.5,0.0,0.3,2.8,2.5,1.1,0.7,65334.0,3.0,438.0,-1.6,-1.1,0.021,14752.0,0.2,9.0,0.8,0.6,0.004,1.04,-0.0,2.36,11.9,6.8,0.0085,7,0,-9,3,69.3,28,-24,4,0.4,0.006066,999999.99,99999.99,99999.99,0.18,0.1,0.08,-1,2007-11-28 07:00:00
2007,332,8,2379,51,52,58,36,3.3,2.9,-3.3,167.2,-2.9,0.6,-0.2,0.5,-0.4,0.2,1.4,0.5,1.0,0.9,87084.0,3.0,424.0,-0.9,-0.8,0.027,10323.0,0.2,6.0,0.8,0.6,0.003,1.0,0.17,2.47,11.1,6.3,0.0096,7,0,-9,3,69.3,59,-52,7,0.1,0.006066,999999.99,99999.99,99999.99,0.18,0.1,0.08,-1,2007-11-28 08:00:00
2007,332,9,2379,51,52,64,37,3.3,2.0,18.2,151.9,-1.7,0.9,0.6,1.1,0.2,0.4,2.6,1.4,1.7,1.4,80643.0,3.3,428.0,-0.2,-1.1,0.026,17406.0,0.2,11.0,1.4,1.5,0.004,1.11,-0.09,2.63,11.8,6.5,0.0086,7,0,-8,3,69.3,72,-61,11,0.4,0.006066,999999.99,99999.99,99999.99,0.19,0.1,0.09,-1,2007-11-28 09:00:00
2007,332,10,2379,51,52,60,37,3.9,2.8,-1.2,97.7,-0.4,2.8,-0.1,2.6,-1.1,0.2,2.7,2.2,0.7,1.3,56594.0,3.3,435.0,-1.7,-0.1,0.018,16222.0,0.1,17.0,0.6,1.4,0.005,1.12,0.48,1.67,10.1,6.5,0.0116,7,0,-8,3,69.3,73,-69,4,0.5,0.006066,999999.99,99999.99,99999.99,0.25,0.16,0.12,-1,2007-11-28 10:00:00
2007,332,11,2379,51,52,58,36,3.9,3.7,-1.4,73.4,1.1,3.6,-0.1,3.3,-1.3,0.1,1.1,0.7,0.3,0.8,45433.0,3.3,445.0,-2.3,-0.5,0.014,5082.0,0.2,7.0,0.6,1.0,0.001,1.15,0.58,1.57,10.4,6.8,0.0111,7,0,-9,3,69.3,158,-154,4,0.9,0.006066,999999.99,99999.99,99999.99,0.2,0.11,0.09,-1,2007-11-28 11:00:00
2007,332,12,2379,51,52,60,36,3.8,3.6,-25.1,81.1,0.5,3.2,-1.5,2.5,-2.5,0.1,1.0,0.7,0.4,0.6,49796.0,3.3,437.0,-2.2,0.6,0.014,4862.0,0.2,6.0,0.6,0.6,0.001,1.11,1.09,1.69,10.4,6.7,0.0109,13,0,-13,5,69.3,274,-258,15,1.5,0.006066,999999.99,99999.99,99999.99,0.24,0.14,0.1,-1,2007-11-28 12:00:00
2007,332,13,2379,51,52,60,35,3.7,3.5,-17.7,106.1,-0.9,3.2,-1.1,2.7,-2.0,0.1,1.3,1.0,0.5,0.7,56078.0,3.1,430.0,-2.1,0.1,0.014,6373.0,0.2,5.0,0.4,0.8,0.001,1.01,0.86,1.74,10.2,6.5,0.0114,13,0,-14,5,69.3,374,-377,-3,2.2,0.006066,999999.99,99999.99,99999.99,0.23,0.12,0.08,-1,2007-11-28 13:00:00
2007,332,14,2379,51,52,59,37,4.1,4.0,-30.2,118.2,-1.6,3.0,-2.0,2.4,-2.7,0.1,0.7,0.5,0.3,0.5,53540.0,3.1,423.0,-1.8,0.5,0.014,4569.0,0.1,3.0,0.3,0.3,0.001,0.98,1.14,1.4,9.1,6.1,0.0144,13,0,-13,5,69.3,172,-157,15,1.8,0.006066,999999.99,99999.99,99999.99,0.2,0.14,0.09,-1,2007-11-28 14:00:00
2007,332,15,2379,51,52,59,35,4.1,3.9,-38.0,137.4,-2.3,2.1,-2.4,1.5,-2.8,0.1,1.0,0.7,0.6,0.2,53967.0,3.0,420.0,-1.5,1.1,0.014,5477.0,0.2,7.0,0.5,0.5,0.001,0.93,1.18,1.35,8.9,6.0,0.0151,23,0,-13,9,69.3,170,-158,13,1.4,0.006066,999999.99,99999.99,99999.99,0.2,0.11,0.08,-1,2007-11-28 15:00:00
2007,332,16,2379,51,52,58,36,4.0,3.9,-31.9,152.4,-2.9,1.5,-2.1,1.1,-2.3,0.1,0.9,0.4,0.7,0.4,55358.0,2.7,414.0,-0.9,1.2,0.014,6805.0,0.2,5.0,0.7,0.5,0.002,0.82,0.95,1.29,8.5,5.8,0.0164,23,0,-13,9,69.3,295,-253,42,2.1,0.006066,999999.99,99999.99,99999.99,0.22,0.11,0.09,-1,2007-11-28 16:00:00
2007,332,17,2379,51,52,61,36,4.1,4.0,-25.2,171.3,-3.6,0.6,-1.7,0.4,-1.8,0.1,0.5,0.1,0.4,0.2,53566.0,2.6,410.0,-0.4,0.8,0.014,10153.0,0.4,8.0,0.4,0.6,0.002,0.77,0.74,1.17,8.1,5.7,0.0183,23,0,-13,9,69.3,145,-126,18,1.6,0.006066,999999.99,99999.99,99999.99,0.22,0.12,0.1,-1,2007-11-28 17:00:00
2007,332,18,2379,51,52,62,36,4.2,4.1,-34.5,192.1,-3.3,-0.7,-2.3,-0.9,-2.2,0.2,0.5,0.2,0.4,0.3,53155.0,2.3,415.0,-0.1,0.1,0.015,15255.0,0.5,5.0,0.4,0.8,0.004,0.7,0.91,0.98,7.5,5.5,0.0212,7,0,-12,3,69.3,50,-36,14,1.1,0.006066,999999.99,99999.99,99999.99,0.2,0.12,0.09,-1,2007-11-28 18:00:00
2007,332,19,2379,51,52,59,36,4.0,2.7,-15.4,134.8,-1.8,1.8,-0.7,1.8,-0.8,0.3,2.9,1.2,2.3,1.4,56151.0,2.8,411.0,-0.3,0.2,0.017,12478.0,0.5,5.0,1.1,0.8,0.003,0.84,0.33,1.34,8.6,5.8,0.0161,7,0,-11,3,69.3,34,-22,12,0.7,0.006066,999999.99,99999.99,99999.99,0.24,0.13,0.1,-1,2007-11-28 19:00:00
2007,332,20,2379,51,52,59,35,3.6,3.4,-20.1,117.8,-1.5,2.8,-1.2,2.8,-1.2,0.2,0.9,0.4,0.7,0.5,60370.0,2.9,407.0,-0.9,0.5,0.02,5644.0,0.2,3.0,0.5,0.4,0.001,0.87,0.49,1.76,9.6,6.1,0.0128,7,0,-10,3,69.3,31,-18,13,0.8,0.006066,999999.99,99999.99,99999.99,0.19,0.12,0.09,-1,2007-11-28 20:00:00
2007,332,21,2379,51,52,59,35,3.3,3.2,-28.8,124.0,-1.6,2.3,-1.5,2.3,-1.5,0.1,0.7,0.6,0.3,0.3,66935.0,2.4,410.0,0.8,-0.3,0.023,11945.0,0.4,6.0,0.7,0.5,0.003,0.74,0.61,1.79,9.6,6.0,0.0128,10,0,-12,4,69.3,32,-24,9,0.6,0.006066,999999.99,99999.99,99999.99,0.2,0.14,0.09,-1,2007-11-28 21:00:00
2007,332,22,2379,51,52,61,37,3.3,3.2,-4.1,110.7,-1.1,3.0,-0.2,3.0,-0.2,0.1,0.6,0.4,0.1,0.4,58668.0,2.7,408.0,-0.1,-0.8,0.021,4643.0,0.2,3.0,0.3,0.2,0.002,0.81,0.08,1.93,10.2,6.2,0.0115,10,0,-13,4,69.3,57,-43,15,1.3,0.006066,999999.99,99999.99,99999.99,0.2,0.11,0.09,-1,2007-11-28 22:00:00
2007,332,23,2379,51,52,62,38,3.1,2.7,-7.4,107.4,-0.8,2.6,-0.3,2.6,-0.3,0.2,1.4,0.4,0.8,1.1,57759.0,3.1,416.0,-0.0,-0.7,0.021,4113.0,0.2,3.0,0.8,0.7,0.002,0.97,0.12,2.5,11.8,6.6,0.0085,10,0,-10,4,69.3,31,-14,18,0.7,0.006066,999999.99,99999.99,99999.99,0.19,0.12,0.08,-1,2007-11-28 23:00:00
2007,333,0,2379,51,52,60,33,2.7,2.7,6.6,78.5,0.5,2.6,0.3,2.6,0.3,0.1,0.6,0.4,0.2,0.4,52629.0,3.5,423.0,-0.7,-0.7,0.02,6143.0,0.2,3.0,0.3,0.4,0.002,1.13,-0.13,3.61,14.7,7.2,0.0055,0,0,-8,0,69.3,26,-10,17,0.3,0.006052,999999.99,99999.99,99999.99,0.24,0.13,0.1,-1,2007-11-29 00:00:00
2007,333,1,2379,51,52,60,34,2.6,2.5,3.7,59.1,1.3,2.2,0.2,2.2,0.1,0.3,0.7,0.4,0.4,0.5,43423.0,3.6,424.0,-0.1,-0.4,0.023,5280.0,0.2,3.0,0.5,0.4,0.002,1.18,-0.04,3.81,15.5,7.5,0.005,0,0,-7,0,69.3,22,-7,15,0.4,0.006052,999999.99,99999.99,99999.99,0.23,0.11,0.09,-1,2007-11-29 01:00:00
2007,333,2,2379,51,52,57,35,2.9,2.6,20.3,56.1,1.4,2.1,0.9,2.2,0.8,0.4,1.1,0.7,0.5,0.6,41922.0,3.4,421.0,-0.2,-0.9,0.027,10299.0,0.3,6.0,0.6,0.7,0.002,1.12,-0.34,2.86,13.4,7.2,0.0066,0,0,-6,0,69.3,20,-8,12,0.2,0.006052,999999.99,99999.99,99999.99,0.19,0.11,0.08,-1,2007-11-29 02:00:00
2007,333,3,2379,51,52,59,35,2.7,2.7,47.2,129.9,-1.2,1.4,1.9,1.6,1.7,0.3,0.7,0.5,0.4,0.3,57343.0,3.4,406.0,0.1,-1.7,0.026,5796.0,0.1,3.0,0.3,0.3,0.002,1.03,-0.69,3.6,13.9,6.8,0.0062,3,0,-4,2,69.3,25,-12,13,0.1,0.006052,999999.99,99999.99,99999.99,0.19,0.11,0.09,-1,2007-11-29 03:00:00
2007,333,4,2379,51,52,61,37,3.4,3.0,34.2,92.5,-0.1,2.5,1.7,2.7,1.3,0.2,1.5,1.0,0.6,0.9,48583.0,3.4,408.0,0.1,-1.5,0.027,5589.0,0.3,4.0,0.5,0.6,0.002,1.05,-0.53,2.17,11.1,6.5,0.0097,3,0,-2,2,69.3,16,-8,8,0.2,0.006052,999999.99,99999.99,99999.99,0.2,0.12,0.08,-1,2007-11-29 04:00:00
2007,333,5,2379,51,52,58,36,3.4,3.0,20.8,86.6,0.2,2.8,1.1,3.0,0.5,0.1,1.5,1.1,0.3,1.1,44185.0,3.7,406.0,-0.6,-1.7,0.028,2508.0,0.2,5.0,0.3,0.6,0.001,1.13,-0.2,2.3,11.5,6.6,0.009,3,0,-2,2,69.3,32,-19,13,0.4,0.006052,999999.99,99999.99,99999.99,0.21,0.13,0.09,-1,2007-11-29 05:00:00
2007,333,6,2379,51,52,61,37,3.4,3.0,11.9,108.6,-0.9,2.8,0.6,2.9,-0.2,0.1,1.5,0.7,0.6,1.1,46065.0,3.6,398.0,-0.5,-1.4,0.028,5760.0,0.3,5.0,0.7,0.9,0.004,1.06,0.08,2.26,11.1,6.5,0.0096,3,0,-4,2,69.3,76,-63,13,0.8,0.006052,999999.99,99999.99,99999.99,0.22,0.13,0.1,-1,2007-11-29 06:00:00
2007,333,7,2379,51,52,62,37,3.5,3.2,-1.8,111.7,-1.2,3.0,-0.1,2.8,-1.0,0.1,1.4,1.0,0.5,0.8,49136.0,3.6,395.0,-1.0,-1.3,0.027,4152.0,0.2,7.0,0.5,0.7,0.002,1.04,0.4,2.17,10.7,6.3,0.0104,3,0,-4,2,69.3,40,-34,6,0.9,0.006052,999999.99,99999.99,99999.99,0.18,0.1,0.07,-1,2007-11-29 07:00:00
2007,333,8,2379,51,52,56,35,3.1,2.8,28.4,99.4,-0.4,2.4,1.3,2.7,0.4,0.2,1.3,0.7,0.8,0.8,41423.0,3.7,397.0,-0.2,-1.8,0.024,5386.0,0.3,4.0,0.6,0.6,0.003,1.07,-0.16,2.72,12.3,6.7,0.0078,3,0,-5,2,69.3,32,-25,7,0.7,0.006052,999999.99,99999.99,99999.99,0.23,0.12,0.08,-1,2007-11-29 08:00:00
2007,333,9,2379,51,52,60,28,3.4,3.0,9.2,129.0,-1.9,2.3,0.5,2.3,-0.3,0.1,1.5,1.1,0.6,0.8,36889.0,4.1,386.0,0.6,-1.1,0.027,2145.0,0.2,2.0,0.2,0.3,0.002,1.13,0.12,2.44,11.5,6.5,0.009,7,0,-6,3,69.3,30,-20,10,0.5,0.006052,999999.99,99999.99,99999.99,0.18,0.1,0.07,-1,2007-11-29 09:00:00
2007,333,10,2379,51,51,59,4,3.6,3.4,5.2,120.7,-1.7,2.9,0.3,2.8,-0.7,0.2,1.0,0.9,0.4,0.3,28945.0,3.8,393.0,-0.4,0.4,9.999,3183.0,0.3,1.0,0.4,0.8,9.999,1.17,0.28,1.92,10.6,6.5,0.0105,7,0,-7,3,69.3,52,-43,9,0.5,0.006052,999999.99,99999.99,99999.99,0.21,0.13,0.09,-1,2007-11-29 10:00:00
2007,333,11,2379,51,52,59,30,3.7,3.6,1.7,137.2,-2.6,2.4,0.1,2.3,-0.7,0.1,1.1,0.6,0.6,0.6,39070.0,3.8,389.0,-0.3,-1.8,0.021,3536.0,0.2,3.0,0.4,0.3,0.003,1.04,0.27,1.93,10.2,6.3,0.0113,7,0,-5,3,69.3,60,-44,16,0.3,0.006052,999999.99,99999.99,99999.99,0.19,0.12,0.09,-1,2007-11-29 11:00:00
2007,333,12,2379,51,52,61,37,3.9,3.8,-31.7,144.0,-2.6,1.9,-2.0,1.1,-2.5,0.3,0.9,0.3,0.8,0.5,37672.0,4.1,389.0,-0.6,-1.3,0.016,4242.0,0.3,3.0,0.3,0.3,0.002,1.1,0.97,1.86,10.1,6.3,0.0117,10,0,-7,4,69.3,51,-42,8,0.7,0.006052,999999.99,99999.99,99999.99,0.23,0.14,0.11,-1,2007-11-29 12:00:00
2007,333,13,2379,51,52,60,37,4.5,4.2,-27.5,149.0,-3.2,1.9,-1.9,1.3,-2.4,0.2,1.4,0.6,1.1,0.6,37985.0,4.2,391.0,-0.5,-1.8,0.018,3361.0,0.3,2.0,0.3,0.3,0.002,1.15,0.94,1.44,8.9,5.9,0.015,10,0,-9,4,69.3,161,-159,2,1.0,0.006052,999999.99,99999.99,99999.99,0.19,0.12,0.09,-1,2007-11-29 13:00:00
2007,333,14,2379,51,52,58,35,4.2,4.2,-10.4,120.1,-2.1,3.6,-0.8,3.3,-1.7,0.3,0.5,0.3,0.3,0.3,34965.0,4.5,388.0,-1.3,-1.5,0.018,3954.0,0.6,4.0,0.5,0.2,0.002,1.21,0.66,1.73,9.8,6.2,0.0124,10,0,-11,4,69.3,352,-353,0,1.6,0.006052,999999.99,99999.99,99999.99,0.2,0.12,0.08,-1,2007-11-29 14:00:00
2007,333,15,2379,51,52,60,37,3.7,3.4,13.6,83.0,0.4,3.3,0.8,3.4,0.1,0.3,1.4,1.0,0.5,0.9,37421.0,5.7,386.0,-2.1,-1.4,0.018,3808.0,0.3,3.0,0.3,0.3,0.002,1.52,-0.04,2.87,12.5,6.7,0.0077,20,0,-11,7,69.3,175,-175,0,1.3,0.006052,999999.99,99999.99,99999.99,0.19,0.11,0.08,-1,2007-11-29 15:00:00
2007,333,16,2379,51,52,60,37,4.2,4.1,-28.1,147.4,-3.1,2.0,-1.9,1.6,-2.2,0.3,0.9,0.6,0.6,0.4,40572.0,4.0,384.0,-0.2,-1.4,0.021,5674.0,0.3,2.0,0.6,0.5,0.003,1.07,0.84,1.59,9.1,5.9,0.0142,20,0,-11,7,69.3,149,-130,18,1.4,0.006052,999999.99,99999.99,99999.99,0.19,0.12,0.1,-1,2007-11-29 16:00:00
2007,333,17,2379,51,52,60,36,3.6,3.5,-9.1,163.9,-3.3,1.0,-0.6,0.9,-0.7,0.3,0.8,0.4,0.4,0.5,54625.0,4.1,385.0,0.4,-2.4,0.028,3937.0,0.5,5.0,0.2,0.2,0.003,1.13,0.27,2.41,10.8,6.2,0.0101,20,0,-9,7,69.3,86,-65,21,0.9,0.006052,999999.99,99999.99,99999.99,0.21,0.12,0.08,-1,2007-11-29 17:00:00
2007,333,18,2379,51,52,59,35,3.5,3.3,-9.4,153.5,-2.9,1.4,-0.5,1.4,-0.6,0.3,1.2,0.6,0.8,0.6,49833.0,3.9,382.0,-0.7,-2.0,0.024,4970.0,0.3,4.0,0.7,0.5,0.003,1.04,0.23,2.36,10.8,6.2,0.0102,13,0,-6,5,69.3,26,-16,10,0.3,0.006052,999999.99,99999.99,99999.99,0.22,0.16,0.1,-1,2007-11-29 18:00:00
2007,333,19,2379,51,52,59,34,3.7,3.7,-2.4,157.5,-3.4,1.4,-0.2,1.4,-0.3,0.1,0.8,0.4,0.6,0.5,38315.0,3.0,370.0,-1.0,-2.3,0.024,8559.0,0.5,7.0,0.7,0.4,0.004,0.75,0.11,1.52,8.7,5.7,0.0159,13,0,-4,5,69.3,28,-17,10,0.7,0.006052,999999.99,99999.99,99999.99,0.24,0.13,0.09,-1,2007-11-29 19:00:00
2007,333,20,2379,51,52,59,36,3.7,3.6,-2.2,165.0,-3.5,0.9,-0.1,0.9,-0.1,0.1,0.5,0.1,0.3,0.3,43918.0,3.4,372.0,0.1,-2.1,0.024,7468.0,0.2,2.0,0.9,0.4,0.004,0.86,0.04,1.78,9.3,5.8,0.0138,13,0,-8,5,69.3,19,-14,5,0.2,0.006052,999999.99,99999.99,99999.99,0.2,0.13,0.11,-1,2007-11-29 20:00:00
2007,333,21,2379,51,52,58,36,3.5,3.4,2.7,155.0,-3.1,1.4,0.2,1.4,0.2,0.3,0.8,0.5,0.3,0.6,37610.0,3.0,367.0,-0.3,-2.0,0.025,7615.0,0.5,7.0,0.8,0.8,0.005,0.74,-0.07,1.69,9.1,5.8,0.0144,3,0,-8,2,69.3,20,-18,2,0.1,0.006052,999999.99,99999.99,99999.99,0.21,0.11,0.08,-1,2007-11-29 21:00:00
2007,333,22,2379,51,52,61,32,2.9,2.7,25.0,183.9,-2.5,-0.2,1.1,-0.2,1.1,0.2,1.0,0.3,0.5,0.9,29769.0,4.6,357.0,0.0,-2.6,0.015,2072.0,0.2,2.0,1.2,0.6,0.002,1.04,-0.39,3.6,13.2,6.5,0.0068,3,0,-5,2,69.3,33,-23,10,0.0,0.006052,999999.99,99999.99,99999.99,0.21,0.12,0.1,-1,2007-11-29 22:00:00
2007,333,23,2379,51,52,58,34,3.1,2.5,31.9,153.5,-1.9,1.0,1.3,1.0,1.3,0.2,1.6,1.0,1.1,0.7,34658.0,4.5,361.0,-1.4,-2.8,0.015,4908.0,0.3,4.0,1.1,0.8,0.003,1.04,-0.47,3.18,12.4,6.4,0.0078,3,0,-4,2,69.3,20,-12,7,-0.1,0.006052,999999.99,99999.99,99999.99,0.21,0.12,0.07,-1,2007-11-29 23:00:00
2007,334,0,2379,51,52,61,37,3.0,2.9,-20.2,173.5,-2.7,0.3,-1.0,0.3,-1.0,0.1,0.6,0.2,0.2,0.6,34391.0,4.8,355.0,-0.8,-2.0,0.019,4391.0,0.3,2.0,0.2,0.2,0.002,1.09,0.35,3.61,13.0,6.4,0.0071,0,0,-3,0,69.2,21,-12,10,-0.1,0.006042,999999.99,99999.99,99999.99,0.21,0.1,0.08,-1,2007-11-30 00:00:00
2007,334,1,2379,51,52,61,35,3.0,2.8,-4.7,140.9,-2.2,1.8,-0.2,1.8,-0.2,0.3,1.1,0.4,0.8,0.7,34991.0,4.3,361.0,-1.0,-1.9,0.014,3619.0,0.4,2.0,0.3,0.3,0.002,0.99,0.07,3.25,12.5,6.4,0.0076,0,0,-2,0,69.2,21,-11,10,0.0,0.006042,999999.99,99999.99,99999.99,0.2,0.13,0.09,-1,2007-11-30 01:00:00
2007,334,2,2379,51,52,58,35,3.0,2.9,5.1,151.3,-2.5,1.4,0.3,1.4,0.2,0.2,0.8,0.2,0.6,0.5,27314.0,5.2,357.0,-1.0,-2.5,0.011,2986.0,0.9,3.0,0.4,0.3,0.002,1.16,-0.07,3.74,13.6,6.6,0.0065,0,0,0,0,69.2,16,-3,13,0.1,0.006042,999999.99,99999.99,99999.99,0.21,0.11,0.09,-1,2007-11-30 02:00:00
2007,334,3,2379,51,52,58,33,3.2,3.0,-1.7,150.3,-2.6,1.5,-0.1,1.5,-0.3,0.1,1.0,0.4,0.4,0.8,23991.0,5.2,350.0,-1.5,-2.3,0.009,4385.0,1.1,5.0,0.5,0.7,0.002,1.1,0.1,3.22,12.5,6.4,0.0076,0,0,-1,0,69.2,14,-3,11,0.1,0.006042,999999.99,99999.99,99999.99,0.22,0.11,0.09,-1,2007-11-30 03:00:00
2007,334,4,2379,51,52,60,35,3.4,3.3,5.0,165.9,-3.2,0.8,0.3,0.8,0.2,0.1,0.7,0.2,0.7,0.2,20934.0,4.4,342.0,-1.4,-2.6,0.011,2725.0,0.8,2.0,0.8,0.3,0.001,0.9,-0.07,2.36,10.5,6.0,0.0107,0,0,-1,0,69.2,17,-3,14,0.1,0.006042,999999.99,99999.99,99999.99,0.23,0.12,0.1,-1,2007-11-30 04:00:00
2007,334,5,2379,51,52,59,29,3.3,3.3,1.2,167.2,-3.2,0.7,0.1,0.7,0.0,0.1,0.4,0.1,0.3,0.2,20271.0,6.0,342.0,-1.7,-2.4,0.008,2655.0,1.2,3.0,0.2,0.1,0.002,1.21,-0.0,3.41,12.7,6.4,0.0074,0,0,-2,0,69.2,23,-10,13,-0.1,0.006042,999999.99,99999.99,99999.99,0.19,0.1,0.08,-1,2007-11-30 05:00:00
2007,334,6,2379,51,52,59,37,2.9,2.9,-3.0,164.1,-2.7,0.8,-0.2,0.7,-0.4,0.3,0.6,0.4,0.4,0.3,21562.0,6.9,339.0,-1.2,-2.7,0.006,2512.0,1.1,2.0,0.2,0.4,0.002,1.36,0.14,5.12,15.4,6.6,0.005,7,0,0,3,69.2,22,-7,14,0.1,0.006042,999999.99,99999.99,99999.99,0.2,0.13,0.09,-1,2007-11-30 06:00:00
2007,334,7,2379,51,52,57,34,2.2,2.1,-11.9,139.4,-1.6,1.4,-0.4,1.2,-0.8,0.2,0.4,0.3,0.2,0.3,19140.0,9.3,339.0,-2.0,-2.6,0.005,817.0,0.6,2.0,0.3,0.3,0.0,1.82,0.27,11.79,23.5,7.0,0.0022,7,0,5,3,69.2,18,-2,16,0.2,0.006042,999999.99,99999.99,99999.99,0.2,0.13,0.1,-1,2007-11-30 07:00:00
2007,334,8,2379,51,52,63,38,2.1,0.7,-3.2,159.5,-0.7,0.3,0.0,0.3,-0.1,0.4,1.9,1.5,0.9,0.7,21863.0,9.9,338.0,-1.4,-2.0,0.006,2401.0,0.9,6.0,0.8,0.6,0.001,1.93,0.03,14.03,25.3,7.0,0.0019,7,0,4,3,69.2,17,-3,14,0.3,0.006042,999999.99,99999.99,99999.99,0.18,0.1,0.09,-1,2007-11-30 08:00:00
2007,334,9,2379,51,52,59,37,2.2,0.6,-24.5,120.1,-0.3,0.4,-0.2,0.3,-0.3,0.6,2.2,1.4,1.4,0.9,25519.0,9.4,341.0,-0.9,-2.2,0.007,3887.0,0.5,4.0,0.6,0.4,0.001,1.88,0.1,12.43,23.8,6.9,0.0021,7,0,1,3,69.2,56,-49,7,0.4,0.006042,999999.99,99999.99,99999.99,0.18,0.11,0.09,-1,2007-11-30 09:00:00
2007,334,10,2379,51,52,58,35,2.7,2.2,-0.2,161.4,-2.1,0.7,0.0,0.7,-0.2,0.2,1.4,0.3,1.2,0.8,24665.0,10.8,333.0,-2.0,-3.0,0.006,2724.0,1.0,3.0,0.6,0.3,0.0,2.05,0.07,9.43,20.3,6.7,0.0029,7,0,-1,3,69.2,112,-106,6,0.6,0.006042,999999.99,99999.99,99999.99,0.23,0.12,0.09,-1,2007-11-30 10:00:00
2007,334,11,2379,51,52,64,11,2.7,1.5,32.6,229.1,-0.8,-1.0,0.8,-0.7,1.1,0.2,2.2,1.4,1.1,1.3,25108.0,11.9,337.0,-1.2,-3.0,0.006,2585.0,0.3,6.0,0.6,0.7,0.001,2.31,-0.37,10.42,21.5,6.8,0.0026,7,0,3,3,69.2,181,-169,12,0.7,0.006042,999999.99,99999.99,99999.99,0.22,0.12,0.09,-1,2007-11-30 11:00:00
2007,334,12,2379,51,52,55,35,2.6,1.3,64.9,131.8,-0.4,0.4,1.2,0.8,1.0,0.3,2.1,1.6,1.2,0.7,25748.0,11.9,339.0,-1.4,-3.4,0.006,3322.0,1.1,6.0,0.8,0.7,0.001,2.34,-0.34,11.29,22.5,6.9,0.0024,7,0,4,3,69.2,125,-118,7,0.7,0.006042,999999.99,99999.99,99999.99,0.23,0.15,0.11,-1,2007-11-30 12:00:00
2007,334,13,2379,51,52,62,37,2.8,2.4,76.2,190.4,-0.6,-0.1,2.4,0.6,2.3,0.5,1.4,0.6,0.9,0.9,24765.0,10.7,334.0,-2.4,-3.5,0.008,3927.0,1.5,2.0,0.8,0.5,0.002,2.06,-0.77,8.69,19.5,6.7,0.0031,7,0,4,3,69.2,64,-49,15,0.4,0.006042,999999.99,99999.99,99999.99,0.22,0.15,0.1,-1,2007-11-30 13:00:00
2007,334,14,2379,51,52,58,36,2.6,2.3,7.8,120.8,-1.2,2.0,0.3,2.0,-0.2,0.3,1.2,0.4,0.4,1.1,20820.0,10.0,334.0,-3.3,-2.2,0.008,2464.0,0.5,1.0,0.3,0.4,0.001,1.92,0.07,9.18,20.3,6.8,0.0029,7,0,4,3,69.2,25,-5,20,0.2,0.006042,999999.99,99999.99,99999.99,0.2,0.13,0.1,-1,2007-11-30 14:00:00
2007,334,15,2379,51,52,60,36,2.3,2.0,-63.1,141.7,-0.7,0.6,-1.8,0.2,-1.9,0.6,1.3,0.7,1.0,0.5,20942.0,10.4,329.0,-2.9,-1.6,0.008,2632.0,1.1,1.0,0.2,0.4,0.002,1.94,0.63,12.21,23.1,6.8,0.0022,7,0,3,3,69.2,40,-27,13,0.6,0.006042,999999.99,99999.99,99999.99,0.22,0.12,0.08,-1,2007-11-30 15:00:00
2007,334,16,2379,51,52,61,38,3.0,2.6,-2.7,130.5,-1.7,2.0,-0.1,2.0,-0.4,0.5,1.5,0.5,0.9,1.1,21223.0,9.6,330.0,-2.6,-2.4,0.006,3417.0,0.9,2.0,0.8,0.4,0.002,1.79,0.13,6.64,17.0,6.6,0.0041,7,0,3,3,69.2,32,-21,11,0.5,0.006042,999999.99,99999.99,99999.99,0.18,0.09,0.06,-1,2007-11-30 16:00:00
2007,334,17,2379,51,52,63,39,3.5,3.4,6.5,128.4,-2.1,2.7,0.4,2.7,0.1,0.5,0.7,0.5,0.3,0.4,26807.0,10.8,339.0,-1.9,-3.2,0.005,1793.0,1.1,4.0,0.5,0.4,0.001,2.11,-0.03,5.69,15.9,6.5,0.0047,7,0,6,3,69.2,64,-55,9,0.7,0.006042,999999.99,99999.99,99999.99,0.18,0.11,0.08,-1,2007-11-30 17:00:00
2007,334,18,2379,51,52,60,34,3.0,0.7,9.0,117.5,-0.3,0.6,0.1,0.6,0.1,0.8,3.0,1.9,2.0,1.0,30390.0,18.7,353.0,-1.5,-2.2,0.006,4655.0,1.7,4.0,0.7,0.4,0.001,3.98,-0.04,13.72,25.4,7.1,0.0018,13,0,12,5,69.2,63,-52,11,0.5,0.006042,999999.99,99999.99,99999.99,0.22,0.14,0.09,-1,2007-11-30 18:00:00
2007,334,19,2379,51,52,61,38,2.8,1.5,-50.2,306.5,0.6,-0.8,-1.2,-0.8,-1.2,0.4,2.3,1.7,1.2,0.9,27083.0,17.9,349.0,-0.2,-1.8,0.011,3018.0,0.7,3.0,0.5,0.6,0.002,3.8,0.42,14.76,26.4,7.1,0.0017,13,0,12,5,69.2,32,-17,15,0.5,0.006042,999999.99,99999.99,99999.99,0.2,0.12,0.09,-1,2007-11-30 19:00:00
2007,334,20,2379,51,52,59,36,3.8,3.5,-6.3,312.7,2.3,-2.5,-0.4,-2.5,-0.4,0.4,1.6,0.5,0.9,1.3,28267.0,14.7,347.0,-0.4,-1.6,0.01,1426.0,1.4,2.0,0.2,0.4,0.001,3.07,0.14,6.63,17.5,6.7,0.0039,13,0,10,5,69.2,27,-12,16,0.6,0.006042,999999.99,99999.99,99999.99,0.23,0.12,0.09,-1,2007-11-30 20:00:00
2007,334,21,2379,51,52,62,38,3.8,3.5,2.9,303.8,2.0,-2.9,0.2,-2.9,0.1,0.6,1.4,0.7,0.6,1.0,28870.0,13.3,348.0,0.4,-1.0,0.013,2572.0,1.0,2.0,0.6,0.4,0.003,2.83,-0.03,6.02,16.7,6.7,0.0043,10,0,6,4,69.2,32,-15,17,0.4,0.006042,999999.99,99999.99,99999.99,0.22,0.14,0.11,-1,2007-11-30 21:00:00
2007,334,22,2379,51,52,58,34,4.5,4.0,9.5,99.0,-0.6,3.9,0.7,3.9,0.8,0.8,2.0,0.9,1.5,1.0,29424.0,12.0,346.0,0.6,-0.5,0.012,1687.0,1.4,3.0,0.3,0.5,0.002,2.51,-0.28,3.89,13.3,6.4,0.0067,10,0,4,4,69.2,22,-6,16,0.2,0.006042,999999.99,99999.99,99999.99,0.24,0.15,0.11,-1,2007-11-30 22:00:00
2007,334,23,2379,51,52,60,36,4.7,4.6,-29.1,127.5,-2.4,3.2,-2.2,3.3,-2.1,0.6,1.1,0.4,0.8,0.6,29893.0,11.7,344.0,0.3,0.4,0.009,1706.0,1.2,2.0,0.6,0.4,0.003,2.4,0.72,3.49,12.5,6.3,0.0076,10,0,4,4,69.2,31,-9,21,0.4,0.006042,999999.99,99999.99,99999.99,0.22,0.12,0.07,-1,2007-11-30 23:00:00
2007,335,0,2379,51,52,62,37,5.3,4.1,-27.5,130.4,-2.4,2.8,-1.9,2.8,-1.9,0.3,3.4,1.6,1.2,2.7,36700.0,9.2,345.0,-0.1,-0.4,0.012,9126.0,1.1,8.0,0.7,2.1,0.004,1.92,0.66,2.25,9.9,5.8,0.0122,30,17,-1,15,69.9,61,-38,24,0.9,0.006051,999999.99,99999.99,99999.99,0.23,0.13,0.09,-1,2007-12-01 00:00:00
2007,335,1,2379,51,52,58,32,5.0,4.6,11.9,110.9,-1.6,4.2,1.0,4.2,0.9,0.4,1.7,0.9,0.4,1.4,45225.0,8.8,351.0,-0.2,-2.3,0.014,5267.0,1.0,3.0,0.6,0.8,0.003,1.91,-0.32,2.54,10.4,5.8,0.011,30,17,-1,15,69.9,120,-59,60,2.3,0.006051,999999.99,99999.99,99999.99,0.18,0.09,0.07,-1,2007-12-01 01:00:00
2007,335,2,2379,51,52,57,33,5.2,5.0,-15.7,124.8,-2.8,4.0,-1.4,3.9,-1.6,0.2,1.5,0.6,0.5,1.2,41628.0,8.2,340.0,-2.1,-1.8,0.014,5771.0,0.8,4.0,0.5,0.7,0.001,1.67,0.54,2.14,9.4,5.5,0.0136,30,17,-3,15,69.9,35,-11,24,0.6,0.006051,999999.99,99999.99,99999.99,0.24,0.1,0.07,-1,2007-12-01 02:00:00
2007,335,3,2379,51,52,60,36,4.8,4.7,-14.0,131.5,-3.0,3.4,-1.1,3.3,-1.4,0.6,1.0,0.4,0.6,0.7,38960.0,8.2,337.0,-2.1,-2.0,0.012,2942.0,1.2,3.0,1.1,0.8,0.002,1.63,0.47,2.48,10.1,5.7,0.0118,3,17,-3,2,69.9,44,-12,32,0.6,0.006051,999999.99,99999.99,99999.99,0.2,0.13,0.09,-1,2007-12-01 03:00:00
2007,335,4,2379,51,52,64,39,2.8,2.4,-50.2,138.4,-1.2,1.0,-1.9,0.7,-2.0,1.7,2.2,1.1,1.7,0.8,34861.0,11.3,342.0,-0.6,-1.8,0.014,3558.0,2.8,5.0,1.5,1.0,0.003,2.33,0.68,9.79,20.5,6.7,0.0028,3,17,3,2,69.9,37,-11,26,0.4,0.006051,999999.99,99999.99,99999.99,0.21,0.13,0.08,-1,2007-12-01 04:00:00
2007,335,5,2379,51,52,60,37,1.7,1.6,-28.3,283.4,0.3,-1.4,-0.8,-1.5,-0.5,0.3,0.5,0.2,0.3,0.3,35861.0,15.0,351.0,0.6,-2.8,0.018,2175.0,0.6,2.0,0.4,0.5,0.002,3.31,0.18,35.46,40.0,7.1,0.0007,3,17,7,2,69.9,48,-14,34,0.5,0.006051,999999.99,99999.99,99999.99,0.17,0.1,0.07,-1,2007-12-01 05:00:00
2007,335,6,2379,51,52,61,37,2.2,1.9,-43.9,133.5,-0.9,1.0,-1.3,0.6,-1.5,0.7,1.2,0.6,0.9,0.6,34858.0,15.3,350.0,0.1,-1.3,0.018,3115.0,1.1,1.0,0.5,0.5,0.002,3.36,0.53,21.46,31.1,7.0,0.0012,7,17,6,3,69.9,57,-21,35,0.5,0.006051,999999.99,99999.99,99999.99,0.25,0.16,0.12,-1,2007-12-01 06:00:00
2007,335,7,2379,51,52,59,37,3.0,2.8,-49.7,145.1,-1.5,1.0,-2.2,0.3,-2.4,1.0,1.4,1.0,0.7,0.7,42178.0,12.0,349.0,1.6,-0.9,0.017,4845.0,0.6,2.0,0.6,0.3,0.002,2.61,0.84,9.46,20.1,6.7,0.0029,7,17,1,3,69.9,35,-7,28,0.4,0.006051,999999.99,99999.99,99999.99,0.24,0.13,0.1,-1,2007-12-01 07:00:00
2007,335,8,2379,51,52,62,37,1.5,1.1,-30.5,157.4,-0.9,0.4,-0.5,0.2,-0.6,0.6,1.2,0.2,1.0,0.5,43409.0,12.1,350.0,2.3,-1.0,0.018,3984.0,0.3,2.0,0.2,0.2,0.001,2.65,0.21,38.43,40.6,6.9,0.0007,7,17,2,3,69.9,94,-79,15,0.5,0.006051,999999.99,99999.99,99999.99,0.22,0.14,0.1,-1,2007-12-01 08:00:00
2007,335,9,2379,51,52,58,36,3.5,2.9,-43.0,18.2,2.0,0.7,-2.0,0.0,-2.1,1.3,2.3,2.1,0.8,0.7,39052.0,8.5,352.0,2.0,-1.5,0.015,5333.0,2.2,2.0,0.4,0.5,0.002,1.86,0.74,4.83,14.7,6.4,0.0055,10,17,2,4,69.9,66,-49,17,0.5,0.006051,999999.99,99999.99,99999.99,0.23,0.11,0.08,-1,2007-12-01 09:00:00
2007,335,10,2379,51,52,60,37,4.3,4.1,-7.6,322.6,3.2,-2.5,-0.5,-2.5,0.4,0.2,1.3,0.6,0.7,0.9,38154.0,8.1,349.0,0.9,-1.7,0.018,3900.0,1.1,1.0,0.4,0.4,0.002,1.77,-0.14,3.03,11.5,6.1,0.0089,10,17,0,4,69.9,200,-193,7,1.2,0.006051,999999.99,99999.99,99999.99,0.22,0.13,0.09,-1,2007-12-01 10:00:00
2007,335,11,2379,51,52,60,36,4.8,4.7,1.9,326.4,4.0,-2.6,0.2,-2.4,1.0,0.2,0.7,0.4,0.5,0.4,36154.0,7.3,347.0,0.1,-1.3,0.016,2761.0,0.4,3.0,0.4,0.4,0.003,1.56,-0.35,2.17,9.8,5.8,0.0125,10,17,1,4,69.9,84,-59,25,0.6,0.006051,999999.99,99999.99,99999.99,0.21,0.13,0.09,-1,2007-12-01 11:00:00
2007,335,12,2379,51,52,60,36,4.3,4.0,18.4,326.1,3.2,-2.1,1.3,-1.6,1.9,0.2,1.4,0.8,0.8,0.8,37625.0,7.3,347.0,-0.3,-1.6,0.016,2831.0,0.6,2.0,0.3,0.4,0.002,1.56,-0.66,2.73,10.9,6.0,0.01,0,17,2,0,69.9,21,-7,15,0.1,0.006051,999999.99,99999.99,99999.99,0.23,0.13,0.09,-1,2007-12-01 12:00:00
2007,335,13,2379,51,52,59,35,4.2,4.1,0.6,335.0,3.7,-1.7,0.0,-1.6,0.5,0.1,0.8,0.3,0.6,0.5,37621.0,7.2,347.0,-0.3,-2.0,0.018,1929.0,0.3,2.0,0.3,0.2,0.001,1.55,-0.17,2.82,11.1,6.0,0.0097,0,17,4,0,69.9,14,-8,6,0.2,0.006051,999999.99,99999.99,99999.99,0.23,0.13,0.1,-1,2007-12-01 13:00:00
2007,335,14,2379,51,52,58,37,4.1,3.9,18.0,355.6,3.7,-0.3,1.2,0.0,1.2,0.1,1.2,0.2,0.9,0.7,35062.0,7.3,343.0,0.1,-1.9,0.016,3162.0,0.3,1.0,0.4,0.3,0.002,1.53,-0.41,2.95,11.3,6.0,0.0093,0,17,3,0,69.9,10,-9,1,0.3,0.006051,999999.99,99999.99,99999.99,0.22,0.12,0.09,-1,2007-12-01 14:00:00
2007,335,15,2379,51,52,61,35,3.7,3.5,23.0,4.4,3.2,0.2,1.4,0.5,1.3,0.3,1.2,0.5,1.1,0.3,35423.0,7.3,342.0,0.3,-1.7,0.015,2449.0,0.3,4.0,0.4,0.3,0.001,1.51,-0.44,3.63,12.5,6.1,0.0076,0,17,1,0,69.9,15,-12,3,0.2,0.006051,999999.99,99999.99,99999.99,0.2,0.13,0.1,-1,2007-12-01 15:00:00
2007,335,16,2379,51,52,61,37,3.0,2.9,27.7,336.0,2.4,-1.0,1.4,-0.8,1.5,0.2,0.7,0.4,0.5,0.4,36117.0,7.3,344.0,0.1,-1.4,0.016,2251.0,0.3,1.0,0.2,0.2,0.002,1.53,-0.52,5.55,15.5,6.4,0.005,0,17,0,0,69.9,11,-9,2,0.3,0.006051,999999.99,99999.99,99999.99,0.21,0.12,0.1,-1,2007-12-01 16:00:00
2007,335,17,2379,51,52,59,37,2.8,2.6,12.8,345.8,2.4,-0.6,0.6,-0.5,0.7,0.1,1.2,0.2,0.5,1.0,35662.0,7.3,342.0,0.4,-1.3,0.015,3292.0,0.2,1.0,0.3,0.4,0.001,1.51,-0.24,6.35,16.5,6.5,0.0044,0,17,1,0,69.9,7,-4,3,0.2,0.006051,999999.99,99999.99,99999.99,0.22,0.12,0.1,-1,2007-12-01 17:00:00
2007,335,18,2379,51,52,61,37,3.1,2.9,13.4,319.2,2.2,-1.9,0.7,-1.8,0.8,0.4,1.0,0.3,0.6,0.7,32173.0,7.3,345.0,0.8,-0.8,0.01,3208.0,0.3,1.0,0.4,0.3,0.005,1.51,-0.28,5.07,15.0,6.5,0.0053,0,17,4,0,69.9,7,-4,3,0.1,0.006051,999999.99,99999.99,99999.99,0.22,0.12,0.09,-1,2007-12-01 18:00:00
2007,335,19,2379,51,52,61,37,3.4,1.7,46.1,141.1,-0.9,0.7,1.2,0.7,1.2,0.4,2.9,1.8,2.2,0.5,26833.0,7.5,348.0,1.6,-0.9,0.012,5776.0,0.4,4.0,0.6,0.5,0.004,1.59,-0.42,4.19,14.0,6.5,0.0061,0,17,4,0,69.9,8,-5,3,0.1,0.006051,999999.99,99999.99,99999.99,0.22,0.11,0.08,-1,2007-12-01 19:00:00
2007,335,20,2379,51,52,58,35,3.1,2.8,-10.2,151.3,-2.4,1.3,-0.5,1.3,-0.5,0.3,1.4,0.3,1.2,0.6,29171.0,6.9,340.0,0.8,-1.2,0.01,3772.0,1.3,5.0,1.1,0.3,0.002,1.39,0.17,4.71,14.4,6.4,0.0057,0,17,3,0,69.9,6,-3,3,0.0,0.006051,999999.99,99999.99,99999.99,0.27,0.12,0.09,-1,2007-12-01 20:00:00
2007,335,21,2379,51,52,59,35,3.1,3.1,9.6,152.3,-2.7,1.4,0.5,1.4,0.5,0.4,0.7,0.5,0.2,0.4,27482.0,6.2,339.0,0.6,-1.5,0.008,3223.0,0.7,2.0,0.2,0.3,0.001,1.23,-0.17,4.18,13.6,6.3,0.0064,3,17,-3,2,69.9,4,-3,1,0.1,0.006051,999999.99,99999.99,99999.99,0.2,0.13,0.11,-1,2007-12-01 21:00:00
2007,335,22,2379,51,52,60,36,3.4,3.4,4.1,146.2,-2.8,1.9,0.2,1.9,0.3,0.2,0.3,0.2,0.2,0.2,25380.0,5.3,336.0,0.5,-1.7,0.008,2715.0,0.7,2.0,0.3,0.3,0.001,1.03,-0.1,2.93,11.4,6.1,0.0092,3,17,-2,2,69.9,8,-6,2,0.0,0.006051,999999.99,99999.99,99999.99,0.2,0.12,0.1,-1,2007-12-01 22:00:00
2007,335,23,2379,51,52,60,38,3.1,3.0,-6.4,151.2,-2.6,1.5,-0.3,1.5,-0.2,0.3,0.7,0.3,0.3,0.5,20919.0,4.7,332.0,0.6,-1.4,0.008,2488.0,1.3,4.0,0.5,0.5,0.002,0.89,0.07,3.04,11.6,6.1,0.0088,3,17,-1,2,69.9,6,-5,1,0.1,0.006051,999999.99,99999.99,99999.99,0.26,0.14,0.1,-1,2007-12-01 23:00:00
2007,336,0,2379,51,52,59,34,2.8,0.2,-3.6,150.1,-0.2,0.1,0.0,0.1,0.0,0.5,2.8,2.5,1.3,0.2,25349.0,5.8,337.0,0.9,-1.8,0.007,7682.0,1.0,9.0,0.7,0.2,0.001,1.13,-0.0,4.73,14.5,6.4,0.0057,0,15,1,0,71.0,6,-5,1,0.1,0.006084,999999.99,99999.99,99999.99,0.22,0.16,0.12,-1,2007-12-02 00:00:00
2007,336,1,2379,51,52,60,36,3.4,3.4,-3.0,334.0,3.1,-1.5,-0.2,-1.5,-0.2,0.1,0.2,0.1,0.1,0.1,19034.0,5.4,332.0,0.8,-2.1,0.005,828.0,0.2,1.0,0.1,0.2,0.001,1.01,0.07,2.86,11.3,6.1,0.0092,0,15,2,0,71.0,6,-4,2,0.1,0.006084,999999.99,99999.99,99999.99,0.2,0.12,0.09,-1,2007-12-02 01:00:00
2007,336,2,2379,51,52,59,36,3.5,3.5,-0.3,333.6,3.1,-1.5,0.0,-1.5,0.1,0.1,0.3,0.2,0.2,0.1,19461.0,5.7,329.0,0.7,-2.5,0.004,903.0,0.2,1.0,0.2,0.1,0.001,1.05,-0.03,2.86,11.2,6.0,0.0094,0,15,1,0,71.0,7,-4,3,0.0,0.006084,999999.99,99999.99,99999.99,0.19,0.11,0.08,-1,2007-12-02 02:00:00
2007,336,3,2379,51,52,60,37,2.7,2.1,2.7,331.2,1.8,-1.0,0.1,-1.0,0.2,1.2,2.1,1.9,0.7,0.4,22644.0,6.5,326.0,0.6,-2.1,0.005,3732.0,1.1,5.0,0.3,0.4,0.001,1.18,-0.07,5.6,15.4,6.4,0.005,10,15,1,4,71.0,7,-4,4,-0.1,0.006084,999999.99,99999.99,99999.99,0.18,0.12,0.09,-1,2007-12-02 03:00:00
2007,336,4,2379,51,52,62,37,2.7,2.7,-7.1,135.4,-1.9,1.9,-0.3,1.8,-0.6,0.3,0.7,0.3,0.6,0.3,22857.0,9.1,336.0,0.2,-2.2,0.005,4280.0,2.1,5.0,0.7,0.4,0.001,1.75,0.2,7.85,18.8,6.7,0.0034,10,15,4,4,71.0,11,-3,8,-0.0,0.006084,999999.99,99999.99,99999.99,0.21,0.13,0.1,-1,2007-12-02 04:00:00
2007,336,5,2379,51,52,62,38,3.1,1.9,80.2,268.2,0.0,-0.3,1.8,0.1,1.8,0.5,2.5,1.0,1.7,1.5,25725.0,10.0,341.0,0.2,-2.6,0.004,3889.0,1.2,3.0,0.6,0.7,0.001,1.97,-0.61,6.67,17.4,6.7,0.0039,10,15,5,4,71.0,52,-40,13,0.3,0.006084,999999.99,99999.99,99999.99,0.19,0.12,0.1,-1,2007-12-02 05:00:00
2007,336,6,2379,51,52,59,36,4.0,3.7,53.2,300.2,1.1,-1.9,3.0,-1.1,3.4,0.4,1.5,0.5,1.0,0.9,28218.0,8.6,344.0,0.5,-2.0,0.005,2216.0,1.2,2.0,1.1,0.4,0.001,1.73,-1.17,3.5,12.6,6.3,0.0075,7,15,5,3,71.0,37,-21,16,0.0,0.006084,999999.99,99999.99,99999.99,0.24,0.11,0.08,-1,2007-12-02 06:00:00
2007,336,7,2379,51,52,60,36,3.2,1.8,55.1,303.5,0.6,-0.9,1.5,-0.4,1.7,0.7,2.6,0.8,1.4,2.1,26300.0,10.5,341.0,-0.1,-2.2,0.005,4843.0,1.3,2.0,0.7,0.9,0.001,2.08,-0.58,6.6,17.3,6.7,0.004,7,15,7,3,71.0,18,-1,17,-0.0,0.006084,999999.99,99999.99,99999.99,0.19,0.11,0.08,-1,2007-12-02 07:00:00
2007,336,8,2379,51,52,62,38,2.8,0.5,-18.0,290.9,0.2,-0.5,-0.2,-0.5,0.0,0.8,2.9,0.7,1.3,2.4,34279.0,10.3,344.0,0.3,-0.7,0.007,8885.0,1.7,3.0,0.5,0.7,0.003,2.09,-0.0,8.89,19.7,6.7,0.0031,7,15,6,3,71.0,38,-16,23,0.1,0.006084,999999.99,99999.99,99999.99,0.18,0.12,0.1,-1,2007-12-02 08:00:00
2007,336,9,2379,51,52,62,37,3.2,1.9,66.7,138.6,-0.6,0.5,1.8,1.1,1.5,0.5,2.6,0.6,2.1,1.4,42735.0,7.8,355.0,1.7,-1.0,0.012,6221.0,0.6,3.0,1.0,0.6,0.001,1.72,-0.53,5.42,15.5,6.5,0.005,7,15,3,3,71.0,30,-4,25,-0.0,0.006084,999999.99,99999.99,99999.99,0.21,0.13,0.1,-1,2007-12-02 09:00:00
2007,336,10,2379,51,52,58,36,3.8,3.6,70.9,194.5,-1.1,-0.3,3.4,0.8,3.3,0.2,1.1,0.6,0.9,0.4,36697.0,7.1,355.0,2.8,-1.1,0.012,2530.0,0.4,2.0,0.9,0.4,0.001,1.57,-1.17,3.38,12.4,6.3,0.0077,7,15,4,3,71.0,11,-5,6,-0.0,0.006084,999999.99,99999.99,99999.99,0.24,0.14,0.11,-1,2007-12-02 10:00:00
2007,336,11,2379,51,52,61,38,3.4,3.2,50.5,150.9,-1.8,1.0,2.5,1.8,2.0,0.2,0.9,0.3,0.6,0.6,38299.0,7.2,351.0,2.7,-1.3,0.013,1884.0,0.3,1.0,0.3,0.3,0.001,1.56,-0.7,4.32,13.9,6.4,0.0062,7,15,10,3,71.0,11,-8,3,-0.1,0.006084,999999.99,99999.99,99999.99,0.25,0.14,0.1,-1,2007-12-02 11:00:00
2007,336,12,2379,51,52,59,35,3.3,3.1,19.4,126.6,-1.7,2.3,1.0,2.5,0.3,0.6,1.2,0.4,0.8,0.8,36986.0,6.5,351.0,2.5,-1.4,0.013,2223.0,1.2,2.0,0.7,0.3,0.002,1.41,-0.11,4.11,13.6,6.4,0.0065,0,15,10,0,71.0,13,-11,2,0.0,0.006084,999999.99,99999.99,99999.99,0.2,0.1,0.07,-1,2007-12-02 12:00:00
2007,336,13,2379,51,52,59,37,3.8,3.8,13.3,117.6,-1.7,3.3,0.9,3.4,0.0,0.1,0.4,0.2,0.2,0.3,34330.0,5.0,348.0,1.6,-1.8,0.013,1744.0,0.2,2.0,0.5,0.3,0.001,1.06,-0.0,2.34,10.2,5.9,0.0113,0,15,5,0,71.0,14,-13,0,0.2,0.006084,999999.99,99999.99,99999.99,0.2,0.12,0.09,-1,2007-12-02 13:00:00
2007,336,14,2379,51,52,60,36,3.5,3.4,16.6,127.0,-2.0,2.6,1.0,2.8,0.3,0.1,0.6,0.4,0.3,0.4,35971.0,5.0,344.0,1.9,-1.9,0.016,1930.0,0.2,1.0,0.2,0.4,0.001,1.05,-0.1,2.79,11.0,6.0,0.0099,0,15,3,0,71.0,74,-75,0,0.3,0.006084,999999.99,99999.99,99999.99,0.29,0.11,0.07,-1,2007-12-02 14:00:00
2007,336,15,2379,51,52,59,31,3.3,3.1,15.4,131.3,-2.0,2.3,0.8,2.4,0.3,0.1,1.2,0.4,0.6,0.9,36287.0,5.0,343.0,1.6,-2.1,0.015,2058.0,0.1,2.0,0.2,0.5,0.001,1.04,-0.1,3.14,11.6,6.0,0.0088,0,15,3,0,71.0,64,-65,-1,0.4,0.006084,999999.99,99999.99,99999.99,0.2,0.12,0.09,-1,2007-12-02 15:00:00
2007,336,16,2379,51,52,60,37,3.3,3.2,2.6,118.4,-1.5,2.8,0.1,2.8,-0.3,0.1,0.8,0.3,0.2,0.7,37630.0,5.0,343.0,1.6,-2.4,0.013,1407.0,0.3,2.0,0.3,0.4,0.001,1.03,0.1,3.17,11.6,6.0,0.0088,0,15,2,0,71.0,28,-27,2,0.4,0.006084,999999.99,99999.99,99999.99,0.21,0.12,0.09,-1,2007-12-02 16:00:00
2007,336,17,2379,51,52,59,35,3.2,3.1,7.7,116.7,-1.4,2.8,0.4,2.8,0.1,0.2,0.7,0.4,0.4,0.4,36508.0,5.1,342.0,1.3,-2.6,0.012,2623.0,0.4,2.0,0.4,0.3,0.001,1.04,-0.03,3.42,12.1,6.1,0.0082,0,15,1,0,71.0,11,-8,3,0.3,0.006084,999999.99,99999.99,99999.99,0.24,0.13,0.1,-1,2007-12-02 17:00:00
2007,336,18,2379,51,52,62,36,3.1,2.9,-36.4,124.1,-1.3,2.0,-1.7,1.9,-1.8,0.5,0.9,0.3,0.6,0.7,35409.0,5.7,338.0,0.9,-2.6,0.012,4152.0,0.7,2.0,0.4,0.3,0.001,1.14,0.61,4.04,13.0,6.1,0.007,3,15,2,2,71.0,10,-6,5,0.4,0.006084,999999.99,99999.99,99999.99,0.25,0.13,0.08,-1,2007-12-02 18:00:00
2007,336,19,2379,51,52,61,37,1.7,1.4,-15.2,139.0,-1.0,0.9,-0.4,0.9,-0.4,0.4,1.1,0.4,0.3,0.9,19195.0,8.2,345.0,1.9,-2.1,0.009,5193.0,0.8,3.0,0.3,0.5,0.001,1.69,0.14,17.42,29.1,7.3,0.0014,3,15,4,2,71.0,14,-6,7,0.4,0.006084,999999.99,99999.99,99999.99,0.24,0.13,0.09,-1,2007-12-02 19:00:00
2007,336,20,2379,51,52,59,37,1.5,1.5,-3.8,160.8,-1.4,0.5,-0.1,0.5,-0.1,0.1,0.3,0.2,0.1,0.2,18001.0,8.5,346.0,1.7,-2.0,0.007,727.0,0.2,1.0,0.2,0.2,0.0,1.75,0.03,23.0,33.6,7.4,0.0011,3,15,3,2,71.0,12,-4,8,0.4,0.006084,999999.99,99999.99,99999.99,0.21,0.13,0.1,-1,2007-12-02 20:00:00
2007,336,21,2379,51,52,60,37,1.6,1.6,-1.0,184.4,-1.6,-0.1,0.0,-0.1,0.0,0.1,0.3,0.1,0.2,0.1,18405.0,8.4,344.0,1.0,-2.0,0.007,1044.0,0.2,0.0,0.2,0.1,0.0,1.71,-0.0,20.03,31.2,7.3,0.0012,7,15,1,3,71.0,7,-4,3,0.2,0.006084,999999.99,99999.99,99999.99,0.2,0.12,0.08,-1,2007-12-02 21:00:00
2007,336,22,2379,51,52,60,35,1.5,1.5,2.6,199.3,-1.4,-0.5,0.1,-0.5,0.1,0.1,0.2,0.1,0.1,0.2,14862.0,9.1,344.0,0.6,-2.0,0.006,2223.0,0.4,1.0,0.1,0.1,0.0,1.84,-0.03,24.1,34.6,7.4,0.001,7,15,2,3,71.0,8,-3,5,0.2,0.006084,999999.99,99999.99,99999.99,0.22,0.12,0.09,-1,2007-12-02 22:00:00
2007,336,23,2379,51,52,59,35,1.3,1.1,-26.3,189.0,-1.0,-0.2,-0.5,-0.2,-0.5,0.2,0.6,0.4,0.3,0.3,13107.0,9.2,342.0,0.5,-2.1,0.006,398.0,0.3,1.0,0.1,0.1,0.0,1.84,0.17,32.04,39.9,7.5,0.0007,7,15,3,3,71.0,11,-5,6,0.2,0.006084,999999.99,99999.99,99999.99,0.23,0.11,0.08,-1,2007-12-02 23:00:00
2007,337,0,2379,51,52,59,36,1.2,0.9,-9.0,237.5,-0.5,-0.7,-0.1,-0.7,-0.1,0.2,0.9,0.4,0.4,0.7,15622.0,9.0,339.0,0.2,-2.0,0.006,1512.0,0.3,1.0,0.1,0.1,0.001,1.77,0.03,37.44,42.4,7.3,0.0007,0,12,4,0,70.5,6,-3,3,-0.1,0.006066,999999.99,99999.99,99999.99,0.24,0.14,0.11,-1,2007-12-03 00:00:00
2007,337,1,2379,51,52,60,34,1.3,1.1,-53.4,252.1,-0.2,-0.6,-0.9,-0.6,-0.9,0.2,0.7,0.3,0.4,0.4,17333.0,8.8,336.0,0.2,-2.2,0.006,1443.0,0.2,1.0,0.1,0.2,0.001,1.7,0.3,31.56,38.3,7.2,0.0008,0,12,3,0,70.5,9,-4,5,-0.0,0.006066,999999.99,99999.99,99999.99,0.23,0.14,0.11,-1,2007-12-03 01:00:00
2007,337,2,2379,51,52,60,33,1.2,1.0,-44.0,231.6,-0.4,-0.5,-0.7,-0.5,-0.7,0.4,0.8,0.5,0.5,0.5,18273.0,8.4,336.0,0.3,-1.9,0.006,1725.0,0.3,1.0,0.2,0.2,0.001,1.62,0.24,35.58,40.6,7.2,0.0007,0,12,2,0,70.5,10,-4,6,0.1,0.006066,999999.99,99999.99,99999.99,0.2,0.13,0.09,-1,2007-12-03 02:00:00
2007,337,3,2379,51,52,60,34,1.1,0.8,-35.8,244.0,-0.3,-0.6,-0.5,-0.6,-0.4,0.3,0.8,0.4,0.5,0.4,16521.0,8.0,334.0,0.5,-1.6,0.004,4503.0,0.5,4.0,0.3,0.2,0.001,1.51,0.13,39.85,42.9,7.2,0.0006,3,12,2,2,70.5,12,-5,7,0.0,0.006066,999999.99,99999.99,99999.99,0.26,0.14,0.11,-1,2007-12-03 03:00:00
2007,337,4,2379,51,52,58,36,1.0,0.9,-17.2,302.9,0.5,-0.7,-0.3,-0.7,-0.2,0.4,0.5,0.3,0.4,0.2,11362.0,8.2,331.0,0.1,-1.6,0.004,718.0,0.3,2.0,0.2,0.1,0.001,1.52,0.07,47.66,47.4,7.3,0.0005,3,12,3,2,70.5,11,-2,9,-0.1,0.006066,999999.99,99999.99,99999.99,0.2,0.11,0.09,-1,2007-12-03 04:00:00
2007,337,5,2379,51,52,60,37,1.4,1.2,-17.0,243.4,-0.5,-1.0,-0.4,-1.1,-0.2,0.2,0.6,0.5,0.3,0.2,12077.0,7.6,329.0,0.0,-1.8,0.003,923.0,0.4,1.0,0.2,0.1,0.0,1.39,0.07,22.65,32.4,7.1,0.0011,3,12,2,2,70.5,19,-10,8,-0.1,0.006066,999999.99,99999.99,99999.99,0.21,0.13,0.1,-1,2007-12-03 05:00:00
2007,337,6,2379,51,52,58,34,1.6,1.3,6.5,297.5,0.6,-1.2,0.2,-1.1,0.5,0.1,0.8,0.6,0.4,0.5,12787.0,6.9,328.0,-0.5,-1.8,0.003,712.0,0.2,2.0,0.4,0.3,0.0,1.25,-0.16,15.83,26.9,7.0,0.0016,0,12,3,0,70.5,16,-5,10,-0.1,0.006066,999999.99,99999.99,99999.99,0.22,0.12,0.1,-1,2007-12-03 06:00:00
2007,337,7,2379,51,52,61,35,1.7,1.6,11.9,341.7,1.5,-0.5,0.3,-0.4,0.4,0.2,0.7,0.2,0.6,0.3,14158.0,6.3,325.0,-0.0,-1.9,0.003,2717.0,0.8,2.0,0.2,0.2,0.001,1.12,-0.13,12.92,24.0,6.9,0.0021,0,12,4,0,70.5,9,-3,6,-0.1,0.006066,999999.99,99999.99,99999.99,0.2,0.12,0.1,-1,2007-12-03 07:00:00
2007,337,8,2379,51,52,59,24,2.5,2.4,4.0,315.9,1.7,-1.6,0.2,-1.5,0.7,0.2,0.6,0.3,0.4,0.4,14866.0,4.9,327.0,0.6,-1.9,0.004,1822.0,0.6,1.0,0.3,0.3,0.0,0.89,-0.23,4.67,14.5,6.5,0.0057,0,12,2,0,70.5,16,-8,8,-0.1,0.006066,999999.99,99999.99,99999.99,0.2,0.13,0.11,-1,2007-12-03 08:00:00
2007,337,9,2379,51,52,60,17,2.6,2.6,-5.7,338.0,2.4,-1.0,-0.3,-1.0,0.0,0.1,0.2,0.1,0.1,0.1,12538.0,3.8,325.0,0.9,-2.3,9.999,1570.0,0.6,1.0,0.1,0.1,9.999,0.8,-0.0,3.29,12.2,6.2,0.008,0,12,1,0,70.5,35,-25,10,0.0,0.006066,999999.99,99999.99,99999.99,0.22,0.13,0.1,-1,2007-12-03 09:00:00
2007,337,10,2379,51,52,59,36,2.1,2.0,-11.9,334.6,1.8,-0.8,-0.4,-0.9,-0.1,0.4,0.7,0.6,0.3,0.1,14115.0,5.3,322.0,0.5,-2.6,0.004,1605.0,1.5,3.0,0.4,0.2,0.001,0.93,0.03,7.12,17.6,6.6,0.0038,0,12,0,0,70.5,23,-14,9,0.1,0.006066,999999.99,99999.99,99999.99,0.18,0.1,0.08,-1,2007-12-03 10:00:00
2007,337,11,2379,51,52,60,37,1.6,1.6,-17.4,339.1,1.4,-0.5,-0.5,-0.6,-0.3,0.2,0.3,0.3,0.2,0.1,14082.0,7.1,321.0,0.5,-2.8,0.003,1388.0,0.3,1.0,0.2,0.2,0.0,1.24,0.1,16.43,26.7,6.9,0.0017,0,12,3,0,70.5,18,-13,5,0.0,0.006066,999999.99,99999.99,99999.99,0.26,0.16,0.12,-1,2007-12-03 11:00:00
2007,337,12,2379,51,52,59,37,1.5,1.5,-8.7,340.3,1.4,-0.5,-0.2,-0.5,0.0,0.1,0.4,0.1,0.3,0.2,13369.0,7.5,319.0,0.6,-2.8,0.003,771.0,0.2,1.0,0.2,0.2,0.001,1.29,-0.0,19.65,29.1,6.9,0.0014,3,12,6,2,70.5,23,-21,2,0.1,0.006066,999999.99,99999.99,99999.99,0.18,0.11,0.08,-1,2007-12-03 12:00:00
2007,337,13,2379,51,52,60,35,1.5,1.5,2.5,341.8,1.4,-0.5,0.1,-0.5,0.2,0.0,0.5,0.2,0.4,0.2,13190.0,7.9,317.0,0.6,-3.1,0.003,879.0,0.1,1.0,0.2,0.2,0.0,1.34,-0.06,20.68,29.7,6.8,0.0013,3,12,7,2,70.5,38,-36,2,0.2,0.006066,999999.99,99999.99,99999.99,0.23,0.14,0.09,-1,2007-12-03 13:00:00
2007,337,14,2379,51,52,60,37,1.3,1.2,15.0,314.3,0.8,-0.8,0.3,-0.7,0.5,0.2,0.5,0.3,0.4,0.2,12289.0,8.3,318.0,0.2,-2.5,0.002,725.0,0.2,2.0,0.4,0.2,0.0,1.41,-0.16,28.74,35.2,6.9,0.001,3,12,6,2,70.5,25,-22,3,0.2,0.006066,999999.99,99999.99,99999.99,0.21,0.12,0.09,-1,2007-12-03 14:00:00
2007,337,15,2379,51,52,59,37,2.4,2.4,20.2,314.3,1.6,-1.6,0.8,-1.4,1.1,0.4,0.6,0.4,0.3,0.3,14925.0,6.8,315.0,-1.2,-2.0,0.003,1152.0,0.5,2.0,0.4,0.3,0.001,1.14,-0.35,7.04,17.1,6.4,0.0041,0,12,4,0,70.5,7,-5,2,0.2,0.006066,999999.99,99999.99,99999.99,0.22,0.12,0.09,-1,2007-12-03 15:00:00
2007,337,16,2379,51,52,59,33,3.3,3.3,14.6,332.3,2.8,-1.5,0.8,-1.4,1.0,0.5,0.8,0.8,0.3,0.1,15186.0,4.7,312.0,-0.8,-2.1,0.005,2415.0,1.5,3.0,0.8,0.4,0.002,0.78,-0.31,2.58,10.2,5.7,0.0113,0,12,1,0,70.5,8,-2,6,0.2,0.006066,999999.99,99999.99,99999.99,0.23,0.14,0.1,-1,2007-12-03 16:00:00
2007,337,17,2379,51,52,57,34,3.7,3.7,15.8,349.5,3.5,-0.6,1.0,-0.5,1.1,0.2,0.3,0.2,0.1,0.2,16381.0,4.4,307.0,0.3,-2.1,0.005,1755.0,0.6,3.0,0.2,0.3,0.001,0.71,-0.34,1.94,8.7,5.3,0.0157,0,12,1,0,70.5,3,-1,2,0.1,0.006066,999999.99,99999.99,99999.99,0.21,0.13,0.1,-1,2007-12-03 17:00:00
2007,337,18,2379,51,52,62,38,3.7,3.7,20.6,353.7,3.4,-0.4,1.3,-0.3,1.3,0.3,0.4,0.3,0.2,0.1,14190.0,4.7,306.0,0.1,-2.0,0.006,2434.0,0.7,3.0,0.1,0.3,0.001,0.75,-0.4,2.04,9.0,5.4,0.0148,3,12,2,2,70.5,4,-1,3,0.0,0.006066,999999.99,99999.99,99999.99,0.23,0.12,0.1,-1,2007-12-03 18:00:00
2007,337,19,2379,51,52,59,37,3.2,3.1,18.2,12.3,2.8,0.6,1.0,0.6,1.0,0.4,1.0,0.5,0.8,0.2,14954.0,6.6,305.0,1.1,-2.2,0.004,1472.0,1.1,3.0,1.1,0.3,0.001,1.04,-0.3,3.84,12.2,5.9,0.0079,3,12,4,2,70.5,5,-2,3,0.1,0.006066,999999.99,99999.99,99999.99,0.2,0.12,0.08,-1,2007-12-03 19:00:00
2007,337,20,2379,51,52,61,35,3.3,3.2,10.0,30.8,2.7,1.6,0.5,1.6,0.5,0.2,1.0,0.2,0.4,0.9,15103.0,6.9,304.0,1.8,-2.4,0.004,2207.0,0.7,3.0,0.5,0.6,0.001,1.08,-0.15,3.78,12.1,5.9,0.0081,3,12,4,2,70.5,6,-2,3,0.1,0.006066,999999.99,99999.99,99999.99,0.22,0.14,0.11,-1,2007-12-03 20:00:00
2007,337,21,2379,51,52,60,37,3.2,2.8,31.8,36.6,1.9,1.4,1.5,1.3,1.6,0.5,1.6,0.7,0.9,1.1,18743.0,8.5,310.0,0.7,-1.8,0.003,1931.0,1.5,2.0,0.5,0.6,0.001,1.38,-0.5,5.08,14.1,6.1,0.006,0,12,7,0,70.5,4,-1,3,0.0,0.006066,999999.99,99999.99,99999.99,0.2,0.11,0.09,-1,2007-12-03 21:00:00
2007,337,22,2379,51,52,60,35,2.6,2.5,9.6,62.7,1.1,2.2,0.4,2.2,0.5,0.4,0.9,0.7,0.4,0.5,17320.0,9.9,310.0,1.1,-2.3,0.003,1282.0,0.7,2.0,0.2,0.2,0.001,1.61,-0.15,8.88,18.8,6.4,0.0034,0,12,7,0,70.5,5,0,4,0.0,0.006066,999999.99,99999.99,99999.99,0.21,0.12,0.09,-1,2007-12-03 22:00:00
2007,337,23,2379,51,52,59,37,1.1,0.9,-25.8,99.0,-0.1,0.8,-0.4,0.8,-0.4,0.4,0.8,0.2,0.7,0.2,14856.0,11.9,308.0,0.8,-2.2,0.004,761.0,0.4,1.0,0.1,0.2,0.001,1.92,0.12,58.6,48.3,6.7,0.0005,0,12,8,0,70.5,6,-1,5,0.2,0.006066,999999.99,99999.99,99999.99,0.2,0.1,0.07,-1,2007-12-03 23:00:00
2007,338,0,2379,51,52,61,9,1.8,1.7,-27.7,122.9,-0.8,1.2,-0.8,1.2,-0.8,0.3,0.8,0.7,0.3,0.3,14251.0,11.8,307.0,0.7,-1.9,0.004,569.0,0.1,1.0,0.2,0.1,0.0,1.89,0.25,21.61,29.3,6.6,0.0014,3,15,8,2,71.5,9,-5,5,0.3,0.006109,999999.99,99999.99,99999.99,0.2,0.12,0.1,-1,2007-12-04 00:00:00
2007,338,1,2379,51,52,59,20,1.4,1.2,-23.5,127.1,-0.7,0.9,-0.5,0.9,-0.5,0.3,0.7,0.4,0.3,0.4,14916.0,12.3,310.0,0.0,-2.3,0.006,417.0,0.3,2.0,0.2,0.3,0.001,2.02,0.15,37.41,38.8,6.7,0.0008,3,15,7,2,71.5,9,-4,5,0.2,0.006109,999999.99,99999.99,99999.99,0.24,0.15,0.11,-1,2007-12-04 01:00:00
2007,338,2,2379,51,52,61,37,1.4,0.7,-39.2,149.6,-0.5,0.3,-0.4,0.3,-0.4,0.3,1.2,0.8,0.8,0.5,14120.0,12.7,307.0,0.0,-1.7,0.005,1329.0,0.2,2.0,0.5,0.3,0.001,2.04,0.12,38.41,39.1,6.7,0.0008,3,15,6,2,71.5,7,-2,6,0.1,0.006109,999999.99,99999.99,99999.99,0.2,0.13,0.09,-1,2007-12-04 02:00:00
2007,338,3,2379,51,52,60,36,1.6,1.4,-31.4,194.3,-1.2,-0.3,-0.7,-0.4,-0.7,0.5,0.8,0.4,0.6,0.2,12719.0,12.6,311.0,-0.2,-2.0,0.004,659.0,0.3,1.0,0.2,0.2,0.001,2.07,0.22,28.89,34.5,6.8,0.001,0,15,5,0,71.5,7,-2,5,0.1,0.006109,999999.99,99999.99,99999.99,0.22,0.14,0.11,-1,2007-12-04 03:00:00
2007,338,4,2379,51,52,60,36,1.0,0.9,-34.0,159.2,-0.7,0.3,-0.5,0.2,-0.5,0.1,0.2,0.1,0.2,0.1,12555.0,12.6,310.0,-0.1,-1.6,0.004,1850.0,0.7,5.0,0.3,0.2,0.001,2.05,0.15,73.86,55.0,6.8,0.0004,0,15,7,0,71.5,5,0,4,-0.0,0.006109,999999.99,99999.99,99999.99,0.21,0.12,0.08,-1,2007-12-04 04:00:00
2007,338,5,2379,51,52,61,34,1.0,0.9,-25.6,147.2,-0.7,0.5,-0.4,0.4,-0.5,0.1,0.3,0.2,0.1,0.1,11375.0,12.8,311.0,-0.2,-1.5,0.004,850.0,0.1,1.0,0.1,0.1,0.0,2.1,0.16,74.41,55.6,6.9,0.0004,0,15,7,0,71.5,7,0,6,0.0,0.006109,999999.99,99999.99,99999.99,0.19,0.12,0.1,-1,2007-12-04 05:00:00
2007,338,6,2379,51,52,60,37,1.3,1.3,-30.9,139.6,-0.8,0.7,-0.7,0.5,-0.8,0.4,0.5,0.3,0.3,0.2,15675.0,11.6,312.0,-0.4,-1.5,0.005,1601.0,0.7,1.0,0.2,0.2,0.001,1.92,0.25,41.13,40.9,6.8,0.0007,0,15,7,0,71.5,18,-4,14,0.0,0.006109,999999.99,99999.99,99999.99,0.25,0.15,0.11,-1,2007-12-04 06:00:00
2007,338,7,2379,51,52,58,36,3.4,3.3,-18.6,133.4,-2.2,2.3,-1.1,1.9,-1.7,0.3,0.6,0.3,0.4,0.3,16403.0,9.4,308.0,-1.3,-0.7,0.004,1000.0,0.5,2.0,0.3,0.3,0.001,1.51,0.52,4.9,13.9,6.1,0.0062,0,15,6,0,71.5,27,-10,18,0.2,0.006109,999999.99,99999.99,99999.99,0.2,0.12,0.1,-1,2007-12-04 07:00:00
2007,338,8,2379,51,52,63,39,3.5,3.4,2.0,128.4,-2.1,2.7,0.1,2.6,-0.7,0.1,0.7,0.4,0.3,0.4,16540.0,9.9,308.0,-2.4,-1.4,0.004,701.0,0.3,4.0,0.5,0.6,0.001,1.59,0.22,4.87,13.8,6.1,0.0062,0,15,6,0,71.5,61,-40,21,0.3,0.006109,999999.99,99999.99,99999.99,0.25,0.14,0.1,-1,2007-12-04 08:00:00
2007,338,9,2379,51,52,57,35,2.7,2.0,9.2,91.7,-0.1,2.0,0.3,2.0,-0.3,0.3,1.8,1.3,0.7,1.0,13796.0,12.0,309.0,-0.9,-1.0,0.003,2030.0,0.9,2.0,1.0,0.3,0.001,1.94,0.09,9.73,19.8,6.5,0.003,3,15,8,2,71.5,78,-53,25,0.4,0.006109,999999.99,99999.99,99999.99,0.21,0.13,0.1,-1,2007-12-04 09:00:00
2007,338,10,2379,51,52,60,36,2.7,2.3,-25.5,148.2,-1.8,1.1,-1.0,0.7,-1.3,0.2,1.4,1.1,0.8,0.4,13295.0,12.2,308.0,-0.4,-0.9,0.004,2951.0,1.2,2.0,0.7,0.2,0.001,1.96,0.4,9.86,19.9,6.5,0.003,3,15,8,2,71.5,54,-34,20,0.5,0.006109,999999.99,99999.99,99999.99,0.2,0.12,0.09,-1,2007-12-04 10:00:00
2007,338,11,2379,51,52,61,37,3.2,2.8,-23.3,89.7,0.0,2.6,-1.1,2.1,-1.9,0.1,1.6,1.4,0.4,0.8,20604.0,9.8,311.0,-2.0,-1.1,0.005,2756.0,0.5,3.0,0.4,0.3,0.002,1.61,0.59,5.93,15.2,6.1,0.0051,3,15,9,2,71.5,72,-71,1,0.7,0.006109,999999.99,99999.99,99999.99,0.19,0.11,0.09,-1,2007-12-04 11:00:00
2007,338,12,2379,51,52,61,37,3.2,3.2,-33.1,134.3,-1.9,1.9,-1.7,1.3,-2.2,0.2,0.7,0.2,0.5,0.4,19740.0,9.8,310.0,-1.9,-1.5,0.006,1285.0,0.8,2.0,0.2,0.2,0.001,1.61,0.68,5.9,15.2,6.1,0.0052,3,15,6,2,71.5,108,-109,-1,0.6,0.006109,999999.99,99999.99,99999.99,0.21,0.14,0.11,-1,2007-12-04 12:00:00
2007,338,13,2379,51,52,60,36,2.3,2.2,-36.7,167.1,-1.8,0.4,-1.3,0.0,-1.4,0.2,0.6,0.2,0.6,0.2,15112.0,13.1,313.0,-1.3,-2.1,0.004,1234.0,0.8,1.0,0.3,0.2,0.0,2.18,0.44,14.78,24.6,6.6,0.002,3,15,5,2,71.5,207,-196,10,0.9,0.006109,999999.99,99999.99,99999.99,0.23,0.12,0.09,-1,2007-12-04 13:00:00
2007,338,14,2379,51,52,58,36,2.1,2.0,-30.0,139.2,-1.3,1.2,-1.0,0.9,-1.2,0.2,0.5,0.2,0.3,0.3,17499.0,13.8,311.0,-0.9,-1.7,0.003,3612.0,0.4,2.0,0.3,0.5,0.001,2.26,0.37,18.99,27.5,6.6,0.0016,3,15,6,2,71.5,92,-86,6,0.9,0.006109,999999.99,99999.99,99999.99,0.2,0.14,0.11,-1,2007-12-04 14:00:00
2007,338,15,2379,51,52,59,36,1.8,0.8,41.3,95.2,-0.1,0.6,0.6,0.7,0.5,0.4,1.6,0.7,0.5,1.3,15283.0,14.5,306.0,-1.3,-1.0,0.003,1242.0,0.7,1.0,0.5,0.2,0.0,2.29,-0.15,26.74,32.4,6.6,0.0011,0,15,9,0,71.5,25,-11,14,0.5,0.006109,999999.99,99999.99,99999.99,0.22,0.15,0.11,-1,2007-12-04 15:00:00
2007,338,16,2379,51,52,61,37,2.7,2.6,66.1,336.5,1.0,-0.4,2.4,-0.1,2.4,0.4,0.8,0.2,0.7,0.5,15430.0,14.2,305.0,-1.7,-1.4,0.002,2900.0,0.5,2.0,0.3,0.7,0.0,2.22,-0.73,11.65,21.3,6.4,0.0026,0,15,10,0,71.5,28,0,28,0.2,0.006109,999999.99,99999.99,99999.99,0.22,0.16,0.13,-1,2007-12-04 16:00:00
2007,338,17,2379,51,52,60,36,2.2,1.2,-21.8,295.3,0.5,-1.0,-0.5,-1.0,-0.4,0.5,1.9,0.4,0.6,1.8,16116.0,15.1,306.0,-1.8,-2.0,0.003,1826.0,0.9,1.0,1.1,0.4,0.001,2.39,0.12,18.75,27.0,6.5,0.0016,0,15,11,0,71.5,16,-2,14,0.4,0.006109,999999.99,99999.99,99999.99,0.21,0.14,0.11,-1,2007-12-04 17:00:00
2007,338,18,2379,51,52,58,36,3.7,3.4,15.9,297.1,1.5,-2.9,0.9,-2.9,1.0,0.3,1.3,0.5,0.6,1.1,23272.0,12.6,304.0,-2.4,-1.6,0.002,1801.0,0.9,3.0,0.4,1.0,0.001,1.96,-0.3,5.81,14.6,5.9,0.0056,3,15,8,2,71.5,11,-4,8,0.3,0.006109,999999.99,99999.99,99999.99,0.22,0.15,0.11,-1,2007-12-04 18:00:00
2007,338,19,2379,51,52,57,35,3.8,3.5,9.6,304.9,1.9,-2.8,0.6,-2.8,0.6,0.2,1.6,1.3,0.3,0.9,20808.0,10.9,297.0,-3.2,-1.7,0.003,3675.0,2.0,7.0,0.8,0.8,0.001,1.62,-0.18,4.68,12.9,5.7,0.0071,3,15,7,2,71.5,9,-2,6,0.1,0.006109,999999.99,99999.99,99999.99,0.21,0.11,0.08,-1,2007-12-04 19:00:00
2007,338,20,2379,51,52,63,39,3.4,2.8,27.3,319.6,1.9,-1.6,1.3,-1.6,1.3,0.3,1.9,0.7,0.9,1.5,23636.0,10.3,298.0,-1.9,0.0,0.004,3475.0,1.3,5.0,1.1,0.9,0.001,1.55,-0.39,5.63,14.1,5.8,0.006,3,15,7,2,71.5,7,-1,6,0.1,0.006109,999999.99,99999.99,99999.99,0.24,0.15,0.11,-1,2007-12-04 20:00:00
2007,338,21,2379,51,52,61,33,3.3,2.9,-50.2,297.4,0.8,-1.6,-2.2,-1.5,-2.3,0.4,1.6,0.5,0.8,1.3,27734.0,10.5,303.0,-1.7,-2.0,0.003,3495.0,1.5,3.0,0.7,0.9,0.001,1.63,0.7,6.26,14.9,5.9,0.0054,3,15,8,2,71.5,8,-1,6,0.2,0.006109,999999.99,99999.99,99999.99,0.19,0.11,0.09,-1,2007-12-04 21:00:00
2007,338,22,2379,51,52,63,39,4.0,3.7,-44.9,269.2,0.0,-2.6,-2.6,-2.4,-2.7,0.5,1.5,0.4,1.1,1.0,29324.0,10.1,308.0,-2.1,-1.0,0.003,2448.0,0.8,2.0,0.5,0.8,0.001,1.62,0.83,4.14,12.2,5.7,0.0079,3,15,6,2,71.5,10,-3,7,0.3,0.006109,999999.99,99999.99,99999.99,0.23,0.11,0.08,-1,2007-12-04 22:00:00
2007,338,23,2379,51,52,60,37,4.3,3.8,-84.7,266.6,0.0,-0.3,-3.8,-0.1,-3.8,0.3,2.0,0.5,1.9,0.4,30667.0,11.2,313.0,-1.6,-2.4,0.003,2737.0,1.1,1.0,0.6,0.6,0.001,1.85,1.19,4.01,12.2,5.8,0.008,3,15,3,2,71.5,30,-16,14,0.4,0.006109,999999.99,99999.99,99999.99,0.29,0.14,0.1,-1,2007-12-04 23:00:00
2007,339,0,2379,51,52,65,40,4.6,4.0,-46.4,285.8,0.7,-2.6,-2.9,-2.5,-3.0,1.0,2.4,1.0,1.3,1.7,35324.0,12.4,323.0,-1.8,-1.7,0.004,3319.0,0.8,6.0,0.3,0.5,0.001,2.2,0.97,3.99,12.4,5.9,0.0078,20,14,-1,7,73.1,55,-25,30,0.7,0.006115,999999.99,99999.99,99999.99,0.23,0.13,0.09,-1,2007-12-05 00:00:00
2007,339,1,2379,51,52,62,33,5.2,4.3,-1.2,303.9,2.4,-3.6,-0.1,-3.6,-0.2,0.3,3.0,0.7,1.4,2.5,39470.0,12.8,331.0,-0.9,-2.7,0.004,6050.0,0.7,6.0,1.3,0.9,0.001,2.38,0.07,3.31,11.4,5.8,0.0092,20,14,-2,7,73.1,119,-45,74,1.0,0.006115,999999.99,99999.99,99999.99,0.18,0.11,0.08,-1,2007-12-05 01:00:00
2007,339,2,2379,51,52,59,37,5.7,5.2,73.8,331.1,1.3,-0.7,5.0,-0.6,5.0,0.7,2.5,1.4,1.7,1.1,53426.0,10.3,347.0,2.2,-2.3,0.006,9904.0,1.9,6.0,1.4,1.0,0.001,2.12,-1.74,2.4,9.8,5.6,0.0125,20,14,-1,7,73.1,67,-1,66,0.5,0.006115,999999.99,99999.99,99999.99,0.25,0.14,0.09,-1,2007-12-05 02:00:00
2007,339,3,2379,51,52,61,37,6.2,5.3,22.9,304.7,2.8,-4.0,2.1,-3.8,2.4,0.8,3.2,1.4,1.4,2.5,58437.0,9.0,341.0,0.7,-3.1,0.007,17954.0,2.3,7.0,1.2,1.2,0.001,1.8,-0.82,1.82,8.2,5.1,0.0175,3,14,0,2,73.1,18,-5,13,0.2,0.006115,999999.99,99999.99,99999.99,0.22,0.14,0.1,-1,2007-12-05 03:00:00
2007,339,4,2379,51,52,61,38,6.1,5.7,15.6,284.0,1.3,-5.3,1.5,-5.1,2.1,0.3,2.2,0.6,0.6,2.0,61525.0,10.2,346.0,-0.5,-2.8,0.006,7911.0,1.0,2.0,0.7,1.4,0.001,2.09,-0.73,2.17,9.1,5.3,0.0145,3,14,2,2,73.1,24,-6,19,0.2,0.006115,999999.99,99999.99,99999.99,0.19,0.11,0.08,-1,2007-12-05 04:00:00
2007,339,5,2379,51,52,60,32,7.2,6.9,43.6,280.7,0.9,-4.9,4.7,-4.0,5.5,0.8,2.2,0.5,1.0,1.9,38216.0,8.6,348.0,-1.3,-2.5,0.005,10230.0,1.5,2.0,0.8,1.0,0.001,1.77,-1.91,1.15,7.1,5.0,0.0237,3,14,5,2,73.1,25,-3,21,-0.0,0.006115,999999.99,99999.99,99999.99,0.18,0.1,0.08,-1,2007-12-05 05:00:00
2007,339,6,2379,51,52,60,35,8.5,8.2,69.8,297.1,1.3,-2.5,7.7,-0.7,8.1,0.5,2.4,0.4,2.3,0.8,30600.0,9.0,351.0,1.6,-0.9,0.004,10263.0,1.2,3.0,1.0,0.7,0.001,1.88,-2.84,0.82,6.2,4.7,0.031,10,14,7,4,73.1,14,-1,13,-0.1,0.006115,999999.99,99999.99,99999.99,0.2,0.12,0.09,-1,2007-12-05 06:00:00
2007,339,7,2379,51,52,62,36,8.0,6.5,-8.8,280.7,1.2,-6.3,-1.0,-6.3,0.7,1.1,4.6,1.0,2.3,3.9,48731.0,10.4,352.0,0.9,-4.0,0.007,14789.0,1.4,4.0,1.0,1.1,0.003,2.21,-0.25,1.2,7.1,5.0,0.0236,10,14,7,4,73.1,20,-4,16,0.1,0.006115,999999.99,99999.99,99999.99,0.28,0.13,0.1,-1,2007-12-05 07:00:00
2007,339,8,2379,51,52,62,39,6.1,2.9,53.6,259.6,-0.3,-1.7,2.4,-0.9,2.8,0.9,5.3,1.0,3.8,3.6,86815.0,10.6,358.0,1.3,-4.1,0.013,12192.0,1.6,4.0,0.8,1.2,0.002,2.39,-1.0,2.55,9.6,5.3,0.013,10,14,5,4,73.1,34,-11,23,0.1,0.006115,999999.99,99999.99,99999.99,0.2,0.13,0.09,-1,2007-12-05 08:00:00
2007,339,9,2379,51,52,59,32,5.3,4.9,75.3,83.3,0.1,1.2,4.8,2.6,4.2,0.5,1.9,0.9,1.5,0.8,116787.0,9.7,364.0,2.7,-5.1,0.018,22972.0,0.4,2.0,0.4,0.5,0.002,2.3,-1.53,3.52,10.7,5.3,0.0104,3,14,5,2,73.1,30,-19,11,0.1,0.006115,999999.99,99999.99,99999.99,0.19,0.1,0.07,-1,2007-12-05 09:00:00
2007,339,10,2379,51,52,59,36,5.8,4.8,44.8,274.5,0.3,-3.4,3.4,-2.2,4.3,0.6,3.3,0.9,2.2,2.3,105839.0,8.7,360.0,2.9,-3.2,0.019,6644.0,0.6,4.0,0.9,0.8,0.003,2.03,-1.55,2.52,9.2,5.1,0.0142,3,14,4,2,73.1,9,-4,5,-0.1,0.006115,999999.99,99999.99,99999.99,0.18,0.1,0.07,-1,2007-12-05 10:00:00
2007,339,11,2379,51,52,61,37,4.7,3.9,13.8,257.6,-0.8,-3.7,0.9,-3.3,2.0,0.6,2.6,1.2,1.1,2.1,101949.0,8.3,362.0,4.6,-2.2,0.02,9228.0,0.6,3.0,1.0,0.5,0.003,1.96,-0.72,3.6,11.1,5.5,0.0097,3,14,5,2,73.1,9,-4,4,-0.1,0.006115,999999.99,99999.99,99999.99,0.22,0.11,0.08,-1,2007-12-05 11:00:00
2007,339,12,2379,51,52,60,37,4.4,3.7,-6.8,274.9,0.3,-3.7,-0.4,-3.7,0.7,0.7,2.4,1.8,0.9,1.3,89495.0,7.4,361.0,4.3,-2.0,0.019,10021.0,0.4,1.0,0.8,0.8,0.002,1.73,-0.25,3.46,11.2,5.6,0.0096,3,14,4,2,73.1,6,-4,2,-0.0,0.006115,999999.99,99999.99,99999.99,0.23,0.13,0.09,-1,2007-12-05 12:00:00
2007,339,13,2379,51,52,60,36,4.1,3.7,-56.0,282.8,0.5,-2.0,-3.1,-2.7,-2.5,0.5,1.7,1.0,1.0,1.0,74662.0,6.4,365.0,3.4,-3.1,0.016,10968.0,0.5,3.0,0.4,0.6,0.002,1.52,0.91,3.22,11.3,5.8,0.0094,3,14,0,2,73.1,22,-16,6,0.3,0.006115,999999.99,99999.99,99999.99,0.2,0.13,0.1,-1,2007-12-05 13:00:00
2007,339,14,2379,51,52,62,35,4.2,3.7,-12.5,302.4,1.9,-3.0,-0.8,-3.1,-0.1,0.3,1.9,0.7,0.5,1.7,60433.0,6.0,364.0,2.9,-2.8,0.013,10250.0,0.8,2.0,0.5,0.7,0.002,1.4,0.04,2.67,10.6,5.8,0.0106,3,14,-3,2,73.1,83,-66,18,0.4,0.006115,999999.99,99999.99,99999.99,0.28,0.14,0.1,-1,2007-12-05 14:00:00
2007,339,15,2379,51,52,59,37,4.1,3.8,17.0,335.9,3.3,-1.5,1.1,-1.3,1.3,0.3,1.5,0.4,0.7,1.3,40345.0,4.1,368.0,1.4,-1.5,0.012,12171.0,1.2,1.0,0.5,0.9,0.001,0.97,-0.48,1.71,9.1,5.8,0.0144,7,14,-2,3,73.1,82,-71,11,0.4,0.006115,999999.99,99999.99,99999.99,0.22,0.13,0.09,-1,2007-12-05 15:00:00
2007,339,16,2379,51,52,61,37,3.4,3.0,47.4,8.0,2.0,0.3,2.2,0.6,2.1,0.4,1.6,0.6,1.1,0.9,61857.0,6.5,368.0,1.7,-2.2,0.011,5870.0,0.7,3.0,0.4,0.8,0.002,1.53,-0.77,4.45,13.8,6.3,0.0062,7,14,-2,3,73.1,34,-29,5,0.3,0.006115,999999.99,99999.99,99999.99,0.23,0.13,0.09,-1,2007-12-05 16:00:00
2007,339,17,2379,51,52,60,36,3.9,3.6,39.8,8.2,2.7,0.4,2.3,0.6,2.3,0.2,1.5,0.7,0.7,1.1,58003.0,5.9,367.0,1.5,-2.9,0.01,6155.0,1.1,3.0,0.4,0.6,0.002,1.38,-0.84,3.01,11.4,6.0,0.0091,7,14,0,3,73.1,15,-4,11,0.1,0.006115,999999.99,99999.99,99999.99,0.21,0.13,0.09,-1,2007-12-05 17:00:00
2007,339,18,2379,51,52,59,26,3.8,3.6,30.5,344.8,3.0,-0.8,1.8,-0.7,1.8,0.2,1.2,0.5,1.0,0.5,39265.0,3.4,364.0,1.1,-1.9,0.014,12276.0,1.4,3.0,0.6,0.6,0.005,0.79,-0.66,1.64,8.8,5.7,0.0153,0,14,0,0,73.1,15,-4,11,0.1,0.006115,999999.99,99999.99,99999.99,0.19,0.11,0.09,-1,2007-12-05 18:00:00
2007,339,19,2379,51,52,61,35,3.4,3.2,52.7,324.7,1.6,-1.1,2.6,-1.1,2.6,0.2,1.1,0.9,0.3,0.5,47424.0,4.2,367.0,1.0,-2.8,0.01,11911.0,1.0,3.0,0.5,1.0,0.001,0.98,-0.95,2.66,11.1,6.1,0.0097,0,14,-1,0,73.1,12,-4,9,0.0,0.006115,999999.99,99999.99,99999.99,0.22,0.13,0.09,-1,2007-12-05 19:00:00
2007,339,20,2379,51,52,57,34,3.0,2.6,46.0,325.0,1.5,-1.1,1.9,-1.2,1.9,0.5,1.4,1.3,0.3,0.3,47982.0,4.4,368.0,0.8,-2.1,0.01,8762.0,0.9,7.0,1.2,0.8,0.001,1.03,-0.7,3.59,12.9,6.4,0.0072,0,14,-1,0,73.1,13,-5,8,0.0,0.006115,999999.99,99999.99,99999.99,0.22,0.14,0.1,-1,2007-12-05 20:00:00
2007,339,21,2379,51,52,61,38,2.7,2.5,43.8,227.5,-1.2,-1.3,1.7,-1.4,1.6,0.2,1.0,0.8,0.3,0.5,52758.0,5.3,357.0,0.1,-1.8,0.008,4583.0,0.1,2.0,0.2,0.3,0.001,1.16,-0.57,5.48,15.2,6.4,0.0051,0,14,-3,0,73.1,10,-4,7,-0.0,0.006115,999999.99,99999.99,99999.99,0.24,0.12,0.08,-1,2007-12-05 21:00:00
2007,339,22,2379,51,52,59,35,2.9,2.9,24.9,209.7,-2.3,-1.3,1.2,-1.4,1.1,0.1,0.6,0.3,0.4,0.3,49214.0,5.3,358.0,0.5,-1.6,0.007,6940.0,0.2,3.0,0.3,0.3,0.0,1.17,-0.39,4.66,14.2,6.3,0.0059,0,14,-2,0,73.1,10,-3,6,-0.1,0.006115,999999.99,99999.99,99999.99,0.23,0.11,0.09,-1,2007-12-05 22:00:00
2007,339,23,2379,51,52,61,35,2.8,1.7,43.4,316.6,0.9,-0.8,1.2,-0.9,1.1,0.5,2.2,2.0,0.8,0.5,46519.0,4.7,360.0,0.7,-1.0,0.009,11273.0,1.0,5.0,0.5,0.4,0.002,1.05,-0.4,4.36,13.9,6.4,0.0061,0,14,-1,0,73.1,8,-3,5,-0.1,0.006115,999999.99,99999.99,99999.99,0.21,0.11,0.07,-1,2007-12-05 23:00:00
2007,340,0,2379,51,52,60,37,3.2,2.8,35.6,244.3,-1.0,-2.0,1.6,-2.1,1.5,0.7,1.6,1.0,0.8,1.0,54989.0,5.4,362.0,0.7,-1.0,0.009,7246.0,0.3,2.0,0.3,0.3,0.002,1.22,-0.54,4.02,13.1,6.2,0.0069,0,27,-1,0,75.9,7,-3,4,-0.1,0.006143,999999.99,99999.99,99999.99,0.21,0.11,0.08,-1,2007-12-06 00:00:00
2007,340,1,2379,51,52,59,35,2.7,2.1,25.0,245.8,-0.8,-1.7,0.9,-1.7,0.9,0.6,1.7,1.0,0.4,1.3,53957.0,5.6,362.0,0.8,-0.4,0.008,5678.0,0.5,2.0,1.1,0.5,0.001,1.26,-0.33,5.83,15.9,6.5,0.0047,0,27,-2,0,75.9,8,-4,4,-0.1,0.006143,999999.99,99999.99,99999.99,0.2,0.12,0.1,-1,2007-12-06 01:00:00
2007,340,2,2379,51,52,60,31,3.7,3.3,-9.3,327.4,2.7,-1.7,-0.5,-1.7,-0.5,0.3,1.6,1.0,0.7,1.0,40870.0,4.2,350.0,0.1,-0.7,0.01,8925.0,1.2,7.0,0.6,0.9,0.001,0.89,0.17,2.16,9.7,5.7,0.0127,0,27,-3,0,75.9,9,-4,5,-0.1,0.006143,999999.99,99999.99,99999.99,0.19,0.11,0.07,-1,2007-12-06 02:00:00
2007,340,3,2379,51,52,60,37,3.9,3.8,-15.6,337.8,3.4,-1.4,-1.0,-1.5,-0.9,0.2,0.7,0.2,0.4,0.5,40157.0,4.4,347.0,0.2,-1.1,0.012,4111.0,0.9,7.0,0.6,0.4,0.002,0.93,0.31,2.03,9.3,5.6,0.0137,13,27,-4,5,75.9,14,-7,7,0.0,0.006143,999999.99,99999.99,99999.99,0.22,0.13,0.1,-1,2007-12-06 03:00:00
2007,340,4,2379,51,52,61,37,3.4,3.0,-22.8,262.6,-0.4,-2.7,-1.2,-2.8,-0.9,0.2,1.6,1.3,0.7,0.7,45391.0,5.9,360.0,0.0,-0.7,0.007,5359.0,0.5,6.0,0.6,0.5,0.002,1.31,0.32,3.69,12.9,6.3,0.0072,13,27,-1,5,75.9,45,-29,16,0.6,0.006143,999999.99,99999.99,99999.99,0.28,0.16,0.1,-1,2007-12-06 04:00:00
2007,340,5,2379,51,52,57,35,2.4,2.1,-25.1,294.4,0.8,-1.7,-0.9,-1.8,-0.6,0.7,1.2,0.9,0.7,0.5,41971.0,7.1,354.0,0.5,-0.1,0.006,11162.0,1.0,6.0,1.3,0.7,0.002,1.52,0.21,8.73,19.7,6.7,0.0031,13,27,1,5,75.9,60,-19,41,0.8,0.006143,999999.99,99999.99,99999.99,0.22,0.13,0.1,-1,2007-12-06 05:00:00
2007,340,6,2379,51,52,56,34,3.0,2.9,-23.3,327.5,2.3,-1.4,-1.2,-1.6,-0.9,1.1,1.1,0.8,0.6,0.5,33394.0,7.3,341.0,0.0,-0.3,0.005,4728.0,1.7,7.0,0.7,0.8,0.001,1.45,0.31,5.46,15.4,6.4,0.005,7,27,3,3,75.9,63,-22,41,0.6,0.006143,999999.99,99999.99,99999.99,0.21,0.11,0.09,-1,2007-12-06 06:00:00
2007,340,7,2379,51,52,65,38,4.3,3.7,-23.6,316.0,2.5,-2.4,-1.5,-2.7,-0.8,0.4,2.1,1.7,0.9,0.7,35829.0,5.4,335.0,-1.0,-0.8,0.007,10668.0,1.1,6.0,0.9,0.6,0.001,1.04,0.27,1.99,9.1,5.5,0.0145,7,27,1,3,75.9,29,-1,28,0.3,0.006143,999999.99,99999.99,99999.99,0.24,0.13,0.09,-1,2007-12-06 07:00:00
2007,340,8,2379,51,52,58,37,4.3,4.0,2.0,184.8,-4.0,-0.3,0.1,-0.3,0.2,0.3,1.7,1.2,0.9,0.7,32660.0,6.2,351.0,0.3,-0.1,0.007,3237.0,0.3,5.0,0.8,0.4,0.0,1.31,-0.07,2.25,10.2,5.9,0.0115,7,27,3,3,75.9,29,-1,27,0.2,0.006143,999999.99,99999.99,99999.99,0.24,0.14,0.11,-1,2007-12-06 08:00:00
2007,340,9,2379,51,52,59,35,3.2,2.9,-27.4,256.4,-0.6,-2.5,-1.3,-2.8,-0.5,0.3,1.2,1.1,0.3,0.4,38461.0,6.1,342.0,-1.0,-0.4,0.007,5995.0,0.4,4.0,0.4,0.4,0.001,1.22,0.17,4.13,13.2,6.2,0.0068,3,27,5,2,75.9,16,-1,15,-0.0,0.006143,999999.99,99999.99,99999.99,0.24,0.12,0.09,-1,2007-12-06 09:00:00
2007,340,10,2379,51,52,59,36,3.3,2.6,-7.2,307.9,1.6,-2.1,-0.3,-2.1,0.4,0.4,1.9,0.9,0.9,1.5,29943.0,5.7,335.0,-1.2,0.3,0.006,8263.0,1.3,4.0,1.2,1.0,0.001,1.09,-0.13,3.45,12.1,6.1,0.0081,3,27,6,2,75.9,9,-2,7,-0.1,0.006143,999999.99,99999.99,99999.99,0.23,0.12,0.1,-1,2007-12-06 10:00:00
2007,340,11,2379,51,52,61,34,3.3,2.7,18.6,317.6,1.9,-1.7,0.9,-1.4,1.4,0.4,1.9,1.1,1.2,1.0,29400.0,5.4,334.0,-1.8,1.5,0.007,9742.0,1.7,5.0,1.3,1.2,0.001,1.03,-0.47,3.25,11.8,6.0,0.0086,3,27,9,2,75.9,23,-18,5,-0.1,0.006143,999999.99,99999.99,99999.99,0.21,0.11,0.06,-1,2007-12-06 11:00:00
2007,340,12,2379,51,52,60,37,2.5,2.0,31.0,323.2,1.4,-1.0,1.0,-0.7,1.2,0.3,1.5,1.3,0.5,0.5,41581.0,7.0,342.0,-1.2,1.2,0.008,2926.0,0.2,3.0,0.5,0.6,0.001,1.41,-0.41,7.92,18.1,6.5,0.0036,13,27,10,5,75.9,11,-5,6,-0.1,0.006143,999999.99,99999.99,99999.99,0.2,0.13,0.11,-1,2007-12-06 12:00:00
2007,340,13,2379,51,52,60,34,2.3,2.0,14.1,4.5,1.9,0.2,0.5,0.3,0.4,0.2,1.2,0.4,1.0,0.4,43436.0,6.9,339.0,-0.2,1.4,0.009,3692.0,0.4,3.0,0.8,0.6,0.001,1.37,-0.14,9.32,19.4,6.4,0.0032,13,27,8,5,75.9,9,-4,5,0.0,0.006143,999999.99,99999.99,99999.99,0.24,0.11,0.08,-1,2007-12-06 13:00:00
2007,340,14,2379,51,52,59,36,2.4,2.0,-5.6,38.0,1.5,1.2,-0.2,1.1,-0.5,0.6,1.5,0.6,1.0,0.9,42309.0,7.3,337.0,0.5,2.5,0.008,4693.0,0.7,3.0,0.8,0.9,0.001,1.43,0.17,9.0,19.0,6.4,0.0033,13,27,5,5,75.9,15,-9,6,0.2,0.006143,999999.99,99999.99,99999.99,0.22,0.14,0.1,-1,2007-12-06 14:00:00
2007,340,15,2379,51,52,63,38,2.6,2.2,70.8,288.2,0.2,-0.7,2.1,-0.3,2.2,0.7,1.6,1.0,0.9,0.9,42143.0,7.5,344.0,0.3,3.9,0.009,4065.0,0.4,3.0,0.4,0.5,0.001,1.54,-0.76,7.87,18.1,6.5,0.0036,3,27,6,2,75.9,7,-3,4,0.1,0.006143,999999.99,99999.99,99999.99,0.19,0.11,0.08,-1,2007-12-06 15:00:00
2007,340,16,2379,51,52,58,36,3.4,3.1,39.0,137.5,-1.8,1.6,2.0,1.8,1.8,0.5,1.4,0.7,1.0,0.8,41414.0,6.8,344.0,1.2,3.0,0.008,6819.0,1.0,4.0,0.7,1.3,0.001,1.39,-0.62,4.15,13.2,6.2,0.0068,3,27,6,2,75.9,8,-3,4,0.2,0.006143,999999.99,99999.99,99999.99,0.2,0.11,0.09,-1,2007-12-06 16:00:00
2007,340,17,2379,51,52,59,34,3.6,1.9,82.2,55.8,0.1,0.2,1.9,0.3,1.9,0.4,3.1,1.9,2.1,1.2,51765.0,6.1,339.0,1.3,1.0,0.01,5584.0,0.3,2.0,0.5,0.8,0.002,1.22,-0.64,3.53,11.6,5.8,0.0088,3,27,5,2,75.9,9,-5,3,0.1,0.006143,999999.99,99999.99,99999.99,0.2,0.12,0.09,-1,2007-12-06 17:00:00
2007,340,18,2379,51,52,61,38,4.2,3.9,-14.5,307.4,2.3,-3.0,-1.0,-3.0,-0.9,0.3,1.3,0.7,1.0,0.6,49060.0,5.6,342.0,1.2,0.5,0.01,6127.0,0.9,4.0,0.8,0.3,0.001,1.14,0.31,2.34,9.6,5.5,0.0128,7,27,5,3,75.9,9,-4,4,0.2,0.006143,999999.99,99999.99,99999.99,0.24,0.14,0.1,-1,2007-12-06 18:00:00
2007,340,19,2379,51,52,58,35,4.3,4.2,-37.3,304.3,1.9,-2.7,-2.5,-2.7,-2.5,0.1,1.2,0.7,0.7,0.7,55068.0,6.1,337.0,0.9,0.1,0.009,3184.0,0.2,2.0,0.5,0.3,0.001,1.2,0.84,2.52,9.7,5.4,0.0127,7,27,3,3,75.9,16,-8,7,0.4,0.006143,999999.99,99999.99,99999.99,0.22,0.12,0.09,-1,2007-12-06 19:00:00
2007,340,20,2379,51,52,61,36,4.2,3.4,-53.0,311.0,1.4,-1.6,-2.7,-1.5,-2.8,0.3,2.4,0.6,2.0,1.3,54557.0,6.3,337.0,0.9,-0.5,0.009,2790.0,0.4,2.0,0.5,0.6,0.001,1.24,0.94,2.72,10.1,5.5,0.0117,7,27,0,3,75.9,26,-15,11,0.5,0.006143,999999.99,99999.99,99999.99,0.25,0.15,0.09,-1,2007-12-06 20:00:00
2007,340,21,2379,51,52,62,37,3.3,2.1,-24.0,246.4,-0.8,-1.8,-0.9,-1.7,-1.0,0.4,2.6,0.9,2.0,1.3,53126.0,6.1,342.0,0.8,-0.5,0.008,5962.0,0.4,4.0,0.7,0.7,0.002,1.23,0.34,4.23,12.8,5.9,0.0073,7,27,-3,3,75.9,22,-13,8,0.7,0.006143,999999.99,99999.99,99999.99,0.2,0.09,0.07,-1,2007-12-06 21:00:00
2007,340,22,2379,51,52,56,32,3.4,2.7,-30.2,280.6,0.4,-2.3,-1.3,-2.2,-1.5,0.3,2.1,1.1,1.2,1.3,52838.0,6.4,338.0,1.0,-0.7,0.008,3374.0,0.3,3.0,0.8,0.8,0.001,1.26,0.51,4.17,12.6,5.9,0.0075,7,27,-3,3,75.9,15,-4,11,0.5,0.006143,999999.99,99999.99,99999.99,0.2,0.14,0.09,-1,2007-12-06 22:00:00
2007,340,23,2379,51,52,61,38,3.7,3.4,3.1,289.5,1.1,-3.2,0.2,-3.2,0.0,0.3,1.4,0.7,0.4,1.1,46072.0,5.8,335.0,0.5,-0.0,0.008,6821.0,0.4,4.0,0.4,0.9,0.001,1.12,-0.0,3.07,10.9,5.7,0.01,7,27,-4,3,75.9,10,-4,6,0.3,0.006143,999999.99,99999.99,99999.99,0.21,0.11,0.08,-1,2007-12-06 23:00:00
2007,341,0,2379,51,52,57,33,3.6,3.1,-15.8,304.7,1.7,-2.4,-0.8,-2.3,-0.9,0.4,1.8,0.7,0.5,1.6,46664.0,6.3,329.0,0.6,-0.8,0.008,4045.0,0.4,4.0,0.6,0.8,0.001,1.18,0.3,3.54,11.5,5.7,0.009,7,26,-5,3,79.8,13,-5,8,0.1,0.006155,999999.99,99999.99,99999.99,0.2,0.12,0.09,-1,2007-12-07 00:00:00
2007,341,1,2379,51,52,61,35,3.7,3.5,-47.7,27.4,2.1,1.1,-2.6,1.2,-2.6,0.2,1.2,0.5,1.0,0.5,43713.0,5.9,327.0,2.5,-2.1,0.007,2524.0,0.3,2.0,0.8,0.5,0.001,1.08,0.85,3.09,10.7,5.6,0.0103,7,26,-7,3,79.8,19,-4,16,0.2,0.006155,999999.99,99999.99,99999.99,0.17,0.1,0.07,-1,2007-12-07 01:00:00
2007,341,2,2379,51,52,62,36,3.3,3.0,-69.2,11.9,1.0,0.2,-2.8,0.2,-2.8,0.2,1.4,1.0,0.7,0.5,39275.0,6.0,330.0,1.7,-2.7,0.006,6188.0,0.3,5.0,0.5,0.5,0.001,1.12,0.92,3.84,12.2,5.9,0.0079,7,26,-7,3,79.8,27,-8,19,0.4,0.006155,999999.99,99999.99,99999.99,0.25,0.16,0.11,-1,2007-12-07 02:00:00
2007,341,3,2379,51,52,57,35,3.6,3.3,-58.3,229.2,-1.1,-1.3,-2.8,-1.4,-2.7,0.2,1.5,1.2,0.8,0.5,36845.0,5.9,337.0,0.5,-3.0,0.006,3455.0,0.2,4.0,0.6,0.4,0.0,1.15,0.91,3.13,11.4,5.9,0.0092,10,26,-5,4,79.8,43,-19,24,0.8,0.006155,999999.99,99999.99,99999.99,0.25,0.13,0.1,-1,2007-12-07 03:00:00
2007,341,4,2379,51,52,61,37,3.2,2.3,-51.6,296.6,0.6,-1.3,-1.8,-1.5,-1.7,0.1,2.2,1.0,1.5,1.2,41239.0,6.1,332.0,0.7,-2.1,0.006,3262.0,0.4,3.0,0.9,0.9,0.002,1.15,0.56,4.2,12.8,6.0,0.0072,10,26,-3,4,79.8,64,-22,42,1.3,0.006155,999999.99,99999.99,99999.99,0.18,0.11,0.09,-1,2007-12-07 04:00:00
2007,341,5,2379,51,52,58,34,3.3,3.0,-36.1,285.3,0.6,-2.3,-1.7,-2.5,-1.3,0.2,1.3,0.8,0.7,0.8,40431.0,6.1,328.0,0.1,-2.3,0.005,2691.0,0.4,3.0,0.4,0.6,0.002,1.12,0.43,3.93,12.3,5.9,0.0079,10,26,-2,4,79.8,27,0,27,0.5,0.006155,999999.99,99999.99,99999.99,0.21,0.11,0.09,-1,2007-12-07 05:00:00
2007,341,6,2379,51,52,63,39,3.1,2.1,17.4,282.7,0.4,-2.0,0.6,-1.8,1.0,0.3,2.3,1.4,0.7,1.6,38330.0,5.8,328.0,0.3,-0.5,0.004,6594.0,0.8,6.0,0.7,1.4,0.001,1.06,-0.33,4.19,12.7,5.9,0.0073,0,26,0,0,79.8,19,0,19,0.2,0.006155,999999.99,99999.99,99999.99,0.28,0.16,0.11,-1,2007-12-07 06:00:00
2007,341,7,2379,51,52,57,36,3.1,2.4,36.5,279.2,0.3,-1.9,1.4,-1.5,1.8,0.2,2.0,1.4,1.0,1.1,36249.0,6.0,326.0,0.2,-0.3,0.004,3179.0,0.5,5.0,0.8,0.8,0.001,1.08,-0.59,4.28,12.9,5.9,0.0072,0,26,2,0,79.8,9,0,9,-0.1,0.006155,999999.99,99999.99,99999.99,0.22,0.11,0.09,-1,2007-12-07 07:00:00
2007,341,8,2379,51,52,58,35,2.9,2.6,-18.9,288.6,0.8,-2.3,-0.8,-2.4,-0.1,0.1,1.3,0.9,0.6,0.8,37248.0,5.9,323.0,-0.2,-1.8,0.004,3881.0,0.6,4.0,0.5,0.5,0.001,1.04,0.03,4.83,13.5,5.9,0.0065,0,26,4,0,79.8,15,-3,12,-0.0,0.006155,999999.99,99999.99,99999.99,0.25,0.12,0.09,-1,2007-12-07 08:00:00
2007,341,9,2379,51,52,61,35,2.9,2.4,8.5,316.0,1.7,-1.6,0.4,-1.4,0.9,0.1,1.6,1.1,0.9,0.7,36690.0,5.1,315.0,0.1,-1.1,0.005,5167.0,1.1,7.0,0.6,0.7,0.0,0.86,-0.28,4.16,12.3,5.7,0.0079,0,26,3,0,79.8,17,-2,15,-0.1,0.006155,999999.99,99999.99,99999.99,0.2,0.12,0.09,-1,2007-12-07 09:00:00
2007,341,10,2379,51,52,59,36,3.1,2.2,-4.2,290.3,0.8,-2.0,-0.2,-2.0,0.4,0.3,2.1,0.8,1.0,1.7,36853.0,5.5,321.0,-0.4,-1.7,0.006,6806.0,0.9,3.0,0.8,1.4,0.002,0.97,-0.13,3.93,12.1,5.8,0.0081,0,26,2,0,79.8,9,-7,2,-0.1,0.006155,999999.99,99999.99,99999.99,0.22,0.15,0.11,-1,2007-12-07 10:00:00
2007,341,11,2379,51,52,63,37,2.9,2.2,21.5,265.3,-0.2,-2.0,0.8,-1.7,1.3,0.3,1.8,0.9,0.5,1.5,35418.0,5.7,322.0,-0.6,-1.1,0.004,4838.0,0.7,5.0,0.7,1.3,0.0,1.0,-0.42,4.62,13.3,5.9,0.0068,0,26,3,0,79.8,42,-41,1,0.0,0.006155,999999.99,99999.99,99999.99,0.22,0.16,0.11,-1,2007-12-07 11:00:00
2007,341,12,2379,51,52,57,34,3.1,2.5,32.7,300.2,1.0,-1.8,1.3,-1.4,1.7,0.1,1.8,1.2,0.7,1.1,34580.0,5.9,316.0,-0.1,-0.9,0.005,3992.0,0.5,6.0,0.6,1.1,0.0,1.0,-0.54,4.16,12.4,5.8,0.0078,0,26,5,0,79.8,19,-14,5,-0.0,0.006155,999999.99,99999.99,99999.99,0.19,0.11,0.08,-1,2007-12-07 12:00:00
2007,341,13,2379,51,52,58,32,3.2,3.0,-16.6,329.5,2.5,-1.5,-0.9,-1.7,-0.5,0.1,1.1,0.4,0.7,0.8,33608.0,5.4,307.0,-0.3,-2.6,0.005,4816.0,0.8,5.0,1.0,0.9,0.001,0.87,0.15,3.55,11.1,5.5,0.0096,0,26,3,0,79.8,11,-5,5,0.1,0.006155,999999.99,99999.99,99999.99,0.19,0.12,0.1,-1,2007-12-07 13:00:00
2007,341,14,2379,51,52,61,35,3.4,3.0,27.1,332.0,2.3,-1.2,1.4,-0.9,1.6,0.1,1.5,0.4,1.0,1.1,31751.0,5.7,307.0,-0.7,-0.2,0.006,5726.0,0.8,6.0,1.3,1.1,0.0,0.92,-0.49,3.28,10.8,5.5,0.0102,0,26,3,0,79.8,12,-4,8,0.2,0.006155,999999.99,99999.99,99999.99,0.22,0.1,0.07,-1,2007-12-07 14:00:00
2007,341,15,2379,51,52,59,32,3.3,3.1,37.6,308.2,1.5,-1.9,1.9,-1.6,2.2,0.1,1.1,0.6,0.8,0.6,29923.0,5.4,311.0,-1.0,-0.0,0.005,4488.0,0.7,3.0,0.8,0.5,0.0,0.89,-0.68,3.27,10.9,5.6,0.0099,0,26,4,0,79.8,12,-4,8,0.2,0.006155,999999.99,99999.99,99999.99,0.22,0.14,0.11,-1,2007-12-07 15:00:00
2007,341,16,2379,51,52,63,38,3.3,3.1,16.1,311.2,1.9,-2.2,0.8,-2.1,1.1,0.1,1.1,0.8,0.5,0.6,24503.0,4.8,308.0,-1.2,-0.7,9.999,4672.0,1.0,4.0,1.3,0.7,9.999,0.91,-0.34,2.8,10.2,5.5,0.0114,0,26,5,0,79.8,13,-7,6,0.2,0.006155,999999.99,99999.99,99999.99,0.22,0.14,0.1,-1,2007-12-07 16:00:00
2007,341,17,2379,51,52,59,34,3.2,3.0,-6.8,263.4,-0.3,-2.9,-0.4,-2.9,-0.2,0.1,1.1,0.5,0.2,1.0,21573.0,6.0,320.0,-1.2,-1.8,0.006,3014.0,0.6,5.0,0.5,1.1,0.002,1.05,0.06,3.65,12.2,6.0,0.0079,0,26,6,0,79.8,11,-7,4,0.2,0.006155,999999.99,99999.99,99999.99,0.22,0.14,0.11,-1,2007-12-07 17:00:00
2007,341,18,2379,51,52,60,36,3.2,3.0,-8.4,277.3,0.4,-2.9,-0.4,-2.9,-0.3,0.1,1.2,0.6,0.5,0.9,22655.0,6.0,315.0,-1.5,-2.2,0.004,3250.0,0.7,4.0,0.6,1.0,0.001,1.01,0.09,3.68,12.1,5.9,0.0082,3,26,5,2,79.8,10,-6,4,0.2,0.006155,999999.99,99999.99,99999.99,0.23,0.14,0.1,-1,2007-12-07 18:00:00
2007,341,19,2379,51,52,60,35,3.4,3.0,7.2,251.9,-0.9,-2.9,0.4,-2.9,0.4,0.1,1.5,0.7,0.5,1.3,22432.0,6.4,321.0,-1.1,-1.4,0.004,2005.0,0.3,3.0,0.5,1.2,0.001,1.12,-0.13,3.47,11.9,6.0,0.0083,3,26,4,2,79.8,10,-5,5,0.2,0.006155,999999.99,99999.99,99999.99,0.2,0.12,0.09,-1,2007-12-07 19:00:00
2007,341,20,2379,51,52,58,35,3.2,2.9,-11.5,261.7,-0.4,-2.8,-0.6,-2.8,-0.7,0.2,1.3,0.7,0.5,1.0,22849.0,6.6,318.0,-1.2,-2.3,0.004,2184.0,0.3,3.0,0.6,0.8,0.0,1.13,0.22,4.05,12.8,6.0,0.0073,3,26,2,2,79.8,14,-5,9,0.2,0.006155,999999.99,99999.99,99999.99,0.2,0.11,0.08,-1,2007-12-07 20:00:00
2007,341,21,2379,51,52,59,37,2.8,2.5,-6.5,312.9,1.7,-1.8,-0.3,-1.8,-0.4,0.3,1.2,0.5,0.6,0.9,21348.0,5.5,309.0,-0.9,-2.1,0.005,4556.0,0.7,2.0,0.5,0.9,0.001,0.89,0.12,4.37,12.9,5.9,0.0071,0,26,2,0,79.8,12,-3,10,0.1,0.006155,999999.99,99999.99,99999.99,0.19,0.1,0.08,-1,2007-12-07 21:00:00
2007,341,22,2379,51,52,60,35,2.8,2.7,23.5,342.9,2.4,-0.7,1.1,-0.8,1.0,0.1,0.8,0.3,0.6,0.6,20236.0,5.6,306.0,0.0,-0.6,0.005,3456.0,0.7,2.0,0.6,0.6,0.001,0.89,-0.31,4.42,12.9,5.9,0.0071,0,26,0,0,79.8,13,-4,10,0.0,0.006155,999999.99,99999.99,99999.99,0.17,0.11,0.08,-1,2007-12-07 22:00:00
2007,341,23,2379,51,52,60,37,2.9,2.8,31.7,329.1,2.0,-1.2,1.5,-1.3,1.4,0.1,0.8,0.4,0.5,0.4,21017.0,5.5,304.0,-0.5,-0.2,0.006,3165.0,1.1,2.0,0.6,0.3,0.002,0.87,-0.43,4.06,12.3,5.8,0.0079,0,26,1,0,79.8,10,-3,8,-0.0,0.006155,999999.99,99999.99,99999.99,0.21,0.12,0.1,-1,2007-12-07 23:00:00
2007,342,0,2379,51,52,58,34,3.0,2.3,11.4,311.5,1.5,-1.7,0.5,-1.7,0.4,0.1,1.9,0.6,0.9,1.6,22120.0,6.1,305.0,-0.6,-0.9,0.005,2800.0,0.9,3.0,0.7,0.9,0.001,0.97,-0.12,4.24,12.6,5.8,0.0075,0,43,2,0,84.4,9,-2,7,-0.1,0.006235,999999.99,99999.99,99999.99,0.23,0.15,0.12,-1,2007-12-08 00:00:00
2007,342,1,2379,51,52,60,36,3.1,2.9,-5.8,342.1,2.7,-0.9,-0.3,-0.9,-0.3,0.1,1.1,0.2,0.9,0.5,19043.0,5.6,301.0,0.1,-1.4,0.005,2725.0,0.8,1.0,1.3,0.4,0.0,0.86,0.09,3.57,11.5,5.7,0.009,0,43,2,0,84.4,9,-2,7,-0.0,0.006235,999999.99,99999.99,99999.99,0.23,0.13,0.11,-1,2007-12-08 01:00:00
2007,342,2,2379,51,52,61,35,3.3,3.0,27.2,351.2,2.7,-0.4,1.4,-0.4,1.4,0.2,1.4,0.4,0.9,0.9,23391.0,6.3,301.0,0.3,-0.3,0.007,2209.0,0.5,2.0,0.6,0.7,0.001,0.98,-0.42,3.65,11.4,5.6,0.0091,0,43,2,0,84.4,11,-2,9,-0.0,0.006235,999999.99,99999.99,99999.99,0.28,0.17,0.11,-1,2007-12-08 02:00:00
2007,342,3,2379,51,52,60,36,3.3,3.2,49.4,315.2,1.5,-1.5,2.4,-1.4,2.5,0.2,0.9,0.5,0.7,0.3,23046.0,7.5,301.0,-0.2,0.4,0.005,1384.0,0.5,1.0,0.4,0.2,0.001,1.16,-0.75,4.34,12.5,5.7,0.0076,0,43,4,0,84.4,13,-2,11,-0.1,0.006235,999999.99,99999.99,99999.99,0.23,0.13,0.09,-1,2007-12-08 03:00:00
2007,342,4,2379,51,52,58,35,3.4,3.2,11.3,264.1,-0.3,-3.1,0.6,-3.0,0.9,0.1,1.3,1.1,0.3,0.6,21578.0,7.6,298.0,-0.2,-0.1,0.004,3202.0,0.3,2.0,0.2,0.2,0.001,1.15,-0.27,4.1,12.1,5.7,0.0081,0,43,5,0,84.4,16,-3,13,-0.2,0.006235,999999.99,99999.99,99999.99,0.23,0.14,0.09,-1,2007-12-08 04:00:00
2007,342,5,2379,51,52,60,38,3.5,3.4,-3.6,250.6,-1.1,-3.2,-0.2,-3.2,0.3,0.1,0.6,0.3,0.1,0.4,17967.0,8.0,298.0,-0.1,-0.2,0.004,2042.0,0.4,2.0,0.2,0.4,0.0,1.21,-0.09,3.98,12.0,5.7,0.0082,0,43,5,0,84.4,16,-3,13,-0.2,0.006235,999999.99,99999.99,99999.99,0.25,0.11,0.09,-1,2007-12-08 05:00:00
2007,342,6,2379,51,52,58,34,3.4,3.2,-4.6,250.1,-1.1,-3.0,-0.3,-3.0,0.3,0.1,1.1,0.8,0.3,0.6,17947.0,8.0,297.0,-0.4,-0.2,0.004,2700.0,0.2,3.0,0.2,0.5,0.0,1.2,-0.09,4.21,12.4,5.7,0.0078,0,43,6,0,84.4,16,-3,13,-0.1,0.006235,999999.99,99999.99,99999.99,0.28,0.14,0.09,-1,2007-12-08 06:00:00
2007,342,7,2379,51,52,60,37,3.2,2.7,3.1,270.6,0.0,-2.7,0.1,-2.6,0.7,0.2,1.7,1.5,0.5,0.6,20255.0,8.3,295.0,-0.5,-0.3,0.004,3643.0,0.4,5.0,0.5,0.4,0.001,1.23,-0.21,5.01,13.3,5.8,0.0067,0,43,6,0,84.4,22,-6,16,-0.1,0.006235,999999.99,99999.99,99999.99,0.18,0.1,0.07,-1,2007-12-08 07:00:00
2007,342,8,2379,51,52,59,37,3.0,2.7,13.1,323.3,2.1,-1.6,0.6,-1.4,1.0,0.2,1.2,0.6,0.9,0.4,21210.0,8.3,288.0,-0.2,-0.1,0.006,1563.0,0.5,3.0,0.7,0.3,0.001,1.18,-0.29,5.74,13.8,5.7,0.0062,0,43,8,0,84.4,19,-2,17,-0.1,0.006235,999999.99,99999.99,99999.99,0.24,0.12,0.09,-1,2007-12-08 08:00:00
2007,342,9,2379,51,52,61,35,2.9,2.7,1.2,291.6,1.0,-2.5,0.1,-2.4,0.8,0.1,1.1,0.3,0.4,1.0,21324.0,8.7,289.0,-0.4,-0.9,0.004,1270.0,0.3,2.0,0.2,0.5,0.001,1.23,-0.23,6.44,14.7,5.7,0.0055,0,43,8,0,84.4,17,-2,15,-0.1,0.006235,999999.99,99999.99,99999.99,0.25,0.12,0.09,-1,2007-12-08 09:00:00
2007,342,10,2379,51,52,59,36,2.9,2.5,-18.6,294.3,1.0,-2.2,-0.8,-2.3,-0.1,0.2,1.3,0.6,0.6,1.0,20298.0,8.9,290.0,-0.5,-1.3,0.004,1254.0,0.3,1.0,0.6,0.6,0.001,1.27,0.03,6.54,14.9,5.8,0.0053,0,43,8,0,84.4,18,-3,15,-0.1,0.006235,999999.99,99999.99,99999.99,0.19,0.12,0.09,-1,2007-12-08 10:00:00
2007,342,11,2379,51,52,62,35,2.6,2.4,8.3,316.1,1.7,-1.7,0.4,-1.5,0.9,0.1,1.0,0.6,0.4,0.7,19492.0,9.1,288.0,-0.4,-0.9,0.005,1275.0,0.4,2.0,0.4,0.5,0.001,1.29,-0.26,8.28,16.7,5.9,0.0043,0,43,6,0,84.4,12,-4,8,0.0,0.006235,999999.99,99999.99,99999.99,0.21,0.13,0.09,-1,2007-12-08 11:00:00
2007,342,12,2379,51,52,59,36,2.9,2.9,-16.8,291.9,1.0,-2.5,-0.8,-2.6,-0.1,0.4,0.7,0.4,0.5,0.2,14947.0,9.3,290.0,-0.5,-1.3,0.004,1914.0,0.3,2.0,0.2,0.4,0.0,1.33,0.03,6.59,15.2,5.9,0.0051,0,43,4,0,84.4,28,-24,4,0.1,0.006235,999999.99,99999.99,99999.99,0.18,0.11,0.08,-1,2007-12-08 12:00:00
2007,342,13,2379,51,52,60,37,3.4,3.3,15.9,288.9,1.0,-3.0,0.9,-2.7,1.6,0.1,0.8,0.3,0.2,0.7,13905.0,9.5,289.0,-0.8,0.1,0.004,803.0,0.3,1.0,0.2,0.5,0.001,1.35,-0.46,4.86,13.1,5.7,0.0069,0,43,2,0,84.4,21,-15,6,0.1,0.006235,999999.99,99999.99,99999.99,0.25,0.15,0.12,-1,2007-12-08 13:00:00
2007,342,14,2379,51,52,60,37,3.4,3.3,25.2,286.3,0.8,-2.9,1.4,-2.6,2.0,0.2,0.8,0.2,0.4,0.6,15533.0,9.9,291.0,-0.7,0.6,0.004,1211.0,0.4,1.0,0.3,0.3,0.001,1.42,-0.58,5.13,13.5,5.8,0.0066,0,43,5,0,84.4,16,-7,9,0.1,0.006235,999999.99,99999.99,99999.99,0.2,0.11,0.08,-1,2007-12-08 14:00:00
2007,342,15,2379,51,52,60,36,3.1,2.6,-0.4,296.3,1.2,-2.3,0.0,-2.3,0.4,0.3,1.7,0.3,0.6,1.6,17214.0,10.3,289.0,-0.4,0.2,0.004,1173.0,0.5,1.0,0.3,0.7,0.001,1.46,-0.12,6.49,15.0,5.8,0.0053,0,43,7,0,84.4,17,-5,12,0.1,0.006235,999999.99,99999.99,99999.99,0.2,0.1,0.08,-1,2007-12-08 15:00:00
2007,342,16,2379,51,52,62,37,3.2,3.0,40.6,326.7,1.9,-1.3,2.0,-1.1,2.1,0.3,0.9,0.3,0.3,0.8,14985.0,10.2,293.0,0.6,1.2,0.003,817.0,0.6,2.0,0.6,0.5,0.001,1.48,-0.62,5.94,14.6,5.9,0.0056,0,43,6,0,84.4,12,-6,6,0.3,0.006235,999999.99,99999.99,99999.99,0.24,0.14,0.1,-1,2007-12-08 16:00:00
2007,342,17,2379,51,52,60,37,3.5,3.1,39.4,313.8,1.7,-1.7,2.0,-1.6,2.1,0.2,1.6,0.6,0.8,1.2,15376.0,10.7,294.0,-0.3,1.0,0.003,927.0,0.5,3.0,0.5,0.7,0.0,1.56,-0.62,5.22,13.7,5.9,0.0063,0,43,6,0,84.4,16,-6,9,0.1,0.006235,999999.99,99999.99,99999.99,0.19,0.11,0.08,-1,2007-12-08 17:00:00
2007,342,18,2379,51,52,60,35,3.7,3.6,42.3,292.6,1.0,-2.4,2.4,-2.4,2.4,0.2,0.9,0.3,0.6,0.6,15735.0,11.3,297.0,-0.8,0.9,0.002,931.0,0.5,1.0,0.3,0.7,0.0,1.68,-0.71,4.95,13.5,5.9,0.0065,0,43,8,0,84.4,11,-3,9,0.0,0.006235,999999.99,99999.99,99999.99,0.22,0.13,0.1,-1,2007-12-08 18:00:00
2007,342,19,2379,51,52,57,30,3.6,3.3,-6.2,288.9,1.1,-3.1,-0.4,-3.1,-0.5,0.2,1.4,0.8,0.3,1.1,17847.0,11.3,293.0,-1.6,-1.1,0.002,1308.0,0.7,3.0,0.5,0.5,0.0,1.63,0.15,5.3,13.7,5.8,0.0064,0,43,8,0,84.4,9,0,8,0.1,0.006235,999999.99,99999.99,99999.99,0.26,0.16,0.12,-1,2007-12-08 19:00:00
2007,342,20,2379,51,52,58,36,3.7,3.6,-12.4,322.2,2.8,-2.2,-0.8,-2.2,-0.9,0.2,0.7,0.5,0.3,0.3,17480.0,10.1,285.0,-1.6,-1.6,0.004,1390.0,1.2,2.0,0.3,0.3,0.001,1.39,0.26,4.48,12.2,5.5,0.0079,0,43,5,0,84.4,8,-1,7,0.2,0.006235,999999.99,99999.99,99999.99,0.24,0.12,0.08,-1,2007-12-08 20:00:00
2007,342,21,2379,51,52,64,39,3.7,3.2,-19.0,308.1,1.9,-2.4,-1.1,-2.3,-1.3,0.2,1.7,0.8,0.6,1.4,17949.0,11.4,291.0,-2.1,-1.5,0.004,1168.0,1.1,4.0,0.5,0.9,0.001,1.64,0.38,5.07,13.3,5.7,0.0067,7,43,6,3,84.4,11,-2,8,0.2,0.006235,999999.99,99999.99,99999.99,0.18,0.11,0.08,-1,2007-12-08 21:00:00
2007,342,22,2379,51,52,61,38,4.2,3.7,17.3,283.7,0.8,-3.5,1.1,-3.6,0.8,0.2,1.8,0.6,0.7,1.6,19724.0,12.6,297.0,-3.3,-1.1,0.003,1034.0,0.6,2.0,0.4,0.6,0.001,1.88,-0.24,4.4,12.6,5.7,0.0076,7,43,7,3,84.4,12,-2,10,0.3,0.006235,999999.99,99999.99,99999.99,0.19,0.13,0.08,-1,2007-12-08 22:00:00
2007,342,23,2379,51,52,60,37,4.3,3.7,-36.9,299.2,1.5,-2.6,-2.2,-2.4,-2.4,0.2,2.1,0.4,1.2,1.7,19594.0,13.9,300.0,-3.1,-1.3,0.002,1320.0,0.6,1.0,0.3,0.3,0.0,2.11,0.72,4.63,13.0,5.8,0.007,7,43,8,3,84.4,16,-2,14,0.4,0.006235,999999.99,99999.99,99999.99,0.23,0.14,0.1,-1,2007-12-08 23:00:00
2007,343,0,2379,51,52,61,37,4.2,3.4,-26.1,332.0,2.7,-1.4,-1.5,-1.3,-1.6,0.8,2.6,1.7,1.0,1.7,22645.0,15.4,302.0,-2.8,-0.9,0.003,2285.0,1.3,1.0,0.3,0.7,0.001,2.37,0.48,5.48,14.1,5.9,0.006,10,45,10,4,86.2,18,-4,14,0.3,0.006234,999999.99,99999.99,99999.99,0.18,0.12,0.1,-1,2007-12-09 00:00:00
2007,343,1,2379,51,52,61,36,4.7,4.0,36.0,312.2,2.2,-2.4,2.3,-2.5,2.2,0.5,2.5,0.9,1.2,1.9,21600.0,15.6,304.0,-3.2,-1.1,0.003,2941.0,1.3,2.0,1.3,1.0,0.0,2.44,-0.67,4.41,12.8,5.8,0.0073,10,45,10,4,86.2,19,-7,12,0.2,0.006234,999999.99,99999.99,99999.99,0.23,0.13,0.09,-1,2007-12-09 01:00:00
2007,343,2,2379,51,52,59,37,5.1,4.8,-28.9,304.6,2.4,-3.5,-2.3,-3.5,-2.3,0.4,1.8,0.3,0.8,1.5,17918.0,14.6,306.0,-3.7,-1.0,0.002,2442.0,1.7,1.0,0.3,0.7,0.0,2.3,0.7,3.42,11.5,5.8,0.0091,10,45,10,4,86.2,23,-4,18,0.3,0.006234,999999.99,99999.99,99999.99,0.25,0.14,0.1,-1,2007-12-09 02:00:00
2007,343,3,2379,51,52,68,42,5.7,4.0,34.3,329.8,2.9,-1.7,2.3,-1.6,2.4,0.6,4.0,1.6,2.4,2.8,36325.0,9.9,319.0,0.6,-1.7,0.005,10153.0,1.9,10.0,2.5,1.9,0.001,1.72,-0.77,2.09,8.8,5.3,0.0153,7,45,8,3,86.2,23,-2,20,0.1,0.006234,999999.99,99999.99,99999.99,0.27,0.16,0.11,-1,2007-12-09 03:00:00
2007,343,4,2379,51,52,61,37,4.3,3.1,-9.6,318.6,2.3,-2.0,-0.5,-2.0,-0.3,1.2,3.2,1.4,1.8,2.2,52180.0,10.7,333.0,2.5,-3.2,0.006,14804.0,2.3,6.0,1.6,2.0,0.001,2.03,0.1,4.35,12.7,5.8,0.0074,7,45,8,3,86.2,30,-4,27,0.2,0.006234,999999.99,99999.99,99999.99,0.23,0.13,0.09,-1,2007-12-09 04:00:00
2007,343,5,2379,51,52,57,32,5.0,4.7,54.9,314.4,1.9,-1.9,3.9,-1.3,4.1,0.4,1.7,0.9,1.4,0.5,56697.0,8.1,333.0,2.5,-1.0,0.007,10597.0,2.1,5.0,0.9,0.6,0.001,1.54,-1.37,2.49,9.5,5.3,0.0132,7,45,8,3,86.2,31,-2,29,0.1,0.006234,999999.99,99999.99,99999.99,0.22,0.14,0.1,-1,2007-12-09 05:00:00
2007,343,6,2379,51,52,58,33,4.3,3.8,-20.5,310.7,2.3,-2.7,-1.3,-2.9,-0.8,0.6,2.1,1.0,0.7,1.8,57700.0,6.1,323.0,1.1,-1.5,9.999,13512.0,1.5,8.0,1.6,1.1,9.999,1.27,0.26,2.55,9.3,5.2,0.0138,0,45,7,0,86.2,24,-1,24,0.1,0.006234,999999.99,99999.99,99999.99,0.2,0.1,0.07,-1,2007-12-09 06:00:00
2007,343,7,2379,51,52,60,36,5.5,5.4,-6.6,319.9,4.1,-3.5,-0.6,-3.5,0.2,0.4,0.9,0.5,0.5,0.7,46949.0,5.1,314.0,0.5,-0.9,9.999,9628.0,1.2,2.0,0.9,0.7,9.999,1.01,-0.06,1.23,6.4,4.5,0.0286,0,45,5,0,86.2,27,-2,25,0.0,0.006234,999999.99,99999.99,99999.99,0.18,0.1,0.08,-1,2007-12-09 07:00:00
2007,343,8,2379,51,52,60,35,5.5,5.3,-7.1,297.3,2.4,-4.7,-0.7,-4.7,0.6,0.4,1.3,0.3,0.4,1.2,41737.0,4.9,316.0,-0.9,-1.4,9.999,6773.0,0.9,4.0,1.1,0.7,9.999,0.98,-0.19,1.15,6.4,4.5,0.0294,0,45,5,0,86.2,29,-3,26,0.1,0.006234,999999.99,99999.99,99999.99,0.19,0.12,0.08,-1,2007-12-09 08:00:00
2007,343,9,2379,51,52,60,34,5.4,4.9,4.4,305.5,2.8,-4.0,0.4,-3.7,1.5,0.5,2.3,0.8,1.0,1.9,44689.0,7.0,317.0,-0.0,-0.7,0.009,11294.0,1.0,4.0,0.7,1.2,0.002,1.22,-0.48,1.73,7.8,4.9,0.0197,0,45,4,0,86.2,27,-6,21,0.0,0.006234,999999.99,99999.99,99999.99,0.21,0.1,0.07,-1,2007-12-09 09:00:00
2007,343,10,2379,51,52,59,35,5.0,4.8,1.3,299.3,2.4,-4.2,0.1,-4.0,1.3,0.3,1.4,0.7,0.4,1.2,42486.0,9.0,315.0,0.1,-1.7,0.008,6410.0,1.9,3.0,0.8,0.4,0.001,1.54,-0.41,2.56,9.4,5.3,0.0133,0,45,3,0,86.2,19,-6,14,0.0,0.006234,999999.99,99999.99,99999.99,0.28,0.17,0.13,-1,2007-12-09 10:00:00
2007,343,11,2379,51,52,66,37,4.6,2.5,55.5,276.0,0.2,-1.4,2.1,-0.8,2.4,0.6,3.8,1.9,2.3,2.3,54211.0,9.8,322.0,1.7,-0.5,0.01,15467.0,1.1,9.0,1.7,0.9,0.004,1.76,-0.77,3.52,11.0,5.5,0.0099,0,45,6,0,86.2,20,-4,16,-0.1,0.006234,999999.99,99999.99,99999.99,0.24,0.14,0.09,-1,2007-12-09 11:00:00
2007,343,12,2379,51,52,59,37,3.5,2.9,-49.5,71.1,0.6,1.8,-2.2,1.2,-2.6,0.8,2.0,0.8,1.3,1.3,79769.0,10.9,335.0,4.1,0.8,0.017,4804.0,0.4,2.0,0.5,0.4,0.002,2.18,0.87,7.7,15.8,5.7,0.0048,7,45,9,3,86.2,13,-3,10,0.2,0.006234,999999.99,99999.99,99999.99,0.2,0.12,0.08,-1,2007-12-09 12:00:00
2007,343,13,2379,51,52,58,36,4.1,4.0,-45.1,91.9,-0.1,2.8,-2.8,2.1,-3.4,0.4,1.1,0.7,0.5,0.7,74923.0,11.3,330.0,2.6,0.2,0.013,3642.0,0.4,2.0,0.4,0.4,0.001,2.16,1.12,5.68,13.5,5.6,0.0065,7,45,6,3,86.2,19,-12,7,0.4,0.006234,999999.99,99999.99,99999.99,0.22,0.12,0.09,-1,2007-12-09 13:00:00
2007,343,14,2379,51,52,61,37,3.6,3.3,-75.8,86.8,0.0,0.8,-3.2,0.2,-3.3,0.5,1.5,0.7,1.2,0.7,77014.0,11.5,329.0,2.1,-0.5,0.014,4629.0,0.5,2.0,0.3,0.4,0.001,2.2,1.09,7.58,15.5,5.6,0.005,7,45,2,3,86.2,102,-97,5,0.7,0.006234,999999.99,99999.99,99999.99,0.23,0.13,0.09,-1,2007-12-09 14:00:00
2007,343,15,2379,51,52,58,32,4.2,3.4,-70.5,357.9,1.1,0.0,-3.2,-0.5,-3.2,0.8,2.5,2.1,1.3,0.7,70025.0,10.9,329.0,1.1,-0.9,0.013,9061.0,0.4,4.0,0.6,0.4,0.002,2.07,1.05,5.1,12.9,5.6,0.0071,13,45,1,5,86.2,286,-282,5,1.4,0.006234,999999.99,99999.99,99999.99,0.2,0.12,0.09,-1,2007-12-09 15:00:00
2007,343,16,2379,51,52,60,36,5.0,4.7,-47.7,345.2,3.0,-0.8,-3.5,-1.2,-3.4,0.5,1.8,0.9,1.3,0.8,64515.0,10.2,327.0,2.6,-2.3,0.012,5124.0,0.7,3.0,1.0,0.7,0.002,1.91,1.11,3.27,10.4,5.3,0.0109,13,45,-3,5,86.2,231,-218,13,1.4,0.006234,999999.99,99999.99,99999.99,0.21,0.11,0.08,-1,2007-12-09 16:00:00
2007,343,17,2379,51,52,61,38,4.9,3.5,-49.8,357.2,2.2,-0.1,-2.7,-0.3,-2.7,0.3,3.5,0.8,3.2,1.1,62270.0,9.2,330.0,2.7,-2.3,0.013,3924.0,0.6,3.0,0.5,0.8,0.002,1.76,0.89,3.04,10.2,5.4,0.0114,13,45,-5,5,86.2,167,-123,43,1.0,0.006234,999999.99,99999.99,99999.99,0.2,0.13,0.1,-1,2007-12-09 17:00:00
2007,343,18,2379,51,52,61,36,4.3,3.8,-43.2,336.5,2.5,-1.1,-2.6,-1.1,-2.6,0.6,2.1,1.1,1.2,1.3,69987.0,8.9,332.0,4.0,-2.5,0.013,7238.0,0.6,4.0,0.5,0.8,0.002,1.72,0.86,3.97,11.5,5.5,0.009,20,45,-5,7,86.2,355,-264,91,1.6,0.006234,999999.99,99999.99,99999.99,0.2,0.13,0.09,-1,2007-12-09 18:00:00
2007,343,19,2379,51,52,61,36,3.4,3.1,-31.0,339.1,2.5,-0.9,-1.6,-0.9,-1.6,0.4,1.4,0.4,1.0,0.9,84489.0,8.0,335.0,4.7,-1.6,0.021,3670.0,0.5,2.0,0.3,0.3,0.003,1.63,0.54,6.13,13.9,5.6,0.0061,20,45,-5,7,86.2,207,-169,38,1.6,0.006234,999999.99,99999.99,99999.99,0.22,0.11,0.09,-1,2007-12-09 19:00:00
2007,343,20,2379,51,52,61,38,3.4,2.9,-33.0,0.9,2.5,0.0,-1.6,0.1,-1.6,0.4,1.6,0.7,1.2,0.8,78046.0,7.2,342.0,4.6,-1.1,0.018,8491.0,0.4,3.0,0.4,0.6,0.003,1.51,0.55,5.35,13.5,5.7,0.0065,20,45,-6,7,86.2,58,-32,26,0.7,0.006234,999999.99,99999.99,99999.99,0.18,0.1,0.08,-1,2007-12-09 20:00:00
2007,343,21,2379,51,52,61,38,3.4,3.1,-20.4,11.3,2.8,0.6,-1.1,0.7,-1.0,0.2,1.2,0.4,0.8,0.8,75300.0,6.7,346.0,5.2,-1.4,0.018,5595.0,0.3,3.0,0.6,0.7,0.004,1.44,0.35,4.91,13.2,5.8,0.0069,10,45,-5,4,86.2,40,-17,23,0.1,0.006234,999999.99,99999.99,99999.99,0.24,0.13,0.09,-1,2007-12-09 21:00:00
2007,343,22,2379,51,52,65,39,3.8,1.7,27.7,13.5,1.4,0.3,0.8,0.2,0.8,0.7,3.5,3.3,0.6,1.0,67123.0,5.1,347.0,5.0,-0.3,0.013,11745.0,1.1,14.0,0.5,0.5,0.004,1.08,-0.28,2.87,10.3,5.5,0.0112,10,45,-3,4,86.2,20,-6,14,-0.1,0.006234,999999.99,99999.99,99999.99,0.23,0.16,0.1,-1,2007-12-09 22:00:00
2007,343,23,2379,51,52,54,30,3.0,1.3,-6.2,221.2,-0.9,-0.8,-0.1,-0.8,-0.2,0.5,2.8,2.1,1.8,0.3,68294.0,5.9,362.0,3.5,-1.1,0.011,13399.0,1.1,10.0,1.7,0.3,0.004,1.35,0.07,5.36,14.7,6.2,0.0055,10,45,-2,4,86.2,18,-4,13,-0.0,0.006234,999999.99,99999.99,99999.99,0.22,0.11,0.09,-1,2007-12-09 23:00:00
2007,344,0,2379,51,52,59,37,3.8,3.7,20.0,312.1,2.3,-2.6,1.3,-2.7,1.1,0.3,0.9,0.4,0.4,0.7,41600.0,5.0,339.0,0.6,0.7,0.011,10927.0,1.2,4.0,0.9,0.7,0.002,1.0,-0.37,2.45,10.0,5.7,0.012,0,41,-2,0,84.3,21,-6,15,0.0,0.006198,999999.99,99999.99,99999.99,0.23,0.13,0.09,-1,2007-12-10 00:00:00
2007,344,1,2379,51,52,58,34,3.9,3.9,16.4,310.2,2.4,-2.8,1.1,-2.9,0.9,0.2,0.8,0.2,0.2,0.7,38997.0,5.9,332.0,-1.6,-0.0,0.012,6088.0,0.9,3.0,0.6,0.7,0.002,1.14,-0.3,2.7,10.3,5.7,0.0111,0,41,-2,0,84.3,19,-6,13,-0.0,0.006198,999999.99,99999.99,99999.99,0.22,0.14,0.1,-1,2007-12-10 01:00:00
2007,344,2,2379,51,52,60,37,4.2,3.7,-7.0,301.6,1.9,-3.1,-0.4,-3.1,-0.5,0.2,2.1,0.7,0.7,1.8,36783.0,7.1,329.0,-2.7,-0.5,0.009,3480.0,0.8,1.0,0.4,0.8,0.001,1.33,0.16,2.77,10.4,5.7,0.0109,0,41,0,0,84.3,20,-5,14,0.1,0.006198,999999.99,99999.99,99999.99,0.28,0.14,0.1,-1,2007-12-10 02:00:00
2007,344,3,2379,51,52,59,34,4.0,3.7,-53.6,276.2,0.2,-2.2,-2.9,-2.3,-2.8,0.5,1.6,0.7,0.6,1.4,34135.0,8.8,331.0,-3.2,-0.8,0.006,3214.0,0.6,4.0,0.3,1.7,0.001,1.65,0.93,3.72,12.3,6.0,0.0079,17,41,2,6,84.3,46,-9,37,0.3,0.006198,999999.99,99999.99,99999.99,0.25,0.14,0.1,-1,2007-12-10 03:00:00
2007,344,4,2379,51,52,62,36,5.8,5.7,-64.1,244.6,-1.1,-2.2,-5.1,-2.6,-4.9,0.7,1.3,0.6,0.7,0.9,17204.0,7.7,335.0,-2.7,-0.1,0.003,6106.0,1.0,2.0,0.5,1.0,0.0,1.46,1.64,1.39,8.0,5.4,0.0185,17,41,1,6,84.3,69,-24,44,0.6,0.006198,999999.99,99999.99,99999.99,0.24,0.13,0.09,-1,2007-12-10 04:00:00
2007,344,5,2379,51,52,61,36,5.4,4.3,-78.6,227.9,-0.6,-0.6,-4.2,-1.2,-4.1,0.7,3.3,0.6,2.9,1.5,23285.0,8.3,340.0,-1.8,-0.4,0.004,6839.0,1.0,2.0,0.6,0.7,0.001,1.63,1.39,1.8,9.1,5.7,0.0145,17,41,-5,6,84.3,92,-43,50,1.0,0.006198,999999.99,99999.99,99999.99,0.2,0.12,0.08,-1,2007-12-10 05:00:00
2007,344,6,2379,51,52,62,39,4.9,4.7,-60.1,291.5,0.9,-2.2,-4.1,-2.9,-3.6,0.4,1.3,0.7,0.9,0.5,41971.0,9.4,345.0,-1.1,-1.3,0.005,5819.0,0.9,2.0,0.6,0.8,0.001,1.91,1.24,2.77,10.8,5.9,0.0102,13,41,-8,5,84.3,119,-61,58,1.3,0.006198,999999.99,99999.99,99999.99,0.22,0.11,0.08,-1,2007-12-10 06:00:00
2007,344,7,2379,51,52,60,35,4.9,4.2,-28.6,287.3,1.1,-3.5,-2.0,-3.9,-1.2,0.7,2.5,0.6,0.7,2.3,49719.0,11.7,351.0,-1.8,-2.0,0.005,4876.0,0.6,5.0,0.5,0.7,0.001,2.46,0.42,3.61,12.3,6.0,0.0079,13,41,-9,5,84.3,141,-44,98,1.3,0.006198,999999.99,99999.99,99999.99,0.21,0.11,0.08,-1,2007-12-10 07:00:00
2007,344,8,2379,51,52,60,37,5.1,4.3,-33.7,294.5,1.5,-3.2,-2.4,-3.7,-1.5,0.3,2.8,1.1,1.2,2.3,49544.0,13.2,353.0,-2.9,-0.9,0.004,3633.0,0.7,3.0,0.4,0.5,0.0,2.79,0.53,3.76,12.6,6.1,0.0075,13,41,-10,5,84.3,104,-8,96,0.9,0.006198,999999.99,99999.99,99999.99,0.21,0.12,0.09,-1,2007-12-10 08:00:00
2007,344,9,2379,51,52,60,36,5.3,4.1,10.4,279.6,0.7,-4.0,0.7,-3.7,1.8,0.5,3.4,0.4,1.5,3.0,48099.0,13.7,351.0,-2.5,-1.3,0.004,2905.0,0.6,2.0,0.4,0.4,0.001,2.86,-0.63,3.58,12.3,6.1,0.0079,17,41,-10,6,84.3,143,-66,77,0.6,0.006198,999999.99,99999.99,99999.99,0.2,0.13,0.09,-1,2007-12-10 09:00:00
2007,344,10,2379,51,52,61,36,4.7,4.0,-81.5,266.1,0.0,-0.6,-4.0,-1.7,-3.7,1.1,2.5,1.3,1.6,1.5,48876.0,12.9,351.0,-2.1,-1.8,0.005,9588.0,1.9,2.0,0.3,0.6,0.001,2.71,1.3,4.31,13.4,6.2,0.0066,17,41,-6,6,84.3,158,-123,35,1.1,0.006198,999999.99,99999.99,99999.99,0.24,0.13,0.11,-1,2007-12-10 10:00:00
2007,344,11,2379,51,52,61,38,5.1,4.7,-53.0,149.5,-2.4,1.4,-3.7,0.3,-3.9,0.9,2.2,1.4,1.2,1.2,58604.0,15.4,354.0,-2.9,-1.1,0.005,10154.0,1.1,5.0,0.4,0.7,0.001,3.29,1.38,4.61,13.6,6.1,0.0064,17,41,-7,6,84.3,292,-172,120,2.0,0.006198,999999.99,99999.99,99999.99,0.22,0.12,0.08,-1,2007-12-10 11:00:00
2007,344,12,2379,51,52,61,34,5.5,3.5,7.4,290.2,1.2,-3.2,0.4,-3.0,1.2,1.5,4.4,1.1,1.9,3.8,75313.0,18.6,361.0,-4.7,-2.3,0.006,7383.0,2.2,3.0,0.5,0.9,0.001,4.15,-0.43,5.21,14.2,6.0,0.0059,20,41,-2,7,84.3,290,-129,161,1.7,0.006198,999999.99,99999.99,99999.99,0.2,0.11,0.07,-1,2007-12-10 12:00:00
2007,344,13,2379,51,51,60,4,9.9,9.7,49.9,278.2,0.9,-6.2,7.4,-4.4,8.6,0.3,1.6,0.6,1.2,1.0,53192.0,16.1,363.0,-5.8,-0.1,9.999,5785.0,0.9,1.0,0.2,0.7,9.999,4.24,-3.12,1.24,7.4,5.1,0.022,20,41,1,7,84.3,60,-12,48,-0.0,0.006198,999999.99,99999.99,99999.99,0.24,0.11,0.08,-1,2007-12-10 13:00:00
2007,344,14,2379,51,52,61,30,10.3,9.2,35.7,285.8,2.0,-7.2,5.4,-6.1,6.6,0.4,4.3,2.1,1.8,3.3,53796.0,13.4,362.0,-6.4,-1.3,0.005,9260.0,2.0,8.0,1.3,2.4,0.001,2.99,-2.39,0.96,6.4,4.8,0.0287,20,41,2,7,84.3,36,-6,29,0.1,0.006198,999999.99,99999.99,99999.99,0.24,0.13,0.1,-1,2007-12-10 14:00:00
2007,344,15,2379,51,52,59,32,10.9,10.5,51.1,308.3,4.1,-5.2,8.2,-4.0,8.9,1.0,3.0,2.1,1.0,1.9,47721.0,8.4,358.0,-7.4,-0.8,0.006,15071.0,2.0,11.0,0.9,1.0,0.001,1.84,-3.19,0.52,4.8,4.0,0.0525,20,41,2,7,84.3,28,-12,16,0.2,0.006198,999999.99,99999.99,99999.99,0.21,0.1,0.06,-1,2007-12-10 15:00:00
2007,344,16,2379,51,52,64,37,13.3,12.5,49.4,293.6,3.3,-7.5,9.5,-6.5,10.2,2.5,4.9,1.1,2.2,4.3,72647.0,14.8,380.0,-8.2,-2.8,0.008,20851.0,3.3,12.0,1.4,2.9,0.004,3.68,-3.88,0.7,5.5,4.3,0.0394,20,41,8,7,84.3,37,-16,21,0.2,0.006198,999999.99,99999.99,99999.99,0.18,0.09,0.07,-1,2007-12-10 16:00:00
2007,344,17,2379,51,52,66,36,13.7,12.7,27.8,296.7,5.0,-10.0,5.9,-9.7,6.4,1.0,4.9,2.3,1.6,4.1,103237.0,17.7,392.0,-8.2,-4.0,0.016,31342.0,2.5,11.0,1.7,1.4,0.006,4.83,-2.51,0.91,6.0,4.5,0.0328,20,41,11,7,84.3,26,-11,16,0.4,0.006198,999999.99,99999.99,99999.99,0.2,0.1,0.07,-1,2007-12-10 17:00:00
2007,344,18,2379,51,52,58,36,13.1,12.3,8.8,307.3,7.4,-9.7,1.9,-9.7,1.9,1.2,4.6,1.3,1.4,4.2,147907.0,19.3,405.0,-5.1,-3.5,0.027,17674.0,1.4,3.0,0.6,1.0,0.005,5.86,-0.77,1.29,6.8,4.7,0.0258,20,41,13,7,84.3,50,-28,22,0.5,0.006198,999999.99,99999.99,99999.99,0.23,0.16,0.1,-1,2007-12-10 18:00:00
2007,344,19,2379,51,52,67,41,10.2,6.4,11.2,304.8,3.6,-5.2,1.2,-5.2,1.0,2.8,8.2,3.4,3.9,6.3,204649.0,20.7,426.0,-1.3,-3.2,0.053,31510.0,2.1,12.0,1.6,1.1,0.012,7.6,-0.43,2.76,9.5,5.2,0.0132,20,41,14,7,84.3,186,-80,107,0.9,0.006198,999999.99,99999.99,99999.99,0.19,0.09,0.07,-1,2007-12-10 19:00:00
2007,344,20,2379,51,52,60,36,12.1,10.1,-18.6,310.4,6.2,-7.3,-3.2,-7.1,-3.7,1.7,6.5,2.2,4.0,4.6,211125.0,21.5,449.0,0.3,-0.9,0.054,17894.0,1.8,4.0,0.8,0.8,0.008,8.8,1.66,2.07,8.6,5.1,0.0161,20,41,14,7,84.3,216,-108,107,1.9,0.006198,999999.99,99999.99,99999.99,0.28,0.16,0.1,-1,2007-12-10 20:00:00
2007,344,21,2379,51,52,63,38,15.2,14.4,-46.2,323.6,8.0,-5.9,-10.4,-4.9,-10.9,0.7,4.7,2.6,2.6,2.9,166315.0,14.4,445.0,-0.0,0.3,0.047,23329.0,3.5,15.0,1.6,0.9,0.01,5.66,4.85,0.76,5.6,4.3,0.0385,43,41,-1,32,84.3,319,-169,150,1.9,0.006198,999999.99,99999.99,99999.99,0.26,0.15,0.1,-1,2007-12-10 21:00:00
2007,344,22,2379,51,52,57,34,14.5,14.2,-17.1,319.6,10.3,-8.8,-4.2,-8.3,-5.1,0.8,3.2,2.2,1.2,2.0,176300.0,11.2,461.0,1.5,-2.5,0.059,12262.0,1.8,10.0,0.9,1.0,0.011,4.91,2.35,0.68,5.3,4.2,0.042,43,41,-21,32,84.3,527,-439,87,2.9,0.006198,999999.99,99999.99,99999.99,0.22,0.12,0.09,-1,2007-12-10 22:00:00
2007,344,23,2379,51,52,60,36,12.7,12.5,-14.2,322.3,9.6,-7.4,-3.1,-7.0,-3.8,0.5,1.8,0.5,1.2,1.2,149503.0,11.9,450.0,1.3,-3.3,0.061,10534.0,0.6,7.0,0.4,0.5,0.008,5.01,1.71,0.85,6.1,4.6,0.0318,43,41,-19,32,84.3,387,-264,123,2.3,0.006198,999999.99,99999.99,99999.99,0.19,0.11,0.09,-1,2007-12-10 23:00:00
2007,345,0,2379,51,52,64,35,10.8,10.3,-0.1,315.1,7.3,-7.3,0.0,-7.3,-0.7,2.1,3.8,1.8,1.8,2.7,171278.0,14.0,455.0,0.1,-2.5,0.06,31213.0,2.2,8.0,0.6,1.6,0.008,6.0,0.32,1.5,7.9,5.2,0.0191,33,41,-10,18,90.5,336,-137,200,2.6,0.006142,999999.99,99999.99,99999.99,0.21,0.11,0.09,-1,2007-12-11 00:00:00
2007,345,1,2379,51,52,69,41,12.6,10.0,5.3,308.3,6.2,-7.8,0.9,-7.8,0.4,2.3,7.8,3.2,3.6,6.1,245516.0,10.1,519.0,3.3,-0.9,0.057,57697.0,3.6,26.0,2.2,1.5,0.014,5.58,-0.21,0.99,6.5,4.8,0.0278,33,41,-6,18,90.5,278,-64,214,1.8,0.006142,999999.99,99999.99,99999.99,0.19,0.12,0.08,-1,2007-12-11 01:00:00
2007,345,2,2379,51,52,65,40,9.3,6.3,19.3,305.5,3.5,-4.8,2.1,-4.9,2.0,1.9,6.7,3.0,3.5,4.9,432779.0,6.4,584.0,6.1,-0.1,0.087,62497.0,0.4,20.0,1.7,1.6,0.017,4.91,-1.17,1.73,7.9,5.0,0.0189,33,41,-13,18,90.5,159,-37,122,0.7,0.006142,999999.99,99999.99,99999.99,0.2,0.11,0.08,-1,2007-12-11 02:00:00
2007,345,3,2379,51,52,57,36,7.6,6.6,0.8,308.8,4.1,-5.1,0.1,-5.1,0.2,1.0,3.6,1.8,1.3,2.8,408801.0,5.9,593.0,4.4,-0.6,0.082,64681.0,0.3,7.0,0.8,1.1,0.009,4.6,-0.12,2.28,9.5,5.5,0.0132,30,41,-14,15,90.5,192,-72,121,1.0,0.006142,999999.99,99999.99,99999.99,0.21,0.12,0.09,-1,2007-12-11 03:00:00
2007,345,4,2379,51,52,64,39,8.2,5.4,7.3,309.1,3.4,-4.2,0.7,-4.1,1.0,0.6,5.9,2.6,2.0,4.9,371955.0,5.4,616.0,4.9,1.8,0.072,29644.0,0.5,29.0,1.2,2.7,0.016,4.41,-0.62,1.67,8.7,5.6,0.0156,30,41,-16,15,90.5,247,-118,129,1.7,0.006142,999999.99,99999.99,99999.99,0.22,0.11,0.08,-1,2007-12-11 04:00:00
2007,345,5,2379,51,52,61,35,7.8,6.5,-12.7,316.0,4.6,-4.4,-1.4,-4.5,-0.8,0.4,3.8,1.3,1.7,3.1,318257.0,4.7,627.0,4.0,-0.4,0.068,38453.0,0.6,12.0,1.7,2.1,0.014,3.92,0.5,1.44,8.7,5.8,0.0157,30,41,-18,15,90.5,137,-44,93,1.5,0.006142,999999.99,99999.99,99999.99,0.2,0.1,0.07,-1,2007-12-11 05:00:00
2007,345,6,2379,51,52,59,36,7.7,6.4,16.8,330.6,5.4,-3.0,1.9,-2.6,2.4,0.7,4.0,1.5,2.3,3.0,282353.0,4.5,625.0,3.4,1.5,0.061,33181.0,0.3,13.0,1.1,1.8,0.009,3.65,-1.5,1.3,8.6,5.9,0.016,27,41,-21,12,90.5,122,-48,75,1.3,0.006142,999999.99,99999.99,99999.99,0.22,0.13,0.08,-1,2007-12-11 06:00:00
2007,345,7,2379,51,52,60,36,7.0,6.3,18.4,332.3,5.3,-2.8,2.0,-2.3,2.6,0.5,2.9,1.2,1.6,2.1,279194.0,4.2,638.0,4.3,1.8,0.062,36046.0,0.4,6.0,0.8,1.2,0.007,3.56,-1.66,1.45,9.3,6.2,0.0136,27,41,-18,12,90.5,130,-77,53,0.6,0.006142,999999.99,99999.99,99999.99,0.21,0.13,0.09,-1,2007-12-11 07:00:00
2007,345,8,2379,51,52,60,36,6.6,6.3,-14.6,315.6,4.3,-4.2,-1.6,-4.5,-0.5,0.4,1.7,0.9,1.0,1.0,228436.0,3.2,636.0,2.1,0.7,0.062,22514.0,0.3,6.0,0.8,0.9,0.009,2.7,0.32,1.09,8.6,6.2,0.016,27,41,-18,12,90.5,131,-97,34,0.8,0.006142,999999.99,99999.99,99999.99,0.22,0.12,0.09,-1,2007-12-11 08:00:00
2007,345,9,2379,51,52,61,38,6.0,5.7,-16.4,321.8,4.3,-3.4,-1.6,-3.7,-0.6,0.4,1.6,0.7,1.0,1.1,234049.0,3.2,631.0,1.9,0.8,0.052,29380.0,0.2,9.0,1.1,1.0,0.011,2.57,0.38,1.34,9.4,6.4,0.0134,27,41,-20,12,90.5,361,-303,58,1.7,0.006142,999999.99,99999.99,99999.99,0.22,0.14,0.09,-1,2007-12-11 09:00:00
2007,345,10,2379,51,52,56,32,6.2,5.6,-10.7,304.9,3.1,-4.5,-1.0,-4.6,0.3,0.4,2.5,1.9,0.9,1.3,228591.0,3.4,633.0,0.6,0.8,0.046,31494.0,0.3,22.0,0.9,1.3,0.008,2.69,-0.19,1.31,9.4,6.4,0.0134,27,41,-22,12,90.5,250,-157,92,1.4,0.006142,999999.99,99999.99,99999.99,0.22,0.12,0.09,-1,2007-12-11 10:00:00
2007,345,11,2379,51,52,62,37,6.1,5.3,7.2,332.5,4.7,-2.4,0.7,-2.1,1.3,0.2,2.8,0.9,1.3,2.3,233380.0,3.4,614.0,2.1,2.9,0.047,19640.0,0.3,11.0,1.5,2.6,0.007,2.54,-0.8,1.38,9.3,6.3,0.0138,27,41,-20,12,90.5,82,-32,49,0.7,0.006142,999999.99,99999.99,99999.99,0.21,0.1,0.07,-1,2007-12-11 11:00:00
2007,345,12,2379,51,52,57,35,6.2,5.5,-33.9,339.7,4.3,-1.6,-3.0,-2.3,-2.5,0.2,2.7,0.9,1.9,1.6,232156.0,3.5,613.0,2.8,-0.5,0.043,31612.0,0.4,11.0,2.0,1.5,0.007,2.57,1.53,1.37,9.2,6.3,0.0139,30,41,-14,15,90.5,314,-262,53,2.0,0.006142,999999.99,99999.99,99999.99,0.21,0.09,0.06,-1,2007-12-11 12:00:00
2007,345,13,2379,51,52,59,36,6.7,5.6,-14.0,346.6,5.2,-1.2,-1.3,-1.5,-1.0,0.1,3.4,0.9,1.3,2.9,222379.0,3.5,593.0,3.0,1.0,0.037,38833.0,0.6,14.0,1.7,3.6,0.006,2.36,0.59,1.14,8.3,5.9,0.0174,30,41,-17,15,90.5,351,-224,126,1.8,0.006142,999999.99,99999.99,99999.99,0.21,0.12,0.08,-1,2007-12-11 13:00:00
2007,345,14,2379,51,52,59,36,7.1,6.5,-3.5,7.7,6.4,0.9,-0.4,0.8,-0.6,0.3,2.8,0.8,2.5,0.8,210412.0,3.7,579.0,5.1,2.8,0.032,28263.0,0.6,15.0,2.7,1.1,0.003,2.34,0.35,1.03,7.8,5.7,0.0193,30,41,-16,15,90.5,159,-77,82,1.1,0.006142,999999.99,99999.99,99999.99,0.17,0.08,0.06,-1,2007-12-11 14:00:00
2007,345,15,2379,51,52,62,38,7.4,6.3,-9.3,320.1,4.8,-4.0,-1.0,-4.1,-0.4,0.2,3.7,2.2,2.5,1.6,227634.0,4.0,589.0,0.7,1.9,0.03,38988.0,0.8,22.0,2.0,1.5,0.003,2.6,0.24,1.08,8.0,5.7,0.0188,33,41,-17,18,90.5,317,-251,66,1.9,0.006142,999999.99,99999.99,99999.99,0.23,0.11,0.08,-1,2007-12-11 15:00:00
2007,345,16,2379,51,52,58,32,7.1,6.1,-19.6,334.3,5.2,-2.5,-2.0,-2.7,-1.8,0.5,3.3,2.0,1.9,1.8,235329.0,4.0,588.0,1.7,0.9,0.033,61470.0,0.7,23.0,1.6,2.0,0.005,2.61,1.06,1.2,8.3,5.8,0.0173,33,41,-21,18,90.5,350,-242,108,1.5,0.006142,999999.99,99999.99,99999.99,0.19,0.11,0.09,-1,2007-12-11 16:00:00
2007,345,17,2379,51,52,62,37,7.0,5.8,-16.2,342.5,5.4,-1.7,-1.6,-1.8,-1.5,0.2,3.6,1.9,2.3,2.0,229767.0,3.8,575.0,2.8,1.8,0.033,41629.0,0.7,19.0,2.0,2.0,0.005,2.38,0.86,1.16,8.0,5.7,0.0186,33,41,-16,18,90.5,231,-153,78,0.8,0.006142,999999.99,99999.99,99999.99,0.21,0.11,0.07,-1,2007-12-11 17:00:00
2007,345,18,2379,51,52,57,34,7.3,6.3,-19.4,315.9,4.3,-4.2,-2.1,-4.2,-2.1,0.9,3.4,2.0,2.1,1.8,217636.0,4.2,583.0,-0.2,2.7,0.029,48987.0,0.7,22.0,1.7,1.6,0.004,2.66,1.22,1.13,8.2,5.8,0.0178,37,41,-11,22,90.5,204,-152,52,1.2,0.006142,999999.99,99999.99,99999.99,0.21,0.1,0.08,-1,2007-12-11 18:00:00
2007,345,19,2379,51,52,58,31,8.3,6.9,-14.9,333.1,5.9,-3.0,-1.8,-2.9,-1.9,0.2,4.4,1.4,3.5,2.3,213967.0,4.7,567.0,1.9,2.7,0.029,32090.0,0.8,17.0,3.3,2.2,0.003,2.82,1.08,0.97,7.4,5.5,0.0217,37,41,-12,22,90.5,210,-160,50,1.2,0.006142,999999.99,99999.99,99999.99,0.18,0.1,0.08,-1,2007-12-11 19:00:00
2007,345,20,2379,51,52,61,37,8.3,8.2,-2.9,332.7,7.2,-3.7,-0.4,-3.7,-0.7,0.2,1.4,0.4,0.8,1.1,225784.0,4.2,546.0,0.9,3.7,0.033,35301.0,0.6,7.0,1.3,1.2,0.006,2.37,0.38,0.9,6.7,5.1,0.0262,37,41,-16,22,90.5,332,-201,130,3.0,0.006142,999999.99,99999.99,99999.99,0.22,0.13,0.1,-1,2007-12-11 20:00:00
2007,345,21,2379,51,52,62,39,8.1,7.7,13.7,327.3,6.3,-4.1,1.8,-4.3,1.4,0.1,2.1,0.9,1.3,1.3,192625.0,5.1,560.0,1.0,5.4,0.027,20333.0,0.3,8.0,1.0,1.0,0.004,2.96,-0.78,1.04,7.8,5.7,0.0195,33,41,-14,18,90.5,272,-175,96,2.3,0.006142,999999.99,99999.99,99999.99,0.24,0.13,0.08,-1,2007-12-11 21:00:00
2007,345,22,2379,51,52,59,36,7.9,7.4,24.2,311.6,4.5,-5.0,3.0,-5.3,2.4,0.2,2.6,1.1,1.0,2.1,183677.0,4.8,567.0,0.3,6.3,0.025,24577.0,0.9,14.0,1.3,1.1,0.005,2.83,-1.36,1.0,7.9,5.8,0.0192,33,41,-12,18,90.5,55,-11,44,0.2,0.006142,999999.99,99999.99,99999.99,0.18,0.1,0.08,-1,2007-12-11 22:00:00
2007,345,23,2379,51,52,61,34,7.5,6.0,27.0,315.9,3.8,-3.7,2.7,-4.0,2.3,0.5,4.2,2.1,1.5,3.4,218543.0,4.2,569.0,2.8,3.3,0.041,35438.0,0.4,19.0,1.5,2.9,0.009,2.64,-1.31,1.08,7.8,5.6,0.0197,33,41,-9,18,90.5,151,-76,75,1.2,0.006142,999999.99,99999.99,99999.99,0.23,0.12,0.08,-1,2007-12-11 23:00:00
2007,346,0,2379,51,52,60,35,7.1,6.6,3.9,318.6,4.9,-4.3,0.4,-4.3,0.0,0.3,2.3,1.1,1.0,1.8,236984.0,4.2,559.0,2.2,0.6,0.044,26962.0,0.3,10.0,1.2,1.3,0.005,2.58,-0.0,1.27,8.1,5.6,0.0183,27,48,-10,12,91.1,156,-101,56,0.8,0.006279,999999.99,99999.99,99999.99,0.21,0.11,0.08,-1,2007-12-12 00:00:00
2007,346,1,2379,51,52,65,39,5.7,4.7,3.7,296.0,2.0,-4.2,0.3,-4.2,0.0,0.5,3.0,1.4,1.2,2.4,218289.0,3.2,607.0,0.3,0.7,0.047,35363.0,0.5,19.0,1.1,2.3,0.005,2.34,-0.0,1.42,9.5,6.4,0.0131,27,48,-11,12,91.1,156,-84,72,1.1,0.006279,999999.99,99999.99,99999.99,0.2,0.11,0.08,-1,2007-12-12 01:00:00
2007,346,2,2379,51,52,60,37,5.1,4.5,-77.8,222.7,-0.7,-0.6,-4.4,-0.4,-4.4,0.2,2.3,1.4,1.7,0.7,218335.0,2.8,636.0,2.6,-4.2,0.045,45306.0,0.2,11.0,1.6,0.8,0.006,2.23,2.8,1.55,10.4,6.8,0.0109,27,48,-16,12,91.1,256,-153,102,2.2,0.006279,999999.99,99999.99,99999.99,0.2,0.09,0.06,-1,2007-12-12 02:00:00
2007,346,3,2379,51,52,61,36,4.8,3.4,-1.7,330.6,2.9,-1.7,-0.1,-1.7,-0.1,0.3,3.3,1.1,1.5,2.8,230688.0,2.5,621.0,3.5,-0.6,0.059,23942.0,0.2,12.0,1.4,2.7,0.007,1.99,0.06,1.62,10.2,6.6,0.0114,30,48,-26,15,91.1,262,-125,137,2.8,0.006279,999999.99,99999.99,99999.99,0.22,0.12,0.08,-1,2007-12-12 03:00:00
2007,346,4,2379,51,52,59,38,4.5,3.6,1.1,308.0,2.2,-2.8,0.1,-2.8,0.3,0.1,2.7,1.1,1.0,2.2,215311.0,2.6,623.0,1.7,-1.0,0.051,12814.0,0.1,17.0,1.0,2.4,0.006,2.03,-0.19,1.84,11.2,6.9,0.0095,30,48,-21,15,91.1,105,-4,101,0.8,0.006279,999999.99,99999.99,99999.99,0.18,0.1,0.07,-1,2007-12-12 04:00:00
2007,346,5,2379,51,52,57,34,4.6,3.7,-34.3,289.7,1.0,-2.9,-2.1,-3.1,-1.7,0.2,2.6,2.2,0.6,1.1,201926.0,2.6,631.0,1.4,-3.2,0.044,13586.0,0.2,26.0,0.6,1.2,0.005,2.03,1.07,1.69,11.1,7.1,0.0097,30,48,-20,15,91.1,199,-97,102,1.0,0.006279,999999.99,99999.99,99999.99,0.23,0.12,0.1,-1,2007-12-12 05:00:00
2007,346,6,2379,51,52,62,38,5.0,4.4,16.8,308.8,2.6,-3.3,1.3,-3.0,1.8,0.4,2.2,0.9,1.0,1.7,173056.0,2.6,614.0,1.2,0.3,0.042,23401.0,0.2,11.0,1.0,1.9,0.003,1.91,-1.11,1.3,9.9,6.8,0.0121,33,48,-22,18,91.1,258,-177,80,2.0,0.006279,999999.99,99999.99,99999.99,0.26,0.14,0.1,-1,2007-12-12 06:00:00
2007,346,7,2379,51,52,59,33,5.1,3.8,-27.9,313.4,2.3,-2.4,-1.8,-2.7,-1.3,0.2,3.1,2.0,1.5,1.9,193482.0,2.3,603.0,2.2,-2.2,0.041,36854.0,0.3,23.0,1.6,2.0,0.007,1.63,0.78,1.18,9.0,6.3,0.0148,33,48,-20,18,91.1,208,-74,135,2.5,0.006279,999999.99,99999.99,99999.99,0.22,0.11,0.07,-1,2007-12-12 07:00:00
2007,346,8,2379,51,52,59,36,5.1,4.4,-4.1,304.6,2.5,-3.6,-0.3,-3.6,0.6,0.2,2.4,1.3,1.3,1.5,190798.0,2.2,601.0,1.0,-1.0,0.035,37274.0,0.3,17.0,1.1,1.9,0.005,1.51,-0.36,1.12,8.7,6.2,0.0156,33,48,-23,18,91.1,103,-45,58,0.7,0.006279,999999.99,99999.99,99999.99,0.21,0.11,0.08,-1,2007-12-12 08:00:00
2007,346,9,2379,51,52,59,37,5.2,4.3,-42.2,310.3,2.0,-2.4,-2.9,-3.1,-2.2,0.1,2.8,1.2,1.5,2.1,221271.0,2.5,604.0,1.8,-3.5,0.033,28791.0,0.2,14.0,1.4,1.9,0.003,1.72,1.33,1.34,9.2,6.2,0.0141,30,48,-23,15,91.1,194,-135,59,2.0,0.006279,999999.99,99999.99,99999.99,0.19,0.1,0.07,-1,2007-12-12 09:00:00
2007,346,10,2379,51,52,59,35,5.2,4.3,28.0,333.8,3.4,-1.7,2.0,-1.1,2.4,0.3,2.8,1.2,2.2,1.2,232052.0,2.3,587.0,3.1,1.2,0.038,27265.0,0.4,17.0,2.5,1.4,0.008,1.52,-1.41,1.28,8.6,5.9,0.0162,30,48,-26,15,91.1,382,-302,80,1.1,0.006279,999999.99,99999.99,99999.99,0.19,0.11,0.08,-1,2007-12-12 10:00:00
2007,346,11,2379,51,52,63,39,5.2,4.3,0.5,319.8,3.3,-2.8,0.0,-2.7,0.7,0.1,2.7,1.0,1.5,2.0,257336.0,2.4,586.0,1.4,-2.3,0.038,30426.0,0.3,14.0,1.8,2.5,0.005,1.59,-0.41,1.42,8.7,5.8,0.0156,30,48,-20,15,91.1,182,-155,26,1.0,0.006279,999999.99,99999.99,99999.99,0.21,0.1,0.07,-1,2007-12-12 11:00:00
2007,346,12,2379,51,52,57,34,5.0,3.1,9.4,336.6,2.8,-1.2,0.5,-1.0,0.8,0.3,3.8,1.4,2.7,2.2,251632.0,2.2,590.0,3.1,-1.9,0.038,26414.0,0.2,17.0,3.3,2.7,0.006,1.47,-0.47,1.39,8.8,5.9,0.0155,13,48,-18,5,91.1,55,-23,32,0.3,0.006279,999999.99,99999.99,99999.99,0.2,0.1,0.08,-1,2007-12-12 12:00:00
2007,346,13,2379,51,52,61,35,5.3,4.8,18.2,330.2,3.9,-2.2,1.5,-1.8,1.9,0.3,2.4,1.0,1.5,1.6,181430.0,1.8,577.0,1.4,-1.5,0.028,30451.0,0.3,13.0,1.5,1.9,0.001,1.11,-1.1,0.83,7.3,5.6,0.0223,13,48,-15,5,91.1,47,-22,26,0.3,0.006279,999999.99,99999.99,99999.99,0.2,0.11,0.09,-1,2007-12-12 13:00:00
2007,346,14,2379,51,52,61,36,5.2,4.5,32.5,312.2,2.5,-2.8,2.4,-2.3,2.8,0.1,2.4,0.9,2.1,0.9,173769.0,1.9,597.0,0.5,-0.9,0.03,16718.0,0.2,11.0,3.0,1.2,0.003,1.27,-1.67,0.88,7.9,6.0,0.019,13,48,-14,5,91.1,30,-13,17,0.2,0.006279,999999.99,99999.99,99999.99,0.19,0.1,0.08,-1,2007-12-12 14:00:00
2007,346,15,2379,51,52,59,36,4.7,4.3,22.2,324.8,3.3,-2.3,1.6,-2.1,1.9,0.2,1.8,0.8,1.2,1.0,169502.0,1.8,588.0,0.8,-0.8,0.028,33056.0,0.2,13.0,1.4,1.1,0.003,1.16,-1.12,1.01,8.4,6.1,0.0169,7,48,-14,3,91.1,36,-24,11,0.4,0.006279,999999.99,99999.99,99999.99,0.25,0.12,0.09,-1,2007-12-12 15:00:00
2007,346,16,2379,51,52,65,40,4.9,4.2,36.3,273.9,0.2,-3.4,2.5,-3.2,2.8,0.2,2.4,2.1,0.5,1.1,176268.0,1.5,607.0,0.3,-0.5,0.031,33417.0,0.2,30.0,0.7,1.1,0.004,1.04,-1.7,0.79,7.6,5.8,0.0207,7,48,-17,3,91.1,36,-26,10,0.4,0.006279,999999.99,99999.99,99999.99,0.22,0.11,0.08,-1,2007-12-12 16:00:00
2007,346,17,2379,51,52,57,33,5.1,4.9,25.8,258.4,-0.9,-4.3,2.1,-4.2,2.3,0.2,1.5,0.8,0.7,1.0,159581.0,1.5,613.0,-1.0,-0.9,0.025,34169.0,0.1,13.0,0.9,1.3,0.003,1.04,-1.41,0.69,7.4,5.8,0.022,7,48,-15,3,91.1,18,-14,3,0.2,0.006279,999999.99,99999.99,99999.99,0.18,0.1,0.07,-1,2007-12-12 17:00:00
2007,346,18,2379,51,52,62,35,4.9,4.6,12.6,281.5,0.9,-4.4,1.0,-4.4,1.0,0.1,1.6,1.3,0.8,0.7,173850.0,1.6,594.0,-1.3,-1.5,0.026,34059.0,0.1,14.0,0.7,1.0,0.003,1.04,-0.59,0.84,7.7,5.8,0.0202,10,48,-14,4,91.1,29,-20,9,0.4,0.006279,999999.99,99999.99,99999.99,0.2,0.11,0.08,-1,2007-12-12 18:00:00
2007,346,19,2379,51,52,58,35,4.9,4.6,-1.5,272.7,0.2,-4.6,-0.1,-4.6,-0.3,0.1,1.5,0.8,0.3,1.3,169818.0,1.7,603.0,-1.3,-2.4,0.024,26716.0,0.1,10.0,0.4,1.6,0.003,1.13,0.18,0.88,8.0,6.0,0.0185,10,48,-14,4,91.1,53,-37,16,0.8,0.006279,999999.99,99999.99,99999.99,0.17,0.09,0.06,-1,2007-12-12 19:00:00
2007,346,20,2379,51,52,59,36,4.9,4.3,13.0,283.6,1.0,-4.0,1.0,-4.1,0.7,0.0,2.3,0.7,0.8,2.0,163148.0,1.6,590.0,-0.8,-1.6,0.027,25881.0,0.1,10.0,1.1,2.9,0.0,1.03,-0.41,0.81,7.6,5.8,0.0205,10,48,-16,4,91.1,77,-36,40,0.4,0.006279,999999.99,99999.99,99999.99,0.21,0.11,0.08,-1,2007-12-12 20:00:00
2007,346,21,2379,51,52,59,34,4.9,4.0,-25.6,295.1,1.5,-3.2,-1.7,-3.0,-2.0,0.1,2.5,1.4,1.5,1.5,166685.0,1.7,577.0,-0.2,-4.7,9.999,73933.0,0.2,23.0,2.1,2.6,9.999,1.13,1.15,0.87,7.7,5.8,0.0202,27,48,-15,12,91.1,147,-94,53,1.4,0.006279,999999.99,99999.99,99999.99,0.19,0.09,0.07,-1,2007-12-12 21:00:00
2007,346,22,2379,51,52,60,34,5.0,4.4,3.5,286.0,1.2,-4.2,0.3,-4.2,-0.2,0.1,2.0,1.3,1.0,1.2,146354.0,1.7,580.0,-1.7,-1.5,9.999,32008.0,0.2,15.0,1.4,1.7,9.999,1.14,0.12,0.78,7.6,5.8,0.0208,27,48,-13,12,91.1,117,-81,36,1.2,0.006279,999999.99,99999.99,99999.99,0.19,0.11,0.08,-1,2007-12-12 22:00:00
2007,346,23,2379,51,52,59,36,5.1,4.7,-1.5,284.1,1.1,-4.5,-0.1,-4.5,-0.6,0.1,1.8,0.8,0.4,1.6,153648.0,1.7,572.0,-1.5,-2.2,0.022,22395.0,0.1,12.0,0.7,2.0,0.003,1.01,0.34,0.77,7.3,5.7,0.0222,27,48,-13,12,91.1,93,-46,48,0.5,0.006279,999999.99,99999.99,99999.99,0.17,0.09,0.07,-1,2007-12-12 23:00:00
2007,347,0,2379,51,52,54,24,5.1,4.4,-18.0,305.3,2.4,-3.5,-1.4,-3.3,-1.8,0.1,2.2,0.9,0.7,1.8,139379.0,1.6,559.0,-1.0,-3.2,0.023,24016.0,0.2,12.0,1.1,2.5,0.002,0.91,1.01,0.69,6.9,5.5,0.0248,23,51,-13,9,90.9,63,-22,41,1.0,0.006301,999999.99,99999.99,99999.99,0.26,0.13,0.09,-1,2007-12-13 00:00:00
2007,347,1,2379,51,52,58,33,4.9,4.2,4.0,292.8,1.6,-3.9,0.3,-3.9,0.0,0.3,2.4,1.4,1.2,1.5,158497.0,1.6,562.0,-1.4,-1.6,0.027,26562.0,0.2,17.0,1.4,2.1,0.004,0.94,-0.0,0.8,7.3,5.6,0.0226,23,51,-13,9,90.9,82,-23,59,1.3,0.006301,999999.99,99999.99,99999.99,0.17,0.09,0.08,-1,2007-12-13 01:00:00
2007,347,2,2379,51,52,58,35,5.0,4.8,-22.3,356.2,4.4,-0.3,-1.8,-0.2,-1.8,0.1,1.4,0.2,1.1,0.8,110968.0,1.4,534.0,3.1,-4.2,0.031,19767.0,0.2,8.0,1.5,1.4,0.0,0.75,0.96,0.56,6.3,5.2,0.0298,23,51,-14,9,90.9,72,-12,60,1.0,0.006301,999999.99,99999.99,99999.99,0.23,0.12,0.09,-1,2007-12-13 02:00:00
2007,347,3,2379,51,52,60,35,5.1,4.9,-15.1,5.7,4.7,0.5,-1.3,0.5,-1.3,0.1,1.0,0.2,0.6,0.9,107307.0,1.5,531.0,3.5,-3.2,9.999,17944.0,0.2,7.0,1.0,1.4,9.999,0.85,0.69,0.57,6.4,5.2,0.0293,27,51,-13,12,90.9,30,-5,25,0.2,0.006301,999999.99,99999.99,99999.99,0.2,0.1,0.08,-1,2007-12-13 03:00:00
2007,347,4,2379,51,52,59,36,4.8,4.2,-22.3,14.0,3.8,0.9,-1.6,0.8,-1.6,0.2,2.1,0.9,1.3,1.4,112304.0,1.4,536.0,3.5,-3.9,0.03,29120.0,0.3,14.0,2.1,2.1,0.001,0.75,0.86,0.61,6.6,5.3,0.0273,27,51,-16,12,90.9,153,-52,101,1.4,0.006301,999999.99,99999.99,99999.99,0.19,0.11,0.08,-1,2007-12-13 04:00:00
2007,347,5,2379,51,52,63,38,4.6,4.0,8.9,321.3,3.1,-2.4,0.6,-2.3,0.9,0.1,2.2,1.1,1.5,1.2,128113.0,1.5,534.0,-1.0,-0.1,0.025,26624.0,0.3,18.0,2.0,2.4,0.003,0.79,-0.48,0.76,7.1,5.5,0.0235,27,51,-19,12,90.9,150,-62,88,1.5,0.006301,999999.99,99999.99,99999.99,0.19,0.09,0.06,-1,2007-12-13 05:00:00
2007,347,6,2379,51,52,62,38,4.8,4.3,25.4,274.3,0.3,-3.9,1.8,-3.6,2.4,0.1,1.9,0.7,0.9,1.5,148968.0,1.9,568.0,-2.0,0.5,0.019,19158.0,0.2,12.0,1.2,2.0,0.003,1.1,-1.36,0.95,8.2,6.0,0.0179,10,51,-15,4,90.9,106,-14,92,0.9,0.006301,999999.99,99999.99,99999.99,0.17,0.1,0.07,-1,2007-12-13 06:00:00
2007,347,7,2379,51,52,59,35,4.8,4.0,21.7,261.3,-0.6,-3.7,1.5,-3.3,2.2,0.2,2.4,1.2,0.7,2.0,152171.0,1.8,571.0,-1.6,-0.8,0.02,44004.0,0.1,15.0,1.0,2.5,0.003,1.06,-1.26,0.91,8.0,6.0,0.0187,10,51,-14,4,90.9,34,-5,29,0.1,0.006301,999999.99,99999.99,99999.99,0.24,0.12,0.08,-1,2007-12-13 07:00:00
2007,347,8,2379,51,52,58,33,4.8,4.6,9.4,277.1,0.6,-4.5,0.8,-4.2,1.8,0.1,1.2,0.6,0.4,1.0,146497.0,1.8,557.0,-2.8,-1.4,0.014,13767.0,0.1,6.0,0.3,1.0,0.0,0.98,-1.0,0.89,7.8,5.8,0.0196,10,51,-13,4,90.9,28,-7,21,0.0,0.006301,999999.99,99999.99,99999.99,0.17,0.09,0.07,-1,2007-12-13 08:00:00
2007,347,9,2379,51,52,59,34,4.7,4.4,-2.0,303.2,2.4,-3.7,-0.2,-3.6,0.7,0.1,1.2,0.5,0.3,1.1,128218.0,1.8,531.0,-2.5,-2.1,9.999,13647.0,0.1,9.0,0.7,1.2,9.999,1.02,-0.37,0.87,7.6,5.7,0.0207,10,51,-15,4,90.9,60,-19,41,0.2,0.006301,999999.99,99999.99,99999.99,0.17,0.1,0.08,-1,2007-12-13 09:00:00
2007,347,10,2379,51,52,65,37,4.2,3.3,-13.1,303.0,1.8,-2.7,-0.8,-2.8,-0.1,0.5,2.5,0.8,1.9,1.4,161433.0,1.9,549.0,-0.5,-2.6,0.025,30389.0,0.2,13.0,2.6,1.8,0.004,1.05,0.05,1.3,9.0,6.2,0.0147,10,51,-17,4,90.9,60,-38,22,0.4,0.006301,999999.99,99999.99,99999.99,0.18,0.09,0.07,-1,2007-12-13 10:00:00
2007,347,11,2379,51,52,58,35,3.3,2.1,17.0,19.4,1.9,0.7,0.6,0.8,0.4,0.3,2.5,0.7,1.6,1.7,218108.0,2.1,556.0,3.9,-0.7,0.026,25811.0,0.1,8.0,2.0,2.0,0.003,1.2,-0.22,2.78,12.2,6.6,0.008,10,51,-16,4,90.9,87,-56,32,0.7,0.006301,999999.99,99999.99,99999.99,0.2,0.11,0.07,-1,2007-12-13 11:00:00
2007,347,12,2379,51,52,58,35,3.7,3.3,-18.1,326.1,2.6,-1.8,-1.0,-2.0,-0.6,0.2,1.7,0.6,1.0,1.2,175725.0,1.7,539.0,1.0,-3.3,0.027,32483.0,0.4,14.0,1.7,2.1,0.003,0.91,0.32,1.57,9.5,6.2,0.0132,10,51,-11,4,90.9,168,-159,9,0.9,0.006301,999999.99,99999.99,99999.99,0.19,0.09,0.06,-1,2007-12-13 12:00:00
2007,347,13,2379,51,52,63,39,4.2,2.8,8.0,301.0,1.4,-2.4,0.4,-2.3,0.9,0.5,3.0,1.0,1.9,2.2,158263.0,1.9,563.0,0.6,-2.1,0.024,26112.0,0.3,15.0,1.9,1.8,0.003,1.1,-0.51,1.28,9.2,6.4,0.0139,10,51,-8,4,90.9,100,-82,18,1.0,0.006301,999999.99,99999.99,99999.99,0.17,0.1,0.08,-1,2007-12-13 13:00:00
2007,347,14,2379,51,52,60,33,3.8,2.8,58.5,53.1,0.9,1.2,2.3,1.6,2.1,0.3,2.6,1.4,1.4,1.7,193590.0,2.0,574.0,4.0,-0.2,0.027,27905.0,0.2,13.0,1.3,1.4,0.004,1.22,-1.21,1.86,10.7,6.6,0.0104,10,51,-8,4,90.9,39,-21,18,0.1,0.006301,999999.99,99999.99,99999.99,0.19,0.09,0.07,-1,2007-12-13 14:00:00
2007,347,15,2379,51,52,59,36,3.7,3.0,6.6,358.3,2.9,-0.1,0.3,-0.1,0.3,0.2,2.1,0.6,1.8,0.9,181477.0,1.7,547.0,1.8,-1.8,0.029,52974.0,0.5,19.0,2.0,1.4,0.003,0.95,-0.16,1.6,9.6,6.2,0.0128,10,51,-9,4,90.9,42,-34,8,0.4,0.006301,999999.99,99999.99,99999.99,0.21,0.09,0.07,-1,2007-12-13 15:00:00
2007,347,16,2379,51,52,58,34,3.8,3.2,20.6,332.0,2.6,-1.4,1.1,-1.3,1.2,0.1,2.0,0.8,1.1,1.5,194200.0,1.9,549.0,0.3,-0.9,0.029,22304.0,0.2,11.0,1.3,2.1,0.002,1.07,-0.66,1.77,10.0,6.3,0.012,10,51,-10,4,90.9,57,-52,5,0.6,0.006301,999999.99,99999.99,99999.99,0.22,0.1,0.08,-1,2007-12-13 16:00:00
2007,347,17,2379,51,52,63,39,3.9,3.3,-5.6,317.0,2.4,-2.3,-0.3,-2.3,-0.2,0.1,1.8,0.6,0.7,1.6,171888.0,1.9,546.0,-1.3,-3.2,0.026,19641.0,0.2,11.0,1.0,2.2,0.003,1.04,0.11,1.56,9.6,6.3,0.0128,10,51,-10,4,90.9,36,-25,11,0.5,0.006301,999999.99,99999.99,99999.99,0.19,0.1,0.07,-1,2007-12-13 17:00:00
2007,347,18,2379,51,52,58,36,3.7,3.5,-13.4,287.7,1.0,-3.3,-0.8,-3.3,-0.9,0.1,1.1,0.7,0.3,0.8,155343.0,2.1,557.0,-1.9,-3.6,0.022,10075.0,0.1,10.0,0.2,1.0,0.004,1.18,0.5,1.81,10.9,6.8,0.01,20,51,-12,7,90.9,61,-47,14,0.6,0.006301,999999.99,99999.99,99999.99,0.24,0.13,0.1,-1,2007-12-13 18:00:00
2007,347,19,2379,51,52,59,35,3.6,3.2,21.7,310.0,1.9,-2.3,1.2,-2.4,1.1,0.1,1.6,0.7,0.9,1.1,141490.0,1.9,542.0,-1.4,-1.5,0.022,12901.0,0.2,9.0,1.0,1.4,0.003,1.01,-0.6,1.65,10.4,6.7,0.011,20,51,-13,7,90.9,110,-69,42,0.9,0.006301,999999.99,99999.99,99999.99,0.2,0.1,0.08,-1,2007-12-13 19:00:00
2007,347,20,2379,51,52,58,33,3.8,3.6,5.8,342.6,3.5,-1.1,0.4,-1.1,0.3,0.1,1.1,0.5,0.9,0.5,122010.0,1.6,520.0,-0.4,-2.2,0.025,23075.0,0.2,10.0,1.3,0.9,0.001,0.79,-0.16,1.15,8.7,6.1,0.0159,20,51,-13,7,90.9,61,-26,35,0.2,0.006301,999999.99,99999.99,99999.99,0.18,0.12,0.09,-1,2007-12-13 20:00:00
2007,347,21,2379,51,52,59,36,3.9,3.9,12.4,349.5,3.7,-0.7,0.8,-0.8,0.7,0.1,0.6,0.3,0.5,0.4,112273.0,1.7,511.0,0.9,-1.5,9.999,12264.0,0.2,4.0,0.6,0.6,9.999,0.89,-0.36,1.12,8.5,6.1,0.0163,0,51,-10,0,90.9,31,-12,19,-0.1,0.006301,999999.99,99999.99,99999.99,0.2,0.13,0.09,-1,2007-12-13 21:00:00
2007,347,22,2379,51,52,59,36,4.0,3.9,20.3,336.5,3.4,-1.5,1.4,-1.7,1.2,0.1,0.8,0.4,0.6,0.4,92058.0,1.8,501.0,-0.4,-1.1,0.021,9497.0,0.2,4.0,0.9,0.8,0.005,0.82,-0.6,1.03,8.4,6.1,0.0168,0,51,-9,0,90.9,22,-8,14,-0.1,0.006301,999999.99,99999.99,99999.99,0.2,0.12,0.08,-1,2007-12-13 22:00:00
2007,347,23,2379,51,52,61,37,3.9,3.7,20.9,295.6,1.5,-3.1,1.3,-3.2,0.9,0.2,1.3,1.2,0.4,0.4,97806.0,2.2,497.0,-1.1,-0.1,0.024,12158.0,0.2,6.0,0.7,0.4,0.002,0.99,-0.45,1.36,9.5,6.4,0.0133,0,51,-8,0,90.9,22,-6,16,0.0,0.006301,999999.99,99999.99,99999.99,0.19,0.1,0.08,-1,2007-12-13 23:00:00
2007,348,0,2379,51,52,60,34,4.2,4.1,11.5,259.6,-0.7,-4.0,0.8,-4.1,0.3,0.1,0.6,0.4,0.2,0.4,74104.0,2.4,508.0,-1.1,-0.6,0.025,8133.0,0.1,6.0,0.3,0.5,0.004,1.14,-0.15,1.15,9.4,6.6,0.0136,7,41,-8,3,89.0,23,-8,15,0.1,0.00629,999999.99,99999.99,99999.99,0.2,0.11,0.08,-1,2007-12-14 00:00:00
2007,348,1,2379,51,52,61,38,4.1,3.9,10.9,258.2,-0.8,-3.7,0.7,-3.7,0.4,0.1,1.2,0.7,0.3,0.8,68568.0,2.1,508.0,-2.1,-0.8,0.024,15346.0,0.2,9.0,0.4,1.0,0.002,0.99,-0.2,1.02,9.0,6.5,0.0148,7,41,-8,3,89.0,29,-13,16,0.5,0.00629,999999.99,99999.99,99999.99,0.19,0.1,0.09,-1,2007-12-14 01:00:00
2007,348,2,2379,51,52,59,35,4.1,3.4,13.2,271.4,0.1,-3.3,0.8,-3.3,0.6,0.1,2.2,1.5,0.5,1.5,77295.0,2.0,504.0,-1.5,-0.9,0.029,15758.0,0.3,12.0,0.7,2.1,0.004,0.95,-0.3,1.02,8.7,6.3,0.0157,7,41,-7,3,89.0,24,-8,16,0.8,0.00629,999999.99,99999.99,99999.99,0.17,0.08,0.06,-1,2007-12-14 02:00:00
2007,348,3,2379,51,52,58,32,4.1,3.3,-7.9,296.6,1.5,-2.9,-0.5,-2.9,-0.5,0.3,2.3,1.5,0.9,1.4,77154.0,1.8,497.0,-1.3,-2.1,0.037,24996.0,0.2,15.0,1.4,1.6,0.011,0.85,0.25,0.92,8.1,6.1,0.018,17,41,-7,6,89.0,31,-6,24,0.4,0.00629,999999.99,99999.99,99999.99,0.24,0.12,0.08,-1,2007-12-14 03:00:00
2007,348,4,2379,51,52,60,36,3.5,3.0,-2.0,330.1,2.6,-1.5,-0.1,-1.5,0.0,0.1,1.6,0.5,0.8,1.3,105101.0,1.9,494.0,0.5,-0.4,0.056,10902.0,0.1,7.0,1.0,1.9,0.005,0.95,-0.0,1.51,9.7,6.4,0.0126,17,41,-8,6,89.0,44,-8,36,0.5,0.00629,999999.99,99999.99,99999.99,0.17,0.1,0.08,-1,2007-12-14 04:00:00
2007,348,5,2379,51,52,60,37,3.2,1.8,15.1,305.9,1.0,-1.4,0.5,-1.3,0.6,0.2,2.6,1.3,1.1,1.9,103035.0,2.4,501.0,0.2,0.5,0.049,14914.0,0.2,12.0,1.3,2.1,0.005,1.2,-0.3,2.26,12.1,7.1,0.0081,17,41,-6,6,89.0,45,-7,38,0.3,0.00629,999999.99,99999.99,99999.99,0.17,0.1,0.06,-1,2007-12-14 05:00:00
2007,348,6,2379,51,52,60,37,3.2,2.8,35.8,334.5,2.1,-1.0,1.7,-0.7,1.8,0.1,1.4,0.7,0.9,0.8,103920.0,2.5,485.0,0.4,2.0,0.05,8661.0,0.1,7.0,0.9,0.8,0.004,1.18,-0.87,2.36,12.0,6.9,0.0083,7,41,-7,3,89.0,38,-4,34,0.4,0.00629,999999.99,99999.99,99999.99,0.2,0.11,0.08,-1,2007-12-14 06:00:00
2007,348,7,2379,51,52,58,35,3.3,2.6,-13.9,338.8,2.3,-0.9,-0.6,-1.0,-0.4,0.1,2.0,0.5,1.2,1.5,100494.0,2.5,479.0,0.5,-1.1,0.05,8951.0,0.1,6.0,1.6,1.8,0.004,1.15,0.19,2.19,11.5,6.8,0.009,7,41,-10,3,89.0,32,-3,29,0.1,0.00629,999999.99,99999.99,99999.99,0.2,0.12,0.1,-1,2007-12-14 07:00:00
2007,348,8,2379,51,52,61,38,3.3,2.6,-33.5,332.9,1.9,-1.0,-1.4,-1.3,-1.1,0.2,2.0,1.1,1.4,0.9,106158.0,2.4,483.0,0.2,-2.3,0.051,16023.0,0.2,12.0,1.6,1.2,0.005,1.13,0.53,2.15,11.3,6.7,0.0093,7,41,-12,3,89.0,47,-29,19,0.3,0.00629,999999.99,99999.99,99999.99,0.23,0.1,0.07,-1,2007-12-14 08:00:00
2007,348,9,2379,51,52,60,36,3.6,3.2,-23.0,356.8,2.9,-0.2,-1.3,-0.5,-1.2,0.1,1.5,0.6,1.2,0.8,106622.0,2.5,472.0,0.6,-2.8,0.049,8834.0,0.2,8.0,1.8,1.0,0.003,1.11,0.57,1.89,10.4,6.4,0.0111,20,41,-12,7,89.0,157,-143,14,0.9,0.00629,999999.99,99999.99,99999.99,0.2,0.1,0.08,-1,2007-12-14 09:00:00
2007,348,10,2379,51,52,61,35,3.9,2.2,25.9,302.8,1.1,-1.6,0.9,-1.3,1.3,0.3,3.2,1.9,1.5,2.1,105351.0,2.4,486.0,-0.9,-0.8,0.051,19288.0,0.2,16.0,1.3,1.8,0.006,1.14,-0.63,1.53,9.7,6.3,0.0128,20,41,-11,7,89.0,266,-219,47,1.6,0.00629,999999.99,99999.99,99999.99,0.2,0.1,0.07,-1,2007-12-14 10:00:00
2007,348,11,2379,51,52,60,37,4.0,3.7,43.5,244.4,-1.2,-2.4,2.6,-1.7,3.1,0.1,1.3,0.9,0.7,0.5,92679.0,2.4,497.0,-1.3,0.2,0.053,9267.0,0.2,6.0,0.7,0.7,0.005,1.2,-1.54,1.38,9.6,6.5,0.0128,20,41,-7,7,89.0,35,-8,27,0.2,0.00629,999999.99,99999.99,99999.99,0.21,0.12,0.08,-1,2007-12-14 11:00:00
2007,348,12,2379,51,52,58,34,3.4,2.3,10.1,284.0,0.6,-2.2,0.4,-2.1,0.9,0.5,2.5,0.9,1.2,1.9,102384.0,2.4,487.0,-0.6,-1.3,0.055,18109.0,0.2,6.0,1.2,1.6,0.006,1.16,-0.44,1.99,11.1,6.7,0.0097,7,41,-5,3,89.0,26,-12,15,0.4,0.00629,999999.99,99999.99,99999.99,0.22,0.12,0.09,-1,2007-12-14 12:00:00
2007,348,13,2379,51,52,60,35,3.2,2.8,16.3,324.3,2.2,-1.6,0.8,-1.4,1.1,0.6,1.6,0.9,1.0,0.9,111253.0,2.3,481.0,0.5,-0.2,0.064,20770.0,0.2,11.0,1.2,1.3,0.008,1.12,-0.53,2.24,11.4,6.7,0.0092,7,41,-5,3,89.0,13,-6,7,0.1,0.00629,999999.99,99999.99,99999.99,0.18,0.1,0.07,-1,2007-12-14 13:00:00
2007,348,14,2379,51,52,62,38,3.2,2.7,13.1,286.4,0.7,-2.5,0.6,-2.4,1.0,0.1,1.6,0.9,0.7,1.1,98154.0,2.2,490.0,-0.7,-0.2,0.063,12020.0,0.1,9.0,1.4,1.5,0.006,1.1,-0.49,2.02,11.4,6.8,0.0092,7,41,-6,3,89.0,15,-13,3,0.2,0.00629,999999.99,99999.99,99999.99,0.21,0.11,0.08,-1,2007-12-14 14:00:00
2007,348,15,2379,51,52,59,36,3.0,2.2,17.6,307.4,1.3,-1.7,0.7,-1.6,0.9,0.3,2.0,0.9,1.3,1.2,102243.0,2.2,485.0,0.1,-0.2,0.062,17559.0,0.1,8.0,1.8,1.5,0.007,1.08,-0.44,2.35,12.0,6.9,0.0083,10,41,-6,4,89.0,23,-20,3,0.3,0.00629,999999.99,99999.99,99999.99,0.18,0.1,0.07,-1,2007-12-14 15:00:00
2007,348,16,2379,51,52,65,38,3.2,2.5,0.6,271.4,0.1,-2.5,0.0,-2.5,0.2,0.4,1.9,1.5,0.4,1.1,91013.0,2.3,495.0,-0.9,-1.1,0.063,14209.0,0.2,13.0,0.5,1.1,0.008,1.18,-0.1,2.05,11.7,7.0,0.0086,10,41,-6,4,89.0,73,-71,3,0.7,0.00629,999999.99,99999.99,99999.99,0.2,0.11,0.07,-1,2007-12-14 16:00:00
2007,348,17,2379,51,52,56,33,3.5,2.4,-17.1,253.9,-0.6,-2.2,-0.7,-2.2,-0.7,0.1,2.5,1.5,0.6,1.8,76014.0,2.1,500.0,-0.4,-1.7,0.067,7820.0,0.2,12.0,0.7,1.8,0.005,1.11,0.35,1.46,10.4,6.9,0.0111,10,41,-7,4,89.0,42,-32,11,0.6,0.00629,999999.99,99999.99,99999.99,0.2,0.12,0.09,-1,2007-12-14 17:00:00
2007,348,18,2379,51,52,62,38,3.4,3.0,11.8,264.6,-0.3,-2.9,0.6,-2.9,0.5,0.2,1.6,1.0,0.5,1.2,82792.0,2.1,493.0,-1.4,-0.4,0.07,9136.0,0.1,10.0,0.5,1.2,0.005,1.09,-0.25,1.6,10.5,6.8,0.0108,13,41,-9,5,89.0,61,-49,13,0.6,0.00629,999999.99,99999.99,99999.99,0.18,0.11,0.08,-1,2007-12-14 18:00:00
2007,348,19,2379,51,52,56,34,2.9,2.3,17.5,289.1,0.7,-2.0,0.7,-2.0,0.6,0.2,1.7,1.4,0.6,0.8,100878.0,2.1,478.0,-0.6,-0.5,0.073,18817.0,0.2,12.0,0.9,1.0,0.006,1.04,-0.29,2.38,11.9,6.8,0.0083,13,41,-10,5,89.0,43,-26,17,0.3,0.00629,999999.99,99999.99,99999.99,0.18,0.1,0.08,-1,2007-12-14 19:00:00
2007,348,20,2379,51,52,60,37,2.7,2.1,10.0,322.5,1.7,-1.3,0.4,-1.3,0.3,0.2,1.7,0.8,1.0,1.1,94689.0,2.0,474.0,0.2,-0.8,0.074,10039.0,0.1,6.0,1.3,1.3,0.006,0.97,-0.14,2.55,12.4,6.9,0.0077,13,41,-8,5,89.0,37,-19,18,0.4,0.00629,999999.99,99999.99,99999.99,0.19,0.11,0.09,-1,2007-12-14 20:00:00
2007,348,21,2379,51,52,60,35,2.3,1.7,28.8,309.4,1.0,-1.2,0.8,-1.3,0.6,0.4,1.4,1.1,0.7,0.6,107515.0,2.2,483.0,0.3,0.3,0.067,13450.0,0.1,8.0,0.8,0.6,0.006,1.09,-0.29,4.08,15.6,7.3,0.0049,3,41,-10,2,89.0,36,-11,25,0.2,0.00629,999999.99,99999.99,99999.99,0.17,0.1,0.07,-1,2007-12-14 21:00:00
2007,348,22,2379,51,52,57,35,2.5,1.5,4.5,322.4,1.2,-0.9,0.1,-0.9,0.0,0.2,2.0,1.7,1.0,0.4,106317.0,2.1,472.0,0.2,-0.3,0.073,14446.0,0.1,17.0,1.0,0.5,0.009,1.01,-0.0,3.28,13.7,7.0,0.0064,3,41,-11,2,89.0,29,-9,19,0.2,0.00629,999999.99,99999.99,99999.99,0.21,0.13,0.09,-1,2007-12-14 22:00:00
2007,348,23,2379,51,52,62,35,2.2,1.3,23.6,293.3,0.5,-1.1,0.5,-1.2,0.3,0.5,1.7,1.3,0.8,0.8,102042.0,2.4,479.0,0.2,0.0,0.056,14531.0,0.2,10.0,0.9,0.6,0.01,1.13,-0.14,4.75,16.9,7.5,0.0042,3,41,-10,2,89.0,21,-6,14,0.2,0.00629,999999.99,99999.99,99999.99,0.24,0.13,0.1,-1,2007-12-14 23:00:00
2007,349,0,2379,51,52,61,35,2.6,2.0,0.6,310.0,1.3,-1.6,0.0,-1.6,-0.2,0.1,1.4,1.2,0.5,0.7,90407.0,2.2,463.0,-0.7,-0.5,0.068,7888.0,0.1,9.0,0.6,0.8,0.007,1.0,0.09,2.96,13.2,7.0,0.0068,3,38,-10,2,86.1,19,-8,11,0.2,0.006298,999999.99,99999.99,99999.99,0.19,0.1,0.07,-1,2007-12-15 00:00:00
2007,349,1,2379,51,52,59,32,2.7,2.3,20.2,295.9,1.0,-2.0,0.8,-2.1,0.6,0.1,1.4,0.7,0.6,1.0,83423.0,2.4,462.0,-0.8,0.5,0.055,4990.0,0.1,9.0,0.5,1.0,0.003,1.04,-0.28,2.9,13.3,7.1,0.0068,3,38,-10,2,86.1,17,-8,10,0.3,0.006298,999999.99,99999.99,99999.99,0.2,0.1,0.08,-1,2007-12-15 01:00:00
2007,349,2,2379,51,52,61,36,2.6,2.2,22.8,261.7,-0.3,-2.0,0.8,-2.0,0.7,0.3,1.4,0.9,0.6,1.0,79470.0,2.3,468.0,-0.7,0.4,0.063,9402.0,0.2,5.0,0.6,0.9,0.005,1.05,-0.33,2.94,13.6,7.3,0.0064,3,38,-8,2,86.1,19,-6,14,0.3,0.006298,999999.99,99999.99,99999.99,0.23,0.14,0.1,-1,2007-12-15 02:00:00
2007,349,3,2379,51,52,58,34,3.5,3.4,-9.6,232.3,-2.0,-2.6,-0.6,-2.6,-0.6,0.2,0.8,0.4,0.4,0.5,59909.0,2.0,472.0,-0.8,-1.2,0.055,8701.0,0.2,6.0,0.6,0.6,0.004,0.91,0.28,1.28,9.5,6.6,0.0131,3,38,-6,2,86.1,26,-6,20,0.3,0.006298,999999.99,99999.99,99999.99,0.19,0.13,0.08,-1,2007-12-15 03:00:00
2007,349,4,2379,51,52,59,35,3.1,2.9,-13.7,260.9,-0.5,-2.8,-0.7,-2.8,-0.6,0.2,1.0,0.6,0.3,0.8,69090.0,2.5,458.0,-1.1,-1.3,0.056,9875.0,0.3,3.0,0.4,0.3,0.003,1.07,0.27,2.14,11.7,6.9,0.0087,3,38,-5,2,86.1,39,-8,31,0.3,0.006298,999999.99,99999.99,99999.99,0.17,0.11,0.09,-1,2007-12-15 04:00:00
2007,349,5,2379,51,52,59,33,3.2,2.8,23.7,288.0,0.8,-2.4,1.1,-2.3,1.3,0.4,1.6,0.7,1.1,0.9,68085.0,2.6,453.0,-0.8,-0.3,0.057,8816.0,0.3,4.0,0.7,0.7,0.007,1.09,-0.59,2.08,11.4,6.8,0.0091,3,38,-4,2,86.1,46,-5,41,0.5,0.006298,999999.99,99999.99,99999.99,0.19,0.1,0.08,-1,2007-12-15 05:00:00
2007,349,6,2379,51,52,60,35,2.9,2.5,41.5,0.0,1.9,0.0,1.6,0.2,1.6,0.1,1.5,0.8,1.1,0.7,66391.0,2.9,439.0,0.8,0.7,0.058,4231.0,0.2,4.0,0.7,0.5,0.005,1.15,-0.7,2.79,12.9,7.0,0.0072,3,38,0,2,86.1,43,-3,40,0.6,0.006298,999999.99,99999.99,99999.99,0.21,0.11,0.09,-1,2007-12-15 06:00:00
2007,349,7,2379,51,52,60,37,3.0,2.4,34.4,245.1,-0.8,-1.8,1.4,-1.5,1.7,0.3,1.7,0.6,0.8,1.4,59116.0,3.2,445.0,0.1,-0.1,0.055,6705.0,0.2,2.0,0.7,0.6,0.006,1.29,-0.76,2.77,13.3,7.2,0.0068,3,38,3,2,86.1,20,-1,18,0.1,0.006298,999999.99,99999.99,99999.99,0.2,0.09,0.06,-1,2007-12-15 07:00:00
2007,349,8,2379,51,52,60,33,2.2,2.1,27.8,229.7,-1.2,-1.4,1.0,-1.1,1.3,0.7,1.0,0.5,0.6,0.6,59072.0,3.4,446.0,-0.1,-0.2,0.055,9598.0,0.3,3.0,0.3,0.4,0.005,1.38,-0.58,5.48,18.7,7.8,0.0034,3,38,3,2,86.1,16,-3,13,0.0,0.006298,999999.99,99999.99,99999.99,0.21,0.1,0.07,-1,2007-12-15 08:00:00
2007,349,9,2379,51,52,58,32,2.3,1.9,-9.9,198.0,-1.8,-0.6,-0.3,-0.7,-0.1,1.0,1.6,1.4,0.6,0.2,47255.0,3.2,439.0,0.3,-0.6,0.05,17917.0,0.3,10.0,0.7,0.3,0.005,1.24,0.04,4.42,17.1,7.8,0.0041,10,38,0,4,86.1,21,-11,9,0.2,0.006298,999999.99,99999.99,99999.99,0.18,0.11,0.08,-1,2007-12-15 09:00:00
2007,349,10,2379,51,52,60,37,1.7,1.4,-6.7,233.6,-0.8,-1.1,-0.2,-1.1,0.1,0.8,1.2,0.6,0.7,0.7,64855.0,3.2,435.0,0.3,-0.5,0.052,9621.0,0.2,2.0,0.5,0.2,0.003,1.22,-0.04,8.9,22.9,7.8,0.0023,10,38,-4,4,86.1,19,-15,4,0.1,0.006298,999999.99,99999.99,99999.99,0.2,0.11,0.08,-1,2007-12-15 10:00:00
2007,349,11,2379,51,52,60,37,2.8,2.8,-13.4,211.8,-2.3,-1.4,-0.6,-1.5,-0.3,0.4,0.7,0.4,0.4,0.5,57699.0,2.6,432.0,0.4,-0.4,0.053,12823.0,0.2,3.0,0.3,0.2,0.006,0.98,0.13,2.57,12.4,6.9,0.0077,10,38,-4,4,86.1,37,-38,-1,0.1,0.006298,999999.99,99999.99,99999.99,0.21,0.1,0.08,-1,2007-12-15 11:00:00
2007,349,12,2379,51,52,59,36,2.9,1.9,-55.7,234.7,-0.6,-0.9,-1.5,-1.2,-1.3,0.4,2.1,1.4,1.4,0.8,61126.0,2.8,423.0,0.3,-0.6,0.054,9672.0,0.2,4.0,0.4,0.8,0.007,1.02,0.55,2.62,12.2,6.8,0.008,3,38,-6,2,86.1,57,-57,0,0.3,0.006298,999999.99,99999.99,99999.99,0.23,0.14,0.1,-1,2007-12-15 12:00:00
2007,349,13,2379,51,52,58,36,3.1,3.0,-25.8,11.6,2.6,0.5,-1.3,0.2,-1.4,0.1,0.8,0.2,0.7,0.2,69135.0,2.8,419.0,0.1,0.1,0.066,3792.0,0.1,2.0,0.3,0.3,0.005,1.04,0.59,2.39,11.3,6.5,0.0093,3,38,-9,2,86.1,114,-111,3,0.4,0.006298,999999.99,99999.99,99999.99,0.24,0.13,0.09,-1,2007-12-15 13:00:00
2007,349,14,2379,51,52,60,36,2.8,2.5,-14.1,19.6,2.2,0.8,-0.6,0.7,-0.7,0.4,1.4,0.9,0.9,0.6,69729.0,2.6,413.0,0.1,0.1,0.067,8466.0,0.1,3.0,0.2,0.3,0.005,0.94,0.29,2.73,11.9,6.5,0.0084,3,38,-10,2,86.1,62,-60,2,0.3,0.006298,999999.99,99999.99,99999.99,0.19,0.11,0.1,-1,2007-12-15 14:00:00
2007,349,15,2379,51,52,58,36,2.0,1.4,-33.9,271.4,0.0,-1.2,-0.8,-1.3,-0.7,0.3,1.4,0.9,0.9,0.6,81039.0,2.9,408.0,0.5,0.3,0.06,7437.0,0.2,5.0,0.5,0.3,0.004,1.0,0.29,6.32,17.4,6.8,0.0039,10,38,-10,4,86.1,40,-36,4,0.5,0.006298,999999.99,99999.99,99999.99,0.18,0.1,0.07,-1,2007-12-15 15:00:00
2007,349,16,2379,51,52,60,37,2.7,2.6,-13.3,10.3,2.5,0.4,-0.6,0.4,-0.6,0.2,0.9,0.3,0.7,0.4,77327.0,2.9,401.0,1.0,0.4,0.064,5859.0,0.2,3.0,0.3,0.3,0.004,0.98,0.24,3.4,12.6,6.4,0.0074,10,38,-10,4,86.1,47,-40,7,0.4,0.006298,999999.99,99999.99,99999.99,0.21,0.11,0.09,-1,2007-12-15 16:00:00
2007,349,17,2379,51,52,58,33,2.6,2.5,-22.4,16.8,2.3,0.7,-1.0,0.7,-1.0,0.2,0.6,0.3,0.3,0.5,77256.0,2.8,401.0,-0.2,0.9,0.06,5216.0,0.1,2.0,0.3,0.2,0.002,0.93,0.4,3.54,12.9,6.4,0.0071,10,38,-8,4,86.1,34,-15,18,0.2,0.006298,999999.99,99999.99,99999.99,0.16,0.09,0.07,-1,2007-12-15 17:00:00
2007,349,18,2379,51,52,61,37,2.5,2.2,-20.3,342.6,2.0,-0.6,-0.8,-0.6,-0.8,0.3,1.1,0.8,0.5,0.4,70372.0,2.7,399.0,-0.9,0.8,0.058,4694.0,0.1,3.0,0.4,0.2,0.003,0.88,0.32,3.57,13.1,6.5,0.0069,3,38,-7,2,86.1,19,-10,9,0.1,0.006298,999999.99,99999.99,99999.99,0.18,0.11,0.09,-1,2007-12-15 18:00:00
2007,349,19,2379,51,52,57,35,2.2,1.7,32.8,205.9,-1.3,-0.6,0.9,-0.7,0.9,0.6,1.5,1.4,0.4,0.4,71518.0,2.6,396.0,-1.1,0.4,0.05,8041.0,0.4,6.0,0.3,0.3,0.004,0.82,-0.36,4.47,14.5,6.6,0.0056,3,38,-6,2,86.1,15,-10,4,0.1,0.006298,999999.99,99999.99,99999.99,0.19,0.11,0.09,-1,2007-12-15 19:00:00
2007,349,20,2379,51,52,63,38,2.1,2.0,4.0,176.8,-2.0,0.1,0.1,0.1,0.1,0.7,0.9,0.7,0.3,0.3,71198.0,2.8,391.0,-1.4,-0.2,0.047,11619.0,0.2,4.0,0.4,0.4,0.002,0.85,-0.04,5.27,15.6,6.6,0.0049,3,38,-5,2,86.1,21,-13,7,-0.0,0.006298,999999.99,99999.99,99999.99,0.19,0.1,0.08,-1,2007-12-15 20:00:00
2007,349,21,2379,51,52,60,34,3.0,2.9,18.8,166.1,-2.7,0.7,0.9,0.6,1.0,0.2,0.6,0.3,0.3,0.4,52687.0,2.9,396.0,-1.3,-0.2,0.045,4376.0,0.1,3.0,0.4,0.4,0.002,0.9,-0.4,2.43,11.2,6.4,0.0094,3,38,-6,2,86.1,16,-8,8,-0.1,0.006298,999999.99,99999.99,99999.99,0.24,0.13,0.08,-1,2007-12-15 21:00:00
2007,349,22,2379,51,52,58,36,3.2,3.1,-17.4,174.7,-2.9,0.3,-0.9,0.4,-0.8,0.3,1.1,0.5,0.7,0.7,50988.0,2.9,393.0,-1.9,-1.1,0.043,3795.0,0.3,2.0,0.2,0.3,0.002,0.88,0.31,2.11,10.5,6.2,0.0109,3,38,-8,2,86.1,14,-4,10,-0.1,0.006298,999999.99,99999.99,99999.99,0.24,0.14,0.09,-1,2007-12-15 22:00:00
2007,349,23,2379,51,52,60,37,2.4,2.0,-26.1,253.3,-0.5,-1.7,-0.9,-1.6,-1.1,0.3,1.5,0.8,0.8,1.0,47944.0,3.3,390.0,-2.3,-1.5,0.045,4630.0,0.2,2.0,0.4,0.4,0.005,0.99,0.43,4.2,14.8,6.9,0.0055,3,38,-7,2,86.1,18,-5,13,0.3,0.006298,999999.99,99999.99,99999.99,0.18,0.09,0.07,-1,2007-12-15 23:00:00
2007,350,0,2379,51,52,60,37,3.0,2.4,26.9,244.2,-0.9,-1.9,1.1,-2.0,0.8,0.1,1.7,0.7,0.9,1.3,38565.0,3.4,394.0,-1.6,-0.2,0.04,5066.0,0.2,3.0,0.9,0.8,0.006,1.02,-0.32,2.62,12.1,6.7,0.0081,7,31,-8,3,79.1,20,-12,8,0.4,0.006213,999999.99,99999.99,99999.99,0.19,0.11,0.09,-1,2007-12-16 00:00:00
2007,350,1,2379,51,52,60,34,2.8,1.8,-0.2,282.6,0.4,-1.8,0.0,-1.8,-0.2,0.5,2.0,1.2,0.5,1.6,60426.0,3.3,387.0,-1.7,-0.9,0.049,15478.0,0.3,6.0,0.7,0.9,0.005,0.99,0.08,3.31,12.6,6.4,0.0075,7,31,-6,3,79.1,21,-11,11,0.5,0.006213,999999.99,99999.99,99999.99,0.22,0.13,0.1,-1,2007-12-16 01:00:00
2007,350,2,2379,51,52,60,35,3.7,3.4,-10.8,252.0,-1.0,-3.2,-0.6,-3.2,-0.8,0.2,1.4,0.6,0.3,1.2,48727.0,3.7,389.0,-2.4,-1.1,0.044,2721.0,0.2,3.0,0.2,0.4,0.003,1.1,0.31,1.99,10.1,6.1,0.0116,7,31,-3,3,79.1,27,-5,22,0.6,0.006213,999999.99,99999.99,99999.99,0.19,0.1,0.07,-1,2007-12-16 02:00:00
2007,350,3,2379,51,52,57,36,3.3,2.5,-21.0,281.9,0.5,-2.3,-0.9,-2.3,-0.9,0.2,2.2,0.7,0.7,1.9,54401.0,3.8,385.0,-2.1,-2.0,0.047,6863.0,0.2,4.0,0.9,1.5,0.003,1.12,0.35,2.65,11.4,6.3,0.0092,7,31,-3,3,79.1,35,-5,30,0.5,0.006213,999999.99,99999.99,99999.99,0.2,0.12,0.09,-1,2007-12-16 03:00:00
2007,350,4,2379,51,52,59,36,3.1,2.0,10.4,277.9,0.3,-1.9,0.4,-1.9,0.5,0.3,2.3,1.6,0.7,1.5,52942.0,4.2,385.0,-1.3,-1.1,0.047,7334.0,0.2,8.0,0.7,1.0,0.003,1.24,-0.19,3.3,12.7,6.5,0.0073,7,31,-4,3,79.1,35,-5,30,0.4,0.006213,999999.99,99999.99,99999.99,0.19,0.1,0.08,-1,2007-12-16 04:00:00
2007,350,5,2379,51,52,59,2,3.4,3.2,12.0,336.6,2.9,-1.2,0.7,-1.1,0.8,0.2,1.1,0.2,0.3,1.0,49487.0,3.9,370.0,-1.9,-2.2,0.052,0.0,0.0,0.0,0.0,0.0,0.0,1.08,-0.3,2.5,10.7,6.0,0.0103,7,31,-3,3,79.1,32,-5,27,0.8,0.006213,999999.99,99999.99,99999.99,0.21,0.13,0.1,-1,2007-12-16 05:00:00
2007,350,6,2379,51,51,61,10,3.8,3.7,31.9,342.8,3.0,-0.9,2.0,-0.6,2.1,0.1,0.6,0.2,0.5,0.3,54966.0,4.8,365.0,-1.2,1.1,9.999,7829.0,0.2,1.0,0.8,0.3,9.999,1.28,-0.77,2.54,10.5,5.9,0.0107,3,31,1,2,79.1,25,-2,22,0.2,0.006213,999999.99,99999.99,99999.99,0.17,0.11,0.09,-1,2007-12-16 06:00:00
2007,350,7,2379,51,52,59,18,3.7,3.6,51.5,2.9,2.2,0.1,2.8,0.6,2.7,0.1,1.0,0.5,0.7,0.4,48727.0,4.6,366.0,-0.1,1.3,0.044,2212.0,0.1,2.0,0.2,0.3,0.002,1.21,-0.99,2.48,10.6,6.0,0.0106,3,31,4,2,79.1,15,0,15,0.1,0.006213,999999.99,99999.99,99999.99,0.25,0.13,0.09,-1,2007-12-16 07:00:00
2007,350,8,2379,51,52,60,37,3.1,2.2,39.0,285.8,0.5,-1.6,1.4,-1.3,1.7,0.3,2.2,1.0,1.7,1.0,56978.0,4.6,373.0,-1.4,-0.7,0.046,5926.0,0.2,6.0,1.1,1.0,0.004,1.27,-0.63,3.69,12.9,6.3,0.0071,3,31,4,2,79.1,16,-2,14,0.1,0.006213,999999.99,99999.99,99999.99,0.24,0.12,0.08,-1,2007-12-16 08:00:00
2007,350,9,2379,51,52,59,36,3.1,2.8,-33.4,317.3,1.7,-1.6,-1.5,-1.9,-1.1,0.1,1.2,0.8,0.8,0.5,57724.0,4.4,367.0,-0.9,-2.5,0.047,6226.0,0.2,4.0,0.8,0.6,0.006,1.18,0.4,3.54,12.4,6.2,0.0077,0,31,2,0,79.1,29,-7,22,0.2,0.006213,999999.99,99999.99,99999.99,0.22,0.1,0.08,-1,2007-12-16 09:00:00
2007,350,10,2379,51,52,64,36,3.0,2.0,11.0,281.7,0.4,-1.9,0.4,-1.8,0.8,0.4,2.2,1.4,0.7,1.6,56384.0,4.5,372.0,-1.4,-0.7,0.041,5865.0,0.2,6.0,0.5,1.2,0.005,1.21,-0.3,3.84,13.2,6.3,0.0069,0,31,1,0,79.1,22,-9,14,-0.0,0.006213,999999.99,99999.99,99999.99,0.23,0.13,0.09,-1,2007-12-16 10:00:00
2007,350,11,2379,51,52,58,36,2.4,1.8,33.1,205.4,-1.3,-0.6,1.0,-0.4,1.1,0.4,1.6,0.9,1.1,0.7,55566.0,4.3,373.0,0.3,-0.2,0.036,6989.0,0.2,4.0,0.7,0.4,0.002,1.14,-0.41,5.71,16.1,6.6,0.0046,0,31,4,0,79.1,22,-20,2,-0.1,0.006213,999999.99,99999.99,99999.99,0.21,0.12,0.09,-1,2007-12-16 11:00:00
2007,350,12,2379,51,52,58,35,2.4,1.4,58.4,294.5,0.3,-0.7,1.2,-0.4,1.3,0.3,1.9,1.0,1.4,0.8,58483.0,4.4,363.0,0.1,-0.4,0.038,4229.0,0.1,5.0,0.9,0.5,0.002,1.12,-0.47,5.94,15.9,6.4,0.0047,0,31,4,0,79.1,16,-13,3,-0.0,0.006213,999999.99,99999.99,99999.99,0.23,0.13,0.1,-1,2007-12-16 12:00:00
2007,350,13,2379,51,52,59,36,3.3,3.1,-22.0,266.1,-0.2,-2.8,-1.2,-3.0,-0.7,0.1,1.1,0.8,0.3,0.6,49576.0,4.4,364.0,-1.1,-1.6,0.035,4185.0,0.3,4.0,0.3,0.4,0.003,1.11,0.25,2.99,11.6,6.1,0.0089,0,31,2,0,79.1,11,-10,1,0.2,0.006213,999999.99,99999.99,99999.99,0.17,0.11,0.08,-1,2007-12-16 13:00:00
2007,350,14,2379,51,52,62,35,3.3,3.0,-38.3,274.0,0.2,-2.4,-1.9,-2.6,-1.5,0.2,1.3,1.0,0.5,0.7,49552.0,4.4,358.0,-1.7,-2.1,0.033,3590.0,0.2,3.0,0.3,0.3,0.003,1.07,0.54,2.99,11.4,6.0,0.0092,0,31,-3,0,79.1,94,-92,1,0.4,0.006213,999999.99,99999.99,99999.99,0.21,0.1,0.07,-1,2007-12-16 14:00:00
2007,350,15,2379,51,52,59,36,3.3,2.7,-19.2,276.5,0.3,-2.6,-0.9,-2.7,-0.6,0.2,1.8,1.0,0.7,1.2,49590.0,4.5,358.0,-2.1,-1.7,0.034,4272.0,0.2,4.0,0.7,0.8,0.004,1.09,0.21,3.06,11.5,6.0,0.009,7,31,-6,3,79.1,73,-74,-1,0.5,0.006213,999999.99,99999.99,99999.99,0.2,0.12,0.09,-1,2007-12-16 15:00:00
2007,350,16,2379,51,52,61,35,3.4,3.3,-37.2,255.5,-0.7,-2.5,-2.0,-2.6,-1.9,0.1,0.5,0.4,0.2,0.3,44834.0,4.5,360.0,-2.6,-2.0,0.032,1747.0,0.1,2.0,0.3,0.2,0.002,1.1,0.68,2.8,11.2,6.1,0.0094,7,31,-7,3,79.1,65,-61,4,0.8,0.006213,999999.99,99999.99,99999.99,0.21,0.1,0.08,-1,2007-12-16 16:00:00
2007,350,17,2379,51,52,58,36,3.3,3.3,-38.7,250.5,-0.9,-2.4,-2.1,-2.4,-2.1,0.1,0.6,0.3,0.4,0.3,44118.0,4.2,358.0,-2.8,-1.9,0.031,3951.0,0.2,3.0,0.3,0.4,0.002,1.01,0.75,2.77,11.1,6.0,0.0096,7,31,-2,3,79.1,41,-36,5,0.6,0.006213,999999.99,99999.99,99999.99,0.19,0.12,0.09,-1,2007-12-16 17:00:00
2007,350,18,2379,51,52,58,34,3.4,3.2,-11.7,259.9,-0.6,-3.1,-0.7,-3.1,-0.8,0.1,1.1,0.7,0.3,0.8,43745.0,4.3,354.0,-3.1,-0.6,0.03,4932.0,0.2,3.0,0.4,0.8,0.002,1.01,0.28,2.66,10.8,5.9,0.0102,3,31,-2,2,79.1,26,-20,6,0.4,0.006213,999999.99,99999.99,99999.99,0.19,0.1,0.07,-1,2007-12-16 18:00:00
2007,350,19,2379,51,52,60,36,3.5,3.3,-51.8,266.2,-0.1,-2.1,-2.6,-1.9,-2.8,0.1,1.0,0.6,0.6,0.5,47973.0,4.8,351.0,-2.4,-1.0,0.031,3420.0,0.2,2.0,0.3,0.3,0.002,1.11,0.98,2.87,11.0,5.9,0.0099,3,31,-6,2,79.1,23,-13,9,0.5,0.006213,999999.99,99999.99,99999.99,0.18,0.11,0.07,-1,2007-12-16 19:00:00
2007,350,20,2379,51,52,64,40,3.8,3.7,-53.8,245.5,-0.9,-2.0,-3.0,-1.7,-3.2,0.3,0.8,0.4,0.5,0.4,48985.0,5.8,361.0,-2.6,-0.8,0.031,4073.0,0.7,7.0,0.5,0.5,0.002,1.42,1.16,2.96,11.4,6.1,0.0091,3,31,-5,2,79.1,45,-28,16,0.7,0.006213,999999.99,99999.99,99999.99,0.21,0.12,0.09,-1,2007-12-16 20:00:00
2007,350,21,2379,51,52,59,36,4.3,3.9,-48.2,271.4,0.1,-2.6,-2.9,-2.2,-3.2,0.1,1.7,1.4,0.8,0.5,56282.0,6.8,367.0,-3.5,-0.6,0.032,4106.0,0.2,3.0,0.5,0.3,0.002,1.73,1.17,2.82,11.1,6.0,0.0096,23,31,-6,9,79.1,177,-115,62,1.6,0.006213,999999.99,99999.99,99999.99,0.18,0.09,0.07,-1,2007-12-16 21:00:00
2007,350,22,2379,51,52,60,37,4.1,3.3,4.1,286.9,0.9,-3.1,0.2,-3.1,-0.3,0.3,2.4,0.8,1.0,2.0,53230.0,7.1,363.0,-3.9,0.6,0.035,2475.0,0.3,2.0,0.3,0.9,0.002,1.78,0.11,3.19,11.8,6.1,0.0085,23,31,-7,9,79.1,120,-82,37,1.4,0.006213,999999.99,99999.99,99999.99,0.2,0.12,0.09,-1,2007-12-16 22:00:00
2007,350,23,2379,51,52,46,25,3.8,3.6,59.4,213.1,-1.5,-1.0,3.1,-1.5,2.9,0.3,1.4,0.7,1.1,0.4,50107.0,7.0,366.0,-3.7,2.2,0.034,4714.0,0.4,2.0,0.5,0.5,0.002,1.78,-1.06,3.6,12.7,6.3,0.0073,23,31,-5,9,79.1,25,-11,14,-0.1,0.006213,999999.99,99999.99,99999.99,0.18,0.1,0.08,-1,2007-12-16 23:00:00
2007,351,0,2379,51,52,58,35,3.3,2.8,69.5,313.2,0.7,-0.7,2.6,-1.0,2.5,0.3,1.7,1.1,1.1,0.6,45309.0,6.9,356.0,-3.5,2.3,0.028,6030.0,0.7,4.0,0.4,0.8,0.007,1.62,-0.89,4.58,14.2,6.4,0.0059,23,19,-4,9,76.9,12,-6,6,-0.1,0.006101,999999.99,99999.99,99999.99,0.21,0.11,0.09,-1,2007-12-17 00:00:00
2007,351,1,2379,51,52,61,34,3.1,2.6,47.0,43.4,1.3,1.2,1.9,1.0,2.0,0.3,1.5,0.6,0.9,1.1,44898.0,6.7,350.0,-2.7,2.6,0.023,2363.0,0.2,3.0,0.7,0.9,0.002,1.5,-0.7,5.03,14.6,6.3,0.0056,23,19,-3,9,76.9,10,-3,6,-0.0,0.006101,999999.99,99999.99,99999.99,0.22,0.12,0.08,-1,2007-12-17 01:00:00
2007,351,2,2379,51,52,58,35,3.3,2.8,74.5,32.7,0.6,0.4,2.7,0.2,2.7,0.3,1.5,1.1,0.9,0.6,41015.0,6.8,351.0,-3.3,3.4,0.021,5807.0,0.3,4.0,0.6,0.4,0.002,1.52,-0.95,4.4,13.9,6.3,0.0062,23,19,2,9,76.9,20,-5,15,0.1,0.006101,999999.99,99999.99,99999.99,0.21,0.12,0.08,-1,2007-12-17 02:00:00
2007,351,3,2379,51,52,72,41,6.7,5.9,35.1,295.9,2.1,-4.3,3.4,-4.4,3.3,1.6,3.5,1.4,1.9,2.5,74508.0,14.9,393.0,-7.4,3.7,0.026,25400.0,4.7,22.0,1.6,0.8,0.003,4.24,-1.3,2.8,11.3,6.1,0.0093,27,19,19,12,76.9,48,0,48,0.4,0.006101,999999.99,99999.99,99999.99,0.23,0.13,0.1,-1,2007-12-17 03:00:00
2007,351,4,2379,51,52,63,38,10.2,8.7,43.0,290.8,2.3,-6.0,6.0,-5.8,6.2,2.1,5.6,1.0,2.9,4.7,100094.0,24.7,415.0,-9.5,4.6,0.024,9832.0,3.4,6.0,0.5,1.5,0.005,7.79,-2.57,2.26,10.1,5.9,0.0116,27,19,28,12,76.9,70,0,69,0.3,0.006101,999999.99,99999.99,99999.99,0.18,0.11,0.08,-1,2007-12-17 04:00:00
2007,351,5,2379,51,52,61,38,13.2,9.9,-16.6,289.5,3.2,-9.0,-2.8,-9.2,-2.1,1.5,8.7,1.8,4.8,7.1,66358.0,42.9,423.0,-8.6,4.5,0.012,23409.0,8.9,3.0,0.7,0.7,0.005,13.43,0.89,1.99,10.5,6.4,0.0108,27,19,41,12,76.9,118,-6,112,0.6,0.006101,999999.99,99999.99,99999.99,0.19,0.11,0.09,-1,2007-12-17 05:00:00
2007,351,6,2379,51,52,61,35,15.4,9.7,54.4,95.9,-0.6,5.6,7.9,6.6,7.1,2.1,12.1,3.3,9.8,6.2,103774.0,36.8,431.0,-6.3,2.0,0.029,26197.0,5.9,4.0,1.3,1.2,0.013,12.74,-3.06,1.5,8.5,5.6,0.0165,37,19,28,22,76.9,182,-23,159,1.8,0.006101,999999.99,99999.99,99999.99,0.19,0.09,0.07,-1,2007-12-17 06:00:00
2007,351,7,2379,51,52,63,27,15.9,11.9,-30.5,126.3,-6.1,8.3,-6.0,7.1,-7.3,1.7,10.6,1.6,5.0,9.2,185256.0,20.3,435.0,-3.9,-1.2,0.051,58932.0,8.6,13.0,2.3,2.5,0.008,7.72,3.18,1.05,6.2,4.5,0.0313,37,19,16,22,76.9,204,-142,63,2.7,0.006101,999999.99,99999.99,99999.99,0.22,0.12,0.08,-1,2007-12-17 07:00:00
2007,351,8,2379,51,52,60,33,13.9,11.7,14.8,136.4,-8.2,7.8,3.0,8.2,1.3,0.7,7.4,2.3,1.6,6.9,315880.0,17.2,477.0,3.7,-0.2,0.043,28261.0,1.3,13.0,1.4,2.1,0.01,7.66,-0.62,1.65,7.1,4.6,0.0235,37,19,-13,22,76.9,262,-136,126,1.8,0.006101,999999.99,99999.99,99999.99,0.16,0.1,0.07,-1,2007-12-17 08:00:00
2007,351,9,2379,51,52,69,43,11.6,7.1,26.2,136.0,-4.6,4.4,3.1,5.0,2.0,1.1,8.9,2.2,4.4,7.4,358858.0,16.6,505.0,5.5,-1.0,0.068,41687.0,1.5,30.0,3.1,1.6,0.021,8.99,-1.01,2.5,8.9,5.0,0.0151,40,19,-11,27,76.9,754,-549,205,3.9,0.006101,999999.99,99999.99,99999.99,0.18,0.11,0.08,-1,2007-12-17 09:00:00
2007,351,10,2379,51,52,59,36,11.8,9.3,3.0,121.8,-4.9,7.9,0.5,7.8,-1.3,1.0,7.1,3.6,4.2,4.5,352348.0,12.9,529.0,5.0,0.4,0.077,56031.0,2.3,8.0,1.3,1.2,0.014,7.89,0.69,1.85,8.1,5.0,0.0184,40,19,-8,27,76.9,468,-337,131,2.6,0.006101,999999.99,99999.99,99999.99,0.21,0.1,0.07,-1,2007-12-17 10:00:00
2007,351,11,2379,51,52,65,38,8.2,6.1,-55.5,153.3,-3.1,1.6,-5.1,0.4,-5.3,1.4,5.3,1.9,3.3,3.7,333042.0,10.3,565.0,6.3,2.9,0.05,53934.0,1.2,16.0,0.9,1.3,0.011,6.59,2.99,2.94,11.1,5.9,0.0097,40,19,-13,27,76.9,464,-393,71,3.2,0.006101,999999.99,99999.99,99999.99,0.19,0.11,0.09,-1,2007-12-17 11:00:00
2007,351,12,2379,51,52,58,34,7.9,6.6,-55.5,179.7,-3.7,0.0,-5.4,-1.1,-5.3,0.4,4.2,2.6,2.8,1.6,280087.0,9.1,574.0,5.9,3.0,0.045,21639.0,0.3,9.0,0.8,0.7,0.004,5.91,3.04,2.48,11.0,6.2,0.0099,40,19,-17,27,76.9,702,-556,146,3.8,0.006101,999999.99,99999.99,99999.99,0.2,0.11,0.08,-1,2007-12-17 12:00:00
2007,351,13,2379,51,52,63,37,7.7,6.6,-26.4,149.0,-5.0,3.0,-2.9,2.5,-3.4,0.2,3.6,1.6,2.6,1.9,286871.0,7.6,575.0,5.1,2.5,0.054,20671.0,0.7,10.0,1.2,1.0,0.008,5.1,1.96,2.21,10.3,6.0,0.0112,40,19,-19,27,76.9,256,-150,106,1.1,0.006101,999999.99,99999.99,99999.99,0.21,0.11,0.08,-1,2007-12-17 13:00:00
2007,351,14,2379,51,52,59,36,8.6,5.9,22.3,135.6,-3.9,3.8,2.2,4.1,1.7,1.1,6.2,1.7,2.2,5.6,262860.0,5.6,586.0,4.7,0.4,0.059,29929.0,1.0,6.0,1.4,1.9,0.011,3.97,-1.0,1.23,8.1,5.6,0.0183,40,19,-17,27,76.9,312,-213,99,1.9,0.006101,999999.99,99999.99,99999.99,0.18,0.11,0.09,-1,2007-12-17 14:00:00
2007,351,15,2379,51,52,60,36,8.3,7.0,-16.2,149.5,-5.8,3.4,-2.0,3.2,-2.3,0.5,4.4,1.1,1.2,4.1,250985.0,5.0,587.0,4.3,1.8,0.056,29530.0,0.5,12.0,1.0,2.5,0.012,3.52,1.35,1.15,7.9,5.6,0.019,37,19,-24,22,76.9,571,-500,71,2.1,0.006101,999999.99,99999.99,99999.99,0.22,0.12,0.08,-1,2007-12-17 15:00:00
2007,351,16,2379,51,52,61,36,7.9,6.9,18.0,137.0,-4.8,4.5,2.1,4.6,1.9,0.3,3.4,1.5,1.7,2.5,231994.0,4.7,592.0,2.9,-1.6,0.057,24320.0,0.3,11.0,1.5,1.9,0.005,3.38,-1.12,1.13,8.1,5.8,0.018,37,19,-33,22,76.9,631,-467,164,2.4,0.006101,999999.99,99999.99,99999.99,0.22,0.11,0.07,-1,2007-12-17 16:00:00
2007,351,17,2379,51,52,60,35,6.7,5.9,-0.6,139.4,-4.5,3.8,-0.1,3.8,-0.1,0.4,3.0,1.9,1.2,2.1,225071.0,4.2,587.0,2.0,-1.1,0.054,25839.0,0.4,8.0,0.9,1.5,0.006,2.94,0.06,1.38,9.0,6.1,0.0148,37,19,-29,22,76.9,318,-249,68,1.6,0.006101,999999.99,99999.99,99999.99,0.19,0.11,0.08,-1,2007-12-17 17:00:00
2007,351,18,2379,51,52,59,37,6.1,5.7,-6.0,136.2,-4.1,3.9,-0.6,3.9,-0.4,0.4,2.0,1.2,0.9,1.3,212197.0,4.1,578.0,0.7,-0.6,0.049,25046.0,0.2,9.0,0.5,0.8,0.009,2.74,0.23,1.56,9.6,6.3,0.0129,23,19,-26,9,76.9,207,-141,66,1.1,0.006101,999999.99,99999.99,99999.99,0.21,0.12,0.09,-1,2007-12-17 18:00:00
2007,351,19,2379,51,52,64,37,6.6,5.7,13.0,117.6,-2.6,4.9,1.3,4.8,1.7,0.2,3.2,2.6,0.9,1.7,187633.0,4.3,579.0,-0.1,-1.9,0.048,15984.0,0.3,15.0,0.7,1.3,0.006,2.87,-0.98,1.3,9.1,6.2,0.0144,23,19,-22,9,76.9,218,-183,35,0.9,0.006101,999999.99,99999.99,99999.99,0.25,0.12,0.08,-1,2007-12-17 19:00:00
2007,351,20,2379,51,52,57,35,6.8,5.6,-6.6,80.4,0.9,5.5,-0.6,5.5,0.1,0.3,3.7,2.5,1.4,2.4,188523.0,4.6,598.0,-0.3,-0.9,0.049,18937.0,0.4,15.0,1.1,1.6,0.007,3.29,-0.06,1.31,9.4,6.5,0.0134,23,19,-18,9,76.9,88,-51,37,1.3,0.006101,999999.99,99999.99,99999.99,0.17,0.09,0.06,-1,2007-12-17 20:00:00
2007,351,21,2379,51,52,60,35,7.0,5.9,19.6,104.8,-1.4,5.3,2.0,5.0,2.7,0.3,3.5,1.4,1.6,2.8,215932.0,5.1,585.0,-0.5,-3.0,0.051,23694.0,0.4,10.0,1.2,1.9,0.006,3.51,-1.58,1.49,9.4,6.2,0.0134,33,19,-21,18,76.9,171,-108,63,1.0,0.006101,999999.99,99999.99,99999.99,0.17,0.09,0.07,-1,2007-12-17 21:00:00
2007,351,22,2379,51,52,59,35,6.7,5.7,-3.1,139.5,-4.3,3.7,-0.3,3.7,0.3,0.4,3.4,1.9,1.7,2.2,190132.0,4.8,584.0,-0.4,-1.3,0.048,12873.0,0.4,11.0,0.6,1.1,0.009,3.26,-0.18,1.42,9.5,6.4,0.013,33,19,-21,18,76.9,240,-176,65,1.2,0.006101,999999.99,99999.99,99999.99,0.2,0.1,0.08,-1,2007-12-17 22:00:00
2007,351,23,2379,51,52,62,33,6.8,6.3,-30.7,141.3,-4.2,3.4,-3.2,3.9,-2.6,0.3,2.2,1.5,1.2,1.2,185177.0,4.5,591.0,-0.3,0.2,0.047,20451.0,0.3,13.0,0.6,0.9,0.007,3.12,1.54,1.27,9.2,6.4,0.014,33,19,-26,18,76.9,473,-371,101,3.6,0.006101,999999.99,99999.99,99999.99,0.21,0.14,0.1,-1,2007-12-17 23:00:00
2007,352,0,2379,51,52,63,38,5.5,4.2,-20.0,140.7,-3.1,2.5,-1.4,2.7,-1.0,0.6,3.4,2.3,2.0,1.6,194900.0,4.4,595.0,0.1,-0.2,0.052,31678.0,0.3,14.0,1.3,1.2,0.006,3.14,0.59,1.96,11.3,6.9,0.0092,37,12,-28,22,74.4,375,-277,98,3.4,0.006002,999999.99,99999.99,99999.99,0.18,0.1,0.08,-1,2007-12-18 00:00:00
2007,352,1,2379,51,52,57,34,4.8,1.7,-0.7,121.9,-0.9,1.4,0.0,1.4,0.2,0.6,4.4,3.8,1.7,1.4,225454.0,3.9,612.0,0.7,-1.4,0.058,18015.0,0.4,13.0,0.8,0.6,0.008,3.01,-0.12,2.49,12.6,7.1,0.0075,37,12,-26,22,74.4,183,-116,68,1.9,0.006002,999999.99,99999.99,99999.99,0.23,0.13,0.09,-1,2007-12-18 01:00:00
2007,352,2,2379,51,52,61,36,4.8,4.3,-24.4,154.0,-3.5,1.7,-1.8,1.8,-1.7,0.3,1.9,0.7,1.2,1.3,218815.0,3.4,602.0,0.4,-1.1,0.06,9659.0,0.2,4.0,1.1,1.0,0.005,2.55,1.02,2.13,11.6,6.9,0.0089,37,12,-22,22,74.4,265,-168,97,1.9,0.006002,999999.99,99999.99,99999.99,0.18,0.1,0.08,-1,2007-12-18 02:00:00
2007,352,3,2379,51,52,61,37,4.5,4.0,-24.6,155.5,-3.3,1.5,-1.7,1.6,-1.6,0.4,1.9,0.8,1.3,1.1,211295.0,3.3,601.0,0.5,-1.1,0.059,12890.0,0.2,8.0,1.1,0.9,0.006,2.46,0.96,2.3,12.1,7.0,0.0081,37,12,-20,22,74.4,372,-256,116,3.2,0.006002,999999.99,99999.99,99999.99,0.19,0.11,0.08,-1,2007-12-18 03:00:00
2007,352,4,2379,51,52,59,36,4.8,4.1,-15.1,126.6,-2.4,3.2,-1.1,3.2,-1.2,0.4,2.5,1.5,1.3,1.5,209307.0,3.6,625.0,0.4,-1.7,0.052,11443.0,0.2,6.0,0.7,0.7,0.007,2.84,0.75,2.19,12.4,7.3,0.0078,37,12,-20,22,74.4,170,-97,73,2.2,0.006002,999999.99,99999.99,99999.99,0.17,0.1,0.08,-1,2007-12-18 04:00:00
2007,352,5,2379,51,52,62,38,5.1,4.6,-32.1,161.9,-3.7,1.2,-2.5,1.0,-2.6,0.2,2.1,1.2,1.2,1.2,194526.0,3.4,615.0,1.3,-1.1,0.057,12412.0,0.2,4.0,0.8,0.6,0.007,2.64,1.6,1.76,11.1,7.0,0.0096,37,12,-25,22,74.4,363,-241,122,2.8,0.006002,999999.99,99999.99,99999.99,0.22,0.1,0.07,-1,2007-12-18 05:00:00
2007,352,6,2379,51,52,60,37,4.8,3.4,-26.1,126.1,-1.8,2.5,-1.5,2.3,-1.8,0.3,3.3,2.0,2.4,1.2,187859.0,3.7,622.0,0.3,-1.6,0.055,14640.0,0.3,6.0,1.7,0.6,0.004,2.92,1.12,2.11,12.5,7.4,0.0077,37,12,-20,22,74.4,367,-251,117,4.0,0.006002,999999.99,99999.99,99999.99,0.18,0.1,0.07,-1,2007-12-18 06:00:00
2007,352,7,2379,51,52,60,37,4.3,2.8,-25.9,108.0,-0.8,2.4,-1.2,2.2,-1.6,0.4,3.1,2.5,1.5,1.1,202319.0,4.1,628.0,0.5,-1.5,0.058,14278.0,0.3,11.0,0.7,0.5,0.006,3.33,1.0,3.05,14.8,7.8,0.0054,37,12,-21,22,74.4,313,-225,89,3.8,0.006002,999999.99,99999.99,99999.99,0.17,0.08,0.06,-1,2007-12-18 07:00:00
2007,352,8,2379,51,52,58,32,4.2,2.9,-29.6,120.3,-1.3,2.2,-1.4,1.9,-1.8,0.6,3.1,2.2,1.6,1.4,211886.0,4.4,624.0,0.9,-1.6,0.059,14469.0,0.4,6.0,0.7,0.4,0.005,3.54,1.12,3.53,15.6,7.7,0.0049,37,12,-21,22,74.4,344,-236,108,3.4,0.006002,999999.99,99999.99,99999.99,0.19,0.11,0.09,-1,2007-12-18 08:00:00
2007,352,9,2379,51,52,59,37,4.6,2.9,-24.5,144.0,-2.1,1.5,-1.2,1.2,-1.5,0.7,3.6,3.0,1.4,1.4,203498.0,4.1,617.0,0.5,-1.8,0.063,15100.0,0.3,7.0,0.9,0.4,0.005,3.26,0.93,2.67,13.6,7.5,0.0064,37,12,-19,22,74.4,171,-95,76,1.2,0.006002,999999.99,99999.99,99999.99,0.16,0.09,0.07,-1,2007-12-18 09:00:00
2007,352,10,2379,51,52,60,37,5.7,3.6,5.8,93.1,-0.2,3.6,0.4,3.6,-0.4,1.1,4.4,3.0,2.0,2.5,221120.0,3.4,629.0,-0.5,-2.1,0.045,33235.0,0.4,13.0,0.9,0.8,0.012,2.65,0.25,1.52,10.2,6.7,0.0115,37,12,-18,22,74.4,253,-178,76,1.7,0.006002,999999.99,99999.99,99999.99,0.2,0.11,0.08,-1,2007-12-18 10:00:00
2007,352,11,2379,51,52,59,36,6.4,5.9,-32.9,180.1,-5.0,0.0,-3.2,-0.7,-3.1,0.3,2.2,0.7,1.7,1.2,219106.0,2.9,604.0,0.6,-0.6,0.036,24019.0,0.3,6.0,1.1,0.6,0.005,2.02,1.87,1.02,8.0,5.9,0.0184,37,12,-19,22,74.4,560,-518,42,2.7,0.006002,999999.99,99999.99,99999.99,0.24,0.11,0.08,-1,2007-12-18 11:00:00
2007,352,12,2379,51,52,64,39,5.3,3.0,-12.3,139.5,-2.2,1.9,-0.6,1.7,-1.0,0.6,4.2,2.9,1.6,2.6,253467.0,2.9,620.0,-0.2,-1.6,0.04,34584.0,0.2,20.0,1.7,1.8,0.008,2.16,0.62,1.64,10.0,6.4,0.012,37,12,-16,22,74.4,642,-545,97,5.0,0.006002,999999.99,99999.99,99999.99,0.19,0.1,0.07,-1,2007-12-18 12:00:00
2007,352,13,2379,51,52,54,25,6.0,4.5,-25.1,183.6,-4.1,-0.3,-1.9,-0.6,-1.8,1.0,4.0,2.7,2.0,2.1,204192.0,2.6,607.0,1.3,-0.4,0.032,25467.0,0.3,21.0,2.2,2.2,0.003,1.8,1.09,1.0,8.2,6.0,0.0179,37,12,-20,22,74.4,363,-263,100,2.0,0.006002,999999.99,99999.99,99999.99,0.17,0.1,0.07,-1,2007-12-18 13:00:00
2007,352,14,2379,51,51,66,10,6.5,6.2,-16.0,155.7,-5.4,2.4,-1.7,2.2,-2.0,0.2,1.6,0.6,1.2,0.9,119178.0,2.4,627.0,0.8,0.1,9.999,19963.0,0.4,26.0,1.9,1.3,9.999,1.89,1.25,0.58,7.5,6.1,0.0213,37,12,-22,22,74.4,366,-319,46,2.2,0.006002,999999.99,99999.99,99999.99,0.17,0.08,0.07,-1,2007-12-18 14:00:00
2007,352,15,2379,51,52,58,22,6.0,5.8,-4.3,165.7,-5.6,1.4,-0.4,1.4,-0.5,0.2,1.4,0.4,1.1,0.8,256606.0,2.6,661.0,0.8,-1.9,0.055,32430.0,0.1,4.0,0.9,1.1,0.014,2.31,0.33,1.16,8.9,6.3,0.0151,33,12,-27,18,74.4,362,-255,107,1.8,0.006002,999999.99,99999.99,99999.99,0.19,0.09,0.07,-1,2007-12-18 15:00:00
2007,352,16,2379,51,52,59,37,5.6,5.1,-28.5,176.8,-4.5,0.2,-2.4,0.1,-2.4,0.3,2.3,0.9,2.0,0.6,200367.0,2.4,665.0,1.5,-0.4,0.057,20703.0,0.1,12.0,1.8,0.9,0.008,2.18,1.6,1.05,9.2,6.7,0.0141,33,12,-24,18,74.4,380,-329,51,1.9,0.006002,999999.99,99999.99,99999.99,0.22,0.13,0.09,-1,2007-12-18 16:00:00
2007,352,17,2379,51,52,61,35,5.1,4.8,-20.9,179.5,-4.5,0.0,-1.7,0.0,-1.7,0.2,1.6,0.4,1.4,0.7,166301.0,2.0,660.0,1.7,-0.6,0.053,44817.0,0.2,6.0,1.6,1.0,0.012,1.76,1.12,0.94,9.2,6.8,0.0142,33,12,-28,18,74.4,496,-429,67,1.9,0.006002,999999.99,99999.99,99999.99,0.21,0.1,0.07,-1,2007-12-18 17:00:00
2007,352,18,2379,51,52,59,36,5.0,5.0,3.4,162.0,-4.7,1.5,0.3,1.5,0.4,0.1,0.9,0.2,0.5,0.7,126320.0,1.8,651.0,0.2,-2.4,0.04,16732.0,0.1,4.0,0.8,0.8,0.004,1.48,-0.26,0.76,8.7,6.8,0.0156,33,12,-27,18,74.4,334,-248,86,1.1,0.006002,999999.99,99999.99,99999.99,0.2,0.1,0.08,-1,2007-12-18 18:00:00
2007,352,19,2379,51,52,63,35,4.4,3.4,-5.2,146.4,-2.8,1.9,-0.3,1.9,-0.1,0.4,2.5,1.0,1.5,1.7,178662.0,2.1,685.0,0.0,-1.6,0.057,35564.0,0.2,17.0,1.8,1.7,0.008,2.02,0.07,1.39,11.3,7.6,0.0093,33,12,-20,18,74.4,188,-107,81,1.0,0.006002,999999.99,99999.99,99999.99,0.19,0.09,0.07,-1,2007-12-18 19:00:00
2007,352,20,2379,51,52,59,37,4.1,3.3,-27.0,153.7,-2.6,1.3,-1.5,1.5,-1.3,0.1,2.3,1.2,1.7,0.9,195545.0,2.1,687.0,0.7,-0.0,0.064,25531.0,0.1,13.0,1.8,1.0,0.005,2.08,0.89,1.68,12.1,7.7,0.0081,33,12,-16,18,74.4,176,-126,50,1.7,0.006002,999999.99,99999.99,99999.99,0.2,0.09,0.06,-1,2007-12-18 20:00:00
2007,352,21,2379,51,52,61,36,4.0,2.9,-28.5,139.8,-2.0,1.7,-1.4,1.9,-1.1,0.2,2.6,1.7,1.6,1.1,189947.0,2.1,695.0,0.5,-0.6,0.062,19633.0,0.1,17.0,1.5,1.4,0.007,2.11,0.76,1.74,12.6,8.0,0.0075,40,12,-21,27,74.4,323,-229,94,3.2,0.006002,999999.99,99999.99,99999.99,0.17,0.1,0.08,-1,2007-12-18 21:00:00
2007,352,22,2379,51,52,62,38,3.8,2.7,9.6,169.4,-2.6,0.5,0.5,0.4,0.6,0.4,2.5,1.6,1.2,1.4,209488.0,2.1,685.0,1.5,-2.3,0.062,24216.0,0.2,18.0,1.5,1.6,0.008,2.05,-0.41,2.04,13.1,7.9,0.007,40,12,-23,27,74.4,279,-171,108,2.4,0.006002,999999.99,99999.99,99999.99,0.2,0.12,0.09,-1,2007-12-18 22:00:00
2007,352,23,2379,51,52,57,36,3.7,1.8,16.7,155.9,-1.6,0.7,0.5,0.6,0.6,0.4,3.1,2.2,1.6,1.5,184055.0,2.0,693.0,1.1,-1.8,0.06,28501.0,0.2,25.0,1.7,1.4,0.01,1.99,-0.42,1.9,13.2,8.1,0.0068,40,12,-25,27,74.4,209,-142,67,1.3,0.006002,999999.99,99999.99,99999.99,0.22,0.12,0.09,-1,2007-12-18 23:00:00
2007,353,0,2379,51,52,62,37,3.8,3.0,4.0,116.7,-1.3,2.7,0.2,2.6,0.6,0.3,2.1,1.1,1.6,0.9,189630.0,2.0,699.0,-0.5,-1.8,0.057,16377.0,0.1,13.0,1.3,0.9,0.006,2.0,-0.42,1.83,13.0,8.1,0.007,27,0,-20,12,72.1,121,-81,40,0.9,0.006016,999999.99,99999.99,99999.99,0.18,0.1,0.07,-1,2007-12-19 00:00:00
2007,353,1,2379,51,52,59,35,3.9,3.6,-5.0,127.9,-2.2,2.8,-0.3,2.8,0.1,0.1,1.3,0.8,0.7,0.8,181146.0,1.9,691.0,-0.7,-1.4,0.056,11030.0,0.1,9.0,0.7,0.8,0.004,1.85,-0.07,1.61,12.2,7.9,0.008,27,0,-19,12,72.1,74,-45,28,1.0,0.006016,999999.99,99999.99,99999.99,0.17,0.08,0.07,-1,2007-12-19 01:00:00
2007,353,2,2379,51,52,59,35,4.1,3.5,-14.9,141.5,-2.7,2.1,-0.9,2.2,-0.7,0.2,1.9,1.0,1.1,1.2,165296.0,1.8,686.0,-0.4,-1.1,0.059,17641.0,0.1,10.0,0.9,1.2,0.008,1.75,0.48,1.31,11.2,7.7,0.0094,27,0,-19,12,72.1,151,-95,57,2.1,0.006016,999999.99,99999.99,99999.99,0.18,0.09,0.07,-1,2007-12-19 02:00:00
2007,353,3,2379,51,52,59,36,3.9,2.1,15.5,121.8,-1.1,1.7,0.6,1.7,0.7,0.4,3.2,2.1,1.2,2.1,176769.0,2.0,688.0,-0.1,-1.7,0.06,22815.0,0.2,17.0,0.8,1.1,0.008,1.96,-0.48,1.67,12.5,8.0,0.0076,33,0,-22,18,72.1,182,-121,61,1.7,0.006016,999999.99,99999.99,99999.99,0.22,0.09,0.06,-1,2007-12-19 03:00:00
2007,353,4,2379,51,52,59,36,4.1,3.8,-12.7,175.4,-3.7,0.3,-0.8,0.3,-0.8,0.3,1.5,0.6,1.1,0.9,204261.0,1.9,656.0,0.7,-1.3,0.064,17036.0,0.2,7.0,1.1,0.8,0.011,1.72,0.52,1.56,11.0,7.2,0.0098,33,0,-20,18,72.1,307,-237,70,2.4,0.006016,999999.99,99999.99,99999.99,0.18,0.11,0.09,-1,2007-12-19 04:00:00
2007,353,5,2379,51,52,58,34,4.7,4.5,-29.7,172.2,-3.9,0.5,-2.2,0.4,-2.2,0.2,1.2,0.5,0.8,0.7,170886.0,2.1,657.0,0.8,0.3,0.051,16269.0,0.2,7.0,0.8,0.5,0.006,1.82,1.45,1.18,10.1,7.1,0.0116,33,0,-19,18,72.1,231,-143,88,2.1,0.006016,999999.99,99999.99,99999.99,0.18,0.1,0.07,-1,2007-12-19 05:00:00
2007,353,6,2379,51,52,60,37,4.7,4.5,-18.8,168.7,-4.1,0.8,-1.4,0.6,-1.5,0.2,1.4,0.3,1.1,0.7,158398.0,1.9,645.0,-0.1,-0.5,0.049,18134.0,0.1,6.0,1.6,1.0,0.007,1.58,0.97,1.03,9.5,6.9,0.0133,23,0,-20,9,72.1,226,-92,134,1.8,0.006016,999999.99,99999.99,99999.99,0.18,0.1,0.07,-1,2007-12-19 06:00:00
2007,353,7,2379,51,52,60,36,4.4,3.8,-2.3,138.3,-2.8,2.5,-0.2,2.4,-0.6,0.1,2.1,1.2,1.1,1.3,164604.0,2.0,652.0,-1.5,-1.6,0.047,19801.0,0.2,16.0,1.0,1.6,0.005,1.69,0.39,1.26,10.5,7.3,0.0108,23,0,-21,9,72.1,142,-82,60,1.7,0.006016,999999.99,99999.99,99999.99,0.18,0.11,0.09,-1,2007-12-19 07:00:00
2007,353,8,2379,51,52,60,34,4.4,3.9,6.7,162.0,-3.7,1.2,0.5,1.3,0.3,0.1,1.8,0.5,1.0,1.4,162395.0,1.8,641.0,-0.7,-2.2,0.048,17829.0,0.2,7.0,1.2,1.7,0.005,1.47,-0.19,1.12,9.8,7.0,0.0125,23,0,-21,9,72.1,163,-124,39,1.2,0.006016,999999.99,99999.99,99999.99,0.19,0.12,0.09,-1,2007-12-19 08:00:00
2007,353,9,2379,51,52,58,33,4.3,4.0,-0.9,160.1,-3.7,1.4,-0.1,1.3,-0.4,0.0,1.6,0.4,1.1,1.0,140503.0,1.8,633.0,-1.3,-1.0,0.043,20393.0,0.1,9.0,1.6,1.7,0.005,1.41,0.25,1.09,9.9,7.1,0.0122,23,0,-18,9,72.1,149,-121,29,0.9,0.006016,999999.99,99999.99,99999.99,0.2,0.12,0.09,-1,2007-12-19 09:00:00
2007,353,10,2379,51,52,60,37,4.5,4.1,-6.6,169.8,-4.0,0.7,-0.5,0.6,-0.6,0.1,1.8,0.4,1.4,1.0,136064.0,1.7,626.0,-0.7,-0.4,0.043,21053.0,0.1,6.0,2.1,1.5,0.005,1.3,0.38,0.92,9.1,6.8,0.0145,23,0,-17,9,72.1,233,-201,32,1.6,0.006016,999999.99,99999.99,99999.99,0.19,0.1,0.08,-1,2007-12-19 10:00:00
2007,353,11,2379,51,52,60,36,4.6,4.4,4.8,163.1,-4.2,1.3,0.4,1.4,0.1,0.1,1.3,0.3,0.8,1.0,123826.0,1.8,620.0,-1.6,-1.9,0.032,16756.0,0.1,5.0,1.2,1.6,0.003,1.3,-0.06,0.89,9.0,6.8,0.0145,23,0,-17,9,72.1,131,-106,25,0.6,0.006016,999999.99,99999.99,99999.99,0.22,0.11,0.07,-1,2007-12-19 11:00:00
2007,353,12,2379,51,52,59,36,4.7,4.6,-3.0,177.0,-4.6,0.2,-0.2,0.2,-0.2,0.1,0.9,0.3,0.4,0.7,113898.0,1.8,610.0,-0.0,-1.0,0.039,18012.0,0.2,4.0,0.7,1.2,0.006,1.29,0.12,0.82,8.7,6.7,0.0157,23,0,-15,9,72.1,156,-130,26,1.0,0.006016,999999.99,99999.99,99999.99,0.18,0.11,0.09,-1,2007-12-19 12:00:00
2007,353,13,2379,51,52,59,37,4.8,4.8,-4.8,175.0,-4.8,0.4,-0.4,0.3,-0.5,0.1,0.6,0.2,0.4,0.3,98417.0,1.7,600.0,0.0,-0.4,0.032,15867.0,0.1,4.0,0.8,0.4,0.01,1.15,0.3,0.7,8.1,6.4,0.0179,23,0,-15,9,72.1,198,-173,25,1.2,0.006016,999999.99,99999.99,99999.99,0.17,0.1,0.07,-1,2007-12-19 13:00:00
2007,353,14,2379,51,52,61,33,4.8,4.7,6.4,184.2,-4.7,-0.3,0.5,-0.2,0.5,0.2,1.0,0.1,0.7,0.6,102479.0,1.5,595.0,0.9,-2.0,0.034,25617.0,0.1,8.0,1.1,0.9,0.006,1.01,-0.3,0.63,7.6,6.1,0.0206,23,0,-14,9,72.1,144,-102,43,0.8,0.006016,999999.99,99999.99,99999.99,0.16,0.09,0.07,-1,2007-12-19 14:00:00
2007,353,15,2379,51,52,58,37,4.9,4.8,6.6,177.8,-4.7,0.2,0.6,0.2,0.6,0.1,1.0,0.2,0.6,0.7,98632.0,1.5,585.0,-0.2,-2.1,0.038,24636.0,0.2,6.0,1.0,1.1,0.013,0.99,-0.35,0.59,7.3,6.0,0.0223,17,0,-13,6,72.1,61,-27,34,0.3,0.006016,999999.99,99999.99,99999.99,0.21,0.09,0.06,-1,2007-12-19 15:00:00
2007,353,16,2379,51,52,59,36,5.0,4.9,19.7,184.4,-4.6,-0.3,1.6,-0.2,1.6,0.1,1.2,0.4,0.9,0.7,104476.0,1.7,578.0,0.3,-3.7,0.033,20020.0,0.3,7.0,1.1,0.8,0.006,1.07,-0.92,0.66,7.5,6.0,0.0209,17,0,-15,6,72.1,37,-17,20,0.3,0.006016,999999.99,99999.99,99999.99,0.19,0.09,0.06,-1,2007-12-19 16:00:00
2007,353,17,2379,51,52,61,36,5.0,4.8,-5.7,185.5,-4.7,-0.5,-0.5,-0.5,-0.5,0.1,1.3,0.3,0.5,1.2,95549.0,1.8,572.0,0.5,-1.2,0.026,21818.0,0.2,5.0,0.8,1.7,0.005,1.09,0.29,0.67,7.7,6.1,0.0202,17,0,-17,6,72.1,45,-35,10,0.6,0.006016,999999.99,99999.99,99999.99,0.19,0.1,0.07,-1,2007-12-19 17:00:00
2007,353,18,2379,51,52,61,36,4.7,4.6,-9.0,191.0,-4.4,-0.9,-0.7,-0.9,-0.8,0.5,1.2,0.6,0.7,0.7,105818.0,1.9,586.0,0.2,-1.3,0.037,42896.0,0.4,14.0,1.2,0.8,0.012,1.25,0.47,0.84,8.6,6.5,0.0161,23,0,-10,9,72.1,132,-112,20,1.0,0.006016,999999.99,99999.99,99999.99,0.17,0.1,0.09,-1,2007-12-19 18:00:00
2007,353,19,2379,51,52,59,36,4.3,4.1,13.2,172.3,-4.0,0.5,0.9,0.4,0.9,0.2,1.2,0.3,0.8,0.9,171108.0,2.6,588.0,-1.2,-2.8,0.041,23843.0,0.2,7.0,0.8,0.9,0.004,1.75,-0.53,1.75,11.0,7.0,0.0098,23,0,-14,9,72.1,109,-77,32,0.7,0.006016,999999.99,99999.99,99999.99,0.19,0.12,0.09,-1,2007-12-19 19:00:00
2007,353,20,2379,51,52,65,40,4.4,3.0,6.9,199.3,-2.8,-1.0,0.4,-1.0,0.3,0.5,3.3,2.8,0.7,1.6,157684.0,2.3,582.0,0.7,-2.1,0.035,37074.0,0.4,28.0,1.1,2.0,0.006,1.48,-0.17,1.41,10.0,6.7,0.0118,23,0,-14,9,72.1,76,-17,59,0.4,0.006016,999999.99,99999.99,99999.99,0.2,0.1,0.07,-1,2007-12-19 20:00:00
2007,353,21,2379,51,52,57,34,4.8,4.0,-30.7,171.9,-3.4,0.5,-2.0,0.8,-1.9,1.0,2.8,2.3,0.9,1.4,123594.0,2.3,588.0,-1.7,-0.5,0.027,40550.0,0.4,18.0,0.8,1.2,0.004,1.47,1.12,1.05,9.3,6.7,0.0138,23,0,-13,9,72.1,118,-90,28,1.2,0.006016,999999.99,99999.99,99999.99,0.19,0.1,0.08,-1,2007-12-19 21:00:00
2007,353,22,2379,51,52,59,34,4.4,3.9,26.3,97.2,-0.4,3.4,1.7,3.1,2.3,0.3,1.9,1.3,0.9,1.1,151084.0,3.3,595.0,-2.9,-2.8,0.031,28465.0,0.4,13.0,0.7,1.0,0.004,2.19,-1.37,1.98,12.3,7.5,0.0079,23,0,-12,9,72.1,81,-54,27,0.8,0.006016,999999.99,99999.99,99999.99,0.15,0.08,0.06,-1,2007-12-19 22:00:00
2007,353,23,2379,51,52,57,34,4.5,3.8,-10.6,135.4,-2.6,2.6,-0.7,2.7,-0.2,0.2,2.3,1.1,1.3,1.6,143533.0,3.4,573.0,-2.6,-1.4,0.032,19042.0,0.3,12.0,1.2,1.5,0.004,2.1,0.11,1.9,11.7,7.2,0.0086,23,0,-11,9,72.1,63,-30,33,1.0,0.006016,999999.99,99999.99,99999.99,0.18,0.09,0.07,-1,2007-12-19 23:00:00
2007,354,0,2380,51,52,63,37,4.9,4.3,2.7,177.0,-4.3,0.2,0.2,0.2,0.2,0.3,2.1,1.1,1.6,1.0,166587.0,3.1,557.0,0.1,-2.8,0.034,36554.0,0.4,11.0,1.6,1.2,0.003,1.82,-0.11,1.58,10.0,6.5,0.0119,30,0,-9,15,70.2,160,-116,44,1.4,0.005997,999999.99,99999.99,99999.99,0.21,0.12,0.09,-1,2007-12-20 00:00:00
2007,354,1,2380,51,52,62,37,5.0,4.0,3.2,112.0,-1.5,3.7,0.2,3.6,0.7,0.4,2.7,1.6,1.0,1.9,163630.0,3.4,586.0,-1.7,-2.8,0.037,21497.0,0.4,17.0,1.2,1.4,0.006,2.24,-0.41,1.65,10.8,6.9,0.0102,30,0,-6,15,70.2,225,-172,53,2.7,0.005997,999999.99,99999.99,99999.99,0.17,0.1,0.07,-1,2007-12-20 01:00:00
2007,354,2,2380,51,52,58,35,6.2,5.8,12.5,115.7,-2.5,5.1,1.3,4.9,1.8,0.3,2.2,1.5,0.9,1.2,167644.0,3.7,595.0,-3.1,-3.6,0.037,26123.0,0.4,13.0,1.0,1.0,0.007,2.51,-1.07,1.19,9.2,6.5,0.014,30,0,-4,15,70.2,59,-21,38,1.3,0.005997,999999.99,99999.99,99999.99,0.19,0.11,0.09,-1,2007-12-20 02:00:00
2007,354,3,2380,51,52,59,30,6.8,5.3,-6.6,149.1,-4.5,2.7,-0.6,2.7,-0.5,0.8,4.2,3.0,1.4,2.7,184315.0,4.2,573.0,-1.8,-2.3,0.036,27664.0,0.5,19.0,1.2,2.0,0.007,2.63,0.29,1.18,8.6,6.1,0.016,30,0,-4,15,70.2,94,-49,45,1.5,0.005997,999999.99,99999.99,99999.99,0.17,0.09,0.06,-1,2007-12-20 03:00:00
2007,354,4,2380,51,52,58,36,7.3,6.9,-22.5,144.0,-5.2,3.7,-2.6,3.7,-2.6,0.2,2.2,1.2,1.6,1.0,156773.0,3.5,573.0,-1.3,-1.5,0.04,16434.0,0.3,11.0,0.7,0.9,0.004,2.23,1.49,0.78,7.3,5.7,0.0221,30,0,-8,15,70.2,336,-244,92,2.7,0.005997,999999.99,99999.99,99999.99,0.22,0.1,0.08,-1,2007-12-20 04:00:00
2007,354,5,2380,51,52,61,36,7.0,6.7,-22.2,170.6,-6.1,1.0,-2.5,0.9,-2.6,0.2,2.0,0.4,1.6,1.1,138718.0,2.9,558.0,-0.6,-0.3,0.039,23746.0,0.3,8.0,1.7,1.2,0.009,1.74,1.45,0.66,6.8,5.4,0.0258,30,0,-12,15,70.2,214,-121,93,2.9,0.005997,999999.99,99999.99,99999.99,0.19,0.1,0.07,-1,2007-12-20 05:00:00
2007,354,6,2380,51,52,59,37,6.0,5.7,-14.7,192.8,-5.4,-1.2,-1.4,-1.3,-1.3,0.3,1.7,0.5,1.1,1.2,156374.0,2.8,563.0,1.4,-0.2,0.048,38750.0,0.3,7.0,1.0,1.5,0.008,1.77,0.73,0.92,7.9,5.9,0.0193,23,0,-11,9,70.2,143,-31,112,1.8,0.005997,999999.99,99999.99,99999.99,0.17,0.1,0.08,-1,2007-12-20 06:00:00
2007,354,7,2380,51,52,60,36,5.5,5.1,-37.3,172.5,-4.0,0.5,-3.1,0.0,-3.1,0.4,2.0,0.8,1.4,1.3,153314.0,3.2,569.0,0.2,0.8,0.05,13470.0,0.2,5.0,1.4,0.8,0.006,2.08,1.76,1.24,9.3,6.4,0.0139,23,0,-12,9,70.2,233,-134,99,2.1,0.005997,999999.99,99999.99,99999.99,0.2,0.12,0.09,-1,2007-12-20 07:00:00
2007,354,8,2380,51,52,60,36,5.0,4.7,-39.2,180.9,-3.6,-0.1,-3.0,-0.6,-2.9,0.3,1.7,1.0,0.9,0.9,158773.0,3.3,575.0,1.2,1.5,0.057,12183.0,0.2,11.0,0.7,1.1,0.003,2.24,1.67,1.58,10.4,6.8,0.0109,23,0,-16,9,70.2,225,-161,64,1.2,0.005997,999999.99,99999.99,99999.99,0.19,0.12,0.09,-1,2007-12-20 08:00:00
2007,354,9,2380,51,52,62,35,5.3,4.4,1.9,148.1,-3.7,2.3,0.1,2.3,-0.4,0.4,2.8,1.5,1.1,2.1,161918.0,3.5,568.0,-0.7,0.6,0.061,16220.0,0.2,9.0,1.1,1.5,0.006,2.35,0.23,1.5,10.0,6.6,0.0118,20,0,-15,7,70.2,184,-145,38,1.6,0.005997,999999.99,99999.99,99999.99,0.2,0.1,0.08,-1,2007-12-20 09:00:00
2007,354,10,2380,51,52,61,38,5.6,4.5,31.3,136.3,-2.8,2.7,2.4,3.1,1.8,0.4,3.1,2.0,0.9,2.2,163106.0,3.3,584.0,-1.8,-1.0,0.056,21203.0,0.6,12.0,1.0,1.6,0.008,2.3,-1.05,1.28,9.5,6.5,0.0133,20,0,-14,7,70.2,121,-68,53,0.9,0.005997,999999.99,99999.99,99999.99,0.19,0.09,0.07,-1,2007-12-20 10:00:00
2007,354,11,2380,51,52,60,36,5.6,5.3,4.4,152.8,-4.7,2.4,0.4,2.4,-0.1,0.3,1.6,0.6,0.9,1.2,186577.0,2.6,603.0,-1.3,-1.2,0.046,23832.0,0.3,9.0,0.7,0.9,0.006,1.87,0.06,1.09,8.7,6.2,0.0158,20,0,-15,7,70.2,165,-134,31,0.9,0.005997,999999.99,99999.99,99999.99,0.21,0.13,0.09,-1,2007-12-20 11:00:00
2007,354,12,2380,51,52,62,36,5.6,5.5,-8.8,159.7,-5.1,1.9,-0.8,1.7,-1.1,0.1,1.0,0.3,0.6,0.7,161794.0,2.8,598.0,-1.0,0.3,0.036,21815.0,0.3,6.0,0.7,1.0,0.003,1.91,0.66,1.08,8.9,6.4,0.0149,27,0,-15,12,70.2,157,-129,28,0.9,0.005997,999999.99,99999.99,99999.99,0.19,0.11,0.08,-1,2007-12-20 12:00:00
2007,354,13,2380,51,52,62,39,6.0,5.0,14.6,133.1,-3.3,3.5,1.3,3.7,0.8,0.2,3.1,1.7,1.5,2.2,169589.0,3.3,628.0,-1.1,-2.1,0.04,17555.0,0.4,25.0,1.0,2.6,0.004,2.52,-0.5,1.14,9.5,6.8,0.0132,27,0,-11,12,70.2,230,-203,27,1.1,0.005997,999999.99,99999.99,99999.99,0.22,0.12,0.09,-1,2007-12-20 13:00:00
2007,354,14,2380,51,52,59,36,6.9,5.6,29.0,135.2,-3.5,3.5,2.7,3.8,2.3,0.3,3.8,2.2,1.1,3.0,208023.0,3.7,645.0,0.7,-3.9,0.047,16187.0,0.3,17.0,1.2,2.4,0.005,3.05,-1.48,1.09,9.0,6.5,0.0147,27,0,-6,12,70.2,133,-94,40,0.7,0.005997,999999.99,99999.99,99999.99,0.18,0.11,0.08,-1,2007-12-20 14:00:00
2007,354,15,2380,51,52,65,40,7.0,4.8,-6.9,153.5,-4.2,2.1,-0.6,2.1,-0.7,1.4,5.2,1.8,3.4,3.6,253280.0,4.6,665.0,3.5,-2.6,0.045,52096.0,0.6,16.0,1.2,1.4,0.006,4.01,0.47,1.49,10.2,6.7,0.0115,40,0,-7,27,70.2,530,-400,131,2.4,0.005997,999999.99,99999.99,99999.99,0.19,0.1,0.07,-1,2007-12-20 15:00:00
2007,354,16,2380,51,52,59,36,6.7,5.6,0.6,117.4,-2.6,5.0,0.1,5.0,0.0,1.1,3.6,1.8,1.4,2.8,336249.0,4.3,685.0,3.8,-4.3,0.06,38028.0,0.5,11.0,0.8,0.7,0.006,4.18,-0.0,1.85,10.6,6.6,0.0106,40,0,-9,27,70.2,611,-542,69,3.2,0.005997,999999.99,99999.99,99999.99,0.23,0.12,0.1,-1,2007-12-20 16:00:00
2007,354,17,2380,51,52,63,38,6.0,3.3,2.1,171.1,-3.3,0.5,0.1,0.5,0.1,0.9,4.7,2.8,2.3,3.0,387449.0,4.3,702.0,5.9,-3.6,0.057,51782.0,0.4,19.0,1.1,1.5,0.012,4.35,-0.07,2.56,12.1,6.8,0.0081,40,0,-13,27,70.2,425,-298,127,1.8,0.005997,999999.99,99999.99,99999.99,0.21,0.11,0.08,-1,2007-12-20 17:00:00
2007,354,18,2380,51,52,58,35,5.9,4.3,18.2,127.3,-2.5,3.2,1.3,3.1,1.5,0.7,3.9,1.2,2.3,2.9,427354.0,4.1,706.0,3.6,-4.3,0.05,36281.0,0.3,8.0,1.4,1.9,0.006,4.1,-1.06,2.72,12.1,6.6,0.0081,33,0,-12,18,70.2,424,-340,83,1.9,0.005997,999999.99,99999.99,99999.99,0.23,0.11,0.07,-1,2007-12-20 18:00:00
2007,354,19,2380,51,52,59,38,7.2,5.4,14.9,116.7,-2.4,4.7,1.4,4.5,1.9,0.3,4.4,1.5,1.8,3.7,382481.0,3.9,701.0,3.3,-4.0,0.054,41942.0,0.3,20.0,1.5,3.0,0.008,3.89,-1.33,1.6,9.6,6.2,0.0129,33,0,-11,18,70.2,250,-193,58,1.2,0.005997,999999.99,99999.99,99999.99,0.19,0.1,0.08,-1,2007-12-20 19:00:00
2007,354,20,2380,51,52,60,37,6.7,5.4,20.0,135.6,-3.6,3.5,1.8,3.2,2.3,0.5,3.7,1.0,2.2,2.8,394352.0,4.1,690.0,5.0,-4.6,0.057,39282.0,0.5,12.0,1.7,1.7,0.015,4.0,-1.59,1.99,10.4,6.3,0.0109,33,0,-9,18,70.2,136,-76,60,0.6,0.005997,999999.99,99999.99,99999.99,0.2,0.1,0.07,-1,2007-12-20 20:00:00
2007,354,21,2380,51,52,61,38,6.3,6.0,-2.4,140.8,-4.7,3.8,-0.3,3.8,0.3,0.2,1.6,0.7,0.8,1.2,280814.0,3.0,686.0,2.6,-3.7,0.042,29544.0,0.4,11.0,1.3,1.3,0.005,2.75,-0.21,1.29,9.4,6.5,0.0134,27,0,-14,12,70.2,167,-110,57,1.1,0.005997,999999.99,99999.99,99999.99,0.17,0.09,0.07,-1,2007-12-20 21:00:00
2007,354,22,2380,51,52,60,36,4.8,4.0,-10.5,113.2,-1.5,3.6,-0.7,3.7,0.0,0.2,2.4,1.2,1.1,1.8,218146.0,2.1,720.0,-0.1,-2.5,0.047,23301.0,0.2,13.0,1.3,2.0,0.007,2.16,-0.0,1.31,10.9,7.4,0.0101,27,0,-18,12,70.2,139,-99,40,1.8,0.005997,999999.99,99999.99,99999.99,0.17,0.11,0.07,-1,2007-12-20 22:00:00
2007,354,23,2380,51,52,61,36,4.8,4.1,-16.8,106.2,-1.1,3.8,-1.2,4.0,-0.5,0.1,2.3,1.2,1.2,1.5,217123.0,2.0,719.0,-0.5,-2.2,0.052,34771.0,0.2,16.0,1.1,1.4,0.004,2.09,0.36,1.25,10.6,7.3,0.0106,27,0,-21,12,70.2,192,-146,47,2.1,0.005997,999999.99,99999.99,99999.99,0.21,0.1,0.08,-1,2007-12-20 23:00:00
2007,355,0,2380,51,52,61,37,4.1,2.8,-12.6,113.4,-1.1,2.5,-0.6,2.6,-0.2,0.4,2.8,1.7,1.3,1.7,245112.0,2.1,718.0,0.9,-2.5,0.053,27040.0,0.1,15.0,1.5,1.6,0.007,2.19,0.14,1.94,12.7,7.8,0.0074,33,0,-18,18,68.7,260,-185,75,2.2,0.00598,999999.99,99999.99,99999.99,0.15,0.08,0.07,-1,2007-12-21 00:00:00
2007,355,1,2380,51,52,58,35,4.2,2.8,0.4,153.8,-2.5,1.2,0.0,1.2,0.2,0.2,3.0,1.6,1.6,1.9,214706.0,2.1,703.0,2.0,-3.2,0.049,40405.0,0.2,16.0,1.7,1.6,0.006,2.07,-0.14,1.7,12.1,7.7,0.0081,33,0,-15,18,68.7,304,-209,96,2.0,0.00598,999999.99,99999.99,99999.99,0.18,0.09,0.06,-1,2007-12-21 01:00:00
2007,355,2,2380,51,52,58,35,4.1,3.5,26.1,150.0,-2.7,1.6,1.5,1.4,1.7,0.2,1.9,1.3,1.1,0.9,228393.0,2.2,681.0,1.7,-4.0,0.057,27446.0,0.2,15.0,1.1,1.1,0.006,2.09,-1.16,1.94,12.3,7.5,0.0078,33,0,-16,18,68.7,262,-192,71,1.6,0.00598,999999.99,99999.99,99999.99,0.18,0.09,0.06,-1,2007-12-21 02:00:00
2007,355,3,2380,51,52,61,36,3.9,2.8,46.5,166.1,-1.8,0.5,2.0,0.4,2.0,0.3,2.6,1.4,1.7,1.3,234636.0,2.3,691.0,2.8,-4.3,0.057,25011.0,0.1,13.0,1.3,1.0,0.004,2.25,-1.38,2.28,13.4,7.8,0.0066,33,0,-14,18,68.7,191,-124,66,1.7,0.00598,999999.99,99999.99,99999.99,0.18,0.1,0.07,-1,2007-12-21 03:00:00
2007,355,4,2380,51,52,60,37,4.0,2.3,9.8,177.0,-2.2,0.1,0.4,0.1,0.4,0.3,3.1,1.7,2.2,1.5,244668.0,2.6,692.0,2.9,-3.1,0.053,19647.0,0.1,14.0,1.8,1.1,0.005,2.52,-0.28,2.52,13.9,7.8,0.0061,33,0,-15,18,68.7,129,-63,67,1.0,0.00598,999999.99,99999.99,99999.99,0.18,0.09,0.06,-1,2007-12-21 04:00:00
2007,355,5,2380,51,52,61,37,3.9,3.2,-33.3,206.6,-2.4,-1.2,-1.8,-1.3,-1.7,0.3,2.1,1.5,1.1,1.0,232556.0,2.5,687.0,3.6,-1.2,0.051,17000.0,0.2,12.0,0.8,1.1,0.005,2.37,1.17,2.47,13.9,7.9,0.0061,33,0,-18,18,68.7,219,-127,92,1.4,0.00598,999999.99,99999.99,99999.99,0.19,0.1,0.07,-1,2007-12-21 05:00:00
2007,355,6,2380,51,52,58,35,3.9,3.7,-19.1,204.6,-3.2,-1.5,-1.2,-1.6,-1.0,0.1,1.1,0.5,0.8,0.7,192034.0,2.5,678.0,3.6,-1.7,0.047,12075.0,0.1,8.0,0.7,0.5,0.004,2.28,0.68,2.19,13.7,8.1,0.0063,30,0,-19,15,68.7,338,-284,55,2.8,0.00598,999999.99,99999.99,99999.99,0.17,0.1,0.08,-1,2007-12-21 06:00:00
2007,355,7,2380,51,52,59,36,4.2,4.0,-10.3,200.0,-3.7,-1.4,-0.7,-1.5,-0.5,0.1,0.9,0.3,0.7,0.4,169158.0,2.3,664.0,3.5,-1.6,0.04,11914.0,0.2,6.0,0.5,0.7,0.004,1.96,0.33,1.61,12.0,7.7,0.0083,30,0,-16,15,68.7,222,-116,107,2.2,0.00598,999999.99,99999.99,99999.99,0.18,0.08,0.06,-1,2007-12-21 07:00:00
2007,355,8,2380,51,52,60,36,3.9,3.5,0.3,181.5,-3.5,-0.1,0.0,-0.1,0.0,0.1,1.7,0.4,0.7,1.4,186492.0,1.9,654.0,2.4,-3.0,0.051,30622.0,0.1,8.0,1.0,1.9,0.007,1.63,-0.0,1.64,11.6,7.4,0.0089,30,0,-17,15,68.7,92,-41,52,0.7,0.00598,999999.99,99999.99,99999.99,0.22,0.12,0.08,-1,2007-12-21 08:00:00
2007,355,9,2380,51,52,59,36,3.8,3.7,1.4,173.9,-3.6,0.4,0.1,0.4,0.0,0.1,1.0,0.1,0.7,0.7,169597.0,2.0,647.0,1.7,-2.8,0.047,19465.0,0.1,5.0,0.9,0.9,0.007,1.66,-0.0,1.72,12.0,7.6,0.0082,20,0,-15,7,68.7,137,-96,41,0.8,0.00598,999999.99,99999.99,99999.99,0.19,0.13,0.09,-1,2007-12-21 09:00:00
2007,355,10,2380,51,52,61,38,3.7,2.8,1.2,139.8,-2.1,1.8,0.1,1.8,-0.3,0.2,2.3,0.9,1.0,1.9,174272.0,1.9,648.0,0.3,-2.0,0.045,18809.0,0.1,11.0,1.2,2.4,0.004,1.57,0.19,1.75,12.1,7.6,0.0082,20,0,-11,7,68.7,138,-124,14,1.2,0.00598,999999.99,99999.99,99999.99,0.26,0.15,0.1,-1,2007-12-21 10:00:00
2007,355,11,2380,51,52,59,36,3.6,3.0,-0.5,174.7,-3.0,0.3,0.0,0.3,-0.1,0.1,1.9,0.6,1.2,1.3,195165.0,1.9,625.0,1.9,-1.4,0.049,18248.0,0.1,10.0,1.5,1.7,0.005,1.48,0.06,1.97,12.0,7.3,0.0083,20,0,-10,7,68.7,366,-347,20,1.7,0.00598,999999.99,99999.99,99999.99,0.2,0.11,0.08,-1,2007-12-21 11:00:00
2007,355,12,2380,51,52,60,36,3.6,3.0,16.7,136.8,-2.1,1.9,0.9,2.0,0.6,0.1,2.0,1.2,1.0,1.3,184244.0,2.2,633.0,-0.5,-2.6,0.041,14093.0,0.1,11.0,0.8,1.1,0.002,1.71,-0.38,2.21,13.0,7.6,0.007,27,0,-9,12,68.7,96,-63,33,1.0,0.00598,999999.99,99999.99,99999.99,0.21,0.11,0.08,-1,2007-12-21 12:00:00
2007,355,13,2380,51,52,61,37,3.9,2.8,17.3,95.9,-0.3,2.7,0.8,2.8,0.4,0.3,2.6,1.7,0.6,1.8,171905.0,2.2,648.0,-1.0,-2.6,0.039,27130.0,0.2,13.0,0.6,1.3,0.005,1.78,-0.26,1.81,12.3,7.7,0.0078,27,0,-10,12,68.7,103,-89,14,1.0,0.00598,999999.99,99999.99,99999.99,0.19,0.09,0.07,-1,2007-12-21 13:00:00
2007,355,14,2380,51,52,60,36,4.1,3.0,-41.3,82.8,0.3,2.2,-2.0,2.0,-2.2,0.4,2.7,1.7,1.4,1.7,165369.0,2.1,648.0,-0.6,0.1,0.04,27905.0,0.2,15.0,1.0,1.5,0.006,1.71,1.43,1.53,11.5,7.5,0.0091,27,0,-10,12,68.7,192,-176,16,1.5,0.00598,999999.99,99999.99,99999.99,0.2,0.12,0.08,-1,2007-12-21 14:00:00
2007,355,15,2380,51,52,58,34,3.8,3.0,-21.9,197.9,-2.6,-0.9,-1.1,-1.0,-1.0,0.2,2.3,1.1,1.6,1.2,174295.0,2.1,619.0,2.3,-0.7,0.038,14198.0,0.1,12.0,1.8,1.3,0.004,1.55,0.62,1.83,11.8,7.3,0.0085,33,0,-17,18,68.7,408,-395,13,2.7,0.00598,999999.99,99999.99,99999.99,0.19,0.1,0.08,-1,2007-12-21 15:00:00
2007,355,16,2380,51,52,60,35,3.7,3.3,-37.8,188.1,-2.5,-0.4,-2.0,-0.4,-2.0,0.1,1.6,0.6,1.0,1.0,172516.0,1.9,615.0,2.1,0.4,0.042,14335.0,0.1,8.0,1.2,1.1,0.005,1.4,1.23,1.74,11.5,7.2,0.0091,33,0,-19,18,68.7,233,-203,30,1.8,0.00598,999999.99,99999.99,99999.99,0.18,0.1,0.07,-1,2007-12-21 16:00:00
2007,355,17,2380,51,52,60,37,3.3,2.5,-30.5,123.9,-1.2,1.8,-1.3,1.8,-1.2,0.3,2.0,1.2,1.0,1.3,192441.0,2.1,623.0,-0.5,-1.2,0.044,21955.0,0.1,16.0,1.2,1.6,0.004,1.6,0.75,2.57,13.7,7.6,0.0064,33,0,-20,18,68.7,307,-271,36,1.6,0.00598,999999.99,99999.99,99999.99,0.17,0.09,0.06,-1,2007-12-21 17:00:00
2007,355,18,2380,51,52,58,35,3.5,2.5,-1.8,147.6,-2.1,1.3,-0.1,1.3,0.0,0.2,2.4,1.0,0.8,2.0,183354.0,2.2,605.0,0.5,-2.4,0.04,19511.0,0.1,14.0,1.0,2.1,0.004,1.56,-0.0,2.33,12.8,7.4,0.0072,30,0,-20,15,68.7,179,-138,41,1.0,0.00598,999999.99,99999.99,99999.99,0.21,0.11,0.08,-1,2007-12-21 18:00:00
2007,355,19,2380,51,52,60,36,3.7,2.8,-19.3,128.3,-1.6,2.1,-0.9,2.2,-0.7,0.1,2.2,1.2,0.8,1.7,168118.0,2.2,603.0,-1.0,-1.6,0.036,11674.0,0.2,15.0,1.0,1.9,0.002,1.53,0.42,1.98,12.1,7.3,0.0081,30,0,-20,15,68.7,386,-302,84,2.3,0.00598,999999.99,99999.99,99999.99,0.18,0.11,0.08,-1,2007-12-21 19:00:00
2007,355,20,2380,51,52,64,37,4.0,2.7,-1.8,86.4,0.2,2.7,-0.1,2.7,0.3,0.4,2.8,1.7,1.4,1.8,172252.0,2.5,617.0,-1.3,-2.1,0.03,31257.0,0.3,16.0,1.5,1.8,0.004,1.78,-0.19,1.95,12.2,7.4,0.008,30,0,-16,15,68.7,161,-82,79,1.5,0.00598,999999.99,99999.99,99999.99,0.19,0.1,0.07,-1,2007-12-21 20:00:00
2007,355,21,2380,51,52,56,34,4.7,4.2,32.4,77.2,0.8,3.4,2.2,3.0,2.8,0.2,2.0,1.5,1.0,1.0,150414.0,2.5,612.0,-1.9,-3.0,0.029,14459.0,0.3,17.0,0.6,0.7,0.004,1.75,-1.71,1.31,10.3,7.0,0.0112,13,0,-13,5,68.7,45,-14,31,0.3,0.00598,999999.99,99999.99,99999.99,0.19,0.1,0.07,-1,2007-12-21 21:00:00
2007,355,22,2380,51,52,62,36,4.4,4.0,33.1,99.7,-0.6,3.3,2.2,2.8,2.8,0.2,1.9,1.3,0.9,1.0,137737.0,2.3,591.0,-2.0,-3.3,0.027,15501.0,0.2,15.0,0.8,1.0,0.002,1.49,-1.65,1.32,10.2,7.0,0.0115,13,0,-13,5,68.7,18,-9,10,0.0,0.00598,999999.99,99999.99,99999.99,0.2,0.11,0.08,-1,2007-12-21 22:00:00
2007,355,23,2380,51,52,58,37,3.8,3.2,65.0,85.5,0.1,1.4,2.9,0.8,3.1,0.3,1.9,1.3,1.3,0.5,158403.0,2.4,604.0,-0.6,-3.5,0.025,12796.0,0.1,12.0,1.2,0.6,0.002,1.61,-1.87,1.98,12.3,7.5,0.0078,13,0,-11,5,68.7,14,-7,7,-0.1,0.00598,999999.99,99999.99,99999.99,0.2,0.09,0.07,-1,2007-12-21 23:00:00
2007,356,0,2380,51,52,61,33,4.3,3.5,21.1,69.9,1.1,3.1,1.3,2.8,1.8,0.4,2.5,0.8,1.9,1.5,113965.0,1.7,625.0,-2.7,-0.8,0.03,17131.0,0.3,10.0,1.7,1.3,0.004,1.24,-1.12,0.93,9.5,7.1,0.0132,17,0,-6,6,69.1,17,-9,8,0.1,0.005986,999999.99,99999.99,99999.99,0.18,0.09,0.07,-1,2007-12-22 00:00:00
2007,356,1,2380,51,52,61,34,4.0,2.6,37.6,86.3,0.1,2.1,1.6,1.8,1.9,0.4,2.9,1.1,1.8,2.0,155207.0,2.0,618.0,-1.6,-0.2,0.032,18246.0,0.2,10.0,1.2,1.6,0.003,1.44,-1.17,1.47,10.9,7.2,0.01,17,0,-7,6,69.1,16,-10,6,0.3,0.005986,999999.99,99999.99,99999.99,0.2,0.11,0.08,-1,2007-12-22 01:00:00
2007,356,2,2380,51,52,60,36,3.3,2.6,11.9,95.0,-0.2,2.5,0.5,2.4,0.8,0.4,2.0,0.4,1.0,1.6,202889.0,2.1,614.0,-2.4,1.3,0.033,26187.0,0.2,6.0,0.7,1.1,0.004,1.5,-0.49,2.66,13.5,7.4,0.0065,17,0,-6,6,69.1,31,-18,13,0.6,0.005986,999999.99,99999.99,99999.99,0.18,0.12,0.09,-1,2007-12-22 02:00:00
2007,356,3,2380,51,52,60,36,3.5,2.0,22.1,210.4,-1.6,-1.0,0.8,-1.1,0.7,0.3,2.8,1.3,2.2,1.2,130863.0,1.8,593.0,-0.8,-0.1,0.037,27197.0,0.3,17.0,1.2,1.5,0.006,1.21,-0.42,1.58,11.4,7.4,0.0092,23,0,-9,9,69.1,50,-36,15,1.0,0.005986,999999.99,99999.99,99999.99,0.16,0.08,0.06,-1,2007-12-22 03:00:00
2007,356,4,2380,51,52,59,36,2.4,1.1,-42.2,152.6,-0.7,0.4,-0.7,0.4,-0.7,0.4,2.1,0.8,1.4,1.3,184168.0,2.3,608.0,-3.1,0.7,0.043,14491.0,0.1,5.0,0.7,0.6,0.004,1.66,0.43,5.19,19.2,8.2,0.0032,23,0,-8,9,69.1,31,-14,17,0.7,0.005986,999999.99,99999.99,99999.99,0.2,0.12,0.09,-1,2007-12-22 04:00:00
2007,356,5,2380,51,52,60,36,3.1,1.8,3.5,269.7,0.0,-1.8,0.1,-1.8,0.2,0.4,2.5,1.0,1.7,1.6,168745.0,1.9,611.0,-1.3,-0.2,0.047,22617.0,0.3,8.0,1.4,0.9,0.006,1.41,-0.12,2.44,13.6,7.7,0.0064,23,0,-11,9,69.1,73,-38,35,0.4,0.005986,999999.99,99999.99,99999.99,0.18,0.11,0.09,-1,2007-12-22 05:00:00
2007,356,6,2380,51,52,60,37,3.0,2.6,-11.3,291.3,0.9,-2.4,-0.5,-2.4,-0.3,0.5,1.4,0.5,0.8,1.0,165633.0,2.0,610.0,-1.9,-0.5,0.051,15731.0,0.2,4.0,0.8,0.6,0.005,1.5,0.18,2.72,14.4,7.9,0.0058,13,0,-9,5,69.1,132,-93,40,0.7,0.005986,999999.99,99999.99,99999.99,0.18,0.1,0.08,-1,2007-12-22 06:00:00
2007,356,7,2380,51,52,60,37,3.4,2.9,6.7,276.6,0.3,-2.9,0.3,-2.8,0.7,0.5,1.6,0.6,0.7,1.3,158507.0,2.2,613.0,-1.1,-1.1,0.048,17083.0,0.2,8.0,1.1,0.7,0.005,1.65,-0.43,2.27,13.4,7.8,0.0067,13,0,-8,5,69.1,183,-123,60,1.0,0.005986,999999.99,99999.99,99999.99,0.19,0.11,0.08,-1,2007-12-22 07:00:00
2007,356,8,2380,51,52,60,36,3.5,2.6,42.1,238.3,-1.0,-1.7,1.8,-1.4,2.1,0.3,2.3,0.8,1.6,1.4,157989.0,2.3,605.0,-0.2,-2.3,0.046,15427.0,0.2,7.0,1.1,0.8,0.006,1.66,-1.27,2.24,13.1,7.7,0.0069,13,0,-8,5,69.1,80,-9,70,0.5,0.005986,999999.99,99999.99,99999.99,0.22,0.12,0.09,-1,2007-12-22 08:00:00
2007,356,9,2380,51,52,61,35,3.3,1.9,-73.0,219.5,-0.4,-0.4,-1.8,-0.7,-1.7,0.2,2.5,1.1,1.6,1.5,167431.0,2.5,612.0,-0.9,0.1,0.043,18057.0,0.2,11.0,1.2,1.1,0.006,1.83,1.04,2.82,14.7,7.9,0.0055,13,0,-8,5,69.1,54,-31,23,0.9,0.005986,999999.99,99999.99,99999.99,0.19,0.11,0.09,-1,2007-12-22 09:00:00
2007,356,10,2380,51,52,59,35,3.2,2.0,-20.3,283.8,0.4,-1.8,-0.7,-1.9,-0.3,0.5,2.4,0.9,1.4,1.7,153869.0,2.6,617.0,0.8,-0.6,0.037,18333.0,0.1,8.0,1.2,1.4,0.003,1.9,0.19,2.98,15.5,8.2,0.0049,13,0,-9,5,69.1,130,-109,21,0.9,0.005986,999999.99,99999.99,99999.99,0.17,0.1,0.08,-1,2007-12-22 10:00:00
2007,356,11,2380,51,52,59,35,3.0,1.7,-49.2,131.3,-0.7,0.8,-1.3,0.5,-1.4,0.5,2.4,1.8,1.5,0.8,150948.0,2.4,612.0,0.2,-0.6,0.037,16590.0,0.2,11.0,0.8,0.8,0.003,1.72,0.86,3.1,15.8,8.2,0.0048,13,0,-7,5,69.1,156,-126,30,1.1,0.005986,999999.99,99999.99,99999.99,0.19,0.09,0.07,-1,2007-12-22 11:00:00
2007,356,12,2380,51,52,62,37,3.5,2.3,-36.5,155.7,-1.7,0.8,-1.4,0.6,-1.5,0.3,2.6,1.3,1.8,1.3,147399.0,2.4,611.0,0.7,-1.5,0.036,19971.0,0.2,10.0,1.1,1.1,0.003,1.71,0.92,2.25,13.5,7.9,0.0065,23,0,-8,9,69.1,335,-280,55,1.9,0.005986,999999.99,99999.99,99999.99,0.24,0.15,0.1,-1,2007-12-22 12:00:00
2007,356,13,2380,51,52,61,36,3.3,1.9,-9.8,133.1,-1.3,1.4,-0.3,1.3,-0.5,0.3,2.7,0.9,1.2,2.2,167256.0,2.5,625.0,0.9,-1.6,0.037,16995.0,0.1,10.0,0.9,1.6,0.002,1.87,0.31,2.82,15.0,8.1,0.0053,23,0,-10,9,69.1,267,-241,26,1.7,0.005986,999999.99,99999.99,99999.99,0.23,0.12,0.09,-1,2007-12-22 13:00:00
2007,356,14,2380,51,52,58,35,3.7,3.4,20.3,152.6,-2.8,1.5,1.2,1.6,1.0,0.2,1.4,0.8,0.6,1.1,136246.0,2.0,602.0,-0.0,-2.6,0.035,21658.0,0.2,10.0,0.8,1.4,0.004,1.38,-0.6,1.61,11.5,7.4,0.009,23,0,-11,9,69.1,66,-41,25,0.5,0.005986,999999.99,99999.99,99999.99,0.22,0.11,0.07,-1,2007-12-22 14:00:00
2007,356,15,2380,51,52,61,37,4.2,3.6,2.0,111.5,-1.3,3.4,0.1,3.4,-0.1,0.2,1.8,0.7,1.1,1.3,136176.0,2.1,625.0,-1.8,-1.5,0.035,13588.0,0.2,9.0,1.2,1.5,0.004,1.56,0.06,1.31,10.8,7.4,0.0102,23,0,-12,9,69.1,217,-196,21,1.0,0.005986,999999.99,99999.99,99999.99,0.17,0.1,0.08,-1,2007-12-22 15:00:00
2007,356,16,2380,51,52,59,36,4.3,3.9,-11.7,125.9,-2.2,3.1,-0.8,3.1,-0.8,0.1,1.6,0.7,0.6,1.3,123735.0,2.1,609.0,-2.1,-0.8,0.03,20886.0,0.2,10.0,0.9,1.7,0.004,1.46,0.49,1.19,10.3,7.2,0.0113,23,0,-15,9,69.1,296,-267,29,1.6,0.005986,999999.99,99999.99,99999.99,0.17,0.11,0.08,-1,2007-12-22 16:00:00
2007,356,17,2380,51,52,61,36,3.5,2.1,-11.9,175.8,-2.0,0.2,-0.4,0.2,-0.4,0.5,2.7,0.7,2.4,1.1,188427.0,2.4,611.0,1.7,-2.5,0.03,40230.0,0.2,8.0,2.9,1.2,0.004,1.68,0.24,2.58,13.5,7.5,0.0065,23,0,-16,9,69.1,264,-235,29,2.1,0.005986,999999.99,99999.99,99999.99,0.2,0.1,0.08,-1,2007-12-22 17:00:00
2007,356,18,2380,51,52,61,37,3.7,2.8,-69.1,34.7,0.8,0.6,-2.6,0.8,-2.5,0.4,2.3,1.1,1.8,0.7,211186.0,2.7,628.0,1.8,-1.3,0.028,23252.0,0.2,10.0,1.3,0.7,0.003,1.98,1.57,2.79,13.9,7.6,0.0061,33,0,-15,18,69.1,272,-238,34,2.4,0.005986,999999.99,99999.99,99999.99,0.23,0.13,0.08,-1,2007-12-22 18:00:00
2007,356,19,2380,51,52,58,33,3.9,3.2,-5.2,102.8,-0.7,3.1,-0.3,3.1,0.1,0.2,2.2,1.3,0.9,1.5,230714.0,3.0,609.0,0.5,-2.5,0.029,28468.0,0.2,11.0,0.7,0.9,0.002,2.07,-0.06,2.95,13.5,7.2,0.0065,33,0,-19,18,69.1,355,-275,80,1.9,0.005986,999999.99,99999.99,99999.99,0.18,0.11,0.08,-1,2007-12-22 19:00:00
2007,356,20,2380,51,52,59,37,4.1,3.4,10.9,111.6,-1.2,3.1,0.6,3.0,1.1,0.2,2.2,2.0,0.6,0.8,188660.0,2.8,598.0,-0.4,-3.3,0.027,17419.0,0.2,12.0,0.6,0.7,0.002,1.85,-0.66,2.2,12.2,7.2,0.008,33,0,-14,18,69.1,242,-178,64,1.5,0.005986,999999.99,99999.99,99999.99,0.22,0.13,0.08,-1,2007-12-22 20:00:00
2007,356,21,2380,51,52,60,35,4.5,4.2,-4.5,108.1,-1.3,3.9,-0.3,3.9,0.4,0.2,1.6,1.1,0.5,1.1,166121.0,2.5,590.0,-0.7,-2.3,0.028,23368.0,0.3,12.0,0.4,0.9,0.002,1.62,-0.24,1.51,10.4,6.8,0.0111,23,0,-12,9,69.1,37,-19,18,0.6,0.005986,999999.99,99999.99,99999.99,0.24,0.15,0.1,-1,2007-12-22 21:00:00
2007,356,22,2380,51,52,60,34,4.5,3.9,-24.7,109.0,-1.2,3.4,-1.6,3.6,-0.9,0.3,2.0,0.8,1.0,1.6,164472.0,2.8,586.0,-0.1,-1.5,0.025,15563.0,0.2,8.0,0.8,1.3,0.003,1.77,0.53,1.68,10.9,7.0,0.01,23,0,-12,9,69.1,88,-58,30,1.1,0.005986,999999.99,99999.99,99999.99,0.19,0.11,0.08,-1,2007-12-22 22:00:00
2007,356,23,2380,51,52,59,36,3.9,3.7,12.8,205.0,-3.3,-1.5,0.8,-1.6,0.5,0.2,1.2,0.4,0.5,1.0,168004.0,3.2,579.0,2.9,-2.5,0.027,12800.0,0.2,4.0,0.3,0.5,0.003,1.99,-0.29,2.59,13.3,7.4,0.0067,23,0,-14,9,69.1,131,-103,28,1.8,0.005986,999999.99,99999.99,99999.99,0.2,0.09,0.07,-1,2007-12-22 23:00:00
2007,357,0,2380,51,52,60,36,4.1,2.9,-19.0,119.7,-1.4,2.4,-0.9,2.5,-0.4,0.5,2.8,2.0,1.6,1.1,204480.0,3.4,580.0,0.1,-2.1,0.026,26519.0,0.2,12.0,1.1,1.0,0.003,2.11,0.23,2.8,13.0,7.1,0.007,23,0,-10,9,69.1,118,-68,50,1.7,0.005985,999999.99,99999.99,99999.99,0.22,0.13,0.09,-1,2007-12-23 00:00:00
2007,357,1,2380,51,52,64,40,4.7,3.8,11.2,77.5,0.8,3.7,0.7,3.5,1.3,0.5,2.6,0.8,1.2,2.2,177724.0,2.9,594.0,0.6,-2.9,0.03,22059.0,0.3,11.0,1.0,0.8,0.006,1.91,-0.77,1.67,10.8,6.9,0.0103,23,0,-9,9,69.1,71,-34,38,1.5,0.005985,999999.99,99999.99,99999.99,0.2,0.1,0.07,-1,2007-12-23 01:00:00
2007,357,2,2380,51,52,57,35,3.0,2.4,35.0,109.7,-0.7,1.8,1.4,1.6,1.6,1.1,2.0,1.6,0.9,0.8,174637.0,2.5,594.0,2.5,-1.9,0.036,26978.0,0.2,11.0,0.8,0.4,0.005,1.69,-0.95,3.5,15.7,7.8,0.0049,23,0,-8,9,69.1,40,-18,22,0.7,0.005985,999999.99,99999.99,99999.99,0.19,0.12,0.09,-1,2007-12-23 02:00:00
2007,357,3,2380,51,52,61,37,3.0,1.7,21.2,68.8,0.6,1.4,0.6,1.4,0.7,0.8,2.6,1.5,2.0,0.8,163118.0,2.5,601.0,2.2,-2.0,0.034,27002.0,0.2,9.0,1.3,0.6,0.003,1.71,-0.42,3.37,15.8,8.0,0.0047,23,0,-5,9,69.1,81,-31,50,0.7,0.005985,999999.99,99999.99,99999.99,0.21,0.13,0.09,-1,2007-12-23 03:00:00
2007,357,4,2380,51,52,60,37,2.5,1.4,14.0,136.0,-1.0,1.0,0.3,1.0,0.3,0.6,2.1,1.0,1.7,0.6,175286.0,2.5,588.0,1.6,-2.6,0.039,13067.0,0.1,7.0,1.6,0.5,0.003,1.67,-0.18,5.05,18.6,8.0,0.0034,23,0,-5,9,69.1,68,-36,33,0.6,0.005985,999999.99,99999.99,99999.99,0.19,0.1,0.09,-1,2007-12-23 04:00:00
2007,357,5,2380,51,52,59,36,3.4,2.8,-24.3,135.4,-1.8,1.8,-1.2,1.8,-1.3,0.2,1.8,1.1,1.1,0.9,136358.0,2.3,588.0,0.3,-1.6,0.037,15853.0,0.2,10.0,1.0,0.9,0.003,1.52,0.76,2.19,13.1,7.7,0.0069,23,0,-6,9,69.1,120,-70,50,1.7,0.005985,999999.99,99999.99,99999.99,0.19,0.09,0.07,-1,2007-12-23 05:00:00
2007,357,6,2380,51,52,60,35,2.7,1.5,-8.3,124.1,-0.9,1.3,-0.2,1.3,-0.3,0.5,2.2,1.2,1.2,1.4,147415.0,2.5,593.0,1.2,-2.0,0.036,11239.0,0.1,9.0,1.2,0.9,0.003,1.68,0.18,3.93,17.4,8.3,0.0039,23,0,-10,9,69.1,198,-151,47,2.1,0.005985,999999.99,99999.99,99999.99,0.2,0.12,0.09,-1,2007-12-23 06:00:00
2007,357,7,2380,51,52,59,34,2.8,2.5,-1.9,180.2,-2.5,0.0,-0.1,0.0,-0.1,0.4,1.2,0.5,0.6,1.0,134745.0,2.4,579.0,2.0,-1.7,0.031,14792.0,0.2,5.0,0.6,0.9,0.003,1.51,0.06,3.35,16.0,8.1,0.0046,23,0,-12,9,69.1,101,-54,47,0.8,0.005985,999999.99,99999.99,99999.99,0.17,0.1,0.08,-1,2007-12-23 07:00:00
2007,357,8,2380,51,52,60,37,2.5,2.3,-4.1,179.1,-2.3,0.0,-0.2,0.0,-0.2,0.4,1.0,0.3,0.6,0.8,140069.0,2.1,574.0,2.4,-1.8,0.036,14043.0,0.1,3.0,0.5,0.6,0.004,1.32,0.11,3.75,16.6,8.1,0.0043,23,0,-13,9,69.1,43,-14,29,0.3,0.005985,999999.99,99999.99,99999.99,0.21,0.11,0.09,-1,2007-12-23 08:00:00
2007,357,9,2380,51,52,60,37,3.1,2.5,2.9,171.8,-2.5,0.4,0.1,0.4,0.0,0.2,1.7,0.6,0.7,1.4,127900.0,2.1,567.0,1.4,-1.9,0.035,13728.0,0.1,5.0,1.0,1.2,0.003,1.29,-0.0,2.33,13.3,7.6,0.0068,20,0,-12,7,69.1,29,-19,11,0.2,0.005985,999999.99,99999.99,99999.99,0.22,0.11,0.08,-1,2007-12-23 09:00:00
2007,357,10,2380,51,52,60,36,3.2,2.8,-47.1,141.9,-1.5,1.2,-2.0,0.8,-2.2,0.3,1.5,0.6,1.0,0.9,120885.0,2.0,570.0,0.3,0.2,0.032,7789.0,0.1,3.0,0.6,0.6,0.002,1.22,1.25,2.03,12.6,7.6,0.0075,20,0,-11,7,69.1,155,-151,4,1.0,0.005985,999999.99,99999.99,99999.99,0.2,0.11,0.09,-1,2007-12-23 10:00:00
2007,357,11,2380,51,52,59,36,2.6,2.3,-59.4,156.8,-1.1,0.5,-2.0,0.1,-2.1,0.2,1.0,0.8,0.5,0.3,130705.0,2.0,571.0,-0.1,-0.1,0.034,11924.0,0.1,7.0,0.4,0.3,0.003,1.24,1.2,3.19,15.5,8.0,0.0049,20,0,-7,7,69.1,347,-343,5,2.3,0.005985,999999.99,99999.99,99999.99,0.2,0.12,0.09,-1,2007-12-23 11:00:00
2007,357,12,2380,51,52,59,36,2.6,2.3,-37.4,166.7,-1.7,0.4,-1.4,0.2,-1.4,0.4,1.2,0.7,0.9,0.5,131922.0,2.1,561.0,-0.3,-0.6,0.033,11990.0,0.2,4.0,0.3,0.5,0.003,1.25,0.79,3.36,15.6,7.9,0.0049,20,0,-5,7,69.1,364,-358,6,2.4,0.005985,999999.99,99999.99,99999.99,0.18,0.1,0.08,-1,2007-12-23 12:00:00
2007,357,13,2380,51,52,60,36,2.8,1.8,-43.7,115.4,-0.5,1.2,-1.2,1.0,-1.3,0.4,2.1,1.4,1.4,0.8,125277.0,2.4,553.0,-0.7,-1.3,0.029,12081.0,0.3,3.0,0.3,0.3,0.003,1.37,0.72,3.23,15.3,7.9,0.0051,20,0,-5,7,69.1,182,-175,7,1.6,0.005985,999999.99,99999.99,99999.99,0.26,0.11,0.08,-1,2007-12-23 13:00:00
2007,357,14,2380,51,52,59,35,3.0,2.4,-2.1,90.7,0.0,2.4,-0.1,2.4,-0.3,0.3,1.7,1.1,0.6,1.2,122500.0,2.6,546.0,-0.6,-1.7,0.024,11494.0,0.2,6.0,0.3,0.4,0.001,1.42,0.16,3.01,14.7,7.7,0.0055,20,0,-6,7,69.1,149,-144,5,1.2,0.005985,999999.99,99999.99,99999.99,0.17,0.1,0.08,-1,2007-12-23 14:00:00
2007,357,15,2380,51,52,60,37,2.3,1.9,-8.7,41.2,1.4,1.2,-0.3,1.2,-0.4,0.4,1.3,1.0,0.5,0.8,116198.0,2.7,544.0,-0.4,-0.6,0.022,13464.0,0.2,6.0,0.3,0.5,0.002,1.45,0.22,5.19,19.4,8.3,0.0031,20,0,-6,7,69.1,96,-68,27,0.7,0.005985,999999.99,99999.99,99999.99,0.18,0.1,0.07,-1,2007-12-23 15:00:00
2007,357,16,2380,51,52,57,35,2.4,2.1,-23.2,25.8,1.7,0.8,-0.8,0.8,-0.8,0.3,1.3,0.8,0.9,0.5,112930.0,2.7,539.0,0.0,-0.9,0.024,6285.0,0.1,10.0,0.6,0.4,0.002,1.44,0.43,4.71,18.5,8.2,0.0035,20,0,-9,7,69.1,97,-76,20,0.8,0.005985,999999.99,99999.99,99999.99,0.18,0.08,0.06,-1,2007-12-23 16:00:00
2007,357,17,2380,51,52,60,37,2.9,2.5,-21.4,126.7,-1.4,1.9,-0.9,1.9,-0.8,0.2,1.3,1.2,0.4,0.4,107832.0,2.8,511.0,-0.8,-0.7,0.028,7206.0,0.2,7.0,0.4,0.3,0.001,1.36,0.41,3.27,14.7,7.5,0.0055,20,0,-9,7,69.1,85,-71,15,0.8,0.005985,999999.99,99999.99,99999.99,0.23,0.1,0.08,-1,2007-12-23 17:00:00
2007,357,18,2380,51,52,59,35,2.5,2.3,-24.1,122.4,-1.1,1.8,-0.9,1.9,-0.7,0.3,0.9,0.6,0.3,0.5,116998.0,3.2,503.0,-0.7,-0.7,0.024,8944.0,0.1,9.0,0.3,0.5,0.001,1.48,0.35,5.23,18.0,7.7,0.0037,7,0,-10,3,69.1,48,-33,15,0.6,0.005985,999999.99,99999.99,99999.99,0.21,0.11,0.09,-1,2007-12-23 18:00:00
2007,357,19,2380,51,52,61,36,2.9,2.8,-27.4,115.6,-1.1,2.3,-1.3,2.4,-1.0,0.2,0.7,0.4,0.4,0.5,113581.0,3.2,501.0,-0.7,-0.8,0.022,5923.0,0.1,3.0,0.2,0.3,0.001,1.46,0.5,3.83,15.5,7.4,0.005,7,0,-10,3,69.1,68,-57,12,0.8,0.005985,999999.99,99999.99,99999.99,0.24,0.14,0.1,-1,2007-12-23 19:00:00
2007,357,20,2380,51,52,59,36,3.0,2.5,-12.7,112.6,-0.9,2.2,-0.5,2.3,-0.1,0.2,1.7,1.0,0.8,1.0,102597.0,3.0,500.0,-0.9,-1.4,0.023,11306.0,0.3,8.0,0.5,0.6,0.002,1.37,0.05,3.2,14.4,7.4,0.0057,7,0,-13,3,69.1,52,-47,5,0.9,0.005985,999999.99,99999.99,99999.99,0.22,0.13,0.09,-1,2007-12-23 20:00:00
2007,357,21,2380,51,52,58,36,3.0,2.2,-15.2,150.0,-1.9,1.1,-0.6,1.2,-0.4,0.3,2.0,1.4,1.0,1.1,94278.0,2.7,486.0,0.1,-1.4,0.026,14380.0,0.2,10.0,1.0,0.9,0.003,1.18,0.19,2.78,13.3,7.2,0.0067,23,0,-14,9,69.1,145,-117,28,1.8,0.005985,999999.99,99999.99,99999.99,0.2,0.11,0.08,-1,2007-12-23 21:00:00
2007,357,22,2380,51,52,59,32,3.1,2.6,13.2,143.9,-2.0,1.5,0.6,1.3,0.9,0.3,1.7,0.5,1.3,1.0,95032.0,2.6,483.0,0.1,-2.5,0.025,6502.0,0.2,4.0,1.2,0.8,0.002,1.11,-0.43,2.51,12.6,7.1,0.0075,23,0,-12,9,69.1,54,-36,18,0.9,0.005985,999999.99,99999.99,99999.99,0.19,0.09,0.07,-1,2007-12-23 22:00:00
2007,357,23,2380,51,52,60,36,3.0,2.9,11.5,180.9,-2.8,0.0,0.6,-0.1,0.6,0.1,0.8,0.2,0.7,0.3,78472.0,2.3,473.0,1.2,-2.1,0.028,14470.0,0.3,8.0,0.8,0.4,0.002,0.96,-0.28,2.2,12.0,7.0,0.0083,23,0,-10,9,69.1,19,-4,15,0.1,0.005985,999999.99,99999.99,99999.99,0.21,0.09,0.06,-1,2007-12-23 23:00:00
2007,358,0,2380,51,52,59,36,3.1,3.0,4.7,163.8,-2.8,0.8,0.2,0.7,0.3,0.2,0.8,0.4,0.6,0.3,85350.0,2.2,465.0,0.6,-2.2,0.029,12211.0,0.3,6.0,0.8,0.4,0.001,0.89,-0.14,2.04,11.1,6.7,0.0096,3,0,-9,2,69.1,15,-4,11,-0.0,0.005975,999999.99,99999.99,99999.99,0.2,0.11,0.09,-1,2007-12-24 00:00:00
2007,358,1,2380,51,52,61,37,2.7,1.8,-22.2,125.8,-1.0,1.3,-0.7,1.4,-0.5,0.4,2.0,1.1,0.7,1.5,92144.0,3.0,475.0,-0.0,-1.2,0.024,8939.0,0.3,9.0,0.9,1.4,0.003,1.24,0.24,3.77,15.2,7.4,0.0051,3,0,-6,2,69.1,22,-5,17,0.3,0.005975,999999.99,99999.99,99999.99,0.18,0.11,0.08,-1,2007-12-24 01:00:00
2007,358,2,2380,51,52,55,32,3.2,2.9,3.3,166.5,-2.8,0.7,0.2,0.7,0.3,0.3,1.3,0.5,0.6,1.1,78629.0,2.7,451.0,0.7,-2.1,0.027,10472.0,0.3,7.0,0.8,1.3,0.004,1.02,-0.14,2.27,11.6,6.7,0.0089,3,0,-4,2,69.1,13,-5,8,0.2,0.005975,999999.99,99999.99,99999.99,0.19,0.1,0.08,-1,2007-12-24 02:00:00
2007,358,3,2380,51,52,58,35,3.5,3.5,-21.4,185.8,-3.2,-0.3,-1.3,-0.2,-1.3,0.1,0.6,0.2,0.2,0.5,66353.0,2.4,440.0,2.7,0.2,0.023,10352.0,0.4,8.0,0.3,0.7,0.001,0.85,0.57,1.59,9.7,6.3,0.0125,10,0,-5,4,69.1,34,-12,22,0.5,0.005975,999999.99,99999.99,99999.99,0.19,0.11,0.09,-1,2007-12-24 03:00:00
2007,358,4,2380,51,52,60,37,3.6,3.5,-5.5,176.6,-3.5,0.2,-0.3,0.2,-0.3,0.1,0.5,0.2,0.4,0.1,66880.0,1.9,434.0,2.1,-1.3,0.026,16064.0,0.3,7.0,0.7,0.3,0.003,0.66,0.13,1.19,8.3,5.8,0.0172,10,0,-7,4,69.1,30,-9,21,0.4,0.005975,999999.99,99999.99,99999.99,0.19,0.11,0.09,-1,2007-12-24 04:00:00
2007,358,5,2380,51,52,60,36,3.4,3.4,-4.1,168.4,-3.4,0.7,-0.2,0.7,-0.2,0.2,0.4,0.2,0.3,0.2,61466.0,2.4,434.0,1.4,-1.6,0.022,15400.0,0.3,5.0,0.4,0.2,0.002,0.82,0.09,1.64,9.9,6.4,0.0122,10,0,-10,4,69.1,38,-15,23,0.5,0.005975,999999.99,99999.99,99999.99,0.2,0.1,0.07,-1,2007-12-24 05:00:00
2007,358,6,2380,51,52,58,35,3.4,3.4,-2.5,170.2,-3.4,0.6,-0.2,0.6,-0.2,0.2,0.3,0.2,0.2,0.1,57642.0,2.1,428.0,1.2,-2.4,0.023,14680.0,0.3,9.0,0.6,0.4,0.002,0.7,0.09,1.41,9.1,6.1,0.0143,10,0,-12,4,69.1,87,-39,47,0.2,0.005975,999999.99,99999.99,99999.99,0.21,0.12,0.09,-1,2007-12-24 06:00:00
2007,358,7,2380,51,52,60,37,3.4,3.4,0.2,154.7,-3.0,1.4,0.0,1.4,-0.2,0.1,0.4,0.2,0.3,0.3,52063.0,2.1,423.0,-1.3,-2.5,0.023,12653.0,0.4,5.0,0.9,0.4,0.003,0.69,0.08,1.36,9.0,6.1,0.0146,10,0,-10,4,69.1,98,-68,29,0.4,0.005975,999999.99,99999.99,99999.99,0.18,0.1,0.07,-1,2007-12-24 07:00:00
2007,358,8,2380,51,52,62,35,3.7,3.7,-1.1,167.8,-3.6,0.8,-0.1,0.8,-0.2,0.1,0.4,0.2,0.3,0.2,50492.0,2.4,425.0,-0.6,-2.0,0.024,10710.0,0.2,6.0,0.5,0.3,0.002,0.79,0.09,1.3,8.9,6.1,0.015,10,0,-10,4,69.1,34,-16,18,0.2,0.005975,999999.99,99999.99,99999.99,0.17,0.11,0.07,-1,2007-12-24 08:00:00
2007,358,9,2380,51,52,58,36,3.8,3.8,-3.1,172.0,-3.7,0.5,-0.2,0.5,-0.3,0.1,0.5,0.2,0.1,0.4,65800.0,2.7,429.0,-0.3,-1.7,0.029,8451.0,0.2,2.0,0.1,0.2,0.002,0.93,0.13,1.51,9.3,6.1,0.0138,7,0,-9,3,69.1,20,-11,10,-0.1,0.005975,999999.99,99999.99,99999.99,0.17,0.1,0.07,-1,2007-12-24 09:00:00
2007,358,10,2380,51,52,60,37,3.6,3.4,-26.8,173.9,-3.0,0.3,-1.5,0.0,-1.5,0.1,1.1,0.4,0.3,1.0,65118.0,3.0,423.0,0.1,-1.8,0.028,6081.0,0.3,2.0,0.3,0.4,0.002,1.0,0.63,1.86,10.2,6.3,0.0115,7,0,-7,3,69.1,37,-33,4,-0.0,0.005975,999999.99,99999.99,99999.99,0.2,0.11,0.08,-1,2007-12-24 10:00:00
2007,358,11,2380,51,52,59,35,3.3,3.1,-20.2,166.0,-2.8,0.7,-1.1,0.5,-1.2,0.2,1.0,0.5,0.9,0.3,69012.0,2.9,418.0,0.2,-2.0,0.024,11222.0,0.2,3.0,0.3,0.3,0.003,0.93,0.5,2.19,10.8,6.3,0.0102,7,0,-6,3,69.1,69,-68,1,0.3,0.005975,999999.99,99999.99,99999.99,0.2,0.1,0.07,-1,2007-12-24 11:00:00
2007,358,12,2380,51,52,60,37,2.8,2.4,11.0,82.9,0.3,2.4,0.5,2.4,0.1,0.3,1.4,1.0,0.4,0.9,64979.0,3.2,423.0,-0.3,-2.5,0.022,10031.0,0.3,6.0,0.5,0.9,0.003,1.04,-0.04,3.28,13.5,6.9,0.0065,3,0,-5,2,69.1,80,-75,5,0.4,0.005975,999999.99,99999.99,99999.99,0.2,0.11,0.09,-1,2007-12-24 12:00:00
2007,358,13,2380,51,52,61,37,3.0,2.9,9.9,63.5,1.3,2.5,0.5,2.5,0.2,0.2,0.9,0.4,0.3,0.8,51909.0,3.4,422.0,-0.1,-2.4,0.022,5083.0,0.1,3.0,0.4,0.5,0.002,1.1,-0.08,2.83,13.0,7.0,0.0071,3,0,-5,2,69.1,78,-75,3,0.5,0.005975,999999.99,99999.99,99999.99,0.17,0.1,0.07,-1,2007-12-24 13:00:00
2007,358,14,2380,51,52,61,38,3.0,2.6,-16.2,60.2,1.2,2.2,-0.7,2.1,-0.9,0.3,1.5,1.0,0.5,0.9,58619.0,3.3,419.0,0.0,-1.7,0.022,6697.0,0.3,6.0,0.7,0.7,0.002,1.05,0.38,2.85,12.7,6.8,0.0074,3,0,-7,2,69.1,87,-85,2,0.7,0.005975,999999.99,99999.99,99999.99,0.25,0.12,0.09,-1,2007-12-24 14:00:00
2007,358,15,2380,51,52,59,35,3.6,3.6,8.6,42.4,2.6,2.4,0.5,2.4,0.4,0.3,0.7,0.4,0.3,0.4,55483.0,3.2,421.0,-0.3,-2.8,0.02,4065.0,0.1,3.0,0.3,0.4,0.001,1.02,-0.17,1.89,10.5,6.4,0.0109,3,0,-9,2,69.1,74,-69,5,0.6,0.005975,999999.99,99999.99,99999.99,0.19,0.1,0.08,-1,2007-12-24 15:00:00
2007,358,16,2380,51,52,60,37,3.9,3.6,0.3,31.2,3.1,1.9,0.0,1.9,0.0,0.2,1.4,0.4,0.6,1.1,56179.0,3.6,419.0,-0.5,-2.5,0.018,5047.0,0.2,2.0,0.3,0.5,0.002,1.13,-0.0,1.82,10.2,6.4,0.0114,3,0,-8,2,69.1,55,-53,2,0.8,0.005975,999999.99,99999.99,99999.99,0.19,0.1,0.07,-1,2007-12-24 16:00:00
2007,358,17,2380,51,52,59,36,3.8,3.7,21.9,27.9,3.0,1.6,1.4,1.5,1.5,0.2,1.0,0.4,0.6,0.7,52025.0,3.9,416.0,-1.3,-2.7,0.018,4047.0,0.4,4.0,0.6,0.5,0.001,1.21,-0.62,2.03,10.8,6.5,0.0102,3,0,-7,2,69.1,24,-10,14,0.2,0.005975,999999.99,99999.99,99999.99,0.2,0.09,0.06,-1,2007-12-24 17:00:00
2007,358,18,2380,51,52,57,33,3.6,3.1,41.8,33.3,1.9,1.3,2.0,1.1,2.1,0.3,2.0,1.5,1.1,0.5,59820.0,4.2,414.0,-1.8,-2.7,0.019,7093.0,0.4,7.0,0.7,0.5,0.002,1.29,-0.87,2.54,11.8,6.6,0.0086,10,0,-5,4,69.1,12,-6,6,0.1,0.005975,999999.99,99999.99,99999.99,0.2,0.11,0.08,-1,2007-12-24 18:00:00
2007,358,19,2380,51,52,59,35,3.8,3.4,-4.6,126.6,-2.0,2.7,-0.3,2.7,0.1,0.3,1.6,0.6,0.8,1.3,61557.0,4.3,400.0,-2.3,-1.8,0.021,8294.0,0.3,4.0,0.5,0.9,0.002,1.25,-0.04,2.35,10.9,6.3,0.01,10,0,-4,4,69.1,9,-5,3,0.1,0.005975,999999.99,99999.99,99999.99,0.2,0.11,0.08,-1,2007-12-24 19:00:00
2007,358,20,2380,51,52,60,37,3.7,2.9,-51.0,149.9,-1.6,0.9,-2.3,1.3,-2.1,0.3,2.2,1.5,1.5,0.7,63009.0,4.3,398.0,-1.8,-0.2,0.021,4803.0,0.3,6.0,0.8,0.6,0.002,1.23,0.84,2.5,11.2,6.3,0.0096,10,0,-5,4,69.1,25,-16,9,0.6,0.005975,999999.99,99999.99,99999.99,0.18,0.09,0.07,-1,2007-12-24 20:00:00
2007,358,21,2380,51,52,62,38,3.2,1.8,-12.4,107.0,-0.5,1.6,-0.4,1.6,-0.1,0.3,2.7,1.7,1.0,1.8,58622.0,3.8,399.0,-2.4,-0.4,0.019,11722.0,0.3,3.0,0.7,0.4,0.003,1.09,0.04,2.89,12.2,6.5,0.0081,13,0,-10,5,69.1,31,-24,7,0.7,0.005975,999999.99,99999.99,99999.99,0.22,0.1,0.08,-1,2007-12-24 21:00:00
2007,358,22,2380,51,52,59,36,3.8,3.7,30.5,340.6,3.0,-1.1,1.9,-1.5,1.6,0.5,0.8,0.4,0.5,0.5,38740.0,3.1,399.0,-1.6,-0.1,0.017,12162.0,0.5,5.0,0.6,0.6,0.001,0.88,-0.64,1.49,9.2,6.1,0.0139,13,0,-11,5,69.1,15,-10,6,-0.0,0.005975,999999.99,99999.99,99999.99,0.17,0.09,0.07,-1,2007-12-24 22:00:00
2007,358,23,2380,51,52,59,35,3.1,2.8,28.5,328.7,2.1,-1.3,1.3,-1.5,1.0,0.7,1.5,1.2,0.6,0.7,52618.0,3.8,391.0,-1.5,0.7,0.018,10478.0,0.7,5.0,0.3,0.5,0.002,1.04,-0.39,2.98,12.3,6.5,0.0079,13,0,-8,5,69.1,14,-5,10,0.0,0.005975,999999.99,99999.99,99999.99,0.19,0.12,0.09,-1,2007-12-24 23:00:00
2007,359,0,2380,51,52,62,35,4.0,3.9,19.7,324.8,3.0,-2.1,1.3,-2.3,0.9,0.2,0.6,0.3,0.5,0.3,39038.0,3.3,392.0,-1.1,0.2,0.017,5009.0,0.2,3.0,0.5,0.5,0.002,0.9,-0.35,1.44,8.9,5.9,0.015,3,0,-5,2,69.7,19,-6,13,0.1,0.00607,999999.99,99999.99,99999.99,0.19,0.1,0.07,-1,2007-12-25 00:00:00
2007,359,1,2380,51,52,60,37,3.9,3.8,28.2,0.8,3.4,0.0,1.8,-0.3,1.8,0.1,0.8,0.3,0.6,0.5,41292.0,3.6,398.0,-1.4,-0.7,0.016,2940.0,0.2,3.0,1.2,0.4,0.001,1.01,-0.72,1.67,9.7,6.2,0.0127,3,0,-2,2,69.7,15,-5,10,0.2,0.00607,999999.99,99999.99,99999.99,0.21,0.13,0.09,-1,2007-12-25 01:00:00
2007,359,2,2380,51,52,58,35,3.7,3.3,7.2,39.1,2.6,2.1,0.4,2.0,0.7,0.2,1.6,0.9,0.7,1.1,45419.0,3.7,394.0,-3.0,0.1,0.016,7107.0,0.3,5.0,0.6,0.8,0.002,1.02,-0.28,1.95,10.2,6.2,0.0113,3,0,0,2,69.7,17,-3,14,0.2,0.00607,999999.99,99999.99,99999.99,0.21,0.08,0.06,-1,2007-12-25 02:00:00
2007,359,3,2380,51,52,59,37,3.5,2.7,33.8,308.1,1.4,-1.8,1.5,-1.9,1.3,0.2,2.2,1.0,1.8,0.7,56759.0,3.7,386.0,-2.0,0.6,0.018,7323.0,0.3,4.0,1.1,0.3,0.002,0.99,-0.5,2.33,10.6,6.1,0.0106,0,0,-2,0,69.7,11,-4,8,-0.0,0.00607,999999.99,99999.99,99999.99,0.17,0.09,0.06,-1,2007-12-25 03:00:00
2007,359,4,2380,51,52,61,35,3.2,2.4,-1.1,237.9,-1.3,-2.0,0.0,-2.0,-0.1,0.3,2.2,1.8,0.5,1.1,57580.0,3.5,389.0,-1.9,-0.4,0.021,7946.0,0.3,4.0,0.5,0.5,0.002,0.96,0.04,2.64,11.4,6.3,0.0092,0,0,-3,0,69.7,19,-5,14,-0.1,0.00607,999999.99,99999.99,99999.99,0.19,0.12,0.09,-1,2007-12-25 04:00:00
2007,359,5,2380,51,52,60,37,2.6,1.1,13.7,122.0,-0.6,0.9,0.3,0.9,0.3,0.4,2.3,1.4,1.8,0.4,60733.0,3.9,395.0,-2.1,-1.0,0.017,8110.0,0.3,3.0,0.8,0.6,0.003,1.09,-0.12,4.54,15.0,6.8,0.0053,0,0,-4,0,69.7,23,-4,20,-0.1,0.00607,999999.99,99999.99,99999.99,0.24,0.11,0.08,-1,2007-12-25 05:00:00
2007,359,6,2380,51,52,59,37,3.2,3.0,-15.8,100.9,-0.5,2.8,-0.8,2.7,-1.0,0.5,1.2,0.7,0.8,0.6,44833.0,4.0,393.0,-2.1,0.2,0.011,10549.0,0.2,4.0,0.5,0.6,0.004,1.08,0.39,2.81,12.3,6.6,0.0079,7,0,-4,3,69.7,28,-7,22,0.3,0.00607,999999.99,99999.99,99999.99,0.2,0.1,0.08,-1,2007-12-25 06:00:00
2007,359,7,2380,51,52,60,36,3.5,2.2,36.4,101.5,-0.4,1.7,1.3,1.8,1.1,0.3,2.8,0.7,2.5,0.9,37592.0,4.1,387.0,-0.8,1.0,0.009,10306.0,0.2,2.0,1.1,0.7,0.002,1.06,-0.43,2.31,11.2,6.5,0.0095,7,0,-7,3,69.7,64,-38,26,0.4,0.00607,999999.99,99999.99,99999.99,0.22,0.11,0.08,-1,2007-12-25 07:00:00
2007,359,8,2380,51,52,62,38,4.1,4.0,18.0,293.8,1.6,-3.5,1.3,-3.3,1.8,0.1,0.6,0.4,0.3,0.3,15543.0,3.3,391.0,0.7,1.5,0.009,1749.0,0.3,3.0,0.3,0.4,0.001,0.87,-0.7,1.18,8.7,6.1,0.0159,7,0,-7,3,69.7,34,-14,20,-0.0,0.00607,999999.99,99999.99,99999.99,0.23,0.13,0.09,-1,2007-12-25 08:00:00
2007,359,9,2380,51,52,57,34,3.8,3.6,26.6,299.7,1.6,-2.8,1.6,-2.5,2.0,0.2,1.1,1.0,0.3,0.3,19347.0,3.1,395.0,0.0,0.8,0.012,3772.0,0.2,7.0,0.3,0.5,0.002,0.85,-0.79,1.32,9.2,6.3,0.0142,0,0,-6,0,69.7,19,-7,12,-0.2,0.00607,999999.99,99999.99,99999.99,0.23,0.12,0.09,-1,2007-12-25 09:00:00
2007,359,10,2380,51,52,60,34,3.4,2.7,6.9,226.1,-1.9,-2.0,0.3,-1.9,0.6,0.2,1.9,1.3,1.2,0.8,26297.0,3.4,379.0,0.2,1.8,0.013,5425.0,0.5,5.0,0.8,0.6,0.002,0.86,-0.23,1.89,10.3,6.3,0.0113,0,0,-7,0,69.7,9,-3,6,-0.1,0.00607,999999.99,99999.99,99999.99,0.19,0.1,0.07,-1,2007-12-25 10:00:00
2007,359,11,2380,51,52,63,39,3.5,3.4,-18.1,171.5,-3.2,0.5,-1.1,0.3,-1.2,0.2,0.7,0.2,0.5,0.4,31349.0,3.5,377.0,-0.9,1.7,0.013,10638.0,0.5,7.0,0.6,0.5,0.003,0.87,0.45,1.9,10.1,6.2,0.0117,0,0,-8,0,69.7,35,-33,2,0.0,0.00607,999999.99,99999.99,99999.99,0.21,0.1,0.06,-1,2007-12-25 11:00:00
2007,359,12,2380,51,52,58,36,3.1,2.9,-24.5,177.0,-2.6,0.1,-1.2,-0.1,-1.2,0.3,1.2,0.3,0.9,0.7,48452.0,3.4,391.0,-2.2,1.7,0.014,5225.0,0.2,4.0,0.6,0.4,0.002,0.92,0.47,2.6,11.6,6.5,0.0088,7,0,-7,3,69.7,95,-93,3,0.3,0.00607,999999.99,99999.99,99999.99,0.2,0.11,0.08,-1,2007-12-25 12:00:00
2007,359,13,2380,51,52,63,37,2.8,2.7,-6.1,155.9,-2.5,1.1,-0.3,1.1,-0.4,0.5,0.8,0.5,0.5,0.3,49793.0,3.5,393.0,-3.0,2.0,0.015,6552.0,0.3,3.0,0.7,0.2,0.001,0.96,0.16,3.31,13.1,6.7,0.0069,7,0,-6,3,69.7,89,-88,1,0.4,0.00607,999999.99,99999.99,99999.99,0.19,0.12,0.09,-1,2007-12-25 13:00:00
2007,359,14,2380,51,52,57,35,1.8,1.6,3.3,176.7,-1.6,0.1,0.1,0.1,0.1,0.4,0.9,0.6,0.7,0.2,58995.0,3.9,384.0,-1.7,2.1,0.016,6378.0,0.4,3.0,0.7,0.1,0.001,1.02,-0.04,9.38,21.1,7.0,0.0027,7,0,-8,3,69.7,20,-7,12,0.2,0.00607,999999.99,99999.99,99999.99,0.21,0.1,0.08,-1,2007-12-25 14:00:00
2007,359,15,2380,51,52,60,33,2.4,2.3,4.1,172.2,-2.2,0.3,0.2,0.3,0.2,0.1,0.7,0.2,0.6,0.3,37132.0,2.2,377.0,-1.3,2.0,0.016,7532.0,0.5,4.0,0.6,0.3,0.002,0.56,-0.08,2.63,11.6,6.4,0.0088,3,0,-8,2,69.7,17,-5,11,0.2,0.00607,999999.99,99999.99,99999.99,0.17,0.09,0.07,-1,2007-12-25 15:00:00
2007,359,16,2380,51,52,58,37,1.9,1.5,27.7,194.7,-1.3,-0.3,0.7,-0.3,0.7,0.4,1.1,0.7,0.7,0.4,38893.0,3.0,376.0,-1.4,1.5,0.013,7558.0,0.4,4.0,0.5,0.6,0.001,0.75,-0.26,5.78,17.1,7.0,0.004,3,0,-8,2,69.7,11,-9,2,0.2,0.00607,999999.99,99999.99,99999.99,0.2,0.1,0.08,-1,2007-12-25 16:00:00
2007,359,17,2380,51,52,61,37,2.1,1.9,28.0,252.4,-0.5,-1.6,0.9,-1.7,0.8,0.2,0.8,0.4,0.5,0.4,29758.0,3.3,374.0,-0.8,0.3,0.01,4550.0,0.2,3.0,0.5,0.4,0.001,0.8,-0.3,4.92,16.2,7.1,0.0045,3,0,-6,2,69.7,10,-10,1,0.1,0.00607,999999.99,99999.99,99999.99,0.2,0.13,0.09,-1,2007-12-25 17:00:00
2007,359,18,2380,51,52,57,34,2.4,2.4,6.9,250.6,-0.8,-2.2,0.3,-2.2,0.1,0.2,0.6,0.5,0.2,0.1,17873.0,3.8,367.0,0.1,0.4,0.007,10914.0,0.3,5.0,0.4,0.5,0.001,0.88,-0.04,4.01,14.9,7.1,0.0054,0,0,-5,0,69.7,12,-8,4,0.2,0.00607,999999.99,99999.99,99999.99,0.23,0.13,0.1,-1,2007-12-25 18:00:00
2007,359,19,2380,51,52,59,36,2.6,2.6,3.1,256.5,-0.6,-2.5,0.1,-2.5,-0.3,0.0,0.3,0.3,0.1,0.1,12840.0,4.1,365.0,0.0,0.1,0.006,1655.0,0.1,3.0,0.2,0.3,0.0,0.93,0.11,3.56,14.2,7.0,0.0059,0,0,-5,0,69.7,10,-6,4,0.1,0.00607,999999.99,99999.99,99999.99,0.2,0.11,0.08,-1,2007-12-25 19:00:00
2007,359,20,2380,51,52,61,37,3.1,3.1,11.1,252.3,-0.9,-2.9,0.6,-3.0,0.1,0.2,0.4,0.3,0.3,0.1,8579.0,3.8,362.0,-0.3,-0.5,0.005,1658.0,0.3,3.0,0.2,0.2,0.001,0.85,-0.04,2.25,11.4,6.6,0.0092,0,0,-5,0,69.7,14,-8,6,0.1,0.00607,999999.99,99999.99,99999.99,0.21,0.11,0.08,-1,2007-12-25 20:00:00
2007,359,21,2380,51,52,57,35,3.4,3.4,10.3,255.6,-0.8,-3.2,0.6,-3.3,-0.1,0.0,0.3,0.2,0.1,0.1,6572.0,3.6,356.0,-0.5,-1.3,0.004,892.0,0.1,5.0,0.2,0.6,0.0,0.77,0.04,1.75,9.9,6.3,0.0121,0,0,-5,0,69.7,16,-10,7,0.1,0.00607,999999.99,99999.99,99999.99,0.19,0.1,0.08,-1,2007-12-25 21:00:00
2007,359,22,2380,51,52,61,37,3.5,3.5,14.9,257.3,-0.7,-3.3,0.9,-3.4,0.2,0.0,0.2,0.1,0.0,0.1,5813.0,4.2,352.0,-0.6,-1.5,0.004,388.0,0.2,2.0,0.1,0.5,0.0,0.88,-0.07,1.91,10.3,6.3,0.0112,0,0,-6,0,69.7,18,-9,9,0.1,0.00607,999999.99,99999.99,99999.99,0.2,0.1,0.08,-1,2007-12-25 22:00:00
2007,359,23,2380,51,52,60,37,3.5,3.4,18.6,258.0,-0.7,-3.2,1.1,-3.4,0.4,0.1,0.4,0.2,0.1,0.3,5937.0,4.2,350.0,-0.8,-1.7,0.005,683.0,0.2,2.0,0.2,0.5,0.001,0.88,-0.14,1.92,10.2,6.3,0.0113,0,0,-7,0,69.7,16,-7,9,0.1,0.00607,999999.99,99999.99,99999.99,0.21,0.13,0.1,-1,2007-12-25 23:00:00
2007,360,0,2380,51,52,59,35,4.0,4.0,17.6,261.3,-0.6,-3.7,1.2,-3.9,0.4,0.2,0.4,0.2,0.2,0.2,6805.0,4.6,349.0,-0.8,-1.0,0.005,712.0,0.3,1.0,0.2,0.7,0.0,0.95,-0.14,1.62,9.4,6.0,0.0136,7,0,-3,3,70.2,15,-5,11,-0.0,0.006034,999999.99,99999.99,99999.99,0.22,0.11,0.08,-1,2007-12-26 00:00:00
2007,360,1,2380,51,52,59,35,4.3,4.3,13.2,259.8,-0.7,-4.1,1.0,-4.2,0.2,0.0,0.2,0.2,0.0,0.1,6734.0,5.4,346.0,-0.5,-0.5,0.005,735.0,0.3,2.0,0.1,0.2,0.001,1.1,-0.07,1.64,9.3,6.0,0.0136,7,0,-1,3,70.2,18,-7,11,0.2,0.006034,999999.99,99999.99,99999.99,0.21,0.12,0.1,-1,2007-12-26 01:00:00
2007,360,2,2380,51,52,62,37,4.9,4.9,7.0,257.9,-1.0,-4.8,0.6,-4.8,-0.1,0.4,0.5,0.2,0.5,0.1,7638.0,6.6,351.0,-0.6,-0.3,0.006,1077.0,0.6,6.0,0.4,0.2,0.001,1.39,0.04,1.56,9.2,6.0,0.014,7,0,2,3,70.2,30,-11,20,0.9,0.006034,999999.99,99999.99,99999.99,0.2,0.13,0.1,-1,2007-12-26 02:00:00
2007,360,3,2380,51,52,58,7,5.7,5.6,1.9,252.6,-1.7,-5.4,0.2,-5.4,-0.3,0.1,0.5,0.4,0.1,0.3,8725.0,7.5,351.0,-1.0,-0.2,0.005,1743.0,0.3,1.0,0.1,0.0,0.001,1.57,0.11,1.32,8.4,5.8,0.0167,0,0,4,0,70.2,26,-5,21,0.5,0.006034,999999.99,99999.99,99999.99,0.18,0.1,0.08,-1,2007-12-26 03:00:00
2007,360,4,2380,51,52,60,9,5.7,5.6,1.2,250.0,-1.9,-5.3,0.1,-5.3,-0.1,0.1,0.4,0.2,0.2,0.3,7592.0,8.7,343.0,-1.0,0.2,0.004,278.0,0.2,0.0,0.1,0.3,0.0,1.74,0.03,1.51,8.9,5.8,0.0151,0,0,6,0,70.2,35,-4,31,0.3,0.006034,999999.99,99999.99,99999.99,0.24,0.13,0.08,-1,2007-12-26 04:00:00
2007,360,5,2380,51,52,59,36,5.5,5.4,-0.9,245.7,-2.2,-5.0,-0.1,-5.0,-0.1,0.1,1.0,0.5,0.2,0.8,7980.0,8.5,342.0,-1.0,0.3,0.005,564.0,0.4,2.0,0.2,0.5,0.001,1.69,0.03,1.59,9.1,5.9,0.0145,0,0,6,0,70.2,31,-3,28,0.1,0.006034,999999.99,99999.99,99999.99,0.23,0.12,0.08,-1,2007-12-26 05:00:00
2007,360,6,2380,51,52,58,37,5.6,5.5,-18.5,237.1,-2.8,-4.4,-1.7,-4.5,-1.4,0.2,1.1,0.6,0.5,0.7,7747.0,8.2,337.0,-1.4,1.0,0.005,469.0,0.7,1.0,0.3,0.2,0.001,1.59,0.47,1.48,8.6,5.7,0.016,3,0,3,2,70.2,39,-5,34,0.2,0.006034,999999.99,99999.99,99999.99,0.18,0.11,0.08,-1,2007-12-26 06:00:00
2007,360,7,2380,51,52,61,37,5.6,5.6,-20.6,233.0,-3.2,-4.2,-2.0,-4.4,-1.6,0.2,0.4,0.2,0.2,0.3,7338.0,7.3,334.0,-2.1,0.7,0.005,534.0,0.6,2.0,0.3,0.3,0.002,1.39,0.53,1.31,8.1,5.5,0.0183,3,0,-2,2,70.2,40,-5,35,0.1,0.006034,999999.99,99999.99,99999.99,0.23,0.11,0.08,-1,2007-12-26 07:00:00
2007,360,8,2380,51,52,58,33,5.2,5.2,-21.5,234.7,-2.8,-3.9,-1.9,-4.1,-1.4,0.1,0.7,0.5,0.4,0.2,7197.0,7.8,335.0,-2.3,0.0,0.006,515.0,0.4,2.0,0.4,0.2,0.002,1.5,0.47,1.63,9.0,5.8,0.0147,3,0,-4,2,70.2,53,-24,29,0.1,0.006034,999999.99,99999.99,99999.99,0.22,0.12,0.08,-1,2007-12-26 08:00:00
2007,360,9,2380,51,52,63,39,4.6,4.2,15.4,294.7,1.7,-3.7,1.1,-3.5,1.7,0.2,1.9,1.5,0.7,1.0,13623.0,8.0,345.0,-2.6,-1.8,0.005,1592.0,0.6,6.0,0.8,0.8,0.002,1.62,-0.59,2.23,10.6,6.2,0.0106,3,0,-4,2,70.2,80,-33,47,0.1,0.006034,999999.99,99999.99,99999.99,0.2,0.11,0.08,-1,2007-12-26 09:00:00
2007,360,10,2380,51,52,61,38,4.6,4.5,20.7,298.6,2.0,-3.7,1.6,-3.4,2.2,0.2,1.1,0.7,0.8,0.5,16479.0,8.0,342.0,-1.0,-2.1,0.004,1384.0,0.7,3.0,1.3,0.5,0.0,1.59,-0.75,2.28,10.5,6.1,0.0108,3,0,-5,2,70.2,30,-12,19,-0.1,0.006034,999999.99,99999.99,99999.99,0.24,0.12,0.08,-1,2007-12-26 10:00:00
2007,360,11,2380,51,52,59,33,3.5,3.4,-0.8,269.5,0.0,-3.4,0.0,-3.4,0.5,0.5,1.0,0.5,0.6,0.6,21160.0,12.2,343.0,-0.4,-2.5,0.004,3008.0,1.0,4.0,0.4,0.5,0.001,2.44,-0.17,6.19,17.1,6.8,0.0041,3,0,-1,2,70.2,22,-5,17,0.1,0.006034,999999.99,99999.99,99999.99,0.2,0.12,0.09,-1,2007-12-26 11:00:00
2007,360,12,2380,51,52,60,34,3.8,3.4,-22.6,273.5,0.2,-3.1,-1.3,-3.2,-0.9,0.4,1.7,1.0,0.6,1.2,26635.0,11.3,340.0,-1.1,-1.5,0.004,5970.0,0.9,3.0,0.3,0.5,0.001,2.22,0.31,5.05,15.0,6.5,0.0053,7,0,-1,3,70.2,56,-42,15,0.3,0.006034,999999.99,99999.99,99999.99,0.2,0.11,0.08,-1,2007-12-26 12:00:00
2007,360,13,2380,51,52,61,35,4.3,3.9,-26.3,308.5,2.1,-2.7,-1.7,-2.9,-1.4,0.4,2.0,0.9,1.2,1.3,33083.0,10.2,342.0,-1.5,-1.5,0.005,2838.0,0.7,4.0,0.7,0.7,0.001,2.03,0.48,3.71,12.7,6.2,0.0074,7,0,-3,3,70.2,141,-119,21,0.6,0.006034,999999.99,99999.99,99999.99,0.2,0.11,0.08,-1,2007-12-26 13:00:00
2007,360,14,2380,51,52,60,37,4.8,4.6,11.4,305.1,2.6,-3.7,0.9,-3.6,1.2,0.2,1.2,0.6,0.3,1.0,37203.0,12.2,344.0,-2.0,-2.3,0.006,2236.0,1.5,2.0,0.2,0.5,0.001,2.47,-0.41,3.65,12.5,6.1,0.0076,7,0,-2,3,70.2,56,-35,20,0.6,0.006034,999999.99,99999.99,99999.99,0.22,0.12,0.09,-1,2007-12-26 14:00:00
2007,360,15,2380,51,52,62,37,5.7,5.2,9.3,304.3,2.9,-4.2,0.8,-4.2,0.9,0.3,2.3,0.8,0.8,2.1,36819.0,11.6,344.0,-2.4,-3.7,0.006,2102.0,1.1,2.0,0.5,0.9,0.001,2.35,-0.31,2.45,10.3,5.8,0.0113,7,0,-3,3,70.2,26,-16,10,0.7,0.006034,999999.99,99999.99,99999.99,0.22,0.12,0.09,-1,2007-12-26 15:00:00
2007,360,16,2380,51,52,64,35,5.3,4.9,10.1,316.9,3.5,-3.3,0.9,-3.3,0.8,0.6,1.9,1.0,1.0,1.3,57006.0,9.8,362.0,-0.8,-3.2,0.015,9034.0,0.9,6.0,0.8,1.0,0.004,2.27,-0.29,2.69,10.7,5.9,0.0104,7,0,-4,3,70.2,21,-7,14,0.4,0.006034,999999.99,99999.99,99999.99,0.17,0.11,0.09,-1,2007-12-26 16:00:00
2007,360,17,2380,51,52,57,36,3.9,3.6,43.6,250.5,-0.9,-2.4,2.5,-2.6,2.3,0.5,1.6,1.3,0.6,0.7,58115.0,11.5,360.0,-0.0,-4.9,0.017,5129.0,0.7,3.0,0.4,0.4,0.002,2.66,-0.83,5.87,15.7,6.4,0.0049,7,0,-1,3,70.2,19,-9,11,0.2,0.006034,999999.99,99999.99,99999.99,0.27,0.14,0.1,-1,2007-12-26 17:00:00
2007,360,18,2380,51,52,58,35,5.0,4.4,25.5,311.3,2.6,-3.0,1.9,-3.2,1.6,0.2,2.3,2.0,0.8,0.8,45573.0,10.3,353.0,0.8,-5.7,0.014,3463.0,0.7,3.0,0.3,0.4,0.002,2.26,-0.56,2.98,11.3,6.0,0.0093,0,0,2,0,70.2,14,-8,5,0.1,0.006034,999999.99,99999.99,99999.99,0.21,0.12,0.09,-1,2007-12-26 18:00:00
2007,360,19,2380,51,52,57,35,4.8,4.6,37.9,297.4,1.7,-3.2,2.8,-3.6,2.3,0.3,1.4,1.2,0.4,0.5,44008.0,10.0,337.0,0.4,-4.0,0.016,4398.0,0.5,5.0,0.5,0.7,0.003,2.02,-0.78,3.11,11.1,5.8,0.0097,0,0,3,0,70.2,10,-5,5,0.1,0.006034,999999.99,99999.99,99999.99,0.22,0.12,0.09,-1,2007-12-26 19:00:00
2007,360,20,2380,51,52,58,33,4.5,4.2,36.9,314.8,2.4,-2.4,2.5,-2.8,2.0,0.8,1.7,0.9,1.4,0.3,29039.0,11.8,335.0,0.5,-4.3,0.012,4649.0,2.5,3.0,0.6,0.3,0.003,2.32,-0.67,3.82,12.8,6.2,0.0073,0,0,3,0,70.2,11,-5,7,0.0,0.006034,999999.99,99999.99,99999.99,0.26,0.13,0.1,-1,2007-12-26 20:00:00
2007,360,21,2380,51,52,59,36,3.8,3.6,53.1,325.8,1.8,-1.2,2.9,-1.8,2.6,0.5,1.3,0.5,1.2,0.2,20235.0,14.0,330.0,-0.2,-3.8,0.009,3280.0,1.6,2.0,0.6,0.4,0.001,2.64,-0.86,5.99,16.2,6.5,0.0045,7,0,4,3,70.2,11,-3,8,-0.1,0.006034,999999.99,99999.99,99999.99,0.19,0.12,0.09,-1,2007-12-26 21:00:00
2007,360,22,2380,51,52,61,37,4.5,4.3,25.8,286.5,1.1,-3.7,1.9,-4.0,1.0,0.3,1.4,0.6,0.8,0.9,22542.0,15.5,327.0,-0.3,-2.5,0.006,1319.0,3.0,2.0,0.3,0.6,0.001,2.83,-0.33,4.81,14.3,6.3,0.0058,7,0,7,3,70.2,15,-3,12,0.0,0.006034,999999.99,99999.99,99999.99,0.2,0.12,0.09,-1,2007-12-26 22:00:00
2007,360,23,2380,51,52,61,37,4.5,4.5,14.4,274.7,0.4,-4.3,1.1,-4.4,0.1,0.4,0.8,0.5,0.4,0.4,23354.0,21.4,333.0,0.6,-1.9,0.01,2322.0,1.3,2.0,0.3,0.6,0.001,4.12,-0.03,6.67,17.1,6.6,0.0041,7,0,13,3,70.2,21,-4,16,0.3,0.006034,999999.99,99999.99,99999.99,0.2,0.12,0.09,-1,2007-12-26 23:00:00
2007,361,0,2380,51,52,61,37,5.4,5.2,28.7,269.0,-0.1,-4.5,2.5,-4.9,1.5,1.0,1.7,0.6,0.8,1.3,29511.0,17.9,339.0,0.3,-3.5,0.007,3003.0,2.4,3.0,0.5,0.7,0.003,3.53,-0.51,4.03,13.3,6.3,0.0067,7,0,12,3,69.7,18,-3,15,0.2,0.006049,999999.99,99999.99,99999.99,0.21,0.11,0.1,-1,2007-12-27 00:00:00
2007,361,1,2380,51,52,60,35,5.4,5.1,10.3,273.1,0.3,-5.1,0.9,-5.2,-0.1,0.7,1.7,0.6,0.8,1.3,32672.0,18.6,342.0,0.7,-3.3,0.007,2630.0,2.0,3.0,0.3,0.6,0.002,3.73,0.03,4.27,13.7,6.3,0.0064,7,0,14,3,69.7,19,-4,15,0.5,0.006049,999999.99,99999.99,99999.99,0.23,0.12,0.08,-1,2007-12-27 01:00:00
2007,361,2,2380,51,52,60,37,4.3,4.1,-12.5,276.7,0.5,-3.9,-0.9,-3.7,-1.5,0.5,1.4,1.0,0.6,0.8,30577.0,20.4,338.0,0.2,-3.1,0.012,2522.0,1.8,2.0,0.5,0.3,0.004,4.08,0.51,7.3,17.8,6.6,0.0038,7,0,16,3,69.7,29,-5,24,0.4,0.006049,999999.99,99999.99,99999.99,0.19,0.1,0.08,-1,2007-12-27 02:00:00
2007,361,3,2380,51,52,58,35,6.0,5.3,-46.5,181.1,-3.7,-0.1,-3.9,0.3,-3.9,1.3,2.9,1.4,2.0,1.5,40697.0,15.3,333.0,-0.4,-0.6,0.009,8203.0,3.6,4.0,1.1,1.2,0.003,2.94,1.3,2.99,10.9,5.7,0.0101,17,0,9,6,69.7,40,-9,31,0.3,0.006049,999999.99,99999.99,99999.99,0.21,0.12,0.1,-1,2007-12-27 03:00:00
2007,361,4,2380,51,52,64,39,7.0,5.1,-1.5,96.5,-0.6,5.0,-0.1,5.0,0.2,0.7,4.8,2.7,2.1,3.4,49840.0,11.4,343.0,-0.9,-2.8,0.013,10188.0,1.5,5.0,0.8,1.2,0.003,2.36,-0.07,1.72,8.3,5.2,0.0174,17,0,3,6,69.7,77,-29,48,0.7,0.006049,999999.99,99999.99,99999.99,0.21,0.12,0.1,-1,2007-12-27 04:00:00
2007,361,5,2380,51,52,61,37,5.9,4.1,13.8,70.3,1.3,3.7,1.0,3.7,1.0,0.4,4.3,2.4,2.5,2.6,52871.0,10.2,345.0,-0.1,-3.2,0.017,8874.0,2.0,5.0,1.6,0.9,0.005,2.17,-0.34,2.21,9.3,5.5,0.0136,17,0,0,6,69.7,65,-16,50,0.6,0.006049,999999.99,99999.99,99999.99,0.21,0.09,0.07,-1,2007-12-27 05:00:00
2007,361,6,2380,51,52,59,37,6.5,5.1,-26.4,116.8,-2.1,4.1,-2.3,4.0,-2.5,0.4,3.9,2.7,1.3,2.4,60127.0,6.2,348.0,-0.9,-3.0,0.022,6175.0,1.0,4.0,0.9,0.8,0.003,1.36,0.87,1.15,6.7,4.7,0.0268,13,0,-2,5,69.7,88,-62,27,0.6,0.006049,999999.99,99999.99,99999.99,0.23,0.12,0.09,-1,2007-12-27 06:00:00
2007,361,7,2380,51,52,64,38,5.5,4.3,0.6,75.2,1.1,4.1,0.0,4.1,-0.4,0.3,3.4,2.2,1.6,2.1,65667.0,6.3,350.0,-0.7,-3.2,0.022,7159.0,0.4,6.0,0.8,1.0,0.003,1.4,0.14,1.68,8.0,5.1,0.0186,13,0,-3,5,69.7,189,-136,53,1.1,0.006049,999999.99,99999.99,99999.99,0.19,0.1,0.08,-1,2007-12-27 07:00:00
2007,361,8,2380,51,52,53,33,5.1,4.0,-8.9,115.8,-1.7,3.6,-0.6,3.5,-1.0,0.4,3.1,2.7,1.4,0.9,68176.0,5.7,355.0,0.7,-2.7,0.028,7091.0,0.7,8.0,1.2,0.7,0.004,1.33,0.35,1.79,8.3,5.2,0.0172,13,0,-2,5,69.7,134,-93,41,0.7,0.006049,999999.99,99999.99,99999.99,0.19,0.12,0.08,-1,2007-12-27 08:00:00
2007,361,9,2380,51,52,66,40,4.4,3.1,-7.0,112.6,-1.2,2.8,-0.4,2.7,-0.8,0.3,3.1,2.2,1.4,1.7,58854.0,6.2,346.0,0.6,-3.1,0.026,7915.0,0.8,12.0,1.1,1.6,0.004,1.37,0.28,2.49,9.8,5.5,0.0124,10,0,-3,4,69.7,190,-188,2,0.6,0.006049,999999.99,99999.99,99999.99,0.2,0.11,0.1,-1,2007-12-27 09:00:00
2007,361,10,2380,51,52,63,38,4.2,4.1,10.2,103.0,-0.9,3.9,0.7,4.0,0.1,0.2,1.0,0.8,0.4,0.4,73194.0,4.8,366.0,0.8,-4.7,0.025,4540.0,0.1,6.0,0.3,0.5,0.002,1.18,-0.04,2.28,9.5,5.5,0.0131,10,0,-3,4,69.7,147,-148,-1,0.8,0.006049,999999.99,99999.99,99999.99,0.25,0.14,0.08,-1,2007-12-27 10:00:00
2007,361,11,2380,51,52,59,36,4.1,3.9,2.0,132.9,-2.6,2.8,0.1,2.8,-0.3,0.1,1.3,0.6,0.8,0.9,71404.0,4.7,371.0,0.9,-5.3,0.027,5272.0,0.1,4.0,0.5,0.6,0.002,1.2,0.11,2.32,9.8,5.7,0.0124,10,0,-3,4,69.7,75,-65,10,0.3,0.006049,999999.99,99999.99,99999.99,0.21,0.1,0.07,-1,2007-12-27 11:00:00
2007,361,12,2380,51,52,60,36,4.0,3.9,-8.8,144.3,-3.2,2.3,-0.6,2.2,-0.9,0.1,0.9,0.2,0.4,0.8,72610.0,4.6,369.0,0.7,-4.7,0.026,30075.0,0.2,4.0,0.8,0.5,0.003,1.15,0.33,2.4,9.9,5.6,0.0122,10,0,-3,4,69.7,165,-160,5,0.5,0.006049,999999.99,99999.99,99999.99,0.22,0.13,0.09,-1,2007-12-27 12:00:00
2007,361,13,2380,51,52,57,34,3.9,3.9,-12.2,147.3,-3.2,2.0,-0.8,1.9,-1.0,0.1,0.6,0.2,0.3,0.4,53251.0,4.2,362.0,-0.0,-3.9,0.026,6237.0,0.2,6.0,0.5,0.5,0.002,1.01,0.36,2.09,9.5,5.7,0.0131,10,0,-4,4,69.7,140,-128,11,0.6,0.006049,999999.99,99999.99,99999.99,0.17,0.1,0.08,-1,2007-12-27 13:00:00
2007,361,14,2380,51,52,59,36,3.8,3.5,-6.7,151.9,-3.1,1.6,-0.4,1.6,-0.5,0.2,1.4,0.7,0.4,1.1,54044.0,4.4,355.0,-0.4,-2.6,0.03,5025.0,0.3,2.0,0.3,0.8,0.002,1.04,0.18,2.31,9.8,5.7,0.0124,10,0,-6,4,69.7,46,-21,25,0.5,0.006049,999999.99,99999.99,99999.99,0.26,0.11,0.08,-1,2007-12-27 14:00:00
2007,361,15,2380,51,52,66,40,4.7,4.2,12.2,142.8,-3.3,2.5,0.9,2.5,0.9,0.5,2.0,0.8,1.1,1.5,59308.0,6.3,364.0,-2.2,-1.4,0.032,7494.0,1.0,8.0,1.5,0.6,0.004,1.57,-0.33,2.23,9.7,5.7,0.0126,7,0,-4,3,69.7,38,-13,25,0.6,0.006049,999999.99,99999.99,99999.99,0.2,0.13,0.1,-1,2007-12-27 15:00:00
2007,361,16,2380,51,52,64,40,6.3,5.9,35.3,100.4,-0.9,4.7,3.4,4.6,3.5,0.4,2.3,1.8,0.8,1.1,78030.0,10.9,394.0,-2.5,-1.1,0.024,11024.0,1.8,12.0,0.8,0.7,0.003,3.1,-1.38,2.36,10.3,5.9,0.0112,7,0,1,3,69.7,23,-1,22,0.4,0.006049,999999.99,99999.99,99999.99,0.2,0.12,0.08,-1,2007-12-27 16:00:00
2007,361,17,2380,51,52,59,34,6.3,4.4,12.0,110.7,-1.5,4.0,0.9,3.9,1.2,0.5,4.3,1.5,1.9,3.5,91602.0,14.2,397.0,-1.3,0.5,0.023,13569.0,1.3,7.0,1.1,1.7,0.003,4.08,-0.48,3.27,11.9,6.1,0.0084,7,0,5,3,69.7,21,-6,16,0.6,0.006049,999999.99,99999.99,99999.99,0.18,0.1,0.07,-1,2007-12-27 17:00:00
2007,361,18,2380,51,52,63,40,8.2,6.1,53.9,44.4,2.6,2.5,4.9,1.9,5.2,1.3,5.4,1.7,3.5,3.7,52337.0,11.6,409.0,-0.8,-1.0,0.014,20333.0,3.5,9.0,1.7,1.6,0.004,3.42,-2.13,1.3,8.5,5.8,0.0165,17,0,4,6,69.7,32,-16,15,0.3,0.006049,999999.99,99999.99,99999.99,0.2,0.13,0.09,-1,2007-12-27 18:00:00
2007,361,19,2380,51,52,62,38,6.8,3.1,45.1,323.3,1.7,-1.3,2.2,-1.6,2.0,1.7,6.2,1.9,4.7,3.7,93350.0,10.8,419.0,-0.4,-2.5,0.027,29844.0,1.8,8.0,1.3,1.1,0.007,3.51,-0.84,2.15,10.1,6.0,0.0116,17,0,6,6,69.7,30,-12,19,0.5,0.006049,999999.99,99999.99,99999.99,0.22,0.14,0.09,-1,2007-12-27 19:00:00
2007,361,20,2380,51,52,58,35,5.5,2.5,28.4,103.1,-0.5,2.1,1.2,1.8,1.6,1.1,5.0,2.6,3.3,2.7,140178.0,8.9,417.0,-0.2,-1.6,0.029,21722.0,1.3,5.0,1.5,1.3,0.005,2.88,-0.67,3.29,11.3,5.8,0.0093,17,0,1,6,69.7,19,-6,13,0.2,0.006049,999999.99,99999.99,99999.99,0.19,0.11,0.07,-1,2007-12-27 20:00:00
2007,361,21,2380,51,52,62,37,6.3,5.7,25.7,101.9,-1.1,5.1,2.5,4.4,3.5,0.4,2.6,1.6,0.8,1.9,143689.0,7.1,426.0,1.5,-2.0,0.032,14072.0,0.5,10.0,1.0,0.8,0.003,2.43,-1.49,2.02,9.0,5.4,0.0147,20,0,0,7,69.7,36,-10,27,0.2,0.006049,999999.99,99999.99,99999.99,0.3,0.16,0.09,-1,2007-12-27 21:00:00
2007,361,22,2380,51,52,65,40,6.5,4.3,38.2,77.8,0.7,3.3,2.7,2.6,3.4,0.6,4.8,2.6,2.7,3.0,159328.0,6.0,449.0,4.1,-2.2,0.032,23080.0,0.6,15.0,1.2,1.6,0.003,2.28,-1.53,1.7,8.5,5.4,0.0166,20,0,-1,7,69.7,42,-30,11,0.2,0.006049,999999.99,99999.99,99999.99,0.2,0.13,0.1,-1,2007-12-27 22:00:00
2007,361,23,2380,51,52,60,37,5.8,5.3,14.1,98.9,-0.8,5.1,1.3,4.7,2.5,0.9,2.2,0.8,1.6,1.2,173701.0,5.6,467.0,3.4,-3.4,0.032,14826.0,0.6,6.0,1.1,0.7,0.004,2.3,-1.17,2.09,9.5,5.7,0.0131,20,0,0,7,69.7,14,-4,10,0.2,0.006049,999999.99,99999.99,99999.99,0.26,0.13,0.09,-1,2007-12-27 23:00:00
2007,362,0,2380,51,52,59,34,5.8,5.6,-23.8,106.7,-1.5,4.9,-2.3,5.3,-1.2,0.3,1.4,1.0,0.5,0.8,164736.0,4.6,468.0,3.6,-2.2,0.033,19085.0,0.4,4.0,0.5,0.5,0.003,1.9,0.56,1.67,8.7,5.5,0.0159,30,0,-1,15,69.5,27,-10,17,0.6,0.006055,999999.99,99999.99,99999.99,0.22,0.12,0.09,-1,2007-12-28 00:00:00
2007,362,1,2380,51,52,61,38,5.3,4.0,18.1,131.8,-2.5,2.8,1.2,2.5,1.7,0.6,3.5,0.6,1.7,3.0,136150.0,5.1,469.0,3.8,-3.0,0.028,19729.0,0.7,6.0,0.8,1.2,0.002,2.08,-0.8,2.0,10.0,6.1,0.0119,30,0,-1,15,69.5,108,-73,35,1.7,0.006055,999999.99,99999.99,99999.99,0.27,0.1,0.06,-1,2007-12-28 01:00:00
2007,362,2,2380,51,52,59,34,6.4,6.2,8.1,145.9,-5.1,3.4,0.9,3.2,1.4,0.3,1.6,0.8,0.4,1.3,90704.0,4.3,468.0,3.8,-1.6,0.023,10110.0,0.5,3.0,0.3,0.4,0.003,1.72,-0.66,0.96,7.6,5.6,0.0207,30,0,1,15,69.5,27,-12,15,0.9,0.006055,999999.99,99999.99,99999.99,0.19,0.11,0.1,-1,2007-12-28 02:00:00
2007,362,3,2380,51,52,59,35,5.9,5.7,-37.2,159.9,-4.3,1.6,-3.4,2.0,-3.2,0.3,1.4,0.6,1.0,0.7,102178.0,3.9,461.0,3.7,-0.2,0.026,19008.0,0.5,7.0,0.5,0.7,0.002,1.53,1.48,1.07,7.7,5.6,0.02,23,0,3,9,69.5,26,-5,21,0.4,0.006055,999999.99,99999.99,99999.99,0.25,0.13,0.09,-1,2007-12-28 03:00:00
2007,362,4,2380,51,52,61,36,4.6,4.6,-40.9,172.8,-3.4,0.4,-3.0,0.6,-3.0,0.4,0.7,0.4,0.6,0.2,92299.0,3.8,456.0,2.9,-0.9,0.027,11854.0,0.2,3.0,0.7,1.0,0.003,1.46,1.37,1.65,9.7,6.2,0.0127,23,0,1,9,69.5,74,-27,47,0.5,0.006055,999999.99,99999.99,99999.99,0.21,0.12,0.09,-1,2007-12-28 04:00:00
2007,362,5,2380,51,52,60,37,3.1,1.4,42.9,87.4,0.0,1.0,1.0,1.0,1.0,0.9,2.8,2.0,0.6,1.9,112300.0,3.7,471.0,2.9,-2.2,0.027,16675.0,0.3,7.0,0.4,0.7,0.002,1.52,-0.47,3.85,14.6,7.0,0.0056,23,0,-1,9,69.5,123,-53,70,1.0,0.006055,999999.99,99999.99,99999.99,0.23,0.13,0.1,-1,2007-12-28 05:00:00
2007,362,6,2380,51,52,61,37,2.9,2.4,20.3,107.2,-0.7,2.1,0.8,2.1,0.7,0.5,1.6,1.3,0.8,0.6,92288.0,3.0,473.0,1.9,-1.1,0.025,14664.0,0.5,4.0,0.5,0.5,0.003,1.23,-0.33,3.27,14.1,7.2,0.006,3,0,-1,2,69.5,44,-3,42,0.4,0.006055,999999.99,99999.99,99999.99,0.26,0.13,0.1,-1,2007-12-28 06:00:00
2007,362,7,2380,51,52,59,35,2.0,1.7,20.3,116.6,-0.7,1.4,0.6,1.4,0.5,0.5,1.0,0.7,0.5,0.5,83506.0,2.8,477.0,1.0,-1.4,0.028,8893.0,0.2,6.0,0.4,0.5,0.003,1.18,-0.24,6.17,20.0,7.9,0.003,3,0,-3,2,69.5,26,-4,22,0.2,0.006055,999999.99,99999.99,99999.99,0.22,0.14,0.1,-1,2007-12-28 07:00:00
2007,362,8,2380,51,52,61,37,2.7,2.6,35.5,117.4,-1.0,1.9,1.5,2.1,1.3,0.4,0.7,0.5,0.4,0.3,68742.0,2.8,465.0,0.4,-1.7,0.026,8121.0,0.1,4.0,0.3,0.3,0.003,1.12,-0.6,3.15,14.4,7.5,0.0057,3,0,-3,2,69.5,25,-17,8,-0.0,0.006055,999999.99,99999.99,99999.99,0.18,0.1,0.07,-1,2007-12-28 08:00:00
2007,362,9,2380,51,52,55,34,2.3,1.8,19.9,141.7,-1.3,1.0,0.6,1.1,0.5,0.8,1.7,1.4,0.8,0.5,68124.0,2.7,462.0,0.6,-1.3,0.024,15331.0,0.3,18.0,0.8,0.7,0.004,1.05,-0.23,4.17,16.5,7.7,0.0044,3,0,-6,2,69.5,73,-57,17,0.1,0.006055,999999.99,99999.99,99999.99,0.21,0.1,0.07,-1,2007-12-28 09:00:00
2007,362,10,2380,51,52,59,36,3.1,3.1,21.0,158.1,-2.6,1.1,1.1,1.2,0.9,0.1,0.4,0.1,0.3,0.3,55670.0,2.3,440.0,0.3,-1.5,0.022,6898.0,0.2,3.0,0.3,0.3,0.003,0.81,-0.4,1.83,10.8,6.7,0.0103,3,0,-7,2,69.5,40,-33,7,0.0,0.006055,999999.99,99999.99,99999.99,0.2,0.11,0.08,-1,2007-12-28 10:00:00
2007,362,11,2380,51,52,61,37,2.5,2.5,23.1,164.0,-2.2,0.6,1.0,0.7,0.9,0.5,0.5,0.4,0.2,0.2,63827.0,2.3,433.0,0.1,-1.0,0.022,7802.0,0.2,2.0,0.3,0.3,0.003,0.78,-0.39,2.94,13.1,7.0,0.0069,3,0,-5,2,69.5,18,-8,10,-0.1,0.006055,999999.99,99999.99,99999.99,0.24,0.16,0.11,-1,2007-12-28 11:00:00
2007,362,12,2380,51,52,59,34,2.9,2.9,16.8,165.5,-2.7,0.7,0.8,0.8,0.7,0.0,0.2,0.1,0.1,0.1,46000.0,2.3,430.0,-0.0,-1.0,0.021,4859.0,0.1,2.0,0.1,0.2,0.002,0.77,-0.3,1.98,11.2,6.8,0.0094,3,0,-2,2,69.5,14,-8,6,0.0,0.006055,999999.99,99999.99,99999.99,0.23,0.12,0.08,-1,2007-12-28 12:00:00
2007,362,13,2380,51,52,59,36,2.7,2.7,4.8,176.3,-2.6,0.2,0.2,0.2,0.2,0.1,0.5,0.1,0.3,0.3,55138.0,2.5,427.0,-0.5,-0.9,0.02,6718.0,0.2,3.0,0.3,0.2,0.003,0.82,-0.09,2.62,12.5,6.9,0.0076,3,0,-4,2,69.5,12,-8,4,0.1,0.006055,999999.99,99999.99,99999.99,0.22,0.11,0.09,-1,2007-12-28 13:00:00
2007,362,14,2380,51,52,58,35,1.5,1.0,50.3,75.5,0.2,0.6,0.8,0.6,0.8,0.3,1.1,0.9,0.4,0.5,61142.0,3.0,411.0,-0.7,-1.3,0.024,3824.0,0.1,3.0,0.2,0.4,0.002,0.93,-0.33,10.51,23.7,7.5,0.0021,3,0,-4,2,69.5,12,-8,3,0.2,0.006055,999999.99,99999.99,99999.99,0.23,0.11,0.09,-1,2007-12-28 14:00:00
2007,362,15,2380,51,52,59,36,1.7,1.5,86.7,352.3,0.1,0.0,1.5,0.0,1.5,0.3,0.9,0.5,0.6,0.4,60019.0,3.2,407.0,0.3,-1.8,0.026,3897.0,0.1,3.0,0.6,0.2,0.001,0.98,-0.61,8.68,21.4,7.3,0.0026,3,0,-5,2,69.5,10,-8,2,0.2,0.006055,999999.99,99999.99,99999.99,0.24,0.15,0.1,-1,2007-12-28 15:00:00
2007,362,16,2380,51,52,61,36,2.7,2.0,17.0,206.9,-1.7,-0.9,0.6,-0.9,0.6,0.7,2.0,1.3,0.9,1.2,56326.0,2.9,409.0,0.0,-1.4,0.026,8365.0,0.7,9.0,0.7,0.5,0.002,0.89,-0.25,3.06,12.9,6.8,0.0071,3,0,-7,2,69.5,13,-11,2,0.4,0.006055,999999.99,99999.99,99999.99,0.23,0.13,0.09,-1,2007-12-28 16:00:00
2007,362,17,2380,51,52,60,37,3.1,2.6,39.7,77.6,0.4,1.9,1.7,1.8,1.8,0.6,1.8,0.5,1.3,1.1,61463.0,3.1,410.0,-0.5,-1.0,0.024,9602.0,0.4,3.0,0.9,0.5,0.003,0.95,-0.74,2.55,11.6,6.5,0.0088,3,0,-6,2,69.5,10,-9,0,0.1,0.006055,999999.99,99999.99,99999.99,0.23,0.11,0.09,-1,2007-12-28 17:00:00
2007,362,18,2380,51,52,60,36,2.6,2.4,-3.1,68.2,0.9,2.2,-0.1,2.2,0.2,0.8,1.3,0.8,0.8,0.4,60051.0,2.7,412.0,-0.4,-0.6,0.027,8413.0,0.3,3.0,1.1,0.3,0.003,0.85,-0.08,3.13,13.0,6.8,0.007,7,0,-7,3,69.5,10,-9,1,0.1,0.006055,999999.99,99999.99,99999.99,0.24,0.12,0.09,-1,2007-12-28 18:00:00
2007,362,19,2380,51,52,59,36,2.4,2.0,-10.3,153.5,-1.7,0.9,-0.4,1.0,-0.2,0.4,1.5,1.4,0.3,0.3,60298.0,2.4,408.0,0.9,-1.4,0.028,6338.0,0.3,3.0,0.5,0.3,0.003,0.74,0.08,3.27,13.2,6.7,0.0069,7,0,-8,3,69.5,12,-10,2,0.2,0.006055,999999.99,99999.99,99999.99,0.19,0.11,0.08,-1,2007-12-28 19:00:00
2007,362,20,2380,51,52,60,37,2.8,2.7,-8.5,167.9,-2.6,0.6,-0.4,0.7,-0.3,0.4,0.6,0.4,0.3,0.4,57696.0,2.4,406.0,1.4,-1.4,0.027,10142.0,0.2,5.0,0.4,0.4,0.002,0.73,0.12,2.37,11.2,6.4,0.0094,7,0,-10,3,69.5,18,-12,6,0.2,0.006055,999999.99,99999.99,99999.99,0.19,0.12,0.09,-1,2007-12-28 20:00:00
2007,362,21,2380,51,52,59,34,2.5,2.5,-6.7,166.6,-2.4,0.6,-0.3,0.7,-0.2,0.2,0.4,0.2,0.3,0.2,59578.0,2.6,399.0,0.8,-1.5,0.028,6633.0,0.1,3.0,0.3,0.1,0.002,0.77,0.08,3.25,12.9,6.6,0.0072,0,0,-10,0,69.5,14,-9,6,0.1,0.006055,999999.99,99999.99,99999.99,0.25,0.14,0.09,-1,2007-12-28 21:00:00
2007,362,22,2380,51,52,60,38,2.9,2.8,-2.0,164.8,-2.7,0.7,-0.1,0.7,0.1,0.3,0.5,0.4,0.2,0.2,52102.0,2.3,397.0,0.5,-1.5,0.024,9736.0,0.4,4.0,0.3,0.3,0.003,0.66,-0.04,2.05,10.4,6.2,0.011,0,0,-13,0,69.5,12,-8,4,0.0,0.006055,999999.99,99999.99,99999.99,0.23,0.14,0.11,-1,2007-12-28 22:00:00
2007,362,23,2380,51,52,59,11,3.2,3.2,-2.4,168.0,-3.2,0.7,-0.1,0.7,0.1,0.1,0.2,0.1,0.1,0.1,39298.0,2.1,399.0,0.6,-1.9,0.019,4261.0,0.1,2.0,0.1,0.1,0.001,0.6,-0.04,1.43,9.0,6.0,0.0146,0,0,-13,0,69.5,12,-8,4,-0.0,0.006055,999999.99,99999.99,99999.99,0.24,0.12,0.07,-1,2007-12-28 23:00:00
2007,363,0,2380,51,51,59,5,3.2,3.2,-5.9,171.6,-3.2,0.5,-0.3,0.6,-0.2,0.2,0.3,0.2,0.2,0.2,58808.0,2.1,388.0,0.8,-1.7,9.999,6243.0,0.3,2.0,0.4,1.4,9.999,0.63,0.08,1.6,8.8,5.7,0.0154,0,0,-11,0,70.3,13,-8,4,-0.1,0.006019,999999.99,99999.99,99999.99,0.22,0.12,0.08,-1,2007-12-29 00:00:00
2007,363,1,2380,51,51,59,9,3.4,3.4,-8.8,176.0,-3.3,0.2,-0.5,0.3,-0.4,0.1,0.1,0.1,0.1,0.1,39500.0,1.9,392.0,0.5,-1.5,9.999,10058.0,0.4,4.0,1.1,1.0,9.999,0.58,0.16,1.15,7.9,5.6,0.0188,0,0,-9,0,70.3,12,-7,4,0.0,0.006019,999999.99,99999.99,99999.99,0.2,0.11,0.08,-1,2007-12-29 01:00:00
2007,363,2,2380,51,52,56,29,2.9,2.8,-14.2,170.5,-2.7,0.5,-0.7,0.6,-0.6,0.4,0.6,0.5,0.3,0.1,39219.0,2.4,383.0,0.7,-2.6,0.023,5741.0,0.4,6.0,0.3,0.2,0.002,0.64,0.23,1.99,10.2,6.2,0.0114,0,0,-5,0,70.3,10,-5,5,0.0,0.006019,999999.99,99999.99,99999.99,0.21,0.13,0.09,-1,2007-12-29 02:00:00
2007,363,3,2380,51,52,63,38,2.3,1.6,-7.6,129.0,-1.0,1.2,-0.2,1.2,0.0,0.3,1.7,1.5,0.2,0.6,43400.0,3.1,374.0,0.7,-2.5,0.024,4627.0,0.1,4.0,0.4,0.3,0.003,0.79,-0.0,4.19,14.3,6.7,0.0058,0,0,-1,0,70.3,11,-3,8,0.1,0.006019,999999.99,99999.99,99999.99,0.22,0.12,0.09,-1,2007-12-29 03:00:00
2007,363,4,2380,51,52,59,36,2.3,2.3,32.5,46.8,1.3,1.4,1.2,1.3,1.3,0.2,0.5,0.3,0.2,0.3,42391.0,3.4,380.0,1.1,-2.8,0.023,3360.0,0.2,3.0,0.4,0.4,0.002,0.9,-0.49,4.57,15.2,6.9,0.0051,0,0,1,0,70.3,7,-1,6,-0.1,0.006019,999999.99,99999.99,99999.99,0.23,0.12,0.09,-1,2007-12-29 04:00:00
2007,363,5,2380,51,52,59,32,1.9,1.7,49.4,69.3,0.4,1.1,1.3,1.1,1.3,0.3,0.7,0.5,0.3,0.5,48816.0,3.8,378.0,1.6,-2.3,0.025,4230.0,0.1,2.0,0.4,0.4,0.002,1.0,-0.49,7.76,19.4,7.0,0.0032,0,0,3,0,70.3,7,-1,6,-0.1,0.006019,999999.99,99999.99,99999.99,0.26,0.13,0.1,-1,2007-12-29 05:00:00
2007,363,6,2380,51,52,59,36,2.4,1.8,28.9,109.2,-0.5,1.5,0.9,1.5,0.8,0.2,1.5,1.3,0.4,0.6,46233.0,3.9,376.0,1.7,-1.8,0.026,2188.0,0.2,2.0,0.2,0.4,0.002,1.02,-0.3,4.92,15.5,6.8,0.005,0,0,4,0,70.3,5,-1,4,-0.1,0.006019,999999.99,99999.99,99999.99,0.22,0.15,0.09,-1,2007-12-29 06:00:00
2007,363,7,2380,51,52,60,36,2.3,2.1,-24.8,135.4,-1.4,1.4,-0.9,1.3,-1.0,0.2,0.9,0.3,0.4,0.8,46295.0,4.1,373.0,1.5,-1.8,0.027,3078.0,0.2,2.0,0.2,0.3,0.002,1.06,0.37,5.63,16.4,6.8,0.0044,0,0,3,0,70.3,12,-7,5,-0.1,0.006019,999999.99,99999.99,99999.99,0.26,0.13,0.09,-1,2007-12-29 07:00:00
2007,363,8,2380,51,52,58,36,2.5,2.4,-49.7,174.0,-1.5,0.2,-1.8,0.0,-1.8,0.2,0.7,0.4,0.6,0.2,39353.0,3.8,368.0,1.4,-1.8,0.023,2723.0,0.2,3.0,0.3,0.3,0.002,0.94,0.66,4.24,14.3,6.6,0.0058,0,0,0,0,70.3,48,-39,9,-0.0,0.006019,999999.99,99999.99,99999.99,0.21,0.13,0.1,-1,2007-12-29 08:00:00
2007,363,9,2380,51,52,63,36,1.8,0.8,-5.6,71.0,0.3,0.7,-0.1,0.7,-0.2,0.4,1.7,1.2,0.6,0.9,40073.0,3.8,368.0,1.0,-1.8,0.024,3323.0,0.2,3.0,0.3,0.4,0.002,0.94,0.07,8.22,19.9,7.0,0.003,7,0,-3,3,70.3,107,-108,-1,0.2,0.006019,999999.99,99999.99,99999.99,0.27,0.14,0.09,-1,2007-12-29 09:00:00
2007,363,10,2380,51,52,59,37,2.8,2.8,20.6,10.2,2.6,0.5,1.0,0.6,0.9,0.2,0.6,0.2,0.4,0.4,30231.0,3.1,376.0,0.9,-2.4,0.023,3218.0,0.2,3.0,0.5,0.3,0.001,0.8,-0.34,2.61,11.8,6.6,0.0085,7,0,-5,3,70.3,28,-16,12,-0.0,0.006019,999999.99,99999.99,99999.99,0.24,0.13,0.1,-1,2007-12-29 10:00:00
2007,363,11,2380,51,52,59,35,2.5,2.4,25.2,45.4,1.5,1.5,1.0,1.6,0.8,0.3,0.8,0.6,0.5,0.3,35128.0,3.4,366.0,0.4,-2.0,0.022,2353.0,0.2,2.0,0.3,0.2,0.002,0.83,-0.29,3.7,13.5,6.6,0.0065,7,0,-5,3,70.3,49,-42,7,0.1,0.006019,999999.99,99999.99,99999.99,0.23,0.12,0.09,-1,2007-12-29 11:00:00
2007,363,12,2380,51,52,59,35,2.7,2.6,-10.2,166.1,-2.5,0.6,-0.5,0.5,-0.6,0.2,0.7,0.5,0.4,0.3,32594.0,2.4,355.0,0.8,-1.3,0.023,5646.0,0.4,7.0,0.9,0.4,0.002,0.55,0.21,2.2,10.2,6.0,0.0115,3,0,-7,2,70.3,91,-87,4,0.1,0.006019,999999.99,99999.99,99999.99,0.18,0.09,0.07,-1,2007-12-29 12:00:00
2007,363,13,2380,51,52,60,35,2.7,2.7,-2.6,166.5,-2.6,0.6,-0.1,0.6,-0.2,0.2,0.6,0.1,0.5,0.3,36208.0,2.9,357.0,0.2,-1.7,0.025,4888.0,0.3,5.0,0.4,0.2,0.003,0.68,0.07,2.72,11.3,6.1,0.0094,3,0,-8,2,70.3,21,-10,10,0.1,0.006019,999999.99,99999.99,99999.99,0.21,0.13,0.1,-1,2007-12-29 13:00:00
2007,363,14,2380,51,52,59,36,2.6,2.6,13.3,147.7,-2.1,1.3,0.6,1.3,0.5,0.1,0.5,0.2,0.4,0.3,40446.0,2.9,359.0,0.2,-2.2,0.022,2426.0,0.1,1.0,0.3,0.2,0.002,0.68,-0.18,3.01,11.8,6.2,0.0086,3,0,-7,2,70.3,19,-12,6,0.2,0.006019,999999.99,99999.99,99999.99,0.23,0.11,0.07,-1,2007-12-29 14:00:00
2007,363,15,2380,51,52,60,36,2.1,1.8,12.3,130.5,-1.1,1.3,0.4,1.3,0.4,0.2,1.2,0.7,0.5,0.8,38525.0,3.6,355.0,-0.4,-2.7,0.02,5563.0,0.2,2.0,0.3,0.3,0.002,0.82,-0.14,5.67,16.0,6.6,0.0046,0,0,-3,0,70.3,20,-10,10,0.2,0.006019,999999.99,99999.99,99999.99,0.27,0.15,0.1,-1,2007-12-29 15:00:00
2007,363,16,2380,51,52,62,38,2.7,2.3,-14.6,174.8,-2.2,0.2,-0.6,0.2,-0.6,0.2,1.3,0.3,0.5,1.2,35623.0,4.4,356.0,0.1,-1.4,0.024,3027.0,0.5,5.0,0.3,0.8,0.002,1.02,0.21,4.12,13.8,6.5,0.0062,0,0,2,0,70.3,18,-11,7,0.3,0.006019,999999.99,99999.99,99999.99,0.25,0.13,0.09,-1,2007-12-29 16:00:00
2007,363,17,2380,51,52,65,38,3.2,1.0,43.7,72.7,0.2,0.7,0.7,0.6,0.8,0.3,3.0,1.7,1.6,2.0,39875.0,4.9,376.0,0.2,-1.8,0.015,4738.0,0.4,11.0,1.0,1.3,0.004,1.23,-0.3,3.35,13.0,6.6,0.007,0,0,5,0,70.3,17,-14,3,0.4,0.006019,999999.99,99999.99,99999.99,0.25,0.13,0.1,-1,2007-12-29 17:00:00
2007,363,18,2380,51,52,59,36,3.8,3.5,25.9,69.2,1.1,2.9,1.5,2.7,1.9,0.2,1.6,0.5,0.6,1.4,37691.0,4.9,384.0,-1.0,-2.6,0.013,4287.0,0.2,4.0,1.0,1.0,0.002,1.27,-0.73,2.34,11.2,6.4,0.0095,3,0,7,2,70.3,13,-9,3,0.1,0.006019,999999.99,99999.99,99999.99,0.22,0.12,0.08,-1,2007-12-29 18:00:00
2007,363,19,2380,51,52,57,35,3.7,3.2,-3.8,102.4,-0.7,3.1,-0.2,3.1,0.3,0.1,1.7,1.1,0.4,1.3,46150.0,4.7,375.0,-1.6,-1.0,0.015,3602.0,0.3,6.0,0.4,1.2,0.002,1.17,-0.11,2.49,11.0,6.2,0.0099,3,0,6,2,70.3,10,-7,4,0.3,0.006019,999999.99,99999.99,99999.99,0.2,0.11,0.08,-1,2007-12-29 19:00:00
2007,363,20,2380,51,52,61,38,4.1,3.8,-11.0,126.9,-2.2,3.0,-0.7,3.1,-0.1,0.3,1.6,0.6,0.6,1.4,45902.0,4.5,371.0,-2.3,-1.0,0.015,6576.0,0.5,4.0,0.6,1.0,0.002,1.1,0.04,1.94,9.6,5.9,0.0129,3,0,2,2,70.3,12,-7,5,0.2,0.006019,999999.99,99999.99,99999.99,0.23,0.12,0.1,-1,2007-12-29 20:00:00
2007,363,21,2380,51,52,58,36,4.8,4.6,-30.3,137.9,-3.0,2.7,-2.3,3.2,-1.6,0.2,1.0,0.4,0.6,0.7,42591.0,4.5,368.0,-2.5,0.4,0.012,7379.0,0.4,3.0,0.5,0.6,0.002,1.07,0.59,1.39,8.1,5.5,0.018,13,0,-4,5,70.3,19,-14,6,0.5,0.006019,999999.99,99999.99,99999.99,0.2,0.12,0.08,-1,2007-12-29 21:00:00
2007,363,22,2380,51,52,59,36,5.0,4.9,-22.3,137.8,-3.4,3.0,-1.9,3.4,-1.1,0.2,1.0,0.4,0.4,0.8,36963.0,5.3,364.0,-2.7,1.2,0.01,2979.0,0.4,2.0,0.4,0.7,0.001,1.22,0.4,1.46,8.4,5.6,0.0169,13,0,-9,5,70.3,21,-16,4,0.7,0.006019,999999.99,99999.99,99999.99,0.2,0.11,0.09,-1,2007-12-29 22:00:00
2007,363,23,2380,51,52,60,37,4.6,3.5,-19.3,114.5,-1.4,3.0,-1.1,3.2,-0.3,0.2,3.0,2.1,0.6,2.0,39171.0,6.7,367.0,-2.6,1.8,0.009,7189.0,0.8,7.0,0.5,1.4,0.002,1.56,0.11,2.21,10.3,6.1,0.0112,13,0,-7,5,70.3,27,-22,6,1.0,0.006019,999999.99,99999.99,99999.99,0.23,0.14,0.09,-1,2007-12-29 23:00:00
2007,364,0,2380,51,52,63,39,4.3,3.5,4.1,97.2,-0.4,3.5,0.3,3.3,1.1,0.5,2.4,1.7,0.9,1.5,40217.0,7.2,372.0,-1.6,0.7,0.012,5505.0,0.7,10.0,1.0,1.0,0.004,1.74,-0.41,2.73,11.6,6.3,0.0088,17,0,-6,6,72.5,22,-13,9,0.7,0.006005,999999.99,99999.99,99999.99,0.21,0.12,0.09,-1,2007-12-30 00:00:00
2007,364,1,2380,51,52,58,33,4.9,4.8,-22.5,112.3,-1.7,4.1,-1.8,4.4,-0.9,0.2,0.6,0.4,0.3,0.3,33026.0,6.0,373.0,-1.1,0.9,0.013,2470.0,0.2,2.0,0.2,0.2,0.002,1.47,0.34,1.68,9.3,6.0,0.0137,17,0,-6,6,72.5,28,-10,17,0.8,0.006005,999999.99,99999.99,99999.99,0.2,0.12,0.09,-1,2007-12-30 01:00:00
2007,364,2,2380,51,52,60,36,4.6,4.3,-22.9,158.2,-3.7,1.5,-1.7,1.8,-1.4,0.3,1.6,0.5,1.2,0.9,49321.0,6.3,367.0,0.1,0.6,0.022,5688.0,0.5,2.0,0.5,0.4,0.003,1.54,0.51,2.2,10.0,5.9,0.0119,17,0,-4,6,72.5,47,-24,23,0.7,0.006005,999999.99,99999.99,99999.99,0.26,0.13,0.1,-1,2007-12-30 02:00:00
2007,364,3,2380,51,52,62,37,4.3,3.9,9.0,108.7,-1.2,3.6,0.6,3.5,1.1,0.2,1.8,1.3,0.9,0.9,53640.0,6.7,369.0,0.0,0.4,0.022,5255.0,0.3,4.0,0.9,0.6,0.002,1.66,-0.41,2.74,11.1,6.1,0.0096,17,0,-1,6,72.5,64,-32,32,1.0,0.006005,999999.99,99999.99,99999.99,0.25,0.12,0.09,-1,2007-12-30 03:00:00
2007,364,4,2380,51,52,58,36,4.5,4.4,23.6,87.7,0.2,4.0,1.8,3.8,2.1,0.1,0.9,0.8,0.1,0.4,48645.0,6.9,367.0,-0.6,-0.6,0.02,2399.0,0.2,4.0,0.1,0.4,0.001,1.68,-0.77,2.51,10.7,6.0,0.0104,17,0,2,6,72.5,28,0,28,0.6,0.006005,999999.99,99999.99,99999.99,0.25,0.13,0.09,-1,2007-12-30 04:00:00
2007,364,5,2380,51,52,62,37,4.7,4.6,25.3,81.3,0.6,4.2,2.0,4.1,2.1,0.2,0.8,0.6,0.2,0.4,40789.0,6.7,368.0,-0.3,-0.9,0.019,6206.0,0.2,3.0,0.3,0.4,0.002,1.63,-0.77,2.13,10.1,6.0,0.0116,17,0,3,6,72.5,17,-2,15,0.1,0.006005,999999.99,99999.99,99999.99,0.19,0.11,0.08,-1,2007-12-30 05:00:00
2007,364,6,2380,51,52,59,37,5.1,5.0,15.5,73.6,1.4,4.7,1.3,4.7,1.2,0.1,0.7,0.4,0.2,0.6,33894.0,6.8,368.0,-0.3,-0.5,0.016,2650.0,0.3,2.0,0.3,0.3,0.001,1.64,-0.44,1.76,9.4,5.9,0.0134,3,0,4,2,72.5,22,-9,13,0.1,0.006005,999999.99,99999.99,99999.99,0.19,0.1,0.08,-1,2007-12-30 06:00:00
2007,364,7,2380,51,52,57,35,5.1,5.0,15.0,67.2,1.9,4.5,1.3,4.6,1.0,0.2,0.9,0.6,0.3,0.7,36213.0,6.9,367.0,-0.5,-0.4,0.017,3592.0,0.5,2.0,0.3,0.5,0.002,1.66,-0.37,1.82,9.5,5.9,0.0133,3,0,3,2,72.5,37,-22,16,0.2,0.006005,999999.99,99999.99,99999.99,0.28,0.15,0.09,-1,2007-12-30 07:00:00
2007,364,8,2380,51,52,62,38,5.1,4.8,30.8,79.2,0.8,4.1,2.5,4.3,2.1,0.2,1.5,1.2,0.6,0.8,42582.0,7.3,363.0,-0.3,-1.0,0.019,4693.0,0.3,5.0,0.4,0.6,0.002,1.73,-0.76,2.0,9.6,5.8,0.0129,3,0,2,2,72.5,61,-47,15,0.1,0.006005,999999.99,99999.99,99999.99,0.2,0.11,0.09,-1,2007-12-30 08:00:00
2007,364,9,2380,51,52,59,36,5.3,5.0,22.0,79.1,0.9,4.6,1.9,4.8,1.3,0.1,1.6,0.6,0.6,1.3,42760.0,8.4,361.0,0.0,0.1,0.016,4023.0,0.6,2.0,0.4,0.8,0.001,1.95,-0.47,2.13,9.9,5.9,0.0122,10,0,2,4,72.5,101,-84,17,0.4,0.006005,999999.99,99999.99,99999.99,0.29,0.16,0.1,-1,2007-12-30 09:00:00
2007,364,10,2380,51,52,59,36,4.6,2.4,47.4,91.3,0.0,1.6,1.7,1.8,1.5,0.5,3.9,1.5,3.2,1.8,45117.0,9.8,356.0,2.1,-0.3,0.014,6868.0,1.1,6.0,2.1,1.3,0.002,2.19,-0.53,3.34,12.1,6.1,0.0081,10,0,3,4,72.5,35,-22,13,0.4,0.006005,999999.99,99999.99,99999.99,0.24,0.14,0.1,-1,2007-12-30 10:00:00
2007,364,11,2380,51,52,58,35,4.9,4.7,12.9,101.7,-0.9,4.5,1.0,4.6,0.4,0.2,1.5,0.6,0.7,1.2,31782.0,10.3,350.0,-0.4,0.4,0.01,6787.0,0.6,3.0,0.4,0.9,0.002,2.19,-0.14,2.86,11.5,6.2,0.0091,10,0,5,4,72.5,51,-39,12,0.1,0.006005,999999.99,99999.99,99999.99,0.21,0.13,0.1,-1,2007-12-30 11:00:00
2007,364,12,2380,51,52,65,38,4.4,2.2,35.3,40.9,1.4,1.2,1.3,1.3,1.2,0.6,3.8,2.1,3.0,1.2,20701.0,15.1,359.0,1.6,0.1,0.008,2553.0,4.2,9.0,1.7,0.8,0.001,3.35,-0.43,4.84,15.9,7.0,0.0047,10,0,9,4,72.5,60,-48,12,0.2,0.006005,999999.99,99999.99,99999.99,0.2,0.12,0.1,-1,2007-12-30 12:00:00
2007,364,13,2380,51,52,59,36,4.6,4.5,21.9,313.2,2.9,-3.1,1.7,-3.0,1.9,0.3,0.7,0.3,0.6,0.3,18171.0,18.3,362.0,2.6,-0.5,0.006,1300.0,0.6,2.0,0.2,0.3,0.0,4.1,-0.69,5.27,16.8,7.1,0.0042,10,0,11,4,72.5,69,-60,9,0.2,0.006005,999999.99,99999.99,99999.99,0.21,0.13,0.1,-1,2007-12-30 13:00:00
2007,364,14,2380,51,52,58,36,4.8,4.8,15.9,306.3,2.7,-3.7,1.3,-3.6,1.4,0.4,0.5,0.4,0.3,0.2,18170.0,14.9,357.0,2.5,-0.5,0.005,2447.0,1.2,2.0,0.5,0.3,0.001,3.23,-0.5,3.94,14.4,6.8,0.0058,10,0,8,4,72.5,18,-8,10,0.3,0.006005,999999.99,99999.99,99999.99,0.19,0.11,0.08,-1,2007-12-30 14:00:00
2007,364,15,2380,51,52,62,38,4.6,4.4,-14.2,243.9,-1.9,-3.8,-1.1,-3.8,-1.1,0.4,1.7,1.4,0.4,0.8,30839.0,11.5,356.0,3.3,-0.3,0.008,3437.0,1.6,2.0,0.4,0.2,0.001,2.51,0.39,3.6,13.1,6.5,0.0069,13,0,1,5,72.5,30,-23,7,0.6,0.006005,999999.99,99999.99,99999.99,0.23,0.1,0.08,-1,2007-12-30 15:00:00
2007,364,16,2380,51,52,61,35,3.7,3.4,-17.3,215.2,-2.6,-1.8,-1.0,-1.7,-1.1,0.8,1.8,0.8,1.5,0.5,54148.0,8.4,365.0,1.8,-0.9,0.016,12032.0,0.7,5.0,1.1,0.3,0.003,1.99,0.4,4.66,14.3,6.4,0.0058,13,0,-7,5,72.5,57,-53,4,0.6,0.006005,999999.99,99999.99,99999.99,0.23,0.14,0.1,-1,2007-12-30 16:00:00
2007,364,17,2380,51,52,60,38,2.6,2.3,6.1,180.2,-2.3,0.0,0.2,0.0,0.2,0.3,1.3,1.0,0.8,0.2,70331.0,8.4,366.0,0.2,-1.0,0.019,6056.0,0.3,4.0,0.2,0.2,0.002,2.02,-0.07,10.27,20.4,6.5,0.0029,13,0,-5,5,72.5,65,-63,2,0.4,0.006005,999999.99,99999.99,99999.99,0.22,0.11,0.09,-1,2007-12-30 17:00:00
2007,364,18,2380,51,52,59,36,2.6,2.5,4.5,235.4,-1.4,-2.1,0.2,-2.1,-0.1,0.3,0.7,0.4,0.3,0.4,72498.0,7.2,363.0,0.1,-1.0,0.024,3669.0,0.4,3.0,0.4,0.2,0.003,1.74,0.04,8.9,18.7,6.4,0.0034,7,0,-1,3,72.5,15,-7,8,0.3,0.006005,999999.99,99999.99,99999.99,0.18,0.1,0.07,-1,2007-12-30 18:00:00
2007,364,19,2380,51,52,58,35,3.3,3.2,7.3,231.1,-2.0,-2.5,0.4,-2.5,-0.1,0.3,0.5,0.3,0.3,0.3,61214.0,6.5,358.0,1.2,-1.1,0.02,5750.0,0.3,3.0,1.2,0.2,0.004,1.5,0.04,4.71,13.8,6.1,0.0062,7,0,-1,3,72.5,15,-8,6,0.3,0.006005,999999.99,99999.99,99999.99,0.21,0.11,0.08,-1,2007-12-30 19:00:00
2007,364,20,2380,51,52,59,35,3.0,2.9,10.6,227.0,-1.9,-2.1,0.5,-2.2,0.0,0.4,0.7,0.2,0.6,0.3,56336.0,6.3,352.0,1.3,-1.1,0.017,2348.0,0.5,2.0,0.5,0.4,0.001,1.39,-0.0,5.38,14.7,6.2,0.0055,7,0,0,3,72.5,17,-6,11,0.2,0.006005,999999.99,99999.99,99999.99,0.22,0.12,0.09,-1,2007-12-30 20:00:00
2007,364,21,2380,51,52,59,36,2.8,2.7,18.3,206.3,-2.3,-1.2,0.9,-1.4,0.6,0.3,0.4,0.2,0.2,0.3,53964.0,6.0,345.0,1.3,-1.0,0.017,1931.0,0.4,3.0,0.2,0.3,0.001,1.27,-0.21,5.8,15.1,6.2,0.0052,3,0,-2,2,72.5,14,-4,9,0.1,0.006005,999999.99,99999.99,99999.99,0.23,0.12,0.1,-1,2007-12-30 21:00:00
2007,364,22,2380,51,52,57,33,2.6,2.3,21.6,252.9,-0.6,-2.1,0.9,-2.3,0.3,0.4,1.1,0.9,0.6,0.3,49149.0,6.1,334.0,0.7,-1.8,0.016,7281.0,0.3,3.0,0.5,0.6,0.002,1.21,-0.1,6.66,15.9,6.1,0.0047,3,0,-5,2,72.5,13,-4,9,0.1,0.006005,999999.99,99999.99,99999.99,0.17,0.1,0.07,-1,2007-12-30 22:00:00
2007,364,23,2380,51,52,61,37,3.2,3.1,42.2,255.4,-0.6,-2.2,2.1,-2.7,1.5,0.2,1.0,0.3,0.6,0.7,25433.0,9.0,333.0,0.6,-3.3,0.01,4150.0,1.4,3.0,0.3,0.3,0.002,1.73,-0.5,5.62,15.6,6.5,0.0049,3,0,-2,2,72.5,15,-3,12,0.1,0.006005,999999.99,99999.99,99999.99,0.2,0.12,0.09,-1,2007-12-30 23:00:00
2007,365,0,2380,51,52,60,36,4.2,4.2,43.3,262.6,-0.4,-3.0,2.9,-3.6,2.1,0.2,0.4,0.1,0.4,0.1,17690.0,11.1,336.0,0.7,-2.6,0.006,605.0,0.4,1.0,0.1,0.3,0.001,2.14,-0.71,3.82,13.3,6.4,0.0067,3,0,2,2,74.2,11,-1,10,0.0,0.006038,999999.99,99999.99,99999.99,0.18,0.09,0.06,-1,2007-12-31 00:00:00
2007,365,1,2380,51,52,60,34,4.2,4.2,36.0,260.9,-0.5,-3.4,2.5,-3.9,1.7,0.2,0.4,0.2,0.2,0.3,18861.0,12.3,333.0,0.9,-3.3,0.007,1030.0,0.6,1.0,0.2,0.4,0.0,2.34,-0.57,4.27,13.9,6.4,0.0062,3,0,6,2,74.2,14,-3,11,0.1,0.006038,999999.99,99999.99,99999.99,0.21,0.15,0.1,-1,2007-12-31 01:00:00
2007,365,2,2380,51,52,59,36,4.6,4.6,31.4,253.8,-1.1,-3.8,2.4,-4.2,1.7,0.4,0.6,0.3,0.3,0.3,19703.0,15.0,331.0,0.6,-3.3,0.006,1510.0,0.7,1.0,0.3,0.2,0.0,2.81,-0.56,4.37,13.9,6.4,0.0061,3,0,12,2,74.2,15,0,15,0.1,0.006038,999999.99,99999.99,99999.99,0.19,0.1,0.07,-1,2007-12-31 02:00:00
2007,365,3,2380,51,52,60,34,5.5,5.4,35.6,262.3,-0.6,-4.4,3.2,-4.8,2.6,0.6,1.2,0.6,0.4,0.9,23205.0,13.5,334.0,1.1,-2.6,0.006,1586.0,2.4,3.0,0.3,0.5,0.0,2.58,-0.87,2.81,11.2,6.0,0.0096,7,0,12,3,74.2,21,-3,18,0.2,0.006038,999999.99,99999.99,99999.99,0.19,0.1,0.08,-1,2007-12-31 03:00:00
2007,365,4,2380,51,52,62,33,5.9,5.8,15.9,248.3,-2.1,-5.2,1.6,-5.3,1.1,0.3,1.2,0.7,0.3,0.9,25191.0,10.3,330.0,2.2,-1.1,0.01,2245.0,0.8,3.0,0.4,0.6,0.002,1.95,-0.36,1.89,9.0,5.5,0.0148,7,0,9,3,74.2,15,-1,14,0.0,0.006038,999999.99,99999.99,99999.99,0.21,0.11,0.08,-1,2007-12-31 04:00:00
2007,365,5,2380,51,52,56,34,6.7,6.7,3.9,245.6,-2.7,-6.0,0.5,-6.0,0.3,0.4,0.9,0.6,0.5,0.3,24401.0,9.7,330.0,1.7,-1.9,0.01,2996.0,1.4,5.0,0.7,0.3,0.001,1.83,-0.1,1.37,7.7,5.2,0.0202,7,0,8,3,74.2,19,-2,17,-0.0,0.006038,999999.99,99999.99,99999.99,0.24,0.13,0.11,-1,2007-12-31 05:00:00
2007,365,6,2380,51,52,57,34,6.3,6.3,3.0,251.6,-2.0,-5.9,0.3,-5.9,0.4,0.5,1.0,0.6,0.4,0.6,28667.0,9.5,322.0,0.7,-1.9,0.015,4763.0,0.9,4.0,0.5,0.5,0.003,1.74,-0.13,1.56,7.9,5.1,0.0192,7,0,9,3,74.2,24,-2,22,-0.1,0.006038,999999.99,99999.99,99999.99,0.22,0.13,0.1,-1,2007-12-31 06:00:00
2007,365,7,2380,51,52,63,38,6.1,6.0,1.1,252.3,-1.8,-5.8,0.1,-5.8,0.5,0.3,0.9,0.7,0.2,0.6,34180.0,10.6,320.0,1.2,-2.1,0.017,2793.0,0.5,4.0,0.2,0.5,0.001,1.94,-0.16,1.93,8.5,5.2,0.0163,7,0,11,3,74.2,27,-1,26,-0.1,0.006038,999999.99,99999.99,99999.99,0.21,0.14,0.1,-1,2007-12-31 07:00:00
2007,365,8,2380,51,52,64,35,6.7,6.6,4.0,254.1,-1.8,-6.3,0.5,-6.2,1.1,0.3,1.1,0.9,0.2,0.6,34138.0,10.3,326.0,1.0,-2.3,0.015,2804.0,0.5,5.0,0.3,0.4,0.002,1.94,-0.36,1.55,7.8,5.1,0.0195,7,0,10,3,74.2,60,-5,55,0.1,0.006038,999999.99,99999.99,99999.99,0.22,0.11,0.07,-1,2007-12-31 08:00:00
2007,365,9,2380,51,52,60,34,7.3,7.2,-5.7,248.7,-2.6,-6.6,-0.7,-6.6,0.1,0.2,1.4,0.4,0.5,1.3,35323.0,11.7,341.0,1.5,-2.3,0.015,2037.0,0.9,2.0,0.3,0.3,0.002,2.41,-0.03,1.5,8.0,5.3,0.0186,10,0,10,4,74.2,94,-7,87,0.3,0.006038,999999.99,99999.99,99999.99,0.17,0.1,0.07,-1,2007-12-31 09:00:00
2007,365,10,2380,51,52,61,38,7.5,7.3,36.8,274.4,0.4,-5.8,4.3,-5.2,5.0,0.5,1.8,0.7,0.7,1.5,42903.0,8.9,340.0,0.7,-0.3,0.008,7564.0,1.7,2.0,0.8,0.7,0.002,1.77,-1.7,1.13,6.8,4.8,0.026,10,0,6,4,74.2,40,-3,37,0.1,0.006038,999999.99,99999.99,99999.99,0.18,0.12,0.09,-1,2007-12-31 10:00:00
2007,365,11,2380,51,52,61,36,7.2,6.9,54.6,299.6,2.0,-3.5,5.6,-2.8,6.0,0.6,2.0,0.6,1.7,0.7,48851.0,8.7,342.0,0.0,1.0,0.01,8867.0,1.7,3.0,1.3,1.2,0.003,1.77,-2.05,1.24,7.0,4.9,0.0242,10,0,5,4,74.2,29,0,29,-0.2,0.006038,999999.99,99999.99,99999.99,0.26,0.14,0.11,-1,2007-12-31 11:00:00
2007,365,12,2380,51,52,62,38,5.5,4.8,19.6,256.7,-1.0,-4.4,1.6,-4.2,2.0,1.0,2.8,1.4,1.0,2.2,31684.0,16.6,350.0,0.1,-1.7,0.007,6393.0,4.6,4.0,0.6,1.2,0.001,3.49,-0.7,3.65,13.0,6.4,0.0071,13,0,11,5,74.2,14,0,14,0.1,0.006038,999999.99,99999.99,99999.99,0.22,0.13,0.1,-1,2007-12-31 12:00:00
2007,365,13,2380,51,52,58,36,4.9,4.6,-3.7,221.0,-3.4,-3.0,-0.3,-3.0,-0.1,0.4,1.8,0.6,0.7,1.5,29512.0,17.3,349.0,0.9,-1.5,0.006,3845.0,1.2,3.0,0.3,1.0,0.001,3.6,0.03,4.73,14.8,6.6,0.0054,13,0,9,5,74.2,21,-13,8,0.3,0.006038,999999.99,99999.99,99999.99,0.25,0.15,0.1,-1,2007-12-31 13:00:00
2007,365,14,2380,51,52,63,39,5.0,4.8,-5.1,226.5,-3.3,-3.5,-0.4,-3.5,-0.3,0.3,1.4,0.3,0.5,1.3,37663.0,13.7,353.0,0.1,-2.5,0.005,2109.0,1.3,3.0,0.6,0.4,0.0,2.91,0.11,3.78,13.1,6.3,0.007,13,0,3,5,74.2,26,-19,7,0.3,0.006038,999999.99,99999.99,99999.99,0.28,0.13,0.09,-1,2007-12-31 14:00:00
2007,365,15,2380,51,52,61,37,5.4,5.3,1.6,230.5,-3.4,-4.1,0.1,-4.1,0.1,0.3,1.3,0.5,0.5,1.0,35002.0,13.2,358.0,-0.9,-3.1,0.004,2717.0,1.3,3.0,0.4,0.6,0.0,2.87,-0.04,3.08,12.0,6.3,0.0082,13,0,0,5,74.2,36,-28,8,0.4,0.006038,999999.99,99999.99,99999.99,0.24,0.14,0.09,-1,2007-12-31 15:00:00
2007,365,16,2380,51,52,57,33,5.5,5.5,2.9,231.9,-3.4,-4.3,0.3,-4.3,0.1,0.4,0.7,0.3,0.4,0.4,38611.0,12.4,357.0,-0.6,-3.9,0.005,3484.0,0.8,2.0,0.5,0.6,0.0,2.69,-0.04,2.85,11.4,6.1,0.0091,13,0,-4,5,74.2,48,-39,10,0.4,0.006038,999999.99,99999.99,99999.99,0.25,0.13,0.09,-1,2007-12-31 16:00:00
2007,365,17,2380,51,52,59,35,3.9,1.2,-32.0,205.5,-0.9,-0.4,-0.6,-0.3,-0.6,1.2,3.9,2.2,3.1,0.8,45131.0,14.9,350.0,0.5,-3.6,0.006,6000.0,2.6,5.0,1.5,0.9,0.001,3.12,0.21,7.07,17.3,6.5,0.004,13,0,0,5,74.2,150,-139,12,0.8,0.006038,999999.99,99999.99,99999.99,0.21,0.11,0.09,-1,2007-12-31 17:00:00
2007,365,18,2380,51,52,62,38,3.7,3.2,-48.5,184.4,-2.1,-0.2,-2.4,0.2,-2.4,0.9,2.0,0.9,1.5,1.0,49898.0,15.3,353.0,1.5,-4.6,0.004,3052.0,1.2,2.0,0.4,0.3,0.001,3.23,0.85,8.29,18.7,6.5,0.0034,27,0,4,12,74.2,54,-41,13,0.7,0.006038,999999.99,99999.99,99999.99,0.24,0.11,0.09,-1,2007-12-31 18:00:00
2007,365,19,2380,51,52,58,35,5.5,5.1,-27.1,165.0,-4.4,1.2,-2.3,1.6,-2.0,1.2,2.4,1.5,1.6,1.0,86050.0,9.0,364.0,2.4,-5.3,0.008,15372.0,2.8,5.0,0.7,0.4,0.005,2.06,0.73,2.65,9.9,5.5,0.0121,27,0,-1,12,74.2,63,-25,38,0.6,0.006038,999999.99,99999.99,99999.99,0.19,0.11,0.1,-1,2007-12-31 19:00:00
2007,365,20,2380,51,52,60,37,6.5,6.4,-23.8,151.7,-5.1,2.8,-2.6,3.3,-1.9,0.8,1.2,1.0,0.5,0.4,72526.0,6.0,358.0,1.5,-5.1,0.015,17283.0,1.5,12.0,0.8,0.7,0.012,1.36,0.68,1.19,6.7,4.7,0.0261,27,0,-6,12,74.2,71,-40,31,0.9,0.006038,999999.99,99999.99,99999.99,0.21,0.12,0.09,-1,2007-12-31 20:00:00
2007,365,21,2380,51,52,59,34,6.9,6.8,-26.0,143.4,-4.9,3.7,-3.0,4.3,-2.0,0.3,0.9,0.7,0.5,0.3,67892.0,5.6,352.0,0.9,-3.7,0.019,18043.0,1.0,9.0,1.0,1.0,0.006,1.25,0.7,0.96,6.0,4.5,0.0326,20,0,-10,7,74.2,83,-57,26,1.5,0.006038,999999.99,99999.99,99999.99,0.2,0.14,0.1,-1,2007-12-31 21:00:00
2007,365,22,2380,51,52,59,37,5.7,5.2,-14.8,134.3,-3.5,3.6,-1.3,3.8,-0.3,0.7,2.5,1.5,1.0,1.7,79590.0,6.4,346.0,0.4,-2.6,0.019,15683.0,1.3,7.0,1.0,1.2,0.005,1.38,0.1,1.7,7.7,4.9,0.0202,20,0,-10,7,74.2,73,-49,24,1.1,0.006038,999999.99,99999.99,99999.99,0.23,0.15,0.11,-1,2007-12-31 22:00:00
2007,365,23,2380,51,52,63,39,4.8,4.1,-4.5,118.9,-2.0,3.5,-0.3,3.5,0.6,0.3,2.4,1.5,0.9,1.7,80484.0,6.8,349.0,-0.2,-2.8,0.021,9541.0,0.4,4.0,0.8,1.0,0.003,1.5,-0.21,2.56,9.5,5.3,0.0132,20,0,-9,7,74.2,51,-31,21,0.6,0.006038,999999.99,99999.99,99999.99,0.23,0.12,0.08,-1,2007-12-31 23:00:00
2008,1,0,2380,51,52,58,34,4.3,3.2,-16.2,138.2,-2.3,2.1,-0.9,2.3,-0.3,0.2,2.7,1.2,1.9,1.5,76874.0,6.4,347.0,0.4,-1.5,0.016,11182.0,0.7,6.0,1.3,1.5,0.001,1.37,0.1,2.96,10.2,5.4,0.0114,17,9,-12,6,76.7,33,-18,15,0.4,0.006103,999999.99,99999.99,99999.99,0.19,0.12,0.09,-1,2008-01-01 00:00:00
2008,1,1,2380,51,52,58,38,4.3,3.8,-5.3,140.3,-2.9,2.4,-0.4,2.4,0.2,0.1,1.8,0.9,1.3,0.8,70935.0,5.4,347.0,-0.4,-1.3,0.015,8215.0,0.7,7.0,1.1,1.1,0.003,1.15,-0.07,2.42,9.4,5.3,0.0135,17,9,-11,6,76.7,37,-21,16,0.2,0.006103,999999.99,99999.99,99999.99,0.26,0.16,0.11,-1,2008-01-01 01:00:00
2008,1,2,2380,51,52,58,35,4.2,3.8,-9.6,143.6,-3.0,2.2,-0.6,2.3,-0.2,0.1,1.7,0.7,1.1,1.1,51071.0,3.9,348.0,-0.9,-1.2,0.015,13819.0,1.4,6.0,1.5,1.8,0.002,0.84,0.07,1.65,8.2,5.3,0.0178,17,9,-8,6,76.7,39,-17,22,0.3,0.006103,999999.99,99999.99,99999.99,0.19,0.11,0.08,-1,2008-01-01 02:00:00
2008,1,3,2380,51,52,68,38,4.0,3.9,-20.9,141.7,-2.8,2.2,-1.4,2.4,-1.1,0.3,1.2,0.7,0.7,0.7,61569.0,4.4,357.0,-0.6,-1.2,0.018,13637.0,0.8,10.0,1.2,0.9,0.006,1.0,0.39,2.17,9.4,5.5,0.0136,17,9,-7,6,76.7,63,-25,38,0.7,0.006103,999999.99,99999.99,99999.99,0.22,0.13,0.09,-1,2008-01-01 03:00:00
2008,1,4,2380,51,52,58,33,4.1,3.2,-10.9,125.9,-1.9,2.6,-0.6,2.6,-0.3,0.5,2.7,2.1,1.3,1.0,62058.0,4.3,377.0,0.4,-2.7,0.017,13446.0,0.6,6.0,0.7,0.4,0.004,1.09,0.11,2.03,9.5,5.7,0.0131,17,9,-5,6,76.7,42,-13,29,0.5,0.006103,999999.99,99999.99,99999.99,0.23,0.13,0.09,-1,2008-01-01 04:00:00
2008,1,5,2380,51,52,60,37,3.5,3.4,-11.8,110.4,-1.2,3.1,-0.7,3.1,-0.6,0.3,0.8,0.6,0.4,0.4,59092.0,4.5,384.0,0.1,-2.9,0.022,6500.0,0.2,3.0,0.3,0.4,0.002,1.21,0.23,2.86,11.6,6.2,0.0088,17,9,-3,6,76.7,34,-8,26,0.8,0.006103,999999.99,99999.99,99999.99,0.23,0.1,0.08,-1,2008-01-01 05:00:00
2008,1,6,2380,51,52,58,35,3.9,3.8,-23.5,122.9,-1.9,2.9,-1.5,2.9,-1.5,0.3,0.8,0.6,0.4,0.3,50322.0,3.7,375.0,-0.9,-1.8,0.021,9245.0,0.6,6.0,0.8,0.7,0.003,0.94,0.56,1.81,9.2,5.8,0.0139,7,9,-5,3,76.7,26,-7,20,0.5,0.006103,999999.99,99999.99,99999.99,0.24,0.11,0.08,-1,2008-01-01 06:00:00
2008,1,7,2380,51,52,59,37,4.2,4.1,-19.9,133.9,-2.7,2.8,-1.4,2.7,-1.5,0.1,0.9,0.3,0.3,0.8,39416.0,3.2,365.0,-1.6,-1.3,0.018,7355.0,0.4,4.0,0.8,0.7,0.002,0.76,0.55,1.27,7.8,5.4,0.0197,7,9,-6,3,76.7,84,-53,31,0.5,0.006103,999999.99,99999.99,99999.99,0.21,0.12,0.08,-1,2008-01-01 07:00:00
2008,1,8,2380,51,52,60,36,4.1,4.0,-6.0,138.8,-3.0,2.6,-0.4,2.6,-0.6,0.2,0.7,0.1,0.2,0.7,38729.0,3.8,363.0,-0.9,-2.1,0.013,7381.0,0.7,4.0,1.0,0.6,0.004,0.88,0.22,1.57,8.6,5.6,0.016,7,9,-5,3,76.7,88,-55,33,0.5,0.006103,999999.99,99999.99,99999.99,0.2,0.13,0.1,-1,2008-01-01 08:00:00
2008,1,9,2380,51,52,61,37,3.8,3.8,-2.1,145.9,-3.2,2.1,-0.1,2.1,-0.3,0.2,0.5,0.2,0.2,0.3,42876.0,4.4,364.0,0.3,-2.0,0.011,2389.0,0.5,3.0,0.3,0.4,0.003,1.02,0.11,2.17,10.0,5.9,0.0118,10,9,-5,4,76.7,59,-40,19,0.3,0.006103,999999.99,99999.99,99999.99,0.24,0.15,0.11,-1,2008-01-01 09:00:00
2008,1,10,2380,51,52,60,37,3.3,3.3,-3.0,147.2,-2.8,1.8,-0.2,1.8,-0.4,0.3,0.5,0.3,0.3,0.3,37220.0,5.5,367.0,0.4,-1.9,0.008,5021.0,0.7,3.0,0.4,0.2,0.002,1.28,0.15,3.48,13.0,6.5,0.007,10,9,-7,4,76.7,47,-44,3,0.2,0.006103,999999.99,99999.99,99999.99,0.26,0.12,0.08,-1,2008-01-01 10:00:00
2008,1,11,2380,51,52,58,33,3.8,3.8,-0.7,149.2,-3.3,2.0,0.0,2.0,-0.2,0.1,0.3,0.1,0.3,0.2,29238.0,3.8,355.0,-0.9,-1.2,0.015,6352.0,0.6,4.0,0.6,0.4,0.002,0.85,0.07,1.73,9.1,5.8,0.0143,10,9,-7,4,76.7,147,-147,-1,0.2,0.006103,999999.99,99999.99,99999.99,0.2,0.1,0.08,-1,2008-01-01 11:00:00
2008,1,12,2380,51,52,60,37,3.1,3.0,-7.1,168.8,-3.0,0.6,-0.4,0.6,-0.5,0.1,0.5,0.1,0.4,0.2,43498.0,5.4,362.0,0.8,-0.7,0.017,4156.0,0.5,2.0,0.3,0.2,0.003,1.26,0.18,4.02,13.6,6.4,0.0065,7,9,-6,3,76.7,89,-86,3,0.2,0.006103,999999.99,99999.99,99999.99,0.22,0.12,0.09,-1,2008-01-01 12:00:00
2008,1,13,2380,51,52,60,36,3.0,2.9,-15.7,202.5,-2.6,-1.1,-0.8,-1.1,-0.7,0.1,0.7,0.3,0.5,0.4,39409.0,5.4,361.0,1.5,-0.3,0.017,3366.0,0.3,3.0,0.2,0.3,0.004,1.26,0.25,4.19,14.0,6.5,0.0061,7,9,-7,3,76.7,34,-29,6,0.2,0.006103,999999.99,99999.99,99999.99,0.23,0.14,0.09,-1,2008-01-01 13:00:00
2008,1,14,2380,51,52,58,35,3.2,3.2,-1.2,185.9,-3.2,-0.3,-0.1,-0.3,-0.1,0.1,0.5,0.1,0.4,0.3,36773.0,4.5,353.0,0.9,-0.9,0.013,7564.0,0.6,5.0,0.4,0.3,0.002,0.99,0.04,3.02,11.7,6.2,0.0087,7,9,-6,3,76.7,28,-25,3,0.4,0.006103,999999.99,99999.99,99999.99,0.25,0.15,0.1,-1,2008-01-01 14:00:00
2008,1,15,2380,51,52,62,38,3.1,3.1,7.5,173.8,-3.0,0.3,0.4,0.3,0.4,0.5,0.5,0.4,0.3,0.1,22384.0,4.8,350.0,0.6,-1.5,0.01,5907.0,1.5,7.0,0.1,0.1,0.004,1.02,-0.14,3.13,12.4,6.4,0.0078,7,9,-8,3,76.7,34,-30,4,0.3,0.006103,999999.99,99999.99,99999.99,0.24,0.14,0.09,-1,2008-01-01 15:00:00
2008,1,16,2380,51,52,60,36,2.4,2.4,5.9,182.6,-2.4,-0.1,0.2,-0.1,0.2,0.0,0.2,0.0,0.2,0.1,18811.0,7.0,359.0,0.6,-1.5,0.005,2372.0,0.2,1.0,0.1,0.1,0.0,1.54,-0.07,7.44,19.8,7.3,0.003,7,9,-8,3,76.7,33,-16,17,0.3,0.006103,999999.99,99999.99,99999.99,0.28,0.14,0.09,-1,2008-01-01 16:00:00
2008,1,17,2380,51,52,60,37,2.4,2.4,-0.1,180.1,-2.4,0.0,0.0,0.0,0.0,0.1,0.1,0.1,0.1,0.1,17571.0,7.5,357.0,0.6,-1.7,0.004,1387.0,0.2,1.0,0.1,0.1,0.0,1.62,-0.0,7.9,20.4,7.3,0.0029,7,9,-7,3,76.7,20,-14,6,0.3,0.006103,999999.99,99999.99,99999.99,0.2,0.11,0.08,-1,2008-01-01 17:00:00
2008,1,18,2380,51,52,59,21,2.6,2.6,-3.0,176.6,-2.6,0.2,-0.1,0.2,-0.1,0.1,0.2,0.1,0.2,0.1,21412.0,7.3,357.0,0.8,-1.9,0.005,3251.0,0.2,0.0,0.1,0.1,0.0,1.58,0.04,6.73,18.5,7.1,0.0035,7,9,-6,3,76.7,16,-13,3,0.2,0.006103,999999.99,99999.99,99999.99,0.23,0.14,0.1,-1,2008-01-01 18:00:00
2008,1,19,2380,51,51,59,3,2.7,2.7,-9.2,165.4,-2.6,0.7,-0.4,0.8,-0.3,0.3,0.5,0.3,0.3,0.2,50437.0,8.0,350.0,-0.8,0.4,9.999,27108.0,0.4,6.0,0.8,1.1,9.999,1.96,0.1,8.16,18.3,6.5,0.0035,7,9,-4,3,76.7,13,-9,4,0.2,0.006103,999999.99,99999.99,99999.99,0.23,0.11,0.07,-1,2008-01-01 19:00:00
2008,1,20,2380,51,51,57,1,3.8,3.7,-9.3,148.5,-3.1,1.9,-0.6,2.0,-0.1,0.3,0.5,0.2,0.4,0.1,28149.0,6.3,341.0,-0.2,-1.4,9.999,0.0,0.0,0.0,0.0,0.0,9.999,1.47,0.03,2.84,11.3,6.1,0.0094,7,9,-5,3,76.7,13,-8,5,0.1,0.006103,999999.99,99999.99,99999.99,0.21,0.13,0.1,-1,2008-01-01 20:00:00
2008,1,21,2380,51,52,62,21,3.2,3.1,-7.2,143.1,-2.5,1.9,-0.4,1.9,0.1,0.5,0.7,0.3,0.5,0.3,25648.0,7.8,351.0,-0.1,-1.7,0.005,1504.0,0.3,1.0,0.2,0.2,0.001,1.64,-0.04,4.88,15.3,6.7,0.0051,10,9,-3,4,76.7,12,-5,8,0.2,0.006103,999999.99,99999.99,99999.99,0.25,0.11,0.07,-1,2008-01-01 21:00:00
2008,1,22,2380,51,52,61,37,2.8,2.1,25.3,48.2,1.3,1.4,0.9,1.1,1.2,0.2,1.8,1.6,0.5,0.6,24562.0,7.8,358.0,-0.4,-2.1,0.008,3330.0,0.5,4.0,0.3,0.2,0.001,1.72,-0.43,6.33,17.9,7.0,0.0037,10,9,-3,4,76.7,10,-4,6,0.2,0.006103,999999.99,99999.99,99999.99,0.21,0.12,0.08,-1,2008-01-01 22:00:00
2008,1,23,2380,51,52,59,36,2.5,2.4,19.5,34.5,1.9,1.3,0.8,1.0,1.1,0.3,0.6,0.3,0.4,0.2,24659.0,8.1,356.0,-0.6,-1.9,0.009,1827.0,0.2,2.0,0.3,0.1,0.001,1.78,-0.39,8.25,20.3,7.1,0.0029,10,9,-3,4,76.7,8,-2,6,0.0,0.006103,999999.99,99999.99,99999.99,0.21,0.13,0.08,-1,2008-01-01 23:00:00
2008,2,0,2380,51,52,59,36,2.3,2.0,-1.4,53.4,1.2,1.6,0.0,1.5,0.4,0.3,1.1,0.8,0.5,0.6,26934.0,8.1,352.0,-0.9,-1.7,0.008,2515.0,0.4,2.0,0.3,0.3,0.001,1.73,-0.14,9.89,21.8,7.1,0.0025,3,9,-1,2,77.0,10,-3,7,0.1,0.006208,999999.99,99999.99,99999.99,0.21,0.1,0.07,-1,2008-01-02 00:00:00
2008,2,1,2380,51,52,58,32,2.1,1.4,1.2,296.0,0.6,-1.3,0.0,-1.3,-0.3,0.9,1.8,1.1,1.4,0.4,22576.0,8.0,343.0,-1.1,-1.3,0.006,3969.0,1.1,4.0,0.6,0.4,0.001,1.61,0.1,11.39,23.1,7.0,0.0022,3,9,0,2,77.0,10,-4,6,0.2,0.006208,999999.99,99999.99,99999.99,0.18,0.11,0.09,-1,2008-01-02 01:00:00
2008,2,2,2380,51,52,60,37,3.4,3.4,13.9,322.9,2.6,-2.0,0.8,-2.1,0.4,0.1,0.4,0.2,0.2,0.3,22486.0,6.8,338.0,-0.2,-0.5,0.006,1699.0,0.6,1.0,0.3,0.3,0.001,1.33,-0.14,3.69,13.0,6.3,0.0071,3,9,-1,2,77.0,9,-5,4,-0.1,0.006208,999999.99,99999.99,99999.99,0.22,0.12,0.09,-1,2008-01-02 02:00:00
2008,2,3,2380,51,52,59,35,2.9,2.5,15.4,331.7,2.2,-1.2,0.7,-1.3,0.5,0.4,1.5,0.5,1.2,0.7,29437.0,8.4,336.0,1.1,-0.4,0.007,3580.0,0.7,2.0,0.9,0.6,0.001,1.63,-0.17,6.56,16.8,6.5,0.0042,0,9,1,0,77.0,10,-4,6,-0.2,0.006208,999999.99,99999.99,99999.99,0.2,0.12,0.1,-1,2008-01-02 03:00:00
2008,2,4,2380,51,52,61,38,2.0,1.5,15.3,315.9,1.0,-1.0,0.4,-1.0,0.3,0.6,1.4,0.6,1.2,0.5,24353.0,10.5,339.0,0.2,-0.0,0.004,3642.0,0.9,3.0,0.5,0.4,0.001,2.05,-0.1,16.68,27.5,7.0,0.0016,0,9,4,0,77.0,13,-3,10,-0.2,0.006208,999999.99,99999.99,99999.99,0.24,0.13,0.08,-1,2008-01-02 04:00:00
2008,2,5,2380,51,52,59,33,2.7,2.4,9.9,303.0,1.3,-2.0,0.4,-2.0,0.3,0.5,1.2,0.3,0.9,0.6,19292.0,10.5,337.0,-0.7,-0.2,0.003,1197.0,0.9,1.0,0.6,0.2,0.001,2.02,-0.1,8.85,20.2,6.9,0.0029,0,9,3,0,77.0,12,-2,9,-0.2,0.006208,999999.99,99999.99,99999.99,0.22,0.13,0.1,-1,2008-01-02 05:00:00
2008,2,6,2380,51,52,60,36,2.3,2.2,23.3,322.7,1.6,-1.2,0.9,-1.2,0.9,0.4,0.8,0.3,0.4,0.6,16723.0,11.7,333.0,-0.3,-0.1,0.003,1101.0,0.8,1.0,0.3,0.3,0.0,2.19,-0.3,13.35,24.8,7.0,0.0019,3,9,3,2,77.0,24,-5,20,-0.3,0.006208,999999.99,99999.99,99999.99,0.2,0.13,0.08,-1,2008-01-02 06:00:00
2008,2,7,2380,51,52,60,35,2.0,1.6,-0.2,312.7,1.1,-1.2,0.0,-1.2,0.1,0.3,1.2,0.8,0.6,0.7,14724.0,12.6,334.0,-0.3,-1.2,0.003,603.0,0.9,2.0,1.1,0.4,0.0,2.38,-0.03,18.75,29.6,7.1,0.0014,3,9,4,2,77.0,14,-1,14,-0.3,0.006208,999999.99,99999.99,99999.99,0.2,0.13,0.11,-1,2008-01-02 07:00:00
2008,2,8,2380,51,52,60,37,2.6,2.2,15.2,295.9,0.9,-1.9,0.6,-1.8,0.7,0.6,1.5,1.0,0.6,1.0,17620.0,11.9,336.0,-0.2,-0.9,0.003,1806.0,1.3,1.0,0.5,0.4,0.001,2.27,-0.24,10.69,22.3,7.0,0.0024,3,9,4,2,77.0,25,-9,16,-0.3,0.006208,999999.99,99999.99,99999.99,0.2,0.11,0.09,-1,2008-01-02 08:00:00
2008,2,9,2380,51,52,61,35,1.7,1.6,-26.7,248.1,-0.5,-1.3,-0.7,-1.4,-0.6,0.6,0.8,0.5,0.5,0.4,14922.0,14.7,339.0,-0.0,-1.1,0.005,955.0,1.0,2.0,0.4,0.1,0.0,2.88,0.2,30.32,38.2,7.3,0.0008,3,9,7,2,77.0,39,-26,13,-0.1,0.006208,999999.99,99999.99,99999.99,0.21,0.11,0.08,-1,2008-01-02 09:00:00
2008,2,10,2380,51,52,61,36,2.2,1.3,-34.7,206.2,-1.0,-0.5,-0.7,-0.6,-0.6,0.5,1.8,0.6,1.6,0.4,20780.0,13.7,339.0,0.5,-1.1,0.004,3426.0,1.4,2.0,0.5,0.4,0.001,2.67,0.2,17.56,28.5,7.1,0.0015,3,9,5,2,77.0,33,-21,12,-0.0,0.006208,999999.99,99999.99,99999.99,0.2,0.11,0.07,-1,2008-01-02 10:00:00
2008,2,11,2380,51,52,60,36,1.9,1.1,-20.0,131.0,-0.7,0.8,-0.4,0.8,-0.5,0.8,1.8,0.7,1.6,0.4,22741.0,13.1,343.0,0.5,-1.5,0.004,3427.0,1.2,1.0,0.5,0.2,0.001,2.61,0.17,22.81,32.7,7.2,0.0011,3,9,4,2,77.0,33,-25,7,0.1,0.006208,999999.99,99999.99,99999.99,0.2,0.13,0.1,-1,2008-01-02 11:00:00
2008,2,12,2380,51,52,60,36,1.6,0.9,37.2,346.4,0.7,-0.2,0.5,-0.2,0.5,0.7,1.5,0.9,0.9,0.9,17852.0,13.5,340.0,1.3,-1.5,0.005,890.0,0.8,2.0,0.2,0.3,0.0,2.66,-0.17,32.08,39.0,7.3,0.0008,3,9,4,2,77.0,69,-62,6,0.1,0.006208,999999.99,99999.99,99999.99,0.23,0.14,0.11,-1,2008-01-02 12:00:00
2008,2,13,2380,51,52,58,34,1.6,1.0,-25.5,63.4,0.4,0.8,-0.4,0.8,-0.4,0.2,1.3,0.8,0.5,0.9,15855.0,13.9,334.0,1.5,-1.3,0.004,1025.0,0.5,2.0,0.2,0.3,0.0,2.63,0.13,32.58,38.9,7.2,0.0008,3,9,3,2,77.0,25,-16,9,0.1,0.006208,999999.99,99999.99,99999.99,0.19,0.11,0.09,-1,2008-01-02 13:00:00
2008,2,14,2380,51,52,60,35,1.6,1.4,-15.4,187.8,-1.3,-0.2,-0.4,-0.2,-0.4,0.4,0.9,0.6,0.5,0.4,17038.0,13.4,334.0,1.1,-0.6,0.004,997.0,0.5,3.0,0.3,0.3,0.001,2.54,0.13,31.66,38.2,7.2,0.0008,3,9,3,2,77.0,21,-12,9,0.2,0.006208,999999.99,99999.99,99999.99,0.21,0.14,0.1,-1,2008-01-02 14:00:00
2008,2,15,2380,51,52,61,37,2.0,1.9,-13.8,196.5,-1.8,-0.5,-0.5,-0.5,-0.5,0.1,0.5,0.2,0.3,0.3,17596.0,12.9,336.0,0.6,-0.8,0.004,640.0,0.5,1.0,0.5,0.3,0.001,2.47,0.17,19.58,30.2,7.1,0.0013,7,9,2,3,77.0,19,-13,6,0.3,0.006208,999999.99,99999.99,99999.99,0.27,0.12,0.07,-1,2008-01-02 15:00:00
2008,2,16,2380,51,52,59,35,1.9,1.7,-46.7,187.2,-1.2,-0.1,-1.3,0.0,-1.3,0.3,0.7,0.5,0.4,0.3,17709.0,13.4,333.0,0.5,-0.9,0.005,695.0,0.4,2.0,0.2,0.2,0.001,2.53,0.43,22.56,32.1,7.1,0.0012,7,9,0,3,77.0,18,-13,5,0.2,0.006208,999999.99,99999.99,99999.99,0.21,0.11,0.09,-1,2008-01-02 16:00:00
2008,2,17,2380,51,52,60,35,2.2,2.0,-38.6,165.4,-1.5,0.4,-1.3,0.5,-1.2,0.2,0.8,0.2,0.6,0.4,16972.0,13.4,332.0,1.3,-0.9,0.005,663.0,0.4,1.0,0.2,0.2,0.001,2.52,0.4,16.74,27.6,7.0,0.0016,7,9,4,3,77.0,21,-14,7,0.3,0.006208,999999.99,99999.99,99999.99,0.19,0.09,0.07,-1,2008-01-02 17:00:00
2008,2,18,2380,51,52,59,36,2.5,2.4,-51.0,176.1,-1.5,0.1,-1.9,0.4,-1.9,0.3,0.6,0.3,0.4,0.3,15920.0,13.3,331.0,1.3,-0.8,0.006,536.0,0.4,1.0,0.2,0.1,0.001,2.49,0.63,12.77,24.1,7.0,0.002,10,9,5,4,77.0,18,-10,8,0.4,0.006208,999999.99,99999.99,99999.99,0.24,0.14,0.1,-1,2008-01-02 18:00:00
2008,2,19,2380,51,52,61,37,1.8,1.7,-45.6,167.3,-1.2,0.3,-1.2,0.5,-1.1,0.3,0.5,0.2,0.4,0.2,15988.0,13.9,329.0,1.5,-0.9,0.007,520.0,0.5,1.0,0.2,0.3,0.001,2.58,0.36,25.76,34.1,7.1,0.001,10,9,6,4,77.0,19,-11,9,0.4,0.006208,999999.99,99999.99,99999.99,0.22,0.12,0.09,-1,2008-01-02 19:00:00
2008,2,20,2380,51,52,59,35,2.5,2.3,-17.7,169.5,-2.1,0.4,-0.7,0.6,-0.6,0.2,1.1,0.2,0.7,0.8,17309.0,12.4,331.0,1.2,-1.9,0.007,659.0,0.5,1.0,0.3,0.2,0.002,2.33,0.2,12.02,23.3,6.9,0.0022,10,9,6,4,77.0,11,-2,8,0.2,0.006208,999999.99,99999.99,99999.99,0.21,0.12,0.09,-1,2008-01-02 20:00:00
2008,2,21,2380,51,52,59,37,2.1,1.8,55.2,147.4,-0.9,0.5,1.5,0.1,1.6,0.4,1.1,0.5,0.9,0.5,16265.0,12.0,330.0,0.8,-2.3,0.007,1401.0,0.6,1.0,0.2,0.2,0.001,2.24,-0.53,16.37,27.2,7.0,0.0016,3,9,5,2,77.0,14,-1,13,0.0,0.006208,999999.99,99999.99,99999.99,0.21,0.12,0.1,-1,2008-01-02 21:00:00
2008,2,22,2380,51,52,65,39,1.6,1.2,-1.9,108.7,-0.4,1.2,0.0,1.2,0.3,0.6,1.2,0.9,0.6,0.5,16726.0,11.4,328.0,1.2,-1.4,0.006,4130.0,1.7,4.0,0.4,0.4,0.001,2.1,-0.1,26.88,34.6,7.0,0.001,3,9,1,2,77.0,11,-1,10,-0.1,0.006208,999999.99,99999.99,99999.99,0.25,0.12,0.09,-1,2008-01-02 22:00:00
2008,2,23,2380,51,52,58,36,3.5,3.5,13.6,41.5,2.6,2.3,0.8,2.0,1.4,0.3,0.5,0.3,0.2,0.3,26112.0,4.6,339.0,0.1,-2.6,0.016,2659.0,0.9,4.0,0.4,0.3,0.003,0.94,-0.47,2.41,10.4,5.9,0.011,3,9,-7,2,77.0,6,-2,3,-0.1,0.006208,999999.99,99999.99,99999.99,0.26,0.14,0.1,-1,2008-01-02 23:00:00
2008,3,0,2380,51,52,59,36,3.1,3.0,3.1,58.4,1.6,2.6,0.2,2.5,0.9,0.8,1.0,0.4,0.8,0.4,31408.0,4.6,332.0,0.9,-2.1,0.014,4764.0,1.5,2.0,0.4,0.3,0.002,0.89,-0.3,3.18,11.5,5.9,0.009,0,9,-7,0,76.7,9,-3,7,-0.1,0.006239,999999.99,99999.99,99999.99,0.19,0.1,0.08,-1,2008-01-03 00:00:00
2008,3,1,2380,51,52,60,35,3.2,3.1,-6.8,95.0,-0.3,3.1,-0.4,3.1,0.4,0.2,0.6,0.5,0.2,0.3,36905.0,3.9,332.0,1.8,-2.1,0.015,3428.0,0.3,2.0,0.5,0.5,0.002,0.76,-0.13,2.62,10.2,5.7,0.0113,0,9,-7,0,76.7,7,-2,5,0.0,0.006239,999999.99,99999.99,99999.99,0.23,0.15,0.12,-1,2008-01-03 01:00:00
2008,3,2,2380,51,52,60,36,2.9,2.6,-18.1,110.1,-0.8,2.3,-0.8,2.4,-0.3,0.3,1.3,0.5,0.7,1.0,31308.0,4.9,332.0,0.6,-1.7,0.012,3803.0,0.3,1.0,0.4,0.5,0.002,0.95,0.1,3.87,12.7,6.1,0.0074,0,9,-5,0,76.7,6,-2,4,0.1,0.006239,999999.99,99999.99,99999.99,0.23,0.12,0.09,-1,2008-01-03 02:00:00
2008,3,3,2380,51,52,60,37,2.5,2.0,-22.7,70.5,0.6,1.8,-0.8,1.9,-0.5,0.3,1.5,1.3,0.6,0.4,28486.0,5.3,334.0,0.4,-1.3,0.011,4204.0,0.5,4.0,0.4,0.4,0.001,1.03,0.17,5.53,15.4,6.4,0.005,7,9,-5,3,76.7,12,-8,4,0.6,0.006239,999999.99,99999.99,99999.99,0.21,0.12,0.09,-1,2008-01-03 03:00:00
2008,3,4,2380,51,52,59,32,2.1,2.0,-16.3,95.1,-0.2,1.9,-0.5,1.9,-0.3,0.2,0.7,0.5,0.3,0.4,24933.0,6.0,330.0,0.9,-1.9,0.009,3310.0,0.7,2.0,1.0,0.2,0.002,1.13,0.1,8.68,19.2,6.6,0.0032,7,9,-4,3,76.7,10,-3,7,0.3,0.006239,999999.99,99999.99,99999.99,0.19,0.11,0.09,-1,2008-01-03 04:00:00
2008,3,5,2380,51,52,60,36,2.3,2.2,-15.9,70.2,0.7,2.0,-0.6,2.0,-0.5,0.2,0.7,0.5,0.3,0.3,25591.0,5.7,328.0,0.1,-1.7,0.009,1882.0,0.4,2.0,0.4,0.3,0.001,1.06,0.16,6.9,17.0,6.5,0.0041,7,9,-3,3,76.7,8,-2,6,0.2,0.006239,999999.99,99999.99,99999.99,0.21,0.12,0.09,-1,2008-01-03 05:00:00
2008,3,6,2380,51,52,58,36,2.8,2.8,-30.1,105.0,-0.6,2.3,-1.4,2.3,-1.4,0.1,0.5,0.4,0.2,0.4,27350.0,5.1,324.0,-0.4,-1.0,0.01,2189.0,0.1,2.0,0.3,0.4,0.001,0.93,0.45,4.21,13.1,6.1,0.007,3,9,-2,2,76.7,12,-5,6,0.2,0.006239,999999.99,99999.99,99999.99,0.23,0.14,0.11,-1,2008-01-03 06:00:00
2008,3,7,2380,51,52,59,36,3.0,3.0,-38.4,125.8,-1.4,1.9,-1.9,1.8,-2.0,0.1,0.4,0.3,0.2,0.1,24182.0,4.6,320.0,0.3,-1.0,0.01,2245.0,0.3,2.0,0.5,0.2,0.002,0.82,0.64,3.24,11.4,5.9,0.0091,3,9,-2,2,76.7,58,-41,17,0.2,0.006239,999999.99,99999.99,99999.99,0.21,0.13,0.09,-1,2008-01-03 07:00:00
2008,3,8,2380,51,52,61,34,2.2,2.0,-42.0,111.8,-0.6,1.4,-1.3,1.3,-1.4,0.3,1.0,0.5,0.6,0.6,20832.0,5.8,321.0,0.8,-1.4,0.007,2126.0,0.5,2.0,0.7,0.2,0.001,1.03,0.45,7.44,17.6,6.4,0.0039,3,9,1,2,76.7,90,-77,13,0.5,0.006239,999999.99,99999.99,99999.99,0.25,0.14,0.1,-1,2008-01-03 08:00:00
2008,3,9,2380,51,52,63,38,1.4,1.3,-38.9,141.1,-0.8,0.6,-0.8,0.5,-0.9,0.2,0.6,0.3,0.5,0.2,15745.0,7.2,326.0,0.6,-2.1,0.006,1934.0,0.4,4.0,0.4,0.4,0.001,1.31,0.29,22.02,31.2,7.0,0.0012,3,9,2,2,76.7,92,-36,55,0.5,0.006239,999999.99,99999.99,99999.99,0.24,0.13,0.1,-1,2008-01-03 09:00:00
2008,3,10,2380,51,52,57,35,1.2,0.5,-44.2,152.0,-0.3,0.2,-0.3,0.2,-0.3,0.4,1.1,0.7,0.6,0.7,14072.0,7.7,325.0,0.6,-1.7,0.005,1085.0,0.5,3.0,0.3,0.7,0.001,1.39,0.1,31.68,37.6,7.1,0.0008,3,9,2,2,76.7,36,-4,32,0.3,0.006239,999999.99,99999.99,99999.99,0.23,0.12,0.1,-1,2008-01-03 10:00:00
2008,3,11,2380,51,52,61,36,1.2,1.0,17.2,178.4,-1.0,0.0,0.3,0.0,0.3,0.1,0.5,0.2,0.3,0.4,12929.0,7.9,327.0,0.1,-1.3,0.005,1073.0,0.3,2.0,0.2,0.2,0.0,1.44,-0.1,32.25,38.3,7.1,0.0008,3,9,1,2,76.7,11,-2,9,-0.0,0.006239,999999.99,99999.99,99999.99,0.2,0.12,0.08,-1,2008-01-03 11:00:00
2008,3,12,2380,51,52,60,35,1.3,1.2,-10.4,155.1,-1.1,0.5,-0.2,0.5,-0.2,0.1,0.2,0.1,0.2,0.1,12573.0,7.6,325.0,0.1,-1.2,0.005,1129.0,0.4,1.0,0.5,0.2,0.0,1.37,0.07,26.37,34.5,7.1,0.001,3,9,1,2,76.7,7,-3,4,-0.0,0.006239,999999.99,99999.99,99999.99,0.2,0.12,0.09,-1,2008-01-03 12:00:00
2008,3,13,2380,51,52,60,36,1.0,0.5,-24.6,151.0,-0.4,0.2,-0.2,0.2,-0.2,0.3,0.9,0.8,0.2,0.3,12168.0,7.7,325.0,1.0,-1.8,0.004,1310.0,0.2,4.0,0.2,0.3,0.001,1.38,0.07,45.02,45.1,7.1,0.0006,3,9,-1,2,76.7,9,-7,2,0.1,0.006239,999999.99,99999.99,99999.99,0.24,0.12,0.08,-1,2008-01-03 13:00:00
2008,3,14,2380,51,52,59,35,1.1,1.1,13.9,342.9,1.0,-0.3,0.3,-0.3,0.3,0.1,0.3,0.1,0.2,0.1,10064.0,8.0,322.0,0.9,-2.0,0.003,463.0,0.1,1.0,0.1,0.1,0.0,1.4,-0.1,38.07,41.4,7.1,0.0007,3,9,1,2,76.7,12,-9,3,0.1,0.006239,999999.99,99999.99,99999.99,0.21,0.12,0.1,-1,2008-01-03 14:00:00
2008,3,15,2380,51,52,58,35,1.4,1.1,-25.4,151.9,-0.8,0.4,-0.5,0.4,-0.5,0.3,0.9,0.7,0.4,0.4,10039.0,7.4,315.0,1.0,-2.0,0.004,535.0,0.2,2.0,0.3,0.4,0.0,1.25,0.16,21.74,30.6,6.9,0.0013,0,9,0,0,76.7,13,-11,2,0.1,0.006239,999999.99,99999.99,99999.99,0.21,0.15,0.12,-1,2008-01-03 15:00:00
2008,3,16,2380,51,52,60,37,1.8,1.8,-22.1,158.0,-1.5,0.6,-0.7,0.7,-0.7,0.1,0.2,0.1,0.1,0.1,9064.0,7.1,315.0,1.0,-2.1,0.003,340.0,0.2,1.0,0.1,0.1,0.0,1.19,0.22,12.53,23.3,6.8,0.0022,0,9,1,0,76.7,15,-13,2,0.1,0.006239,999999.99,99999.99,99999.99,0.22,0.13,0.1,-1,2008-01-03 16:00:00
2008,3,17,2380,51,52,60,36,1.5,1.5,-22.2,161.9,-1.3,0.4,-0.6,0.5,-0.5,0.2,0.3,0.2,0.2,0.2,8884.0,7.7,313.0,0.7,-1.8,0.004,467.0,0.3,1.0,0.1,0.2,0.001,1.28,0.16,19.54,29.0,6.8,0.0014,0,9,4,0,76.7,14,-10,4,0.1,0.006239,999999.99,99999.99,99999.99,0.23,0.11,0.09,-1,2008-01-03 17:00:00
2008,3,18,2380,51,52,60,36,1.6,1.6,-12.5,157.6,-1.4,0.6,-0.3,0.6,-0.2,0.2,0.2,0.2,0.1,0.1,9548.0,7.4,311.0,0.6,-1.5,0.004,855.0,0.3,1.0,0.1,0.1,0.0,1.21,0.06,16.58,26.4,6.8,0.0017,3,9,4,2,76.7,14,-9,5,0.1,0.006239,999999.99,99999.99,99999.99,0.27,0.14,0.09,-1,2008-01-03 18:00:00
2008,3,19,2380,51,52,59,36,1.7,1.6,-27.0,167.2,-1.4,0.3,-0.7,0.4,-0.6,0.1,0.5,0.2,0.3,0.4,9472.0,7.4,311.0,0.6,-1.4,0.004,751.0,0.2,1.0,0.1,0.1,0.001,1.21,0.19,14.68,24.9,6.7,0.0019,3,9,4,2,76.7,13,-6,7,0.1,0.006239,999999.99,99999.99,99999.99,0.2,0.12,0.08,-1,2008-01-03 19:00:00
2008,3,20,2380,51,52,60,36,1.8,1.8,-34.4,177.8,-1.5,0.1,-1.0,0.3,-0.9,0.1,0.2,0.1,0.1,0.1,9696.0,7.4,310.0,0.6,-1.4,0.003,639.0,0.2,1.0,0.1,0.1,0.001,1.2,0.28,13.12,23.4,6.7,0.0022,3,9,4,2,76.7,10,-4,6,0.1,0.006239,999999.99,99999.99,99999.99,0.23,0.14,0.11,-1,2008-01-03 20:00:00
2008,3,21,2380,51,52,59,34,2.4,2.4,-23.8,176.5,-2.2,0.1,-1.0,0.4,-0.9,0.1,0.2,0.1,0.2,0.1,10071.0,6.6,306.0,0.4,-0.9,0.004,362.0,0.2,1.0,0.1,0.1,0.0,1.05,0.28,6.6,16.4,6.3,0.0044,7,9,4,3,76.7,13,-5,9,0.2,0.006239,999999.99,99999.99,99999.99,0.21,0.13,0.1,-1,2008-01-03 21:00:00
2008,3,22,2380,51,52,59,36,2.3,2.3,-23.3,184.5,-2.1,-0.2,-0.9,0.1,-0.9,0.1,0.2,0.1,0.1,0.1,9847.0,6.9,304.0,0.4,-0.9,0.004,563.0,0.2,1.0,0.1,0.1,0.0,1.08,0.27,7.5,17.4,6.4,0.0039,7,9,3,3,76.7,9,-2,7,0.1,0.006239,999999.99,99999.99,99999.99,0.25,0.13,0.11,-1,2008-01-03 22:00:00
2008,3,23,2380,51,52,59,34,2.2,2.1,-16.6,190.2,-2.0,-0.4,-0.6,-0.2,-0.7,0.1,0.3,0.1,0.3,0.1,9659.0,7.4,300.0,0.4,-0.9,0.004,605.0,0.2,2.0,0.9,0.1,0.0,1.13,0.21,8.78,18.5,6.3,0.0035,7,9,3,3,76.7,8,-3,5,0.0,0.006239,999999.99,99999.99,99999.99,0.22,0.12,0.09,-1,2008-01-03 23:00:00
2008,4,0,2380,51,52,60,37,1.9,1.9,-4.6,192.5,-1.8,-0.4,-0.1,-0.4,-0.2,0.1,0.3,0.1,0.1,0.3,9682.0,7.5,296.0,-0.0,-0.9,0.003,660.0,0.2,2.0,0.1,0.1,0.0,1.11,0.06,11.93,21.3,6.3,0.0026,0,12,4,0,76.4,9,-4,5,0.1,0.00633,999999.99,99999.99,99999.99,0.25,0.12,0.08,-1,2008-01-04 00:00:00
2008,4,1,2380,51,52,61,36,1.8,1.7,-0.7,196.6,-1.7,-0.5,0.0,-0.5,-0.1,0.0,0.6,0.2,0.5,0.2,10884.0,8.0,297.0,0.0,-0.7,0.002,1599.0,0.2,1.0,0.2,0.3,0.0,1.19,0.03,14.3,23.3,6.4,0.0022,0,12,6,0,76.4,7,-1,6,0.1,0.00633,999999.99,99999.99,99999.99,0.18,0.12,0.09,-1,2008-01-04 01:00:00
2008,4,2,2380,51,52,59,36,2.0,1.9,1.5,225.5,-1.3,-1.4,0.1,-1.4,-0.2,0.1,0.4,0.2,0.2,0.3,9472.0,8.5,298.0,0.6,-0.3,0.003,614.0,0.3,1.0,0.1,0.1,0.0,1.28,0.06,12.18,21.7,6.4,0.0025,0,12,9,0,76.4,8,0,8,0.1,0.00633,999999.99,99999.99,99999.99,0.17,0.11,0.08,-1,2008-01-04 02:00:00
2008,4,3,2380,51,52,60,37,2.0,2.0,-5.5,221.9,-1.5,-1.3,-0.2,-1.2,-0.4,0.1,0.2,0.1,0.1,0.1,9236.0,9.0,297.0,0.3,-0.0,0.004,312.0,0.2,0.0,0.1,0.1,0.0,1.35,0.12,12.88,22.3,6.4,0.0024,0,12,8,0,76.4,9,0,9,0.1,0.00633,999999.99,99999.99,99999.99,0.22,0.12,0.09,-1,2008-01-04 03:00:00
2008,4,4,2380,51,52,61,38,1.8,1.7,5.5,225.5,-1.2,-1.2,0.2,-1.2,0.1,0.4,0.7,0.4,0.4,0.4,11239.0,8.7,297.0,0.3,-0.1,0.003,1767.0,0.6,2.0,0.4,0.4,0.001,1.3,-0.03,15.59,24.3,6.4,0.002,0,12,6,0,76.4,7,0,8,0.0,0.00633,999999.99,99999.99,99999.99,0.2,0.09,0.07,-1,2008-01-04 04:00:00
2008,4,5,2380,51,52,60,34,1.9,1.1,-17.0,191.2,-1.0,-0.2,-0.3,-0.2,-0.3,0.2,1.6,0.6,1.4,0.4,11596.0,8.7,302.0,0.5,-0.4,0.003,701.0,0.3,1.0,0.4,0.2,0.0,1.34,0.09,14.03,23.4,6.5,0.0022,0,12,6,0,76.4,7,-1,6,-0.1,0.00633,999999.99,99999.99,99999.99,0.18,0.1,0.08,-1,2008-01-04 05:00:00
2008,4,6,2380,51,52,61,36,2.3,2.0,-29.6,118.5,-0.8,1.5,-1.0,1.5,-1.0,0.2,1.0,0.7,0.7,0.3,15246.0,7.7,303.0,0.8,-0.6,0.003,1216.0,0.3,1.0,0.5,0.2,0.0,1.19,0.3,8.7,18.3,6.3,0.0036,0,12,4,0,76.4,8,-3,6,0.1,0.00633,999999.99,99999.99,99999.99,0.26,0.17,0.12,-1,2008-01-04 06:00:00
2008,4,7,2380,51,52,61,37,2.1,2.1,-29.3,100.9,-0.3,1.8,-1.0,1.8,-1.1,0.4,0.7,0.5,0.5,0.2,12916.0,7.9,305.0,1.1,-0.7,0.003,1629.0,0.6,1.0,0.3,0.2,0.001,1.24,0.34,10.53,20.4,6.4,0.0029,0,12,4,0,76.4,14,-4,10,0.1,0.00633,999999.99,99999.99,99999.99,0.26,0.14,0.11,-1,2008-01-04 07:00:00
2008,4,8,2380,51,52,62,35,1.9,1.9,-37.2,144.3,-1.2,0.9,-1.1,0.8,-1.2,0.1,0.5,0.2,0.4,0.1,10188.0,8.8,311.0,1.4,-1.5,0.004,1184.0,0.4,2.0,0.2,0.2,0.001,1.44,0.37,14.05,24.3,6.7,0.002,0,12,4,0,76.4,47,-36,12,-0.0,0.00633,999999.99,99999.99,99999.99,0.2,0.13,0.09,-1,2008-01-04 08:00:00
2008,4,9,2380,51,52,59,33,1.6,1.5,-34.5,146.3,-1.0,0.7,-0.9,0.6,-1.0,0.1,0.4,0.3,0.3,0.1,10178.0,9.5,313.0,1.2,-1.6,0.005,661.0,0.3,2.0,0.2,0.1,0.0,1.59,0.31,21.39,30.1,6.8,0.0013,7,12,4,3,76.4,101,-85,16,0.3,0.00633,999999.99,99999.99,99999.99,0.22,0.11,0.08,-1,2008-01-04 09:00:00
2008,4,10,2380,51,52,60,37,1.7,1.7,-29.4,155.7,-1.3,0.6,-0.8,0.5,-0.9,0.1,0.4,0.2,0.3,0.2,9642.0,9.4,311.0,0.6,-1.4,0.006,554.0,0.1,1.0,0.3,0.2,0.001,1.55,0.28,18.67,28.0,6.8,0.0015,7,12,5,3,76.4,48,-39,9,0.2,0.00633,999999.99,99999.99,99999.99,0.24,0.15,0.1,-1,2008-01-04 10:00:00
2008,4,11,2380,51,52,60,36,1.6,1.6,-18.8,153.4,-1.4,0.7,-0.5,0.7,-0.6,0.1,0.3,0.2,0.3,0.1,8304.0,9.4,311.0,0.5,-0.9,0.008,271.0,0.1,1.0,0.2,0.2,0.001,1.57,0.19,20.88,29.8,6.8,0.0013,7,12,7,3,76.4,61,-52,9,0.3,0.00633,999999.99,99999.99,99999.99,0.22,0.12,0.09,-1,2008-01-04 11:00:00
2008,4,12,2380,51,52,60,37,1.7,1.7,-11.5,165.3,-1.6,0.4,-0.3,0.4,-0.3,0.0,0.1,0.1,0.0,0.1,8607.0,9.1,310.0,0.5,-0.9,0.007,393.0,0.2,0.0,0.1,0.1,0.0,1.5,0.09,17.94,27.5,6.8,0.0016,7,12,8,3,76.4,19,-2,17,0.1,0.00633,999999.99,99999.99,99999.99,0.23,0.13,0.09,-1,2008-01-04 12:00:00
2008,4,13,2380,51,52,59,32,1.6,1.6,-4.7,167.5,-1.6,0.4,-0.1,0.4,-0.1,0.0,0.2,0.0,0.1,0.1,9306.0,9.2,309.0,0.7,-0.7,0.007,817.0,0.2,1.0,0.1,0.1,0.0,1.51,0.03,20.58,29.3,6.8,0.0014,7,12,6,3,76.4,15,-4,11,0.1,0.00633,999999.99,99999.99,99999.99,0.23,0.12,0.1,-1,2008-01-04 13:00:00
2008,4,14,2380,51,52,60,37,1.9,1.9,-10.6,164.0,-1.8,0.5,-0.3,0.5,-0.3,0.1,0.2,0.1,0.1,0.1,8353.0,10.0,307.0,0.6,-0.8,0.008,264.0,0.3,1.0,0.2,0.1,0.0,1.62,0.09,15.75,25.5,6.7,0.0018,7,12,7,3,76.4,12,-5,8,0.1,0.00633,999999.99,99999.99,99999.99,0.18,0.11,0.08,-1,2008-01-04 14:00:00
2008,4,15,2380,51,52,62,38,2.6,2.6,-13.4,154.2,-2.3,1.1,-0.6,1.1,-0.6,0.2,0.3,0.2,0.1,0.2,9035.0,13.5,313.0,-0.9,-0.5,0.007,497.0,0.8,2.0,0.3,0.3,0.001,2.27,0.19,11.41,22.1,6.7,0.0024,10,12,13,4,76.4,15,-7,9,0.3,0.00633,999999.99,99999.99,99999.99,0.22,0.11,0.08,-1,2008-01-04 15:00:00
2008,4,16,2380,51,52,59,36,2.7,2.7,-4.2,157.2,-2.5,1.0,-0.2,1.0,-0.1,0.2,0.5,0.2,0.2,0.4,9349.0,12.4,311.0,-1.2,-1.2,0.004,820.0,0.5,2.0,0.2,0.2,0.002,2.03,0.03,9.74,20.3,6.6,0.0029,10,12,13,4,76.4,16,-11,6,0.2,0.00633,999999.99,99999.99,99999.99,0.21,0.11,0.09,-1,2008-01-04 16:00:00
2008,4,17,2380,51,52,59,36,2.7,2.7,-14.7,159.8,-2.4,0.9,-0.7,1.0,-0.6,0.1,0.2,0.1,0.1,0.2,8488.0,11.9,308.0,-1.4,-1.5,0.002,384.0,0.2,1.0,0.4,0.1,0.0,1.9,0.18,9.29,19.7,6.6,0.0031,10,12,14,4,76.4,19,-13,6,0.2,0.00633,999999.99,99999.99,99999.99,0.21,0.13,0.1,-1,2008-01-04 17:00:00
2008,4,18,2380,51,52,59,37,2.6,2.6,-19.7,163.2,-2.3,0.7,-0.9,0.8,-0.8,0.1,0.1,0.1,0.1,0.1,8457.0,12.2,307.0,-1.5,-1.9,0.002,286.0,0.2,1.0,0.1,0.2,0.0,1.94,0.25,10.27,20.6,6.6,0.0028,3,12,13,2,76.4,18,-11,7,0.1,0.00633,999999.99,99999.99,99999.99,0.21,0.13,0.1,-1,2008-01-04 18:00:00
2008,4,19,2380,51,52,61,37,2.6,2.6,-19.7,162.9,-2.3,0.7,-0.9,0.9,-0.7,0.1,0.3,0.1,0.2,0.2,9322.0,13.3,307.0,-1.8,-2.1,0.002,663.0,0.9,1.0,0.2,0.1,0.0,2.11,0.21,11.27,21.5,6.6,0.0026,3,12,13,2,76.4,13,-5,8,0.2,0.00633,999999.99,99999.99,99999.99,0.27,0.13,0.08,-1,2008-01-04 19:00:00
2008,4,20,2380,51,52,61,35,2.9,2.8,-23.7,149.4,-2.2,1.3,-1.1,1.5,-0.7,0.2,0.6,0.3,0.2,0.5,12578.0,18.8,314.0,-2.7,-2.5,0.001,1392.0,1.4,3.0,0.3,0.4,0.0,3.11,0.22,13.11,23.5,6.7,0.0022,3,12,16,2,76.4,13,0,12,0.3,0.00633,999999.99,99999.99,99999.99,0.19,0.13,0.09,-1,2008-01-04 20:00:00
2008,4,21,2380,51,52,60,37,2.5,2.4,2.1,162.9,-2.3,0.7,0.1,0.6,0.3,0.2,0.6,0.2,0.2,0.5,13476.0,20.0,312.0,-3.6,-3.2,0.001,548.0,0.3,1.0,0.2,0.2,0.0,3.26,-0.09,18.88,27.9,6.7,0.0015,17,12,16,6,76.4,12,0,12,0.1,0.00633,999999.99,99999.99,99999.99,0.18,0.12,0.1,-1,2008-01-04 21:00:00
2008,4,22,2380,51,52,60,36,1.8,1.8,13.7,187.9,-1.7,-0.2,0.4,-0.3,0.3,0.3,0.4,0.3,0.3,0.2,14720.0,21.3,311.0,-4.3,-3.7,0.001,1047.0,0.6,1.0,0.1,0.3,0.0,3.45,-0.09,39.13,39.9,6.8,0.0007,17,12,21,6,76.4,12,2,14,-0.1,0.00633,999999.99,99999.99,99999.99,0.2,0.11,0.07,-1,2008-01-04 22:00:00
2008,4,23,2380,51,52,65,38,3.0,2.0,-1.9,259.0,-0.4,-2.0,-0.1,-1.9,-0.7,2.1,3.0,1.5,2.3,1.0,23159.0,38.9,327.0,-6.1,-4.1,0.001,9985.0,5.6,4.0,0.9,0.6,0.0,6.97,0.23,27.24,34.0,6.9,0.001,17,12,37,6,76.4,15,8,22,0.2,0.00633,999999.99,99999.99,99999.99,0.17,0.1,0.08,-1,2008-01-04 23:00:00
2008,5,0,2380,51,52,60,36,7.9,7.0,17.3,298.5,3.2,-5.9,2.1,-6.3,0.4,1.3,3.9,0.5,1.2,3.7,18925.0,34.0,330.0,-7.6,-2.4,0.001,2418.0,3.6,2.0,0.5,0.6,0.0,6.21,-0.13,3.34,12.2,6.2,0.008,20,10,31,7,77.1,16,1,18,0.2,0.006384,999999.99,99999.99,99999.99,0.23,0.14,0.09,-1,2008-01-05 00:00:00
2008,5,1,2380,51,52,70,41,11.1,9.0,11.3,311.6,5.9,-6.6,1.8,-6.8,0.0,1.9,6.5,2.4,2.8,5.4,96538.0,15.7,359.0,-5.1,-2.0,0.017,49334.0,6.9,18.0,2.0,1.7,0.007,3.61,-0.0,1.19,6.4,4.5,0.029,20,10,21,7,77.1,22,-4,18,0.1,0.006384,999999.99,99999.99,99999.99,0.23,0.15,0.11,-1,2008-01-05 01:00:00
2008,5,2,2380,51,52,60,36,8.6,7.2,-22.9,311.1,4.3,-5.0,-2.8,-4.3,-3.8,1.6,4.9,2.4,3.0,3.1,150943.0,21.6,380.0,-3.8,-4.0,0.012,14738.0,2.4,3.0,0.9,0.8,0.002,5.46,1.44,3.39,10.3,5.2,0.0113,20,10,20,7,77.1,52,-8,44,0.6,0.006384,999999.99,99999.99,99999.99,0.19,0.11,0.07,-1,2008-01-05 02:00:00
2008,5,3,2380,51,52,57,34,10.7,9.3,36.6,295.6,3.2,-6.8,5.6,-7.7,4.3,2.0,5.6,2.0,2.5,4.5,139733.0,20.3,372.0,-6.2,-5.2,0.016,21969.0,2.6,4.0,0.9,1.1,0.004,4.99,-1.6,1.98,7.8,4.8,0.0194,30,10,10,15,77.1,112,-24,88,0.7,0.006384,999999.99,99999.99,99999.99,0.23,0.14,0.1,-1,2008-01-05 03:00:00
2008,5,4,2380,51,52,66,39,11.6,9.6,-3.7,318.3,7.1,-6.4,-0.6,-6.3,-1.4,3.7,7.4,4.0,2.5,5.7,106337.0,16.8,381.0,-6.2,-1.7,0.015,40330.0,5.5,12.0,1.3,3.7,0.006,4.32,0.53,1.22,6.7,4.7,0.0263,30,10,11,15,77.1,98,-11,86,1.0,0.006384,999999.99,99999.99,99999.99,0.19,0.12,0.09,-1,2008-01-05 04:00:00
2008,5,5,2380,51,52,61,34,14.0,13.3,-40.4,330.3,8.8,-5.0,-8.6,-4.4,-8.9,0.5,4.3,2.6,1.5,3.1,74642.0,11.9,402.0,-4.1,-1.3,0.01,20790.0,3.3,13.0,2.1,1.7,0.003,3.34,3.58,0.51,5.0,4.1,0.0485,30,10,11,15,77.1,128,-14,114,1.0,0.006384,999999.99,99999.99,99999.99,0.18,0.12,0.09,-1,2008-01-05 05:00:00
2008,5,6,2380,51,52,66,38,13.4,6.2,88.7,249.6,0.0,-0.1,6.2,-0.2,6.2,1.6,11.7,5.2,4.9,9.3,108605.0,22.9,425.0,-3.0,-1.7,0.014,19018.0,4.7,13.0,1.0,1.3,0.004,7.29,-2.63,1.26,7.6,5.3,0.0207,37,10,15,22,77.1,81,3,84,0.8,0.006384,999999.99,99999.99,99999.99,0.25,0.12,0.08,-1,2008-01-05 06:00:00
2008,5,7,2380,51,52,71,44,15.8,11.3,22.7,301.5,5.4,-8.9,4.4,-8.8,4.6,2.2,11.2,4.2,5.9,8.5,180058.0,20.5,462.0,-1.3,-2.4,0.028,77800.0,7.8,29.0,3.0,2.0,0.016,8.13,-2.13,1.05,6.6,4.8,0.0271,37,10,16,22,77.1,73,0,73,0.2,0.006384,999999.99,99999.99,99999.99,0.19,0.11,0.08,-1,2008-01-05 07:00:00
2008,5,8,2380,51,52,62,37,12.3,9.7,-35.8,326.7,6.6,-4.3,-5.7,-4.6,-5.5,1.5,7.5,2.1,1.9,6.9,375906.0,11.2,567.0,7.7,-3.4,0.079,41581.0,1.1,13.0,1.0,1.9,0.022,7.91,3.12,1.55,7.7,5.0,0.02,37,10,2,22,77.1,302,-177,124,2.2,0.006384,999999.99,99999.99,99999.99,0.2,0.1,0.08,-1,2008-01-05 08:00:00
2008,5,9,2380,51,52,60,37,8.7,8.0,20.5,303.1,4.1,-6.2,2.8,-6.0,3.3,1.3,3.4,2.0,0.9,2.6,354766.0,9.5,574.0,5.9,-3.3,0.075,43792.0,1.0,9.0,0.8,1.3,0.015,6.8,-1.89,2.52,10.2,5.7,0.0115,37,10,-17,22,77.1,626,-375,251,3.9,0.006384,999999.99,99999.99,99999.99,0.23,0.13,0.09,-1,2008-01-05 09:00:00
2008,5,10,2380,51,52,58,36,9.9,8.9,49.5,304.1,3.3,-4.8,6.8,-4.2,7.2,1.3,4.2,2.7,2.3,2.3,327182.0,8.6,560.0,7.2,-2.7,0.078,33978.0,1.0,12.0,1.0,1.0,0.014,5.91,-4.03,1.66,8.3,5.3,0.0173,37,10,-8,22,77.1,178,-60,118,0.9,0.006384,999999.99,99999.99,99999.99,0.2,0.13,0.09,-1,2008-01-05 10:00:00
2008,5,11,2380,51,52,62,36,9.0,6.1,48.2,330.3,3.5,-2.0,4.5,-1.6,4.6,2.8,7.0,3.5,3.2,5.2,303490.0,10.4,539.0,3.9,-1.7,0.065,38134.0,3.4,16.0,1.9,1.4,0.025,6.36,-2.48,2.31,9.7,5.6,0.0128,37,10,-1,22,77.1,60,-22,38,0.3,0.006384,999999.99,99999.99,99999.99,0.19,0.11,0.08,-1,2008-01-05 11:00:00
2008,5,12,2380,51,52,60,37,9.4,8.6,-34.7,10.9,7.0,1.3,-4.9,1.0,-5.0,0.6,3.8,1.6,2.5,2.3,357544.0,6.1,573.0,1.8,1.9,0.092,32989.0,0.4,6.0,0.7,0.7,0.015,4.58,2.87,1.4,7.5,5.1,0.021,37,10,-6,22,77.1,123,-85,37,1.5,0.006384,999999.99,99999.99,99999.99,0.2,0.1,0.08,-1,2008-01-05 12:00:00
2008,5,13,2380,51,52,61,37,10.4,9.7,-6.3,321.3,7.5,-6.0,-1.1,-6.0,-0.9,0.6,3.8,1.0,1.8,3.2,296658.0,6.6,581.0,2.0,1.8,0.082,22828.0,0.9,7.0,0.8,0.9,0.015,4.94,0.52,1.08,7.2,5.2,0.0231,37,10,-14,22,77.1,504,-458,45,1.8,0.006384,999999.99,99999.99,99999.99,0.23,0.12,0.08,-1,2008-01-05 13:00:00
2008,5,14,2380,51,52,62,38,10.7,9.6,-22.9,330.0,7.6,-4.4,-3.7,-4.4,-3.7,0.6,4.5,1.3,2.8,3.2,306228.0,6.7,582.0,2.6,-0.4,0.065,27636.0,0.9,14.0,2.2,1.9,0.013,4.78,2.15,1.06,7.0,5.1,0.024,37,10,-15,22,77.1,688,-532,157,3.2,0.006384,999999.99,99999.99,99999.99,0.26,0.12,0.07,-1,2008-01-05 14:00:00
2008,5,15,2380,51,52,60,34,11.3,8.8,8.7,305.9,5.1,-7.0,1.3,-7.1,1.0,0.5,6.8,2.9,2.1,5.8,366826.0,6.0,609.0,4.1,1.3,0.072,53079.0,0.6,19.0,1.5,2.7,0.014,4.79,-0.61,0.97,6.6,4.9,0.0273,30,10,-20,15,77.1,518,-384,133,3.1,0.006384,999999.99,99999.99,99999.99,0.21,0.1,0.07,-1,2008-01-05 15:00:00
2008,5,16,2380,51,52,63,38,10.3,9.4,31.2,300.9,4.1,-6.9,4.9,-7.3,4.3,0.4,3.8,2.1,2.0,2.4,382491.0,6.6,617.0,3.8,4.0,0.057,45260.0,0.4,20.0,1.3,1.7,0.009,5.15,-2.65,1.32,7.7,5.3,0.0201,30,10,-17,15,77.1,131,-41,90,0.4,0.006384,999999.99,99999.99,99999.99,0.27,0.13,0.08,-1,2008-01-05 16:00:00
2008,5,17,2380,51,52,59,37,10.7,10.0,36.3,284.3,2.0,-7.8,5.9,-8.5,4.8,0.8,3.6,2.7,1.4,2.0,443588.0,5.8,643.0,3.3,4.9,0.061,58619.0,0.6,10.0,0.7,0.8,0.01,4.98,-3.09,1.21,7.2,5.1,0.0227,30,10,-12,15,77.1,79,-47,33,0.3,0.006384,999999.99,99999.99,99999.99,0.22,0.1,0.08,-1,2008-01-05 17:00:00
2008,5,18,2380,51,52,58,35,9.3,8.1,11.4,303.5,4.4,-6.6,1.6,-6.8,0.4,0.7,4.4,1.9,2.0,3.5,428456.0,5.7,636.0,2.8,4.1,0.07,53824.0,0.8,14.0,1.0,1.7,0.016,4.93,-0.25,1.53,8.2,5.4,0.0178,37,10,-6,22,77.1,129,-78,51,0.7,0.006384,999999.99,99999.99,99999.99,0.2,0.11,0.09,-1,2008-01-05 18:00:00
2008,5,19,2380,51,52,61,36,8.2,6.5,-5.4,321.1,5.0,-4.0,-0.6,-3.8,-1.5,0.5,4.8,1.6,1.5,4.2,344549.0,4.6,634.0,2.4,2.5,0.058,55218.0,0.7,16.0,1.4,2.9,0.008,3.8,0.95,1.35,8.3,5.6,0.0173,37,10,-13,22,77.1,440,-229,211,2.2,0.006384,999999.99,99999.99,99999.99,0.19,0.1,0.07,-1,2008-01-05 19:00:00
2008,5,20,2380,51,52,62,38,7.0,6.5,-20.5,352.4,6.0,-0.8,-2.3,-0.2,-2.4,0.1,2.4,1.3,0.9,1.8,303693.0,3.1,620.0,3.3,0.1,0.052,53505.0,0.3,13.0,1.3,2.1,0.006,2.4,1.49,1.14,7.8,5.5,0.0196,37,10,-16,22,77.1,462,-325,136,3.3,0.006384,999999.99,99999.99,99999.99,0.2,0.1,0.07,-1,2008-01-05 20:00:00
2008,5,21,2380,51,52,58,36,7.1,6.1,-37.2,342.3,4.7,-1.5,-3.7,-0.4,-4.0,0.2,3.3,0.8,1.4,2.9,265186.0,3.5,631.0,2.6,-0.7,0.066,22261.0,0.3,10.0,1.3,2.3,0.005,2.94,2.52,1.14,8.3,5.9,0.0172,40,10,-25,27,77.1,437,-284,153,2.1,0.006384,999999.99,99999.99,99999.99,0.2,0.1,0.08,-1,2008-01-05 21:00:00
2008,5,22,2380,51,52,61,36,7.2,6.1,-17.4,322.4,4.6,-3.5,-1.8,-2.8,-2.8,0.2,3.6,1.8,2.3,2.1,284572.0,3.7,634.0,1.4,1.3,0.064,39022.0,0.4,19.0,2.0,2.2,0.008,3.12,1.78,1.23,8.5,5.9,0.0166,40,10,-25,27,77.1,464,-299,165,3.1,0.006384,999999.99,99999.99,99999.99,0.25,0.08,0.06,-1,2008-01-05 22:00:00
2008,5,23,2380,51,52,62,34,7.8,6.7,47.6,274.7,0.4,-4.5,5.0,-5.8,3.4,0.3,3.8,1.8,1.3,3.1,271340.0,4.9,672.0,2.5,5.6,0.05,30873.0,0.5,17.0,0.9,1.7,0.01,4.43,-2.28,1.34,9.5,6.5,0.0131,40,10,-14,27,77.1,228,-91,137,2.0,0.006384,999999.99,99999.99,99999.99,0.23,0.13,0.11,-1,2008-01-05 23:00:00
2008,6,0,2380,51,52,59,35,7.9,5.8,32.4,302.5,2.6,-4.1,3.1,-4.8,1.8,0.4,5.2,2.5,1.7,4.2,325904.0,5.3,657.0,3.5,5.3,0.055,50144.0,0.7,15.0,1.0,2.4,0.015,4.66,-1.18,1.6,9.6,6.2,0.013,27,14,-5,12,76.6,134,-27,107,0.7,0.00639,999999.99,99999.99,99999.99,0.19,0.12,0.09,-1,2008-01-06 00:00:00
2008,6,1,2380,51,52,57,36,8.6,8.1,12.8,334.4,7.2,-3.4,1.8,-3.8,0.8,0.5,2.5,1.0,1.4,1.8,346639.0,4.4,627.0,4.2,5.9,0.063,35964.0,0.3,12.0,1.1,1.2,0.009,3.62,-0.5,1.18,7.6,5.4,0.0203,27,14,-6,12,76.6,75,-14,61,0.1,0.00639,999999.99,99999.99,99999.99,0.23,0.1,0.07,-1,2008-01-06 01:00:00
2008,6,2,2380,51,52,59,36,8.4,7.5,-25.4,331.1,6.0,-3.3,-3.2,-2.5,-3.9,0.7,3.4,1.2,2.1,2.4,360121.0,4.1,622.0,4.4,1.9,0.097,48479.0,0.4,10.0,1.6,1.9,0.02,3.68,2.43,1.18,7.5,5.3,0.0212,27,14,-9,12,76.6,132,-33,99,0.6,0.00639,999999.99,99999.99,99999.99,0.26,0.13,0.09,-1,2008-01-06 02:00:00
2008,6,3,2380,51,52,61,36,8.8,6.9,-10.0,328.3,5.8,-3.6,-1.2,-3.3,-1.8,0.6,5.2,2.1,1.8,4.4,403417.0,5.0,625.0,5.1,3.7,0.07,46888.0,0.5,13.0,1.2,3.0,0.017,4.17,1.12,1.43,7.9,5.3,0.0189,37,14,-15,22,76.6,203,-97,107,1.4,0.00639,999999.99,99999.99,99999.99,0.17,0.1,0.07,-1,2008-01-06 03:00:00
2008,6,4,2380,51,52,60,36,8.6,7.1,1.0,317.0,5.2,-4.9,0.1,-4.9,-0.6,0.6,4.7,2.6,1.4,3.6,330049.0,5.2,618.0,5.6,3.6,0.058,38401.0,0.9,21.0,1.2,2.4,0.018,4.09,0.37,1.34,8.2,5.6,0.0177,37,14,-18,22,76.6,230,-72,158,1.6,0.00639,999999.99,99999.99,99999.99,0.19,0.1,0.08,-1,2008-01-06 04:00:00
2008,6,5,2380,51,52,60,36,9.4,7.9,20.3,317.0,5.4,-5.0,2.7,-5.2,2.3,0.9,4.9,2.5,2.0,3.7,298649.0,5.1,608.0,5.9,3.8,0.048,34808.0,0.5,14.0,2.0,2.3,0.01,3.75,-1.4,1.03,7.3,5.3,0.0223,37,14,-16,22,76.6,208,-79,129,1.9,0.00639,999999.99,99999.99,99999.99,0.2,0.11,0.08,-1,2008-01-06 05:00:00
2008,6,6,2380,51,52,62,36,6.8,4.9,2.4,332.4,4.4,-2.3,0.2,-2.3,0.1,2.4,5.1,2.1,2.3,4.0,248095.0,3.1,629.0,3.2,1.5,0.051,59077.0,1.0,30.0,1.9,2.7,0.006,2.47,-0.06,1.05,8.1,5.9,0.0179,30,14,-18,15,76.6,143,-25,117,0.8,0.00639,999999.99,99999.99,99999.99,0.24,0.13,0.08,-1,2008-01-06 06:00:00
2008,6,7,2380,51,52,60,33,5.3,4.3,16.9,333.8,3.7,-1.8,1.3,-1.8,1.3,0.1,2.8,0.8,1.3,2.4,212797.0,2.3,641.0,1.3,0.8,0.052,27085.0,0.2,13.0,1.7,2.9,0.006,1.91,-0.83,1.16,9.2,6.5,0.0141,30,14,-22,15,76.6,77,-48,29,0.4,0.00639,999999.99,99999.99,99999.99,0.16,0.1,0.07,-1,2008-01-06 07:00:00
2008,6,8,2380,51,52,61,35,5.3,4.2,-50.5,319.0,2.0,-1.7,-3.2,-1.8,-3.1,0.2,3.0,1.7,1.6,1.9,229300.0,2.4,655.0,1.7,-4.0,0.053,20534.0,0.2,21.0,1.6,2.0,0.008,2.08,2.03,1.27,9.6,6.6,0.013,30,14,-23,15,76.6,352,-276,75,1.8,0.00639,999999.99,99999.99,99999.99,0.2,0.12,0.09,-1,2008-01-06 08:00:00
2008,6,9,2380,51,52,58,36,5.4,4.7,4.4,321.7,3.7,-2.9,0.4,-2.9,0.6,0.1,2.3,0.7,1.1,1.9,212847.0,2.4,622.0,0.2,-0.4,0.047,20533.0,0.2,10.0,1.3,2.1,0.004,1.84,-0.37,1.17,8.9,6.3,0.0149,23,14,-29,9,76.6,281,-175,106,1.4,0.00639,999999.99,99999.99,99999.99,0.23,0.09,0.08,-1,2008-01-06 09:00:00
2008,6,10,2380,51,52,61,37,5.5,3.9,5.6,317.4,2.9,-2.6,0.4,-2.6,0.6,0.2,3.7,0.8,1.5,3.3,214954.0,2.7,633.0,0.7,-0.6,0.042,31699.0,0.2,10.0,1.6,3.2,0.004,2.11,-0.38,1.27,9.5,6.5,0.0133,23,14,-26,9,76.6,171,-85,86,1.3,0.00639,999999.99,99999.99,99999.99,0.16,0.1,0.08,-1,2008-01-06 10:00:00
2008,6,11,2380,51,52,60,34,5.5,4.8,68.4,305.0,1.0,-1.4,4.4,-1.1,4.5,0.3,2.4,1.8,1.4,0.9,214880.0,2.8,649.0,1.4,1.9,0.038,19677.0,0.2,15.0,1.1,0.9,0.003,2.27,-2.92,1.32,9.9,6.7,0.0122,23,14,-20,9,76.6,130,-57,73,0.2,0.00639,999999.99,99999.99,99999.99,0.19,0.13,0.08,-1,2008-01-06 11:00:00
2008,6,12,2380,51,52,60,34,4.9,3.0,9.2,1.3,2.9,0.1,0.5,0.1,0.5,0.1,3.7,1.2,2.2,2.7,221433.0,2.9,635.0,2.7,-1.4,0.036,19824.0,0.2,13.0,2.2,3.0,0.004,2.23,-0.32,1.76,11.0,7.0,0.0098,30,14,-16,15,76.6,133,-86,47,0.9,0.00639,999999.99,99999.99,99999.99,0.18,0.1,0.08,-1,2008-01-06 12:00:00
2008,6,13,2380,51,52,61,38,4.5,2.9,-21.6,313.7,1.8,-1.9,-1.1,-1.9,-1.1,0.3,3.4,1.4,1.4,2.7,212582.0,2.8,645.0,0.2,-2.6,0.036,16783.0,0.1,16.0,1.4,2.4,0.004,2.23,0.71,1.96,12.0,7.3,0.0083,30,14,-16,15,76.6,362,-332,31,1.8,0.00639,999999.99,99999.99,99999.99,0.21,0.09,0.07,-1,2008-01-06 13:00:00
2008,6,14,2380,51,52,60,37,3.9,2.4,-4.2,298.4,1.2,-2.1,-0.2,-2.1,-0.2,0.3,2.8,1.1,1.0,2.4,236261.0,2.8,655.0,0.2,-1.6,0.039,21092.0,0.2,10.0,0.9,2.0,0.003,2.32,0.13,2.79,14.1,7.6,0.006,30,14,-16,15,76.6,428,-369,60,2.0,0.00639,999999.99,99999.99,99999.99,0.18,0.09,0.06,-1,2008-01-06 14:00:00
2008,6,15,2380,51,52,59,34,4.6,3.7,-35.4,277.8,0.4,-3.0,-2.1,-2.9,-2.3,0.3,2.6,1.9,1.1,1.4,207566.0,2.7,658.0,-0.8,-2.8,0.035,22407.0,0.2,20.0,0.9,1.2,0.003,2.23,1.51,1.78,11.8,7.4,0.0086,37,14,-20,22,76.6,385,-276,109,2.8,0.00639,999999.99,99999.99,99999.99,0.16,0.09,0.06,-1,2008-01-06 15:00:00
2008,6,16,2380,51,52,60,37,4.0,2.2,-44.6,318.4,1.2,-1.0,-1.5,-0.8,-1.6,0.5,3.2,1.1,2.0,2.1,216782.0,2.7,651.0,0.9,-2.2,0.038,15068.0,0.2,11.0,1.8,1.8,0.004,2.2,1.04,2.42,13.4,7.6,0.0067,37,14,-22,22,76.6,554,-440,114,2.7,0.00639,999999.99,99999.99,99999.99,0.18,0.11,0.08,-1,2008-01-06 16:00:00
2008,6,17,2380,51,52,60,37,4.1,2.5,-9.0,358.5,2.4,-0.1,-0.4,0.0,-0.4,0.4,3.1,0.8,1.9,2.3,215712.0,2.6,639.0,1.7,-1.1,0.042,19765.0,0.2,9.0,1.6,2.0,0.004,2.07,0.26,2.21,12.6,7.4,0.0075,37,14,-21,22,76.6,294,-221,73,1.4,0.00639,999999.99,99999.99,99999.99,0.2,0.11,0.08,-1,2008-01-06 17:00:00
2008,6,18,2380,51,52,59,36,4.1,3.6,-28.7,354.8,3.1,-0.3,-1.7,0.0,-1.7,0.1,1.8,0.7,1.4,1.0,196101.0,2.4,629.0,1.6,-3.0,0.041,22424.0,0.2,10.0,1.6,1.0,0.003,1.85,1.07,1.93,11.9,7.3,0.0084,37,14,-19,22,76.6,321,-241,80,1.6,0.00639,999999.99,99999.99,99999.99,0.21,0.11,0.09,-1,2008-01-06 18:00:00
2008,6,19,2380,51,52,59,36,4.3,3.7,-18.0,12.6,3.4,0.8,-1.1,1.0,-0.9,0.3,2.1,0.9,1.5,1.2,170936.0,2.3,622.0,2.9,-2.8,0.04,14208.0,0.1,10.0,1.8,1.4,0.006,1.72,0.56,1.55,11.0,7.2,0.0099,37,14,-19,22,76.6,284,-213,70,2.1,0.00639,999999.99,99999.99,99999.99,0.18,0.1,0.07,-1,2008-01-06 19:00:00
2008,6,20,2380,51,52,61,37,4.6,4.2,5.6,353.6,4.1,-0.5,0.4,-0.6,0.3,0.1,1.9,0.5,1.5,1.0,181667.0,2.3,610.0,1.3,-0.6,0.036,22310.0,0.1,5.0,2.3,1.7,0.003,1.64,-0.18,1.4,10.1,6.8,0.0118,37,14,-18,22,76.6,243,-151,92,1.6,0.00639,999999.99,99999.99,99999.99,0.22,0.14,0.09,-1,2008-01-06 20:00:00
2008,6,21,2380,51,52,61,36,4.7,3.9,-14.1,322.9,3.0,-2.3,-1.0,-1.9,-1.6,0.1,2.4,0.8,1.0,2.0,164999.0,2.0,618.0,-1.4,-2.8,0.042,28091.0,0.3,13.0,1.4,2.7,0.007,1.49,0.99,1.1,9.3,6.6,0.0138,33,14,-21,18,76.6,502,-388,114,3.2,0.00639,999999.99,99999.99,99999.99,0.18,0.08,0.07,-1,2008-01-06 21:00:00
2008,6,22,2380,51,52,59,37,4.7,3.8,-49.4,16.5,2.3,0.7,-2.9,1.5,-2.6,0.1,2.7,1.5,1.4,1.7,196040.0,2.0,634.0,2.5,-4.8,0.043,33279.0,0.3,23.0,2.1,2.1,0.005,1.57,1.65,1.22,9.5,6.7,0.0131,33,14,-23,18,76.6,402,-326,76,4.1,0.00639,999999.99,99999.99,99999.99,0.24,0.13,0.09,-1,2008-01-06 22:00:00
2008,6,23,2380,51,52,62,34,4.8,3.5,17.7,311.2,2.2,-2.5,1.1,-2.7,0.3,0.2,3.1,0.8,1.2,2.7,216542.0,1.7,635.0,-1.2,-0.3,0.032,35883.0,0.3,14.0,1.1,3.2,0.006,1.29,-0.19,1.06,8.6,6.2,0.016,33,14,-25,18,76.6,249,-190,60,1.5,0.00639,999999.99,99999.99,99999.99,0.17,0.09,0.07,-1,2008-01-06 23:00:00
2008,7,0,2380,51,52,59,32,4.8,3.2,-44.4,332.8,2.0,-1.0,-2.2,-0.3,-2.4,0.8,3.5,1.0,2.6,2.1,286982.0,1.9,649.0,1.2,-4.3,0.014,41646.0,0.1,13.0,2.6,2.2,0.0,1.41,1.56,1.42,9.3,6.2,0.0137,40,14,-21,27,75.2,200,-78,122,0.9,0.006329,999999.99,99999.99,99999.99,0.19,0.09,0.07,-1,2008-01-07 00:00:00
2008,7,1,2380,51,52,62,35,5.2,4.2,-49.3,18.5,2.6,0.9,-3.2,1.7,-2.8,0.1,2.9,1.2,2.4,1.1,272114.0,1.8,644.0,2.8,-5.3,0.017,39673.0,0.2,20.0,2.8,1.4,0.0,1.33,1.8,1.11,8.3,5.9,0.0172,40,14,-22,27,75.2,412,-270,141,2.9,0.006329,999999.99,99999.99,99999.99,0.23,0.11,0.08,-1,2008-01-07 01:00:00
2008,7,2,2380,51,52,58,28,4.8,3.1,-34.0,21.3,2.4,0.9,-1.7,1.3,-1.4,0.3,3.5,1.5,2.7,1.7,278689.0,1.6,656.0,3.4,-3.3,0.019,59890.0,0.4,31.0,3.0,1.9,0.0,1.24,0.92,1.18,8.6,6.1,0.0159,40,14,-26,27,75.2,394,-295,98,3.7,0.006329,999999.99,99999.99,99999.99,0.19,0.1,0.09,-1,2008-01-07 02:00:00
2008,7,3,2380,51,52,62,31,4.7,3.5,-15.4,2.5,3.4,0.1,-0.9,0.3,-0.9,0.2,3.0,1.1,2.1,1.8,296493.0,1.4,633.0,3.2,-2.3,9.999,68233.0,0.3,26.0,2.8,3.1,9.999,1.12,0.57,1.12,8.0,5.7,0.0187,37,14,-30,22,75.2,251,-164,87,2.1,0.006329,999999.99,99999.99,99999.99,0.17,0.09,0.08,-1,2008-01-07 03:00:00
2008,7,4,2380,51,52,62,26,4.5,2.9,0.8,22.1,2.7,1.1,0.0,1.1,0.2,0.3,3.2,1.1,2.2,2.0,329572.0,1.6,652.0,4.7,-0.6,9.999,78908.0,0.3,23.0,2.6,2.6,9.999,1.36,-0.13,1.51,9.2,6.0,0.0142,37,14,-24,22,75.2,197,-117,81,1.7,0.006329,999999.99,99999.99,99999.99,0.22,0.11,0.08,-1,2008-01-07 04:00:00
2008,7,5,2380,51,52,59,36,4.8,4.2,-28.2,283.5,0.9,-3.6,-2.0,-3.4,-2.3,0.2,2.0,1.0,1.2,1.3,335553.0,1.7,684.0,-1.7,-3.8,0.019,37203.0,0.1,17.0,1.5,1.8,0.0,1.43,1.57,1.42,9.3,6.2,0.0138,37,14,-26,22,75.2,255,-172,83,2.8,0.006329,999999.99,99999.99,99999.99,0.18,0.1,0.07,-1,2008-01-07 05:00:00
2008,7,6,2380,51,52,58,29,4.8,3.5,-10.0,311.2,2.3,-2.6,-0.6,-2.6,-0.7,0.2,3.0,1.2,1.9,1.9,342954.0,1.7,668.0,-0.8,-2.0,9.999,56744.0,0.1,17.0,1.9,2.8,9.999,1.52,0.47,1.45,9.1,6.0,0.0145,23,14,-28,9,75.2,222,-103,119,2.1,0.006329,999999.99,99999.99,99999.99,0.18,0.1,0.08,-1,2008-01-07 06:00:00
2008,7,7,2380,51,52,60,31,4.9,4.2,9.9,31.6,3.5,2.2,0.7,2.2,0.7,0.4,2.4,1.0,1.6,1.4,309811.0,1.7,656.0,5.7,-0.6,9.999,55596.0,0.3,19.0,2.1,2.2,9.999,1.46,-0.46,1.29,8.7,6.0,0.0156,23,14,-27,9,75.2,78,-15,62,1.4,0.006329,999999.99,99999.99,99999.99,0.21,0.1,0.08,-1,2008-01-07 07:00:00
2008,7,8,2380,51,52,60,33,5.3,4.2,-32.3,303.2,2.0,-3.0,-2.3,-3.1,-2.2,0.2,3.0,1.3,1.2,2.3,299460.0,1.6,680.0,-0.4,-4.4,0.023,56453.0,0.2,20.0,1.6,2.6,0.003,1.35,1.5,1.01,8.1,5.9,0.0181,23,14,-24,9,75.2,154,-115,39,1.5,0.006329,999999.99,99999.99,99999.99,0.2,0.1,0.07,-1,2008-01-07 08:00:00
2008,7,9,2380,51,52,62,37,5.0,4.4,29.0,327.1,3.2,-2.1,2.1,-2.0,2.2,0.5,2.3,1.0,1.5,1.4,264532.0,1.4,652.0,0.1,1.1,0.02,66424.0,0.2,17.0,1.7,2.1,0.01,1.07,-1.43,0.92,7.7,5.8,0.02,30,14,-22,15,75.2,78,-46,32,0.1,0.006329,999999.99,99999.99,99999.99,0.18,0.1,0.07,-1,2008-01-07 09:00:00
2008,7,10,2380,51,52,57,27,4.3,2.4,-8.5,18.0,2.3,0.7,-0.4,0.7,-0.4,0.2,3.3,1.8,2.2,1.6,324814.0,1.3,675.0,4.5,-2.0,0.025,99900.0,0.2,39.0,3.4,2.6,0.0,1.09,0.27,1.33,8.9,6.1,0.0149,30,14,-23,15,75.2,51,-40,11,0.7,0.006329,999999.99,99999.99,99999.99,0.16,0.09,0.07,-1,2008-01-07 10:00:00
2008,7,11,2380,51,52,62,28,4.6,3.3,-45.1,347.3,2.3,-0.5,-2.3,-0.6,-2.3,0.2,3.0,1.4,1.9,1.9,316615.0,1.4,683.0,1.9,-5.4,0.019,56384.0,0.2,29.0,2.8,2.4,0.011,1.17,1.57,1.22,8.8,6.1,0.0154,30,14,-22,15,75.2,441,-404,37,1.9,0.006329,999999.99,99999.99,99999.99,0.18,0.08,0.06,-1,2008-01-07 11:00:00
2008,7,12,2380,51,52,63,32,4.7,3.0,-25.4,327.2,2.3,-1.5,-1.3,-1.6,-1.2,0.1,3.3,1.7,2.3,1.7,312192.0,1.3,685.0,0.0,-3.6,0.03,82122.0,0.2,36.0,2.7,2.7,0.002,1.14,0.82,1.08,8.3,6.0,0.0172,30,14,-20,15,75.2,475,-435,40,2.8,0.006329,999999.99,99999.99,99999.99,0.19,0.09,0.06,-1,2008-01-07 12:00:00
2008,7,13,2380,51,52,59,33,4.8,4.0,25.5,282.7,0.8,-3.5,1.7,-3.5,1.8,0.1,2.3,1.7,0.9,1.3,259280.0,1.2,711.0,-2.1,0.7,0.027,58276.0,0.2,34.0,1.4,1.8,0.0,1.12,-1.28,0.84,8.1,6.2,0.0181,30,14,-25,15,75.2,211,-169,42,1.0,0.006329,999999.99,99999.99,99999.99,0.19,0.1,0.07,-1,2008-01-07 13:00:00
2008,7,14,2380,51,52,59,30,4.7,4.3,25.2,309.9,2.5,-3.0,1.8,-3.0,1.7,0.1,1.6,0.9,0.7,1.1,267135.0,1.2,683.0,-1.6,1.1,0.028,55541.0,0.2,22.0,1.3,1.9,0.002,1.04,-1.16,0.89,8.0,6.0,0.0188,30,14,-22,15,75.2,64,-28,36,0.4,0.006329,999999.99,99999.99,99999.99,0.21,0.09,0.07,-1,2008-01-07 14:00:00
2008,7,15,2380,51,52,60,34,4.6,3.8,25.7,318.8,2.6,-2.2,1.6,-2.3,1.5,0.2,2.5,1.5,1.6,1.2,297783.0,1.2,680.0,0.1,1.0,0.028,36349.0,0.1,29.0,2.4,2.0,0.002,1.03,-1.02,1.01,8.1,5.9,0.0181,13,14,-20,5,75.2,55,-35,20,0.4,0.006329,999999.99,99999.99,99999.99,0.17,0.11,0.08,-1,2008-01-07 15:00:00
2008,7,16,2380,51,52,59,35,4.6,4.4,27.1,314.2,2.7,-2.8,2.0,-3.0,1.7,0.1,1.1,0.7,0.6,0.7,260508.0,1.2,676.0,-1.5,1.6,0.027,36585.0,0.1,13.0,1.0,0.9,0.0,1.01,-1.15,0.92,8.0,6.0,0.0184,13,14,-19,5,75.2,57,-50,6,0.3,0.006329,999999.99,99999.99,99999.99,0.19,0.1,0.07,-1,2008-01-07 16:00:00
2008,7,17,2380,51,52,64,39,4.7,4.2,36.3,303.6,1.9,-2.8,2.5,-3.1,2.0,0.1,1.8,1.7,0.6,0.6,248075.0,1.1,684.0,-0.9,2.0,0.034,43061.0,0.1,29.0,0.7,0.7,0.0,0.98,-1.37,0.78,7.6,5.9,0.0204,13,14,-17,5,75.2,26,-20,6,0.1,0.006329,999999.99,99999.99,99999.99,0.19,0.11,0.09,-1,2008-01-07 17:00:00
2008,7,18,2380,51,52,37,18,4.0,2.0,34.3,313.8,1.1,-1.2,1.1,-1.4,0.8,0.5,3.5,2.1,2.3,1.5,282815.0,1.3,707.0,1.2,-0.2,0.029,48212.0,0.1,30.0,2.8,1.8,0.002,1.21,-0.57,1.39,10.1,6.8,0.0117,13,14,-16,5,75.2,39,-27,12,0.4,0.006329,999999.99,99999.99,99999.99,0.21,0.11,0.08,-1,2008-01-07 18:00:00
2008,7,19,2380,51,52,27,6,4.3,4.2,17.9,301.0,2.0,-3.4,1.3,-3.6,0.5,0.1,0.8,0.5,0.4,0.4,236253.0,1.2,668.0,-2.0,0.3,9.999,20141.0,0.0,9.0,0.4,0.5,9.999,1.07,-0.33,0.98,8.5,6.3,0.0164,13,14,-17,5,75.2,43,-32,11,0.5,0.006329,999999.99,99999.99,99999.99,0.19,0.1,0.08,-1,2008-01-07 19:00:00
2008,7,20,2380,51,52,58,34,4.2,3.9,18.2,300.0,1.9,-3.2,1.2,-3.4,0.3,0.2,1.3,0.9,0.7,0.6,252137.0,1.3,657.0,-2.2,-0.0,0.022,48814.0,0.2,17.0,0.6,0.7,0.001,1.02,-0.2,1.17,8.9,6.3,0.015,13,14,-18,5,75.2,45,-32,12,0.5,0.006329,999999.99,99999.99,99999.99,0.17,0.09,0.07,-1,2008-01-07 20:00:00
2008,7,21,2380,51,52,61,33,4.5,3.1,-27.8,309.8,1.7,-2.1,-1.4,-1.6,-2.0,0.2,3.0,1.2,2.3,1.6,239639.0,1.4,653.0,-1.4,-3.8,9.999,37972.0,0.2,23.0,3.2,2.9,9.999,1.19,1.31,1.06,8.6,6.2,0.0161,27,14,-19,12,75.2,90,-55,35,1.0,0.006329,999999.99,99999.99,99999.99,0.16,0.1,0.07,-1,2008-01-07 21:00:00
2008,7,22,2380,51,52,57,35,4.6,4.1,-1.7,330.7,3.5,-2.0,-0.1,-1.9,-0.7,0.1,2.1,1.1,1.1,1.4,197318.0,1.2,609.0,-1.1,-1.8,9.999,38265.0,0.2,24.0,1.8,2.4,9.999,0.89,0.43,0.77,7.3,5.6,0.0226,27,14,-20,12,75.2,193,-130,63,1.5,0.006329,999999.99,99999.99,99999.99,0.21,0.1,0.08,-1,2008-01-07 22:00:00
2008,7,23,2380,51,52,59,34,4.6,4.3,1.6,341.1,4.0,-1.4,0.1,-1.4,-0.3,0.1,1.4,0.5,0.9,1.0,186608.0,1.1,591.0,-0.0,-1.4,9.999,31793.0,0.2,10.0,1.5,1.9,9.999,0.77,0.18,0.68,6.7,5.3,0.0262,27,14,-17,12,75.2,87,-28,59,0.5,0.006329,999999.99,99999.99,99999.99,0.2,0.1,0.07,-1,2008-01-07 23:00:00
2008,8,0,2380,51,52,61,35,4.6,4.3,0.8,336.4,3.9,-1.7,0.1,-1.7,-0.4,0.1,1.4,0.6,0.7,1.0,190153.0,1.1,588.0,-0.8,-1.3,9.999,32633.0,0.1,7.0,1.3,1.5,9.999,0.76,0.24,0.69,6.7,5.3,0.0265,23,11,-15,9,73.0,44,-29,15,0.4,0.006315,999999.99,99999.99,99999.99,0.2,0.09,0.07,-1,2008-01-08 00:00:00
2008,8,1,2380,51,52,58,32,4.4,4.2,-0.3,343.9,4.0,-1.2,0.0,-1.2,-0.3,0.1,1.3,0.5,1.0,0.7,186394.0,1.1,581.0,0.6,-1.6,0.016,51204.0,0.2,10.0,2.1,1.5,0.0,0.66,0.17,0.74,6.9,5.4,0.0248,23,11,-15,9,73.0,55,-24,31,0.7,0.006315,999999.99,99999.99,99999.99,0.23,0.09,0.06,-1,2008-01-08 01:00:00
2008,8,2,2380,51,52,66,39,4.3,3.8,9.1,317.7,2.8,-2.5,0.6,-2.6,0.0,0.1,2.0,1.4,1.3,0.6,169326.0,1.2,596.0,-1.7,-0.9,9.999,24653.0,0.2,23.0,2.0,1.1,9.999,0.85,-0.0,0.8,7.6,5.8,0.0206,23,11,-16,9,73.0,79,-46,33,1.0,0.006315,999999.99,99999.99,99999.99,0.17,0.09,0.07,-1,2008-01-08 02:00:00
2008,8,3,2380,51,52,58,30,4.5,3.5,7.8,295.9,1.5,-3.1,0.5,-3.1,-0.1,0.1,2.6,0.9,0.7,2.4,224457.0,1.4,632.0,-2.3,-1.1,0.015,47301.0,0.1,15.0,1.4,3.5,0.0,0.99,0.06,1.01,8.3,6.1,0.0172,30,11,-15,15,73.0,71,-14,57,0.9,0.006315,999999.99,99999.99,99999.99,0.16,0.09,0.07,-1,2008-01-08 03:00:00
2008,8,4,2380,51,52,62,34,4.3,2.6,-38.2,328.5,1.7,-1.1,-1.6,-0.8,-1.7,0.2,3.3,1.2,2.1,2.3,246089.0,1.4,641.0,1.5,-3.6,0.025,45181.0,0.2,21.0,2.9,3.1,0.004,1.06,1.09,1.18,8.8,6.2,0.0153,30,11,-16,15,73.0,121,-43,78,1.0,0.006315,999999.99,99999.99,99999.99,0.19,0.08,0.06,-1,2008-01-08 04:00:00
2008,8,5,2380,51,52,58,29,4.3,3.8,-18.7,299.3,1.8,-3.1,-1.2,-3.0,-1.5,0.2,1.9,1.1,1.1,1.2,257143.0,1.4,640.0,-1.2,-3.7,9.999,33706.0,0.1,19.0,1.2,1.7,9.999,1.15,0.96,1.21,8.8,6.2,0.0153,30,11,-14,15,73.0,218,-97,120,2.3,0.006315,999999.99,99999.99,99999.99,0.2,0.09,0.06,-1,2008-01-08 05:00:00
2008,8,6,2380,51,52,61,36,4.3,2.2,26.3,334.3,1.8,-0.9,1.0,-0.9,1.0,0.2,3.5,1.6,1.4,2.9,256733.0,1.3,642.0,2.0,-0.4,9.999,43754.0,0.2,32.0,2.2,3.9,9.999,1.07,-0.64,1.13,8.5,6.1,0.0164,27,11,-15,12,73.0,141,-15,125,1.2,0.006315,999999.99,99999.99,99999.99,0.18,0.08,0.06,-1,2008-01-08 06:00:00
2008,8,7,2380,51,52,62,35,4.4,3.3,-4.1,293.6,1.3,-3.0,-0.2,-3.0,-0.2,0.2,2.7,0.8,1.2,2.3,246048.0,1.4,655.0,-1.1,-1.4,9.999,34877.0,0.1,13.0,1.6,3.1,9.999,1.2,0.13,1.13,8.8,6.3,0.0153,27,11,-13,12,73.0,77,-27,49,0.6,0.006315,999999.99,99999.99,99999.99,0.19,0.11,0.08,-1,2008-01-08 07:00:00
2008,8,8,2380,51,52,58,34,4.3,3.1,-41.9,346.3,2.2,-0.5,-2.0,-0.6,-2.0,0.3,2.9,1.3,1.8,1.9,235037.0,1.4,641.0,2.0,-3.7,0.011,37954.0,0.1,24.0,2.4,2.8,0.0,1.0,1.28,1.14,8.8,6.3,0.0153,27,11,-17,12,73.0,231,-183,48,1.6,0.006315,999999.99,99999.99,99999.99,0.18,0.09,0.06,-1,2008-01-08 08:00:00
2008,8,9,2380,51,52,59,31,4.3,3.4,-16.7,18.5,3.1,1.0,-1.0,0.9,-1.1,0.2,2.5,0.7,1.5,1.8,221612.0,1.3,629.0,4.0,-2.6,9.999,41803.0,0.1,14.0,2.7,2.6,9.999,1.03,0.69,1.02,8.3,6.1,0.0171,30,11,-22,15,73.0,380,-346,34,3.7,0.006315,999999.99,99999.99,99999.99,0.19,0.09,0.07,-1,2008-01-08 09:00:00
2008,8,10,2380,51,52,58,34,4.2,3.7,6.9,11.4,3.6,0.7,0.4,0.7,0.4,0.1,1.8,0.5,0.8,1.5,210306.0,1.2,613.0,3.9,-0.4,9.999,46499.0,0.2,14.0,1.4,2.4,9.999,0.9,-0.25,0.96,8.0,5.9,0.0186,30,11,-25,15,73.0,136,-106,30,1.4,0.006315,999999.99,99999.99,99999.99,0.18,0.09,0.07,-1,2008-01-08 10:00:00
2008,8,11,2380,51,52,61,35,4.3,3.2,7.1,299.9,1.6,-2.7,0.4,-2.7,0.5,0.1,2.7,1.0,1.4,2.1,219354.0,1.3,642.0,-1.3,-0.5,9.999,32074.0,0.2,17.0,1.7,3.3,9.999,1.07,-0.32,1.02,8.5,6.2,0.0164,30,11,-20,15,73.0,196,-157,39,1.2,0.006315,999999.99,99999.99,99999.99,0.19,0.11,0.08,-1,2008-01-08 11:00:00
2008,8,12,2380,51,52,61,38,4.4,3.7,34.8,300.6,1.6,-2.6,2.1,-2.5,2.2,0.1,2.2,1.3,0.9,1.5,211587.0,1.4,638.0,-1.0,1.7,0.021,26824.0,0.1,20.0,1.3,2.1,0.0,1.03,-1.4,1.02,8.6,6.2,0.0162,23,11,-17,9,73.0,161,-131,30,0.6,0.006315,999999.99,99999.99,99999.99,0.19,0.11,0.08,-1,2008-01-08 12:00:00
2008,8,13,2380,51,52,60,33,4.4,3.1,18.6,320.5,2.3,-1.9,1.0,-1.9,1.0,0.3,2.9,0.9,1.4,2.4,207131.0,1.3,624.0,-0.3,0.1,0.027,46402.0,0.2,17.0,2.0,3.6,0.002,0.94,-0.62,0.94,8.1,6.0,0.0182,23,11,-18,9,73.0,41,-19,22,0.6,0.006315,999999.99,99999.99,99999.99,0.16,0.09,0.06,-1,2008-01-08 13:00:00
2008,8,14,2380,51,52,55,32,4.5,3.8,-6.0,337.5,3.5,-1.4,-0.4,-1.4,-0.4,0.2,2.3,1.0,1.0,1.8,162485.0,1.2,595.0,-0.4,-2.2,9.999,40980.0,0.2,26.0,1.9,3.0,9.999,0.85,0.24,0.72,7.2,5.7,0.0227,23,11,-24,9,73.0,90,-72,19,0.6,0.006315,999999.99,99999.99,99999.99,0.18,0.09,0.07,-1,2008-01-08 14:00:00
2008,8,15,2380,51,52,61,34,4.8,4.2,37.8,342.0,3.1,-1.0,2.6,-1.2,2.5,0.1,2.1,1.0,0.9,1.6,171306.0,1.2,595.0,-0.0,2.8,0.021,38183.0,0.2,20.0,1.8,3.0,0.0,0.77,-1.49,0.65,6.8,5.4,0.0258,37,11,-25,22,73.0,111,-91,20,0.8,0.006315,999999.99,99999.99,99999.99,0.17,0.09,0.06,-1,2008-01-08 15:00:00
2008,8,16,2380,51,52,62,34,5.1,4.7,-11.6,326.5,3.8,-2.5,-0.9,-2.4,-1.2,0.1,2.0,0.6,1.0,1.6,143579.0,1.1,596.0,-2.5,-3.0,9.999,23246.0,0.1,15.0,2.2,2.8,9.999,0.78,0.72,0.48,6.1,5.2,0.0317,37,11,-26,22,73.0,312,-290,22,1.9,0.006315,999999.99,99999.99,99999.99,0.17,0.09,0.06,-1,2008-01-08 16:00:00
2008,8,17,2380,51,52,59,31,5.2,4.6,-43.3,335.7,3.1,-1.4,-3.2,-0.9,-3.4,0.1,2.1,1.0,1.2,1.4,151760.0,1.1,614.0,0.2,-6.6,0.034,26914.0,0.1,20.0,2.1,2.8,0.0,0.79,2.09,0.47,6.2,5.2,0.031,37,11,-25,22,73.0,512,-475,37,3.4,0.006315,999999.99,99999.99,99999.99,0.18,0.09,0.07,-1,2008-01-08 17:00:00
2008,8,18,2380,51,52,60,31,5.1,4.6,-26.4,325.5,3.4,-2.3,-2.0,-1.8,-2.4,0.1,2.1,1.1,1.5,1.1,163512.0,1.1,614.0,-1.3,-4.9,0.034,38103.0,0.1,20.0,2.5,1.8,0.005,0.79,1.47,0.51,6.3,5.3,0.0298,33,11,-25,18,73.0,537,-475,62,3.6,0.006315,999999.99,99999.99,99999.99,0.2,0.09,0.07,-1,2008-01-08 18:00:00
2008,8,19,2380,51,52,62,35,5.0,4.3,-11.5,15.8,4.0,1.1,-0.9,1.3,-0.6,0.1,2.4,0.7,1.5,1.7,159110.0,1.1,596.0,4.8,-3.0,0.035,23742.0,0.1,19.0,3.2,3.2,0.003,0.74,0.36,0.53,6.3,5.2,0.0304,33,11,-26,18,73.0,272,-182,90,1.9,0.006315,999999.99,99999.99,99999.99,0.19,0.09,0.06,-1,2008-01-08 19:00:00
2008,8,20,2380,51,52,59,33,4.9,3.8,-1.9,348.6,3.7,-0.7,-0.1,-0.6,-0.3,0.1,3.0,0.8,1.7,2.3,167731.0,1.2,596.0,1.2,-1.5,0.035,42656.0,0.2,19.0,3.1,4.1,0.004,0.81,0.18,0.62,6.7,5.4,0.0268,33,11,-26,18,73.0,190,-125,64,1.4,0.006315,999999.99,99999.99,99999.99,0.16,0.08,0.07,-1,2008-01-08 20:00:00
2008,8,21,2380,51,52,61,36,4.9,3.5,-15.6,321.1,2.6,-2.1,-0.9,-1.7,-1.5,0.1,3.3,1.5,1.8,2.3,152441.0,1.3,612.0,-0.4,-2.8,0.032,27959.0,0.2,25.0,3.0,3.8,0.003,0.92,0.92,0.63,7.1,5.7,0.0235,30,11,-20,15,73.0,262,-182,81,2.2,0.006315,999999.99,99999.99,99999.99,0.19,0.1,0.08,-1,2008-01-08 21:00:00
2008,8,22,2380,51,52,57,32,4.8,4.0,-35.1,338.4,3.1,-1.2,-2.3,-0.4,-2.6,0.1,2.4,1.4,1.5,1.2,141339.0,1.3,602.0,0.6,-4.7,0.031,27737.0,0.2,24.0,2.6,2.0,0.003,0.88,1.57,0.63,7.1,5.7,0.0233,30,11,-21,15,73.0,187,-123,64,1.9,0.006315,999999.99,99999.99,99999.99,0.17,0.1,0.07,-1,2008-01-08 22:00:00
2008,8,23,2380,51,52,61,36,4.8,3.5,6.7,357.9,3.5,-0.1,0.4,-0.2,0.3,0.1,3.1,1.2,2.3,1.7,141992.0,1.3,593.0,2.9,-0.2,0.033,31928.0,0.2,20.0,3.5,2.7,0.003,0.86,-0.18,0.63,7.0,5.7,0.024,30,11,-22,15,73.0,208,-142,66,1.7,0.006315,999999.99,99999.99,99999.99,0.19,0.1,0.07,-1,2008-01-08 23:00:00
2008,9,0,2380,51,52,58,32,4.7,4.3,-0.2,12.4,4.2,0.9,0.0,0.9,0.3,0.1,1.8,0.4,0.9,1.5,134745.0,1.2,579.0,4.2,-1.0,0.031,23160.0,0.1,10.0,1.5,2.9,0.004,0.76,-0.17,0.59,6.7,5.5,0.0261,33,0,-23,18,74.0,296,-221,76,2.5,0.006276,999999.99,99999.99,99999.99,0.19,0.12,0.09,-1,2008-01-09 00:00:00
2008,9,1,2380,51,52,61,38,4.7,4.2,-28.8,1.5,3.7,0.1,-2.0,0.7,-1.9,0.0,1.8,0.7,1.4,0.9,119617.0,1.3,582.0,2.5,-4.9,0.032,19953.0,0.1,13.0,2.4,1.8,0.004,0.83,1.11,0.61,7.1,5.7,0.0239,33,0,-22,18,74.0,215,-130,85,2.9,0.006276,999999.99,99999.99,99999.99,0.18,0.08,0.06,-1,2008-01-09 01:00:00
2008,9,2,2380,51,52,59,34,4.6,3.9,-16.3,336.8,3.5,-1.5,-1.1,-1.2,-1.4,0.2,2.3,0.6,1.6,1.5,120310.0,1.3,579.0,0.1,-3.2,0.036,22100.0,0.2,12.0,3.1,2.5,0.003,0.83,0.81,0.64,7.2,5.8,0.0231,33,0,-24,18,74.0,174,-89,86,1.6,0.006276,999999.99,99999.99,99999.99,0.18,0.11,0.08,-1,2008-01-09 02:00:00
2008,9,3,2380,51,52,59,34,4.8,4.5,-2.9,345.3,4.4,-1.1,-0.2,-1.0,-0.4,0.1,1.6,0.6,1.3,0.7,106661.0,1.2,562.0,0.4,-1.8,0.033,25765.0,0.1,9.0,2.2,1.4,0.002,0.72,0.22,0.51,6.4,5.3,0.0289,23,0,-23,9,74.0,134,-67,68,1.4,0.006276,999999.99,99999.99,99999.99,0.16,0.09,0.07,-1,2008-01-09 03:00:00
2008,9,4,2380,51,52,60,35,4.7,4.3,13.4,338.7,3.9,-1.5,1.0,-1.6,0.8,0.1,1.9,0.7,1.4,1.0,112910.0,1.2,565.0,-0.1,0.3,0.035,19521.0,0.1,12.0,2.6,1.8,0.004,0.73,-0.45,0.55,6.6,5.4,0.0274,23,0,-21,9,74.0,61,-13,48,0.6,0.006276,999999.99,99999.99,99999.99,0.17,0.1,0.07,-1,2008-01-09 04:00:00
2008,9,5,2380,51,52,64,38,4.7,3.9,6.2,344.6,3.8,-1.0,0.4,-1.0,0.3,0.1,2.5,1.0,2.0,1.2,115592.0,1.3,564.0,1.3,-0.5,0.034,23794.0,0.1,16.0,3.2,2.3,0.005,0.78,-0.17,0.6,6.8,5.6,0.0254,23,0,-20,9,74.0,54,-2,51,0.5,0.006276,999999.99,99999.99,99999.99,0.2,0.11,0.07,-1,2008-01-09 05:00:00
2008,9,6,2380,51,52,56,31,4.5,4.0,-6.2,349.2,3.9,-0.7,-0.4,-0.7,-0.4,0.1,2.0,0.8,1.4,1.2,115162.0,1.1,557.0,1.5,-2.5,0.041,23542.0,0.1,20.0,2.5,2.3,0.005,0.66,0.22,0.55,6.5,5.3,0.0282,23,0,-20,9,74.0,80,-29,51,0.8,0.006276,999999.99,99999.99,99999.99,0.16,0.08,0.06,-1,2008-01-09 06:00:00
2008,9,7,2380,51,52,60,37,4.5,3.9,-10.4,339.5,3.6,-1.4,-0.7,-1.4,-0.7,0.1,2.1,0.8,1.6,1.1,114588.0,1.1,555.0,-0.0,-2.4,0.041,50687.0,0.2,15.0,2.8,2.1,0.006,0.66,0.39,0.55,6.5,5.3,0.0284,23,0,-23,9,74.0,262,-246,15,1.8,0.006276,999999.99,99999.99,99999.99,0.2,0.1,0.08,-1,2008-01-09 07:00:00
2008,9,8,2380,51,52,60,37,4.5,3.8,18.4,339.7,3.3,-1.2,1.2,-1.2,1.2,0.1,2.2,0.7,2.0,0.7,128948.0,1.2,557.0,0.3,1.2,0.04,29082.0,0.2,13.0,3.6,1.5,0.004,0.72,-0.67,0.63,6.8,5.4,0.0259,23,0,-21,9,74.0,147,-90,58,1.0,0.006276,999999.99,99999.99,99999.99,0.18,0.11,0.08,-1,2008-01-09 08:00:00
2008,9,9,2380,51,52,59,35,4.4,4.1,5.9,7.9,4.0,0.6,0.4,0.6,0.4,0.0,1.6,0.4,1.4,0.7,125560.0,1.1,544.0,3.0,-0.3,0.039,26640.0,0.1,10.0,2.6,1.8,0.002,0.63,-0.22,0.6,6.5,5.3,0.0283,17,0,-21,6,74.0,37,-9,29,0.6,0.006276,999999.99,99999.99,99999.99,0.16,0.08,0.06,-1,2008-01-09 09:00:00
2008,9,10,2380,51,52,60,33,4.5,3.9,17.0,25.1,3.4,1.6,1.1,1.7,1.0,0.1,2.1,0.9,1.1,1.6,125010.0,1.3,549.0,4.1,0.1,0.041,16824.0,0.2,13.0,1.7,2.4,0.004,0.76,-0.55,0.68,7.0,5.5,0.0246,17,0,-22,6,74.0,81,-70,10,0.6,0.006276,999999.99,99999.99,99999.99,0.16,0.08,0.06,-1,2008-01-09 10:00:00
2008,9,11,2380,51,52,60,36,4.3,3.7,18.9,342.7,3.4,-1.0,1.2,-0.9,1.2,0.1,2.0,0.5,1.3,1.5,113756.0,1.2,545.0,0.3,1.3,0.041,22638.0,0.2,14.0,2.5,3.0,0.004,0.69,-0.65,0.65,6.9,5.5,0.0247,17,0,-21,6,74.0,178,-161,16,0.6,0.006276,999999.99,99999.99,99999.99,0.19,0.1,0.07,-1,2008-01-09 11:00:00
2008,9,12,2380,51,52,62,35,4.4,3.9,-7.8,314.4,2.7,-2.8,-0.5,-2.8,-0.4,0.1,1.8,1.0,1.1,1.1,117731.0,1.3,553.0,-2.8,-1.9,0.041,24519.0,0.2,18.0,1.6,1.9,0.004,0.77,0.22,0.69,7.2,5.7,0.0232,10,0,-21,4,74.0,129,-105,24,0.9,0.006276,999999.99,99999.99,99999.99,0.16,0.08,0.06,-1,2008-01-09 12:00:00
2008,9,13,2380,51,52,57,33,4.5,4.1,-7.2,308.7,2.5,-3.1,-0.5,-3.1,-0.5,0.0,1.8,0.9,1.1,1.0,113320.0,1.3,551.0,-2.9,-2.3,0.039,21384.0,0.2,17.0,2.2,1.8,0.008,0.76,0.28,0.65,7.0,5.6,0.0244,10,0,-21,4,74.0,121,-97,24,0.9,0.006276,999999.99,99999.99,99999.99,0.16,0.09,0.07,-1,2008-01-09 13:00:00
2008,9,14,2380,51,52,60,36,4.4,3.8,15.5,318.9,2.8,-2.4,1.0,-2.4,0.9,0.2,1.9,0.8,1.5,0.9,111656.0,1.3,542.0,-2.0,0.7,0.038,21569.0,0.2,18.0,2.6,1.8,0.004,0.73,-0.49,0.67,7.0,5.6,0.0241,10,0,-20,4,74.0,53,-34,19,0.5,0.006276,999999.99,99999.99,99999.99,0.16,0.09,0.07,-1,2008-01-09 14:00:00
2008,9,15,2380,51,52,33,20,4.5,4.3,14.3,327.2,3.5,-2.2,1.1,-2.3,0.9,0.1,1.1,0.5,0.8,0.5,96569.0,1.3,532.0,-2.3,0.8,0.031,15663.0,0.1,9.0,1.3,1.0,0.004,0.69,-0.48,0.6,6.7,5.5,0.0262,10,0,-18,4,74.0,39,-20,19,0.2,0.006276,999999.99,99999.99,99999.99,0.19,0.1,0.07,-1,2008-01-09 15:00:00
2008,9,16,2380,71,71,15,15,4.3,3.3,-5.6,6.4,3.3,0.4,-0.3,0.4,-0.3,0.2,2.3,0.8,1.6,1.5,160982.0,1.6,540.0,2.6,-3.8,9.999,18815.0,0.1,9.0,2.1,1.7,9.999,0.93,0.16,1.04,7.9,5.8,0.0189,10,0,-15,4,74.0,87,-75,12,0.6,0.006276,999999.99,99999.99,99999.99,0.18,0.09,0.07,-1,2008-01-09 16:00:00
2008,9,17,2380,71,71,15,15,4.2,4.0,-4.1,43.1,2.9,2.7,-0.3,2.7,0.2,0.1,1.1,0.5,0.5,0.9,143238.0,1.5,540.0,5.1,-3.9,9.999,19363.0,0.1,5.0,0.5,1.1,9.999,0.87,-0.11,0.96,7.9,5.8,0.0192,10,0,-17,4,74.0,70,-62,8,0.6,0.006276,999999.99,99999.99,99999.99,0.17,0.07,0.05,-1,2008-01-09 17:00:00
2008,9,18,2380,71,71,16,16,4.2,3.4,7.8,18.7,3.2,1.1,0.5,1.0,0.7,0.1,2.2,0.8,2.0,0.6,156897.0,1.6,534.0,3.3,-2.2,9.999,17006.0,0.1,8.0,2.3,1.4,9.999,0.91,-0.37,1.08,8.0,5.8,0.0184,10,0,-19,4,74.0,62,-50,12,0.5,0.006276,999999.99,99999.99,99999.99,0.18,0.08,0.05,-1,2008-01-09 18:00:00
2008,9,19,2380,71,71,14,14,4.1,3.4,0.9,39.6,2.6,2.2,0.1,2.1,0.6,0.1,2.0,0.8,1.6,0.7,146557.0,1.5,535.0,4.1,-3.3,9.999,16897.0,0.1,10.0,1.8,1.0,9.999,0.86,-0.32,1.02,8.0,5.8,0.0186,10,0,-20,4,74.0,52,-37,15,0.7,0.006276,999999.99,99999.99,99999.99,0.18,0.09,0.06,-1,2008-01-09 19:00:00
2008,9,20,2380,51,52,40,23,4.0,3.7,-10.1,28.4,3.2,1.7,-0.7,1.8,-0.2,0.1,1.2,0.5,0.9,0.5,103943.0,1.3,526.0,3.9,-3.0,0.039,25320.0,0.2,12.0,1.9,1.3,0.004,0.69,0.11,0.79,7.5,5.8,0.0212,10,0,-18,4,74.0,38,-29,9,0.7,0.006276,999999.99,99999.99,99999.99,0.15,0.1,0.07,-1,2008-01-09 20:00:00
2008,9,21,2380,51,52,60,35,4.0,3.5,22.5,18.0,3.1,1.0,1.3,0.6,1.5,0.1,1.9,0.7,1.5,0.9,102114.0,1.3,524.0,2.4,1.2,0.034,17096.0,0.2,15.0,2.3,1.7,0.003,0.68,-0.79,0.78,7.5,5.8,0.0213,17,0,-18,6,74.0,38,-27,10,0.2,0.006276,999999.99,99999.99,99999.99,0.18,0.08,0.06,-1,2008-01-09 21:00:00
2008,9,22,2380,51,52,62,38,4.1,3.8,-11.6,43.1,2.7,2.6,-0.8,2.7,0.1,0.1,1.3,0.8,0.9,0.5,98646.0,1.3,528.0,4.8,-2.4,0.034,16465.0,0.2,16.0,1.4,0.9,0.004,0.69,-0.05,0.73,7.3,5.7,0.0221,17,0,-18,6,74.0,46,-26,20,0.6,0.006276,999999.99,99999.99,99999.99,0.21,0.1,0.07,-1,2008-01-09 22:00:00
2008,9,23,2380,51,52,59,37,4.2,4.1,-20.6,55.1,2.2,3.1,-1.4,3.4,-0.3,0.0,0.7,0.5,0.3,0.5,93590.0,1.4,537.0,4.8,-3.1,0.036,12480.0,0.1,8.0,0.3,0.8,0.003,0.77,0.16,0.73,7.6,5.9,0.0208,17,0,-16,6,74.0,50,-33,17,0.9,0.006276,999999.99,99999.99,99999.99,0.22,0.09,0.07,-1,2008-01-09 23:00:00
2008,10,0,2380,51,52,60,33,4.2,4.1,-14.3,55.4,2.2,3.2,-1.0,3.4,0.1,0.1,0.8,0.6,0.4,0.4,97178.0,1.5,532.0,4.7,-2.1,0.037,16506.0,0.1,10.0,0.6,0.9,0.003,0.81,-0.05,0.8,7.8,6.0,0.0198,20,10,-17,7,73.2,47,-29,18,0.7,0.006275,999999.99,99999.99,99999.99,0.18,0.09,0.07,-1,2008-01-10 00:00:00
2008,10,1,2380,51,52,58,34,4.2,3.8,-13.4,43.5,2.7,2.6,-0.9,2.7,-0.1,0.1,1.7,0.8,1.4,0.5,85584.0,1.4,521.0,3.6,-2.1,0.037,14801.0,0.2,15.0,1.8,1.0,0.003,0.73,0.05,0.71,7.3,5.8,0.0221,20,10,-14,7,73.2,117,-87,30,2.2,0.006275,999999.99,99999.99,99999.99,0.18,0.09,0.07,-1,2008-01-10 01:00:00
2008,10,2,2380,51,52,62,36,4.1,3.5,-9.5,32.9,2.9,1.9,-0.6,2.0,-0.1,0.1,2.0,0.7,1.8,0.5,91175.0,1.3,514.0,3.4,-1.5,0.038,17235.0,0.2,21.0,2.6,1.0,0.002,0.66,0.05,0.71,7.1,5.6,0.0233,20,10,-13,7,73.2,35,-14,21,1.4,0.006275,999999.99,99999.99,99999.99,0.18,0.1,0.06,-1,2008-01-10 02:00:00
2008,10,3,2380,51,52,56,30,4.0,3.7,-12.3,42.9,2.7,2.5,-0.8,2.6,-0.2,0.1,1.5,0.8,1.0,0.8,95246.0,1.4,516.0,4.3,-1.6,0.039,12647.0,0.2,16.0,1.3,1.4,0.003,0.72,0.1,0.81,7.6,5.8,0.0204,7,10,-11,3,73.2,29,-7,22,0.8,0.006275,999999.99,99999.99,99999.99,0.19,0.1,0.08,-1,2008-01-10 03:00:00
2008,10,4,2380,51,52,62,39,4.1,3.9,-5.6,30.2,3.4,2.0,-0.4,2.0,-0.1,0.1,1.1,0.3,0.6,0.8,85458.0,1.4,500.0,4.3,-1.2,0.036,11795.0,0.1,7.0,1.0,1.6,0.005,0.67,0.05,0.74,7.2,5.6,0.0229,7,10,-12,3,73.2,21,-8,12,0.7,0.006275,999999.99,99999.99,99999.99,0.18,0.09,0.06,-1,2008-01-10 04:00:00
2008,10,5,2380,51,52,58,34,3.9,3.6,-11.3,43.3,2.6,2.4,-0.7,2.5,-0.4,0.1,1.4,0.9,0.9,0.6,95855.0,1.4,506.0,3.9,-1.5,0.041,20851.0,0.2,19.0,0.7,0.8,0.003,0.7,0.2,0.86,7.7,5.8,0.0202,7,10,-10,3,73.2,25,-15,11,0.5,0.006275,999999.99,99999.99,99999.99,0.21,0.12,0.09,-1,2008-01-10 05:00:00
2008,10,6,2380,51,52,62,38,3.7,3.5,9.5,10.9,3.3,0.6,0.6,0.6,0.6,0.1,1.2,0.3,0.7,0.9,96536.0,1.3,488.0,2.7,0.0,0.047,27248.0,0.2,9.0,1.6,1.6,0.006,0.61,-0.29,0.89,7.5,5.7,0.021,10,10,-11,4,73.2,30,-20,10,0.3,0.006275,999999.99,99999.99,99999.99,0.17,0.08,0.06,-1,2008-01-10 06:00:00
2008,10,7,2380,51,52,58,34,3.9,3.7,-9.8,4.3,3.6,0.3,-0.6,0.3,-0.6,0.1,1.1,0.3,0.8,0.7,89394.0,1.2,482.0,1.7,-1.9,0.051,26421.0,0.2,10.0,1.8,1.6,0.006,0.56,0.29,0.71,6.8,5.3,0.026,10,10,-10,4,73.2,38,-22,16,0.2,0.006275,999999.99,99999.99,99999.99,0.21,0.12,0.07,-1,2008-01-10 07:00:00
2008,10,8,2380,51,52,61,38,3.9,3.7,7.7,7.5,3.6,0.5,0.5,0.5,0.5,0.0,1.2,0.3,1.0,0.5,93746.0,1.3,480.0,1.9,0.2,0.047,19769.0,0.1,10.0,1.8,1.4,0.007,0.59,-0.24,0.79,7.0,5.4,0.0242,10,10,-11,4,73.2,60,-54,6,0.1,0.006275,999999.99,99999.99,99999.99,0.2,0.09,0.07,-1,2008-01-10 08:00:00
2008,10,9,2380,51,52,58,35,3.9,3.8,11.4,359.4,3.7,0.0,0.7,0.0,0.7,0.1,1.0,0.3,0.5,0.8,90685.0,1.4,473.0,0.7,1.0,0.038,22927.0,0.1,8.0,1.0,1.8,0.006,0.6,-0.33,0.84,7.2,5.5,0.0231,10,10,-13,4,73.2,52,-47,5,-0.0,0.006275,999999.99,99999.99,99999.99,0.18,0.09,0.07,-1,2008-01-10 09:00:00
2008,10,10,2380,51,52,58,36,3.9,3.8,0.7,351.4,3.8,-0.6,0.0,-0.6,0.0,0.1,0.8,0.2,0.4,0.7,75344.0,1.3,466.0,-0.1,-0.7,0.034,15313.0,0.1,3.0,0.9,1.4,0.007,0.54,-0.0,0.72,6.8,5.3,0.0256,10,10,-15,4,73.2,29,-22,8,-0.1,0.006275,999999.99,99999.99,99999.99,0.18,0.1,0.07,-1,2008-01-10 10:00:00
2008,10,11,2380,51,52,61,36,4.1,4.0,-9.6,1.5,3.9,0.1,-0.7,0.1,-0.7,0.0,0.9,0.2,0.6,0.7,73700.0,1.4,463.0,1.5,-2.4,0.034,15920.0,0.1,3.0,1.4,1.4,0.007,0.57,0.32,0.7,6.7,5.3,0.0266,10,10,-16,4,73.2,158,-146,12,0.4,0.006275,999999.99,99999.99,99999.99,0.17,0.09,0.08,-1,2008-01-10 11:00:00
2008,10,12,2380,51,52,59,35,3.9,3.8,-3.6,14.6,3.7,1.0,-0.2,1.0,-0.2,0.0,0.8,0.2,0.5,0.6,70845.0,1.4,459.0,3.6,-1.3,0.036,12530.0,0.1,7.0,1.2,1.4,0.007,0.56,0.09,0.76,7.0,5.4,0.0245,13,10,-17,5,73.2,187,-176,11,0.7,0.006275,999999.99,99999.99,99999.99,0.17,0.09,0.07,-1,2008-01-10 12:00:00
2008,10,13,2380,51,52,64,38,3.9,3.8,-4.4,346.7,3.7,-0.9,-0.3,-0.9,-0.3,0.1,1.0,0.5,0.7,0.4,66928.0,1.5,457.0,0.0,-0.9,0.029,13982.0,0.1,10.0,1.2,0.9,0.004,0.58,0.14,0.8,7.2,5.5,0.0231,13,10,-17,5,73.2,91,-80,10,0.4,0.006275,999999.99,99999.99,99999.99,0.2,0.1,0.07,-1,2008-01-10 13:00:00
2008,10,14,2380,51,52,57,35,3.7,3.6,-5.2,341.7,3.4,-1.1,-0.3,-1.1,-0.3,0.1,0.9,0.3,0.6,0.6,93777.0,1.5,466.0,-0.7,-0.9,0.043,19272.0,0.2,8.0,1.2,1.4,0.004,0.64,0.14,1.01,7.7,5.6,0.02,13,10,-14,5,73.2,52,-47,4,0.6,0.006275,999999.99,99999.99,99999.99,0.17,0.08,0.06,-1,2008-01-10 14:00:00
2008,10,15,2380,51,52,62,38,3.6,3.4,11.4,302.8,1.8,-2.8,0.7,-2.8,0.5,0.1,1.2,0.8,0.8,0.4,79409.0,1.8,482.0,-2.5,0.2,0.035,10675.0,0.3,13.0,0.8,0.7,0.003,0.8,-0.24,1.2,9.0,6.3,0.0147,10,10,-10,4,73.2,81,-70,11,0.7,0.006275,999999.99,99999.99,99999.99,0.24,0.1,0.08,-1,2008-01-10 15:00:00
2008,10,16,2380,51,52,62,33,3.4,2.6,-8.8,318.8,1.9,-1.7,-0.4,-1.6,-0.6,0.4,2.2,1.3,1.4,1.2,88854.0,1.8,479.0,-1.3,-1.5,0.039,16299.0,0.2,12.0,2.1,1.6,0.006,0.8,0.29,1.41,9.5,6.3,0.0133,10,10,-9,4,73.2,66,-58,8,0.9,0.006275,999999.99,99999.99,99999.99,0.18,0.1,0.07,-1,2008-01-10 16:00:00
2008,10,17,2380,51,52,57,34,3.6,3.3,49.1,269.5,0.0,-2.1,2.5,-2.5,2.1,0.4,1.4,0.9,0.6,0.9,83988.0,2.1,496.0,-0.7,1.4,0.03,23033.0,0.1,8.0,0.8,0.8,0.004,0.97,-1.04,1.43,10.0,6.7,0.0119,10,10,-9,4,73.2,26,-14,11,0.3,0.006275,999999.99,99999.99,99999.99,0.24,0.1,0.07,-1,2008-01-10 17:00:00
2008,10,18,2380,51,52,62,37,3.2,2.1,-5.3,304.3,1.2,-1.8,-0.2,-1.7,-0.6,0.2,2.3,0.8,1.5,1.5,105406.0,2.1,487.0,-1.0,-0.7,0.038,9010.0,0.1,8.0,1.8,1.5,0.004,0.96,0.29,1.99,11.0,6.7,0.0098,7,10,-10,3,73.2,36,-26,10,0.7,0.006275,999999.99,99999.99,99999.99,0.2,0.1,0.07,-1,2008-01-10 18:00:00
2008,10,19,2380,51,52,61,38,3.3,1.8,48.9,331.3,1.0,-0.6,1.4,-0.9,1.2,0.2,2.7,1.4,2.0,1.2,95990.0,2.0,485.0,-0.2,0.7,0.034,20832.0,0.3,19.0,2.3,1.4,0.003,0.89,-0.58,1.71,10.4,6.6,0.011,7,10,-10,3,73.2,21,-12,9,0.2,0.006275,999999.99,99999.99,99999.99,0.21,0.11,0.07,-1,2008-01-10 19:00:00
2008,10,20,2380,51,52,59,32,3.5,3.3,17.6,269.7,0.0,-3.2,1.0,-3.4,0.0,0.1,1.0,0.7,0.4,0.6,80911.0,2.1,495.0,-2.2,0.5,0.032,7827.0,0.1,8.0,0.5,0.9,0.002,0.97,-0.0,1.49,10.2,6.8,0.0113,7,10,-7,3,73.2,24,-15,9,0.4,0.006275,999999.99,99999.99,99999.99,0.16,0.09,0.06,-1,2008-01-10 20:00:00
2008,10,21,2380,51,52,61,18,3.6,2.9,30.3,282.7,0.5,-2.4,1.4,-2.7,0.6,0.2,2.0,1.0,1.2,1.3,85300.0,2.2,488.0,-0.6,1.1,0.034,11988.0,0.1,6.0,1.7,1.1,0.002,0.99,-0.29,1.51,10.1,6.6,0.0118,10,10,-8,4,73.2,32,-15,17,0.4,0.006275,999999.99,99999.99,99999.99,0.18,0.09,0.07,-1,2008-01-10 21:00:00
2008,10,22,2380,51,51,57,2,3.8,3.7,-9.5,302.1,1.9,-3.1,-0.6,-2.7,-1.6,0.1,0.9,0.6,0.4,0.7,69300.0,1.7,469.0,-3.4,-2.6,9.999,3296.0,0.1,2.0,0.7,0.4,9.999,0.75,0.75,0.97,8.0,5.9,0.0184,10,10,-12,4,73.2,29,-15,14,0.7,0.006275,999999.99,99999.99,99999.99,0.25,0.09,0.07,-1,2008-01-10 22:00:00
2008,10,23,2380,51,52,58,27,3.7,3.5,-19.0,314.0,2.3,-2.4,-1.1,-1.9,-1.8,0.1,1.0,0.5,0.6,0.7,64984.0,1.8,456.0,-2.5,-2.4,0.036,7075.0,0.2,6.0,0.8,1.4,0.004,0.72,0.82,1.06,8.3,6.0,0.0174,10,10,-15,4,73.2,38,-17,21,0.7,0.006275,999999.99,99999.99,99999.99,0.2,0.08,0.06,-1,2008-01-10 23:00:00
2008,11,0,2380,51,52,60,33,3.2,2.5,3.3,359.7,2.5,0.0,0.1,0.0,0.1,0.2,1.9,0.5,1.6,0.8,77904.0,1.9,457.0,1.5,-0.6,0.042,12944.0,0.2,10.0,2.7,1.4,0.004,0.77,-0.05,1.59,9.8,6.4,0.0123,17,10,-17,6,73.5,61,-24,37,0.9,0.006263,999999.99,99999.99,99999.99,0.17,0.09,0.07,-1,2008-01-11 00:00:00
2008,11,1,2380,51,52,59,35,3.4,3.0,-19.2,280.1,0.5,-2.8,-1.0,-2.4,-1.8,0.1,1.4,0.9,0.4,1.0,75850.0,2.1,481.0,-2.3,-2.5,0.038,10473.0,0.2,12.0,0.8,1.9,0.004,0.93,0.87,1.54,10.3,6.7,0.0113,17,10,-14,6,73.5,37,-17,20,0.5,0.006263,999999.99,99999.99,99999.99,0.17,0.11,0.09,-1,2008-01-11 01:00:00
2008,11,2,2380,51,52,60,35,3.6,3.3,-0.1,305.5,1.9,-2.7,0.0,-2.6,-0.7,0.1,1.3,0.5,0.6,1.1,63298.0,1.9,458.0,-3.1,-1.2,0.038,10824.0,0.1,6.0,0.9,2.1,0.003,0.77,0.32,1.17,8.8,6.2,0.0155,17,10,-11,6,73.5,41,-12,29,0.6,0.006263,999999.99,99999.99,99999.99,0.16,0.08,0.06,-1,2008-01-11 02:00:00
2008,11,3,2380,51,52,60,37,3.7,3.4,-3.4,309.8,2.2,-2.6,-0.2,-2.5,-0.8,0.0,1.2,0.8,0.8,0.4,56723.0,1.9,450.0,-3.3,-1.2,0.034,9283.0,0.2,13.0,1.0,0.8,0.003,0.73,0.36,1.07,8.4,6.0,0.0169,7,10,-11,3,73.5,27,-9,18,0.5,0.006263,999999.99,99999.99,99999.99,0.16,0.08,0.06,-1,2008-01-11 03:00:00
2008,11,4,2380,51,52,58,34,3.6,3.5,-9.5,307.4,2.1,-2.7,-0.6,-2.6,-1.1,0.1,0.9,0.6,0.3,0.6,61080.0,1.9,448.0,-3.4,-1.7,0.035,7677.0,0.1,11.0,0.5,1.2,0.003,0.73,0.49,1.16,8.6,6.1,0.0162,7,10,-10,3,73.5,33,-7,25,0.3,0.006263,999999.99,99999.99,99999.99,0.21,0.1,0.07,-1,2008-01-11 04:00:00
2008,11,5,2380,51,52,64,40,3.4,2.8,-4.6,320.0,2.1,-1.8,-0.2,-1.8,-0.4,0.1,1.9,1.0,0.9,1.3,63874.0,1.8,447.0,-1.7,-1.1,0.037,10306.0,0.2,15.0,1.5,2.8,0.003,0.69,0.18,1.25,8.8,6.1,0.0153,7,10,-10,3,73.5,32,-6,27,0.1,0.006263,999999.99,99999.99,99999.99,0.22,0.11,0.09,-1,2008-01-11 05:00:00
2008,11,6,2380,51,52,60,37,3.8,3.7,-12.2,236.9,-2.0,-3.0,-0.8,-2.9,-1.0,0.2,1.0,0.8,0.5,0.4,40844.0,2.0,480.0,-2.6,-1.3,0.025,15817.0,0.1,9.0,0.9,0.9,0.003,0.85,0.48,0.97,8.9,6.6,0.0149,7,10,-9,3,73.5,69,-19,50,0.6,0.006263,999999.99,99999.99,99999.99,0.18,0.1,0.08,-1,2008-01-11 06:00:00
2008,11,7,2380,51,52,56,33,3.5,2.6,-10.5,275.7,0.3,-2.6,-0.5,-2.6,-0.6,0.2,2.2,1.9,1.0,0.7,65308.0,2.0,454.0,-2.0,-0.8,0.035,12705.0,0.2,19.0,1.7,1.3,0.004,0.78,0.27,1.32,9.2,6.3,0.0141,7,10,-11,3,73.5,64,-5,59,0.4,0.006263,999999.99,99999.99,99999.99,0.22,0.1,0.07,-1,2008-01-11 07:00:00
2008,11,8,2380,51,52,58,31,3.7,3.0,9.0,308.6,1.8,-2.3,0.5,-2.3,0.5,0.2,2.1,1.1,1.2,1.4,67164.0,2.0,435.0,-2.0,0.6,0.033,15460.0,0.3,14.0,1.7,2.4,0.003,0.72,-0.22,1.19,8.3,5.8,0.0172,7,10,-13,3,73.5,36,-4,33,-0.0,0.006263,999999.99,99999.99,99999.99,0.17,0.09,0.06,-1,2008-01-11 08:00:00
2008,11,9,2380,51,52,61,36,4.2,3.7,-17.6,318.4,2.7,-2.4,-1.1,-2.4,-1.0,0.1,2.0,0.9,0.9,1.5,60167.0,2.1,429.0,-2.6,-0.7,0.032,12365.0,0.3,10.0,1.2,1.7,0.002,0.73,0.43,0.93,7.4,5.5,0.0217,10,10,-14,4,73.5,37,-22,15,0.0,0.006263,999999.99,99999.99,99999.99,0.25,0.11,0.09,-1,2008-01-11 09:00:00
2008,11,10,2380,51,52,60,32,4.1,3.0,4.6,303.8,1.7,-2.5,0.2,-2.5,0.3,0.1,2.7,1.3,1.0,2.1,69633.0,2.2,435.0,-1.8,1.1,0.033,17345.0,0.3,17.0,1.3,2.6,0.005,0.79,-0.13,1.08,7.9,5.7,0.0192,10,10,-16,4,73.5,121,-99,22,0.6,0.006263,999999.99,99999.99,99999.99,0.16,0.09,0.06,-1,2008-01-11 10:00:00
2008,11,11,2380,51,52,59,32,4.5,3.7,34.5,284.3,0.7,-2.9,2.1,-2.8,2.2,0.2,2.5,1.4,1.1,1.8,69846.0,2.8,441.0,-2.1,2.5,0.029,11230.0,0.2,11.0,1.1,2.0,0.003,1.01,-0.97,1.14,8.2,5.8,0.0177,10,10,-14,4,73.5,126,-23,104,0.3,0.006263,999999.99,99999.99,99999.99,0.17,0.08,0.06,-1,2008-01-11 11:00:00
2008,11,12,2380,51,52,58,33,4.0,3.6,54.0,337.7,2.0,-0.8,2.9,-0.7,2.9,0.2,1.6,0.7,1.1,0.8,63007.0,2.3,427.0,-0.4,3.7,0.031,12542.0,0.2,9.0,1.6,1.0,0.003,0.79,-1.24,1.14,8.1,5.7,0.0182,0,10,-11,0,73.5,18,-2,16,-0.1,0.006263,999999.99,99999.99,99999.99,0.18,0.09,0.06,-1,2008-01-11 12:00:00
2008,11,13,2380,51,52,59,33,4.0,3.7,35.6,329.2,2.6,-1.5,2.1,-1.5,2.1,0.1,1.5,0.6,1.0,0.9,53498.0,2.3,414.0,-1.5,3.1,0.03,12601.0,0.3,9.0,1.6,1.4,0.002,0.74,-0.87,1.09,7.8,5.6,0.0193,0,10,-11,0,73.5,11,-6,5,0.1,0.006263,999999.99,99999.99,99999.99,0.18,0.08,0.06,-1,2008-01-11 13:00:00
2008,11,14,2380,51,52,58,32,4.0,3.9,14.7,340.6,3.5,-1.2,1.0,-1.2,0.9,0.0,1.1,0.3,0.8,0.7,36089.0,2.0,396.0,-1.7,1.4,0.03,6214.0,0.2,6.0,1.4,1.1,0.004,0.59,-0.36,0.86,7.0,5.3,0.0243,0,10,-9,0,73.5,13,-10,3,0.1,0.006263,999999.99,99999.99,99999.99,0.19,0.11,0.08,-1,2008-01-11 14:00:00
2008,11,15,2380,51,52,63,38,4.0,3.7,-5.4,356.1,3.7,-0.3,-0.3,-0.3,-0.3,0.1,1.3,0.4,1.0,0.8,41114.0,2.0,392.0,-0.0,-1.0,0.028,11634.0,0.2,8.0,2.0,1.6,0.003,0.57,0.12,0.88,6.9,5.2,0.0248,3,10,-12,2,73.5,18,-18,1,0.3,0.006263,999999.99,99999.99,99999.99,0.21,0.11,0.08,-1,2008-01-11 15:00:00
2008,11,16,2380,51,52,56,33,4.1,4.0,20.5,326.0,3.1,-2.1,1.4,-2.3,1.1,0.1,1.0,0.5,0.3,0.7,43341.0,2.1,402.0,-2.9,2.0,0.025,6130.0,0.1,8.0,0.9,1.3,0.002,0.62,-0.44,0.89,7.1,5.3,0.0236,3,10,-12,2,73.5,23,-22,1,0.4,0.006263,999999.99,99999.99,99999.99,0.17,0.1,0.07,-1,2008-01-11 16:00:00
2008,11,17,2380,51,52,61,37,4.1,3.9,-6.9,344.1,3.7,-1.1,-0.5,-1.0,-0.7,0.1,1.2,0.2,0.8,0.9,38898.0,1.9,389.0,-1.1,-1.3,0.024,8394.0,0.1,3.0,1.3,1.7,0.002,0.53,0.27,0.79,6.5,5.0,0.0278,3,10,-14,2,73.5,39,-36,3,0.6,0.006263,999999.99,99999.99,99999.99,0.18,0.09,0.07,-1,2008-01-11 17:00:00
2008,11,18,2380,51,52,59,34,4.1,4.0,3.1,345.7,3.9,-1.0,0.2,-1.0,0.0,0.0,0.8,0.2,0.7,0.4,40689.0,2.0,385.0,-1.6,0.8,0.025,5740.0,0.1,6.0,1.5,1.1,0.003,0.54,-0.0,0.84,6.6,5.1,0.027,10,10,-17,4,73.5,60,-51,8,0.7,0.006263,999999.99,99999.99,99999.99,0.21,0.11,0.07,-1,2008-01-11 18:00:00
2008,11,19,2380,51,52,60,37,4.2,4.1,-0.6,354.4,4.1,-0.4,0.0,-0.4,-0.1,0.1,0.8,0.1,0.3,0.7,41023.0,2.0,380.0,-0.5,0.2,0.026,8561.0,0.1,2.0,0.7,1.4,0.002,0.53,0.04,0.8,6.4,4.9,0.0291,10,10,-17,4,73.5,71,-68,3,1.0,0.006263,999999.99,99999.99,99999.99,0.2,0.08,0.06,-1,2008-01-11 19:00:00
2008,11,20,2380,51,52,60,35,4.3,4.2,16.5,355.2,4.1,-0.3,1.2,-0.6,1.1,0.1,0.8,0.2,0.5,0.6,38184.0,2.1,384.0,-0.7,2.6,0.037,7429.0,0.1,4.0,1.0,1.3,0.009,0.59,-0.42,0.79,6.5,5.0,0.0284,10,10,-17,4,73.5,22,-12,10,0.3,0.006263,999999.99,99999.99,99999.99,0.2,0.11,0.07,-1,2008-01-11 20:00:00
2008,11,21,2380,51,52,61,38,4.8,4.7,2.8,348.6,4.6,-0.9,0.2,-0.9,-0.1,0.2,1.1,0.2,0.9,0.6,41097.0,2.3,382.0,-1.5,0.8,0.03,7985.0,0.2,6.0,1.6,1.3,0.003,0.63,0.04,0.7,6.0,4.8,0.0327,3,10,-13,2,73.5,14,-7,7,-0.1,0.006263,999999.99,99999.99,99999.99,0.18,0.1,0.07,-1,2008-01-11 21:00:00
2008,11,22,2380,51,52,65,40,5.4,4.4,-2.2,328.4,3.7,-2.3,-0.2,-2.1,-1.0,0.2,3.1,2.0,1.3,1.9,54372.0,3.2,400.0,-1.9,1.3,0.029,23662.0,0.7,21.0,1.3,2.3,0.006,0.95,0.4,0.83,6.6,5.1,0.0271,3,10,-12,2,73.5,20,-7,13,0.2,0.006263,999999.99,99999.99,99999.99,0.18,0.1,0.08,-1,2008-01-11 22:00:00
2008,11,23,2380,51,52,56,33,5.4,5.1,-9.0,313.0,3.4,-3.7,-0.8,-3.2,-2.0,0.2,1.7,0.7,0.7,1.4,67569.0,3.8,410.0,-2.8,0.2,0.031,10154.0,0.4,6.0,0.9,1.6,0.003,1.2,0.82,1.06,7.4,5.3,0.0217,3,10,-10,2,73.5,17,-7,10,0.1,0.006263,999999.99,99999.99,99999.99,0.19,0.09,0.07,-1,2008-01-11 23:00:00
2008,12,0,2380,51,52,59,32,5.1,4.4,35.1,348.2,3.5,-0.7,2.5,-1.5,2.1,0.2,2.5,1.0,1.8,1.4,73596.0,3.8,410.0,-0.5,3.6,0.032,7077.0,0.2,8.0,1.6,1.8,0.003,1.2,-0.86,1.23,7.8,5.5,0.0194,3,0,-8,2,73.2,11,-4,7,-0.1,0.006231,999999.99,99999.99,99999.99,0.2,0.09,0.07,-1,2008-01-12 00:00:00
2008,12,1,2380,51,52,60,36,4.5,3.9,28.8,2.6,3.4,0.2,1.9,-0.4,1.9,0.2,2.1,0.7,1.5,1.3,67274.0,3.5,400.0,0.1,2.9,0.03,15619.0,0.2,8.0,1.6,1.5,0.004,1.05,-0.76,1.41,8.3,5.6,0.0172,3,0,-8,2,73.2,9,-4,6,-0.1,0.006231,999999.99,99999.99,99999.99,0.19,0.1,0.07,-1,2008-01-12 01:00:00
2008,12,2,2380,51,52,59,34,4.5,4.1,34.3,337.1,3.1,-1.3,2.3,-1.9,1.9,0.1,1.7,0.4,1.5,0.7,64388.0,3.4,396.0,-1.6,3.8,0.028,8276.0,0.3,4.0,1.4,1.4,0.003,0.99,-0.75,1.35,8.1,5.5,0.0181,3,0,-6,2,73.2,8,-3,6,-0.2,0.006231,999999.99,99999.99,99999.99,0.19,0.11,0.09,-1,2008-01-12 02:00:00
2008,12,3,2380,51,52,62,35,4.3,3.9,22.8,5.8,3.6,0.4,1.5,0.0,1.6,0.1,1.6,0.5,1.1,1.1,69644.0,3.0,385.0,0.5,3.4,0.03,9379.0,0.2,7.0,1.6,1.7,0.003,0.83,-0.62,1.34,7.8,5.3,0.0198,0,0,-4,0,73.2,8,-3,5,-0.2,0.006231,999999.99,99999.99,99999.99,0.21,0.11,0.08,-1,2008-01-12 03:00:00
2008,12,4,2380,51,52,57,35,4.1,3.5,28.2,359.3,3.1,0.0,1.6,-0.3,1.6,0.1,2.1,0.4,1.6,1.3,67062.0,3.0,385.0,0.5,3.6,0.029,9922.0,0.3,9.0,2.6,2.2,0.002,0.83,-0.62,1.45,8.1,5.4,0.018,0,0,0,0,73.2,6,-3,3,-0.2,0.006231,999999.99,99999.99,99999.99,0.21,0.1,0.07,-1,2008-01-12 04:00:00
2008,12,5,2380,51,52,62,38,4.0,3.4,10.9,29.1,2.9,1.6,0.6,1.5,0.8,0.1,2.1,0.6,1.5,1.3,63479.0,3.3,391.0,1.9,1.7,0.024,6532.0,0.4,10.0,2.0,2.0,0.004,0.92,-0.31,1.65,8.9,5.7,0.0151,0,0,1,0,73.2,6,-3,3,-0.1,0.006231,999999.99,99999.99,99999.99,0.19,0.1,0.07,-1,2008-01-12 05:00:00
2008,12,6,2380,51,52,64,40,3.1,2.2,45.7,324.1,1.2,-0.9,1.5,-1.0,1.4,0.8,2.4,1.0,1.9,0.9,55059.0,6.0,413.0,-0.5,1.4,0.017,14643.0,2.6,13.0,1.7,2.3,0.007,1.83,-0.58,4.76,16.3,7.2,0.0045,10,0,3,4,73.2,11,-5,6,-0.2,0.006231,999999.99,99999.99,99999.99,0.2,0.09,0.07,-1,2008-01-12 06:00:00
2008,12,7,2380,51,52,61,34,2.2,0.9,-7.2,19.5,0.8,0.3,-0.1,0.3,-0.1,0.5,2.1,0.8,1.6,0.9,47785.0,9.1,424.0,0.1,-0.7,0.01,2544.0,0.3,3.0,0.5,0.4,0.001,2.84,0.04,13.78,29.1,8.1,0.0014,10,0,7,4,73.2,21,-5,16,-0.1,0.006231,999999.99,99999.99,99999.99,0.21,0.09,0.06,-1,2008-01-12 07:00:00
2008,12,8,2380,51,52,60,36,2.7,2.2,-43.3,312.0,1.1,-1.2,-1.5,-1.2,-1.5,0.3,1.5,0.8,0.9,0.9,40070.0,10.0,428.0,0.1,-0.9,0.013,6975.0,0.8,2.0,0.4,0.3,0.003,3.22,0.64,9.61,25.1,8.2,0.0019,10,0,4,4,73.2,50,-35,14,-0.1,0.006231,999999.99,99999.99,99999.99,0.24,0.12,0.08,-1,2008-01-12 08:00:00
2008,12,9,2380,51,52,58,33,2.0,1.1,-27.8,163.6,-0.9,0.3,-0.5,0.3,-0.5,0.7,1.7,0.9,1.1,1.0,31932.0,11.0,420.0,-1.0,-1.1,0.019,8892.0,0.8,7.0,0.9,0.3,0.003,3.49,0.21,18.34,34.8,8.5,0.001,13,0,4,5,73.2,133,-118,14,0.1,0.006231,999999.99,99999.99,99999.99,0.19,0.09,0.07,-1,2008-01-12 09:00:00
2008,12,10,2380,51,52,61,38,2.6,1.2,-52.0,138.6,-0.6,0.5,-1.0,0.5,-1.0,0.6,2.3,2.1,0.7,0.7,35961.0,10.3,415.0,-1.8,-0.6,0.021,8019.0,1.2,8.0,0.3,0.6,0.005,3.21,0.41,10.42,25.6,8.1,0.0018,13,0,4,5,73.2,149,-128,21,0.6,0.006231,999999.99,99999.99,99999.99,0.18,0.09,0.07,-1,2008-01-12 10:00:00
2008,12,11,2380,51,52,58,36,3.1,2.4,-12.7,111.3,-0.9,2.2,-0.5,2.2,-0.6,0.3,1.9,1.4,0.9,0.9,38624.0,11.2,417.0,-1.8,-1.3,0.015,4895.0,1.2,5.0,0.5,0.9,0.004,3.45,0.25,8.1,22.5,8.0,0.0023,13,0,5,5,73.2,212,-195,17,0.9,0.006231,999999.99,99999.99,99999.99,0.22,0.11,0.09,-1,2008-01-12 11:00:00
2008,12,12,2380,51,52,63,38,4.2,3.5,23.8,56.4,1.8,2.7,1.4,2.7,1.4,1.0,2.5,0.6,1.3,2.0,33161.0,15.2,421.0,-1.2,-0.1,0.025,3897.0,2.1,7.0,0.8,2.0,0.005,4.95,-0.59,5.79,19.5,8.0,0.0031,20,0,11,7,73.2,250,-227,23,0.9,0.006231,999999.99,99999.99,99999.99,0.17,0.1,0.07,-1,2008-01-12 12:00:00
2008,12,13,2380,51,52,61,37,5.9,5.2,25.5,98.5,-0.7,4.6,2.2,4.6,2.3,1.5,3.1,1.0,2.2,2.0,55407.0,11.6,435.0,-2.6,-1.5,0.014,9312.0,3.9,4.0,1.0,0.9,0.006,3.87,-1.0,2.55,12.6,7.0,0.0075,20,0,10,7,73.2,72,-49,23,0.5,0.006231,999999.99,99999.99,99999.99,0.21,0.11,0.07,-1,2008-01-12 13:00:00
2008,12,14,2380,51,52,61,36,7.3,6.6,8.6,113.0,-2.5,6.0,1.0,5.9,1.3,0.4,3.0,1.3,1.5,2.2,73744.0,5.9,435.0,-4.4,-2.8,0.017,16169.0,0.4,7.0,1.5,0.9,0.006,1.99,-0.57,0.93,7.2,5.4,0.0227,20,0,3,7,73.2,33,-21,12,0.6,0.006231,999999.99,99999.99,99999.99,0.21,0.12,0.08,-1,2008-01-12 14:00:00
2008,12,15,2380,51,52,60,38,7.6,7.3,-71.4,184.0,-2.3,-0.2,-6.9,0.4,-6.9,0.4,2.1,1.1,1.7,0.5,104013.0,4.0,443.0,-1.7,0.5,0.027,21494.0,0.9,5.0,1.2,0.9,0.004,1.45,3.06,0.67,5.8,4.6,0.035,40,0,-6,27,73.2,280,-266,14,1.8,0.006231,999999.99,99999.99,99999.99,0.23,0.12,0.09,-1,2008-01-12 15:00:00
2008,12,16,2380,51,52,61,36,7.7,7.3,-70.3,180.2,-2.5,0.0,-6.9,1.0,-6.8,0.3,2.2,1.1,1.8,0.6,148723.0,4.4,443.0,-2.5,-0.9,0.031,22515.0,0.5,6.0,1.0,0.8,0.003,1.62,3.01,0.86,6.0,4.6,0.0327,40,0,-17,27,73.2,763,-643,120,4.4,0.006231,999999.99,99999.99,99999.99,0.19,0.11,0.08,-1,2008-01-12 16:00:00
2008,12,17,2380,51,52,59,35,6.4,5.1,-48.0,158.9,-3.2,1.2,-3.8,1.9,-3.5,0.5,3.9,1.8,2.3,2.5,147390.0,4.6,442.0,-3.6,-2.5,0.03,32441.0,0.7,9.0,1.2,2.0,0.005,1.68,1.55,1.29,7.4,5.1,0.0217,40,0,-27,27,73.2,740,-560,180,3.3,0.006231,999999.99,99999.99,99999.99,0.22,0.13,0.1,-1,2008-01-12 17:00:00
2008,12,18,2380,51,52,62,36,7.2,7.1,2.8,141.7,-5.6,4.4,0.3,4.2,1.3,0.3,1.1,0.5,0.3,0.9,85103.0,3.0,450.0,-2.4,-2.3,0.023,25362.0,0.9,6.0,1.3,0.6,0.002,1.11,-0.58,0.51,5.4,4.5,0.0406,30,0,-27,15,73.2,287,-150,137,1.4,0.006231,999999.99,99999.99,99999.99,0.24,0.11,0.08,-1,2008-01-12 18:00:00
2008,12,19,2380,51,52,62,34,6.3,6.0,-15.1,137.3,-4.3,3.9,-1.6,4.2,-0.5,0.9,1.8,1.2,0.7,1.1,140866.0,4.2,466.0,-2.1,-1.1,0.026,39264.0,1.0,9.0,0.6,0.6,0.003,1.68,0.23,1.19,7.6,5.3,0.0207,30,0,-21,15,73.2,80,-41,40,1.0,0.006231,999999.99,99999.99,99999.99,0.22,0.11,0.08,-1,2008-01-12 19:00:00
2008,12,20,2380,51,52,62,35,7.1,7.0,3.9,133.7,-4.8,5.0,0.5,4.6,2.0,0.3,1.0,0.5,0.3,0.9,134999.0,3.3,481.0,-1.4,-3.7,9.999,22075.0,0.6,7.0,0.9,1.0,9.999,1.53,-0.96,0.72,6.2,4.8,0.0314,30,0,-19,15,73.2,64,-25,39,0.3,0.006231,999999.99,99999.99,99999.99,0.18,0.1,0.07,-1,2008-01-12 20:00:00
2008,12,21,2380,51,52,60,37,7.2,6.8,12.7,123.7,-3.7,5.5,1.5,4.7,3.2,0.1,2.3,1.3,0.5,1.7,162595.0,3.3,496.0,-0.6,-3.4,0.02,22380.0,0.5,9.0,0.6,1.3,0.003,1.46,-1.59,0.77,6.3,4.8,0.0304,20,0,-20,7,73.2,47,-14,32,0.2,0.006231,999999.99,99999.99,99999.99,0.17,0.1,0.07,-1,2008-01-12 21:00:00
2008,12,22,2380,51,52,63,37,5.6,3.9,-6.1,136.2,-2.8,2.7,-0.4,2.7,0.5,0.7,3.9,1.4,1.2,3.4,250586.0,3.3,515.0,2.6,-2.1,0.028,69875.0,0.9,19.0,1.8,2.8,0.001,1.63,-0.26,1.66,8.4,5.4,0.017,20,0,-21,7,73.2,111,-61,50,1.2,0.006231,999999.99,99999.99,99999.99,0.19,0.11,0.09,-1,2008-01-12 22:00:00
2008,12,23,2380,51,52,61,37,5.3,4.1,-62.9,109.9,-0.6,1.7,-3.6,2.8,-2.8,0.4,3.3,2.0,2.3,1.2,263420.0,3.9,534.0,3.6,-0.3,0.021,44369.0,0.6,17.0,1.9,1.0,0.003,2.01,1.5,2.26,9.9,5.8,0.012,20,0,-24,7,73.2,206,-146,60,1.9,0.006231,999999.99,99999.99,99999.99,0.2,0.1,0.08,-1,2008-01-12 23:00:00
2008,13,0,2380,51,52,56,28,5.6,3.8,-35.1,162.4,-3.0,0.9,-2.2,1.6,-1.8,0.6,4.0,2.0,2.4,2.5,248533.0,3.8,517.0,4.4,-1.4,0.026,68835.0,0.9,21.0,2.3,1.9,0.003,1.87,0.93,1.9,9.0,5.5,0.0147,27,0,-27,12,72.9,292,-188,105,2.0,0.006211,999999.99,99999.99,99999.99,0.21,0.11,0.09,-1,2008-01-13 00:00:00
2008,13,1,2380,51,52,64,40,6.4,5.4,13.6,120.8,-2.7,4.5,1.3,3.9,2.6,0.4,3.2,1.9,1.5,2.0,193230.0,3.1,505.0,1.5,-3.8,0.022,54427.0,1.0,23.0,1.4,1.9,0.003,1.44,-1.31,1.01,6.9,5.1,0.0246,27,0,-25,12,72.9,267,-170,97,2.1,0.006211,999999.99,99999.99,99999.99,0.18,0.09,0.07,-1,2008-01-13 01:00:00
2008,13,2,2380,51,52,58,35,6.0,5.6,34.9,105.9,-1.3,4.4,3.2,3.3,4.3,0.4,2.0,0.8,0.9,1.5,238641.0,3.6,514.0,1.7,-4.5,0.023,29440.0,0.3,9.0,0.9,1.3,0.003,1.73,-2.21,1.53,8.1,5.3,0.018,27,0,-20,12,72.9,106,-35,71,0.8,0.006211,999999.99,99999.99,99999.99,0.3,0.12,0.08,-1,2008-01-13 02:00:00
2008,13,3,2380,51,52,58,34,5.5,5.1,-12.4,138.7,-3.7,3.3,-1.1,3.5,-0.3,0.2,1.8,0.7,0.8,1.5,133809.0,2.2,486.0,0.7,-0.3,9.999,32073.0,0.5,10.0,1.1,1.7,9.999,1.04,0.15,0.79,6.6,5.0,0.0277,23,0,-17,9,72.9,100,-48,52,0.8,0.006211,999999.99,99999.99,99999.99,0.22,0.08,0.06,-1,2008-01-13 03:00:00
2008,13,4,2380,51,52,60,36,5.6,5.5,-1.1,134.0,-3.8,4.0,-0.1,3.9,0.6,0.1,1.1,0.7,0.6,0.5,148426.0,2.9,488.0,-0.2,-0.8,0.028,31882.0,0.6,12.0,0.6,0.6,0.0,1.28,-0.29,1.06,7.4,5.4,0.0216,23,0,-17,9,72.9,106,-62,45,0.7,0.006211,999999.99,99999.99,99999.99,0.18,0.1,0.08,-1,2008-01-13 04:00:00
2008,13,5,2380,51,52,59,34,5.5,3.8,-34.9,43.1,2.3,2.1,-2.2,2.4,-1.9,1.0,4.1,2.8,2.2,2.1,196990.0,3.6,506.0,0.7,-0.6,0.019,36785.0,0.5,9.0,1.5,0.8,0.004,1.66,0.96,1.61,8.7,5.6,0.0156,23,0,-18,9,72.9,205,-148,57,1.2,0.006211,999999.99,99999.99,99999.99,0.17,0.11,0.08,-1,2008-01-13 05:00:00
