YEAR,DOY,Hour,Bartels_rotation_number,ID_for_IMF_spacecraft,ID_for_SW_Plasma_spacecraft,num_points_IMF_averages,num_points_Plasma_averages,Scalar_B_nT,Vector_B_Magnitude_nT,Lat_Angle_of_B_GSE,Long_Angle_of_B_GSE,BX_nT_GSE_GSM,BY_nT_GSE,BZ_nT_GSE,BY_nT_GSM,BZ_nT_GSM,RMS_magnitude_nT,RMS_field_vector_nT,RMS_BX_GSE_nT,RMS_BY_GSE_nT,RMS_BZ_GSE_nT,SW_Plasma_Temperature_K,SW_Proton_Density_N_cm3,SW_Plasma_Speed_km_s,SW_Plasma_flow_long_angle,SW_Plasma_flow_lat_angle,Alpha_Prot_ratio,sigma_T_K,sigma_n_N_cm3,sigma_V_km_s,sigma_phi_V_degrees,sigma_theta_V_degrees,sigma_ratio,Flow_pressure,E_electric_field,Plasma_Beta,Alfen_mach_number,Magnetosonic_Mach_number,Quasy_Invariant,Kp_index,R_Sunspot_No,Dst_index_nT,ap_index_nT,f10.7_index,AE_index_nT,AL_index_nT,AU_index_nT,pc_index,Lyman_alpha,Proton_flux_>1_Mev,Proton_flux_>2_Mev,Proton_flux_>4_Mev,Proton_flux_>10_Mev,Proton_flux_>30_Mev,Proton_flux_>60_Mev,Flux_FLAG,Timestamp
2006,177,11,2359,51,52,60,37,2.6,2.6,-10.3,304.9,1.4,-2.1,-0.5,-2.2,0.0,0.1,0.3,0.2,0.2,0.2,12473.0,10.2,281.0,-0.3,-0.0,0.006,616.0,0.5,1.0,0.3,0.3,0.001,1.38,-0.0,8.84,17.3,5.9,0.004,3,18,4,2,79.0,59,-29,30,0.1,0.006396,999999.99,99999.99,99999.99,0.22,0.13,0.08,-1,2006-06-26 11:00:00
2006,177,12,2359,51,52,59,36,2.5,2.1,-7.7,318.2,1.5,-1.4,-0.3,-1.4,0.0,0.2,1.5,0.2,1.3,0.6,11781.0,10.4,281.0,-0.2,-0.3,0.006,961.0,0.3,1.0,0.7,0.3,0.001,1.4,-0.0,9.7,18.1,5.9,0.0036,7,18,2,3,79.0,70,-26,44,0.6,0.006396,999999.99,99999.99,99999.99,0.19,0.11,0.08,-1,2006-06-26 12:00:00
2006,177,13,2359,51,52,59,36,2.6,2.5,32.5,46.6,1.4,1.5,1.3,1.7,1.0,0.2,0.8,0.4,0.4,0.5,11067.0,10.8,279.0,0.5,0.3,0.006,646.0,0.4,1.0,0.2,0.3,0.001,1.44,-0.28,9.27,17.6,5.9,0.0038,7,18,2,3,79.0,65,-21,44,0.5,0.006396,999999.99,99999.99,99999.99,0.2,0.12,0.09,-1,2006-06-26 13:00:00
2006,177,14,2359,51,52,60,36,2.6,2.4,32.0,329.7,1.8,-1.0,1.3,-0.8,1.4,0.2,0.9,0.3,0.6,0.6,11915.0,10.7,278.0,-0.5,0.2,0.006,523.0,0.3,1.0,0.3,0.3,0.001,1.41,-0.39,9.24,17.5,5.8,0.0039,7,18,4,3,79.0,51,-24,27,0.0,0.006396,999999.99,99999.99,99999.99,0.21,0.11,0.07,-1,2006-06-26 14:00:00
2006,177,15,2359,51,52,59,37,2.2,2.0,29.6,321.8,1.3,-1.0,1.0,-0.9,1.1,0.1,1.0,0.2,0.6,0.7,11652.0,11.2,277.0,-0.6,-0.1,0.006,443.0,0.3,1.0,0.3,0.4,0.0,1.47,-0.3,13.48,21.1,5.9,0.0027,3,18,4,2,79.0,45,-28,17,0.7,0.006396,999999.99,99999.99,99999.99,0.17,0.11,0.08,-1,2006-06-26 15:00:00
2006,177,16,2359,51,52,61,37,2.2,1.9,19.6,336.2,1.6,-0.7,0.6,-0.7,0.6,0.2,1.1,0.3,0.4,1.0,11944.0,11.4,276.0,-0.5,-0.3,0.006,628.0,0.3,2.0,0.2,0.6,0.0,1.49,-0.17,13.75,21.2,5.9,0.0027,3,18,5,2,79.0,42,-25,17,0.5,0.006396,999999.99,99999.99,99999.99,0.19,0.1,0.08,-1,2006-06-26 16:00:00
2006,177,17,2359,51,52,59,37,2.6,2.6,-27.3,328.4,1.9,-1.2,-1.2,-1.2,-1.2,0.1,0.4,0.2,0.3,0.1,12529.0,11.1,277.0,-0.8,-1.2,0.006,332.0,0.2,1.0,0.2,0.1,0.0,1.46,0.33,9.62,17.7,5.8,0.0038,3,18,5,2,79.0,42,-22,21,0.6,0.006396,999999.99,99999.99,99999.99,0.25,0.14,0.09,-1,2006-06-26 17:00:00
2006,177,18,2359,51,52,60,34,2.3,2.2,-7.5,336.9,2.0,-0.8,-0.3,-0.8,-0.3,0.2,0.8,0.4,0.5,0.5,12418.0,11.5,276.0,-0.9,-0.7,0.006,538.0,0.3,0.0,0.3,0.3,0.0,1.5,0.08,12.73,20.3,5.9,0.0029,3,18,4,2,79.0,64,-33,31,0.6,0.006396,999999.99,99999.99,99999.99,0.19,0.11,0.08,-1,2006-06-26 18:00:00
2006,177,19,2359,51,52,60,36,2.4,2.2,7.4,333.9,2.0,-1.0,0.3,-1.0,0.2,0.1,0.8,0.4,0.5,0.5,11477.0,11.7,274.0,-1.0,-0.2,0.006,531.0,0.2,1.0,0.5,0.4,0.0,1.5,-0.05,11.82,19.5,5.8,0.0031,3,18,3,2,79.0,67,-35,32,0.4,0.006396,999999.99,99999.99,99999.99,0.21,0.09,0.06,-1,2006-06-26 19:00:00
2006,177,20,2359,51,52,60,37,1.6,1.6,-2.0,316.7,1.1,-1.1,-0.1,-1.1,-0.2,0.5,0.6,0.4,0.3,0.4,10805.0,12.7,275.0,-1.4,-0.5,0.006,939.0,0.8,1.0,0.2,0.3,0.001,1.64,0.06,28.72,30.6,6.0,0.0013,3,18,4,2,79.0,60,-32,28,0.4,0.006396,999999.99,99999.99,99999.99,0.23,0.12,0.08,-1,2006-06-26 20:00:00
2006,177,21,2359,51,52,59,37,0.9,0.7,2.2,335.2,0.6,-0.3,0.0,-0.3,0.0,0.2,0.6,0.3,0.4,0.3,10184.0,13.6,275.0,-1.5,-0.1,0.005,1062.0,0.4,1.0,0.1,0.2,0.001,1.75,-0.0,96.77,56.3,6.1,0.0004,0,18,4,0,79.0,52,-28,24,0.3,0.006396,999999.99,99999.99,99999.99,0.17,0.1,0.06,-1,2006-06-26 21:00:00
2006,177,22,2359,51,52,61,13,1.9,1.7,1.3,324.6,1.4,-1.0,0.0,-1.0,-0.2,0.6,1.0,0.5,0.5,0.7,10794.0,12.9,274.0,-1.4,0.2,0.004,1129.0,0.7,1.0,0.1,0.4,0.001,1.64,0.05,20.69,25.9,6.0,0.0018,0,18,1,0,79.0,38,-19,18,0.1,0.006396,999999.99,99999.99,99999.99,0.2,0.09,0.07,-1,2006-06-26 22:00:00
2006,177,23,2359,51,52,61,12,2.7,2.6,-19.2,287.7,0.7,-2.3,-0.9,-2.1,-1.2,0.2,0.9,0.5,0.4,0.6,11291.0,12.2,276.0,-2.9,-1.3,0.003,908.0,0.3,1.0,0.3,0.4,0.0,1.57,0.33,9.72,17.9,5.8,0.0037,0,18,-1,0,79.0,48,-29,18,0.1,0.006396,999999.99,99999.99,99999.99,0.19,0.12,0.08,-1,2006-06-26 23:00:00
2006,178,0,2359,51,52,58,36,2.7,2.4,-24.9,298.5,1.0,-1.9,-1.0,-1.8,-1.2,0.2,1.2,0.6,0.6,0.7,11102.0,11.9,273.0,-2.8,-2.2,0.003,1149.0,0.3,3.0,0.4,0.6,0.001,1.5,0.33,9.47,17.4,5.8,0.0039,7,23,-3,3,81.2,49,-30,19,0.1,0.006412,999999.99,99999.99,99999.99,0.19,0.11,0.08,-1,2006-06-27 00:00:00
2006,178,1,2359,51,52,57,34,3.1,3.0,-31.5,315.6,1.8,-1.8,-1.5,-1.6,-1.7,0.4,0.9,0.5,0.4,0.5,9352.0,11.9,269.0,-2.8,-2.2,0.003,616.0,0.7,2.0,0.5,0.5,0.001,1.46,0.46,7.09,15.0,5.6,0.0053,7,23,1,3,81.2,61,-30,31,0.2,0.006412,999999.99,99999.99,99999.99,0.22,0.12,0.08,-1,2006-06-27 01:00:00
2006,178,2,2359,51,52,64,38,3.1,3.0,-20.6,332.0,2.5,-1.3,-1.1,-1.2,-1.2,0.3,0.7,0.2,0.4,0.5,11300.0,13.3,271.0,-2.2,-0.8,0.006,1497.0,1.5,3.0,0.6,0.7,0.002,1.67,0.33,8.04,15.9,5.7,0.0047,7,23,5,3,81.2,83,-29,54,0.5,0.006412,999999.99,99999.99,99999.99,0.21,0.1,0.08,-1,2006-06-27 02:00:00
2006,178,3,2359,51,52,60,38,2.4,1.3,4.4,127.6,-0.8,1.0,0.1,1.0,0.1,0.5,2.1,1.4,1.2,1.1,16393.0,16.5,276.0,-0.9,-1.1,0.005,2096.0,1.1,1.0,0.5,0.3,0.003,2.14,-0.03,17.25,23.4,5.9,0.0022,3,23,10,2,81.2,59,-21,38,0.5,0.006412,999999.99,99999.99,99999.99,0.22,0.12,0.09,-1,2006-06-27 03:00:00
2006,178,4,2359,51,52,64,39,2.4,2.3,25.7,177.7,-2.1,0.1,1.0,0.1,1.0,0.2,0.7,0.3,0.3,0.5,17780.0,17.8,281.0,-1.3,-0.4,0.005,1218.0,0.6,3.0,0.2,0.6,0.001,2.39,-0.28,18.79,24.7,6.0,0.0019,3,23,13,2,81.2,37,-15,22,0.2,0.006412,999999.99,99999.99,99999.99,0.21,0.12,0.07,-1,2006-06-27 04:00:00
2006,178,5,2359,51,52,60,37,2.1,2.0,14.6,185.7,-1.9,-0.2,0.5,-0.2,0.5,0.3,0.8,0.4,0.2,0.7,16694.0,19.3,285.0,-0.8,0.2,0.005,1100.0,0.8,2.0,0.2,0.2,0.001,2.67,-0.14,26.41,29.8,6.1,0.0013,3,23,16,2,81.2,20,-8,11,0.0,0.006412,999999.99,99999.99,99999.99,0.21,0.12,0.08,-1,2006-06-27 05:00:00
2006,178,6,2359,51,52,57,34,2.7,2.5,27.8,160.2,-2.1,0.8,1.2,0.9,1.1,0.4,1.0,0.6,0.5,0.6,16718.0,19.4,279.0,-1.1,0.4,0.003,847.0,0.8,3.0,0.4,0.5,0.001,2.55,-0.31,16.06,22.8,5.9,0.0023,3,23,18,2,81.2,34,-6,28,0.4,0.006412,999999.99,99999.99,99999.99,0.19,0.13,0.08,-1,2006-06-27 06:00:00
2006,178,7,2359,51,52,63,38,1.7,1.4,15.1,160.2,-1.3,0.5,0.4,0.6,0.3,0.7,1.1,0.8,0.4,0.7,15786.0,22.6,281.0,-1.2,0.7,0.004,1416.0,2.1,3.0,0.2,0.8,0.001,3.03,-0.08,46.89,39.3,6.1,0.0008,3,23,17,2,81.2,72,-12,59,0.8,0.006412,999999.99,99999.99,99999.99,0.17,0.1,0.07,-1,2006-06-27 07:00:00
2006,178,8,2359,51,52,62,39,1.0,0.6,30.7,155.4,-0.5,0.2,0.3,0.3,0.3,0.3,0.8,0.4,0.2,0.7,13481.0,29.4,288.0,-0.9,-1.0,0.006,435.0,2.0,2.0,0.8,0.3,0.001,4.17,-0.09,173.48,78.1,6.4,0.0002,3,23,21,2,81.2,64,-20,44,0.3,0.006412,999999.99,99999.99,99999.99,0.27,0.11,0.07,-1,2006-06-27 08:00:00
2006,178,9,2359,51,52,60,36,1.4,1.4,50.9,181.8,-0.9,0.0,1.1,0.2,1.1,0.7,0.8,0.5,0.3,0.5,13909.0,31.9,291.0,-0.9,-0.8,0.004,642.0,0.9,1.0,0.1,0.1,0.001,4.58,-0.32,96.33,58.7,6.4,0.0003,7,23,21,3,81.2,60,-27,33,-0.0,0.006412,999999.99,99999.99,99999.99,0.19,0.1,0.06,-1,2006-06-27 09:00:00
2006,178,10,2359,51,52,61,37,3.0,0.9,13.9,149.1,-0.7,0.4,0.2,0.4,0.1,1.5,3.3,1.0,2.7,1.5,18280.0,30.3,290.0,-1.2,-0.6,0.004,2890.0,3.5,4.0,0.8,0.6,0.001,4.32,-0.03,20.54,26.6,6.1,0.0017,7,23,23,3,81.2,74,-29,45,0.1,0.006412,999999.99,99999.99,99999.99,0.2,0.12,0.08,-1,2006-06-27 10:00:00
2006,178,11,2359,51,52,60,37,5.8,5.6,-3.0,102.6,-1.2,5.5,-0.3,5.3,-1.6,0.4,1.6,0.9,0.6,1.3,22938.0,23.2,293.0,-2.5,-0.3,0.007,1639.0,1.8,1.0,1.0,0.4,0.001,3.42,0.47,4.34,12.2,5.6,0.008,7,23,20,3,81.2,138,-32,106,1.0,0.006412,999999.99,99999.99,99999.99,0.19,0.1,0.07,-1,2006-06-27 11:00:00
2006,178,12,2359,51,52,61,37,6.2,4.6,-6.2,111.4,-1.7,4.2,-0.5,4.0,-1.4,0.5,4.2,1.1,2.0,3.4,27694.0,23.2,295.0,-1.1,-0.3,0.007,3106.0,2.3,2.0,0.8,1.0,0.001,3.47,0.41,3.92,11.5,5.5,0.0091,20,23,16,7,81.2,131,-48,83,0.7,0.006412,999999.99,99999.99,99999.99,0.2,0.1,0.09,-1,2006-06-27 12:00:00
2006,178,13,2359,51,52,59,37,6.8,4.8,-25.4,108.3,-1.3,4.1,-2.0,3.6,-2.8,1.1,4.9,1.5,2.8,3.7,31435.0,22.3,298.0,-0.6,-0.2,0.007,3271.0,1.6,3.0,0.7,1.6,0.001,3.4,0.83,3.21,10.3,5.3,0.0111,20,23,12,7,81.2,116,-48,68,0.8,0.006412,999999.99,99999.99,99999.99,0.17,0.08,0.06,-1,2006-06-27 13:00:00
2006,178,14,2359,51,52,61,36,6.6,5.3,40.4,136.9,-2.9,2.8,3.4,3.3,2.9,0.6,3.9,0.8,3.2,2.1,33677.0,20.0,296.0,-1.3,-1.9,0.008,2426.0,2.1,2.0,0.7,0.6,0.001,3.02,-0.86,3.1,10.0,5.2,0.0118,20,23,10,7,81.2,96,-45,51,-0.1,0.006412,999999.99,99999.99,99999.99,0.2,0.11,0.08,-1,2006-06-27 14:00:00
2006,178,15,2359,51,52,65,39,6.9,5.3,10.8,115.6,-2.2,4.7,1.0,4.8,0.4,0.6,4.4,2.0,2.0,3.4,30748.0,19.6,303.0,-1.5,-0.9,0.008,5462.0,1.7,5.0,1.0,1.2,0.001,3.1,-0.12,2.72,9.7,5.3,0.0126,17,23,13,6,81.2,124,-74,50,-0.5,0.006412,999999.99,99999.99,99999.99,0.2,0.11,0.08,-1,2006-06-27 15:00:00
2006,178,16,2359,51,52,61,38,5.7,4.8,4.4,114.3,-2.0,4.4,0.4,4.4,0.1,0.7,3.0,1.2,0.7,2.6,33734.0,19.6,315.0,-1.6,1.3,0.018,11130.0,2.8,6.0,0.6,1.0,0.01,3.48,-0.03,4.07,12.2,5.8,0.0079,17,23,17,6,81.2,135,-82,53,0.7,0.006412,999999.99,99999.99,99999.99,0.2,0.11,0.08,-1,2006-06-27 16:00:00
2006,178,17,2359,51,52,62,38,5.9,5.6,50.1,146.9,-3.0,2.0,4.3,2.0,4.3,1.5,2.1,0.9,1.4,1.3,50264.0,16.3,317.0,-0.8,-0.0,0.039,9328.0,1.3,3.0,0.6,0.5,0.008,3.16,-1.36,3.48,10.8,5.4,0.0101,17,23,14,6,81.2,81,-29,52,-0.8,0.006412,999999.99,99999.99,99999.99,0.19,0.1,0.08,-1,2006-06-27 17:00:00
2006,178,18,2359,51,52,61,36,5.5,5.1,-45.8,96.0,-0.4,3.6,-3.7,3.8,-3.5,0.9,2.2,1.0,0.9,1.8,54248.0,17.4,324.0,-0.8,0.4,0.044,4352.0,0.9,1.0,0.3,0.9,0.007,3.59,1.13,4.37,12.3,5.6,0.0079,20,23,13,7,81.2,64,-12,51,0.9,0.006412,999999.99,99999.99,99999.99,0.19,0.09,0.07,-1,2006-06-27 18:00:00
2006,178,19,2359,51,52,62,38,6.6,5.5,47.5,131.5,-2.5,2.8,4.1,2.4,4.3,0.6,3.6,0.6,2.1,2.8,58240.0,17.9,328.0,-2.1,-1.2,0.044,4062.0,0.7,3.0,0.5,0.6,0.004,3.78,-1.41,3.19,10.5,5.4,0.0108,20,23,9,7,81.2,99,-28,71,0.5,0.006412,999999.99,99999.99,99999.99,0.18,0.11,0.08,-1,2006-06-27 19:00:00
2006,178,20,2359,51,52,63,38,7.6,6.8,40.8,120.8,-2.6,4.4,4.4,3.8,4.9,1.1,3.6,1.1,2.5,2.3,60393.0,19.6,339.0,-2.7,-1.0,0.038,3790.0,0.9,6.0,0.7,1.0,0.007,4.33,-1.66,2.66,9.9,5.4,0.0122,20,23,15,7,81.2,77,-23,54,-0.2,0.006412,999999.99,99999.99,99999.99,0.18,0.11,0.08,-1,2006-06-27 20:00:00
2006,178,21,2359,51,52,64,40,9.2,6.1,11.0,114.2,-2.5,5.5,1.2,5.3,2.0,1.5,6.9,1.1,2.9,6.2,79728.0,17.7,355.0,-1.9,-0.4,0.035,23232.0,1.2,7.0,1.2,1.5,0.009,4.25,-0.71,1.81,8.1,5.1,0.0181,20,23,14,7,81.2,83,-27,56,0.2,0.006412,999999.99,99999.99,99999.99,0.19,0.1,0.08,-1,2006-06-27 21:00:00
2006,178,22,2359,51,52,61,36,7.0,5.5,-18.5,147.5,-4.4,2.8,-1.7,3.0,-1.3,1.4,4.5,2.7,2.1,3.0,108949.0,18.4,362.0,-2.9,-1.8,0.045,7448.0,0.9,2.0,0.9,1.1,0.003,4.75,0.47,3.71,11.1,5.4,0.0097,20,23,9,7,81.2,176,-91,85,1.6,0.006412,999999.99,99999.99,99999.99,0.14,0.09,0.06,-1,2006-06-27 22:00:00
2006,178,23,2359,51,52,60,37,8.9,6.0,-10.8,123.6,-3.3,4.9,-1.1,5.0,-0.4,1.0,6.6,3.2,2.9,5.0,93223.0,18.0,367.0,-4.0,-2.4,0.038,9161.0,1.1,5.0,0.7,0.9,0.007,4.66,0.15,2.09,8.7,5.2,0.0155,20,23,7,7,81.2,141,-60,81,1.2,0.006412,999999.99,99999.99,99999.99,0.2,0.1,0.06,-1,2006-06-27 23:00:00
2006,179,0,2360,51,52,62,38,11.9,11.0,-11.9,126.5,-6.4,8.7,-2.3,8.9,-1.2,1.0,4.4,1.8,0.9,3.9,82464.0,17.1,370.0,-6.6,-2.6,0.021,7868.0,0.9,3.0,1.0,1.1,0.004,4.24,0.44,1.06,6.4,4.6,0.0288,27,42,5,12,86.3,218,-97,121,2.1,0.006486,999999.99,99999.99,99999.99,0.18,0.1,0.06,-1,2006-06-28 00:00:00
2006,179,1,2360,51,52,58,33,12.6,10.9,-16.4,132.7,-7.1,7.7,-3.1,8.0,-2.4,0.8,6.2,2.6,1.5,5.4,64663.0,17.8,369.0,-7.7,-2.3,0.015,13617.0,1.5,4.0,0.8,1.3,0.003,4.29,0.89,0.9,6.2,4.6,0.0312,27,42,5,12,86.3,373,-232,141,1.9,0.006486,999999.99,99999.99,99999.99,0.18,0.09,0.07,-1,2006-06-28 01:00:00
2006,179,2,2360,51,52,67,42,8.4,5.6,20.0,144.1,-4.3,3.1,1.9,3.0,2.1,2.4,6.5,2.8,3.6,4.7,143219.0,16.4,388.0,-4.0,-1.9,0.038,35304.0,1.4,13.0,1.4,2.1,0.008,4.75,-0.81,2.63,9.4,5.2,0.0136,27,42,7,12,86.3,345,-143,202,3.2,0.006486,999999.99,99999.99,99999.99,0.2,0.12,0.1,-1,2006-06-28 02:00:00
2006,179,3,2360,51,52,59,36,5.1,3.5,45.2,200.3,-2.3,-0.8,2.5,-0.8,2.5,0.8,3.7,1.6,2.1,2.5,162616.0,16.1,399.0,-1.9,-1.6,0.04,12979.0,1.0,4.0,1.0,0.6,0.005,4.97,-1.0,7.49,15.7,5.7,0.0048,23,42,13,9,86.3,116,-19,97,0.4,0.006486,999999.99,99999.99,99999.99,0.2,0.11,0.08,-1,2006-06-28 03:00:00
2006,179,4,2360,51,52,63,40,7.2,2.8,52.0,199.2,-1.6,-0.6,2.2,-0.5,2.2,2.0,6.7,3.8,4.1,3.7,154775.0,16.0,420.0,0.0,-2.7,0.038,13555.0,2.3,15.0,1.0,1.0,0.007,5.43,-0.92,3.64,11.7,5.7,0.0087,23,42,18,9,86.3,94,-13,81,0.1,0.006486,999999.99,99999.99,99999.99,0.17,0.11,0.08,-1,2006-06-28 04:00:00
2006,179,5,2360,51,52,64,39,8.6,6.0,-16.3,103.9,-1.4,5.6,-1.7,5.4,-2.1,0.9,6.1,3.8,2.6,4.0,165350.0,12.1,434.0,-0.2,-1.2,0.052,18966.0,0.7,8.0,0.7,1.0,0.008,4.6,0.91,2.0,8.8,5.3,0.0154,23,42,14,9,86.3,82,-10,73,1.5,0.006486,999999.99,99999.99,99999.99,0.18,0.11,0.09,-1,2006-06-28 05:00:00
2006,179,6,2360,51,52,58,35,8.5,7.2,-36.5,81.3,0.9,5.7,-4.3,5.1,-5.0,0.6,4.5,2.0,2.9,2.8,175657.0,12.1,443.0,-1.5,0.0,0.051,11276.0,0.4,4.0,0.4,0.7,0.004,4.77,2.21,2.12,9.1,5.4,0.0145,33,42,6,18,86.3,331,-132,199,2.7,0.006486,999999.99,99999.99,99999.99,0.2,0.11,0.08,-1,2006-06-28 06:00:00
2006,179,7,2360,51,52,65,38,10.0,6.1,-7.5,117.2,-2.8,5.4,-0.8,5.2,-1.7,0.8,7.7,2.8,2.2,6.9,193963.0,9.4,448.0,1.3,-2.8,0.06,47690.0,2.2,17.0,2.5,1.3,0.018,3.91,0.76,1.26,6.9,4.8,0.0252,33,42,-3,18,86.3,468,-237,231,3.5,0.006486,999999.99,99999.99,99999.99,0.22,0.1,0.07,-1,2006-06-28 07:00:00
2006,179,8,2360,51,52,59,37,10.0,9.2,-25.0,115.2,-3.6,7.6,-3.9,6.7,-5.3,0.4,3.7,2.2,1.4,2.6,234635.0,7.5,470.0,5.2,-3.8,0.079,24655.0,0.4,7.0,0.9,1.5,0.011,3.64,2.49,1.13,6.4,4.6,0.0287,33,42,-8,18,86.3,701,-312,388,4.0,0.006486,999999.99,99999.99,99999.99,0.14,0.09,0.07,-1,2006-06-28 08:00:00
2006,179,9,2360,51,52,59,35,10.6,10.5,-6.9,133.5,-7.2,7.5,-1.3,7.0,-2.9,0.7,1.4,0.7,0.8,1.0,134827.0,6.3,464.0,2.7,-4.9,0.055,31523.0,1.2,6.0,0.9,1.0,0.011,2.76,1.35,0.61,5.5,4.4,0.0394,30,42,-14,15,86.3,643,-337,307,4.3,0.006486,999999.99,99999.99,99999.99,0.19,0.1,0.08,-1,2006-06-28 09:00:00
2006,179,10,2360,51,52,60,37,10.0,9.8,-19.9,132.1,-6.2,6.9,-3.3,5.9,-4.8,0.2,1.9,1.1,0.9,1.2,115550.0,7.4,466.0,1.1,-2.4,0.042,6800.0,0.7,6.0,0.6,1.4,0.005,3.13,2.24,0.75,6.3,4.9,0.0296,30,42,-12,15,86.3,411,-181,230,4.1,0.006486,999999.99,99999.99,99999.99,0.2,0.08,0.06,-1,2006-06-28 10:00:00
2006,179,11,2360,71,71,15,15,10.1,9.8,-15.1,123.0,-5.1,7.9,-2.5,7.1,-4.3,0.6,2.2,0.8,0.8,1.9,91311.0,7.1,457.0,-1.3,-0.8,9.999,7293.0,0.4,3.0,0.7,0.9,9.999,2.97,1.97,0.64,6.0,4.8,0.0327,30,42,-14,15,86.3,417,-250,167,3.4,0.006486,999999.99,99999.99,99999.99,0.2,0.1,0.07,-1,2006-06-28 11:00:00
2006,179,12,2360,71,71,15,15,9.0,8.7,-16.5,140.7,-6.4,5.3,-2.5,4.6,-3.7,0.2,1.9,1.0,1.1,1.2,116389.0,7.4,460.0,0.7,-0.4,9.999,11783.0,0.6,3.0,0.8,1.0,9.999,3.13,1.7,0.93,7.0,5.2,0.0246,40,42,-12,27,86.3,554,-471,83,2.7,0.006486,999999.99,99999.99,99999.99,0.18,0.11,0.08,-1,2006-06-28 12:00:00
2006,179,13,2360,51,52,19,11,8.7,7.0,-15.6,134.4,-4.7,4.8,-1.9,4.3,-2.8,1.0,5.1,3.0,0.4,4.1,168587.0,6.7,505.0,2.1,-1.2,0.073,12136.0,0.7,5.0,0.3,0.6,0.006,3.69,1.41,1.09,7.5,5.4,0.0211,40,42,-16,27,86.3,429,-284,146,3.0,0.006486,999999.99,99999.99,99999.99,0.16,0.09,0.08,-1,2006-06-28 13:00:00
2006,179,14,2360,51,52,62,36,8.5,8.0,40.8,175.9,-6.0,0.4,5.2,1.3,5.1,0.7,2.9,1.1,2.4,1.2,165918.0,6.2,517.0,3.6,-2.2,0.059,17113.0,0.6,6.0,0.9,1.2,0.01,3.42,-2.64,1.05,7.6,5.5,0.0207,40,42,-21,27,86.3,357,-230,126,1.3,0.006486,999999.99,99999.99,99999.99,0.22,0.09,0.07,-1,2006-06-28 14:00:00
2006,179,15,2360,51,52,59,36,9.0,9.0,17.0,162.4,-8.2,2.6,2.6,2.9,2.3,0.1,0.7,0.2,0.5,0.5,140428.0,5.1,515.0,1.9,1.6,0.07,7494.0,0.1,5.0,0.4,0.4,0.011,2.89,-1.18,0.7,6.5,5.1,0.0285,20,42,-21,7,86.3,108,-57,51,-0.9,0.006486,999999.99,99999.99,99999.99,0.19,0.11,0.09,-1,2006-06-28 15:00:00
2006,179,16,2360,51,52,61,38,9.2,9.1,-0.4,147.5,-7.6,4.9,-0.1,4.9,-0.4,0.1,1.3,0.3,0.6,1.1,145626.0,4.7,519.0,-0.1,2.4,0.074,9685.0,0.2,4.0,0.4,0.7,0.013,2.74,0.21,0.63,6.1,4.9,0.0318,20,42,-15,7,86.3,80,-20,60,0.3,0.006486,999999.99,99999.99,99999.99,0.2,0.11,0.08,-1,2006-06-28 16:00:00
2006,179,17,2360,51,52,62,38,9.6,9.4,-7.5,142.9,-7.4,5.6,-1.2,5.6,-1.3,0.4,1.8,0.8,0.5,1.6,143299.0,4.4,531.0,1.2,3.1,0.047,26427.0,0.6,16.0,1.6,0.8,0.009,2.46,0.69,0.54,5.8,4.8,0.0353,20,42,-12,7,86.3,250,-142,108,1.0,0.006486,999999.99,99999.99,99999.99,0.24,0.14,0.08,-1,2006-06-28 17:00:00
2006,179,18,2360,51,52,63,39,8.4,7.6,24.2,164.0,-6.6,1.9,3.1,1.8,3.2,0.7,3.4,1.1,1.8,2.7,287891.0,5.6,571.0,5.6,3.4,0.077,50530.0,0.6,12.0,1.6,1.5,0.016,3.99,-1.83,1.37,8.0,5.4,0.0184,27,42,-12,12,86.3,405,-262,144,1.7,0.006486,999999.99,99999.99,99999.99,0.17,0.1,0.07,-1,2006-06-28 18:00:00
2006,179,19,2360,51,52,58,34,8.9,8.2,-5.3,148.9,-7.0,4.2,-0.8,4.3,-0.5,0.2,3.4,1.3,2.0,2.5,245626.0,6.4,563.0,3.5,4.4,0.042,18065.0,0.3,9.0,1.2,2.1,0.005,3.96,0.28,1.26,8.0,5.5,0.0186,27,42,-14,12,86.3,229,-137,92,1.3,0.006486,999999.99,99999.99,99999.99,0.15,0.09,0.07,-1,2006-06-28 19:00:00
2006,179,20,2360,51,52,62,38,10.3,8.7,32.6,179.8,-7.3,0.0,4.7,-0.5,4.7,0.6,5.2,1.5,4.5,2.2,271008.0,5.6,571.0,6.5,0.7,0.056,32349.0,0.4,9.0,2.3,1.3,0.011,3.73,-2.68,0.88,6.6,4.9,0.0276,27,42,-12,12,86.3,128,-51,76,1.6,0.006486,999999.99,99999.99,99999.99,0.2,0.11,0.08,-1,2006-06-28 20:00:00
2006,179,21,2360,51,52,63,38,11.1,9.1,2.8,144.2,-7.4,5.3,0.5,5.2,1.2,0.3,6.1,2.5,2.5,4.9,291510.0,5.6,584.0,5.1,2.9,0.063,50725.0,0.7,18.0,2.2,3.9,0.006,3.99,-0.7,0.79,6.2,4.8,0.0307,30,42,-8,15,86.3,111,-55,56,1.1,0.006486,999999.99,99999.99,99999.99,0.17,0.09,0.07,-1,2006-06-28 21:00:00
2006,179,22,2360,51,52,57,35,11.6,10.4,-1.8,138.9,-7.8,6.8,-0.3,6.8,0.7,0.2,4.9,2.5,1.9,3.7,316751.0,5.7,573.0,4.9,3.5,0.056,40880.0,0.5,21.0,1.7,2.8,0.009,3.83,-0.4,0.78,5.9,4.6,0.0342,30,42,-5,15,86.3,129,-56,73,0.7,0.006486,999999.99,99999.99,99999.99,0.2,0.09,0.07,-1,2006-06-28 22:00:00
2006,179,23,2360,51,52,56,32,12.2,11.8,23.2,151.3,-9.5,5.2,4.7,4.5,5.4,0.2,2.6,0.9,1.9,1.6,284611.0,5.8,547.0,6.2,0.2,0.046,40189.0,0.7,9.0,2.1,1.3,0.006,3.43,-2.95,0.67,5.4,4.3,0.0408,30,42,-9,15,86.3,267,-145,122,1.1,0.006486,999999.99,99999.99,99999.99,0.18,0.09,0.06,-1,2006-06-28 23:00:00
2006,180,0,2360,51,52,64,37,12.2,10.4,17.5,153.6,-8.9,4.4,3.1,4.0,3.6,0.5,6.0,1.9,4.8,3.1,349523.0,6.3,555.0,7.4,1.9,0.053,56175.0,0.9,13.0,3.7,2.6,0.014,3.93,-2.0,0.84,5.7,4.3,0.0365,27,46,-9,12,88.4,145,-68,76,-0.2,0.006494,999999.99,99999.99,99999.99,0.16,0.1,0.07,-1,2006-06-29 00:00:00
2006,180,1,2360,51,52,53,33,13.4,12.1,16.2,135.5,-8.3,8.1,3.4,7.8,4.1,0.4,5.7,2.6,2.8,4.2,278318.0,6.3,535.0,4.7,-0.0,0.043,38887.0,1.0,21.0,2.3,2.9,0.008,3.53,-2.19,0.59,5.0,4.1,0.0474,27,46,-7,12,88.4,194,-82,111,1.1,0.006494,999999.99,99999.99,99999.99,0.16,0.09,0.07,-1,2006-06-29 01:00:00
2006,180,2,2360,51,52,62,38,14.0,13.5,4.4,138.8,-10.2,8.9,1.0,8.8,1.5,0.2,3.3,1.3,1.7,2.5,248382.0,6.0,520.0,3.7,2.1,0.054,27579.0,0.6,10.0,1.1,2.0,0.013,3.29,-0.78,0.48,4.5,3.8,0.0575,27,46,-8,12,88.4,176,-99,77,1.5,0.006494,999999.99,99999.99,99999.99,0.17,0.08,0.06,-1,2006-06-29 02:00:00
2006,180,3,2360,51,52,60,35,11.9,11.6,21.4,148.3,-9.2,5.7,4.2,5.7,4.2,1.1,3.0,1.3,2.2,1.5,285193.0,6.4,537.0,4.9,2.6,0.073,50074.0,0.6,17.0,2.0,2.5,0.027,3.98,-2.26,0.78,5.7,4.4,0.0365,20,46,-7,7,88.4,184,-98,86,2.3,0.006494,999999.99,99999.99,99999.99,0.18,0.11,0.08,-1,2006-06-29 03:00:00
2006,180,4,2360,51,52,63,38,8.5,5.6,6.1,172.3,-5.6,0.8,0.6,0.8,0.6,1.3,6.2,2.9,5.1,2.1,345820.0,8.3,565.0,6.2,5.4,0.058,46569.0,1.5,19.0,2.1,1.1,0.023,5.45,-0.34,2.27,9.6,5.6,0.013,20,46,-3,7,88.4,178,-70,108,1.8,0.006494,999999.99,99999.99,99999.99,0.17,0.11,0.08,-1,2006-06-29 04:00:00
2006,180,5,2360,51,52,58,36,7.5,5.9,20.0,169.9,-5.4,1.0,2.0,1.2,1.9,0.4,4.3,1.4,3.7,1.6,314491.0,7.1,553.0,4.2,3.3,0.054,46014.0,0.8,11.0,2.0,1.8,0.011,4.41,-1.05,2.33,9.8,5.7,0.0123,20,46,-5,7,88.4,336,-175,161,1.2,0.006494,999999.99,99999.99,99999.99,0.18,0.09,0.06,-1,2006-06-29 05:00:00
2006,180,6,2360,51,52,63,38,6.4,5.6,32.9,110.2,-1.6,4.4,3.0,4.8,2.4,0.5,2.9,1.5,1.6,2.0,260459.0,4.9,580.0,0.3,0.2,0.056,30650.0,0.6,12.0,1.6,1.2,0.007,3.37,-1.39,1.94,10.0,6.1,0.0118,20,46,-5,7,88.4,159,-74,84,0.7,0.006494,999999.99,99999.99,99999.99,0.19,0.11,0.08,-1,2006-06-29 06:00:00
2006,180,7,2360,51,52,62,37,6.4,4.8,9.3,73.6,1.3,4.5,0.8,4.6,0.0,0.6,4.1,2.8,1.8,2.4,241925.0,4.3,600.0,-0.4,1.2,0.041,23570.0,0.4,21.0,1.0,1.7,0.012,3.01,-0.0,1.62,9.7,6.3,0.0126,20,46,-3,7,88.4,138,-59,79,1.7,0.006494,999999.99,99999.99,99999.99,0.19,0.11,0.07,-1,2006-06-29 07:00:00
2006,180,8,2360,51,52,57,35,6.4,5.2,21.4,107.5,-1.5,4.6,1.9,4.9,0.9,0.4,3.5,2.0,1.8,2.3,226963.0,4.3,583.0,-0.5,0.2,0.034,21901.0,0.3,16.0,1.6,1.9,0.004,2.77,-0.52,1.55,9.4,6.2,0.0133,20,46,-3,7,88.4,311,-173,138,2.3,0.006494,999999.99,99999.99,99999.99,0.21,0.11,0.07,-1,2006-06-29 08:00:00
2006,180,9,2360,51,52,58,35,5.9,4.9,13.4,168.5,-4.6,0.9,1.1,1.1,0.9,0.2,3.2,1.3,2.4,1.8,211360.0,3.9,560.0,2.2,-0.2,0.036,27340.0,0.4,11.0,1.9,2.1,0.004,2.34,-0.5,1.58,9.4,6.1,0.0135,23,46,-3,9,88.4,282,-165,116,0.2,0.006494,999999.99,99999.99,99999.99,0.22,0.09,0.06,-1,2006-06-29 09:00:00
2006,180,10,2360,51,52,63,39,5.3,3.7,12.3,206.6,-3.2,-1.6,0.8,-1.4,1.2,0.5,3.8,1.6,3.3,1.0,185751.0,5.0,574.0,2.4,-0.5,0.032,30576.0,0.9,13.0,1.5,0.6,0.007,3.1,-0.69,2.33,12.1,7.0,0.0081,23,46,0,9,88.4,144,-81,63,0.6,0.006494,999999.99,99999.99,99999.99,0.2,0.1,0.07,-1,2006-06-29 10:00:00
2006,180,11,2360,51,52,59,33,5.6,4.9,0.7,228.1,-3.3,-3.7,0.1,-3.6,1.0,0.6,2.6,1.1,1.2,2.1,187527.0,5.7,579.0,2.1,-0.5,0.033,24627.0,0.5,4.0,0.6,0.5,0.006,3.61,-0.58,2.39,12.3,7.1,0.0078,23,46,3,9,88.4,174,-75,99,-0.5,0.006494,999999.99,99999.99,99999.99,0.2,0.1,0.07,-1,2006-06-29 11:00:00
2006,180,12,2360,51,52,59,36,5.8,5.4,-0.4,206.0,-4.9,-2.4,0.0,-2.3,0.6,0.3,1.9,0.9,1.1,1.2,157043.0,4.7,563.0,2.0,-0.8,0.033,13203.0,0.4,6.0,0.7,0.5,0.005,2.82,-0.34,1.66,10.5,6.7,0.0107,23,46,0,9,88.4,85,-27,58,0.4,0.006494,999999.99,99999.99,99999.99,0.19,0.12,0.09,-1,2006-06-29 12:00:00
2006,180,13,2360,51,52,62,38,5.8,5.5,-26.2,195.6,-4.8,-1.3,-2.4,-1.8,-2.1,0.4,1.6,1.2,0.5,0.9,138924.0,4.0,563.0,2.3,-0.2,0.032,18457.0,0.4,8.0,0.4,0.8,0.004,2.39,1.18,1.32,9.7,6.6,0.0126,23,46,-7,9,88.4,217,-135,83,1.8,0.006494,999999.99,99999.99,99999.99,0.21,0.1,0.07,-1,2006-06-29 13:00:00
2006,180,14,2360,51,52,57,35,5.1,3.0,-53.6,173.9,-1.8,0.2,-2.4,-0.2,-2.4,0.7,4.1,1.1,1.8,3.6,151033.0,3.8,570.0,1.1,-0.9,0.038,15365.0,0.3,12.0,0.8,0.5,0.005,2.38,1.37,1.7,10.9,6.9,0.01,23,46,-13,9,88.4,439,-296,143,2.9,0.006494,999999.99,99999.99,99999.99,0.2,0.11,0.08,-1,2006-06-29 14:00:00
2006,180,15,2360,51,52,61,37,5.0,4.5,4.3,170.2,-4.5,0.8,0.3,0.8,0.2,0.3,2.2,0.6,1.5,1.5,152640.0,3.3,546.0,0.6,-0.4,0.042,15505.0,0.2,3.0,1.0,0.8,0.004,1.92,-0.11,1.54,9.9,6.5,0.0121,30,46,-17,15,88.4,316,-233,83,0.6,0.006494,999999.99,99999.99,99999.99,0.18,0.1,0.08,-1,2006-06-29 15:00:00
2006,180,16,2360,51,52,59,37,5.1,4.5,-16.1,194.5,-4.2,-1.1,-1.2,-1.2,-1.1,0.2,2.3,0.4,1.8,1.4,128043.0,3.3,549.0,0.8,0.0,0.039,10353.0,0.1,5.0,0.8,0.6,0.004,1.92,0.6,1.35,9.8,6.6,0.0124,30,46,-16,15,88.4,140,-107,33,1.1,0.006494,999999.99,99999.99,99999.99,0.18,0.1,0.06,-1,2006-06-29 16:00:00
2006,180,17,2360,51,52,59,36,5.0,4.9,-7.2,178.6,-4.8,0.1,-0.6,0.1,-0.6,0.3,1.2,0.4,1.0,0.6,128454.0,3.2,544.0,0.2,-0.8,0.046,7963.0,0.2,2.0,0.3,0.3,0.003,1.87,0.33,1.37,9.7,6.6,0.0126,30,46,-13,15,88.4,222,-133,89,2.5,0.006494,999999.99,99999.99,99999.99,0.19,0.09,0.07,-1,2006-06-29 17:00:00
2006,180,18,2360,51,52,59,37,4.3,4.0,-20.8,119.9,-1.9,3.3,-1.4,3.3,-1.3,0.2,1.3,0.8,0.8,0.6,140790.0,3.9,540.0,-1.0,0.1,0.034,10540.0,0.3,7.0,0.5,0.4,0.003,2.16,0.7,2.36,12.4,7.1,0.0077,27,46,-16,12,88.4,286,-177,110,1.3,0.006494,999999.99,99999.99,99999.99,0.18,0.11,0.07,-1,2006-06-29 18:00:00
2006,180,19,2360,51,52,61,37,4.3,3.9,-7.4,97.2,-0.5,3.9,-0.5,3.9,-0.2,0.2,1.5,1.1,0.6,0.8,127032.0,3.6,541.0,-1.1,-0.3,0.041,9901.0,0.2,6.0,0.4,0.4,0.004,2.05,0.11,2.07,11.9,7.1,0.0083,27,46,-15,12,88.4,313,-197,116,1.2,0.006494,999999.99,99999.99,99999.99,0.17,0.11,0.07,-1,2006-06-29 19:00:00
2006,180,20,2360,51,52,61,36,4.5,3.7,-3.5,78.7,0.7,3.6,-0.2,3.6,0.2,0.2,2.5,0.9,0.8,2.2,110553.0,4.0,543.0,-0.5,-0.5,0.044,14827.0,0.3,6.0,0.6,1.5,0.004,2.32,-0.11,1.96,12.1,7.3,0.0082,27,46,-13,12,88.4,121,-64,57,0.9,0.006494,999999.99,99999.99,99999.99,0.25,0.13,0.09,-1,2006-06-29 20:00:00
2006,180,21,2360,51,52,60,37,3.5,2.4,16.8,96.2,-0.3,2.3,0.7,2.2,1.0,0.8,2.5,1.3,1.1,1.9,131838.0,4.3,534.0,-0.3,-1.0,0.049,15904.0,0.3,9.0,0.6,1.2,0.004,2.45,-0.53,3.8,15.8,7.6,0.0048,27,46,-14,12,88.4,123,-67,56,1.5,0.006494,999999.99,99999.99,99999.99,0.16,0.09,0.07,-1,2006-06-29 21:00:00
2006,180,22,2360,51,52,59,36,4.3,3.4,-8.9,70.3,1.1,3.1,-0.5,3.1,-0.1,0.6,2.7,1.1,0.9,2.3,119245.0,4.1,536.0,-1.3,-0.9,0.048,12236.0,0.2,5.0,0.6,1.5,0.005,2.34,0.05,2.28,12.6,7.3,0.0075,27,46,-13,12,88.4,91,-45,46,1.3,0.006494,999999.99,99999.99,99999.99,0.19,0.12,0.1,-1,2006-06-29 22:00:00
2006,180,23,2360,51,52,59,35,4.0,2.2,-49.7,149.5,-1.2,0.7,-1.7,0.9,-1.6,0.3,3.2,1.7,2.4,1.4,136882.0,4.3,525.0,0.4,-0.3,0.052,13649.0,0.2,8.0,1.2,1.0,0.006,2.39,0.84,2.97,13.6,7.2,0.0064,27,46,-16,12,88.4,281,-152,129,1.9,0.006494,999999.99,99999.99,99999.99,0.2,0.11,0.09,-1,2006-06-29 23:00:00
2006,181,0,2360,51,52,60,36,3.7,1.8,36.8,186.1,-1.5,-0.2,1.1,-0.3,1.1,0.3,3.2,1.2,2.6,1.6,145701.0,4.3,522.0,0.6,-2.1,0.057,9818.0,0.2,4.0,1.0,0.7,0.004,2.4,-0.57,3.58,14.6,7.2,0.0056,23,44,-18,9,89.0,286,-169,117,1.4,0.006601,999999.99,99999.99,99999.99,0.19,0.1,0.06,-1,2006-06-30 00:00:00
2006,181,1,2360,51,52,61,37,4.6,4.1,-3.2,48.9,2.7,3.0,-0.2,3.0,0.0,0.2,2.1,1.1,1.7,0.7,109514.0,3.7,532.0,-0.4,-1.9,0.055,10936.0,0.2,3.0,1.1,0.4,0.004,2.13,-0.0,1.73,11.1,7.0,0.0096,23,44,-13,9,89.0,132,-61,72,1.5,0.006601,999999.99,99999.99,99999.99,0.16,0.1,0.07,-1,2006-06-30 01:00:00
2006,181,2,2360,51,52,57,35,3.1,1.6,-34.3,145.8,-1.1,0.7,-0.9,0.7,-0.9,0.4,2.6,1.9,1.5,1.0,132024.0,3.9,519.0,1.2,-2.2,0.064,12284.0,0.2,10.0,1.1,1.0,0.006,2.2,0.47,4.4,16.5,7.5,0.0044,23,44,-8,9,89.0,188,-110,78,1.1,0.006601,999999.99,99999.99,99999.99,0.16,0.1,0.08,-1,2006-06-30 02:00:00
2006,181,3,2360,51,52,62,37,3.4,2.9,1.5,190.1,-2.9,-0.5,0.1,-0.5,0.1,0.5,1.7,0.7,1.2,1.0,118105.0,3.9,516.0,2.0,-2.9,0.057,12751.0,0.2,3.0,0.6,0.6,0.006,2.13,-0.05,3.46,15.0,7.5,0.0053,17,44,-7,6,89.0,336,-207,129,1.1,0.006601,999999.99,99999.99,99999.99,0.26,0.1,0.07,-1,2006-06-30 03:00:00
2006,181,4,2360,51,52,59,37,4.0,3.6,-38.7,196.6,-2.7,-0.8,-2.3,-0.9,-2.3,0.2,1.6,0.7,1.4,0.4,115798.0,3.9,515.0,1.9,-2.0,0.052,10427.0,0.2,4.0,0.7,0.4,0.003,2.09,1.18,2.48,12.7,7.2,0.0074,17,44,-10,6,89.0,439,-285,154,1.4,0.006601,999999.99,99999.99,99999.99,0.21,0.12,0.07,-1,2006-06-30 04:00:00
2006,181,5,2360,51,52,59,36,4.0,3.3,-48.4,191.5,-2.2,-0.4,-2.5,-0.6,-2.5,0.2,2.0,0.7,1.8,0.8,111277.0,3.9,517.0,1.2,-2.0,0.052,7705.0,0.2,5.0,1.0,0.5,0.004,2.1,1.29,2.43,12.8,7.2,0.0073,17,44,-12,6,89.0,450,-283,167,2.9,0.006601,999999.99,99999.99,99999.99,0.18,0.11,0.09,-1,2006-06-30 05:00:00
2006,181,6,2360,51,52,59,35,3.9,3.4,-15.0,137.8,-2.4,2.2,-0.9,2.1,-1.2,0.2,1.9,0.9,1.3,1.0,108901.0,3.6,508.0,-0.3,-2.0,0.05,17081.0,0.2,5.0,1.0,0.7,0.005,1.86,0.61,2.34,12.4,7.1,0.0078,20,44,-13,7,89.0,342,-205,138,2.8,0.006601,999999.99,99999.99,99999.99,0.21,0.15,0.11,-1,2006-06-30 06:00:00
2006,181,7,2360,51,52,64,38,4.1,2.3,11.1,120.3,-1.1,1.9,0.4,1.9,0.1,0.3,3.4,2.3,2.2,1.0,100944.0,3.7,516.0,0.4,-2.7,0.048,15871.0,0.3,16.0,1.8,1.0,0.005,1.96,-0.05,2.1,12.1,7.2,0.0081,20,44,-10,7,89.0,187,-90,97,1.3,0.006601,999999.99,99999.99,99999.99,0.2,0.09,0.07,-1,2006-06-30 07:00:00
2006,181,8,2360,51,52,56,36,3.5,1.8,-10.1,129.4,-1.1,1.3,-0.3,1.2,-0.6,0.7,3.1,2.3,1.8,1.1,110142.0,3.7,510.0,0.8,-2.0,0.053,19340.0,0.3,16.0,1.4,0.9,0.007,1.95,0.31,3.0,14.0,7.4,0.0061,20,44,-8,7,89.0,172,-79,93,1.6,0.006601,999999.99,99999.99,99999.99,0.22,0.11,0.08,-1,2006-06-30 08:00:00
2006,181,9,2360,51,52,64,38,3.5,2.5,47.7,126.4,-1.0,1.4,1.9,1.8,1.5,0.5,2.3,1.9,1.1,0.8,103220.0,3.6,509.0,0.3,-3.4,0.05,13373.0,0.3,13.0,1.0,0.6,0.008,1.87,-0.76,2.83,13.8,7.4,0.0062,20,44,-9,7,89.0,163,-92,71,1.6,0.006601,999999.99,99999.99,99999.99,0.18,0.11,0.08,-1,2006-06-30 09:00:00
2006,181,10,2360,51,52,54,31,4.0,1.9,21.5,129.0,-1.1,1.4,0.7,1.5,0.3,0.1,3.4,2.4,1.0,2.1,84988.0,3.3,502.0,0.1,-1.8,0.047,8309.0,0.2,22.0,1.0,2.1,0.004,1.65,-0.15,1.83,11.4,7.1,0.0092,20,44,-10,7,89.0,95,-43,52,1.1,0.006601,999999.99,99999.99,99999.99,0.23,0.11,0.07,-1,2006-06-30 10:00:00
2006,181,11,2360,51,52,61,37,4.3,3.9,-48.2,198.2,-2.5,-0.8,-2.9,-1.5,-2.6,0.1,1.6,0.7,1.2,0.9,74324.0,3.4,486.0,2.0,1.3,0.043,6568.0,0.2,5.0,1.3,1.0,0.003,1.57,1.26,1.55,10.4,6.8,0.011,20,44,-11,7,89.0,189,-87,101,2.0,0.006601,999999.99,99999.99,99999.99,0.2,0.13,0.08,-1,2006-06-30 11:00:00
2006,181,12,2360,51,52,59,36,4.6,4.0,-34.0,194.7,-3.2,-0.8,-2.2,-1.3,-1.9,0.2,2.2,0.8,1.8,1.0,79342.0,3.9,481.0,2.2,0.0,0.042,6666.0,0.2,4.0,1.4,0.9,0.004,1.76,0.91,1.59,10.3,6.7,0.0112,30,44,-11,15,89.0,449,-341,108,2.3,0.006601,999999.99,99999.99,99999.99,0.19,0.13,0.08,-1,2006-06-30 12:00:00
2006,181,13,2360,51,52,58,36,4.3,3.6,-49.5,135.9,-1.7,1.6,-2.7,1.0,-3.0,0.2,2.2,0.6,1.7,1.3,83616.0,3.9,487.0,0.0,0.7,0.041,9496.0,0.3,4.0,1.4,1.1,0.004,1.8,1.46,1.86,11.2,6.9,0.0095,30,44,-12,15,89.0,435,-344,91,3.5,0.006601,999999.99,99999.99,99999.99,0.19,0.12,0.11,-1,2006-06-30 13:00:00
2006,181,14,2360,51,52,60,34,4.3,3.9,-14.6,162.9,-3.6,1.1,-1.0,0.9,-1.2,0.1,1.5,0.4,1.3,0.7,71297.0,3.2,461.0,0.3,0.2,0.043,8429.0,0.3,7.0,1.7,0.9,0.005,1.33,0.55,1.44,9.6,6.4,0.0129,30,44,-14,15,89.0,308,-231,77,2.4,0.006601,999999.99,99999.99,99999.99,0.18,0.11,0.06,-1,2006-06-30 14:00:00
2006,181,15,2360,51,52,61,38,4.2,3.8,-23.8,143.5,-2.8,2.1,-1.5,1.9,-1.8,0.1,1.8,0.9,1.0,1.3,64060.0,3.1,464.0,-1.3,0.5,0.04,8202.0,0.2,7.0,1.1,1.4,0.004,1.29,0.84,1.41,9.7,6.5,0.0126,20,44,-15,7,89.0,211,-137,74,1.8,0.006601,999999.99,99999.99,99999.99,0.2,0.11,0.08,-1,2006-06-30 15:00:00
2006,181,16,2360,51,52,62,39,2.5,0.9,2.1,130.5,-0.6,0.7,0.0,0.7,-0.1,1.2,2.5,1.4,1.1,1.8,101602.0,3.5,487.0,1.0,-1.3,0.041,25561.0,0.3,13.0,1.7,1.7,0.006,1.61,0.05,5.36,18.2,7.7,0.0036,20,44,-14,7,89.0,254,-153,101,1.4,0.006601,999999.99,99999.99,99999.99,0.17,0.1,0.07,-1,2006-06-30 16:00:00
2006,181,17,2360,51,52,60,36,2.3,1.7,25.2,140.0,-1.2,1.0,0.7,1.0,0.7,0.5,1.6,0.7,1.0,1.0,119806.0,3.3,491.0,1.9,-2.0,0.05,10112.0,0.1,2.0,0.6,0.6,0.005,1.59,-0.34,6.44,19.4,7.6,0.0032,20,44,-12,7,89.0,200,-102,97,1.2,0.006601,999999.99,99999.99,99999.99,0.18,0.1,0.08,-1,2006-06-30 17:00:00
2006,181,18,2360,51,52,59,37,2.6,2.4,-11.1,171.9,-2.3,0.3,-0.5,0.3,-0.5,0.2,0.9,0.4,0.7,0.4,115333.0,3.2,486.0,2.2,-1.2,0.056,6550.0,0.1,2.0,0.5,0.2,0.005,1.54,0.24,4.8,16.7,7.4,0.0043,13,44,-13,5,89.0,130,-59,71,1.4,0.006601,999999.99,99999.99,99999.99,0.2,0.11,0.08,-1,2006-06-30 18:00:00
2006,181,19,2360,51,52,60,34,2.9,2.7,-13.0,138.6,-2.0,1.8,-0.6,1.8,-0.5,0.2,0.8,0.4,0.5,0.5,97424.0,3.1,485.0,2.2,-1.4,0.048,6616.0,0.1,2.0,0.3,0.2,0.003,1.45,0.24,3.46,14.7,7.4,0.0055,13,44,-15,5,89.0,64,-18,46,0.8,0.006601,999999.99,99999.99,99999.99,0.18,0.09,0.06,-1,2006-06-30 19:00:00
2006,181,20,2360,51,52,60,35,2.8,2.3,-27.8,130.6,-1.3,1.5,-1.1,1.6,-0.9,0.2,1.5,1.1,0.6,0.9,91062.0,3.2,481.0,2.4,-1.2,0.05,7570.0,0.1,2.0,0.2,0.3,0.004,1.48,0.43,3.73,15.4,7.5,0.005,13,44,-13,5,89.0,65,-24,42,0.7,0.006601,999999.99,99999.99,99999.99,0.2,0.09,0.07,-1,2006-06-30 20:00:00
2006,181,21,2360,51,52,59,37,2.9,2.2,-32.8,92.7,-0.1,1.9,-1.2,2.0,-1.0,0.4,1.9,0.8,1.0,1.4,82808.0,3.2,478.0,2.3,-0.9,0.049,8801.0,0.2,2.0,0.4,0.4,0.004,1.46,0.48,3.34,14.7,7.5,0.0055,13,44,-12,5,89.0,100,-40,60,1.2,0.006601,999999.99,99999.99,99999.99,0.16,0.09,0.07,-1,2006-06-30 21:00:00
2006,181,22,2360,51,52,59,36,2.5,2.3,8.3,46.6,1.5,1.6,0.3,1.5,0.5,0.3,1.0,0.6,0.6,0.5,72708.0,3.2,472.0,1.8,-0.9,0.049,5931.0,0.1,3.0,0.4,0.2,0.002,1.42,-0.24,4.28,16.9,7.8,0.0042,13,44,-12,5,89.0,73,-42,31,0.6,0.006601,999999.99,99999.99,99999.99,0.21,0.11,0.09,-1,2006-06-30 22:00:00
2006,181,23,2360,51,52,60,36,2.6,2.2,-1.4,6.1,2.2,0.2,-0.1,0.2,-0.1,0.3,1.2,0.6,0.9,0.6,70761.0,3.0,470.0,2.0,-1.0,0.05,7619.0,0.2,3.0,0.4,0.4,0.002,1.33,0.05,3.68,15.7,7.7,0.0049,13,44,-13,5,89.0,91,-58,33,0.8,0.006601,999999.99,99999.99,99999.99,0.21,0.09,0.07,-1,2006-06-30 23:00:00
2006,182,0,2360,51,52,55,34,2.7,1.7,-6.5,150.8,-1.4,0.8,-0.2,0.8,-0.1,0.3,2.1,1.9,0.5,0.7,64933.0,3.1,456.0,2.6,0.3,0.045,10524.0,0.2,7.0,0.4,0.6,0.003,1.27,0.05,3.42,14.9,7.5,0.0054,7,38,-14,3,88.4,76,-41,35,0.4,0.006627,999999.99,99999.99,99999.99,0.17,0.08,0.06,-1,2006-07-01 00:00:00
2006,182,1,2360,51,52,63,38,2.8,2.5,6.3,121.9,-1.3,2.1,0.3,2.1,0.5,0.6,1.2,0.7,0.8,0.5,65673.0,2.9,444.0,1.0,1.0,0.047,5837.0,0.3,6.0,0.8,0.7,0.004,1.13,-0.22,2.99,13.5,7.1,0.0065,7,38,-13,3,88.4,61,-37,24,0.2,0.006627,999999.99,99999.99,99999.99,0.18,0.12,0.09,-1,2006-07-01 01:00:00
2006,182,2,2360,51,52,60,36,3.4,3.0,-22.3,118.5,-1.3,2.4,-1.1,2.4,-1.0,0.1,1.6,0.7,0.6,1.3,61892.0,2.8,446.0,0.4,2.4,0.045,4695.0,0.1,5.0,0.7,1.4,0.002,1.1,0.45,1.92,11.0,6.7,0.0099,7,38,-10,3,88.4,88,-53,35,0.9,0.006627,999999.99,99999.99,99999.99,0.19,0.12,0.09,-1,2006-07-01 02:00:00
2006,182,3,2360,51,52,62,37,3.4,2.5,-6.9,89.3,0.0,2.5,-0.3,2.5,-0.3,0.1,2.3,1.9,0.5,1.2,57215.0,2.8,452.0,-0.1,1.4,0.041,7664.0,0.2,15.0,0.6,1.4,0.004,1.11,0.14,1.87,11.1,6.9,0.0096,20,38,-10,7,88.4,128,-58,70,1.3,0.006627,999999.99,99999.99,99999.99,0.21,0.11,0.08,-1,2006-07-01 03:00:00
2006,182,4,2360,51,52,58,36,3.5,3.2,-36.9,57.6,1.4,2.1,-1.9,2.0,-2.0,0.1,1.4,0.8,0.8,0.8,50501.0,3.0,458.0,0.1,2.7,0.036,4298.0,0.2,6.0,0.9,0.8,0.003,1.2,0.92,1.82,11.3,7.1,0.0093,20,38,-9,7,88.4,194,-80,115,0.9,0.006627,999999.99,99999.99,99999.99,0.21,0.11,0.07,-1,2006-07-01 04:00:00
2006,182,5,2360,51,52,60,35,3.1,2.7,-20.0,84.8,0.2,2.5,-0.9,2.4,-1.1,0.2,1.3,0.8,0.4,1.0,53093.0,3.2,448.0,-0.8,1.8,0.036,6777.0,0.2,7.0,0.5,1.0,0.004,1.23,0.49,2.51,12.9,7.3,0.0071,20,38,-9,7,88.4,306,-159,147,1.8,0.006627,999999.99,99999.99,99999.99,0.2,0.13,0.09,-1,2006-07-01 05:00:00
2006,182,6,2360,51,52,57,34,3.2,2.7,-23.8,100.5,-0.4,2.4,-1.1,2.2,-1.4,0.1,1.6,0.7,0.9,1.1,55165.0,3.4,443.0,-1.0,2.1,0.034,3331.0,0.1,6.0,0.8,1.1,0.002,1.27,0.62,2.54,12.8,7.1,0.0073,10,38,-8,4,88.4,143,-58,85,1.5,0.006627,999999.99,99999.99,99999.99,0.22,0.1,0.08,-1,2006-07-01 06:00:00
2006,182,7,2360,51,52,62,37,2.9,2.3,3.2,99.1,-0.4,2.2,0.1,2.2,-0.3,0.3,1.8,1.1,0.8,1.1,59086.0,3.5,440.0,-0.7,0.9,0.037,8217.0,0.1,8.0,0.8,1.1,0.002,1.3,0.13,3.25,14.2,7.3,0.0059,10,38,-6,4,88.4,224,-146,78,1.1,0.006627,999999.99,99999.99,99999.99,0.21,0.1,0.06,-1,2006-07-01 07:00:00
2006,182,8,2360,51,52,59,36,3.2,2.7,35.7,85.7,0.2,2.2,1.6,2.5,1.1,0.2,1.7,0.5,0.7,1.4,50061.0,3.6,442.0,-0.9,-0.5,0.035,5213.0,0.2,3.0,0.7,1.0,0.002,1.34,-0.49,2.61,13.1,7.3,0.0069,10,38,-4,4,88.4,117,-77,40,1.0,0.006627,999999.99,99999.99,99999.99,0.19,0.1,0.07,-1,2006-07-01 08:00:00
2006,182,9,2360,51,52,60,37,3.0,2.7,43.6,88.9,0.0,1.9,1.8,2.3,1.3,0.2,1.3,0.5,0.9,0.9,50761.0,3.6,439.0,-0.9,-0.3,0.034,4168.0,0.2,4.0,0.8,0.7,0.003,1.32,-0.57,2.98,13.9,7.3,0.0062,10,38,-6,4,88.4,57,-36,22,1.0,0.006627,999999.99,99999.99,99999.99,0.21,0.1,0.07,-1,2006-07-01 09:00:00
2006,182,10,2360,51,52,59,37,2.8,2.4,-26.0,67.3,0.8,2.0,-1.1,1.6,-1.6,0.3,1.4,0.7,0.6,1.1,52019.0,3.8,439.0,-0.9,1.4,0.033,5739.0,0.1,3.0,0.4,0.7,0.002,1.38,0.7,3.64,15.3,7.5,0.0051,10,38,-6,4,88.4,93,-27,66,1.4,0.006627,999999.99,99999.99,99999.99,0.24,0.13,0.1,-1,2006-07-01 10:00:00
2006,182,11,2360,51,52,59,33,2.6,1.8,-26.3,100.8,-0.3,1.5,-0.8,1.2,-1.2,0.3,1.8,0.6,0.8,1.6,59118.0,3.7,430.0,-0.4,1.5,0.035,5678.0,0.2,3.0,0.5,0.9,0.002,1.3,0.52,4.27,15.9,7.3,0.0047,10,38,-9,4,88.4,180,-81,98,1.0,0.006627,999999.99,99999.99,99999.99,0.18,0.09,0.07,-1,2006-07-01 11:00:00
2006,182,12,2360,51,52,60,37,2.5,2.1,3.0,185.3,-2.1,-0.2,0.1,-0.2,0.1,0.3,1.3,0.4,0.9,0.9,62628.0,3.5,421.0,1.1,0.8,0.037,5705.0,0.1,2.0,0.7,0.6,0.003,1.19,-0.04,4.45,15.8,7.2,0.0048,13,38,-10,5,88.4,210,-154,55,0.3,0.006627,999999.99,99999.99,99999.99,0.2,0.12,0.07,-1,2006-07-01 12:00:00
2006,182,13,2360,51,52,58,35,2.6,1.8,5.4,154.6,-1.6,0.8,0.2,0.8,0.0,0.1,1.9,1.0,1.3,0.9,58637.0,3.6,422.0,0.2,1.0,0.038,5105.0,0.2,7.0,1.0,0.6,0.004,1.23,-0.0,4.14,15.4,7.2,0.005,13,38,-11,5,88.4,71,-25,46,1.0,0.006627,999999.99,99999.99,99999.99,0.23,0.12,0.09,-1,2006-07-01 13:00:00
2006,182,14,2360,51,52,59,37,3.1,3.0,10.4,195.5,-2.8,-0.8,0.5,-0.7,0.6,0.2,0.8,0.2,0.5,0.6,55288.0,3.7,413.0,1.3,1.0,0.038,2975.0,0.2,2.0,0.4,0.6,0.003,1.21,-0.25,2.94,12.8,6.8,0.0072,13,38,-9,5,88.4,47,-18,29,1.0,0.006627,999999.99,99999.99,99999.99,0.16,0.11,0.07,-1,2006-07-01 14:00:00
2006,182,15,2360,51,52,62,38,3.4,2.3,13.7,96.6,-0.3,2.2,0.5,2.2,0.2,0.1,2.4,2.0,1.0,0.8,43375.0,4.4,417.0,-0.4,0.3,0.036,10913.0,0.2,4.0,0.5,0.3,0.003,1.46,-0.08,2.72,12.9,7.0,0.0072,3,38,-5,2,88.4,47,-26,21,0.3,0.006627,999999.99,99999.99,99999.99,0.19,0.09,0.07,-1,2006-07-01 15:00:00
2006,182,16,2360,51,52,61,37,3.6,3.5,-1.8,43.2,2.6,2.4,-0.1,2.4,-0.3,0.1,0.5,0.2,0.2,0.4,31380.0,4.8,422.0,-0.2,0.3,0.033,2887.0,0.2,2.0,0.3,0.4,0.002,1.62,0.13,2.46,12.8,7.3,0.0072,3,38,-3,2,88.4,56,-26,30,0.5,0.006627,999999.99,99999.99,99999.99,0.17,0.08,0.06,-1,2006-07-01 16:00:00
2006,182,17,2360,51,52,59,36,3.7,3.6,-6.0,42.2,2.7,2.4,-0.4,2.4,-0.5,0.1,0.8,0.4,0.4,0.7,34752.0,5.0,421.0,-0.5,0.2,0.036,3821.0,0.3,2.0,0.3,0.4,0.003,1.69,0.21,2.48,12.7,7.2,0.0073,3,38,-2,2,88.4,58,-28,31,0.3,0.006627,999999.99,99999.99,99999.99,0.21,0.13,0.07,-1,2006-07-01 17:00:00
2006,182,18,2360,51,52,60,37,3.8,3.7,-9.3,41.1,2.7,2.4,-0.6,2.4,-0.6,0.1,1.0,0.4,0.5,0.8,38140.0,5.3,419.0,-0.5,0.6,0.038,2235.0,0.1,2.0,0.2,0.3,0.002,1.79,0.25,2.54,12.7,7.1,0.0074,3,38,-4,2,88.4,74,-39,35,0.4,0.006627,999999.99,99999.99,99999.99,0.17,0.09,0.07,-1,2006-07-01 18:00:00
2006,182,19,2360,51,52,60,36,3.6,3.1,31.1,62.6,1.2,2.4,1.6,2.3,1.7,0.2,1.8,1.3,0.7,0.9,44282.0,5.3,415.0,-0.5,0.2,0.041,6240.0,0.5,6.0,0.4,0.4,0.003,1.77,-0.71,2.94,13.3,7.1,0.0068,3,38,-6,2,88.4,83,-51,31,0.1,0.006627,999999.99,99999.99,99999.99,0.22,0.14,0.1,-1,2006-07-01 19:00:00
2006,182,20,2360,51,52,58,35,3.5,3.0,11.1,73.4,0.8,2.8,0.6,2.7,0.9,0.3,1.9,1.5,0.4,1.1,51263.0,5.4,410.0,-0.1,0.7,0.044,8768.0,0.3,4.0,1.3,0.5,0.005,1.78,-0.37,3.29,13.6,6.9,0.0064,3,38,-4,2,88.4,51,-23,28,0.3,0.006627,999999.99,99999.99,99999.99,0.19,0.1,0.07,-1,2006-07-01 20:00:00
2006,182,21,2360,51,52,61,38,3.5,2.7,14.6,66.4,1.0,2.4,0.7,2.3,1.0,0.4,2.3,1.4,0.7,1.7,57005.0,5.4,411.0,0.2,1.3,0.047,5323.0,0.3,3.0,0.4,0.9,0.005,1.81,-0.41,3.4,13.6,6.9,0.0064,3,38,-3,2,88.4,45,-20,25,0.5,0.006627,999999.99,99999.99,99999.99,0.18,0.1,0.07,-1,2006-07-01 21:00:00
2006,182,22,2360,51,52,60,36,3.7,3.3,10.5,39.3,2.5,2.0,0.6,1.9,0.8,0.2,1.7,0.5,0.4,1.5,54984.0,5.5,411.0,0.6,1.4,0.046,3284.0,0.4,2.0,0.2,0.5,0.002,1.84,-0.33,3.06,13.0,6.8,0.007,3,38,-5,2,88.4,41,-20,21,0.4,0.006627,999999.99,99999.99,99999.99,0.18,0.1,0.07,-1,2006-07-01 22:00:00
2006,182,23,2360,51,52,61,38,3.7,3.6,26.4,32.8,2.7,1.7,1.6,1.5,1.8,0.1,0.8,0.2,0.5,0.6,52148.0,5.1,414.0,0.1,0.5,0.047,2604.0,0.2,2.0,0.4,0.3,0.002,1.73,-0.75,2.8,12.6,6.8,0.0075,3,38,-5,2,88.4,29,-18,11,0.2,0.006627,999999.99,99999.99,99999.99,0.2,0.1,0.08,-1,2006-07-01 23:00:00
2006,183,0,2360,51,52,58,33,3.5,3.4,20.3,7.6,3.1,0.4,1.2,0.3,1.2,0.1,0.8,0.2,0.6,0.5,50556.0,5.3,416.0,0.5,0.0,0.045,2754.0,0.1,2.0,0.3,0.3,0.002,1.81,-0.5,3.22,13.7,7.0,0.0064,3,31,-3,2,90.0,35,-21,14,0.1,0.006686,999999.99,99999.99,99999.99,0.17,0.09,0.07,-1,2006-07-02 00:00:00
2006,183,1,2360,51,52,60,36,3.3,3.1,14.4,6.7,3.0,0.4,0.8,0.3,0.8,0.3,1.0,0.3,0.6,0.7,48898.0,5.5,415.0,0.6,0.5,0.042,9045.0,0.3,3.0,0.3,0.4,0.005,1.85,-0.33,3.72,14.7,7.2,0.0055,3,31,-2,2,90.0,42,-26,15,0.1,0.006686,999999.99,99999.99,99999.99,0.22,0.12,0.08,-1,2006-07-02 01:00:00
2006,183,2,2360,51,52,58,36,3.5,2.7,44.9,35.9,1.6,1.1,1.9,1.0,1.9,0.2,2.2,1.8,0.9,0.9,45762.0,5.5,407.0,0.1,0.3,0.041,9289.0,0.2,5.0,0.6,0.7,0.004,1.77,-0.77,3.25,13.6,7.0,0.0064,3,31,3,2,90.0,45,-32,14,-0.2,0.006686,999999.99,99999.99,99999.99,0.23,0.11,0.08,-1,2006-07-02 02:00:00
2006,183,3,2360,51,52,60,37,3.3,3.3,52.6,59.4,1.0,1.7,2.6,1.7,2.6,0.1,0.5,0.4,0.2,0.2,47408.0,5.5,400.0,-0.6,-0.0,0.043,3044.0,0.1,2.0,0.3,0.3,0.002,1.72,-1.04,3.69,14.2,6.9,0.0059,3,31,4,2,90.0,39,-27,12,-0.4,0.006686,999999.99,99999.99,99999.99,0.23,0.12,0.08,-1,2006-07-02 03:00:00
2006,183,4,2360,51,52,60,8,3.5,3.3,34.0,50.6,1.7,2.1,1.8,2.2,1.7,0.2,1.0,0.7,0.3,0.6,36010.0,5.6,397.0,-1.4,0.0,0.034,5392.0,0.1,2.0,0.2,0.1,0.003,1.67,-0.67,3.13,13.4,7.0,0.0066,3,31,4,2,90.0,37,-21,16,-0.1,0.006686,999999.99,99999.99,99999.99,0.17,0.1,0.08,-1,2006-07-02 04:00:00
2006,183,5,2360,51,52,55,35,3.2,2.9,39.5,52.9,1.3,1.8,1.8,2.0,1.6,0.5,1.2,1.0,0.5,0.6,46283.0,5.5,393.0,-0.8,0.2,0.038,8936.0,0.2,6.0,0.4,0.5,0.003,1.63,-0.63,3.9,14.4,6.9,0.0057,3,31,3,2,90.0,42,-20,22,-0.1,0.006686,999999.99,99999.99,99999.99,0.22,0.12,0.08,-1,2006-07-02 05:00:00
2006,183,6,2360,51,52,60,36,3.3,2.7,42.8,90.9,0.0,2.0,1.8,2.3,1.5,0.1,1.8,1.6,0.4,0.7,46754.0,5.5,385.0,-1.0,0.3,0.039,4652.0,0.3,8.0,0.4,0.5,0.004,1.57,-0.58,3.68,13.7,6.7,0.0064,3,31,3,2,90.0,45,-15,31,0.2,0.006686,999999.99,99999.99,99999.99,0.21,0.1,0.08,-1,2006-07-02 06:00:00
2006,183,7,2360,51,52,58,36,3.3,3.0,12.6,147.1,-2.5,1.6,0.7,1.7,0.4,0.1,1.3,0.4,0.7,1.0,47713.0,5.8,369.0,-0.4,1.4,0.039,3602.0,0.2,2.0,0.6,0.8,0.002,1.52,-0.15,3.9,13.5,6.4,0.0066,3,31,2,2,90.0,104,-43,60,0.4,0.006686,999999.99,99999.99,99999.99,0.17,0.11,0.09,-1,2006-07-02 07:00:00
2006,183,8,2360,51,52,62,36,3.3,2.9,-18.7,120.7,-1.4,2.3,-0.9,2.0,-1.4,0.2,1.5,1.1,0.6,0.8,45291.0,5.9,370.0,-1.4,2.5,0.035,4644.0,0.2,5.0,0.6,0.5,0.003,1.54,0.52,3.91,13.6,6.5,0.0064,3,31,1,2,90.0,157,-83,74,0.9,0.006686,999999.99,99999.99,99999.99,0.17,0.1,0.07,-1,2006-07-02 08:00:00
2006,183,9,2360,51,52,59,36,3.7,3.4,24.3,115.8,-1.4,2.8,1.4,3.1,0.7,0.1,1.4,0.8,0.9,0.8,40906.0,5.9,367.0,-1.9,0.5,0.033,1673.0,0.2,4.0,0.6,0.6,0.002,1.5,-0.26,3.03,12.0,6.3,0.0082,3,31,-2,2,90.0,125,-64,61,1.1,0.006686,999999.99,99999.99,99999.99,0.2,0.11,0.08,-1,2006-07-02 09:00:00
2006,183,10,2360,51,52,58,36,3.4,3.2,22.0,116.5,-1.3,2.7,1.2,2.9,0.4,0.2,1.0,0.7,0.6,0.4,43130.0,6.2,365.0,-1.4,0.6,0.033,2804.0,0.4,4.0,0.7,0.3,0.002,1.56,-0.15,3.83,13.4,6.4,0.0067,3,31,-3,2,90.0,117,-49,68,1.0,0.006686,999999.99,99999.99,99999.99,0.2,0.13,0.1,-1,2006-07-02 10:00:00
2006,183,11,2360,51,52,58,36,3.3,3.2,15.4,128.6,-1.9,2.4,0.8,2.5,0.1,0.1,0.9,0.6,0.3,0.6,41678.0,6.3,359.0,-1.4,1.0,0.03,2020.0,0.3,3.0,0.4,0.6,0.002,1.52,-0.04,4.09,13.7,6.4,0.0064,3,31,-1,2,90.0,99,-31,68,0.7,0.006686,999999.99,99999.99,99999.99,0.21,0.11,0.09,-1,2006-07-02 11:00:00
2006,183,12,2360,51,52,62,35,3.2,2.8,20.4,109.6,-0.9,2.5,1.0,2.7,0.3,0.1,1.4,1.0,0.7,0.7,39777.0,6.3,361.0,-1.2,0.8,0.029,3041.0,0.2,5.0,1.2,0.7,0.002,1.53,-0.11,4.3,14.2,6.5,0.0059,3,31,1,2,90.0,75,-18,57,0.6,0.006686,999999.99,99999.99,99999.99,0.18,0.11,0.09,-1,2006-07-02 12:00:00
2006,183,13,2360,51,52,58,35,3.4,3.3,47.9,147.7,-1.9,1.2,2.4,1.7,2.1,0.1,1.0,0.5,0.7,0.4,40011.0,6.2,354.0,-0.4,-0.4,0.028,1578.0,0.2,2.0,0.5,0.3,0.002,1.44,-0.74,3.76,13.0,6.3,0.0071,3,31,1,2,90.0,46,-14,32,0.3,0.006686,999999.99,99999.99,99999.99,0.19,0.1,0.07,-1,2006-07-02 13:00:00
2006,183,14,2360,51,52,65,39,3.4,2.4,35.1,38.9,1.5,1.2,1.4,1.5,1.1,0.4,2.4,2.2,0.5,0.9,32048.0,6.5,367.0,-0.2,1.1,0.027,7419.0,0.3,8.0,0.4,0.8,0.003,1.62,-0.4,3.75,13.8,6.7,0.0063,3,31,1,2,90.0,37,-13,24,-0.2,0.006686,999999.99,99999.99,99999.99,0.21,0.11,0.07,-1,2006-07-02 14:00:00
2006,183,15,2360,51,52,60,37,4.2,4.1,11.2,5.7,4.0,0.4,0.8,0.5,0.7,0.2,0.8,0.2,0.8,0.2,25626.0,6.6,374.0,0.3,1.5,0.024,2371.0,0.1,2.0,0.5,0.2,0.002,1.69,-0.26,2.4,11.4,6.5,0.0091,7,31,2,3,90.0,42,-17,25,0.1,0.006686,999999.99,99999.99,99999.99,0.19,0.13,0.1,-1,2006-07-02 15:00:00
2006,183,16,2360,51,52,58,35,4.2,4.1,20.1,357.5,3.8,-0.2,1.4,-0.1,1.4,0.2,0.9,0.2,0.7,0.6,24946.0,6.9,372.0,0.4,1.2,0.023,3110.0,0.3,3.0,0.5,0.4,0.002,1.74,-0.52,2.49,11.6,6.6,0.0088,7,31,1,3,90.0,42,-20,22,0.3,0.006686,999999.99,99999.99,99999.99,0.16,0.09,0.07,-1,2006-07-02 16:00:00
2006,183,17,2360,51,52,59,37,4.3,4.1,-5.7,3.8,4.1,0.3,-0.4,0.3,-0.4,0.1,1.3,0.3,1.2,0.6,26435.0,7.2,367.0,0.0,2.7,0.027,2774.0,0.3,1.0,0.6,0.4,0.001,1.79,0.15,2.51,11.5,6.4,0.0091,7,31,-1,3,90.0,49,-23,26,1.1,0.006686,999999.99,99999.99,99999.99,0.21,0.11,0.08,-1,2006-07-02 17:00:00
2006,183,18,2360,51,52,60,36,4.2,4.0,28.5,14.1,3.4,0.9,1.9,0.9,1.9,0.1,1.1,0.4,0.9,0.6,25234.0,7.4,362.0,-0.8,1.4,0.023,1473.0,0.4,2.0,0.7,0.4,0.002,1.77,-0.69,2.68,11.7,6.4,0.0087,3,31,-1,2,90.0,48,-21,27,0.3,0.006686,999999.99,99999.99,99999.99,0.23,0.11,0.06,-1,2006-07-02 18:00:00
2006,183,19,2360,51,52,58,36,4.0,3.6,17.5,42.9,2.5,2.3,1.1,2.2,1.2,0.2,1.8,1.4,0.9,0.5,28772.0,7.7,358.0,-2.1,1.9,0.028,3942.0,0.3,3.0,0.6,0.3,0.003,1.83,-0.43,3.15,12.4,6.4,0.0077,3,31,-1,2,90.0,49,-17,31,0.0,0.006686,999999.99,99999.99,99999.99,0.19,0.09,0.06,-1,2006-07-02 19:00:00
2006,183,20,2360,51,52,62,38,3.9,3.7,12.1,79.5,0.7,3.6,0.8,3.5,1.1,0.1,1.0,0.9,0.3,0.3,33623.0,7.8,353.0,-3.3,2.0,0.031,3313.0,0.2,4.0,0.2,0.4,0.002,1.82,-0.39,3.46,12.6,6.3,0.0074,3,31,-1,2,90.0,42,-11,31,0.1,0.006686,999999.99,99999.99,99999.99,0.19,0.1,0.07,-1,2006-07-02 20:00:00
2006,183,21,2360,51,52,56,35,4.0,3.8,4.1,76.3,0.9,3.7,0.3,3.6,0.7,0.1,1.0,0.8,0.3,0.6,31505.0,8.0,352.0,-3.5,1.8,0.031,1960.0,0.2,4.0,0.3,0.2,0.002,1.86,-0.25,3.33,12.4,6.3,0.0077,0,31,0,0,90.0,41,-14,28,0.1,0.006686,999999.99,99999.99,99999.99,0.2,0.11,0.07,-1,2006-07-02 21:00:00
2006,183,22,2360,51,52,58,35,4.0,3.4,52.4,82.8,0.3,2.0,2.7,1.7,2.9,0.2,2.1,0.7,1.6,1.3,30455.0,7.3,346.0,-2.1,0.8,0.021,2334.0,0.3,4.0,1.4,0.6,0.004,1.58,-1.0,3.01,11.7,6.2,0.0087,0,31,0,0,90.0,36,-17,19,0.2,0.006686,999999.99,99999.99,99999.99,0.19,0.09,0.07,-1,2006-07-02 22:00:00
2006,183,23,2360,51,52,63,39,4.2,3.4,8.8,118.9,-1.6,2.9,0.5,2.8,0.8,0.1,2.4,1.8,1.3,0.9,30125.0,7.4,334.0,-3.1,2.3,0.023,3108.0,0.3,9.0,1.2,0.8,0.002,1.51,-0.27,2.77,10.8,5.9,0.0102,0,31,0,0,90.0,43,-22,21,0.3,0.006686,999999.99,99999.99,99999.99,0.2,0.12,0.09,-1,2006-07-02 23:00:00
2006,184,0,2360,51,52,58,35,4.5,4.2,22.0,69.9,1.3,3.7,1.6,3.5,1.9,0.2,1.4,1.0,0.4,0.9,27741.0,7.7,345.0,-3.8,1.5,0.023,1735.0,0.4,5.0,0.5,0.7,0.002,1.67,-0.66,2.47,10.6,6.0,0.0105,0,35,-1,0,88.8,45,-23,22,0.5,0.006667,999999.99,99999.99,99999.99,0.18,0.11,0.09,-1,2006-07-03 00:00:00
2006,184,1,2360,51,52,54,32,4.1,3.7,26.6,108.9,-1.1,3.2,1.7,3.1,1.9,0.1,1.8,1.3,0.6,1.0,30813.0,7.6,331.0,-3.4,1.8,0.021,1962.0,0.3,7.0,1.2,1.0,0.001,1.51,-0.63,2.99,11.1,5.9,0.0096,0,35,-2,0,88.8,52,-33,19,0.3,0.006667,999999.99,99999.99,99999.99,0.21,0.12,0.08,-1,2006-07-03 01:00:00
2006,184,2,2360,51,52,63,39,4.1,3.7,38.9,126.3,-1.7,2.3,2.3,2.2,2.4,0.1,1.6,1.1,1.0,0.7,30590.0,7.3,326.0,-2.7,1.4,0.019,3629.0,0.4,4.0,0.8,0.6,0.002,1.39,-0.78,2.87,10.7,5.8,0.0103,0,35,0,0,88.8,54,-35,19,0.2,0.006667,999999.99,99999.99,99999.99,0.21,0.14,0.08,-1,2006-07-03 02:00:00
2006,184,3,2360,51,52,56,35,4.3,4.1,51.0,126.1,-1.5,2.1,3.2,2.2,3.2,0.1,1.4,0.6,1.0,0.7,28502.0,7.5,324.0,-2.5,0.4,0.02,1781.0,0.4,2.0,0.7,0.5,0.003,1.42,-1.04,2.65,10.3,5.7,0.0112,3,35,3,2,88.8,44,-29,15,-0.2,0.006667,999999.99,99999.99,99999.99,0.19,0.12,0.08,-1,2006-07-03 03:00:00
2006,184,4,2360,51,52,59,34,4.5,4.4,22.6,144.5,-3.3,2.4,1.7,2.5,1.5,0.1,1.1,0.4,0.5,0.9,29866.0,7.5,315.0,-2.6,1.8,0.022,2015.0,0.2,1.0,0.4,0.7,0.002,1.35,-0.47,2.44,9.6,5.4,0.0129,3,35,3,2,88.8,34,-24,10,0.1,0.006667,999999.99,99999.99,99999.99,0.21,0.09,0.07,-1,2006-07-03 04:00:00
2006,184,5,2360,51,52,61,38,4.8,4.5,-11.5,139.5,-3.3,2.8,-0.9,2.7,-1.2,0.2,1.7,0.8,0.4,1.5,27365.0,7.3,314.0,-3.0,3.5,0.022,1879.0,0.3,3.0,0.3,1.1,0.001,1.31,0.38,2.05,8.8,5.3,0.0152,3,35,4,2,88.8,28,-12,16,0.5,0.006667,999999.99,99999.99,99999.99,0.24,0.12,0.09,-1,2006-07-03 05:00:00
2006,184,6,2360,51,52,62,38,4.1,3.8,-23.8,126.4,-2.1,2.8,-1.6,2.5,-2.0,0.2,1.3,0.8,0.7,0.7,28103.0,7.9,319.0,-3.0,3.9,0.022,1507.0,0.3,3.0,0.4,0.6,0.001,1.46,0.64,3.06,10.9,5.7,0.0099,7,35,5,3,88.8,75,-8,67,0.9,0.006667,999999.99,99999.99,99999.99,0.2,0.1,0.07,-1,2006-07-03 06:00:00
2006,184,7,2360,51,52,56,35,4.0,3.9,-6.3,136.0,-2.8,2.7,-0.4,2.6,-0.9,0.0,0.9,0.6,0.4,0.5,25123.0,7.3,314.0,-2.9,3.3,0.019,963.0,0.1,3.0,0.3,0.4,0.001,1.29,0.28,2.91,10.6,5.7,0.0106,7,35,3,3,88.8,145,-68,77,1.2,0.006667,999999.99,99999.99,99999.99,0.25,0.11,0.09,-1,2006-07-03 07:00:00
2006,184,8,2360,51,52,60,35,3.9,3.9,-10.4,146.5,-3.2,2.1,-0.7,1.9,-1.2,0.1,0.7,0.1,0.3,0.7,24664.0,7.3,310.0,-2.6,3.2,0.02,1110.0,0.1,1.0,0.2,0.5,0.001,1.27,0.37,3.06,10.7,5.6,0.0103,7,35,1,3,88.8,118,-60,58,0.7,0.006667,999999.99,99999.99,99999.99,0.17,0.09,0.08,-1,2006-07-03 08:00:00
2006,184,9,2360,51,52,59,36,4.0,3.8,-5.7,169.3,-3.7,0.7,-0.4,0.6,-0.6,0.0,1.2,0.3,1.1,0.3,26823.0,6.8,306.0,-1.3,2.6,0.023,3148.0,0.3,2.0,0.9,0.4,0.003,1.16,0.18,2.74,10.0,5.4,0.012,7,35,1,3,88.8,171,-85,86,0.9,0.006667,999999.99,99999.99,99999.99,0.2,0.11,0.08,-1,2006-07-03 09:00:00
2006,184,10,2360,51,52,59,37,3.9,3.8,9.0,168.4,-3.7,0.8,0.6,0.9,0.4,0.1,1.0,0.2,0.9,0.4,26528.0,6.7,303.0,-1.3,1.5,0.023,2231.0,0.4,1.0,0.6,0.4,0.003,1.12,-0.12,2.84,10.1,5.4,0.0118,7,35,1,3,88.8,143,-83,59,0.6,0.006667,999999.99,99999.99,99999.99,0.19,0.09,0.07,-1,2006-07-03 10:00:00
2006,184,11,2360,51,52,59,36,4.0,3.7,10.5,144.5,-2.9,2.1,0.7,2.2,0.1,0.1,1.6,0.8,1.1,0.8,23405.0,7.2,304.0,-1.6,0.9,0.018,1283.0,0.1,4.0,0.8,0.6,0.002,1.19,-0.03,2.84,10.2,5.5,0.0114,7,35,2,3,88.8,59,-29,30,0.2,0.006667,999999.99,99999.99,99999.99,0.21,0.12,0.08,-1,2006-07-03 11:00:00
2006,184,12,2360,51,52,59,34,4.0,4.0,17.4,167.2,-3.7,0.8,1.2,1.1,0.9,0.0,0.3,0.1,0.3,0.1,22690.0,7.0,298.0,-0.3,0.3,0.02,1233.0,0.1,1.0,0.3,0.2,0.002,1.12,-0.27,2.75,9.9,5.4,0.0122,3,35,1,2,88.8,62,-16,46,0.5,0.006667,999999.99,99999.99,99999.99,0.21,0.11,0.09,-1,2006-07-03 12:00:00
2006,184,13,2360,51,52,63,39,3.9,3.5,18.2,155.8,-3.0,1.4,1.1,1.6,0.7,0.1,1.6,0.8,1.3,0.3,22965.0,7.5,299.0,-0.6,0.5,0.017,1709.0,0.4,3.0,0.8,0.2,0.002,1.2,-0.21,3.1,10.5,5.5,0.0108,3,35,-1,2,88.8,48,-22,27,-0.1,0.006667,999999.99,99999.99,99999.99,0.2,0.1,0.07,-1,2006-07-03 13:00:00
2006,184,14,2360,51,52,60,37,3.7,3.6,14.1,104.0,-0.9,3.4,0.9,3.5,0.2,0.0,0.7,0.7,0.2,0.2,20937.0,8.6,305.0,-2.1,0.7,0.015,1579.0,0.3,2.0,0.2,0.2,0.001,1.42,-0.06,3.9,12.1,5.8,0.0081,3,35,2,2,88.8,49,-23,26,-0.0,0.006667,999999.99,99999.99,99999.99,0.17,0.1,0.07,-1,2006-07-03 14:00:00
2006,184,15,2360,51,52,63,38,3.6,3.5,6.6,88.9,0.1,3.5,0.4,3.5,-0.2,0.1,0.7,0.4,0.1,0.6,19185.0,9.3,310.0,-2.1,1.2,0.014,1972.0,0.4,3.0,0.2,0.6,0.001,1.58,0.06,4.4,13.1,6.0,0.0069,7,35,3,3,88.8,48,-16,32,0.4,0.006667,999999.99,99999.99,99999.99,0.17,0.1,0.07,-1,2006-07-03 15:00:00
2006,184,16,2360,51,52,60,35,3.6,3.4,14.2,61.4,1.6,2.9,0.8,3.0,0.5,0.1,1.2,0.6,0.4,0.9,17597.0,9.5,318.0,-1.7,0.6,0.014,1134.0,0.4,3.0,0.4,0.6,0.001,1.69,-0.16,4.45,13.6,6.2,0.0064,7,35,4,3,88.8,48,-24,23,-0.1,0.006667,999999.99,99999.99,99999.99,0.21,0.11,0.07,-1,2006-07-03 16:00:00
2006,184,17,2360,51,52,51,32,3.9,1.7,23.8,83.2,0.2,1.5,0.7,1.5,0.6,0.6,3.6,3.2,1.5,0.4,18219.0,8.5,311.0,-0.9,0.5,0.017,2172.0,1.5,14.0,1.1,0.4,0.002,1.47,-0.19,3.41,11.6,5.9,0.0088,7,35,4,3,88.8,30,-6,24,-0.2,0.006667,999999.99,99999.99,99999.99,0.15,0.08,0.06,-1,2006-07-03 17:00:00
2006,184,18,2360,51,52,60,36,5.0,5.0,0.7,198.0,-4.7,-1.5,0.1,-1.5,0.1,0.1,0.7,0.1,0.4,0.5,18170.0,4.7,289.0,0.3,0.5,0.027,2734.0,0.8,2.0,0.4,0.6,0.005,0.73,-0.03,1.15,6.3,4.4,0.0303,10,35,0,4,88.8,40,-16,25,0.4,0.006667,999999.99,99999.99,99999.99,0.19,0.11,0.08,-1,2006-07-03 18:00:00
2006,184,19,2360,51,52,61,37,5.2,5.1,7.0,179.4,-5.1,0.1,0.6,0.1,0.6,0.1,1.0,0.2,0.6,0.8,18017.0,4.7,286.0,-1.1,0.4,0.028,2296.0,0.4,1.0,0.6,0.8,0.002,0.71,-0.17,1.06,6.0,4.3,0.0335,10,35,-3,4,88.8,44,-20,24,1.0,0.006667,999999.99,99999.99,99999.99,0.19,0.12,0.1,-1,2006-07-03 19:00:00
2006,184,20,2360,51,52,58,36,5.3,5.1,-3.1,193.0,-5.0,-1.2,-0.3,-1.2,-0.4,0.1,1.4,0.4,1.0,0.8,20089.0,5.1,288.0,-0.1,1.1,0.026,3856.0,1.0,6.0,1.3,0.9,0.007,0.78,0.12,1.12,6.1,4.4,0.0316,10,35,-1,4,88.8,53,-27,25,0.7,0.006667,999999.99,99999.99,99999.99,0.21,0.11,0.08,-1,2006-07-03 20:00:00
2006,184,21,2360,51,52,61,38,5.0,4.9,-8.4,171.4,-4.8,0.7,-0.7,0.8,-0.6,0.3,1.2,0.4,0.9,0.7,20882.0,5.3,287.0,-2.0,1.1,0.019,5255.0,1.0,3.0,1.0,1.0,0.003,0.78,0.17,1.32,6.6,4.5,0.0272,7,35,2,3,88.8,39,-19,20,0.8,0.006667,999999.99,99999.99,99999.99,0.2,0.1,0.07,-1,2006-07-03 21:00:00
2006,184,22,2360,51,52,59,37,4.8,4.8,-0.1,166.1,-4.7,1.2,0.0,1.2,0.1,0.1,0.4,0.2,0.3,0.3,22504.0,6.6,289.0,-2.6,0.8,0.021,1484.0,0.2,1.0,0.4,0.4,0.001,1.0,-0.03,1.8,7.7,4.8,0.0199,7,35,3,3,88.8,39,-22,16,0.6,0.006667,999999.99,99999.99,99999.99,0.22,0.12,0.09,-1,2006-07-03 22:00:00
2006,184,23,2360,51,52,63,38,5.8,5.7,3.3,162.7,-5.5,1.7,0.3,1.7,0.5,0.8,1.2,0.6,0.8,0.5,23815.0,8.3,292.0,-4.3,1.4,0.021,2358.0,1.6,6.0,1.6,0.7,0.004,1.28,-0.15,1.56,7.3,4.7,0.0226,7,35,6,3,88.8,54,-30,24,0.6,0.006667,999999.99,99999.99,99999.99,0.22,0.12,0.07,-1,2006-07-03 23:00:00
2006,185,0,2360,51,52,64,40,6.3,6.2,12.4,141.8,-4.8,3.7,1.3,3.6,1.6,0.3,1.2,0.8,0.6,0.7,25477.0,11.0,302.0,-6.2,1.3,0.016,3311.0,0.4,3.0,0.7,0.5,0.001,1.78,-0.48,1.77,7.9,5.0,0.0188,3,36,5,2,95.1,43,-25,18,0.3,0.006637,999999.99,99999.99,99999.99,0.19,0.1,0.08,-1,2006-07-04 00:00:00
2006,185,1,2360,51,52,62,36,5.4,5.2,5.9,138.1,-3.8,3.4,0.5,3.4,0.7,0.6,1.7,0.9,0.3,1.4,15659.0,12.2,309.0,-4.8,1.1,0.013,2108.0,1.1,4.0,1.1,0.7,0.004,2.05,-0.22,2.51,10.0,5.6,0.0119,3,36,5,2,95.1,48,-29,19,0.3,0.006637,999999.99,99999.99,99999.99,0.2,0.11,0.07,-1,2006-07-04 01:00:00
2006,185,2,2360,51,52,63,38,6.5,6.3,11.9,132.6,-4.2,4.5,1.3,4.5,1.4,0.3,1.4,0.5,0.6,1.1,22579.0,6.8,321.0,-4.6,-1.0,0.008,5866.0,2.2,4.0,0.9,1.4,0.003,1.21,-0.45,1.01,6.4,4.7,0.0287,3,36,1,2,95.1,47,-28,18,0.3,0.006637,999999.99,99999.99,99999.99,0.21,0.12,0.08,-1,2006-07-04 02:00:00
2006,185,3,2360,51,52,56,32,6.4,5.7,-3.3,135.3,-4.1,4.0,-0.3,4.0,-0.4,0.2,2.7,0.8,1.0,2.4,28383.0,5.2,321.0,-4.5,0.4,0.012,6489.0,0.9,6.0,1.3,2.9,0.004,0.94,0.13,0.83,5.7,4.4,0.0364,10,36,2,4,95.1,55,-27,28,0.6,0.006637,999999.99,99999.99,99999.99,0.22,0.12,0.09,-1,2006-07-04 03:00:00
2006,185,4,2360,51,52,62,37,5.7,4.0,12.1,114.2,-1.6,3.6,0.8,3.6,0.5,0.4,4.0,3.2,1.6,1.8,43490.0,7.2,337.0,-3.3,-2.0,0.011,11935.0,1.6,20.0,1.6,2.3,0.005,1.43,-0.17,1.58,7.9,5.2,0.0189,10,36,3,4,95.1,67,-21,46,0.8,0.006637,999999.99,99999.99,99999.99,0.19,0.11,0.07,-1,2006-07-04 04:00:00
2006,185,5,2360,51,52,62,37,6.3,5.6,-17.3,143.6,-4.3,3.2,-1.7,3.0,-2.1,0.1,2.6,0.8,1.6,2.0,32860.0,6.2,321.0,-3.9,0.4,0.014,9710.0,1.2,8.0,1.9,2.7,0.005,1.13,0.67,1.05,6.3,4.6,0.0296,10,36,3,4,95.1,119,-21,98,1.0,0.006637,999999.99,99999.99,99999.99,0.23,0.1,0.06,-1,2006-07-04 05:00:00
2006,185,6,2360,51,52,59,32,6.7,6.3,5.3,139.2,-4.8,4.1,0.6,4.1,-0.1,0.2,1.9,0.4,1.0,1.5,27416.0,5.2,321.0,-6.3,-2.6,0.016,7456.0,1.0,5.0,1.4,1.9,0.002,0.95,0.03,0.75,5.5,4.3,0.0399,7,36,4,3,95.1,94,-16,78,1.6,0.006637,999999.99,99999.99,99999.99,0.21,0.13,0.1,-1,2006-07-04 06:00:00
2006,185,7,2360,51,52,65,40,6.6,6.3,22.1,135.2,-4.2,4.1,2.4,4.5,1.5,0.6,2.1,0.7,0.4,2.0,23798.0,10.9,330.0,-6.2,-2.1,0.005,1923.0,1.7,6.0,0.6,0.8,0.002,2.02,-0.49,1.58,8.3,5.4,0.0175,7,36,10,3,95.1,72,-8,64,1.9,0.006637,999999.99,99999.99,99999.99,0.17,0.1,0.08,-1,2006-07-04 07:00:00
2006,185,8,2360,51,52,58,32,7.1,6.4,11.8,134.5,-4.4,4.5,1.3,4.7,0.2,0.3,2.9,1.3,0.9,2.5,29563.0,15.4,335.0,-8.9,-2.4,0.006,3640.0,1.3,5.0,0.8,1.1,0.001,2.96,-0.07,2.01,9.3,5.6,0.0139,7,36,15,3,95.1,66,-14,51,1.9,0.006637,999999.99,99999.99,99999.99,0.2,0.11,0.08,-1,2006-07-04 08:00:00
2006,185,9,2360,51,52,62,22,7.9,7.3,9.4,135.5,-5.1,5.0,1.2,5.1,-0.2,0.8,3.1,1.3,1.1,2.5,39086.0,17.9,337.0,-10.1,-2.4,0.008,6907.0,2.0,5.0,0.6,1.5,0.002,3.5,0.07,2.0,9.0,5.5,0.0146,20,36,14,7,95.1,92,-14,78,2.0,0.006637,999999.99,99999.99,99999.99,0.16,0.1,0.07,-1,2006-07-04 09:00:00
2006,185,10,2360,51,52,60,36,8.1,6.4,9.5,125.4,-3.7,5.2,1.1,5.3,-0.4,0.6,4.7,1.1,1.8,4.2,42839.0,22.7,343.0,-10.1,-2.0,0.008,8554.0,1.5,5.0,1.0,1.7,0.001,4.6,0.14,2.46,10.1,5.7,0.0117,20,36,17,7,95.1,135,-29,106,1.5,0.006637,999999.99,99999.99,99999.99,0.15,0.08,0.07,-1,2006-07-04 10:00:00
2006,185,11,2360,51,52,60,37,7.9,7.4,-0.9,134.3,-5.1,5.3,-0.1,5.1,-1.6,0.3,2.7,0.6,0.8,2.6,37008.0,24.7,341.0,-9.9,-1.6,0.006,2481.0,1.4,2.0,0.5,0.7,0.001,4.91,0.55,2.72,10.7,5.9,0.0103,20,36,18,7,95.1,285,-118,167,2.2,0.006637,999999.99,99999.99,99999.99,0.15,0.09,0.07,-1,2006-07-04 11:00:00
2006,185,12,2360,51,52,67,41,8.5,3.2,-60.2,155.2,-1.5,0.7,-2.8,-0.1,-2.9,1.8,8.0,3.4,3.7,6.3,35517.0,38.9,359.0,-9.0,-1.5,0.006,7566.0,9.7,8.0,0.7,1.9,0.002,8.57,1.04,3.67,13.2,6.5,0.0069,37,36,22,22,95.1,381,-184,197,2.3,0.006637,999999.99,99999.99,99999.99,0.2,0.13,0.09,-1,2006-07-04 12:00:00
2006,185,13,2360,51,52,72,44,13.7,9.8,-11.6,317.7,7.1,-6.4,-2.0,-6.7,-0.4,4.0,10.3,6.0,4.0,7.4,72579.0,23.1,392.0,-6.1,-2.5,0.032,50355.0,13.0,25.0,3.1,1.9,0.019,6.69,0.16,1.03,6.9,5.0,0.0252,37,36,7,22,95.1,343,-217,127,2.9,0.006637,999999.99,99999.99,99999.99,0.19,0.09,0.07,-1,2006-07-04 13:00:00
2006,185,14,2360,51,52,60,37,8.1,6.3,16.6,321.2,4.7,-3.8,1.8,-3.3,2.6,1.5,5.1,2.7,3.5,2.6,186447.0,21.0,434.0,-0.7,-3.5,0.07,13777.0,1.3,6.0,0.7,0.7,0.01,8.46,-1.13,4.19,12.3,5.7,0.0079,37,36,9,22,95.1,226,-117,109,0.3,0.006637,999999.99,99999.99,99999.99,0.23,0.09,0.06,-1,2006-07-04 14:00:00
2006,185,15,2360,51,52,63,38,7.6,7.0,-7.1,339.6,6.5,-2.4,-0.9,-2.5,-0.5,1.3,3.0,2.0,1.6,1.5,200257.0,17.0,442.0,-0.6,-1.3,0.091,34036.0,2.3,8.0,0.5,1.0,0.013,7.57,0.22,4.02,12.0,5.7,0.0083,30,36,14,15,95.1,139,-57,82,1.9,0.006637,999999.99,99999.99,99999.99,0.18,0.12,0.08,-1,2006-07-04 15:00:00
2006,185,16,2360,51,52,61,37,8.7,8.1,-4.5,328.6,6.9,-4.2,-0.6,-4.2,-0.1,3.3,4.4,2.2,3.0,2.4,297769.0,13.5,448.0,0.3,1.2,0.082,22686.0,2.1,9.0,1.9,1.0,0.023,6.01,0.04,3.16,9.5,4.9,0.0133,30,36,8,15,95.1,146,-69,77,2.0,0.006637,999999.99,99999.99,99999.99,0.17,0.09,0.07,-1,2006-07-04 16:00:00
2006,185,17,2360,51,52,61,38,14.1,13.9,-8.2,323.5,11.0,-8.1,-2.0,-8.2,-1.5,0.8,2.6,0.9,1.8,1.5,329009.0,11.1,477.0,3.0,-0.5,0.052,32124.0,1.6,12.0,1.3,0.9,0.011,5.09,0.72,1.06,5.6,4.1,0.0375,30,36,2,15,95.1,287,-189,98,3.2,0.006637,999999.99,99999.99,99999.99,0.2,0.1,0.07,-1,2006-07-04 17:00:00
2006,185,18,2360,51,52,57,34,13.0,12.7,-10.1,328.2,10.6,-6.6,-2.2,-6.6,-2.1,1.2,3.1,1.1,1.7,2.4,275430.0,14.7,456.0,1.7,-3.7,0.063,58223.0,1.2,7.0,0.6,1.5,0.015,6.39,0.96,1.46,6.7,4.5,0.0263,30,36,-1,15,95.1,421,-244,177,3.4,0.006637,999999.99,99999.99,99999.99,0.16,0.1,0.07,-1,2006-07-04 18:00:00
2006,185,19,2360,51,52,58,35,15.1,15.0,-1.9,313.3,10.3,-10.9,-0.5,-10.9,-0.9,0.8,1.8,0.7,1.0,1.2,197242.0,13.8,445.0,0.2,-3.4,0.068,46818.0,1.0,9.0,0.9,0.5,0.012,5.81,0.4,0.82,5.5,4.2,0.0397,30,36,-5,15,95.1,665,-382,283,3.9,0.006637,999999.99,99999.99,99999.99,0.19,0.09,0.07,-1,2006-07-04 19:00:00
2006,185,20,2360,51,52,54,34,17.8,17.5,-5.2,326.6,14.6,-9.6,-1.6,-9.5,-2.3,0.3,3.1,1.4,1.9,1.9,90767.0,10.1,405.0,0.0,-5.8,0.068,21279.0,0.8,9.0,1.9,1.9,0.017,3.52,0.93,0.29,3.6,3.2,0.091,30,36,-10,15,95.1,439,-220,219,3.4,0.006637,999999.99,99999.99,99999.99,0.17,0.1,0.07,-1,2006-07-04 20:00:00
2006,185,21,2360,51,52,63,39,17.7,17.4,-1.0,322.3,13.7,-10.6,-0.3,-10.5,-1.2,0.9,3.1,1.2,0.8,2.8,123136.0,10.2,414.0,-0.9,-3.3,0.058,69111.0,1.1,13.0,2.0,2.1,0.019,3.6,0.5,0.34,3.7,3.3,0.0853,40,36,-11,27,95.1,367,-149,218,3.1,0.006637,999999.99,99999.99,99999.99,0.2,0.09,0.06,-1,2006-07-04 21:00:00
2006,185,22,2360,51,52,77,47,13.6,9.1,-0.3,316.8,6.6,-6.2,0.0,-6.2,-0.6,3.7,10.5,6.9,4.5,6.6,313114.0,10.9,486.0,3.7,-2.3,0.111,162368.0,1.7,57.0,5.0,3.3,0.03,6.21,0.29,1.08,5.9,4.2,0.0342,40,36,-11,27,95.1,661,-381,280,3.8,0.006637,999999.99,99999.99,99999.99,0.18,0.11,0.07,-1,2006-07-04 22:00:00
2006,185,23,2360,51,52,56,35,16.0,15.4,1.4,313.0,10.5,-11.3,0.4,-11.3,-0.6,1.5,4.4,1.7,1.7,3.7,383321.0,10.3,532.0,7.7,-1.6,0.086,59958.0,0.9,8.0,1.6,1.4,0.033,6.54,0.32,0.86,5.3,4.0,0.0418,40,36,-17,27,95.1,633,-365,268,3.9,0.006637,999999.99,99999.99,99999.99,0.21,0.1,0.07,-1,2006-07-04 23:00:00
2006,186,0,2360,51,52,62,33,18.4,17.3,5.1,315.1,12.2,-12.1,1.5,-12.2,0.6,0.7,5.9,1.4,1.9,5.4,297875.0,8.9,524.0,6.2,-2.8,0.064,30009.0,1.2,8.0,1.3,3.8,0.023,5.13,-0.31,0.47,4.2,3.6,0.0659,43,35,-17,32,87.5,512,-287,225,3.2,0.006606,999999.99,99999.99,99999.99,0.26,0.13,0.08,-1,2006-07-05 00:00:00
2006,186,1,2360,51,52,67,41,16.7,12.7,21.4,308.0,7.3,-9.3,4.6,-9.5,4.2,1.7,10.6,3.3,2.8,9.7,434185.0,8.8,590.0,8.6,3.4,0.08,81722.0,0.7,30.0,1.7,3.1,0.021,6.75,-2.48,0.74,5.2,4.1,0.0433,43,35,-20,32,87.5,571,-309,261,3.3,0.006606,999999.99,99999.99,99999.99,0.22,0.11,0.08,-1,2006-07-05 01:00:00
2006,186,2,2360,51,52,60,36,13.5,11.8,-5.9,317.4,8.6,-7.9,-1.2,-7.9,-1.3,0.3,6.1,1.8,2.1,5.5,389420.0,8.4,599.0,9.1,1.6,0.067,42255.0,0.8,11.0,1.3,2.6,0.027,6.38,0.78,0.99,6.4,4.7,0.0288,43,35,-15,32,87.5,337,-100,237,1.3,0.006606,999999.99,99999.99,99999.99,0.19,0.1,0.06,-1,2006-07-05 02:00:00
2006,186,3,2360,51,52,61,37,10.6,8.1,-16.5,328.6,6.6,-4.1,-2.3,-4.2,-2.2,2.0,6.9,2.2,3.1,5.8,418196.0,8.0,615.0,8.5,5.5,0.049,82754.0,0.8,13.0,1.9,4.0,0.01,6.04,1.35,1.62,8.2,5.3,0.0177,40,35,-16,27,87.5,595,-296,299,3.2,0.006606,999999.99,99999.99,99999.99,0.18,0.11,0.08,-1,2006-07-05 03:00:00
2006,186,4,2360,51,52,60,36,7.1,6.0,-12.1,324.8,4.8,-3.4,-1.3,-3.5,-1.0,1.1,3.7,2.0,2.1,2.3,371707.0,5.8,632.0,7.0,3.8,0.053,39942.0,1.0,11.0,1.4,2.0,0.007,4.69,0.63,2.39,10.7,6.1,0.0104,40,35,-20,27,87.5,634,-403,231,4.0,0.006606,999999.99,99999.99,99999.99,0.18,0.12,0.09,-1,2006-07-05 04:00:00
2006,186,5,2360,51,52,60,37,6.9,5.6,-56.5,352.5,3.1,-0.4,-4.7,-1.0,-4.6,0.2,3.9,2.2,2.7,1.7,261521.0,3.9,633.0,6.4,-2.9,0.048,29527.0,0.4,21.0,2.0,1.7,0.006,3.11,2.91,1.33,9.1,6.2,0.0145,40,35,-32,27,87.5,705,-448,257,3.8,0.006606,999999.99,99999.99,99999.99,0.19,0.1,0.07,-1,2006-07-05 05:00:00
2006,186,6,2360,51,52,58,36,6.7,5.3,-33.4,344.7,4.3,-1.2,-2.9,-1.7,-2.6,0.4,3.9,0.7,2.2,3.2,260652.0,3.8,613.0,5.6,-2.7,0.053,28070.0,0.3,11.0,1.7,2.0,0.009,2.89,1.59,1.37,8.9,6.0,0.015,50,35,-32,48,87.5,977,-593,384,5.0,0.006606,999999.99,99999.99,99999.99,0.17,0.11,0.08,-1,2006-07-05 06:00:00
2006,186,7,2360,51,52,58,34,6.7,5.6,-8.1,321.5,4.3,-3.4,-0.8,-3.5,-0.1,0.4,3.4,1.7,1.8,2.4,210304.0,3.1,589.0,3.0,-2.0,0.052,37545.0,0.4,17.0,2.2,2.5,0.007,2.17,0.06,0.97,7.7,5.7,0.0199,50,35,-30,48,87.5,376,-245,131,3.4,0.006606,999999.99,99999.99,99999.99,0.2,0.1,0.08,-1,2006-07-05 07:00:00
2006,186,8,2360,51,52,64,37,6.9,6.1,23.6,285.3,1.5,-5.4,2.4,-4.6,3.7,0.4,3.0,2.0,0.7,2.1,176090.0,2.6,607.0,1.0,1.1,0.047,30019.0,0.3,22.0,0.9,1.7,0.007,1.9,-2.25,0.69,7.1,5.6,0.0236,50,35,-25,48,87.5,58,-23,34,-0.2,0.006606,999999.99,99999.99,99999.99,0.2,0.11,0.08,-1,2006-07-05 08:00:00
2006,186,9,2360,51,52,60,32,5.4,4.9,6.9,280.1,0.8,-4.8,0.6,-4.5,1.9,0.3,2.1,1.0,0.8,1.7,162731.0,2.3,627.0,0.2,0.1,0.048,18335.0,0.2,11.0,0.9,1.9,0.004,1.8,-1.19,0.96,8.8,6.5,0.0153,20,35,-24,7,87.5,56,-19,37,-0.8,0.006606,999999.99,99999.99,99999.99,0.18,0.09,0.07,-1,2006-07-05 09:00:00
2006,186,10,2360,51,52,60,36,5.6,5.3,-12.4,283.8,1.2,-5.0,-1.1,-5.1,0.4,0.1,1.6,1.2,0.5,0.9,116620.0,2.0,626.0,-0.8,-1.4,0.042,18855.0,0.2,16.0,0.4,1.1,0.004,1.53,-0.25,0.65,7.9,6.3,0.019,20,35,-24,7,87.5,148,-67,81,0.3,0.006606,999999.99,99999.99,99999.99,0.16,0.07,0.05,-1,2006-07-05 10:00:00
2006,186,11,2360,51,52,61,36,5.1,4.4,8.8,303.1,2.4,-3.7,0.7,-3.3,1.7,0.3,2.4,1.0,1.5,1.5,131423.0,2.1,612.0,-0.7,-0.1,0.04,18655.0,0.2,12.0,1.8,1.6,0.006,1.52,-1.04,0.87,8.7,6.6,0.0157,20,35,-29,7,87.5,251,-173,78,0.2,0.006606,999999.99,99999.99,99999.99,0.17,0.09,0.07,-1,2006-07-05 11:00:00
2006,186,12,2360,51,52,58,32,4.1,3.1,1.1,306.9,1.8,-2.5,0.1,-2.4,0.8,0.3,2.5,1.8,1.0,1.4,152578.0,1.9,620.0,-0.6,-0.6,0.06,30875.0,0.2,24.0,1.3,1.8,0.008,1.51,-0.5,1.32,10.4,7.1,0.011,17,35,-31,6,87.5,186,-118,69,1.0,0.006606,999999.99,99999.99,99999.99,0.15,0.08,0.06,-1,2006-07-05 12:00:00
2006,186,13,2360,51,52,58,35,4.4,3.9,-10.6,332.8,3.4,-1.7,-0.7,-1.8,-0.2,0.1,1.9,0.7,1.2,1.3,162133.0,1.9,595.0,0.2,-1.6,0.061,14819.0,0.1,9.0,1.6,2.0,0.007,1.4,0.12,1.19,9.3,6.5,0.0137,17,35,-32,6,87.5,100,-45,55,1.9,0.006606,999999.99,99999.99,99999.99,0.19,0.09,0.06,-1,2006-07-05 13:00:00
2006,186,14,2360,51,52,60,36,4.6,4.4,0.1,310.0,2.9,-3.4,0.0,-3.3,0.7,0.1,1.0,0.5,0.4,0.8,129761.0,1.7,592.0,-2.4,-1.4,0.046,18119.0,0.2,10.0,0.6,1.2,0.005,1.18,-0.41,0.86,8.4,6.4,0.0169,17,35,-31,6,87.5,122,-88,34,2.2,0.006606,999999.99,99999.99,99999.99,0.17,0.09,0.07,-1,2006-07-05 14:00:00
2006,186,15,2360,51,52,62,37,4.5,4.2,12.8,318.7,3.1,-2.7,0.9,-2.5,1.4,0.2,1.6,1.0,1.0,0.7,132986.0,1.7,587.0,-1.4,0.5,0.042,18521.0,0.2,13.0,1.3,1.4,0.007,1.14,-0.82,0.91,8.5,6.4,0.0164,23,35,-28,9,87.5,165,-135,30,1.8,0.006606,999999.99,99999.99,99999.99,0.16,0.09,0.07,-1,2006-07-05 15:00:00
2006,186,16,2360,51,52,62,35,4.5,3.4,2.6,291.0,1.2,-3.2,0.2,-3.2,0.6,0.4,2.8,2.2,1.3,1.1,135296.0,1.8,612.0,-1.7,-0.5,0.041,28285.0,0.2,27.0,1.5,1.2,0.009,1.31,-0.37,0.97,9.1,6.7,0.0143,23,35,-27,9,87.5,150,-97,53,3.2,0.006606,999999.99,99999.99,99999.99,0.15,0.1,0.07,-1,2006-07-05 16:00:00
2006,186,17,2360,51,52,58,34,4.0,3.6,-11.5,13.2,3.5,0.8,-0.7,0.8,-0.8,0.1,1.6,0.4,1.0,1.2,135059.0,2.0,618.0,2.5,-0.9,0.04,21216.0,0.2,7.0,1.5,1.8,0.009,1.48,0.49,1.37,10.9,7.4,0.01,23,35,-26,9,87.5,133,-89,44,1.6,0.006606,999999.99,99999.99,99999.99,0.17,0.1,0.07,-1,2006-07-05 17:00:00
2006,186,18,2360,51,52,60,37,4.1,3.3,-27.5,333.1,2.6,-1.3,-1.5,-1.3,-1.5,0.2,2.4,1.2,2.0,0.5,138027.0,2.2,626.0,0.1,-1.8,0.042,21356.0,0.2,15.0,1.9,0.9,0.004,1.68,0.94,1.45,11.3,7.5,0.0093,23,35,-27,9,87.5,224,-146,79,1.1,0.006606,999999.99,99999.99,99999.99,0.16,0.1,0.07,-1,2006-07-05 18:00:00
2006,186,19,2360,51,52,61,38,4.0,3.3,-40.1,7.6,2.5,0.3,-2.1,0.4,-2.1,0.1,2.2,1.1,1.7,1.0,138961.0,2.2,624.0,1.6,-2.6,0.045,14390.0,0.2,17.0,1.8,0.6,0.004,1.69,1.31,1.53,11.6,7.6,0.0089,23,35,-27,9,87.5,227,-153,73,2.1,0.006606,999999.99,99999.99,99999.99,0.2,0.12,0.09,-1,2006-07-05 19:00:00
2006,186,20,2360,51,52,58,33,4.0,3.3,-38.0,351.3,2.6,-0.4,-2.1,-0.3,-2.1,0.1,2.1,1.1,1.2,1.2,134309.0,2.2,623.0,1.1,-2.3,0.044,19093.0,0.2,15.0,1.6,1.6,0.006,1.68,1.31,1.5,11.6,7.6,0.0089,23,35,-30,9,87.5,310,-193,117,2.8,0.006606,999999.99,99999.99,99999.99,0.17,0.08,0.06,-1,2006-07-05 20:00:00
2006,186,21,2360,51,52,60,36,3.9,3.5,-48.2,359.3,2.3,0.0,-2.6,0.2,-2.6,0.1,1.7,0.7,1.2,1.0,127136.0,2.3,620.0,1.8,-2.8,0.045,8784.0,0.1,7.0,1.2,0.9,0.004,1.74,1.61,1.61,12.1,7.8,0.0082,30,35,-35,15,87.5,361,-193,168,2.8,0.006606,999999.99,99999.99,99999.99,0.16,0.1,0.08,-1,2006-07-05 21:00:00
2006,186,22,2360,51,52,59,37,4.1,4.0,-43.4,335.7,2.6,-1.2,-2.7,-1.0,-2.8,0.1,1.0,0.5,0.7,0.4,115103.0,2.3,614.0,0.5,-3.0,0.04,7879.0,0.1,8.0,0.8,0.5,0.002,1.68,1.72,1.39,11.4,7.7,0.0092,30,35,-34,15,87.5,615,-391,224,3.5,0.006606,999999.99,99999.99,99999.99,0.19,0.1,0.08,-1,2006-07-05 22:00:00
2006,186,23,2360,51,52,61,37,4.2,3.9,-48.7,9.1,2.5,0.4,-2.9,0.6,-2.9,0.0,1.6,0.9,1.0,0.7,114164.0,2.3,617.0,2.4,-3.2,0.041,8171.0,0.1,12.0,1.2,0.7,0.003,1.7,1.79,1.32,11.1,7.6,0.0096,30,35,-34,15,87.5,600,-398,202,3.2,0.006606,999999.99,99999.99,99999.99,0.18,0.1,0.08,-1,2006-07-05 23:00:00
2006,187,0,2360,51,52,59,33,4.1,3.5,-28.4,360.0,3.1,0.0,-1.7,0.1,-1.7,0.2,1.9,0.4,1.0,1.6,135598.0,2.3,609.0,1.9,-1.8,0.049,45881.0,0.2,7.0,1.3,2.0,0.005,1.7,1.04,1.5,11.3,7.4,0.0094,33,36,-35,18,87.9,606,-390,216,3.4,0.006663,999999.99,99999.99,99999.99,0.23,0.12,0.08,-1,2006-07-06 00:00:00
2006,187,1,2360,51,52,60,37,4.0,3.3,6.7,324.6,2.6,-1.9,0.4,-1.9,0.3,0.2,2.2,0.8,1.6,1.3,137901.0,2.5,612.0,0.2,0.2,0.046,15971.0,0.2,6.0,1.5,1.2,0.005,1.85,-0.18,1.73,12.1,7.7,0.0081,33,36,-34,18,87.9,501,-351,150,2.7,0.006663,999999.99,99999.99,99999.99,0.18,0.11,0.08,-1,2006-07-06 01:00:00
2006,187,2,2360,51,52,60,35,4.2,2.6,-7.0,292.2,1.0,-2.4,-0.3,-2.4,-0.3,0.2,3.2,1.2,2.2,1.9,130341.0,2.6,621.0,0.1,-0.9,0.043,14162.0,0.2,11.0,2.2,1.9,0.004,1.96,0.19,1.59,11.9,7.7,0.0084,33,36,-28,18,87.9,292,-170,122,1.4,0.006663,999999.99,99999.99,99999.99,0.2,0.1,0.08,-1,2006-07-06 02:00:00
2006,187,3,2360,51,52,61,37,3.8,1.3,-0.3,342.2,1.2,-0.4,0.0,-0.4,0.0,0.3,3.4,1.7,1.7,2.4,133618.0,2.5,621.0,2.1,-0.5,0.048,20133.0,0.2,20.0,2.1,2.5,0.006,1.92,-0.0,1.89,12.9,8.0,0.0071,17,36,-28,6,87.9,215,-134,81,1.3,0.006663,999999.99,99999.99,99999.99,0.17,0.11,0.09,-1,2006-07-06 03:00:00
2006,187,4,2360,51,52,59,35,3.8,2.6,35.4,352.7,2.1,-0.3,1.5,-0.2,1.5,0.1,2.6,1.1,1.5,1.9,132296.0,2.4,606.0,1.6,0.5,0.048,14096.0,0.2,13.0,1.5,2.3,0.006,1.75,-0.91,1.8,12.4,7.7,0.0078,17,36,-24,6,87.9,99,-67,32,0.5,0.006663,999999.99,99999.99,99999.99,0.26,0.12,0.09,-1,2006-07-06 04:00:00
2006,187,5,2360,51,52,61,34,3.9,3.3,-28.8,339.5,2.7,-1.0,-1.6,-1.2,-1.5,0.2,2.0,0.7,1.0,1.6,121442.0,2.2,600.0,1.4,-2.6,0.051,13419.0,0.2,8.0,1.1,1.6,0.006,1.59,0.9,1.5,11.4,7.5,0.0091,17,36,-21,6,87.9,287,-169,119,1.4,0.006663,999999.99,99999.99,99999.99,0.19,0.1,0.07,-1,2006-07-06 05:00:00
2006,187,6,2360,51,52,59,37,3.7,2.4,21.0,330.8,2.0,-1.1,0.9,-0.9,1.1,0.1,2.7,0.9,1.9,1.7,140763.0,2.2,605.0,1.2,-0.1,0.053,14017.0,0.2,12.0,2.2,1.8,0.006,1.63,-0.67,1.8,12.1,7.6,0.0081,27,36,-19,12,87.9,402,-321,81,2.0,0.006663,999999.99,99999.99,99999.99,0.22,0.1,0.08,-1,2006-07-06 06:00:00
2006,187,7,2360,51,52,58,35,3.8,3.0,-10.3,4.5,3.0,0.2,-0.5,0.1,-0.5,0.1,2.1,0.6,1.5,1.3,139704.0,2.3,592.0,2.5,-1.4,0.048,13967.0,0.1,9.0,1.9,1.7,0.003,1.6,0.3,1.78,11.8,7.4,0.0085,27,36,-18,12,87.9,194,-90,104,2.2,0.006663,999999.99,99999.99,99999.99,0.15,0.09,0.07,-1,2006-07-06 07:00:00
2006,187,8,2360,51,52,64,38,3.9,2.9,-53.7,316.0,1.2,-1.2,-2.4,-1.8,-2.0,0.1,2.5,1.3,1.9,1.0,124714.0,2.3,609.0,1.1,-3.3,0.04,12210.0,0.1,13.0,1.8,0.9,0.004,1.65,1.22,1.59,11.8,7.7,0.0085,27,36,-15,12,87.9,371,-179,192,2.7,0.006663,999999.99,99999.99,99999.99,0.18,0.08,0.07,-1,2006-07-06 08:00:00
2006,187,9,2360,51,52,57,35,3.8,2.8,-32.7,303.6,1.3,-2.0,-1.5,-2.3,-0.9,0.2,2.4,1.6,1.1,1.5,115144.0,2.2,601.0,0.5,-2.3,0.039,15424.0,0.2,18.0,1.2,1.6,0.005,1.53,0.54,1.54,11.7,7.7,0.0086,17,36,-13,6,87.9,528,-358,170,2.7,0.006663,999999.99,99999.99,99999.99,0.19,0.12,0.07,-1,2006-07-06 09:00:00
2006,187,10,2360,51,52,59,35,3.5,2.2,-21.9,346.1,2.0,-0.5,-0.8,-0.7,-0.6,0.3,2.7,1.5,1.1,1.9,114593.0,2.0,589.0,1.8,-1.9,0.04,14165.0,0.1,11.0,0.9,1.5,0.005,1.34,0.35,1.65,11.9,7.6,0.0084,17,36,-16,6,87.9,397,-277,120,2.4,0.006663,999999.99,99999.99,99999.99,0.34,0.21,0.11,-1,2006-07-06 10:00:00
2006,187,11,2360,51,52,62,38,3.6,2.2,1.5,287.9,0.7,-2.1,0.1,-2.0,0.7,0.2,2.7,1.7,1.3,1.7,120746.0,2.3,591.0,0.3,-1.4,0.042,15583.0,0.2,9.0,1.1,1.3,0.004,1.57,-0.41,1.84,12.4,7.7,0.0077,17,36,-19,6,87.9,257,-178,79,1.3,0.006663,999999.99,99999.99,99999.99,0.69,0.37,0.17,-1,2006-07-06 11:00:00
2006,187,12,2360,51,52,60,37,3.6,3.1,58.8,250.2,-0.5,-1.5,2.6,-0.7,2.9,0.1,1.8,0.9,1.3,1.0,123259.0,2.4,595.0,0.6,0.4,0.039,16065.0,0.1,6.0,1.0,0.9,0.003,1.64,-1.73,1.94,12.8,7.8,0.0073,13,36,-19,5,87.9,108,-52,56,-0.2,0.006663,999999.99,99999.99,99999.99,0.87,0.43,0.17,-1,2006-07-06 12:00:00
2006,187,13,2360,51,52,56,33,3.5,2.2,21.7,268.3,-0.1,-2.1,0.8,-1.8,1.3,0.2,2.6,1.9,0.9,1.5,126947.0,2.4,582.0,0.5,-1.0,0.041,12841.0,0.2,19.0,1.2,1.4,0.005,1.58,-0.76,2.08,12.9,7.7,0.0072,13,36,-20,5,87.9,60,-27,32,0.1,0.006663,999999.99,99999.99,99999.99,1.21,0.53,0.19,-1,2006-07-06 13:00:00
2006,187,14,2360,51,52,64,39,3.3,2.6,18.0,281.7,0.5,-2.4,0.8,-2.2,1.3,0.3,2.0,1.2,1.4,0.9,135084.0,2.5,579.0,0.3,-0.9,0.037,16000.0,0.2,14.0,1.6,0.9,0.005,1.61,-0.75,2.52,13.9,7.8,0.0062,13,36,-20,5,87.9,61,-40,21,1.5,0.006663,999999.99,99999.99,99999.99,1.52,0.52,0.16,-1,2006-07-06 14:00:00
2006,187,15,2360,51,52,56,35,3.6,3.1,15.2,282.1,0.6,-3.0,0.8,-2.8,1.3,0.2,1.6,1.0,0.7,1.1,124664.0,2.6,580.0,-0.5,-0.3,0.037,10411.0,0.2,9.0,0.7,1.0,0.003,1.68,-0.75,2.11,13.0,7.7,0.007,17,36,-20,6,87.9,53,-45,8,1.7,0.006663,999999.99,99999.99,99999.99,1.46,0.52,0.15,-1,2006-07-06 15:00:00
2006,187,16,2360,51,52,60,37,3.7,3.3,-28.3,344.8,2.8,-0.8,-1.6,-1.0,-1.5,0.1,1.7,0.8,1.0,1.0,117531.0,2.7,555.0,1.6,-2.7,0.032,13620.0,0.2,7.0,0.9,0.9,0.004,1.57,0.83,2.02,12.3,7.4,0.0078,17,36,-20,6,87.9,148,-117,31,2.1,0.006663,999999.99,99999.99,99999.99,1.71,0.55,0.14,-1,2006-07-06 16:00:00
2006,187,17,2360,51,52,63,39,3.8,2.8,-32.7,284.6,0.6,-2.3,-1.5,-2.4,-1.3,0.3,2.6,1.6,1.2,1.5,94667.0,2.4,570.0,0.5,-2.5,0.034,14633.0,0.2,12.0,1.0,1.1,0.006,1.48,0.74,1.54,11.6,7.6,0.0088,17,36,-21,6,87.9,339,-252,87,2.6,0.006663,999999.99,99999.99,99999.99,1.42,0.41,0.13,-1,2006-07-06 17:00:00
2006,187,18,2360,51,52,10,2,4.3,4.2,20.9,236.4,-2.2,-3.3,1.5,-3.3,1.6,0.0,0.5,0.4,0.3,0.2,72863.0,2.1,593.0,-0.2,0.1,0.03,2099.0,0.1,1.0,0.0,0.2,0.001,1.38,-0.95,0.95,10.0,7.4,0.0119,13,36,-22,5,87.9,171,-97,74,2.3,0.006663,999999.99,99999.99,99999.99,1.71,0.48,0.13,-1,2006-07-06 18:00:00
2006,187,19,2360,51,52,58,27,3.9,3.1,34.6,247.5,-1.0,-2.4,1.8,-2.4,1.7,0.2,2.2,1.4,1.3,1.1,105533.0,2.4,573.0,1.2,1.1,0.034,11333.0,0.2,13.0,0.9,0.8,0.005,1.49,-0.97,1.54,11.4,7.5,0.0092,13,36,-20,5,87.9,80,-28,51,1.5,0.006663,999999.99,99999.99,99999.99,1.31,0.43,0.13,-1,2006-07-06 19:00:00
2006,187,20,2360,51,52,58,35,3.7,3.3,31.1,245.2,-1.2,-2.6,1.7,-2.7,1.6,0.1,1.6,0.8,0.8,1.2,105694.0,2.2,567.0,0.1,0.6,0.034,9482.0,0.1,8.0,0.6,1.3,0.004,1.34,-0.91,1.56,11.4,7.4,0.0092,13,36,-19,5,87.9,73,-40,33,1.0,0.006663,999999.99,99999.99,99999.99,1.35,0.37,0.1,-1,2006-07-06 20:00:00
2006,187,21,2360,51,52,61,37,3.4,2.9,42.7,234.1,-1.3,-1.7,2.0,-1.8,1.9,0.3,1.6,0.7,1.0,1.0,113720.0,2.2,566.0,1.4,2.0,0.035,11209.0,0.2,7.0,1.2,1.0,0.004,1.34,-1.08,1.92,12.3,7.6,0.0078,17,36,-16,6,87.9,51,-29,22,0.8,0.006663,999999.99,99999.99,99999.99,1.28,0.33,0.12,-1,2006-07-06 21:00:00
2006,187,22,2360,51,52,57,34,3.5,2.7,0.9,242.1,-1.3,-2.4,0.0,-2.4,-0.2,0.3,2.1,1.2,0.6,1.6,103312.0,1.8,567.0,0.7,0.7,0.036,18617.0,0.2,13.0,0.8,1.9,0.006,1.11,0.11,1.42,10.9,7.3,0.0101,17,36,-17,6,87.9,91,-57,34,1.2,0.006663,999999.99,99999.99,99999.99,1.3,0.37,0.13,-1,2006-07-06 22:00:00
2006,187,23,2360,51,52,60,37,2.8,2.3,-35.5,270.9,0.0,-1.8,-1.3,-1.7,-1.4,0.5,1.6,0.7,0.8,1.2,131944.0,1.9,544.0,1.9,-0.6,0.039,22459.0,0.1,8.0,0.9,1.6,0.004,1.09,0.76,2.62,13.4,7.4,0.0066,17,36,-21,6,87.9,204,-130,74,1.5,0.006663,999999.99,99999.99,99999.99,1.4,0.3,0.1,-1,2006-07-06 23:00:00
2006,188,0,2360,51,52,60,36,3.1,2.6,-50.9,297.8,0.8,-1.5,-2.0,-1.4,-2.1,0.2,1.6,0.9,0.6,1.1,100285.0,1.7,533.0,1.8,-1.7,0.039,18230.0,0.1,10.0,0.8,1.3,0.004,0.93,1.12,1.68,11.2,7.2,0.0095,17,36,-23,6,82.6,363,-258,106,2.1,0.006664,999999.99,99999.99,99999.99,1.55,0.33,0.11,-1,2006-07-07 00:00:00
2006,188,1,2360,51,52,58,35,2.8,2.4,-29.4,280.2,0.4,-2.1,-1.2,-2.1,-1.3,0.1,1.4,1.0,0.5,0.8,99740.0,1.7,537.0,1.0,-0.6,0.041,7691.0,0.1,9.0,0.5,0.8,0.003,0.95,0.7,2.06,12.5,7.5,0.0076,17,36,-25,6,82.6,318,-212,106,2.0,0.006664,999999.99,99999.99,99999.99,1.84,0.41,0.14,-1,2006-07-07 01:00:00
2006,188,2,2360,51,52,61,37,2.7,2.1,14.1,306.7,1.2,-1.6,0.5,-1.6,0.5,0.3,1.7,0.7,0.6,1.4,89901.0,1.6,527.0,1.2,0.8,0.041,12389.0,0.1,6.0,0.7,1.3,0.003,0.86,-0.26,1.99,12.3,7.5,0.0078,17,36,-24,6,82.6,149,-80,69,1.1,0.006664,999999.99,99999.99,99999.99,1.72,0.28,0.08,-1,2006-07-07 02:00:00
2006,188,3,2360,51,52,59,34,2.4,1.7,-2.9,285.8,0.5,-1.7,-0.1,-1.7,0.0,0.2,1.7,0.6,0.9,1.3,89471.0,1.7,528.0,0.5,-0.1,0.043,11771.0,0.1,5.0,1.1,1.3,0.005,0.93,-0.0,2.67,14.3,7.9,0.0058,10,36,-19,4,82.6,109,-59,50,0.5,0.006664,999999.99,99999.99,99999.99,1.77,0.33,0.1,-1,2006-07-07 03:00:00
2006,188,4,2360,51,52,61,38,2.5,2.2,-2.5,266.1,-0.1,-2.2,-0.1,-2.2,0.1,0.3,1.2,0.7,0.6,0.7,93988.0,1.7,533.0,-0.4,-0.2,0.046,13297.0,0.1,7.0,0.8,0.9,0.004,0.95,-0.05,2.52,13.9,7.8,0.0062,10,36,-17,4,82.6,158,-94,64,1.1,0.006664,999999.99,99999.99,99999.99,1.4,0.3,0.11,-1,2006-07-07 04:00:00
2006,188,5,2360,51,52,59,36,2.8,2.4,-48.6,312.7,1.1,-1.2,-1.8,-1.4,-1.6,0.2,1.5,0.7,1.0,0.9,78440.0,1.8,521.0,-0.2,-1.5,0.044,9095.0,0.1,6.0,0.7,0.9,0.005,0.96,0.83,1.98,12.5,7.6,0.0076,10,36,-16,4,82.6,106,-33,72,1.0,0.006664,999999.99,99999.99,99999.99,1.37,0.24,0.09,-1,2006-07-07 05:00:00
2006,188,6,2360,51,52,60,36,3.1,2.5,-16.2,254.8,-0.6,-2.3,-0.7,-2.4,-0.3,0.3,1.7,1.0,0.5,1.3,65509.0,2.5,525.0,-1.2,-2.4,0.042,9234.0,0.3,7.0,0.5,1.0,0.004,1.34,0.16,2.1,13.4,8.0,0.0066,10,36,-16,4,82.6,222,-100,122,1.4,0.006664,999999.99,99999.99,99999.99,1.35,0.3,0.11,-1,2006-07-07 06:00:00
2006,188,7,2360,51,52,60,36,3.1,2.3,3.7,274.0,0.2,-2.3,0.1,-2.2,0.6,0.4,2.0,0.9,0.8,1.6,69941.0,2.8,521.0,-1.2,-1.2,0.05,7589.0,0.4,6.0,0.8,1.1,0.003,1.52,-0.31,2.4,14.1,8.0,0.006,10,36,-13,4,82.6,142,-80,61,0.5,0.006664,999999.99,99999.99,99999.99,1.17,0.2,0.07,-1,2006-07-07 07:00:00
2006,188,8,2360,51,52,59,37,3.0,0.6,31.0,304.2,0.3,-0.5,0.3,-0.4,0.4,0.3,2.9,0.9,1.4,2.4,82773.0,3.4,520.0,0.4,-0.8,0.051,9804.0,0.2,5.0,0.9,1.1,0.004,1.85,-0.21,3.32,16.0,8.1,0.0047,10,36,-10,4,82.6,140,-76,64,0.9,0.006664,999999.99,99999.99,99999.99,1.12,0.22,0.08,-1,2006-07-07 08:00:00
2006,188,9,2360,51,52,59,36,3.0,1.9,-23.3,32.1,1.5,0.9,-0.8,0.6,-1.0,0.3,2.2,0.8,1.0,1.8,107276.0,3.4,515.0,0.6,-1.4,0.059,14081.0,0.2,3.0,0.7,0.8,0.004,1.86,0.52,3.7,15.8,7.7,0.0047,13,36,-10,5,82.6,192,-85,108,1.9,0.006664,999999.99,99999.99,99999.99,1.01,0.2,0.08,-1,2006-07-07 09:00:00
2006,188,10,2360,51,52,64,38,2.9,1.5,-53.1,247.0,-0.4,-0.8,-1.2,-1.1,-0.9,0.6,2.4,1.4,1.5,1.2,114671.0,3.4,527.0,-0.8,-2.2,0.059,10631.0,0.2,10.0,1.1,0.6,0.006,1.95,0.47,4.09,16.8,7.9,0.0042,13,36,-11,5,82.6,233,-135,98,1.9,0.006664,999999.99,99999.99,99999.99,0.91,0.23,0.09,-1,2006-07-07 10:00:00
2006,188,11,2360,51,52,56,35,3.7,2.7,-38.8,268.2,-0.1,-2.1,-1.7,-2.5,-1.0,0.2,2.3,1.8,1.1,1.0,98715.0,3.3,523.0,-1.9,-2.4,0.058,8629.0,0.2,16.0,1.0,1.0,0.007,1.86,0.52,2.28,12.8,7.5,0.0072,13,36,-10,5,82.6,170,-134,36,1.0,0.006664,999999.99,99999.99,99999.99,0.73,0.24,0.11,-1,2006-07-07 11:00:00
2006,188,12,2360,51,52,61,37,4.0,3.1,-29.3,257.9,-0.6,-2.7,-1.5,-3.0,-0.7,0.2,2.5,1.2,1.0,1.9,98473.0,3.4,521.0,-2.2,-1.6,0.054,14659.0,0.4,7.0,1.0,0.8,0.01,1.87,0.36,2.01,12.0,7.3,0.0082,20,36,-10,7,82.6,164,-157,6,1.4,0.006664,999999.99,99999.99,99999.99,0.72,0.18,0.07,-1,2006-07-07 12:00:00
2006,188,13,2360,51,52,59,37,4.2,3.9,-65.3,311.3,1.1,-1.2,-3.5,-2.1,-3.1,0.2,1.6,1.1,1.1,0.5,122856.0,3.1,509.0,-0.8,-2.4,0.063,8519.0,0.1,6.0,0.6,0.4,0.005,1.68,1.58,1.84,10.7,6.6,0.0104,20,36,-13,7,82.6,236,-157,79,2.9,0.006664,999999.99,99999.99,99999.99,0.67,0.18,0.07,-1,2006-07-07 13:00:00
2006,188,14,2360,51,52,60,36,4.3,3.0,-50.9,352.0,1.9,-0.3,-2.4,-0.8,-2.3,0.3,3.0,0.8,2.4,1.5,120205.0,3.4,506.0,0.1,-2.7,0.051,16872.0,0.2,3.0,1.0,0.7,0.011,1.75,1.16,1.9,10.8,6.7,0.0101,20,36,-17,7,82.6,297,-204,93,2.3,0.006664,999999.99,99999.99,99999.99,0.7,0.17,0.08,-1,2006-07-07 14:00:00
2006,188,15,2360,51,52,61,35,5.0,4.4,-46.5,7.9,3.0,0.4,-3.2,-0.2,-3.2,0.3,2.1,0.5,1.8,1.0,112062.0,3.4,507.0,0.1,-3.2,0.042,7805.0,0.2,6.0,0.8,0.5,0.004,1.7,1.62,1.36,9.3,6.3,0.0136,23,36,-15,9,82.6,511,-390,121,3.9,0.006664,999999.99,99999.99,99999.99,0.54,0.16,0.07,-1,2006-07-07 15:00:00
2006,188,16,2360,51,52,60,37,4.5,3.1,-27.6,341.9,2.6,-0.9,-1.5,-1.1,-1.4,0.3,3.1,2.2,1.3,1.9,130876.0,3.3,508.0,0.3,-2.9,0.051,13469.0,0.2,6.0,0.8,0.7,0.009,1.71,0.71,1.76,10.3,6.5,0.0113,23,36,-15,9,82.6,424,-335,89,2.9,0.006664,999999.99,99999.99,99999.99,0.45,0.14,0.08,-1,2006-07-07 16:00:00
2006,188,17,2360,51,52,60,37,3.9,2.5,69.4,2.0,0.9,0.0,2.3,0.2,2.3,0.5,2.8,2.1,1.6,0.9,155963.0,3.3,504.0,1.1,-2.5,0.05,22266.0,0.3,9.0,0.7,0.9,0.007,1.68,-1.16,2.57,11.7,6.5,0.0086,23,36,-15,9,82.6,145,-102,43,0.5,0.006664,999999.99,99999.99,99999.99,0.52,0.14,0.08,-1,2006-07-07 17:00:00
2006,188,18,2360,51,52,58,35,4.7,4.0,27.8,229.4,-2.3,-2.7,1.9,-2.6,2.0,0.3,2.5,1.0,1.4,1.7,131555.0,2.7,512.0,-1.0,-3.7,0.05,13765.0,0.3,7.0,0.7,1.0,0.006,1.42,-1.02,1.32,9.0,6.1,0.0148,13,36,-14,5,82.6,63,-16,47,0.5,0.006664,999999.99,99999.99,99999.99,0.45,0.14,0.07,-1,2006-07-07 18:00:00
2006,188,19,2360,51,52,63,37,3.5,1.0,41.3,2.1,0.7,0.0,0.7,0.0,0.7,0.7,3.3,1.7,2.3,1.7,152487.0,2.8,493.0,1.2,-3.3,0.047,21287.0,0.4,9.0,1.2,1.5,0.008,1.35,-0.35,2.67,11.8,6.5,0.0086,13,36,-16,5,82.6,58,-18,40,1.3,0.006664,999999.99,99999.99,99999.99,0.43,0.15,0.09,-1,2006-07-07 19:00:00
2006,188,20,2360,51,52,59,37,3.2,1.8,45.0,255.5,-0.3,-1.3,1.3,-1.4,1.2,0.4,2.6,2.2,1.3,0.6,126479.0,2.3,504.0,0.8,-2.2,0.039,30900.0,0.4,15.0,1.4,1.2,0.007,1.13,-0.6,2.38,11.9,6.8,0.0083,13,36,-19,5,82.6,41,-24,16,0.1,0.006664,999999.99,99999.99,99999.99,0.33,0.18,0.1,-1,2006-07-07 20:00:00
2006,188,21,2360,51,52,58,35,3.2,1.9,20.5,258.4,-0.4,-1.8,0.7,-1.8,0.6,0.4,2.5,2.2,1.1,0.5,94043.0,2.0,497.0,0.4,-1.9,0.03,13671.0,0.3,17.0,0.9,0.6,0.005,0.92,-0.3,1.81,11.0,6.9,0.0099,10,36,-19,4,82.6,59,-34,24,1.0,0.006664,999999.99,99999.99,99999.99,0.37,0.17,0.08,-1,2006-07-07 21:00:00
2006,188,22,2360,51,52,60,37,2.9,2.8,6.2,285.4,0.7,-2.7,0.3,-2.7,0.1,0.1,0.6,0.4,0.2,0.4,84763.0,1.9,490.0,-0.0,-1.5,0.029,7198.0,0.1,4.0,0.3,0.6,0.002,0.85,-0.05,2.0,11.6,7.0,0.0088,10,36,-20,4,82.6,74,-52,21,0.6,0.006664,999999.99,99999.99,99999.99,0.27,0.13,0.07,-1,2006-07-07 22:00:00
2006,188,23,2360,51,52,58,36,2.6,2.5,-4.0,306.2,1.5,-2.0,-0.2,-2.0,-0.3,0.1,0.7,0.5,0.3,0.4,80209.0,1.5,481.0,1.5,-1.7,0.038,11643.0,0.1,6.0,0.4,0.5,0.003,0.67,0.14,1.93,11.3,6.9,0.0093,10,36,-22,4,82.6,116,-83,32,0.7,0.006664,999999.99,99999.99,99999.99,0.34,0.13,0.08,-1,2006-07-07 23:00:00
2006,189,0,2360,51,52,60,35,2.2,2.0,13.0,289.4,0.6,-1.8,0.4,-1.8,0.3,0.7,1.0,0.6,0.8,0.4,78978.0,1.5,475.0,1.9,-1.7,0.031,13034.0,0.1,3.0,0.5,0.2,0.003,0.64,-0.14,2.67,13.2,7.3,0.0068,3,35,-24,2,80.0,88,-45,44,0.8,0.006513,999999.99,99999.99,99999.99,0.33,0.14,0.08,-1,2006-07-08 00:00:00
2006,189,1,2360,51,52,58,36,1.5,1.3,-0.8,173.6,-1.3,0.1,0.0,0.1,0.0,0.6,1.0,0.9,0.4,0.3,97420.0,1.5,472.0,1.8,-1.6,0.032,3820.0,0.3,7.0,0.3,0.2,0.002,0.63,-0.0,6.26,19.3,7.6,0.0032,3,35,-21,2,80.0,40,-17,23,0.7,0.006513,999999.99,99999.99,99999.99,0.32,0.13,0.07,-1,2006-07-08 01:00:00
2006,189,2,2360,51,52,58,35,1.9,1.7,40.3,328.7,1.1,-0.7,1.1,-0.7,1.1,0.2,0.8,0.6,0.4,0.4,76197.0,1.6,455.0,1.4,-0.8,0.034,8577.0,0.1,5.0,0.4,0.3,0.005,0.63,-0.5,3.77,15.1,7.3,0.0052,3,35,-18,2,80.0,19,-12,7,0.2,0.006513,999999.99,99999.99,99999.99,0.4,0.13,0.07,-1,2006-07-08 02:00:00
2006,189,3,2360,51,52,61,37,2.0,1.9,47.7,327.4,1.1,-0.7,1.4,-0.6,1.4,0.2,0.6,0.3,0.4,0.3,66540.0,1.7,451.0,1.0,0.4,0.033,6226.0,0.1,3.0,0.4,0.4,0.003,0.65,-0.63,3.45,14.7,7.4,0.0055,7,35,-15,3,80.0,25,-17,7,0.1,0.006513,999999.99,99999.99,99999.99,0.36,0.13,0.06,-1,2006-07-08 03:00:00
2006,189,4,2360,51,52,58,35,2.0,1.6,-7.9,315.3,1.1,-1.1,-0.2,-1.1,-0.1,0.2,1.2,0.5,0.3,1.0,69534.0,1.8,448.0,0.5,-0.5,0.031,5795.0,0.1,4.0,0.3,0.6,0.002,0.68,0.04,3.7,15.0,7.3,0.0053,7,35,-13,3,80.0,31,-21,10,0.2,0.006513,999999.99,99999.99,99999.99,0.25,0.1,0.07,-1,2006-07-08 04:00:00
2006,189,5,2360,51,52,60,37,2.2,2.0,-52.2,337.9,1.1,-0.5,-1.6,-0.7,-1.5,0.1,0.9,0.2,0.8,0.4,64716.0,1.7,443.0,0.6,-0.9,0.029,5663.0,0.1,2.0,0.4,0.2,0.002,0.62,0.66,2.82,13.1,7.1,0.0069,7,35,-14,3,80.0,66,-19,47,0.5,0.006513,999999.99,99999.99,99999.99,0.35,0.14,0.07,-1,2006-07-08 05:00:00
2006,189,6,2360,51,52,59,35,2.0,1.9,-38.5,349.3,1.5,-0.3,-1.2,-0.5,-1.1,0.4,0.7,0.4,0.3,0.5,64316.0,1.5,440.0,0.6,-0.6,0.03,6578.0,0.1,3.0,0.2,0.3,0.002,0.54,0.48,3.01,13.5,7.1,0.0066,10,35,-15,4,80.0,141,-65,76,1.3,0.006513,999999.99,99999.99,99999.99,0.31,0.12,0.08,-1,2006-07-08 06:00:00
2006,189,7,2360,51,52,63,39,1.3,0.9,15.4,213.5,-0.7,-0.5,0.2,-0.4,0.3,0.3,1.0,0.8,0.5,0.4,67369.0,1.6,445.0,0.1,-0.3,0.028,6739.0,0.1,4.0,0.4,0.3,0.002,0.59,-0.13,7.71,21.6,7.8,0.0025,10,35,-14,4,80.0,129,-77,52,0.8,0.006513,999999.99,99999.99,99999.99,0.29,0.14,0.09,-1,2006-07-08 07:00:00
2006,189,8,2360,51,52,57,34,1.5,1.1,5.9,189.2,-1.1,-0.2,0.1,-0.2,0.1,0.3,1.0,0.6,0.4,0.7,59670.0,1.7,443.0,-0.5,-0.2,0.025,3693.0,0.1,4.0,0.5,0.6,0.001,0.61,-0.04,5.91,19.3,7.8,0.0032,10,35,-13,4,80.0,67,-41,25,0.6,0.006513,999999.99,99999.99,99999.99,0.32,0.12,0.07,-1,2006-07-08 08:00:00
2006,189,9,2360,51,52,61,38,1.9,1.5,-74.5,228.5,-0.3,-0.3,-1.4,-0.7,-1.3,0.1,1.2,0.7,0.9,0.4,49055.0,1.7,435.0,-0.8,-1.8,0.025,4262.0,0.1,5.0,0.9,0.4,0.002,0.59,0.57,3.48,14.9,7.5,0.0053,3,35,-13,2,80.0,79,-30,49,1.0,0.006513,999999.99,99999.99,99999.99,0.27,0.18,0.1,-1,2006-07-08 09:00:00
2006,189,10,2360,51,52,58,35,1.9,1.6,17.2,244.5,-0.7,-1.4,0.5,-1.2,0.9,0.1,1.1,0.5,0.3,0.9,52856.0,1.8,430.0,-1.8,-0.3,0.025,2995.0,0.1,4.0,0.3,0.6,0.002,0.61,-0.39,3.76,15.2,7.4,0.0052,3,35,-14,2,80.0,67,-38,29,0.2,0.006513,999999.99,99999.99,99999.99,0.28,0.09,0.06,-1,2006-07-08 10:00:00
2006,189,11,2360,51,52,59,37,1.6,1.4,29.2,298.7,0.6,-1.1,0.7,-0.8,1.0,0.3,0.7,0.4,0.3,0.4,56559.0,1.7,421.0,-1.8,-0.2,0.026,5428.0,0.1,3.0,0.4,0.4,0.002,0.56,-0.42,5.11,17.2,7.4,0.004,3,35,-16,2,80.0,32,-21,11,-0.1,0.006513,999999.99,99999.99,99999.99,0.28,0.13,0.09,-1,2006-07-08 11:00:00
2006,189,12,2360,51,52,61,35,1.4,1.2,35.7,209.9,-0.8,-0.5,0.7,-0.3,0.8,0.4,0.7,0.4,0.4,0.5,46927.0,1.9,424.0,-1.3,-0.0,0.025,6392.0,0.1,4.0,0.4,0.6,0.002,0.63,-0.34,7.07,20.9,7.8,0.0027,3,35,-14,2,80.0,67,-34,34,0.2,0.006513,999999.99,99999.99,99999.99,0.3,0.12,0.07,-1,2006-07-08 12:00:00
2006,189,13,2360,51,52,57,35,1.8,1.6,29.1,270.2,0.0,-1.4,0.8,-1.1,1.2,0.3,0.7,0.2,0.4,0.6,42207.0,2.0,412.0,-2.2,-0.6,0.024,5856.0,0.1,5.0,0.3,0.6,0.003,0.62,-0.49,4.38,16.2,7.4,0.0045,3,35,-13,2,80.0,43,-28,15,0.2,0.006513,999999.99,99999.99,99999.99,0.21,0.1,0.06,-1,2006-07-08 13:00:00
2006,189,14,2360,51,52,60,37,2.2,2.1,18.7,292.4,0.7,-1.8,0.7,-1.6,1.1,0.0,0.6,0.5,0.3,0.3,36461.0,2.0,405.0,-2.6,-0.5,0.025,2614.0,0.1,4.0,0.3,0.4,0.002,0.6,-0.45,2.83,13.0,7.0,0.007,3,35,-12,2,80.0,49,-33,16,0.6,0.006513,999999.99,99999.99,99999.99,0.2,0.08,0.05,-1,2006-07-08 14:00:00
2006,189,15,2360,51,52,58,35,2.1,1.4,-15.1,261.9,-0.2,-1.4,-0.4,-1.5,-0.1,0.1,1.4,0.9,0.7,0.9,36249.0,2.2,407.0,-2.4,-1.4,0.025,4466.0,0.1,7.0,0.6,0.8,0.002,0.67,0.04,3.42,14.4,7.2,0.0058,3,35,-12,2,80.0,56,-40,16,1.4,0.006513,999999.99,99999.99,99999.99,0.2,0.09,0.06,-1,2006-07-08 15:00:00
2006,189,16,2360,51,52,59,37,2.2,2.1,1.6,306.9,1.3,-1.7,0.1,-1.7,0.3,0.1,0.5,0.2,0.2,0.4,37084.0,2.3,394.0,-2.8,-0.9,0.027,2588.0,0.1,2.0,0.3,0.4,0.001,0.66,-0.12,3.27,13.6,6.9,0.0064,3,35,-12,2,80.0,41,-30,11,1.3,0.006513,999999.99,99999.99,99999.99,0.29,0.14,0.09,-1,2006-07-08 16:00:00
2006,189,17,2360,51,52,60,36,2.1,1.8,-47.4,299.2,0.6,-1.1,-1.3,-1.2,-1.2,0.1,1.0,0.5,0.6,0.6,36140.0,2.3,394.0,-2.1,-2.0,0.024,6334.0,0.2,5.0,0.6,0.6,0.004,0.65,0.47,3.57,14.2,7.0,0.0059,3,35,-12,2,80.0,56,-34,22,1.4,0.006513,999999.99,99999.99,99999.99,0.21,0.1,0.07,-1,2006-07-08 17:00:00
2006,189,18,2360,51,52,60,16,2.1,2.1,-46.0,312.7,1.0,-1.1,-1.5,-1.2,-1.5,0.1,0.3,0.2,0.2,0.2,25918.0,2.2,389.0,-1.7,-2.1,0.021,2046.0,0.1,1.0,0.3,0.2,0.001,0.6,0.58,3.2,13.7,7.1,0.0063,3,35,-15,2,80.0,76,-45,31,1.2,0.006513,999999.99,99999.99,99999.99,0.21,0.1,0.07,-1,2006-07-08 18:00:00
2006,189,19,2360,51,52,59,37,2.3,2.2,-7.0,274.1,0.2,-2.2,-0.3,-2.2,-0.3,0.0,0.7,0.3,0.1,0.6,30713.0,2.3,388.0,-2.5,-1.5,0.025,4759.0,0.1,2.0,0.2,0.6,0.002,0.64,0.12,2.88,12.8,6.9,0.0073,3,35,-17,2,80.0,80,-45,35,0.8,0.006513,999999.99,99999.99,99999.99,0.19,0.1,0.08,-1,2006-07-08 19:00:00
2006,189,20,2360,51,52,58,36,2.4,2.1,-21.6,279.2,0.3,-2.0,-0.8,-2.0,-0.9,0.1,1.1,0.7,0.6,0.5,27704.0,2.3,385.0,-2.3,-1.6,0.026,2172.0,0.1,4.0,0.2,0.4,0.002,0.63,0.35,2.59,12.2,6.8,0.008,3,35,-17,2,80.0,101,-72,29,0.9,0.006513,999999.99,99999.99,99999.99,0.17,0.1,0.06,-1,2006-07-08 20:00:00
2006,189,21,2360,51,52,62,38,2.2,2.0,-57.2,315.8,0.8,-0.8,-1.7,-0.7,-1.7,0.1,0.8,0.5,0.5,0.3,30074.0,2.3,381.0,-1.3,-2.2,0.023,2341.0,0.1,3.0,0.5,0.3,0.003,0.61,0.65,3.13,13.1,6.8,0.0069,7,35,-16,3,80.0,100,-65,35,0.9,0.006513,999999.99,99999.99,99999.99,0.23,0.08,0.05,-1,2006-07-08 21:00:00
2006,189,22,2360,51,52,59,36,2.3,1.6,-47.3,303.0,0.6,-0.9,-1.2,-0.8,-1.3,0.1,1.6,0.6,0.9,1.2,30454.0,2.4,380.0,-1.6,-1.5,0.024,1911.0,0.1,4.0,0.7,1.0,0.002,0.63,0.49,3.0,12.8,6.8,0.0073,7,35,-15,3,80.0,168,-104,64,1.7,0.006513,999999.99,99999.99,99999.99,0.21,0.12,0.08,-1,2006-07-08 22:00:00
2006,189,23,2360,51,52,60,36,2.3,2.2,10.8,270.1,0.0,-2.1,0.4,-2.1,0.3,0.0,0.7,0.3,0.1,0.6,34409.0,2.5,381.0,-2.8,-0.6,0.025,2219.0,0.1,2.0,0.2,0.6,0.002,0.67,-0.11,3.2,13.1,6.8,0.0069,7,35,-13,3,80.0,71,-39,31,0.5,0.006513,999999.99,99999.99,99999.99,0.23,0.14,0.09,-1,2006-07-08 23:00:00
2006,190,0,2360,51,52,58,35,2.2,2.1,-11.3,294.2,0.9,-1.9,-0.4,-1.9,-0.5,0.1,0.5,0.3,0.2,0.3,37742.0,2.6,375.0,-3.1,-1.2,0.026,2851.0,0.1,2.0,0.2,0.3,0.002,0.67,0.19,3.71,13.7,6.7,0.0063,3,31,-12,2,77.1,49,-27,22,0.3,0.006451,999999.99,99999.99,99999.99,0.22,0.12,0.09,-1,2006-07-09 00:00:00
2006,190,1,2360,51,52,59,36,2.1,2.0,-21.7,345.3,1.8,-0.5,-0.7,-0.5,-0.7,0.0,0.7,0.3,0.5,0.3,36568.0,2.5,367.0,-1.5,-1.0,0.026,3709.0,0.1,2.0,0.5,0.4,0.002,0.62,0.26,3.89,13.8,6.6,0.0062,3,31,-13,2,77.1,40,-28,11,0.3,0.006451,999999.99,99999.99,99999.99,0.23,0.11,0.08,-1,2006-07-09 01:00:00
2006,190,2,2360,51,52,60,36,2.0,1.9,-30.8,353.5,1.6,-0.2,-1.0,-0.2,-1.0,0.1,0.8,0.3,0.6,0.3,39718.0,2.5,367.0,-1.1,-1.1,0.027,5444.0,0.1,3.0,0.7,0.5,0.002,0.62,0.37,4.37,14.5,6.6,0.0057,3,31,-13,2,77.1,41,-30,11,0.6,0.006451,999999.99,99999.99,99999.99,0.23,0.1,0.07,-1,2006-07-09 02:00:00
2006,190,3,2360,51,52,60,37,2.3,2.2,-39.3,354.5,1.7,-0.2,-1.4,-0.3,-1.4,0.1,0.7,0.3,0.5,0.3,41699.0,2.5,366.0,-1.2,-1.7,0.027,1978.0,0.1,3.0,0.5,0.3,0.002,0.62,0.51,3.34,12.6,6.4,0.0075,3,31,-10,2,77.1,42,-27,16,0.9,0.006451,999999.99,99999.99,99999.99,0.25,0.1,0.06,-1,2006-07-09 03:00:00
2006,190,4,2360,51,52,60,37,2.5,2.3,-38.5,328.5,1.5,-1.0,-1.4,-1.1,-1.3,0.1,0.8,0.3,0.7,0.3,40306.0,2.8,364.0,-1.9,-1.7,0.023,1722.0,0.1,2.0,0.5,0.4,0.002,0.68,0.47,3.14,12.2,6.3,0.008,3,31,-9,2,77.1,58,-28,31,0.9,0.006451,999999.99,99999.99,99999.99,0.21,0.12,0.09,-1,2006-07-09 04:00:00
2006,190,5,2360,51,52,59,36,2.5,2.5,-18.9,277.8,0.3,-2.3,-0.8,-2.4,-0.4,0.1,0.4,0.3,0.1,0.2,42163.0,2.9,366.0,-2.5,-1.1,0.019,2675.0,0.1,2.0,0.2,0.2,0.001,0.7,0.15,3.29,12.5,6.4,0.0077,3,31,-10,2,77.1,71,-30,41,0.6,0.006451,999999.99,99999.99,99999.99,0.26,0.12,0.07,-1,2006-07-09 05:00:00
2006,190,6,2360,51,52,58,36,2.5,2.4,-2.4,296.1,1.0,-2.1,-0.1,-2.1,0.3,0.1,0.9,0.5,0.4,0.6,42935.0,3.1,362.0,-2.6,-1.0,0.022,2546.0,0.2,4.0,0.5,0.7,0.003,0.74,-0.11,3.53,12.7,6.3,0.0073,3,31,-10,2,77.1,40,-14,26,0.3,0.006451,999999.99,99999.99,99999.99,0.23,0.1,0.07,-1,2006-07-09 06:00:00
2006,190,7,2360,51,52,62,37,2.8,2.6,6.4,295.1,1.1,-2.4,0.3,-2.3,0.9,0.1,0.8,0.5,0.3,0.6,44784.0,3.2,359.0,-2.8,-1.0,0.025,2063.0,0.1,3.0,0.5,0.4,0.002,0.76,-0.32,2.94,11.5,6.1,0.009,3,31,-9,2,77.1,38,-20,18,-0.2,0.006451,999999.99,99999.99,99999.99,0.28,0.11,0.08,-1,2006-07-09 07:00:00
2006,190,8,2360,51,52,59,36,2.7,2.7,-1.5,297.7,1.2,-2.3,-0.1,-2.2,0.5,0.0,0.6,0.3,0.2,0.5,42727.0,3.2,357.0,-3.1,-1.3,0.023,3295.0,0.2,3.0,0.3,0.6,0.002,0.74,-0.18,3.12,11.8,6.1,0.0085,3,31,-6,2,77.1,68,-47,21,-0.2,0.006451,999999.99,99999.99,99999.99,0.29,0.11,0.07,-1,2006-07-09 08:00:00
2006,190,9,2360,51,52,60,36,2.6,2.3,-22.1,306.7,1.3,-1.7,-0.9,-1.9,-0.4,0.1,1.2,0.6,0.8,0.7,41366.0,3.1,354.0,-1.1,-2.3,0.021,4546.0,0.2,4.0,1.1,0.6,0.002,0.7,0.14,3.24,12.0,6.2,0.0083,3,31,-6,2,77.1,73,-34,39,0.2,0.006451,999999.99,99999.99,99999.99,0.21,0.12,0.07,-1,2006-07-09 09:00:00
2006,190,10,2360,51,52,59,37,2.7,2.5,-36.6,290.1,0.7,-1.9,-1.5,-2.3,-0.8,0.2,0.9,0.6,0.5,0.5,42179.0,3.1,355.0,-1.2,-2.3,0.019,3094.0,0.2,3.0,0.5,0.4,0.002,0.7,0.28,3.02,11.6,6.1,0.0089,3,31,-6,2,77.1,78,-34,45,0.3,0.006451,999999.99,99999.99,99999.99,0.24,0.11,0.07,-1,2006-07-09 10:00:00
2006,190,11,2360,51,52,60,36,2.7,2.7,-19.8,288.1,0.8,-2.4,-0.9,-2.6,-0.1,0.1,0.5,0.3,0.2,0.3,41571.0,3.0,353.0,-1.3,-1.9,0.018,2629.0,0.2,4.0,0.3,0.2,0.001,0.67,0.04,2.91,11.3,6.0,0.0093,3,31,-9,2,77.1,98,-43,55,0.4,0.006451,999999.99,99999.99,99999.99,0.19,0.11,0.08,-1,2006-07-09 11:00:00
2006,190,12,2360,51,52,59,35,3.0,2.7,-18.2,297.8,1.2,-2.3,-0.8,-2.4,-0.1,0.1,1.3,0.7,0.7,0.8,36150.0,2.9,347.0,-1.7,-1.8,0.024,2342.0,0.1,3.0,0.7,0.7,0.003,0.64,0.03,2.21,9.8,5.8,0.0123,3,31,-11,2,77.1,105,-38,67,0.6,0.006451,999999.99,99999.99,99999.99,0.22,0.12,0.07,-1,2006-07-09 12:00:00
2006,190,13,2360,51,52,59,35,2.7,2.6,-6.3,309.0,1.6,-2.0,-0.3,-2.0,0.3,0.2,0.8,0.3,0.4,0.6,44266.0,3.1,344.0,-1.0,-1.4,0.027,5267.0,0.2,2.0,0.8,0.6,0.002,0.68,-0.1,3.05,11.2,5.9,0.0095,3,31,-12,2,77.1,113,-61,52,1.0,0.006451,999999.99,99999.99,99999.99,0.21,0.1,0.07,-1,2006-07-09 13:00:00
2006,190,14,2360,51,52,59,37,2.8,2.7,8.1,306.8,1.6,-2.1,0.4,-1.9,0.9,0.1,0.7,0.4,0.4,0.4,39323.0,2.8,340.0,-1.8,-0.8,0.026,3487.0,0.1,4.0,0.9,0.6,0.001,0.6,-0.31,2.49,10.2,5.7,0.0115,3,31,-9,2,77.1,75,-48,27,0.9,0.006451,999999.99,99999.99,99999.99,0.17,0.09,0.07,-1,2006-07-09 14:00:00
2006,190,15,2360,51,52,62,38,2.8,2.8,-11.4,274.4,0.2,-2.7,-0.5,-2.7,0.1,0.1,0.6,0.5,0.1,0.3,35982.0,3.0,344.0,-2.4,-1.3,0.022,2158.0,0.1,2.0,0.4,0.2,0.001,0.65,-0.03,2.62,10.6,5.9,0.0105,3,31,-6,2,77.1,54,-45,9,1.8,0.006451,999999.99,99999.99,99999.99,0.19,0.09,0.06,-1,2006-07-09 15:00:00
2006,190,16,2360,51,52,57,34,2.6,2.5,-10.8,316.1,1.8,-1.7,-0.5,-1.8,-0.2,0.1,0.9,0.5,0.3,0.6,38859.0,2.9,334.0,-1.9,-1.1,0.024,2549.0,0.1,3.0,0.3,0.7,0.002,0.59,0.07,2.98,10.9,5.8,0.0099,3,31,-8,2,77.1,34,-21,13,1.5,0.006451,999999.99,99999.99,99999.99,0.19,0.1,0.07,-1,2006-07-09 16:00:00
2006,190,17,2360,51,52,62,38,2.6,2.6,-17.7,293.4,1.0,-2.2,-0.8,-2.3,-0.6,0.1,0.5,0.3,0.3,0.4,39387.0,3.1,338.0,-1.6,-1.1,0.02,3373.0,0.2,3.0,0.4,0.5,0.002,0.64,0.2,3.2,11.4,5.9,0.0091,3,31,-7,2,77.1,72,-50,21,1.7,0.006451,999999.99,99999.99,99999.99,0.23,0.12,0.07,-1,2006-07-09 17:00:00
2006,190,18,2360,51,52,57,35,2.9,2.8,-4.0,289.9,1.0,-2.6,-0.2,-2.6,-0.1,0.1,0.8,0.5,0.2,0.5,35351.0,3.1,338.0,-1.7,-0.5,0.023,3580.0,0.1,3.0,0.5,0.6,0.002,0.65,0.03,2.51,10.3,5.8,0.0113,7,31,-10,3,77.1,88,-67,21,1.5,0.006451,999999.99,99999.99,99999.99,0.19,0.1,0.08,-1,2006-07-09 18:00:00
2006,190,19,2360,51,52,63,39,3.2,2.9,-11.9,323.9,2.3,-1.6,-0.6,-1.6,-0.6,0.1,1.5,0.8,0.8,1.0,32315.0,3.0,331.0,-1.5,-0.6,0.027,3794.0,0.2,5.0,0.9,0.9,0.003,0.61,0.2,1.96,9.0,5.5,0.0148,7,31,-11,3,77.1,74,-52,22,1.3,0.006451,999999.99,99999.99,99999.99,0.2,0.1,0.07,-1,2006-07-09 19:00:00
2006,190,20,2360,51,52,60,36,3.0,2.6,-42.9,286.7,0.5,-1.8,-1.7,-1.7,-1.8,0.1,1.5,0.6,1.1,0.8,31841.0,3.0,339.0,-1.0,-1.4,0.026,3902.0,0.3,3.0,0.8,0.9,0.003,0.64,0.61,2.22,9.8,5.7,0.0124,7,31,-12,3,77.1,104,-65,39,1.2,0.006451,999999.99,99999.99,99999.99,0.18,0.11,0.07,-1,2006-07-09 20:00:00
2006,190,21,2360,51,52,78,47,4.7,4.4,21.7,252.6,-1.2,-3.9,1.6,-4.0,1.4,2.1,2.7,1.0,1.2,2.1,37788.0,4.2,363.0,-1.1,1.6,0.026,21292.0,2.1,32.0,2.7,1.4,0.003,1.02,-0.51,1.31,7.9,5.4,0.019,33,31,-8,18,77.1,145,-92,53,1.0,0.006451,999999.99,99999.99,99999.99,0.23,0.11,0.08,-1,2006-07-09 21:00:00
2006,190,22,2360,51,52,60,37,9.4,8.9,-0.4,235.8,-5.0,-7.3,-0.1,-7.3,-0.6,0.6,3.0,0.5,0.9,2.9,78453.0,9.3,437.0,4.0,0.7,0.032,13046.0,0.9,4.0,0.7,1.7,0.005,3.35,0.26,0.91,7.1,5.3,0.0237,33,31,-3,18,77.1,240,-156,84,1.7,0.006451,999999.99,99999.99,99999.99,0.18,0.08,0.06,-1,2006-07-09 22:00:00
2006,190,23,2360,51,52,58,34,9.7,9.2,14.3,239.4,-4.5,-7.6,2.3,-7.7,1.9,0.3,3.2,1.3,0.8,2.7,72102.0,9.4,436.0,3.8,0.7,0.032,15677.0,0.7,6.0,0.6,1.1,0.004,3.37,-0.83,0.83,6.9,5.3,0.0251,33,31,-7,18,77.1,234,-113,120,1.1,0.006451,999999.99,99999.99,99999.99,0.21,0.1,0.07,-1,2006-07-09 23:00:00
2006,191,0,2360,51,52,60,37,8.1,5.9,10.5,250.6,-1.9,-5.5,1.1,-5.5,0.9,1.2,5.6,1.6,2.1,5.0,87708.0,11.2,420.0,4.0,1.7,0.031,29921.0,1.4,5.0,1.1,1.3,0.005,3.71,-0.38,1.53,8.7,5.7,0.0158,27,15,-7,12,75.2,163,-63,101,0.2,0.006395,999999.99,99999.99,99999.99,0.17,0.09,0.06,-1,2006-07-10 00:00:00
2006,191,1,2360,51,52,59,35,6.5,6.2,68.1,327.4,2.0,-1.3,5.8,-1.4,5.8,0.4,1.9,0.6,1.7,0.6,154380.0,12.8,417.0,3.7,1.1,0.025,12000.0,0.7,2.0,0.8,0.8,0.002,4.09,-2.42,3.56,11.5,5.7,0.009,27,15,-5,12,75.2,260,-85,175,0.7,0.006395,999999.99,99999.99,99999.99,0.17,0.09,0.07,-1,2006-07-10 01:00:00
2006,191,2,2360,51,52,60,37,4.8,2.6,33.4,48.2,1.4,1.6,1.4,1.6,1.4,1.0,4.1,1.5,1.5,3.6,128030.0,16.0,417.0,4.3,-1.1,0.021,17809.0,2.7,3.0,0.8,0.6,0.004,5.04,-0.58,7.41,17.4,6.4,0.0039,27,15,8,12,75.2,173,-94,79,0.2,0.006395,999999.99,99999.99,99999.99,0.17,0.09,0.06,-1,2006-07-10 02:00:00
2006,191,3,2360,51,52,61,37,5.1,4.1,-5.7,51.3,2.5,3.2,-0.4,3.2,-0.6,0.6,3.1,2.0,1.1,2.1,91210.0,18.0,417.0,3.9,-1.5,0.015,6479.0,1.8,1.0,0.3,0.4,0.001,5.54,0.25,6.32,17.3,6.8,0.004,13,15,10,5,75.2,161,-64,97,1.8,0.006395,999999.99,99999.99,99999.99,0.14,0.08,0.06,-1,2006-07-10 03:00:00
2006,191,4,2360,51,52,57,35,5.5,4.5,50.9,342.7,2.7,-0.8,3.5,-0.4,3.6,1.2,3.4,2.3,2.4,0.6,85274.0,14.8,412.0,2.7,0.1,0.013,12488.0,1.3,4.0,0.6,0.6,0.002,4.41,-1.48,4.35,14.4,6.6,0.0057,13,15,9,5,75.2,63,-23,40,0.4,0.006395,999999.99,99999.99,99999.99,0.2,0.1,0.07,-1,2006-07-10 04:00:00
2006,191,5,2360,51,52,58,35,3.2,2.5,33.0,352.9,2.1,-0.3,1.4,-0.1,1.4,0.6,2.0,0.7,1.4,1.2,51228.0,19.5,396.0,2.7,1.9,0.016,4513.0,1.2,3.0,0.5,0.3,0.002,5.43,-0.55,14.23,27.3,7.5,0.0016,13,15,12,5,75.2,53,-11,42,0.2,0.006395,999999.99,99999.99,99999.99,0.18,0.11,0.08,-1,2006-07-10 05:00:00
2006,191,6,2360,51,52,59,37,2.3,2.0,49.5,348.3,1.2,-0.3,1.5,0.0,1.5,0.7,1.4,1.0,0.9,0.3,40563.0,19.3,390.0,2.4,2.3,0.017,4095.0,0.5,2.0,0.5,0.2,0.003,5.24,-0.58,25.64,37.2,7.7,0.0009,7,15,12,3,75.2,35,-8,28,0.3,0.006395,999999.99,99999.99,99999.99,0.21,0.1,0.07,-1,2006-07-10 06:00:00
2006,191,7,2360,51,52,61,37,3.1,2.3,36.9,296.9,0.8,-1.7,1.4,-1.3,1.8,0.6,2.1,1.5,1.0,1.1,42781.0,19.2,390.0,1.7,2.4,0.017,2458.0,0.9,1.0,0.2,0.2,0.004,5.21,-0.7,14.22,27.6,7.6,0.0016,7,15,13,3,75.2,43,-7,36,0.1,0.006395,999999.99,99999.99,99999.99,0.18,0.08,0.05,-1,2006-07-10 07:00:00
2006,191,8,2360,51,52,61,36,6.9,6.8,-13.2,224.0,-4.8,-4.6,-1.6,-4.9,-0.3,1.0,1.3,1.0,0.6,0.5,29205.0,14.3,395.0,1.7,2.1,0.005,5773.0,2.2,3.0,0.9,0.5,0.001,3.8,0.12,1.97,10.8,6.6,0.0102,7,15,12,3,75.2,117,-19,98,-0.1,0.006395,999999.99,99999.99,99999.99,0.17,0.1,0.07,-1,2006-07-10 08:00:00
2006,191,9,2360,51,52,60,38,6.1,6.0,-4.9,224.9,-4.2,-4.2,-0.5,-4.2,0.8,1.6,1.9,1.4,1.0,0.9,34466.0,19.0,397.0,2.8,1.5,0.006,7320.0,2.9,2.0,0.4,0.4,0.001,5.12,-0.32,3.46,14.2,7.1,0.0059,17,15,11,6,75.2,162,-66,96,-0.0,0.006395,999999.99,99999.99,99999.99,0.15,0.09,0.07,-1,2006-07-10 09:00:00
2006,191,10,2360,51,52,60,36,8.1,8.1,-13.2,225.1,-5.5,-5.6,-1.8,-5.9,0.1,0.4,1.1,0.7,0.3,0.8,48985.0,14.5,399.0,1.6,0.9,0.012,5040.0,1.3,2.0,0.3,0.4,0.004,4.04,-0.04,1.63,9.4,6.0,0.0135,17,15,8,6,75.2,213,-110,103,0.2,0.006395,999999.99,99999.99,99999.99,0.14,0.08,0.06,-1,2006-07-10 10:00:00
2006,191,11,2360,51,52,59,36,7.1,6.9,-19.1,226.1,-4.5,-4.7,-2.3,-5.2,-0.7,0.5,1.7,0.8,0.9,1.3,51161.0,16.5,396.0,1.2,1.6,0.018,2332.0,2.0,3.0,0.5,0.7,0.003,4.63,0.28,2.44,11.3,6.4,0.0093,17,15,9,6,75.2,277,-169,108,0.7,0.006395,999999.99,99999.99,99999.99,0.15,0.08,0.06,-1,2006-07-10 11:00:00
2006,191,12,2360,51,52,60,36,5.1,2.9,-51.4,120.3,-0.9,1.6,-2.3,0.8,-2.7,0.5,4.2,2.6,3.1,1.0,51397.0,21.5,391.0,1.7,0.4,0.023,2812.0,2.1,4.0,0.7,0.4,0.003,5.99,1.06,6.18,17.8,7.1,0.0038,30,15,9,15,75.2,286,-121,165,1.7,0.006395,999999.99,99999.99,99999.99,0.22,0.1,0.07,-1,2006-07-10 12:00:00
2006,191,13,2360,51,52,57,36,6.0,5.7,-68.7,120.1,-1.0,1.8,-5.3,0.2,-5.6,0.6,2.0,1.1,1.0,1.3,59724.0,16.3,384.0,1.9,1.8,0.041,5232.0,2.8,7.0,0.6,1.0,0.006,4.67,2.15,3.54,12.9,6.4,0.0071,30,15,1,15,75.2,269,-136,133,2.5,0.006395,999999.99,99999.99,99999.99,0.13,0.07,0.05,-1,2006-07-10 13:00:00
2006,191,14,2360,51,52,59,36,6.6,6.4,-86.3,132.3,-0.3,0.3,-6.4,-1.3,-6.3,0.2,1.3,0.6,1.1,0.2,63533.0,12.5,377.0,2.3,2.9,0.049,3597.0,0.4,2.0,0.3,0.3,0.002,3.55,2.38,2.29,10.1,5.9,0.0117,30,15,-9,15,75.2,430,-246,184,2.8,0.006395,999999.99,99999.99,99999.99,0.19,0.08,0.06,-1,2006-07-10 14:00:00
2006,191,15,2360,51,52,59,36,6.0,5.2,-59.2,230.9,-1.7,-2.1,-4.5,-3.0,-4.0,0.3,2.7,1.5,1.7,1.6,67446.0,11.1,372.0,3.4,1.9,0.051,5062.0,0.6,5.0,0.8,0.9,0.003,3.09,1.49,2.51,10.3,5.8,0.0112,33,15,-17,18,75.2,530,-275,255,2.7,0.006395,999999.99,99999.99,99999.99,0.18,0.08,0.06,-1,2006-07-10 15:00:00
2006,191,16,2360,51,52,57,35,6.2,5.9,-31.3,220.1,-3.9,-3.2,-3.1,-3.6,-2.6,0.2,1.8,0.5,1.0,1.4,65416.0,10.2,360.0,4.2,0.5,0.046,3795.0,0.5,3.0,0.3,0.5,0.007,2.61,0.94,2.14,9.3,5.5,0.0138,33,15,-20,18,75.2,492,-305,188,2.8,0.006395,999999.99,99999.99,99999.99,0.18,0.09,0.06,-1,2006-07-10 16:00:00
2006,191,17,2360,51,52,54,32,6.5,5.6,-42.5,201.1,-3.8,-1.5,-3.8,-1.9,-3.6,0.3,3.3,1.4,1.0,2.8,64508.0,10.9,358.0,3.9,0.5,0.038,4168.0,1.2,6.0,0.6,1.3,0.004,2.69,1.29,2.07,9.1,5.4,0.0144,33,15,-19,18,75.2,541,-349,191,3.0,0.006395,999999.99,99999.99,99999.99,0.18,0.08,0.06,-1,2006-07-10 17:00:00
2006,191,18,2360,51,52,17,10,6.4,6.3,-50.3,173.3,-4.0,0.5,-4.9,0.3,-4.9,0.1,0.9,0.5,0.6,0.4,57544.0,15.2,362.0,1.8,-0.2,0.026,3000.0,0.3,2.0,0.3,0.3,0.001,3.67,1.77,2.87,11.0,5.9,0.0098,30,15,-15,15,75.2,307,-151,156,2.4,0.006395,999999.99,99999.99,99999.99,0.14,0.08,0.05,-1,2006-07-10 18:00:00
2006,191,19,2360,51,52,61,38,6.6,5.1,14.4,197.2,-4.7,-1.5,1.3,-1.5,1.3,0.4,4.3,0.9,1.8,3.7,49403.0,14.5,367.0,1.5,-1.4,0.022,9132.0,0.8,4.0,0.2,0.7,0.003,3.55,-0.48,2.46,10.6,6.0,0.0106,30,15,-23,15,75.2,339,-202,137,2.4,0.006395,999999.99,99999.99,99999.99,0.17,0.07,0.05,-1,2006-07-10 19:00:00
2006,191,20,2360,51,52,60,36,5.6,3.8,18.1,185.2,-3.6,-0.3,1.2,-0.3,1.2,0.9,4.2,1.6,3.2,2.2,52972.0,14.3,364.0,1.4,-1.7,0.023,10280.0,0.9,4.0,0.9,0.8,0.004,3.46,-0.44,3.44,12.3,6.2,0.0079,30,15,-24,15,75.2,200,-87,113,1.1,0.006395,999999.99,99999.99,99999.99,0.15,0.08,0.07,-1,2006-07-10 20:00:00
2006,191,21,2360,51,52,60,36,7.0,6.5,74.9,187.0,-1.7,-0.2,6.3,-0.5,6.3,1.3,2.8,0.8,1.9,1.9,31304.0,11.0,367.0,0.9,-1.7,0.023,14439.0,2.6,5.0,1.0,0.9,0.003,2.7,-2.31,1.49,8.7,5.7,0.0157,13,15,-25,5,75.2,112,-47,66,-0.2,0.006395,999999.99,99999.99,99999.99,0.14,0.08,0.06,-1,2006-07-10 21:00:00
2006,191,22,2360,51,52,60,37,8.0,7.9,64.8,75.7,0.8,3.3,7.2,2.9,7.4,0.5,1.1,0.8,0.6,0.5,22073.0,8.2,364.0,0.7,-1.7,0.016,6553.0,1.9,2.0,0.4,1.0,0.004,1.93,-2.69,0.8,6.5,5.0,0.028,13,15,-27,5,75.2,41,-14,27,-0.5,0.006395,999999.99,99999.99,99999.99,0.17,0.09,0.05,-1,2006-07-10 22:00:00
2006,191,23,2360,51,52,59,36,8.5,8.4,50.0,63.2,2.4,4.8,6.4,4.5,6.6,0.1,1.4,0.8,0.7,0.8,15355.0,5.6,364.0,0.4,-1.1,0.014,3072.0,0.7,3.0,0.5,0.5,0.003,1.31,-2.4,0.46,5.1,4.3,0.0463,13,15,-27,5,75.2,49,-22,26,-0.3,0.006395,999999.99,99999.99,99999.99,0.16,0.07,0.05,-1,2006-07-10 23:00:00
2006,192,0,2360,51,52,60,24,8.7,8.6,43.7,59.1,3.2,5.3,6.0,5.1,6.2,0.2,1.0,0.7,0.3,0.7,11507.0,5.2,356.0,0.7,-1.0,0.017,1616.0,0.4,5.0,0.5,0.3,0.002,1.18,-2.21,0.4,4.7,4.0,0.0546,3,15,-24,2,73.6,36,-20,17,-0.3,0.006333,999999.99,99999.99,99999.99,0.18,0.09,0.06,-1,2006-07-11 00:00:00
2006,192,1,2360,51,52,60,35,8.3,8.2,27.2,44.2,5.2,5.1,3.8,5.1,3.8,0.2,0.7,0.3,0.3,0.5,12427.0,5.9,362.0,0.1,-0.3,0.02,1914.0,0.2,4.0,0.3,0.6,0.002,1.39,-1.38,0.5,5.3,4.4,0.0424,3,15,-19,2,73.6,41,-22,19,-0.0,0.006333,999999.99,99999.99,99999.99,0.13,0.08,0.05,-1,2006-07-11 01:00:00
2006,192,2,2360,51,52,61,35,7.9,7.9,25.6,40.9,5.4,4.6,3.4,4.7,3.3,0.1,0.8,0.5,0.3,0.6,12029.0,5.6,367.0,-0.3,0.9,0.03,2228.0,0.4,5.0,0.2,0.7,0.005,1.41,-1.21,0.52,5.5,4.6,0.0394,3,15,-14,2,73.6,37,-24,13,0.1,0.006333,999999.99,99999.99,99999.99,0.15,0.07,0.05,-1,2006-07-11 02:00:00
2006,192,3,2360,51,52,58,36,7.7,7.6,9.5,33.4,6.2,4.1,1.2,4.2,0.9,0.2,1.6,0.4,0.8,1.3,13133.0,5.5,360.0,-0.8,-0.7,0.035,2384.0,0.4,3.0,0.9,1.4,0.004,1.36,-0.32,0.55,5.5,4.5,0.0396,7,15,-12,3,73.6,38,-23,15,0.3,0.006333,999999.99,99999.99,99999.99,0.16,0.08,0.06,-1,2006-07-11 03:00:00
2006,192,4,2360,51,52,61,38,7.2,7.1,8.9,28.1,6.2,3.3,1.1,3.4,0.7,0.1,1.0,0.2,0.2,0.9,18568.0,6.8,362.0,-1.0,-0.0,0.02,2039.0,0.6,2.0,0.4,0.6,0.004,1.61,-0.25,0.8,6.6,5.0,0.0277,7,15,-9,3,73.6,67,-24,43,0.7,0.006333,999999.99,99999.99,99999.99,0.2,0.1,0.07,-1,2006-07-11 04:00:00
2006,192,5,2360,51,52,63,39,6.8,6.4,32.2,42.6,4.0,3.7,3.4,4.2,2.7,0.2,2.3,1.8,0.3,1.5,17016.0,7.2,368.0,-0.3,0.7,0.031,2153.0,1.4,8.0,0.3,1.0,0.003,1.83,-0.99,0.94,7.3,5.4,0.0226,7,15,-9,3,73.6,42,-19,22,0.4,0.006333,999999.99,99999.99,99999.99,0.19,0.09,0.06,-1,2006-07-11 05:00:00
2006,192,6,2360,51,52,55,32,7.0,5.9,59.2,66.3,1.2,2.8,5.1,3.8,4.4,0.4,3.6,3.3,0.9,1.0,24574.0,7.8,357.0,0.0,0.5,0.04,9090.0,2.0,16.0,0.7,1.8,0.01,1.93,-1.57,1.01,7.1,5.2,0.0235,7,15,-6,3,73.6,30,-18,12,0.2,0.006333,999999.99,99999.99,99999.99,0.12,0.07,0.05,-1,2006-07-11 06:00:00
2006,192,7,2360,51,52,60,38,7.7,7.7,53.9,155.6,-4.1,1.9,6.2,3.4,5.5,0.2,0.6,0.5,0.4,0.2,35050.0,5.2,351.0,0.2,-1.7,0.055,3279.0,0.3,4.0,0.5,0.2,0.009,1.31,-1.93,0.6,5.2,4.2,0.044,7,15,-8,3,73.6,18,-12,5,-0.1,0.006333,999999.99,99999.99,99999.99,0.18,0.08,0.05,-1,2006-07-11 07:00:00
2006,192,8,2360,51,52,17,7,7.7,7.6,57.1,125.0,-2.4,3.4,6.4,5.1,5.2,0.3,0.9,0.6,0.6,0.3,38536.0,6.0,354.0,-1.6,-1.2,0.055,4258.0,0.1,2.0,0.4,0.3,0.002,1.53,-1.84,0.7,5.6,4.4,0.0375,7,15,-6,3,73.6,29,-18,11,0.3,0.006333,999999.99,99999.99,99999.99,0.16,0.07,0.05,-1,2006-07-11 08:00:00
2006,192,9,2360,51,52,62,38,7.3,7.0,56.0,131.8,-2.6,2.9,5.8,4.6,4.6,0.3,2.2,1.1,1.8,0.5,43539.0,7.6,364.0,-1.3,-0.5,0.065,6050.0,0.9,6.0,0.6,0.3,0.005,2.12,-1.67,1.02,6.9,5.0,0.0252,10,15,-2,4,73.6,45,-20,25,0.7,0.006333,999999.99,99999.99,99999.99,0.14,0.07,0.05,-1,2006-07-11 09:00:00
2006,192,10,2360,51,52,61,38,7.3,7.2,57.2,106.5,-1.1,3.7,6.0,5.4,4.5,0.5,1.3,1.0,0.5,0.7,50317.0,9.7,368.0,-2.6,1.0,0.075,6543.0,1.1,5.0,0.7,0.9,0.007,2.85,-1.66,1.35,7.9,5.3,0.0193,10,15,4,4,73.6,61,-20,41,1.2,0.006333,999999.99,99999.99,99999.99,0.14,0.08,0.06,-1,2006-07-11 10:00:00
2006,192,11,2360,51,52,60,36,7.8,7.1,58.0,75.6,0.9,3.6,6.0,5.4,4.5,0.3,3.1,2.1,2.2,0.7,46205.0,12.4,373.0,-2.7,2.5,0.059,6371.0,2.2,4.0,1.0,0.7,0.018,3.56,-1.68,1.48,8.4,5.6,0.0168,10,15,9,4,73.6,61,-20,41,1.3,0.006333,999999.99,99999.99,99999.99,0.16,0.07,0.04,-1,2006-07-11 11:00:00
2006,192,12,2360,51,52,58,35,9.0,8.3,53.3,20.5,4.6,1.7,6.6,3.7,5.7,0.8,3.4,1.8,2.3,1.8,39895.0,15.2,364.0,-4.2,2.8,0.029,2886.0,1.3,3.0,0.8,1.5,0.005,3.75,-2.07,1.31,7.9,5.4,0.0191,20,15,10,7,73.6,73,-26,47,0.3,0.006333,999999.99,99999.99,99999.99,0.14,0.07,0.05,-1,2006-07-11 12:00:00
2006,192,13,2360,51,52,63,38,10.2,10.0,61.9,75.9,1.1,4.6,8.8,7.0,7.1,0.4,2.0,1.9,0.6,0.5,40124.0,17.4,371.0,-5.9,4.1,0.028,5907.0,2.2,5.0,0.8,0.6,0.007,4.45,-2.63,1.17,7.6,5.3,0.0207,20,15,13,7,73.6,75,-21,54,1.0,0.006333,999999.99,99999.99,99999.99,0.19,0.09,0.06,-1,2006-07-11 13:00:00
2006,192,14,2360,51,52,62,38,12.6,12.5,60.7,72.1,1.9,5.8,10.9,8.4,9.0,1.2,2.3,1.6,1.4,1.0,36313.0,20.5,375.0,-7.5,4.2,0.035,7186.0,1.9,4.0,0.6,0.4,0.006,5.49,-3.38,0.88,6.7,5.1,0.0262,20,15,18,7,73.6,57,-14,44,-0.2,0.006333,999999.99,99999.99,99999.99,0.12,0.08,0.06,-1,2006-07-11 14:00:00
2006,192,15,2360,51,52,60,37,14.8,14.1,36.6,106.6,-3.2,10.8,8.4,12.3,5.9,0.3,4.4,1.6,2.0,3.6,38305.0,17.9,390.0,-8.8,2.3,0.04,11925.0,3.3,3.0,1.1,1.2,0.009,5.27,-2.3,0.57,5.6,4.6,0.0383,23,15,18,9,73.6,86,-19,67,-1.0,0.006333,999999.99,99999.99,99999.99,0.12,0.07,0.05,-1,2006-07-11 15:00:00
2006,192,16,2360,51,52,59,35,14.2,13.8,25.6,103.1,-2.8,12.1,5.9,12.9,3.9,0.1,3.3,2.2,1.3,2.1,55724.0,14.9,392.0,-9.3,0.6,0.052,7166.0,1.3,9.0,1.0,1.4,0.005,4.62,-1.53,0.57,5.3,4.4,0.0419,23,15,16,9,73.6,111,-20,91,-0.7,0.006333,999999.99,99999.99,99999.99,0.15,0.08,0.05,-1,2006-07-11 16:00:00
2006,192,17,2360,51,52,60,37,13.5,12.5,57.5,124.7,-3.8,5.5,10.6,6.6,9.9,0.6,4.9,1.0,4.3,2.1,64083.0,15.2,385.0,-7.5,-0.2,0.054,12343.0,1.6,2.0,0.8,0.6,0.009,4.58,-3.81,0.67,5.6,4.4,0.0385,23,15,14,9,73.6,106,-34,72,-2.5,0.006333,999999.99,99999.99,99999.99,0.16,0.08,0.06,-1,2006-07-11 17:00:00
2006,192,18,2360,51,52,65,38,13.9,12.2,21.1,109.5,-3.8,10.7,4.4,10.9,3.8,0.6,6.5,2.1,2.9,5.4,87156.0,13.9,390.0,-4.5,-0.4,0.034,65595.0,4.5,10.0,3.2,1.2,0.01,4.01,-1.48,0.65,5.2,4.2,0.0435,27,15,10,12,73.6,69,-21,48,-2.8,0.006333,999999.99,99999.99,99999.99,0.16,0.09,0.06,-1,2006-07-11 18:00:00
2006,192,19,2360,51,52,63,38,12.6,11.7,-4.9,109.7,-3.9,10.9,-1.0,10.9,-1.2,0.5,4.6,2.8,2.3,2.8,230773.0,8.2,426.0,1.1,2.5,0.04,22244.0,1.0,10.0,0.9,1.3,0.012,2.88,0.51,0.77,4.8,3.7,0.0508,27,15,0,12,73.6,140,-53,87,1.3,0.006333,999999.99,99999.99,99999.99,0.15,0.1,0.07,-1,2006-07-11 19:00:00
2006,192,20,2360,51,52,62,36,12.9,10.9,-8.1,112.7,-4.2,10.0,-1.5,10.0,-1.3,0.9,6.8,4.3,4.5,2.9,272803.0,7.7,438.0,2.3,4.2,0.058,47410.0,0.8,8.0,1.1,1.4,0.016,3.04,0.57,0.77,4.7,3.6,0.0536,27,15,-8,12,73.6,193,-68,124,2.9,0.006333,999999.99,99999.99,99999.99,0.15,0.09,0.07,-1,2006-07-11 20:00:00
2006,192,21,2360,51,52,56,35,13.1,11.4,18.9,135.9,-7.7,7.5,3.7,7.3,4.0,0.5,6.3,2.8,4.5,3.3,254889.0,7.2,435.0,2.1,4.6,0.081,29220.0,0.7,12.0,1.8,1.6,0.019,3.01,-1.74,0.67,4.5,3.5,0.0599,23,15,-14,9,73.6,244,-114,129,2.8,0.006333,999999.99,99999.99,99999.99,0.17,0.1,0.07,-1,2006-07-11 21:00:00
2006,192,22,2360,51,52,63,37,11.8,9.5,61.5,165.7,-4.4,1.1,8.3,0.7,8.3,0.6,6.9,5.0,2.6,4.0,219821.0,6.8,439.0,2.1,2.5,0.077,39345.0,1.0,15.0,1.4,3.3,0.027,2.86,-3.64,0.71,4.9,3.8,0.0506,23,15,-12,9,73.6,108,-54,54,0.3,0.006333,999999.99,99999.99,99999.99,0.2,0.1,0.07,-1,2006-07-11 22:00:00
2006,192,23,2360,51,52,61,37,10.9,10.1,54.7,141.0,-4.5,3.7,8.3,3.3,8.5,0.4,3.8,1.6,3.3,1.0,194521.0,8.6,432.0,1.5,1.2,0.095,17154.0,0.7,6.0,1.3,0.7,0.015,3.7,-3.67,0.97,5.8,4.3,0.0352,23,15,-3,9,73.6,48,-17,31,1.3,0.006333,999999.99,99999.99,99999.99,0.15,0.09,0.06,-1,2006-07-11 23:00:00
2006,193,0,2360,51,52,60,36,11.6,10.7,13.7,113.6,-4.2,9.6,2.5,9.5,2.7,0.6,4.3,2.1,1.6,3.4,170377.0,8.6,441.0,1.4,2.1,0.071,35155.0,1.0,9.0,1.2,1.5,0.014,3.59,-1.19,0.79,5.6,4.3,0.0383,23,13,0,9,72.9,64,-28,36,0.9,0.006298,999999.99,99999.99,99999.99,0.15,0.08,0.06,-1,2006-07-12 00:00:00
2006,193,1,2360,51,52,58,34,8.7,7.7,8.7,120.4,-3.8,6.6,1.2,6.6,1.2,0.8,3.6,1.4,2.2,2.5,215637.0,12.0,430.0,-0.0,2.5,0.059,17446.0,1.1,6.0,0.9,1.6,0.011,4.58,-0.52,2.27,8.6,5.0,0.0162,23,13,0,9,72.9,239,-157,82,1.4,0.006298,999999.99,99999.99,99999.99,0.19,0.09,0.07,-1,2006-07-12 01:00:00
2006,193,2,2360,51,52,59,36,9.1,7.3,33.0,140.3,-4.7,3.9,3.9,4.0,3.7,0.4,5.2,2.2,2.5,4.0,187093.0,12.5,424.0,-0.6,0.0,0.06,17463.0,0.7,8.0,1.1,2.2,0.013,4.65,-1.57,1.98,8.2,5.0,0.0175,23,13,2,9,72.9,275,-182,93,1.3,0.006298,999999.99,99999.99,99999.99,0.18,0.08,0.05,-1,2006-07-12 02:00:00
2006,193,3,2360,51,52,63,39,10.2,8.3,52.6,114.0,-2.1,4.6,6.6,5.1,6.2,0.8,5.7,2.5,4.2,2.8,167880.0,10.6,436.0,-1.0,-1.4,0.06,14935.0,1.4,8.0,1.2,1.1,0.011,4.17,-2.7,1.26,7.0,4.8,0.0246,20,13,5,7,72.9,108,-56,52,0.6,0.006298,999999.99,99999.99,99999.99,0.15,0.08,0.06,-1,2006-07-12 03:00:00
2006,193,4,2360,51,52,65,39,9.9,8.8,2.0,124.2,-5.0,7.3,0.3,7.3,-0.6,0.5,4.3,1.2,1.0,4.0,154950.0,9.9,454.0,0.6,0.2,0.043,15423.0,0.7,10.0,0.7,1.6,0.007,3.99,0.27,1.19,7.2,5.1,0.0229,20,13,7,7,72.9,123,-26,96,1.5,0.006298,999999.99,99999.99,99999.99,0.14,0.08,0.06,-1,2006-07-12 04:00:00
2006,193,5,2360,51,52,59,35,8.6,7.3,-1.3,129.8,-4.7,5.6,-0.2,5.5,-1.2,0.4,4.2,1.3,1.9,3.6,172020.0,8.0,474.0,2.9,-2.2,0.053,20603.0,0.9,5.0,1.4,2.4,0.005,3.64,0.57,1.35,7.8,5.3,0.0196,20,13,-1,7,72.9,268,-121,147,1.6,0.006298,999999.99,99999.99,99999.99,0.17,0.1,0.06,-1,2006-07-12 05:00:00
2006,193,6,2360,51,52,63,39,7.2,5.3,14.4,114.7,-2.2,4.7,1.3,4.9,0.2,0.6,4.5,2.8,1.6,3.2,165900.0,7.1,494.0,1.8,-1.8,0.054,13939.0,0.5,15.0,1.3,1.8,0.005,3.52,-0.1,1.68,9.1,5.8,0.0142,23,13,-3,9,72.9,377,-244,133,1.9,0.006298,999999.99,99999.99,99999.99,0.17,0.1,0.07,-1,2006-07-12 06:00:00
2006,193,7,2360,51,52,60,35,6.8,4.9,20.3,113.1,-1.8,4.2,1.7,4.5,0.6,0.3,4.4,1.3,1.8,3.8,148908.0,6.7,506.0,0.6,-1.7,0.051,16264.0,0.5,7.0,1.3,2.6,0.004,3.45,-0.3,1.67,9.6,6.2,0.0128,23,13,-1,9,72.9,217,-117,99,2.3,0.006298,999999.99,99999.99,99999.99,0.18,0.09,0.08,-1,2006-07-12 07:00:00
2006,193,8,2360,51,52,63,37,6.8,4.0,-24.6,120.8,-1.9,3.2,-1.7,2.6,-2.6,0.8,5.3,2.0,3.0,3.8,150423.0,6.0,506.0,1.1,0.1,0.048,20279.0,0.5,13.0,1.5,1.9,0.007,3.06,1.32,1.5,9.1,6.0,0.0143,23,13,-3,9,72.9,270,-98,172,2.8,0.006298,999999.99,99999.99,99999.99,0.17,0.09,0.07,-1,2006-07-12 08:00:00
2006,193,9,2360,51,52,61,38,6.5,6.0,33.8,266.7,-0.3,-4.9,3.3,-3.6,4.7,1.3,2.7,1.2,1.4,1.9,186887.0,6.7,523.0,4.9,-0.9,0.044,30449.0,0.7,4.0,0.7,0.6,0.007,3.6,-2.46,2.08,10.4,6.2,0.011,40,13,-7,27,72.9,244,-138,107,-0.5,0.006298,999999.99,99999.99,99999.99,0.16,0.09,0.05,-1,2006-07-12 09:00:00
2006,193,10,2360,51,52,58,35,6.3,3.5,0.8,232.5,-2.2,-2.8,0.1,-2.6,1.0,1.1,5.1,2.0,2.8,3.7,239861.0,6.4,520.0,6.2,-0.0,0.058,32609.0,0.6,8.0,1.7,1.5,0.01,3.56,-0.52,2.47,10.4,5.9,0.0109,40,13,-4,27,72.9,186,-100,86,0.1,0.006298,999999.99,99999.99,99999.99,0.16,0.08,0.06,-1,2006-07-12 10:00:00
2006,193,11,2360,51,52,61,38,7.7,5.2,-37.8,213.0,-3.4,-2.2,-3.2,-3.1,-2.3,0.7,5.5,1.6,3.7,3.7,242428.0,6.6,519.0,6.3,0.5,0.052,18066.0,0.6,8.0,2.8,2.3,0.008,3.59,1.19,1.72,8.7,5.5,0.0159,40,13,-9,27,72.9,544,-406,137,2.5,0.006298,999999.99,99999.99,99999.99,0.18,0.09,0.06,-1,2006-07-12 11:00:00
2006,193,12,2360,51,52,58,35,7.1,5.8,62.0,180.1,-2.7,0.0,5.1,1.6,4.8,0.4,3.9,1.3,3.5,1.1,207998.0,6.8,505.0,5.2,-2.6,0.038,22215.0,0.7,6.0,2.1,0.9,0.008,3.34,-2.42,1.89,9.3,5.7,0.0138,40,13,-10,27,72.9,421,-315,106,0.2,0.006298,999999.99,99999.99,99999.99,0.18,0.1,0.07,-1,2006-07-12 12:00:00
2006,193,13,2360,51,52,59,36,7.6,6.2,49.5,136.0,-2.9,2.8,4.8,4.1,3.7,0.5,4.0,1.7,2.9,2.2,198240.0,5.5,495.0,2.5,-3.5,0.047,18313.0,0.7,9.0,1.6,1.0,0.012,2.67,-1.83,1.29,7.6,5.2,0.0204,40,13,-7,27,72.9,96,-34,61,0.7,0.006298,999999.99,99999.99,99999.99,0.17,0.08,0.06,-1,2006-07-12 13:00:00
2006,193,14,2360,51,52,63,38,6.6,4.1,40.0,171.8,-3.1,0.4,2.6,1.1,2.4,0.4,4.8,1.5,3.8,2.5,196046.0,5.7,500.0,4.4,-2.1,0.045,31208.0,0.5,12.0,2.1,1.5,0.008,2.81,-1.2,1.77,9.0,5.7,0.0145,40,13,-3,27,72.9,60,-25,35,0.3,0.006298,999999.99,99999.99,99999.99,0.2,0.09,0.07,-1,2006-07-12 14:00:00
2006,193,15,2360,51,52,61,38,6.0,4.9,11.3,257.5,-1.1,-4.7,1.0,-4.4,2.0,0.8,3.1,1.7,1.2,2.3,156236.0,4.4,528.0,7.1,-0.9,0.039,31918.0,0.9,12.0,0.8,1.3,0.004,2.37,-1.06,1.45,9.2,6.2,0.014,17,13,-4,6,72.9,98,-64,34,2.0,0.006298,999999.99,99999.99,99999.99,0.14,0.09,0.07,-1,2006-07-12 15:00:00
2006,193,16,2360,51,52,58,32,4.8,4.6,-3.3,216.5,-3.7,-2.7,-0.3,-2.7,0.2,0.1,1.3,0.7,0.9,0.7,112787.0,3.2,519.0,6.1,0.5,0.034,13315.0,0.2,9.0,0.7,0.9,0.002,1.64,-0.1,1.39,9.7,6.5,0.0127,17,13,-11,6,72.9,145,-94,51,2.9,0.006298,999999.99,99999.99,99999.99,0.15,0.1,0.07,-1,2006-07-12 16:00:00
2006,193,17,2360,51,52,60,37,4.7,3.4,15.4,186.3,-3.3,-0.4,0.9,-0.3,0.9,0.1,3.0,0.7,2.8,0.9,106873.0,3.1,521.0,3.4,-0.9,0.035,10262.0,0.3,8.0,3.4,1.2,0.004,1.6,-0.47,1.37,9.8,6.6,0.0125,17,13,-15,6,72.9,287,-211,76,2.8,0.006298,999999.99,99999.99,99999.99,0.21,0.1,0.07,-1,2006-07-12 17:00:00
2006,193,18,2360,51,52,62,38,4.6,4.0,25.1,131.1,-2.4,2.7,1.7,2.8,1.5,0.1,2.0,0.9,1.0,1.5,100790.0,2.6,527.0,-0.6,-1.8,0.037,9763.0,0.3,13.0,1.2,2.1,0.004,1.38,-0.79,1.17,9.2,6.5,0.0139,13,13,-17,5,72.9,162,-111,51,0.0,0.006298,999999.99,99999.99,99999.99,0.14,0.07,0.06,-1,2006-07-12 18:00:00
2006,193,19,2360,51,52,61,34,4.3,3.6,11.6,140.0,-2.7,2.2,0.7,2.2,0.7,0.0,2.3,1.3,1.2,1.4,108446.0,2.4,518.0,-1.0,-0.6,0.036,16732.0,0.3,16.0,1.5,2.2,0.004,1.23,-0.36,1.28,9.3,6.4,0.0137,13,13,-19,5,72.9,64,-37,27,0.3,0.006298,999999.99,99999.99,99999.99,0.18,0.09,0.07,-1,2006-07-12 19:00:00
2006,193,20,2360,51,52,59,34,4.3,3.7,28.3,125.4,-1.9,2.6,1.7,2.6,1.7,0.1,2.0,0.8,0.7,1.7,100304.0,2.4,530.0,-1.7,-2.2,0.036,11458.0,0.2,12.0,1.1,2.1,0.003,1.29,-0.9,1.23,9.5,6.6,0.013,13,13,-18,5,72.9,58,-37,21,0.5,0.006298,999999.99,99999.99,99999.99,0.17,0.1,0.07,-1,2006-07-12 20:00:00
2006,193,21,2360,51,52,61,38,4.1,3.3,-7.2,185.3,-3.3,-0.3,-0.4,-0.3,-0.4,0.1,2.3,0.7,1.7,1.3,104294.0,2.2,513.0,2.7,0.7,0.037,21071.0,0.3,13.0,2.5,2.2,0.003,1.11,0.21,1.27,9.3,6.4,0.0138,13,13,-20,5,72.9,43,-27,15,0.2,0.006298,999999.99,99999.99,99999.99,0.18,0.09,0.06,-1,2006-07-12 21:00:00
2006,193,22,2360,51,52,56,35,4.0,3.1,6.5,161.9,-2.9,0.9,0.3,0.9,0.3,0.1,2.5,1.0,1.9,1.4,120181.0,2.3,516.0,1.0,-0.3,0.036,24752.0,0.3,14.0,2.2,2.3,0.004,1.17,-0.15,1.49,9.8,6.5,0.0124,13,13,-20,5,72.9,80,-43,36,0.6,0.006298,999999.99,99999.99,99999.99,0.19,0.09,0.07,-1,2006-07-12 22:00:00
2006,193,23,2360,51,52,61,37,3.9,3.5,5.3,197.5,-3.3,-1.0,0.3,-1.0,0.3,0.2,1.5,0.5,1.0,1.0,132821.0,2.2,511.0,3.8,0.2,0.039,14382.0,0.2,7.0,1.0,1.6,0.004,1.11,-0.15,1.57,9.7,6.3,0.0126,13,13,-18,5,72.9,122,-66,55,0.7,0.006298,999999.99,99999.99,99999.99,0.2,0.1,0.07,-1,2006-07-12 23:00:00
2006,194,0,2360,51,52,58,33,4.0,3.7,4.4,190.9,-3.7,-0.7,0.3,-0.7,0.3,0.1,1.4,0.3,0.7,1.2,126048.0,2.0,502.0,3.0,-0.5,0.039,24261.0,0.3,8.0,1.2,2.0,0.003,0.97,-0.15,1.32,8.9,6.1,0.0151,20,0,-18,7,72.2,100,-58,42,0.2,0.00634,999999.99,99999.99,99999.99,0.23,0.12,0.08,-1,2006-07-13 00:00:00
2006,194,1,2360,51,52,62,39,3.7,3.2,-2.8,180.7,-3.2,0.0,-0.2,0.0,-0.2,0.2,1.9,0.5,1.4,1.2,128165.0,2.0,504.0,2.5,0.6,0.037,24430.0,0.3,10.0,2.1,2.1,0.003,0.97,0.1,1.56,9.6,6.3,0.0128,20,0,-16,7,72.2,118,-61,58,0.5,0.00634,999999.99,99999.99,99999.99,0.18,0.1,0.08,-1,2006-07-13 01:00:00
2006,194,2,2360,51,52,56,34,3.9,3.3,5.7,136.4,-2.4,2.3,0.3,2.3,0.2,0.1,1.8,1.0,0.9,1.3,110647.0,2.0,507.0,-1.1,-0.4,0.031,21055.0,0.3,15.0,1.4,2.2,0.004,0.97,-0.1,1.31,9.2,6.3,0.0141,20,0,-14,7,72.2,114,-61,54,0.6,0.00634,999999.99,99999.99,99999.99,0.19,0.11,0.09,-1,2006-07-13 02:00:00
2006,194,3,2360,51,52,63,39,4.1,3.6,-16.6,183.4,-3.5,-0.2,-1.0,-0.3,-1.0,0.1,1.7,0.3,1.6,0.7,80078.0,1.9,492.0,2.9,1.4,0.029,15643.0,0.3,9.0,2.6,1.3,0.002,0.86,0.49,0.98,8.3,6.1,0.0174,23,0,-13,9,72.2,224,-120,104,0.9,0.00634,999999.99,99999.99,99999.99,0.22,0.11,0.09,-1,2006-07-13 03:00:00
2006,194,4,2360,51,52,60,36,4.1,3.9,-31.8,214.7,-2.7,-1.9,-2.1,-2.2,-1.8,0.1,1.1,0.7,0.5,0.7,82915.0,2.1,508.0,5.2,2.5,0.027,9885.0,0.2,11.0,0.8,0.8,0.002,1.0,0.91,1.1,9.0,6.4,0.0148,23,0,-14,9,72.2,275,-158,117,0.4,0.00634,999999.99,99999.99,99999.99,0.21,0.11,0.08,-1,2006-07-13 04:00:00
2006,194,5,2360,51,52,58,36,4.0,3.8,-23.0,219.9,-2.7,-2.3,-1.5,-2.5,-1.1,0.1,1.1,0.5,0.5,0.7,85651.0,2.0,503.0,5.7,1.5,0.027,15105.0,0.2,9.0,0.6,1.0,0.003,0.94,0.55,1.11,8.9,6.3,0.015,23,0,-16,9,72.2,335,-194,141,1.0,0.00634,999999.99,99999.99,99999.99,0.16,0.09,0.08,-1,2006-07-13 05:00:00
2006,194,6,2360,51,52,62,37,3.9,2.8,-11.1,175.9,-2.8,0.2,-0.5,0.1,-0.5,0.1,2.6,0.9,2.3,0.8,86208.0,1.8,495.0,2.7,1.2,0.029,15329.0,0.3,11.0,3.1,1.0,0.002,0.82,0.25,1.06,8.5,6.2,0.0164,17,0,-17,6,72.2,179,-84,95,0.9,0.00634,999999.99,99999.99,99999.99,0.2,0.13,0.09,-1,2006-07-13 06:00:00
2006,194,7,2360,51,52,61,38,4.3,3.8,6.3,114.0,-1.5,3.5,0.4,3.5,-0.5,0.2,1.8,0.7,1.2,1.2,108281.0,1.8,506.0,0.1,-0.2,0.031,13047.0,0.2,11.0,1.5,1.6,0.003,0.87,0.25,0.96,7.9,5.8,0.0191,17,0,-14,6,72.2,114,-26,88,1.5,0.00634,999999.99,99999.99,99999.99,0.16,0.07,0.06,-1,2006-07-13 07:00:00
2006,194,8,2360,51,52,57,35,4.2,3.9,11.0,114.0,-1.5,3.5,0.7,3.5,-0.4,0.1,1.4,0.7,0.7,1.0,119848.0,1.8,506.0,-0.1,-0.1,0.034,19616.0,0.2,8.0,0.9,1.5,0.005,0.87,0.2,1.05,8.1,5.8,0.0182,17,0,-14,6,72.2,200,-131,69,1.2,0.00634,999999.99,99999.99,99999.99,0.23,0.12,0.09,-1,2006-07-13 08:00:00
2006,194,9,2360,51,52,60,37,3.9,3.1,28.5,152.2,-2.4,1.3,1.5,1.7,1.0,0.2,2.3,0.6,1.6,1.6,122339.0,1.6,497.0,3.0,-1.6,0.039,19585.0,0.2,10.0,2.4,2.4,0.005,0.76,-0.5,1.1,8.1,5.8,0.0183,13,0,-13,5,72.2,274,-183,91,0.5,0.00634,999999.99,99999.99,99999.99,0.19,0.09,0.06,-1,2006-07-13 09:00:00
2006,194,10,2360,51,52,61,36,3.4,2.6,2.2,146.0,-2.2,1.5,0.1,1.4,-0.4,0.1,2.2,1.4,0.8,1.4,156609.0,1.7,500.0,3.1,-0.5,0.046,21177.0,0.1,20.0,1.5,2.4,0.007,0.84,0.2,1.74,9.6,6.1,0.0129,13,0,-13,5,72.2,151,-77,75,0.9,0.00634,999999.99,99999.99,99999.99,0.2,0.11,0.07,-1,2006-07-13 10:00:00
2006,194,11,2360,51,51,61,2,3.3,2.7,26.2,100.9,-0.5,2.4,1.2,2.7,0.3,0.2,1.7,1.1,0.7,1.1,140564.0,1.7,524.0,0.9,-2.1,9.999,24604.0,0.1,1.0,0.4,1.0,9.999,0.93,-0.16,1.75,10.4,6.5,0.0111,13,0,-11,5,72.2,94,-47,48,0.6,0.00634,999999.99,99999.99,99999.99,0.19,0.09,0.06,-1,2006-07-13 11:00:00
2006,194,12,2360,51,51,58,4,3.5,2.9,3.3,124.8,-1.6,2.4,0.2,2.3,-0.6,0.1,1.8,1.3,1.0,0.7,123570.0,1.8,491.0,2.4,0.1,9.999,23133.0,0.1,14.0,2.2,1.1,9.999,0.87,0.29,1.54,9.4,6.2,0.0134,10,0,-13,4,72.2,121,-42,78,1.2,0.00634,999999.99,99999.99,99999.99,0.17,0.12,0.09,-1,2006-07-13 12:00:00
2006,194,13,2360,51,51,61,2,3.6,3.4,24.8,76.6,0.7,3.0,1.4,3.3,0.4,0.1,1.0,0.8,0.3,0.6,79876.0,1.5,504.0,1.3,-2.0,9.999,769.0,0.0,2.0,0.3,0.0,9.999,0.76,-0.2,1.0,8.6,6.3,0.0162,10,0,-14,4,72.2,146,-117,29,0.7,0.00634,999999.99,99999.99,99999.99,0.18,0.1,0.08,-1,2006-07-13 13:00:00
2006,194,14,2360,51,52,54,14,3.7,3.4,27.4,127.2,-1.9,2.4,1.6,2.7,0.9,0.1,1.2,0.8,0.8,0.4,73252.0,1.4,463.0,2.4,-3.0,0.026,14402.0,0.2,10.0,1.1,0.8,0.002,0.55,-0.42,0.86,7.4,5.6,0.0217,10,0,-15,4,72.2,51,-21,31,0.6,0.00634,999999.99,99999.99,99999.99,0.19,0.1,0.07,-1,2006-07-13 14:00:00
2006,194,15,2360,51,52,58,36,3.7,3.6,12.1,135.4,-2.5,2.5,0.8,2.6,0.2,0.1,0.9,0.6,0.5,0.4,73629.0,1.3,452.0,1.5,-2.4,0.03,11379.0,0.2,9.0,1.3,0.7,0.002,0.5,-0.09,0.8,7.0,5.4,0.0245,3,0,-17,2,72.2,51,-33,18,-0.3,0.00634,999999.99,99999.99,99999.99,0.2,0.1,0.08,-1,2006-07-13 15:00:00
2006,194,16,2360,51,52,63,38,4.0,3.9,11.4,146.3,-3.2,2.1,0.8,2.2,0.4,0.2,0.7,0.4,0.5,0.3,65708.0,1.1,438.0,2.6,-2.1,0.032,13074.0,0.2,6.0,1.0,0.6,0.005,0.4,-0.18,0.56,5.7,4.7,0.0361,3,0,-18,2,72.2,39,-20,19,0.1,0.00634,999999.99,99999.99,99999.99,0.19,0.1,0.07,-1,2006-07-13 16:00:00
2006,194,17,2360,51,52,61,37,3.3,3.2,27.6,128.8,-1.8,2.2,1.5,2.4,1.2,0.3,0.9,0.6,0.5,0.3,106164.0,1.7,458.0,4.4,-2.4,0.028,36554.0,0.4,7.0,1.3,0.7,0.001,0.66,-0.55,1.52,9.0,5.9,0.0145,3,0,-16,2,72.2,30,-7,24,-0.9,0.00634,999999.99,99999.99,99999.99,0.15,0.09,0.08,-1,2006-07-13 17:00:00
2006,194,18,2360,51,52,57,35,3.2,3.0,36.0,115.4,-1.0,2.2,1.7,2.3,1.5,0.3,1.2,0.9,0.6,0.5,104667.0,1.8,457.0,5.0,-3.1,0.026,30531.0,0.2,11.0,0.6,0.9,0.002,0.69,-0.69,1.7,9.6,6.1,0.013,3,0,-16,2,72.2,25,-6,19,-0.5,0.00634,999999.99,99999.99,99999.99,0.19,0.13,0.1,-1,2006-07-13 18:00:00
2006,194,19,2360,51,52,59,33,3.7,3.6,22.7,120.4,-1.7,2.9,1.4,2.9,1.3,0.1,0.9,0.3,0.5,0.7,61279.0,1.4,438.0,1.9,-4.2,0.024,8055.0,0.2,7.0,1.6,0.5,0.003,0.49,-0.57,0.81,7.0,5.4,0.0243,3,0,-17,2,72.2,35,-22,13,-0.3,0.00634,999999.99,99999.99,99999.99,0.2,0.11,0.08,-1,2006-07-13 19:00:00
2006,194,20,2360,51,52,57,36,3.7,3.6,32.5,118.9,-1.5,2.7,1.9,2.7,1.9,0.1,0.9,0.3,0.5,0.7,45069.0,1.7,428.0,-0.7,-5.9,0.021,6929.0,0.2,5.0,0.8,0.8,0.002,0.56,-0.81,0.9,7.5,5.7,0.0209,3,0,-18,2,72.2,38,-25,13,-0.4,0.00634,999999.99,99999.99,99999.99,0.18,0.1,0.08,-1,2006-07-13 20:00:00
2006,194,21,2360,51,52,59,35,3.8,3.6,33.7,116.5,-1.3,2.7,2.0,2.6,2.1,0.1,1.0,0.6,0.4,0.8,35611.0,1.9,419.0,-1.5,-4.8,0.019,6699.0,0.2,4.0,0.7,0.7,0.002,0.6,-0.88,0.9,7.6,5.7,0.0206,7,0,-19,3,72.2,45,-28,17,-0.3,0.00634,999999.99,99999.99,99999.99,0.19,0.12,0.1,-1,2006-07-13 21:00:00
2006,194,22,2360,51,52,60,37,3.8,3.8,34.4,117.5,-1.4,2.8,2.1,2.7,2.2,0.1,0.5,0.3,0.1,0.3,34985.0,2.1,412.0,-1.6,-4.2,0.02,3898.0,0.3,1.0,0.5,0.3,0.002,0.64,-0.91,0.99,7.9,5.8,0.0193,7,0,-17,3,72.2,49,-28,21,0.0,0.00634,999999.99,99999.99,99999.99,0.2,0.12,0.09,-1,2006-07-13 22:00:00
2006,194,23,2360,51,52,60,34,3.5,3.4,35.1,119.8,-1.4,2.4,2.0,2.3,2.1,0.2,0.6,0.2,0.3,0.4,26253.0,3.3,412.0,-1.0,-3.6,0.022,4933.0,0.7,1.0,0.5,0.5,0.002,1.02,-0.87,1.73,10.7,6.8,0.0104,7,0,-14,3,72.2,46,-26,20,0.0,0.00634,999999.99,99999.99,99999.99,0.16,0.1,0.08,-1,2006-07-13 23:00:00
2006,195,0,2360,51,52,60,36,3.0,2.3,65.4,132.5,-0.6,0.7,2.1,0.7,2.1,0.3,1.9,1.0,1.5,0.7,25111.0,4.9,413.0,-0.2,-2.9,0.026,4917.0,0.8,4.0,1.1,0.5,0.004,1.54,-0.87,3.48,15.2,7.6,0.0051,7,15,-8,3,73.3,48,-30,18,0.1,0.006373,999999.99,99999.99,99999.99,0.17,0.1,0.09,-1,2006-07-14 00:00:00
2006,195,1,2360,51,52,60,35,3.0,2.5,61.3,83.7,0.1,1.2,2.2,1.2,2.2,0.2,1.7,0.9,1.2,0.8,28997.0,5.1,413.0,-1.1,-2.0,0.03,2432.0,0.6,2.0,0.7,0.4,0.004,1.63,-0.91,3.71,15.5,7.6,0.0049,7,15,-5,3,73.3,51,-35,16,-0.3,0.006373,999999.99,99999.99,99999.99,0.17,0.08,0.06,-1,2006-07-14 01:00:00
2006,195,2,2360,51,52,59,37,3.1,2.7,71.2,129.3,-0.5,0.7,2.5,0.8,2.5,0.3,1.6,0.7,1.4,0.5,30669.0,5.9,410.0,-0.3,-2.1,0.03,5554.0,0.7,3.0,0.7,0.6,0.003,1.86,-1.02,4.06,16.1,7.6,0.0046,7,15,-3,3,73.3,51,-35,16,-0.4,0.006373,999999.99,99999.99,99999.99,0.2,0.11,0.09,-1,2006-07-14 02:00:00
2006,195,3,2360,51,52,61,35,4.3,4.1,11.8,283.9,1.0,-3.9,0.8,-3.8,1.2,0.4,1.1,0.6,0.5,0.7,28097.0,3.9,410.0,-1.2,-0.9,0.031,4862.0,1.1,2.0,1.5,0.5,0.004,1.23,-0.49,1.37,9.4,6.4,0.0134,13,15,-2,5,73.3,54,-31,23,-0.6,0.006373,999999.99,99999.99,99999.99,0.19,0.1,0.08,-1,2006-07-14 03:00:00
2006,195,4,2360,51,52,58,36,4.4,4.2,18.2,271.1,0.1,-4.0,1.3,-3.8,1.8,0.5,1.2,0.7,0.5,0.9,26891.0,3.7,403.0,-1.7,-1.5,0.034,8731.0,0.9,2.0,1.1,0.5,0.003,1.14,-0.73,1.23,8.8,6.1,0.0153,13,15,0,5,73.3,51,-29,21,-1.2,0.006373,999999.99,99999.99,99999.99,0.15,0.09,0.08,-1,2006-07-14 04:00:00
2006,195,5,2360,51,52,60,37,3.8,3.7,-14.5,248.5,-1.3,-3.3,-0.9,-3.4,-0.3,0.3,1.0,0.4,0.7,0.7,38215.0,4.9,398.0,-2.3,-1.5,0.04,4815.0,0.5,2.0,0.5,0.5,0.003,1.5,0.12,2.35,11.6,6.7,0.0089,13,15,2,5,73.3,69,-18,51,-0.8,0.006373,999999.99,99999.99,99999.99,0.2,0.12,0.09,-1,2006-07-14 05:00:00
2006,195,6,2360,51,52,59,36,3.7,2.9,-0.2,226.7,-2.0,-2.1,0.0,-2.0,0.5,0.4,2.3,0.7,1.7,1.4,42940.0,5.4,398.0,-1.4,-2.0,0.041,4133.0,0.7,2.0,0.4,0.6,0.003,1.66,-0.2,2.81,12.5,6.8,0.0076,7,15,2,3,73.3,85,-25,60,-0.2,0.006373,999999.99,99999.99,99999.99,0.19,0.12,0.1,-1,2006-07-14 06:00:00
2006,195,7,2360,51,52,60,36,4.4,4.1,15.1,211.8,-3.4,-2.1,1.1,-1.7,1.6,0.3,1.6,0.6,0.3,1.5,39702.0,5.5,394.0,-0.8,-2.8,0.043,3592.0,0.3,2.0,0.3,0.5,0.006,1.67,-0.63,1.99,10.5,6.4,0.0108,7,15,2,3,73.3,64,-23,41,-0.5,0.006373,999999.99,99999.99,99999.99,0.18,0.09,0.07,-1,2006-07-14 07:00:00
2006,195,8,2360,51,52,60,36,5.0,4.9,0.5,199.6,-4.6,-1.6,0.0,-1.5,0.5,0.3,1.4,0.6,0.6,1.0,41992.0,5.6,391.0,-0.6,-2.1,0.051,3333.0,0.4,3.0,0.3,0.7,0.005,1.72,-0.2,1.59,9.3,6.0,0.0139,7,15,3,3,73.3,66,-24,42,-0.6,0.006373,999999.99,99999.99,99999.99,0.17,0.1,0.08,-1,2006-07-14 08:00:00
2006,195,9,2360,51,52,61,39,6.1,5.9,12.7,172.9,-5.7,0.7,1.3,1.1,1.0,0.2,1.7,0.3,1.5,0.7,48031.0,6.1,392.0,-0.8,-2.8,0.053,6288.0,0.9,4.0,0.4,0.3,0.006,1.9,-0.39,1.2,7.9,5.6,0.0189,20,15,3,7,73.3,62,-34,28,-0.5,0.006373,999999.99,99999.99,99999.99,0.18,0.1,0.08,-1,2006-07-14 09:00:00
2006,195,10,2360,51,52,63,38,5.7,4.1,43.3,163.3,-2.9,0.9,2.8,1.8,2.3,1.1,4.1,3.2,2.2,1.0,78567.0,11.8,417.0,-0.7,-3.2,0.045,16781.0,2.6,14.0,1.0,0.6,0.006,4.04,-0.96,3.13,12.6,6.5,0.0075,20,15,13,7,73.3,75,-24,50,0.5,0.006373,999999.99,99999.99,99999.99,0.16,0.1,0.08,-1,2006-07-14 10:00:00
2006,195,11,2360,51,52,61,35,7.7,6.5,-18.5,280.7,1.1,-6.0,-2.1,-6.4,0.1,0.7,4.0,1.2,1.9,3.3,79790.0,12.9,433.0,-1.4,-1.2,0.042,8436.0,1.3,5.0,1.2,1.3,0.003,4.72,-0.04,1.88,10.1,6.2,0.0117,20,15,13,7,73.3,96,-37,60,0.2,0.006373,999999.99,99999.99,99999.99,0.17,0.1,0.09,-1,2006-07-14 11:00:00
2006,195,12,2360,51,52,62,38,8.9,8.5,-20.1,278.3,1.1,-7.9,-2.9,-8.4,-0.1,0.5,2.4,0.7,0.8,2.2,70969.0,12.4,432.0,-0.8,-1.0,0.043,9128.0,0.8,4.0,0.7,1.6,0.004,4.53,0.04,1.3,8.5,5.9,0.0163,43,15,7,32,73.3,235,-112,123,2.0,0.006373,999999.99,99999.99,99999.99,0.16,0.09,0.07,-1,2006-07-14 12:00:00
2006,195,13,2360,51,52,60,35,10.3,10.0,-30.0,278.6,1.3,-8.5,-5.0,-9.6,-2.1,0.5,2.3,0.9,1.2,1.7,53009.0,11.6,434.0,-1.1,-1.8,0.032,9813.0,1.8,5.0,0.9,1.3,0.005,4.12,0.91,0.82,7.2,5.5,0.0231,43,15,1,32,73.3,371,-287,84,4.1,0.006373,999999.99,99999.99,99999.99,0.15,0.09,0.06,-1,2006-07-14 13:00:00
2006,195,14,2360,51,52,61,38,10.5,8.6,-83.0,80.8,0.2,1.0,-8.6,-1.4,-8.5,1.2,6.1,1.3,5.3,2.8,83120.0,9.6,437.0,-1.5,-2.9,0.029,24746.0,0.9,3.0,1.2,1.5,0.005,3.42,3.71,0.77,6.4,5.0,0.0286,43,15,-5,32,73.3,498,-288,210,4.8,0.006373,999999.99,99999.99,99999.99,0.17,0.1,0.08,-1,2006-07-14 14:00:00
2006,195,15,2360,51,52,59,33,9.1,8.3,-23.4,88.8,0.2,7.6,-3.3,6.6,-5.0,0.5,3.6,0.6,1.8,3.1,160038.0,6.8,439.0,-0.3,-5.9,0.033,20130.0,1.0,2.0,0.8,1.8,0.003,2.48,2.19,0.99,6.3,4.6,0.0301,40,15,-9,27,73.3,560,-331,229,3.7,0.006373,999999.99,99999.99,99999.99,0.17,0.11,0.09,-1,2006-07-14 15:00:00
2006,195,16,2360,51,52,63,38,9.3,8.8,-67.4,303.3,1.9,-2.8,-8.1,-4.2,-7.5,0.7,2.8,1.3,2.4,0.8,125569.0,7.8,447.0,1.3,-2.7,0.027,40668.0,1.2,7.0,1.0,0.8,0.004,2.88,3.35,0.95,6.7,5.0,0.0264,40,15,-8,27,73.3,774,-536,238,4.6,0.006373,999999.99,99999.99,99999.99,0.2,0.09,0.06,-1,2006-07-14 16:00:00
2006,195,17,2360,51,52,60,37,8.1,7.8,-56.6,296.2,1.9,-3.8,-6.5,-4.6,-6.0,0.6,2.1,0.7,1.8,0.9,150081.0,6.3,451.0,1.5,-3.8,0.035,24951.0,1.0,5.0,0.8,1.1,0.007,2.44,2.71,1.11,7.0,5.0,0.0244,40,15,-18,27,73.3,726,-469,258,4.4,0.006373,999999.99,99999.99,99999.99,0.19,0.13,0.09,-1,2006-07-14 17:00:00
2006,195,18,2360,51,52,61,38,7.2,6.1,-64.3,28.6,2.3,1.3,-5.5,0.9,-5.6,1.3,3.9,1.5,2.1,3.0,237200.0,4.6,458.0,1.4,-5.3,0.071,39206.0,0.8,9.0,1.4,2.1,0.016,2.07,2.56,1.35,6.8,4.6,0.0256,33,15,-28,18,73.3,676,-406,270,3.9,0.006373,999999.99,99999.99,99999.99,0.17,0.09,0.07,-1,2006-07-14 18:00:00
2006,195,19,2360,51,52,58,35,7.8,6.7,-63.1,13.2,2.9,0.7,-5.9,0.5,-5.9,0.7,3.9,1.7,3.2,1.6,227491.0,4.2,463.0,4.7,-4.0,0.058,25055.0,0.5,8.0,1.3,0.9,0.014,1.85,2.73,1.02,6.1,4.4,0.0321,33,15,-34,18,73.3,754,-473,281,4.2,0.006373,999999.99,99999.99,99999.99,0.15,0.09,0.08,-1,2006-07-14 19:00:00
2006,195,20,2360,51,52,60,37,6.2,5.6,-35.6,59.2,2.3,3.9,-3.3,3.9,-3.3,0.6,2.5,1.1,1.9,1.3,260726.0,4.7,449.0,5.2,-5.7,0.064,39355.0,0.7,4.0,0.9,0.8,0.013,1.99,1.48,1.98,7.9,4.8,0.0193,33,15,-36,18,73.3,501,-320,181,3.4,0.006373,999999.99,99999.99,99999.99,0.15,0.08,0.06,-1,2006-07-14 20:00:00
2006,195,21,2360,51,52,61,38,5.4,4.8,-20.1,61.5,2.2,4.0,-1.6,4.0,-1.5,1.0,2.5,1.8,1.1,1.3,255226.0,3.8,450.0,7.7,-5.5,0.075,21320.0,0.5,11.0,1.0,1.3,0.015,1.67,0.68,2.08,8.1,4.9,0.018,23,15,-33,9,73.3,294,-174,120,2.3,0.006373,999999.99,99999.99,99999.99,0.16,0.1,0.07,-1,2006-07-14 21:00:00
2006,195,22,2360,51,52,61,37,4.7,4.3,8.0,82.3,0.6,4.2,0.6,4.2,0.7,1.1,2.2,1.6,1.1,1.0,228183.0,3.1,462.0,8.0,-3.7,0.073,21928.0,0.5,6.0,1.4,0.8,0.015,1.43,-0.32,2.08,8.7,5.2,0.0159,23,15,-30,9,73.3,252,-145,107,1.3,0.006373,999999.99,99999.99,99999.99,0.21,0.11,0.08,-1,2006-07-14 22:00:00
2006,195,23,2360,51,52,60,36,4.7,4.4,10.7,136.2,-3.1,3.0,0.8,3.0,0.9,0.4,1.5,1.0,0.9,0.8,207795.0,2.7,471.0,8.1,-1.8,0.061,26094.0,0.2,5.0,1.0,1.1,0.014,1.24,-0.42,1.71,8.2,5.2,0.0175,23,15,-29,9,73.3,87,-45,42,0.7,0.006373,999999.99,99999.99,99999.99,0.19,0.1,0.07,-1,2006-07-14 23:00:00
2006,196,0,2360,51,52,61,36,3.4,3.0,16.8,102.7,-0.6,2.8,0.9,2.8,0.9,0.5,1.6,1.1,0.7,1.0,177292.0,2.4,471.0,6.3,-0.7,0.064,10894.0,0.3,3.0,0.6,0.7,0.01,1.12,-0.42,2.64,10.7,5.9,0.0103,3,16,-29,2,72.6,46,-33,12,0.3,0.006388,999999.99,99999.99,99999.99,0.17,0.1,0.09,-1,2006-07-15 00:00:00
2006,196,1,2360,51,52,60,37,2.9,2.1,23.0,57.9,1.0,1.6,0.8,1.6,0.8,0.7,2.0,1.7,0.7,0.8,201853.0,2.9,470.0,6.5,-0.2,0.055,18370.0,0.2,6.0,1.0,0.6,0.013,1.31,-0.38,4.74,13.8,6.1,0.0062,3,16,-28,2,72.6,62,-40,22,0.3,0.006388,999999.99,99999.99,99999.99,0.17,0.09,0.07,-1,2006-07-15 01:00:00
2006,196,2,2360,51,52,58,36,3.3,1.6,-11.0,78.4,0.3,1.5,-0.3,1.5,-0.4,0.8,2.9,2.0,0.7,1.9,157048.0,2.4,454.0,6.0,-1.2,0.045,22110.0,0.2,6.0,0.7,0.7,0.01,0.97,0.18,2.62,10.7,5.9,0.0105,3,16,-27,2,72.6,55,-29,26,0.4,0.006388,999999.99,99999.99,99999.99,0.17,0.11,0.08,-1,2006-07-15 02:00:00
2006,196,3,2360,51,52,58,35,3.5,2.8,-47.2,126.2,-1.1,1.5,-2.1,1.3,-2.2,0.4,2.1,1.5,1.2,0.8,133733.0,2.7,443.0,6.3,-0.6,0.034,14377.0,0.2,6.0,0.9,0.6,0.002,1.01,0.97,2.4,10.4,5.9,0.011,17,16,-29,6,72.6,202,-102,100,1.0,0.006388,999999.99,99999.99,99999.99,0.22,0.15,0.11,-1,2006-07-15 03:00:00
2006,196,4,2360,51,52,55,33,4.9,4.8,-21.0,121.1,-2.3,3.8,-1.7,3.5,-2.2,0.5,1.3,1.1,0.5,0.5,59482.0,1.3,419.0,4.9,1.2,0.037,26420.0,0.5,8.0,0.9,0.6,0.007,0.44,0.92,0.42,4.9,4.2,0.0501,17,16,-30,6,72.6,338,-181,157,1.5,0.006388,999999.99,99999.99,99999.99,0.21,0.13,0.1,-1,2006-07-15 04:00:00
2006,196,5,2360,51,52,58,36,4.8,4.8,-21.6,110.7,-1.6,4.1,-1.7,3.7,-2.5,0.2,0.7,0.5,0.3,0.4,80581.0,2.2,400.0,3.4,1.9,0.03,6416.0,0.2,4.0,0.4,0.6,0.002,0.66,1.0,0.83,6.2,4.7,0.0311,17,16,-28,6,72.6,356,-185,171,1.8,0.006388,999999.99,99999.99,99999.99,0.23,0.13,0.09,-1,2006-07-15 05:00:00
2006,196,6,2360,51,52,62,38,5.1,5.0,-5.9,119.3,-2.5,4.4,-0.5,4.2,-1.5,0.2,0.8,0.3,0.3,0.7,66889.0,2.0,402.0,2.6,1.4,0.033,13094.0,0.3,5.0,1.1,0.6,0.004,0.61,0.6,0.62,5.6,4.5,0.0383,13,16,-24,5,72.6,213,-92,121,1.3,0.006388,999999.99,99999.99,99999.99,0.2,0.11,0.08,-1,2006-07-15 06:00:00
2006,196,7,2360,51,52,59,35,4.4,3.4,4.7,120.1,-1.7,2.9,0.3,2.9,-0.5,0.2,2.7,2.4,0.8,0.8,78125.0,2.4,413.0,1.5,1.0,0.036,18908.0,0.6,11.0,1.7,0.6,0.006,0.78,0.21,1.06,7.3,5.2,0.0225,13,16,-19,5,72.6,124,-62,61,0.9,0.006388,999999.99,99999.99,99999.99,0.17,0.1,0.08,-1,2006-07-15 07:00:00
2006,196,8,2360,51,52,65,40,4.4,4.0,8.3,69.9,1.4,3.7,0.6,3.7,-0.6,0.2,1.8,1.1,0.7,1.2,52732.0,3.5,410.0,0.1,1.7,0.031,9137.0,0.3,14.0,0.7,1.1,0.005,1.1,0.25,1.36,8.7,5.9,0.0157,13,16,-16,5,72.6,157,-86,70,0.8,0.006388,999999.99,99999.99,99999.99,0.18,0.09,0.06,-1,2006-07-15 08:00:00
2006,196,9,2360,51,52,57,36,4.4,3.8,-0.4,83.8,0.4,3.7,0.0,3.5,-1.2,0.1,2.1,1.5,0.7,1.3,54560.0,3.9,420.0,1.2,1.6,0.032,9739.0,0.3,11.0,0.9,1.6,0.004,1.3,0.5,1.53,9.4,6.2,0.0134,10,16,-13,4,72.6,240,-127,113,2.1,0.006388,999999.99,99999.99,99999.99,0.21,0.12,0.08,-1,2006-07-15 09:00:00
2006,196,10,2360,51,52,61,37,5.0,4.4,-12.8,84.1,0.4,4.2,-1.0,3.6,-2.4,0.2,2.4,1.0,0.7,2.0,47417.0,4.4,418.0,0.5,1.4,0.03,6937.0,0.3,6.0,0.6,1.7,0.003,1.44,1.0,1.29,8.8,6.0,0.0155,10,16,-11,4,72.6,207,-78,129,2.0,0.006388,999999.99,99999.99,99999.99,0.17,0.09,0.06,-1,2006-07-15 10:00:00
2006,196,11,2360,51,52,61,36,4.9,4.5,-29.5,54.7,2.3,3.2,-2.2,2.2,-3.2,0.3,1.7,0.7,1.1,1.2,53722.0,4.2,431.0,0.6,1.5,0.028,15451.0,0.3,8.0,0.9,1.1,0.003,1.45,1.38,1.33,9.0,6.2,0.0146,10,16,-15,4,72.6,267,-137,131,2.2,0.006388,999999.99,99999.99,99999.99,0.19,0.11,0.08,-1,2006-07-15 11:00:00
2006,196,12,2360,51,52,63,39,4.3,4.0,47.5,183.3,-2.7,-0.2,3.0,0.8,2.9,0.5,1.4,0.9,0.9,0.7,78464.0,5.0,423.0,2.8,-0.9,0.02,8036.0,0.5,6.0,0.9,0.5,0.003,1.61,-1.23,2.33,11.0,6.3,0.0098,20,16,-17,7,72.6,277,-204,72,1.2,0.006388,999999.99,99999.99,99999.99,0.15,0.09,0.07,-1,2006-07-15 12:00:00
2006,196,13,2360,51,52,56,35,4.5,3.8,62.8,226.6,-1.2,-1.2,3.3,-0.1,3.5,0.3,2.4,1.1,1.5,1.6,80175.0,4.4,430.0,4.1,-2.2,0.021,10615.0,0.5,4.0,0.7,0.9,0.003,1.47,-1.5,1.88,10.0,6.2,0.0118,20,16,-15,7,72.6,73,-43,30,-0.7,0.006388,999999.99,99999.99,99999.99,0.2,0.11,0.08,-1,2006-07-15 13:00:00
2006,196,14,2360,51,52,62,37,3.8,2.9,63.1,194.8,-1.3,-0.3,2.6,0.4,2.6,0.5,2.4,1.1,1.5,1.4,80229.0,4.3,428.0,4.0,-3.0,0.021,11515.0,0.3,4.0,1.1,1.0,0.002,1.43,-1.11,2.58,11.7,6.5,0.0087,20,16,-13,7,72.6,46,-17,28,0.0,0.006388,999999.99,99999.99,99999.99,0.2,0.09,0.07,-1,2006-07-15 14:00:00
2006,196,15,2360,51,52,59,36,4.6,4.0,61.4,86.5,0.1,1.9,3.5,2.7,2.9,0.2,2.2,0.6,1.9,1.0,63880.0,4.5,429.0,1.8,-3.3,0.019,9777.0,0.3,6.0,1.9,0.9,0.001,1.49,-1.24,1.7,9.9,6.3,0.0122,7,16,-12,3,72.6,42,-13,29,-1.3,0.006388,999999.99,99999.99,99999.99,0.17,0.09,0.06,-1,2006-07-15 15:00:00
2006,196,16,2360,51,52,59,36,4.5,4.3,6.3,97.3,-0.5,4.2,0.5,4.2,-0.3,0.3,1.4,0.8,0.3,1.1,63021.0,3.6,420.0,-0.8,-1.4,0.019,6497.0,0.2,2.0,0.6,0.5,0.002,1.14,0.13,1.42,8.9,5.9,0.0152,7,16,-15,3,72.6,52,-26,26,-0.5,0.006388,999999.99,99999.99,99999.99,0.2,0.1,0.07,-1,2006-07-15 16:00:00
2006,196,17,2360,51,52,60,38,3.9,3.3,6.0,75.1,0.8,3.2,0.3,3.2,-0.1,0.2,1.9,1.2,0.9,1.2,70546.0,3.3,427.0,-1.4,-0.9,0.021,8674.0,0.2,9.0,0.8,1.2,0.002,1.09,0.04,1.8,9.9,6.2,0.012,7,16,-17,3,72.6,78,-37,41,0.2,0.006388,999999.99,99999.99,99999.99,0.24,0.13,0.1,-1,2006-07-15 17:00:00
2006,196,18,2360,51,52,61,37,3.9,3.7,-12.8,93.3,-0.2,3.6,-0.8,3.5,-1.1,0.1,1.2,1.0,0.3,0.7,66947.0,3.1,420.0,-2.5,-0.4,0.022,4931.0,0.2,5.0,0.4,0.6,0.002,0.99,0.46,1.66,9.5,6.1,0.0132,7,16,-19,3,72.6,81,-35,46,0.4,0.006388,999999.99,99999.99,99999.99,0.17,0.1,0.08,-1,2006-07-15 18:00:00
2006,196,19,2360,51,52,59,36,3.4,3.2,-8.7,83.8,0.3,3.1,-0.5,3.1,-0.6,0.1,1.3,0.9,0.3,0.9,74934.0,3.3,415.0,-1.9,-0.9,0.022,8175.0,0.2,6.0,0.5,1.0,0.002,1.03,0.25,2.41,11.1,6.3,0.0097,7,16,-22,3,72.6,62,-19,44,0.7,0.006388,999999.99,99999.99,99999.99,0.2,0.12,0.11,-1,2006-07-15 19:00:00
2006,196,20,2360,51,52,62,38,3.4,1.6,2.4,58.0,0.8,1.3,0.1,1.3,0.1,0.3,3.0,1.8,1.7,1.6,69514.0,2.9,416.0,-0.3,-1.3,0.02,9767.0,0.4,13.0,1.5,1.7,0.003,0.91,-0.04,2.07,10.4,6.2,0.011,7,16,-23,3,72.6,49,-9,40,0.7,0.006388,999999.99,99999.99,99999.99,0.21,0.1,0.08,-1,2006-07-15 20:00:00
2006,196,21,2360,51,52,56,34,3.6,3.1,-20.7,358.9,2.9,-0.1,-1.1,-0.1,-1.1,0.2,1.7,0.7,1.4,0.6,68297.0,3.1,426.0,0.5,-0.2,0.017,8702.0,0.3,7.0,1.3,0.6,0.001,1.0,0.47,1.96,10.4,6.4,0.011,10,16,-23,4,72.6,54,-16,37,1.3,0.006388,999999.99,99999.99,99999.99,0.18,0.1,0.08,-1,2006-07-15 21:00:00
2006,196,22,2360,51,52,62,37,3.5,3.4,3.7,62.6,1.5,3.0,0.2,3.0,0.3,0.1,1.0,0.7,0.4,0.5,65502.0,2.8,415.0,-2.7,-1.2,0.019,3995.0,0.2,4.0,0.4,0.6,0.001,0.87,-0.12,1.84,9.9,6.2,0.0121,10,16,-24,4,72.6,76,-45,31,1.2,0.006388,999999.99,99999.99,99999.99,0.2,0.13,0.1,-1,2006-07-15 22:00:00
2006,196,23,2360,51,52,59,36,3.3,3.0,14.9,69.4,1.0,2.7,0.8,2.7,0.8,0.2,1.3,0.6,0.4,1.0,79335.0,2.5,413.0,-1.9,-1.7,0.023,10862.0,0.2,4.0,0.7,0.8,0.002,0.78,-0.33,1.98,9.9,6.0,0.0122,10,16,-24,4,72.6,85,-61,24,0.8,0.006388,999999.99,99999.99,99999.99,0.18,0.1,0.08,-1,2006-07-15 23:00:00
2006,197,0,2360,51,52,58,36,3.6,3.1,40.0,69.0,0.9,2.2,2.0,2.2,2.0,0.3,1.7,0.5,1.1,1.1,73623.0,2.4,411.0,-2.3,-2.1,0.022,13922.0,0.2,4.0,1.3,0.8,0.003,0.74,-0.82,1.56,8.8,5.8,0.0152,0,20,-22,0,73.2,45,-31,14,-0.1,0.006356,999999.99,99999.99,99999.99,0.21,0.1,0.08,-1,2006-07-16 00:00:00
2006,197,1,2360,51,52,61,36,3.4,3.2,7.4,69.8,1.1,3.0,0.4,3.0,0.3,0.2,1.1,0.6,0.3,0.9,70286.0,2.5,408.0,-2.8,-1.2,0.022,7078.0,0.2,3.0,0.5,0.6,0.003,0.76,-0.12,1.79,9.5,5.9,0.0132,0,20,-18,0,73.2,59,-43,16,0.1,0.006356,999999.99,99999.99,99999.99,0.23,0.12,0.09,-1,2006-07-16 01:00:00
2006,197,2,2360,51,52,57,34,3.1,2.9,12.9,87.3,0.1,2.8,0.7,2.8,0.5,0.2,1.0,0.7,0.2,0.7,66920.0,2.8,398.0,-2.4,-1.5,0.018,6248.0,0.2,4.0,0.5,0.6,0.002,0.79,-0.2,2.37,10.7,6.2,0.0103,0,20,-13,0,73.2,61,-41,20,0.2,0.006356,999999.99,99999.99,99999.99,0.21,0.11,0.08,-1,2006-07-16 02:00:00
2006,197,3,2360,51,52,58,35,3.5,2.3,-15.8,164.6,-2.2,0.6,-0.6,0.5,-0.7,0.2,2.5,0.9,1.4,1.9,65106.0,3.0,380.0,-1.0,-0.9,0.019,8005.0,0.5,7.0,1.0,1.2,0.002,0.78,0.27,1.97,9.4,5.7,0.0135,13,20,-9,5,73.2,81,-28,53,0.3,0.006356,999999.99,99999.99,99999.99,0.15,0.1,0.07,-1,2006-07-16 03:00:00
2006,197,4,2360,51,52,61,37,3.3,3.2,-37.9,162.6,-2.4,0.8,-2.0,0.5,-2.1,0.1,0.8,0.4,0.6,0.4,56053.0,3.1,381.0,-1.8,0.6,0.019,3760.0,0.1,3.0,0.7,0.3,0.002,0.81,0.8,2.18,10.2,6.0,0.0115,13,20,-9,5,73.2,178,-81,97,0.5,0.006356,999999.99,99999.99,99999.99,0.2,0.09,0.07,-1,2006-07-16 04:00:00
2006,197,5,2360,51,52,59,36,3.2,3.2,-7.4,140.9,-2.4,2.0,-0.4,1.9,-0.8,0.1,0.7,0.2,0.3,0.6,49735.0,3.2,380.0,-2.8,-0.3,0.016,3995.0,0.2,3.0,0.3,0.7,0.001,0.82,0.3,2.32,10.6,6.1,0.0105,13,20,-10,5,73.2,202,-111,91,1.0,0.006356,999999.99,99999.99,99999.99,0.21,0.11,0.08,-1,2006-07-16 05:00:00
2006,197,6,2360,51,52,60,36,3.2,3.1,-6.3,123.7,-1.7,2.6,-0.3,2.4,-0.9,0.1,0.6,0.3,0.2,0.4,47212.0,3.4,380.0,-3.5,-1.2,0.014,2533.0,0.1,4.0,0.3,0.6,0.001,0.87,0.34,2.43,10.9,6.2,0.0099,10,20,-11,4,73.2,69,-29,39,0.6,0.006356,999999.99,99999.99,99999.99,0.17,0.09,0.07,-1,2006-07-16 06:00:00
2006,197,7,2360,51,52,57,35,3.1,3.1,4.3,119.1,-1.5,2.7,0.2,2.6,-0.6,0.1,0.4,0.3,0.2,0.2,48559.0,3.6,375.0,-2.3,-1.3,0.016,2651.0,0.2,4.0,0.3,0.3,0.001,0.9,0.23,2.76,11.5,6.2,0.009,10,20,-10,4,73.2,98,-44,53,0.4,0.006356,999999.99,99999.99,99999.99,0.22,0.12,0.09,-1,2006-07-16 07:00:00
2006,197,8,2360,51,52,64,39,3.2,3.1,7.5,114.6,-1.3,2.8,0.4,2.8,-0.5,0.1,0.7,0.6,0.3,0.3,49423.0,4.0,374.0,-2.5,-1.6,0.016,2222.0,0.2,4.0,0.5,0.5,0.001,0.99,0.19,2.89,11.7,6.3,0.0087,10,20,-9,4,73.2,176,-123,53,0.3,0.006356,999999.99,99999.99,99999.99,0.18,0.09,0.07,-1,2006-07-16 08:00:00
2006,197,9,2360,51,52,57,36,3.4,3.3,14.8,99.0,-0.5,3.1,0.8,3.2,-0.3,0.1,0.9,0.6,0.2,0.7,44974.0,4.0,376.0,-2.6,-2.1,0.017,3448.0,0.2,6.0,0.3,0.5,0.003,1.01,0.11,2.5,11.1,6.2,0.0097,3,20,-7,2,73.2,142,-86,56,1.1,0.006356,999999.99,99999.99,99999.99,0.19,0.11,0.08,-1,2006-07-16 09:00:00
2006,197,10,2360,51,52,59,36,3.2,3.1,19.8,121.7,-1.5,2.5,1.1,2.7,0.1,0.1,0.7,0.5,0.4,0.3,40759.0,3.9,367.0,-2.9,-2.4,0.018,2712.0,0.1,3.0,0.2,0.2,0.001,0.94,-0.04,2.68,11.3,6.2,0.0093,3,20,-6,2,73.2,81,-33,48,1.1,0.006356,999999.99,99999.99,99999.99,0.16,0.09,0.07,-1,2006-07-16 10:00:00
2006,197,11,2360,51,52,58,34,3.2,3.0,25.8,144.8,-2.2,1.6,1.3,2.0,0.6,0.1,1.0,0.3,0.8,0.6,40225.0,3.7,359.0,-2.1,-2.9,0.018,3809.0,0.2,2.0,0.8,0.7,0.002,0.85,-0.22,2.53,10.8,6.0,0.0102,3,20,-5,2,73.2,51,-19,32,1.0,0.006356,999999.99,99999.99,99999.99,0.17,0.1,0.08,-1,2006-07-16 11:00:00
2006,197,12,2360,51,52,60,36,3.5,3.2,23.2,152.6,-2.6,1.4,1.3,1.8,0.7,0.0,1.2,0.2,0.8,0.9,38430.0,3.7,353.0,-1.9,-2.8,0.019,3761.0,0.2,2.0,0.9,1.4,0.002,0.83,-0.25,2.1,9.7,5.8,0.0126,3,20,-5,2,73.2,39,-25,15,0.3,0.006356,999999.99,99999.99,99999.99,0.21,0.11,0.07,-1,2006-07-16 12:00:00
2006,197,13,2360,51,52,60,38,3.6,3.5,13.9,131.1,-2.2,2.6,0.8,2.7,-0.1,0.1,0.7,0.5,0.4,0.3,38787.0,3.8,355.0,-3.4,-1.8,0.019,2806.0,0.2,5.0,0.3,0.5,0.002,0.86,0.04,2.04,9.6,5.8,0.0129,3,20,-6,2,73.2,47,-22,25,0.9,0.006356,999999.99,99999.99,99999.99,0.18,0.1,0.08,-1,2006-07-16 13:00:00
2006,197,14,2360,51,52,58,34,4.0,3.8,6.3,125.2,-2.2,3.1,0.4,3.1,-0.5,0.1,1.1,0.6,0.5,0.7,42270.0,4.2,358.0,-3.4,-0.7,0.021,3103.0,0.3,6.0,0.4,1.0,0.002,0.97,0.18,1.86,9.2,5.7,0.0141,3,20,-4,2,73.2,78,-29,49,1.0,0.006356,999999.99,99999.99,99999.99,0.2,0.11,0.09,-1,2006-07-16 14:00:00
2006,197,15,2360,51,52,66,40,4.1,3.9,25.8,117.0,-1.6,3.1,1.7,3.4,0.9,0.1,1.2,0.9,0.5,0.6,43375.0,4.5,365.0,-3.7,-2.5,0.021,4235.0,0.4,9.0,0.8,1.0,0.001,1.09,-0.33,1.91,9.4,5.8,0.0133,10,20,-4,4,73.2,71,-41,31,0.2,0.006356,999999.99,99999.99,99999.99,0.17,0.1,0.08,-1,2006-07-16 15:00:00
2006,197,16,2360,51,52,60,37,4.2,4.0,46.1,121.2,-1.5,2.4,2.9,2.9,2.4,0.1,1.1,0.4,0.7,0.7,42801.0,4.6,368.0,-3.5,-3.5,0.019,3764.0,0.2,5.0,0.8,1.1,0.001,1.12,-0.88,1.86,9.4,5.8,0.0135,10,20,-3,4,73.2,47,-22,25,-1.1,0.006356,999999.99,99999.99,99999.99,0.25,0.15,0.1,-1,2006-07-16 16:00:00
2006,197,17,2360,51,52,60,37,3.5,2.7,-9.5,127.7,-1.7,2.1,-0.5,2.0,-0.8,0.5,2.1,1.0,1.2,1.5,60929.0,4.3,375.0,-0.2,0.1,0.035,12826.0,0.4,5.0,1.2,1.1,0.006,1.15,0.3,2.76,11.1,6.0,0.0096,10,20,-2,4,73.2,61,-20,41,0.2,0.006356,999999.99,99999.99,99999.99,0.15,0.09,0.08,-1,2006-07-16 17:00:00
2006,197,18,2360,51,52,59,37,3.7,3.5,63.0,151.4,-1.4,0.8,3.1,1.1,3.0,0.2,1.1,0.6,0.7,0.5,44681.0,4.8,375.0,0.6,-1.0,0.04,7212.0,0.3,3.0,0.4,0.3,0.002,1.31,-1.12,2.52,11.1,6.2,0.0096,7,20,-2,3,73.2,58,-30,28,0.3,0.006356,999999.99,99999.99,99999.99,0.17,0.09,0.07,-1,2006-07-16 18:00:00
2006,197,19,2360,51,52,64,39,3.9,3.3,60.2,176.5,-1.6,0.1,2.9,0.2,2.9,0.2,1.9,0.9,1.6,0.5,46142.0,5.3,374.0,1.0,-1.2,0.043,4670.0,0.3,5.0,1.1,0.4,0.003,1.45,-1.08,2.53,11.0,6.2,0.0098,7,20,0,3,73.2,39,-21,19,0.5,0.006356,999999.99,99999.99,99999.99,0.16,0.09,0.07,-1,2006-07-16 19:00:00
2006,197,20,2360,51,52,56,34,3.9,3.3,85.6,268.3,0.0,-0.3,3.3,-0.3,3.3,0.1,2.0,1.1,1.6,0.5,45418.0,5.4,380.0,0.9,-1.5,0.043,4995.0,0.5,7.0,0.9,0.4,0.008,1.53,-1.25,2.57,11.3,6.3,0.0093,7,20,1,3,73.2,38,-21,17,0.6,0.006356,999999.99,99999.99,99999.99,0.21,0.13,0.1,-1,2006-07-16 20:00:00
2006,197,21,2360,51,52,60,37,4.0,3.3,37.0,124.9,-1.5,2.2,2.0,2.2,2.0,0.3,2.2,1.3,1.4,1.0,45725.0,5.1,371.0,0.0,-1.5,0.044,3929.0,0.5,7.0,1.2,0.8,0.005,1.38,-0.74,2.31,10.5,6.1,0.0108,3,20,-2,2,73.2,36,-19,18,0.1,0.006356,999999.99,99999.99,99999.99,0.16,0.08,0.06,-1,2006-07-16 21:00:00
2006,197,22,2360,51,52,63,38,3.7,3.5,40.4,83.1,0.3,2.6,2.2,2.6,2.2,0.3,1.4,0.8,0.8,0.8,43216.0,5.0,375.0,-0.6,-1.9,0.043,4965.0,0.5,3.0,0.6,0.5,0.003,1.38,-0.83,2.61,11.3,6.3,0.0093,3,20,-4,2,73.2,33,-17,16,0.5,0.006356,999999.99,99999.99,99999.99,0.18,0.1,0.08,-1,2006-07-16 22:00:00
2006,197,23,2360,51,52,58,36,3.9,3.5,12.1,84.8,0.3,3.5,0.7,3.5,0.7,0.1,1.6,0.8,0.4,1.3,41728.0,5.0,373.0,-1.3,-1.4,0.039,4102.0,0.2,5.0,0.4,0.9,0.004,1.34,-0.26,2.33,10.7,6.2,0.0104,3,20,-6,2,73.2,40,-23,16,0.2,0.006356,999999.99,99999.99,99999.99,0.21,0.1,0.07,-1,2006-07-16 23:00:00
2006,198,0,2360,51,52,59,36,3.7,3.0,0.8,93.9,-0.2,3.0,0.0,3.0,0.0,0.3,2.1,0.4,0.4,2.0,44794.0,5.1,371.0,-0.9,-0.3,0.039,5773.0,0.3,2.0,0.4,1.3,0.004,1.36,-0.0,2.68,11.3,6.2,0.0093,7,22,-8,3,73.3,44,-24,20,0.2,0.006345,999999.99,99999.99,99999.99,0.18,0.08,0.06,-1,2006-07-17 00:00:00
2006,198,1,2360,51,52,60,36,3.7,3.6,-9.0,114.8,-1.5,3.2,-0.6,3.2,-0.7,0.1,0.9,0.6,0.2,0.7,40216.0,4.9,362.0,-1.3,-0.2,0.034,2810.0,0.2,3.0,0.2,0.6,0.002,1.22,0.25,2.51,10.8,6.1,0.0101,7,22,-11,3,73.3,84,-42,42,0.6,0.006345,999999.99,99999.99,99999.99,0.16,0.09,0.07,-1,2006-07-17 01:00:00
2006,198,2,2360,51,52,60,35,3.7,3.5,-10.4,100.8,-0.6,3.4,-0.6,3.3,-0.8,0.2,1.2,0.4,0.3,1.1,36287.0,4.9,365.0,-0.9,-0.3,0.027,2879.0,0.3,2.0,0.3,0.6,0.002,1.21,0.29,2.45,10.9,6.2,0.01,7,22,-10,3,73.3,85,-42,43,0.6,0.006345,999999.99,99999.99,99999.99,0.2,0.12,0.1,-1,2006-07-17 02:00:00
2006,198,3,2360,51,52,58,36,3.4,2.9,0.0,114.5,-1.2,2.6,0.0,2.6,-0.3,0.2,1.8,1.0,0.4,1.4,40653.0,5.3,364.0,0.2,-0.8,0.027,4054.0,0.4,4.0,0.5,0.9,0.003,1.3,0.11,3.22,12.3,6.3,0.0078,10,22,-10,4,73.3,98,-45,53,0.7,0.006345,999999.99,99999.99,99999.99,0.2,0.1,0.08,-1,2006-07-17 03:00:00
2006,198,4,2360,51,52,62,37,3.4,2.8,28.2,121.0,-1.3,2.1,1.3,2.3,1.0,0.2,1.9,0.9,1.1,1.3,35683.0,5.1,367.0,0.3,-0.2,0.024,2917.0,0.2,2.0,0.5,0.8,0.002,1.26,-0.37,3.01,12.2,6.4,0.008,10,22,-9,4,73.3,51,-28,23,-0.3,0.006345,999999.99,99999.99,99999.99,0.18,0.09,0.07,-1,2006-07-17 04:00:00
2006,198,5,2360,51,52,60,37,2.7,2.5,8.4,120.3,-1.3,2.2,0.4,2.2,-0.1,0.3,1.0,0.3,0.4,0.9,33785.0,5.4,365.0,0.3,0.1,0.026,2975.0,0.3,1.0,0.2,0.5,0.004,1.33,0.04,5.0,15.7,6.8,0.0048,10,22,-5,4,73.3,60,-26,33,-0.1,0.006345,999999.99,99999.99,99999.99,0.17,0.1,0.08,-1,2006-07-17 05:00:00
2006,198,6,2360,51,52,62,37,2.1,1.7,83.0,22.6,0.2,0.1,1.7,0.5,1.6,0.3,1.2,0.8,0.8,0.5,34146.0,6.1,369.0,1.2,-1.1,0.034,1968.0,0.3,3.0,0.5,0.4,0.003,1.58,-0.59,9.35,21.7,7.2,0.0025,7,22,-2,3,73.3,81,-44,37,-0.0,0.006345,999999.99,99999.99,99999.99,0.19,0.1,0.07,-1,2006-07-17 06:00:00
2006,198,7,2360,51,52,57,36,2.3,1.6,31.7,135.3,-1.0,1.0,0.9,1.2,0.6,0.1,1.6,0.8,1.2,0.7,31933.0,6.2,362.0,0.0,-0.4,0.036,2126.0,0.2,3.0,0.9,0.5,0.002,1.55,-0.22,7.82,19.6,7.0,0.0031,7,22,-2,3,73.3,97,-59,38,-0.3,0.006345,999999.99,99999.99,99999.99,0.16,0.09,0.08,-1,2006-07-17 07:00:00
2006,198,8,2360,51,52,59,36,2.5,2.1,4.7,109.4,-0.7,2.0,0.2,2.0,-0.5,0.1,1.2,0.6,0.4,1.0,30422.0,6.1,361.0,-0.9,0.0,0.037,2571.0,0.2,3.0,0.3,0.7,0.003,1.52,0.18,6.45,17.8,7.0,0.0037,7,22,-3,3,73.3,74,-34,40,0.2,0.006345,999999.99,99999.99,99999.99,0.17,0.1,0.08,-1,2006-07-17 08:00:00
2006,198,9,2360,51,52,60,36,2.7,2.2,15.4,115.2,-0.9,1.9,0.6,2.0,-0.1,0.1,1.6,0.7,0.5,1.3,29149.0,6.0,358.0,-1.1,-0.1,0.036,1814.0,0.3,2.0,0.3,0.9,0.003,1.47,0.04,5.39,16.2,6.8,0.0045,7,22,-2,3,73.3,102,-51,52,0.3,0.006345,999999.99,99999.99,99999.99,0.19,0.1,0.07,-1,2006-07-17 09:00:00
2006,198,10,2360,51,52,60,33,3.0,2.6,-0.1,94.9,-0.2,2.6,0.0,2.4,-0.9,0.1,1.4,0.7,0.3,1.2,29164.0,6.1,358.0,-1.4,0.5,0.037,2070.0,0.2,4.0,0.3,0.8,0.002,1.5,0.32,4.44,14.7,6.7,0.0055,7,22,2,3,73.3,87,-25,62,0.8,0.006345,999999.99,99999.99,99999.99,0.17,0.12,0.08,-1,2006-07-17 10:00:00
2006,198,11,2360,51,52,59,37,3.1,2.4,17.3,114.4,-0.9,2.1,0.7,2.2,-0.1,0.1,2.0,0.8,0.6,1.7,28000.0,6.0,355.0,-1.4,0.3,0.033,2438.0,0.2,3.0,0.5,1.4,0.003,1.43,0.04,4.06,14.0,6.6,0.006,7,22,2,3,73.3,132,-45,87,0.8,0.006345,999999.99,99999.99,99999.99,0.21,0.12,0.08,-1,2006-07-17 11:00:00
2006,198,12,2360,51,52,61,37,3.3,3.2,11.4,98.3,-0.5,3.1,0.6,3.1,-0.5,0.1,0.9,0.6,0.2,0.6,28946.0,6.2,356.0,-1.9,0.1,0.031,2378.0,0.3,3.0,0.2,0.5,0.003,1.47,0.18,3.73,13.4,6.5,0.0066,10,22,2,4,73.3,85,-30,54,1.0,0.006345,999999.99,99999.99,99999.99,0.21,0.12,0.08,-1,2006-07-17 12:00:00
2006,198,13,2360,51,52,59,36,3.4,3.2,-38.9,112.4,-1.0,2.3,-2.0,1.5,-2.6,0.1,1.1,0.3,0.6,0.8,27639.0,6.6,351.0,-1.2,1.8,0.036,1084.0,0.2,2.0,0.3,0.5,0.002,1.55,0.91,3.71,13.3,6.5,0.0068,10,22,-1,4,73.3,120,-88,32,1.3,0.006345,999999.99,99999.99,99999.99,0.17,0.12,0.1,-1,2006-07-17 13:00:00
2006,198,14,2360,51,52,57,34,3.2,3.0,-43.5,132.6,-1.5,1.6,-2.1,0.9,-2.5,0.1,1.1,0.6,0.6,0.7,27888.0,6.0,347.0,-1.2,2.2,0.034,1531.0,0.5,3.0,0.5,0.3,0.005,1.37,0.87,3.81,13.3,6.4,0.0067,10,22,-4,4,73.3,147,-133,14,1.8,0.006345,999999.99,99999.99,99999.99,0.19,0.1,0.09,-1,2006-07-17 14:00:00
2006,198,15,2360,51,52,61,38,3.2,3.1,-36.9,157.7,-2.3,0.9,-1.8,0.4,-2.0,0.1,0.9,0.4,0.7,0.5,30045.0,6.3,343.0,-0.3,2.2,0.03,2095.0,0.5,2.0,1.3,0.4,0.002,1.39,0.69,4.05,13.5,6.3,0.0066,7,22,-5,3,73.3,141,-126,15,1.7,0.006345,999999.99,99999.99,99999.99,0.17,0.12,0.09,-1,2006-07-17 15:00:00
2006,198,16,2360,51,52,59,36,2.9,2.3,-40.6,135.2,-1.2,1.2,-1.5,0.9,-1.7,0.2,1.8,1.0,0.9,1.1,31557.0,6.8,346.0,-0.6,1.9,0.028,2352.0,0.2,3.0,0.7,0.7,0.002,1.51,0.59,5.38,15.6,6.5,0.0049,7,22,-6,3,73.3,145,-118,27,1.8,0.006345,999999.99,99999.99,99999.99,0.17,0.1,0.08,-1,2006-07-17 16:00:00
2006,198,17,2360,51,52,61,37,2.6,1.9,-53.4,161.3,-1.1,0.4,-1.6,0.2,-1.6,0.3,1.7,1.4,0.6,0.7,33121.0,6.8,345.0,-0.4,2.0,0.028,3200.0,0.3,5.0,0.4,0.5,0.002,1.5,0.55,6.76,17.3,6.6,0.004,7,22,-5,3,73.3,68,-40,28,1.2,0.006345,999999.99,99999.99,99999.99,0.2,0.13,0.09,-1,2006-07-17 17:00:00
2006,198,18,2360,51,52,59,36,3.3,2.8,-3.6,178.4,-2.8,0.1,-0.2,0.1,-0.2,0.2,1.7,0.5,0.8,1.4,30073.0,6.4,340.0,-0.2,1.3,0.029,1683.0,0.2,2.0,0.2,0.3,0.002,1.38,0.07,3.87,13.0,6.3,0.007,10,22,-5,4,73.3,62,-24,38,1.2,0.006345,999999.99,99999.99,99999.99,0.19,0.1,0.07,-1,2006-07-17 18:00:00
2006,198,19,2360,51,52,59,37,3.3,2.9,-9.0,132.7,-1.9,2.1,-0.4,2.1,-0.5,0.2,1.6,0.5,0.7,1.3,27656.0,6.6,339.0,-0.7,0.9,0.026,2641.0,0.4,2.0,0.3,0.4,0.002,1.4,0.17,3.93,13.2,6.3,0.0068,10,22,-5,4,73.3,61,-29,33,0.5,0.006345,999999.99,99999.99,99999.99,0.24,0.12,0.08,-1,2006-07-17 19:00:00
2006,198,20,2360,51,52,59,36,3.5,3.4,11.6,140.3,-2.5,2.1,0.7,2.1,0.7,0.3,0.9,0.4,0.3,0.8,28592.0,6.7,335.0,-1.4,0.3,0.027,1355.0,0.2,1.0,0.2,0.3,0.002,1.39,-0.23,3.57,12.4,6.1,0.0078,10,22,-5,4,73.3,57,-26,31,0.7,0.006345,999999.99,99999.99,99999.99,0.2,0.11,0.08,-1,2006-07-17 20:00:00
2006,198,21,2360,51,52,60,36,3.0,2.8,39.7,141.3,-1.7,1.3,1.8,1.3,1.8,0.2,1.1,0.5,0.7,0.6,30561.0,6.7,335.0,-1.2,-0.1,0.026,1395.0,0.2,1.0,1.1,0.3,0.002,1.39,-0.6,4.92,14.5,6.3,0.0057,0,22,-3,0,73.3,34,-19,15,0.3,0.006345,999999.99,99999.99,99999.99,0.18,0.1,0.07,-1,2006-07-17 21:00:00
2006,198,22,2360,51,52,62,38,3.1,2.2,21.7,55.0,1.2,1.7,0.8,1.7,0.8,0.1,2.1,1.5,1.3,0.6,27377.0,5.9,337.0,-1.1,0.1,0.026,2391.0,0.2,4.0,0.5,0.4,0.001,1.24,-0.27,3.98,13.2,6.3,0.0068,0,22,-4,0,73.3,28,-17,11,0.2,0.006345,999999.99,99999.99,99999.99,0.22,0.13,0.09,-1,2006-07-17 22:00:00
2006,198,23,2360,51,52,60,37,2.8,2.7,32.9,49.6,1.5,1.7,1.5,1.7,1.5,0.3,0.7,0.4,0.5,0.4,28869.0,5.8,337.0,-1.3,-0.4,0.024,3212.0,0.4,1.0,0.3,0.2,0.003,1.21,-0.51,4.84,14.5,6.4,0.0057,0,22,-4,0,73.3,18,-7,11,-0.0,0.006345,999999.99,99999.99,99999.99,0.23,0.14,0.11,-1,2006-07-17 23:00:00
2006,199,0,2360,51,52,57,35,2.9,2.9,31.9,59.3,1.2,2.1,1.5,2.1,1.5,0.3,0.7,0.5,0.3,0.4,29358.0,5.8,331.0,-0.7,0.2,0.021,3230.0,0.4,3.0,0.6,0.4,0.002,1.15,-0.5,4.53,13.7,6.2,0.0063,3,22,-4,2,73.6,21,-9,12,-0.0,0.006371,999999.99,99999.99,99999.99,0.19,0.11,0.09,-1,2006-07-18 00:00:00
2006,199,1,2360,51,52,59,35,2.9,0.7,-63.7,208.5,-0.3,-0.2,-0.7,-0.2,-0.7,0.3,2.8,1.7,1.8,1.2,30335.0,5.8,329.0,-0.2,0.7,0.026,3334.0,0.2,4.0,0.9,0.9,0.005,1.16,0.23,4.55,13.7,6.2,0.0064,3,22,-6,2,73.6,32,-15,17,-0.1,0.006371,999999.99,99999.99,99999.99,0.15,0.09,0.07,-1,2006-07-18 01:00:00
2006,199,2,2360,51,52,60,37,3.1,2.8,-43.7,232.7,-1.2,-1.6,-2.0,-1.7,-1.9,0.3,1.1,0.8,0.6,0.6,32777.0,5.8,326.0,0.7,1.2,0.026,1576.0,0.3,2.0,0.2,0.2,0.003,1.14,0.62,4.05,12.7,6.0,0.0074,3,22,-7,2,73.6,69,-31,39,-0.1,0.006371,999999.99,99999.99,99999.99,0.18,0.1,0.08,-1,2006-07-18 02:00:00
2006,199,3,2360,51,52,60,36,2.8,1.8,-30.0,226.6,-1.1,-1.1,-0.9,-1.2,-0.8,0.4,2.2,0.8,1.7,1.1,35860.0,6.2,324.0,0.7,1.6,0.023,2767.0,0.3,2.0,0.6,0.6,0.004,1.19,0.26,5.4,14.4,6.1,0.0057,7,22,-7,3,73.6,99,-35,64,-0.0,0.006371,999999.99,99999.99,99999.99,0.23,0.12,0.08,-1,2006-07-18 03:00:00
2006,199,4,2360,51,52,58,36,2.7,2.2,29.9,140.5,-1.5,1.2,1.1,1.4,0.9,0.2,1.6,1.0,1.1,0.4,35428.0,6.5,324.0,0.2,0.9,0.022,2013.0,0.4,4.0,0.2,0.3,0.001,1.24,-0.29,6.08,15.3,6.1,0.0051,7,22,-4,3,73.6,84,-30,54,0.3,0.006371,999999.99,99999.99,99999.99,0.18,0.11,0.08,-1,2006-07-18 04:00:00
2006,199,5,2360,51,52,62,38,3.0,2.7,28.9,188.7,-2.4,-0.4,1.3,-0.1,1.4,0.3,1.2,0.8,0.7,0.5,35860.0,6.0,321.0,-0.1,0.4,0.02,2241.0,0.1,1.0,0.4,0.4,0.002,1.12,-0.45,4.55,13.1,5.9,0.0069,7,22,-1,3,73.6,47,-22,24,-0.2,0.006371,999999.99,99999.99,99999.99,0.19,0.11,0.09,-1,2006-07-18 05:00:00
2006,199,6,2360,51,52,58,35,2.4,2.4,7.1,185.4,-2.3,-0.2,0.3,-0.1,0.3,0.2,0.6,0.3,0.4,0.2,38833.0,6.1,319.0,0.1,0.5,0.023,2951.0,0.1,2.0,0.2,0.2,0.002,1.13,-0.1,7.37,16.4,6.1,0.0044,0,22,1,0,73.6,31,-20,12,-0.4,0.006371,999999.99,99999.99,99999.99,0.15,0.1,0.08,-1,2006-07-18 06:00:00
2006,199,7,2360,51,52,61,37,2.3,2.2,-18.6,199.1,-2.0,-0.7,-0.7,-0.9,-0.5,0.6,0.9,0.5,0.6,0.4,36106.0,6.2,322.0,0.4,0.9,0.021,3737.0,0.2,2.0,0.3,0.2,0.002,1.16,0.16,8.02,17.4,6.2,0.0039,0,22,0,0,73.6,29,-15,14,-0.2,0.006371,999999.99,99999.99,99999.99,0.21,0.12,0.09,-1,2006-07-18 07:00:00
2006,199,8,2360,51,52,59,37,2.9,2.8,-11.0,184.5,-2.7,-0.2,-0.5,-0.4,-0.4,0.2,0.6,0.4,0.3,0.4,33123.0,6.2,321.0,0.1,0.7,0.022,2826.0,0.2,2.0,0.2,0.3,0.002,1.16,0.13,4.95,13.8,6.0,0.0063,0,22,0,0,73.6,63,-26,36,-0.3,0.006371,999999.99,99999.99,99999.99,0.19,0.11,0.09,-1,2006-07-18 08:00:00
2006,199,9,2360,51,52,61,37,3.0,2.2,-11.5,143.9,-1.8,1.3,-0.4,1.1,-0.8,0.2,2.1,1.2,1.5,0.7,33158.0,6.0,321.0,-0.2,0.8,0.019,2817.0,0.2,3.0,0.3,0.4,0.003,1.11,0.26,4.48,13.1,5.9,0.0069,7,22,0,3,73.6,133,-76,57,-0.1,0.006371,999999.99,99999.99,99999.99,0.21,0.11,0.09,-1,2006-07-18 09:00:00
2006,199,10,2360,51,52,55,29,2.8,2.6,-34.7,157.3,-2.0,0.8,-1.5,0.2,-1.7,0.3,0.9,0.4,0.7,0.4,35350.0,6.4,318.0,0.3,1.4,0.019,1146.0,0.2,3.0,0.3,0.4,0.001,1.16,0.54,5.56,14.4,6.0,0.0058,7,22,1,3,73.6,153,-70,82,0.8,0.006371,999999.99,99999.99,99999.99,0.19,0.12,0.09,-1,2006-07-18 10:00:00
2006,199,11,2360,51,52,62,39,2.0,0.7,2.9,77.8,0.1,0.6,0.0,0.6,-0.2,0.5,1.9,1.4,0.8,1.0,37535.0,6.1,320.0,0.5,1.0,0.019,5434.0,0.2,6.0,0.9,1.3,0.002,1.12,0.06,10.52,19.8,6.2,0.003,7,22,1,3,73.6,133,-73,60,0.2,0.006371,999999.99,99999.99,99999.99,0.17,0.1,0.07,-1,2006-07-18 11:00:00
2006,199,12,2360,51,52,62,38,1.6,1.0,51.1,150.1,-0.5,0.3,0.8,0.6,0.6,0.5,1.3,0.5,0.7,1.0,38343.0,6.3,317.0,0.8,-0.4,0.018,3049.0,0.3,2.0,0.6,0.7,0.002,1.13,-0.19,17.07,24.9,6.3,0.0019,3,22,3,2,73.6,86,-38,48,0.5,0.006371,999999.99,99999.99,99999.99,0.18,0.1,0.08,-1,2006-07-18 12:00:00
2006,199,13,2360,51,52,60,37,2.5,2.4,4.2,88.3,0.1,2.4,0.2,2.3,-0.6,0.2,0.7,0.5,0.2,0.4,28052.0,6.2,319.0,-1.7,-1.1,0.021,5198.0,0.3,2.0,0.5,0.4,0.004,1.14,0.19,6.45,15.9,6.2,0.0047,3,22,1,2,73.6,73,-33,40,0.4,0.006371,999999.99,99999.99,99999.99,0.2,0.12,0.08,-1,2006-07-18 13:00:00
2006,199,14,2360,51,52,59,35,3.1,3.0,-19.5,80.1,0.5,2.8,-1.0,2.4,-1.8,0.2,0.9,0.3,0.2,0.8,18532.0,6.4,319.0,-1.6,-0.4,0.011,2235.0,0.1,2.0,0.2,0.8,0.002,1.14,0.57,4.07,13.0,6.1,0.007,3,22,-1,2,73.6,64,-24,40,0.8,0.006371,999999.99,99999.99,99999.99,0.16,0.1,0.07,-1,2006-07-18 14:00:00
2006,199,15,2360,51,52,60,37,3.1,3.0,-30.6,85.8,0.2,2.6,-1.5,2.1,-2.1,0.2,0.8,0.6,0.2,0.4,18299.0,6.5,317.0,-1.8,0.1,0.012,2910.0,0.2,2.0,0.3,0.4,0.003,1.14,0.67,4.13,13.0,6.1,0.007,7,22,-3,3,73.6,76,-47,29,1.2,0.006371,999999.99,99999.99,99999.99,0.2,0.14,0.1,-1,2006-07-18 15:00:00
2006,199,16,2360,51,52,63,39,3.2,2.8,-7.1,14.2,2.7,0.7,-0.3,0.6,-0.4,0.4,1.6,1.1,0.9,0.8,29037.0,8.4,326.0,-0.7,-1.5,0.022,3340.0,0.7,3.0,0.6,1.0,0.003,1.62,0.13,5.37,14.8,6.2,0.0055,7,22,0,3,73.6,90,-56,34,0.7,0.006371,999999.99,99999.99,99999.99,0.16,0.1,0.08,-1,2006-07-18 16:00:00
2006,199,17,2360,51,52,56,34,3.4,2.4,29.9,61.6,1.0,1.8,1.2,2.0,0.9,0.1,2.3,1.6,1.5,0.8,29347.0,8.9,322.0,-1.3,-3.2,0.022,2921.0,0.4,5.0,1.2,0.6,0.003,1.68,-0.29,5.05,14.1,6.1,0.006,7,22,3,3,73.6,132,-116,16,0.2,0.006371,999999.99,99999.99,99999.99,0.19,0.08,0.06,-1,2006-07-18 17:00:00
2006,199,18,2360,51,52,58,34,3.6,2.9,-16.5,160.7,-2.6,0.9,-0.8,0.8,-0.9,0.2,2.0,0.6,1.4,1.4,32237.0,8.5,307.0,-0.4,-1.0,0.021,3891.0,0.5,2.0,1.5,1.3,0.004,1.45,0.28,4.38,12.4,5.7,0.0077,7,22,3,3,73.6,59,-32,27,0.6,0.006371,999999.99,99999.99,99999.99,0.19,0.12,0.09,-1,2006-07-18 18:00:00
2006,199,19,2360,51,52,56,33,3.6,3.4,-1.0,154.9,-3.1,1.4,-0.1,1.4,-0.2,0.1,1.1,0.3,0.4,0.9,30505.0,7.4,298.0,-1.4,-2.5,0.023,2606.0,0.5,2.0,0.5,1.2,0.003,1.2,0.06,3.77,11.3,5.5,0.0094,7,22,2,3,73.6,45,-19,26,0.7,0.006371,999999.99,99999.99,99999.99,0.2,0.12,0.09,-1,2006-07-18 19:00:00
2006,199,20,2360,51,52,63,39,3.6,3.4,10.4,130.6,-2.2,2.5,0.6,2.5,0.5,0.1,1.1,0.4,0.2,1.0,24835.0,7.3,303.0,-3.1,-3.3,0.021,1496.0,0.3,2.0,0.4,1.1,0.002,1.21,-0.15,3.59,11.4,5.6,0.0092,7,22,5,3,73.6,45,-22,24,0.5,0.006371,999999.99,99999.99,99999.99,0.22,0.1,0.08,-1,2006-07-18 20:00:00
2006,199,21,2360,51,52,61,37,3.5,3.3,43.5,117.7,-1.1,2.1,2.3,2.1,2.3,0.1,0.9,0.4,0.3,0.7,22941.0,7.9,307.0,-2.6,-4.8,0.02,1303.0,0.3,2.0,0.3,0.6,0.002,1.34,-0.71,4.06,12.3,5.8,0.0078,3,22,5,2,73.6,40,-23,17,0.3,0.006371,999999.99,99999.99,99999.99,0.17,0.1,0.07,-1,2006-07-18 21:00:00
2006,199,22,2360,51,52,59,36,3.2,2.7,21.5,110.1,-0.9,2.4,1.0,2.4,1.0,0.2,1.7,0.3,0.9,1.4,19935.0,8.7,305.0,-3.1,-3.1,0.014,2698.0,0.5,2.0,0.4,1.0,0.004,1.43,-0.3,5.24,14.1,6.0,0.006,3,22,4,2,73.6,38,-20,19,0.6,0.006371,999999.99,99999.99,99999.99,0.21,0.12,0.08,-1,2006-07-18 22:00:00
2006,199,23,2360,51,52,59,37,3.7,3.5,45.5,119.3,-1.2,2.1,2.5,2.1,2.5,0.2,1.3,0.7,0.9,0.8,14889.0,8.4,302.0,-3.0,-2.7,0.006,1624.0,0.5,2.0,0.6,0.5,0.001,1.31,-0.76,3.66,11.8,5.8,0.0085,3,22,2,2,73.6,25,-12,14,0.1,0.006371,999999.99,99999.99,99999.99,0.18,0.1,0.08,-1,2006-07-18 23:00:00
2006,200,0,2360,51,52,62,36,4.0,3.8,6.8,121.8,-2.0,3.2,0.5,3.2,0.4,0.1,1.2,0.9,0.3,0.8,15190.0,8.8,301.0,-3.3,-2.3,0.007,1367.0,0.5,2.0,0.9,0.3,0.002,1.37,-0.12,3.28,11.2,5.7,0.0095,7,24,-1,3,73.4,36,-18,18,0.2,0.006361,999999.99,99999.99,99999.99,0.17,0.1,0.07,-1,2006-07-19 00:00:00
2006,200,1,2360,51,52,57,33,4.0,3.9,-10.2,94.7,-0.3,3.8,-0.7,3.8,-0.9,0.1,0.8,0.6,0.2,0.6,17122.0,9.6,302.0,-3.9,-2.2,0.008,1923.0,0.4,3.0,0.2,0.2,0.002,1.51,0.27,3.63,11.7,5.8,0.0087,7,24,-2,3,73.4,63,-38,25,0.3,0.006361,999999.99,99999.99,99999.99,0.2,0.12,0.08,-1,2006-07-19 01:00:00
2006,200,2,2360,51,52,60,37,3.8,3.6,-37.7,117.0,-1.3,2.5,-2.2,2.3,-2.4,0.2,1.2,0.5,0.7,0.8,14889.0,8.9,297.0,-3.6,-1.9,0.006,1417.0,0.4,1.0,0.4,0.3,0.001,1.34,0.71,3.67,11.7,5.7,0.0088,7,24,-2,3,73.4,91,-49,42,0.5,0.006361,999999.99,99999.99,99999.99,0.18,0.1,0.07,-1,2006-07-19 02:00:00
2006,200,3,2360,51,52,59,35,3.0,2.9,-29.8,112.6,-1.0,2.3,-1.5,2.1,-1.8,0.2,0.6,0.3,0.3,0.4,12937.0,8.6,295.0,-3.2,-2.5,0.006,1632.0,0.5,1.0,0.6,0.4,0.001,1.28,0.53,5.62,14.4,6.0,0.0057,10,24,-1,4,73.4,147,-84,63,0.9,0.006361,999999.99,99999.99,99999.99,0.18,0.11,0.08,-1,2006-07-19 03:00:00
2006,200,4,2360,51,52,59,36,2.7,2.4,0.4,120.4,-1.2,2.1,0.0,2.1,-0.4,0.1,1.1,0.3,0.2,1.0,11650.0,8.1,292.0,-2.9,-3.4,0.005,889.0,0.5,1.0,0.2,0.6,0.001,1.18,0.12,6.47,15.4,6.0,0.005,10,24,1,4,73.4,75,-29,46,0.4,0.006361,999999.99,99999.99,99999.99,0.19,0.11,0.09,-1,2006-07-19 04:00:00
2006,200,5,2360,51,52,60,36,2.5,2.4,-2.0,125.7,-1.4,1.9,-0.1,1.8,-0.5,0.1,0.6,0.2,0.3,0.5,11205.0,7.4,290.0,-2.6,-3.1,0.005,507.0,0.3,1.0,0.3,0.2,0.0,1.06,0.14,6.87,15.8,6.0,0.0048,10,24,0,4,73.4,43,-14,29,0.2,0.006361,999999.99,99999.99,99999.99,0.18,0.11,0.07,-1,2006-07-19 05:00:00
2006,200,6,2360,51,52,59,37,1.9,1.6,23.2,128.6,-0.9,1.2,0.6,1.3,0.3,0.1,1.0,0.3,0.3,0.9,10394.0,7.2,289.0,-2.2,-3.2,0.005,569.0,0.3,2.0,0.8,0.5,0.001,1.02,-0.09,11.51,20.4,6.2,0.0029,3,24,1,2,73.4,37,-16,21,-0.1,0.006361,999999.99,99999.99,99999.99,0.2,0.1,0.08,-1,2006-07-19 06:00:00
2006,200,7,2360,51,52,59,36,2.0,1.9,50.5,126.6,-0.7,1.0,1.5,1.4,1.1,0.1,0.3,0.1,0.2,0.2,8950.0,7.4,287.0,-2.6,-2.8,0.006,489.0,0.3,1.0,0.1,0.2,0.001,1.04,-0.32,10.57,19.5,6.1,0.0031,3,24,2,2,73.4,32,-15,17,-0.4,0.006361,999999.99,99999.99,99999.99,0.17,0.1,0.08,-1,2006-07-19 07:00:00
2006,200,8,2360,51,52,60,35,2.1,2.1,41.6,125.4,-0.9,1.3,1.4,1.7,0.9,0.1,0.3,0.1,0.3,0.2,9475.0,6.6,286.0,-2.6,-2.4,0.005,1104.0,0.5,1.0,0.2,0.3,0.0,0.92,-0.26,8.58,17.5,6.0,0.0039,3,24,2,2,73.4,29,-13,16,-0.2,0.006361,999999.99,99999.99,99999.99,0.22,0.14,0.1,-1,2006-07-19 08:00:00
2006,200,9,2360,51,52,60,38,2.2,2.2,22.9,112.0,-0.8,1.9,0.9,2.1,0.2,0.1,0.3,0.2,0.1,0.2,8688.0,6.6,285.0,-2.2,-2.4,0.005,485.0,0.4,0.0,0.8,0.2,0.001,0.91,-0.06,7.77,16.6,6.0,0.0043,0,24,3,0,73.4,35,-18,17,0.0,0.006361,999999.99,99999.99,99999.99,0.18,0.12,0.09,-1,2006-07-19 09:00:00
2006,200,10,2360,51,52,60,37,2.2,2.2,17.0,110.3,-0.7,2.0,0.6,2.1,-0.2,0.1,0.2,0.2,0.1,0.1,8506.0,7.3,286.0,-1.9,-2.5,0.004,379.0,0.3,0.0,0.1,0.1,0.0,1.01,0.06,8.59,17.6,6.1,0.0039,0,24,4,0,73.4,38,-18,20,0.3,0.006361,999999.99,99999.99,99999.99,0.16,0.09,0.07,-1,2006-07-19 10:00:00
2006,200,11,2360,51,52,61,37,2.0,1.3,22.5,178.8,-1.2,0.0,0.5,0.2,0.5,0.2,1.6,0.2,1.5,0.4,9851.0,7.7,288.0,-1.7,-2.5,0.003,948.0,0.3,1.0,0.3,0.3,0.001,1.08,-0.14,11.07,20.0,6.2,0.003,0,24,3,0,73.4,35,-17,18,0.4,0.006361,999999.99,99999.99,99999.99,0.17,0.11,0.09,-1,2006-07-19 11:00:00
2006,200,12,2360,51,52,60,37,1.9,1.9,26.3,197.4,-1.6,-0.5,0.8,-0.2,0.9,0.1,0.3,0.1,0.3,0.1,8769.0,8.2,287.0,-1.2,-2.0,0.003,284.0,0.2,1.0,0.4,0.1,0.0,1.14,-0.26,12.96,21.6,6.2,0.0025,0,24,2,0,73.4,38,-18,20,-0.0,0.006361,999999.99,99999.99,99999.99,0.22,0.12,0.09,-1,2006-07-19 12:00:00
2006,200,13,2360,51,52,60,36,1.7,1.7,30.7,165.9,-1.4,0.4,0.9,0.7,0.7,0.1,0.4,0.1,0.3,0.1,9237.0,8.3,288.0,-1.3,-2.0,0.003,439.0,0.2,1.0,0.3,0.1,0.0,1.16,-0.2,16.44,24.4,6.3,0.002,0,24,2,0,73.4,39,-22,17,0.1,0.006361,999999.99,99999.99,99999.99,0.21,0.13,0.1,-1,2006-07-19 13:00:00
2006,200,14,2360,51,52,60,36,2.0,2.0,30.0,139.3,-1.3,1.1,1.0,1.4,0.6,0.1,0.2,0.1,0.2,0.1,9342.0,8.8,287.0,-1.1,-2.1,0.003,673.0,0.6,1.0,0.1,0.4,0.0,1.23,-0.17,12.6,21.3,6.2,0.0026,0,24,4,0,73.4,44,-24,19,0.3,0.006361,999999.99,99999.99,99999.99,0.2,0.1,0.08,-1,2006-07-19 14:00:00
2006,200,15,2360,51,52,59,36,2.4,2.3,25.4,134.0,-1.5,1.5,1.0,1.7,0.6,0.1,0.6,0.2,0.2,0.5,10358.0,8.6,285.0,-1.3,-2.2,0.003,495.0,0.2,1.0,0.2,0.2,0.0,1.18,-0.17,8.62,17.4,6.0,0.0039,0,24,4,0,73.4,38,-21,17,0.2,0.006361,999999.99,99999.99,99999.99,0.19,0.12,0.09,-1,2006-07-19 15:00:00
2006,200,16,2360,51,52,60,37,2.5,2.5,25.7,131.5,-1.5,1.7,1.1,1.9,0.7,0.1,0.3,0.2,0.2,0.2,9992.0,8.9,286.0,-1.6,-2.3,0.003,400.0,0.2,1.0,0.1,0.3,0.0,1.23,-0.2,8.2,17.1,6.0,0.0041,0,24,4,0,73.4,31,-11,20,0.1,0.006361,999999.99,99999.99,99999.99,0.2,0.13,0.09,-1,2006-07-19 16:00:00
2006,200,17,2360,51,52,62,37,2.9,2.8,22.9,125.9,-1.5,2.1,1.1,2.2,0.7,0.2,0.4,0.2,0.2,0.3,10904.0,9.7,286.0,-1.8,-2.8,0.003,799.0,0.9,2.0,0.2,0.2,0.0,1.34,-0.2,6.68,15.4,5.9,0.005,0,24,6,0,73.4,29,-10,19,0.0,0.006361,999999.99,99999.99,99999.99,0.22,0.11,0.08,-1,2006-07-19 17:00:00
2006,200,18,2360,51,52,61,18,2.3,2.2,2.4,118.5,-1.0,1.9,0.1,1.9,-0.1,0.3,0.8,0.1,0.4,0.7,12971.0,12.4,291.0,-1.1,-2.7,0.003,569.0,0.5,1.0,0.2,0.2,0.0,1.77,0.03,13.78,22.3,6.2,0.0024,3,24,9,2,73.4,44,-18,26,0.2,0.006361,999999.99,99999.99,99999.99,0.17,0.11,0.09,-1,2006-07-19 18:00:00
2006,200,19,2360,51,52,60,35,2.5,2.2,4.2,117.4,-1.0,2.0,0.2,2.0,0.1,0.2,1.0,0.2,0.5,0.9,11926.0,13.4,292.0,-1.3,-3.3,0.003,462.0,0.4,1.0,0.9,0.4,0.0,1.93,-0.03,12.51,21.4,6.2,0.0026,3,24,10,2,73.4,56,-28,28,0.5,0.006361,999999.99,99999.99,99999.99,0.17,0.1,0.07,-1,2006-07-19 19:00:00
2006,200,20,2360,51,52,60,36,2.4,2.0,28.9,124.1,-1.0,1.5,1.0,1.5,0.9,0.3,1.2,0.3,0.8,0.8,12558.0,13.8,293.0,-1.0,-4.0,0.002,799.0,0.6,1.0,0.6,0.4,0.0,1.99,-0.26,14.05,22.7,6.3,0.0023,3,24,10,2,73.4,48,-29,19,0.2,0.006361,999999.99,99999.99,99999.99,0.21,0.11,0.07,-1,2006-07-19 20:00:00
2006,200,21,2360,51,52,62,38,2.9,2.7,9.8,111.4,-1.0,2.5,0.5,2.5,0.5,0.5,1.1,0.7,0.3,0.8,12572.0,11.7,296.0,-1.7,-3.4,0.002,1080.0,1.6,3.0,0.7,1.1,0.0,1.73,-0.15,8.16,17.5,6.2,0.0039,7,24,7,3,73.4,44,-28,17,0.3,0.006361,999999.99,99999.99,99999.99,0.18,0.11,0.08,-1,2006-07-19 21:00:00
2006,200,22,2360,51,52,61,37,2.7,1.9,25.5,118.2,-0.8,1.5,0.8,1.5,0.8,0.4,2.0,0.5,1.5,1.2,15420.0,11.5,300.0,-2.5,-2.7,0.002,1513.0,1.0,1.0,0.5,0.3,0.0,1.74,-0.24,9.44,18.8,6.2,0.0034,7,24,6,3,73.4,40,-23,17,0.4,0.006361,999999.99,99999.99,99999.99,0.18,0.12,0.09,-1,2006-07-19 22:00:00
2006,200,23,2360,51,52,62,38,3.6,1.9,56.6,133.9,-0.7,0.8,1.6,0.8,1.6,0.4,3.0,0.8,2.7,1.1,16010.0,10.7,303.0,-1.4,-2.8,0.003,1964.0,1.0,2.0,0.5,0.4,0.0,1.66,-0.48,4.96,13.8,6.0,0.0063,7,24,4,3,73.4,34,-19,15,0.1,0.006361,999999.99,99999.99,99999.99,0.18,0.1,0.06,-1,2006-07-19 23:00:00
2006,201,0,2360,51,52,61,37,4.0,3.9,2.3,89.2,0.1,3.9,0.2,3.9,0.1,0.2,0.9,0.5,0.2,0.8,15609.0,13.7,311.0,-0.8,-2.6,0.004,1929.0,0.6,1.0,0.5,0.5,0.001,2.25,-0.03,5.13,14.4,6.2,0.0057,3,15,7,2,74.5,46,-25,21,0.3,0.006391,999999.99,99999.99,99999.99,0.22,0.13,0.1,-1,2006-07-20 00:00:00
2006,201,1,2360,51,52,60,36,4.0,3.7,16.7,93.4,-0.2,3.6,1.1,3.7,0.9,0.4,1.5,0.7,0.6,1.2,20026.0,15.2,312.0,-1.2,-3.0,0.004,1559.0,0.6,1.0,0.8,0.5,0.001,2.51,-0.28,5.86,15.2,6.2,0.0051,3,15,11,2,74.5,53,-26,26,0.5,0.006391,999999.99,99999.99,99999.99,0.18,0.1,0.08,-1,2006-07-20 01:00:00
2006,201,2,2360,51,52,61,37,4.5,4.4,18.0,107.3,-1.2,4.0,1.4,4.1,1.0,0.3,0.9,0.3,0.6,0.7,20840.0,13.9,316.0,-0.7,-3.0,0.003,1242.0,1.1,1.0,0.5,0.4,0.001,2.35,-0.32,4.26,13.1,6.1,0.0069,3,15,13,2,74.5,56,-26,30,0.3,0.006391,999999.99,99999.99,99999.99,0.19,0.09,0.07,-1,2006-07-20 02:00:00
2006,201,3,2360,51,52,59,36,5.4,5.4,6.1,111.0,-1.9,5.0,0.6,5.0,-0.1,0.6,0.8,0.4,0.5,0.4,19353.0,11.6,315.0,-0.2,-3.1,0.007,921.0,1.5,2.0,0.2,0.2,0.001,1.98,0.03,2.44,9.9,5.6,0.0121,10,15,10,4,74.5,74,-30,44,0.3,0.006391,999999.99,99999.99,99999.99,0.19,0.11,0.09,-1,2006-07-20 03:00:00
2006,201,4,2360,51,52,60,37,3.8,3.5,14.1,115.3,-1.5,3.1,0.9,3.2,0.3,0.8,1.6,1.0,0.9,0.9,15736.0,16.8,310.0,-1.2,-3.4,0.003,1464.0,2.3,2.0,0.5,0.4,0.001,2.73,-0.09,6.97,16.7,6.3,0.0043,10,15,12,4,74.5,65,-24,41,0.4,0.006391,999999.99,99999.99,99999.99,0.19,0.1,0.07,-1,2006-07-20 04:00:00
2006,201,5,2360,51,52,58,34,3.3,3.2,9.0,120.1,-1.6,2.7,0.5,2.7,-0.1,0.2,0.6,0.4,0.3,0.3,14479.0,17.8,305.0,-1.8,-3.2,0.003,486.0,0.7,3.0,0.3,0.3,0.0,2.8,0.03,9.71,19.5,6.4,0.0031,10,15,12,4,74.5,68,-24,45,0.2,0.006391,999999.99,99999.99,99999.99,0.15,0.09,0.07,-1,2006-07-20 05:00:00
2006,201,6,2360,51,52,58,36,3.8,3.3,6.9,106.0,-0.9,3.2,0.4,3.2,-0.5,0.4,1.9,1.6,0.6,0.7,16241.0,15.5,300.0,-1.5,-3.1,0.003,1080.0,1.4,5.0,0.7,0.5,0.001,2.36,0.15,6.46,15.5,6.1,0.0049,3,15,11,2,74.5,70,-20,51,0.6,0.006391,999999.99,99999.99,99999.99,0.22,0.13,0.09,-1,2006-07-20 06:00:00
2006,201,7,2360,51,52,58,36,4.1,4.0,22.4,145.3,-3.1,2.1,1.5,2.5,0.8,0.2,0.8,0.5,0.6,0.2,14104.0,13.6,299.0,0.7,-2.4,0.004,1330.0,0.5,3.0,0.3,0.3,0.0,2.06,-0.24,4.79,13.4,5.9,0.0066,3,15,7,2,74.5,67,-26,40,0.5,0.006391,999999.99,99999.99,99999.99,0.16,0.09,0.08,-1,2006-07-20 07:00:00
2006,201,8,2360,51,52,61,37,4.0,3.9,24.0,128.4,-2.2,2.8,1.6,3.2,0.6,0.3,0.7,0.3,0.6,0.2,12415.0,13.7,294.0,-0.1,-2.7,0.003,743.0,1.0,2.0,0.6,0.3,0.001,2.0,-0.18,5.01,13.6,5.9,0.0064,3,15,6,2,74.5,40,-14,26,0.0,0.006391,999999.99,99999.99,99999.99,0.19,0.09,0.07,-1,2006-07-20 08:00:00
2006,201,9,2360,51,52,60,35,5.0,4.9,9.8,103.0,-1.1,4.7,0.8,4.7,-1.0,0.3,0.6,0.4,0.3,0.3,13550.0,10.7,294.0,-0.8,-2.5,0.003,899.0,1.1,1.0,0.2,0.3,0.0,1.56,0.29,2.53,9.6,5.4,0.0129,7,15,5,3,74.5,45,-16,28,0.5,0.006391,999999.99,99999.99,99999.99,0.22,0.13,0.09,-1,2006-07-20 09:00:00
2006,201,10,2360,51,52,58,36,4.9,4.9,18.5,100.5,-0.8,4.6,1.6,4.9,-0.2,0.2,0.7,0.4,0.3,0.5,14007.0,9.9,293.0,-0.6,-1.9,0.003,700.0,0.4,1.0,0.4,0.3,0.001,1.44,0.06,2.44,9.4,5.3,0.0134,7,15,6,3,74.5,94,-25,68,1.2,0.006391,999999.99,99999.99,99999.99,0.15,0.09,0.07,-1,2006-07-20 10:00:00
2006,201,11,2360,51,52,62,37,3.3,3.3,7.7,101.9,-0.7,3.2,0.4,3.1,-0.8,0.5,0.8,0.4,0.5,0.4,18647.0,13.1,292.0,-1.1,-1.9,0.003,1975.0,1.3,2.0,0.4,0.5,0.0,1.89,0.23,7.36,16.0,5.9,0.0046,7,15,10,3,74.5,127,-29,98,1.2,0.006391,999999.99,99999.99,99999.99,0.2,0.1,0.07,-1,2006-07-20 11:00:00
2006,201,12,2360,51,52,59,37,3.0,2.6,-2.4,82.7,0.3,2.6,-0.1,2.4,-1.0,0.6,1.5,0.6,0.9,1.1,17337.0,13.9,293.0,-1.3,-1.9,0.005,2454.0,1.0,1.0,0.5,0.6,0.002,2.03,0.29,9.36,18.2,6.0,0.0036,7,15,10,3,74.5,111,-26,85,1.2,0.006391,999999.99,99999.99,99999.99,0.18,0.11,0.09,-1,2006-07-20 12:00:00
2006,201,13,2360,51,52,60,34,3.7,2.5,14.9,88.0,0.1,2.4,0.6,2.5,-0.3,0.8,2.9,1.0,2.6,0.6,19822.0,12.4,294.0,-1.7,-1.7,0.006,3849.0,1.5,2.0,0.9,0.3,0.001,1.83,0.09,5.58,14.0,5.8,0.0061,7,15,8,3,74.5,108,-41,67,1.0,0.006391,999999.99,99999.99,99999.99,0.21,0.12,0.09,-1,2006-07-20 13:00:00
2006,201,14,2360,51,52,59,36,2.6,1.3,-22.8,55.0,0.7,1.0,-0.5,0.8,-0.8,1.1,2.5,0.7,2.4,0.5,20098.0,13.6,291.0,-0.7,-2.3,0.006,3077.0,1.2,2.0,0.8,0.3,0.001,1.97,0.23,12.43,20.6,6.0,0.0028,7,15,6,3,74.5,94,-33,61,1.3,0.006391,999999.99,99999.99,99999.99,0.17,0.11,0.09,-1,2006-07-20 14:00:00
2006,201,15,2360,51,52,62,38,3.1,3.0,-20.8,36.1,2.3,1.7,-1.1,1.3,-1.5,0.7,1.0,0.6,0.7,0.4,20638.0,12.4,294.0,-0.5,-1.9,0.008,4003.0,1.2,2.0,0.3,0.5,0.002,1.85,0.44,8.0,16.7,5.9,0.0043,3,15,4,2,74.5,84,-54,31,1.2,0.006391,999999.99,99999.99,99999.99,0.17,0.11,0.08,-1,2006-07-20 15:00:00
2006,201,16,2360,51,52,61,37,2.9,2.3,33.2,63.8,0.8,1.7,1.2,1.9,0.8,0.5,1.9,1.4,0.9,1.1,28856.0,10.3,298.0,-0.5,-1.1,0.015,3394.0,0.6,2.0,0.3,0.6,0.003,1.62,-0.24,8.01,16.5,5.9,0.0044,3,15,1,2,74.5,61,-37,24,0.8,0.006391,999999.99,99999.99,99999.99,0.17,0.1,0.08,-1,2006-07-20 16:00:00
2006,201,17,2360,51,52,57,34,3.2,3.1,53.1,205.5,-1.7,-0.8,2.5,-0.4,2.6,0.3,0.8,0.6,0.5,0.3,26358.0,10.2,297.0,0.4,-0.4,0.016,1141.0,0.7,3.0,0.3,0.4,0.002,1.6,-0.77,6.41,14.8,5.8,0.0054,3,15,1,2,74.5,27,-18,9,0.2,0.006391,999999.99,99999.99,99999.99,0.21,0.12,0.09,-1,2006-07-20 17:00:00
2006,201,18,2360,51,52,61,37,2.7,0.3,22.7,218.7,-0.2,-0.1,0.1,-0.1,0.1,0.7,2.8,1.9,1.8,1.0,29114.0,9.7,294.0,0.3,-0.6,0.018,2810.0,0.5,2.0,0.3,0.5,0.003,1.5,-0.03,8.72,17.0,5.8,0.0041,3,15,1,2,74.5,38,-26,13,1.0,0.006391,999999.99,99999.99,99999.99,0.15,0.08,0.07,-1,2006-07-20 18:00:00
2006,201,19,2360,51,52,61,38,2.5,1.5,-26.0,16.1,1.3,0.4,-0.7,0.3,-0.7,0.5,2.1,0.7,1.7,1.0,31841.0,9.8,297.0,0.3,-1.0,0.017,2311.0,0.5,2.0,0.3,0.3,0.001,1.54,0.21,10.45,18.6,5.9,0.0034,3,15,2,2,74.5,60,-35,25,0.6,0.006391,999999.99,99999.99,99999.99,0.18,0.11,0.09,-1,2006-07-20 19:00:00
2006,201,20,2360,51,52,59,36,3.5,2.2,40.5,325.3,1.4,-0.9,1.4,-0.8,1.4,0.4,2.7,1.2,1.4,2.0,34739.0,9.6,297.0,0.3,-1.0,0.017,2002.0,0.4,2.0,0.3,0.5,0.002,1.51,-0.42,5.32,13.1,5.6,0.0069,3,15,6,2,74.5,57,-33,23,0.5,0.006391,999999.99,99999.99,99999.99,0.22,0.1,0.08,-1,2006-07-20 20:00:00
2006,201,21,2360,51,52,61,38,3.2,3.0,-30.5,317.2,1.9,-1.8,-1.5,-1.8,-1.5,0.2,0.8,0.4,0.4,0.6,32890.0,9.4,296.0,0.0,-1.1,0.02,1014.0,0.2,1.0,0.2,0.4,0.001,1.49,0.44,6.16,14.2,5.6,0.0059,7,15,5,3,74.5,67,-34,34,0.5,0.006391,999999.99,99999.99,99999.99,0.22,0.11,0.08,-1,2006-07-20 21:00:00
2006,201,22,2360,51,52,61,37,2.7,2.5,-23.3,303.2,1.3,-1.9,-1.0,-1.9,-1.0,0.1,1.0,0.4,0.4,0.8,32550.0,8.9,298.0,0.0,-1.3,0.017,1127.0,0.2,1.0,0.2,0.3,0.002,1.41,0.3,8.17,16.5,5.8,0.0044,7,15,3,3,74.5,97,-64,34,0.4,0.006391,999999.99,99999.99,99999.99,0.17,0.1,0.08,-1,2006-07-20 22:00:00
2006,201,23,2360,51,52,60,37,2.4,2.0,14.0,281.2,0.4,-1.9,0.5,-1.9,0.5,0.3,1.4,0.8,0.8,0.7,28263.0,9.0,300.0,0.4,-1.0,0.013,2237.0,0.3,1.0,0.3,0.3,0.001,1.42,-0.15,10.18,18.8,6.0,0.0034,7,15,3,3,74.5,134,-107,27,0.3,0.006391,999999.99,99999.99,99999.99,0.2,0.12,0.09,-1,2006-07-20 23:00:00
2006,202,0,2360,51,52,58,34,2.6,2.5,-2.8,290.7,0.9,-2.3,-0.1,-2.3,0.0,0.3,0.7,0.5,0.4,0.3,26049.0,9.0,298.0,0.1,-1.1,0.011,2095.0,0.3,3.0,0.4,0.2,0.001,1.39,-0.0,8.55,17.2,5.9,0.004,7,0,3,3,75.0,65,-41,24,0.3,0.006389,999999.99,99999.99,99999.99,0.19,0.11,0.08,-1,2006-07-21 00:00:00
2006,202,1,2360,51,52,59,35,3.4,3.1,10.9,104.0,-0.7,3.0,0.6,3.0,0.4,0.3,1.3,0.5,1.1,0.4,18452.0,8.4,293.0,-0.0,0.3,0.007,2589.0,0.4,1.0,0.4,0.6,0.001,1.24,-0.12,4.44,12.5,5.7,0.0076,7,0,2,3,75.0,53,-31,22,0.3,0.006389,999999.99,99999.99,99999.99,0.18,0.11,0.07,-1,2006-07-21 01:00:00
2006,202,2,2360,51,52,62,37,4.0,3.8,8.4,113.1,-1.5,3.4,0.6,3.4,0.3,0.2,1.2,0.4,0.3,1.0,17480.0,8.0,292.0,-0.0,-0.2,0.011,2096.0,0.6,4.0,0.5,1.7,0.002,1.19,-0.09,3.03,10.3,5.4,0.0112,7,0,3,3,75.0,38,-27,11,0.3,0.006389,999999.99,99999.99,99999.99,0.19,0.12,0.1,-1,2006-07-21 02:00:00
2006,202,3,2360,51,52,58,35,4.3,4.2,8.5,104.8,-1.1,4.0,0.6,4.0,0.0,0.3,1.1,0.5,0.4,0.9,18228.0,8.1,295.0,-1.0,-2.3,0.011,1630.0,0.6,4.0,0.8,0.8,0.001,1.23,-0.0,2.67,9.8,5.4,0.0125,3,0,3,2,75.0,42,-29,13,0.4,0.006389,999999.99,99999.99,99999.99,0.22,0.13,0.09,-1,2006-07-21 03:00:00
2006,202,4,2360,51,52,61,36,4.4,4.2,6.7,112.3,-1.6,3.8,0.5,3.8,-0.2,0.3,1.4,0.7,0.7,1.0,15373.0,8.2,292.0,-0.7,-1.9,0.011,1676.0,0.6,3.0,1.6,0.3,0.003,1.22,0.06,2.53,9.5,5.3,0.0132,3,0,2,2,75.0,51,-23,27,0.7,0.006389,999999.99,99999.99,99999.99,0.22,0.13,0.1,-1,2006-07-21 04:00:00
2006,202,5,2360,51,52,59,37,3.7,3.6,18.1,117.0,-1.6,3.1,1.1,3.3,0.4,0.5,0.8,0.6,0.5,0.2,15205.0,8.9,292.0,0.6,-2.0,0.006,1343.0,0.6,1.0,0.5,0.2,0.002,1.3,-0.12,3.88,11.8,5.6,0.0086,3,0,2,2,75.0,40,-15,25,0.2,0.006389,999999.99,99999.99,99999.99,0.18,0.09,0.08,-1,2006-07-21 05:00:00
2006,202,6,2360,51,52,60,37,3.3,3.3,17.3,95.6,-0.3,3.1,1.0,3.3,0.1,0.3,0.4,0.3,0.3,0.2,16267.0,9.3,292.0,0.4,-1.4,0.003,1335.0,0.5,1.0,0.5,0.2,0.001,1.34,-0.03,5.14,13.5,5.8,0.0065,3,0,3,2,75.0,40,-16,23,0.4,0.006389,999999.99,99999.99,99999.99,0.2,0.12,0.09,-1,2006-07-21 06:00:00
2006,202,7,2360,51,52,57,34,3.5,3.2,18.8,113.2,-1.2,2.8,1.0,3.0,0.1,0.2,1.6,1.1,1.0,0.4,17619.0,8.7,289.0,0.5,-0.9,0.004,3711.0,0.7,4.0,1.1,0.3,0.002,1.23,-0.03,4.31,12.2,5.6,0.008,3,0,4,2,75.0,48,-20,28,0.6,0.006389,999999.99,99999.99,99999.99,0.21,0.12,0.09,-1,2006-07-21 07:00:00
2006,202,8,2360,51,52,62,38,3.9,3.9,33.2,158.2,-3.0,1.2,2.1,1.8,1.6,0.3,0.5,0.4,0.3,0.3,20046.0,7.0,288.0,1.0,-1.0,0.006,2042.0,0.7,4.0,0.7,0.5,0.001,0.99,-0.46,2.84,9.8,5.3,0.0125,3,0,3,2,75.0,66,-39,27,0.3,0.006389,999999.99,99999.99,99999.99,0.22,0.11,0.09,-1,2006-07-21 08:00:00
2006,202,9,2360,51,52,60,36,3.3,3.1,33.3,163.6,-2.5,0.7,1.7,1.3,1.3,0.3,1.2,0.5,0.9,0.7,20759.0,8.4,290.0,0.3,-0.4,0.005,2831.0,0.9,3.0,0.5,0.7,0.001,1.2,-0.38,4.79,12.7,5.6,0.0073,3,0,6,2,75.0,45,-24,21,-0.1,0.006389,999999.99,99999.99,99999.99,0.19,0.1,0.08,-1,2006-07-21 09:00:00
2006,202,10,2360,51,52,59,37,2.4,1.7,30.2,98.0,-0.2,1.5,0.9,1.7,0.3,0.5,1.7,1.1,1.2,0.5,19192.0,8.9,287.0,-0.3,-0.8,0.005,1642.0,1.1,1.0,0.6,0.3,0.002,1.25,-0.09,9.48,17.8,5.9,0.0037,3,0,6,2,75.0,47,-26,21,0.2,0.006389,999999.99,99999.99,99999.99,0.17,0.11,0.09,-1,2006-07-21 10:00:00
2006,202,11,2360,51,52,63,38,2.0,1.8,7.2,81.9,0.2,1.8,0.2,1.7,-0.5,0.3,0.9,0.5,0.5,0.5,18912.0,9.5,286.0,-1.1,-0.6,0.004,1217.0,0.8,4.0,0.5,0.5,0.001,1.32,0.14,14.55,22.0,6.0,0.0024,3,0,6,2,75.0,53,-22,31,0.9,0.006389,999999.99,99999.99,99999.99,0.2,0.1,0.07,-1,2006-07-21 11:00:00
2006,202,12,2360,51,52,61,36,2.5,2.0,38.8,139.6,-1.2,1.0,1.3,1.4,0.8,0.4,1.5,0.8,1.0,0.7,19259.0,9.5,292.0,-0.0,-0.1,0.005,2960.0,0.4,3.0,1.0,0.4,0.002,1.38,-0.23,9.33,18.0,6.0,0.0037,3,0,5,2,75.0,63,-18,45,0.7,0.006389,999999.99,99999.99,99999.99,0.27,0.13,0.09,-1,2006-07-21 12:00:00
2006,202,13,2360,51,52,60,37,3.0,2.8,47.8,153.6,-1.7,0.8,2.0,1.5,1.6,0.1,1.2,0.4,1.1,0.3,21347.0,9.6,297.0,0.3,0.6,0.006,1066.0,0.4,2.0,0.3,0.2,0.001,1.45,-0.48,6.64,15.3,5.9,0.0051,3,0,6,2,75.0,42,-17,25,0.2,0.006389,999999.99,99999.99,99999.99,0.18,0.12,0.08,-1,2006-07-21 13:00:00
2006,202,14,2360,51,52,60,37,2.9,2.7,22.5,132.1,-1.7,1.9,1.1,2.2,0.4,0.3,0.9,0.6,0.5,0.5,21448.0,9.1,296.0,1.2,0.8,0.009,1404.0,0.2,1.0,1.0,0.2,0.001,1.38,-0.12,6.74,15.4,5.9,0.005,3,0,6,2,75.0,47,-22,25,0.3,0.006389,999999.99,99999.99,99999.99,0.19,0.09,0.07,-1,2006-07-21 14:00:00
2006,202,15,2360,51,52,59,36,2.8,2.6,28.5,126.2,-1.3,1.8,1.2,2.1,0.7,0.4,1.2,0.6,0.7,0.8,18463.0,9.4,295.0,1.3,0.8,0.008,3087.0,0.4,2.0,0.5,0.5,0.001,1.41,-0.21,7.32,16.2,6.0,0.0046,0,0,6,0,75.0,46,-23,23,0.1,0.006389,999999.99,99999.99,99999.99,0.18,0.09,0.07,-1,2006-07-21 15:00:00
2006,202,16,2360,51,52,60,34,2.8,2.7,9.8,117.8,-1.2,2.3,0.5,2.4,0.0,0.2,1.0,0.4,0.4,0.9,17803.0,9.5,294.0,1.9,0.7,0.011,778.0,0.4,1.0,0.4,0.4,0.002,1.43,-0.0,7.37,16.2,6.0,0.0045,0,0,7,0,75.0,35,-20,15,0.0,0.006389,999999.99,99999.99,99999.99,0.21,0.14,0.1,-1,2006-07-21 16:00:00
2006,202,17,2360,51,52,59,36,2.9,2.8,14.3,111.4,-1.0,2.5,0.7,2.6,0.3,0.3,0.8,0.4,0.4,0.6,15345.0,9.2,292.0,1.3,0.0,0.009,878.0,0.5,1.0,0.4,0.2,0.001,1.36,-0.09,6.54,15.3,5.9,0.0051,0,0,5,0,75.0,38,-22,16,0.1,0.006389,999999.99,99999.99,99999.99,0.2,0.12,0.09,-1,2006-07-21 17:00:00
2006,202,18,2360,51,52,58,36,2.4,2.2,33.0,58.2,1.0,1.6,1.2,1.7,1.0,0.3,0.8,0.5,0.6,0.3,15353.0,10.6,288.0,0.7,-0.3,0.008,546.0,0.6,2.0,0.3,0.3,0.003,1.52,-0.29,11.0,19.5,6.0,0.0031,3,0,5,2,75.0,41,-20,20,-0.2,0.006389,999999.99,99999.99,99999.99,0.19,0.12,0.09,-1,2006-07-21 18:00:00
2006,202,19,2360,51,52,59,37,2.5,2.4,48.4,78.1,0.3,1.6,1.8,1.7,1.7,0.3,0.7,0.6,0.3,0.4,15529.0,10.7,287.0,0.6,-0.5,0.008,779.0,0.4,2.0,0.3,0.3,0.005,1.52,-0.49,10.25,18.8,6.0,0.0034,3,0,6,2,75.0,50,-25,25,0.2,0.006389,999999.99,99999.99,99999.99,0.18,0.1,0.07,-1,2006-07-21 19:00:00
2006,202,20,2360,51,52,60,37,2.6,2.2,40.1,93.8,-0.1,1.7,1.4,1.8,1.3,0.3,1.3,1.1,0.7,0.3,15218.0,10.7,286.0,0.4,-0.4,0.008,1739.0,0.7,2.0,0.3,0.4,0.004,1.51,-0.37,9.45,18.0,5.9,0.0037,3,0,6,2,75.0,47,-28,18,0.2,0.006389,999999.99,99999.99,99999.99,0.21,0.12,0.09,-1,2006-07-21 20:00:00
2006,202,21,2360,51,52,60,36,2.3,1.9,62.4,34.9,0.7,0.5,1.7,0.5,1.7,0.4,1.3,0.5,1.1,0.4,14312.0,10.7,285.0,0.2,-0.2,0.009,936.0,0.7,1.0,0.5,0.6,0.003,1.5,-0.48,12.01,20.3,6.0,0.0029,0,0,4,0,75.0,42,-26,16,0.1,0.006389,999999.99,99999.99,99999.99,0.21,0.1,0.08,-1,2006-07-21 21:00:00
2006,202,22,2360,51,52,59,36,2.0,1.9,-4.6,321.0,1.5,-1.2,-0.2,-1.2,-0.2,0.2,0.8,0.1,0.6,0.5,11972.0,11.3,280.0,-0.1,-0.2,0.005,847.0,0.3,1.0,0.3,0.2,0.002,1.51,0.06,16.49,23.5,6.0,0.0021,0,0,5,0,75.0,43,-23,20,0.4,0.006389,999999.99,99999.99,99999.99,0.19,0.12,0.1,-1,2006-07-21 22:00:00
2006,202,23,2360,51,52,62,37,2.5,2.5,9.8,324.5,2.0,-1.4,0.4,-1.4,0.4,0.1,0.6,0.3,0.3,0.4,10770.0,11.3,284.0,0.7,-0.2,0.004,581.0,0.3,1.0,0.3,0.2,0.001,1.55,-0.11,10.46,19.1,6.0,0.0033,0,0,7,0,75.0,38,-21,17,0.3,0.006389,999999.99,99999.99,99999.99,0.16,0.1,0.06,-1,2006-07-21 23:00:00
2006,203,0,2360,51,52,60,37,2.7,2.7,-8.6,333.3,2.4,-1.2,-0.4,-1.2,-0.4,0.1,0.4,0.1,0.2,0.3,11582.0,12.7,285.0,0.6,-1.2,0.004,290.0,0.6,1.0,0.1,0.4,0.001,1.75,0.11,10.14,18.8,6.0,0.0034,7,15,7,3,75.9,48,-28,20,0.2,0.006444,999999.99,99999.99,99999.99,0.17,0.11,0.08,-1,2006-07-22 00:00:00
2006,203,1,2360,51,52,59,35,2.8,2.7,-30.1,355.4,2.4,-0.2,-1.4,-0.3,-1.4,0.1,0.7,0.2,0.6,0.2,13244.0,15.2,285.0,0.3,-2.1,0.004,1101.0,0.9,1.0,0.2,0.2,0.001,2.09,0.4,11.42,19.8,6.0,0.003,7,15,8,3,75.9,60,-32,28,0.2,0.006444,999999.99,99999.99,99999.99,0.2,0.11,0.07,-1,2006-07-22 01:00:00
2006,203,2,2360,51,52,63,39,2.6,2.6,-32.5,54.1,1.3,1.7,-1.4,1.5,-1.6,0.3,0.6,0.3,0.4,0.4,14436.0,16.8,287.0,-0.1,-2.3,0.005,810.0,0.4,2.0,0.2,0.2,0.001,2.36,0.46,14.76,22.6,6.1,0.0023,7,15,11,3,75.9,65,-31,34,0.3,0.006444,999999.99,99999.99,99999.99,0.26,0.14,0.09,-1,2006-07-22 02:00:00
2006,203,3,2360,51,52,59,36,4.2,3.9,-43.4,40.7,2.2,1.9,-2.7,1.5,-2.9,0.8,1.6,0.7,1.2,0.7,14278.0,14.8,289.0,0.2,-3.0,0.005,658.0,1.8,1.0,0.4,0.3,0.001,2.11,0.84,4.98,13.2,5.8,0.0068,17,15,10,6,75.9,82,-34,48,0.6,0.006444,999999.99,99999.99,99999.99,0.21,0.12,0.1,-1,2006-07-22 03:00:00
2006,203,4,2360,51,52,60,37,4.5,4.3,-35.8,60.2,1.7,3.0,-2.5,2.5,-3.0,0.2,1.2,0.6,1.0,0.5,13855.0,13.7,289.0,-0.2,-3.4,0.004,939.0,0.7,1.0,0.2,0.3,0.001,1.94,0.87,4.0,11.9,5.6,0.0084,17,15,7,6,75.9,165,-72,93,1.3,0.006444,999999.99,99999.99,99999.99,0.21,0.12,0.07,-1,2006-07-22 04:00:00
2006,203,5,2360,51,52,60,37,4.1,4.1,-48.4,24.9,2.5,1.1,-3.0,0.4,-3.2,0.5,0.8,0.3,0.6,0.4,11776.0,13.1,288.0,-0.3,-3.7,0.005,793.0,1.0,2.0,0.7,0.5,0.002,1.85,0.92,4.54,12.7,5.7,0.0074,17,15,5,6,75.9,212,-90,122,1.4,0.006444,999999.99,99999.99,99999.99,0.18,0.1,0.09,-1,2006-07-22 05:00:00
2006,203,6,2360,51,52,64,38,4.2,4.1,-45.9,27.3,2.5,1.3,-2.9,0.4,-3.1,0.3,0.8,0.4,0.6,0.4,14247.0,11.6,294.0,0.8,-2.9,0.006,2676.0,1.0,8.0,1.4,1.0,0.001,1.71,0.91,3.9,11.9,5.7,0.0084,10,15,2,4,75.9,221,-79,142,1.5,0.006444,999999.99,99999.99,99999.99,0.2,0.12,0.09,-1,2006-07-22 06:00:00
2006,203,7,2360,51,52,65,40,4.8,0.9,-21.9,269.7,0.0,-0.8,-0.3,-0.9,0.0,0.5,4.7,2.1,3.0,2.9,31507.0,9.7,311.0,2.3,-0.5,0.015,8889.0,1.1,5.0,0.6,0.9,0.006,1.66,-0.0,2.8,10.1,5.5,0.0117,10,15,1,4,75.9,174,-70,104,1.3,0.006444,999999.99,99999.99,99999.99,0.19,0.11,0.08,-1,2006-07-22 07:00:00
2006,203,8,2360,51,52,58,36,5.3,5.0,-6.7,296.1,2.2,-4.4,-0.6,-4.3,1.0,0.2,1.7,0.9,0.8,1.2,39276.0,7.4,317.0,1.3,-0.3,0.029,3436.0,0.4,5.0,0.7,1.1,0.003,1.39,-0.32,1.84,8.1,5.1,0.018,10,15,-1,4,75.9,105,-57,48,-0.4,0.006444,999999.99,99999.99,99999.99,0.19,0.11,0.09,-1,2006-07-22 08:00:00
2006,203,9,2360,51,52,63,38,2.3,1.9,-28.3,329.0,1.4,-0.9,-0.9,-1.2,-0.5,1.2,1.7,0.6,1.5,0.4,26495.0,12.5,318.0,1.3,-2.0,0.017,6314.0,2.2,4.0,0.8,0.6,0.005,2.25,0.16,15.22,24.4,6.5,0.002,7,15,3,3,75.9,76,-33,43,-0.2,0.006444,999999.99,99999.99,99999.99,0.21,0.13,0.1,-1,2006-07-22 09:00:00
2006,203,10,2360,51,52,62,38,3.2,3.0,-0.8,307.7,1.8,-2.4,0.0,-2.2,0.9,0.4,1.3,0.9,0.5,0.8,24761.0,12.6,327.0,3.1,-1.7,0.012,2338.0,0.6,3.0,0.5,0.5,0.001,2.36,-0.29,7.84,18.1,6.5,0.0036,7,15,5,3,75.9,49,-24,26,-0.2,0.006444,999999.99,99999.99,99999.99,0.21,0.15,0.11,-1,2006-07-22 10:00:00
2006,203,11,2360,51,52,61,37,2.1,2.0,9.0,313.8,1.3,-1.4,0.3,-1.2,0.8,0.4,1.0,0.4,0.4,0.8,16242.0,14.6,331.0,2.9,-1.6,0.015,1746.0,0.6,2.0,0.2,0.4,0.002,2.83,-0.26,19.92,30.1,7.1,0.0013,7,15,7,3,75.9,65,-31,34,-0.1,0.006444,999999.99,99999.99,99999.99,0.22,0.13,0.11,-1,2006-07-22 11:00:00
2006,203,12,2360,51,52,58,36,2.5,2.4,-12.6,302.7,1.3,-2.0,-0.5,-2.0,0.3,0.4,0.6,0.3,0.4,0.2,14606.0,13.7,327.0,1.9,-2.1,0.013,1186.0,0.7,2.0,0.5,0.2,0.001,2.57,-0.1,13.04,24.2,6.9,0.002,3,15,7,2,75.9,75,-29,46,0.3,0.006444,999999.99,99999.99,99999.99,0.17,0.1,0.08,-1,2006-07-22 12:00:00
2006,203,13,2360,51,52,60,37,2.3,2.2,7.4,293.0,0.9,-2.0,0.3,-1.8,1.0,0.4,0.7,0.5,0.3,0.3,16916.0,12.5,324.0,-0.1,-2.1,0.014,2012.0,0.4,2.0,0.5,0.3,0.001,2.31,-0.32,14.28,24.9,6.8,0.0019,3,15,7,2,75.9,55,-27,28,0.6,0.006444,999999.99,99999.99,99999.99,0.22,0.12,0.08,-1,2006-07-22 13:00:00
2006,203,14,2360,51,52,60,36,2.4,1.9,27.6,272.3,0.1,-1.7,0.9,-1.3,1.4,0.4,1.6,1.2,1.0,0.3,16115.0,12.2,323.0,-0.7,-1.4,0.011,926.0,0.4,1.0,0.3,0.3,0.004,2.22,-0.45,12.73,23.5,6.8,0.0022,3,15,8,2,75.9,53,-24,28,0.7,0.006444,999999.99,99999.99,99999.99,0.18,0.12,0.08,-1,2006-07-22 14:00:00
2006,203,15,2360,51,52,59,37,2.3,2.1,-6.5,112.1,-0.8,1.9,-0.2,1.8,-0.7,0.5,1.0,0.6,0.5,0.7,13879.0,11.8,320.0,-0.4,-1.6,0.005,1622.0,0.6,2.0,0.7,0.6,0.001,2.06,0.22,13.2,23.9,6.8,0.0021,7,15,6,3,75.9,56,-27,29,0.6,0.006444,999999.99,99999.99,99999.99,0.2,0.11,0.09,-1,2006-07-22 15:00:00
2006,203,16,2360,51,52,59,36,1.7,1.6,33.4,188.8,-1.3,-0.2,0.9,0.0,0.9,0.4,0.7,0.5,0.4,0.3,15452.0,11.4,318.0,-0.6,0.0,0.006,1858.0,0.4,5.0,0.5,0.5,0.001,1.97,-0.29,23.6,31.6,6.8,0.0012,7,15,6,3,75.9,41,-20,21,0.6,0.006444,999999.99,99999.99,99999.99,0.14,0.1,0.08,-1,2006-07-22 16:00:00
2006,203,17,2360,51,52,56,35,1.8,1.4,68.6,232.2,-0.3,-0.4,1.3,-0.2,1.4,0.4,1.2,1.1,0.3,0.3,12008.0,11.9,310.0,-1.6,-0.3,0.005,1190.0,0.7,5.0,0.3,0.3,0.0,1.95,-0.43,21.45,29.7,6.7,0.0013,7,15,5,3,75.9,32,-16,16,0.6,0.006444,999999.99,99999.99,99999.99,0.22,0.11,0.07,-1,2006-07-22 17:00:00
2006,203,18,2360,51,52,60,36,1.6,1.5,36.7,346.1,1.1,-0.3,0.9,-0.2,0.9,0.2,0.7,0.3,0.4,0.5,11036.0,13.0,303.0,-1.9,-0.4,0.005,471.0,0.4,1.0,0.2,0.3,0.001,2.03,-0.27,29.45,34.1,6.6,0.001,3,15,6,2,75.9,40,-18,22,0.6,0.006444,999999.99,99999.99,99999.99,0.21,0.15,0.12,-1,2006-07-22 18:00:00
2006,203,19,2360,51,52,58,35,2.0,1.9,19.8,56.3,1.0,1.5,0.6,1.5,0.5,0.2,0.7,0.5,0.2,0.4,10997.0,13.3,301.0,-1.6,0.3,0.005,400.0,0.4,3.0,0.2,0.2,0.001,2.05,-0.15,19.28,27.4,6.5,0.0016,3,15,7,2,75.9,53,-25,28,0.6,0.006444,999999.99,99999.99,99999.99,0.2,0.11,0.09,-1,2006-07-22 19:00:00
2006,203,20,2360,51,52,62,38,2.4,1.5,6.2,54.4,0.8,1.2,0.2,1.2,0.1,0.2,1.9,1.3,1.0,0.9,11309.0,13.2,300.0,-1.3,0.2,0.005,697.0,0.7,4.0,0.3,0.4,0.001,2.02,-0.03,13.32,22.7,6.4,0.0023,3,15,8,2,75.9,71,-36,35,0.6,0.006444,999999.99,99999.99,99999.99,0.19,0.12,0.08,-1,2006-07-22 20:00:00
2006,203,21,2360,51,52,61,38,2.0,1.0,53.8,163.6,-0.6,0.2,0.8,0.2,0.8,0.5,1.8,1.0,1.0,1.0,13340.0,13.9,303.0,-0.7,0.2,0.005,3669.0,0.5,3.0,0.6,0.5,0.002,2.17,-0.24,20.48,28.2,6.5,0.0015,17,15,7,6,75.9,62,-30,32,0.6,0.006444,999999.99,99999.99,99999.99,0.2,0.1,0.08,-1,2006-07-22 21:00:00
2006,203,22,2360,51,52,59,36,3.2,2.4,33.5,163.1,-1.9,0.6,1.3,0.6,1.3,1.1,2.4,1.7,1.1,1.3,12133.0,11.3,304.0,-0.6,0.0,0.01,3623.0,3.2,2.0,1.0,0.3,0.003,1.81,-0.4,6.45,16.0,6.2,0.0047,17,15,5,6,75.9,55,-28,27,0.5,0.006444,999999.99,99999.99,99999.99,0.18,0.1,0.07,-1,2006-07-22 22:00:00
2006,203,23,2360,51,52,57,35,3.1,2.6,-29.7,52.0,1.4,1.8,-1.3,1.8,-1.4,0.6,1.7,1.3,0.7,0.8,10166.0,13.0,299.0,-1.0,-0.5,0.01,1086.0,1.8,3.0,0.3,0.5,0.002,2.02,0.42,7.8,17.4,6.3,0.0039,17,15,6,6,75.9,63,-27,36,0.5,0.006444,999999.99,99999.99,99999.99,0.23,0.12,0.09,-1,2006-07-22 23:00:00
2006,204,0,2360,51,52,62,35,4.1,4.0,19.9,141.8,-3.0,2.3,1.4,2.4,1.3,0.3,0.7,0.4,0.4,0.3,15514.0,9.0,298.0,-0.7,-0.7,0.006,981.0,0.8,2.0,0.3,0.3,0.002,1.37,-0.39,3.2,10.9,5.6,0.01,13,18,-3,5,78.9,51,-31,21,0.3,0.006451,999999.99,99999.99,99999.99,0.17,0.11,0.08,-1,2006-07-23 00:00:00
2006,204,1,2360,51,52,63,38,3.7,3.4,-4.1,89.2,0.0,3.3,-0.2,3.3,-0.4,0.4,1.6,1.3,0.6,0.6,14897.0,11.0,307.0,-1.2,-0.1,0.006,742.0,1.6,3.0,0.4,0.3,0.001,1.77,0.12,4.79,13.8,6.1,0.0063,13,18,-2,5,78.9,44,-25,19,0.3,0.006451,999999.99,99999.99,99999.99,0.18,0.12,0.08,-1,2006-07-23 01:00:00
2006,204,2,2360,51,52,62,38,3.4,3.3,-25.6,39.3,2.3,1.9,-1.4,1.7,-1.6,0.3,0.8,0.3,0.7,0.4,15387.0,12.4,311.0,-0.8,0.0,0.007,616.0,0.8,2.0,0.3,0.3,0.001,2.06,0.5,6.41,16.1,6.3,0.0046,13,18,3,5,78.9,71,-34,37,0.6,0.006451,999999.99,99999.99,99999.99,0.17,0.09,0.06,-1,2006-07-23 02:00:00
2006,204,3,2360,51,52,60,37,3.4,3.3,-23.7,54.5,1.8,2.5,-1.3,2.3,-1.7,0.4,0.8,0.5,0.3,0.4,19341.0,12.0,315.0,-0.8,0.2,0.008,2864.0,0.6,2.0,0.2,0.5,0.001,2.05,0.54,6.38,16.0,6.3,0.0046,10,18,8,4,78.9,136,-76,60,1.1,0.006451,999999.99,99999.99,99999.99,0.21,0.12,0.08,-1,2006-07-23 03:00:00
2006,204,4,2360,51,52,62,37,3.1,2.9,-27.8,44.7,1.8,1.8,-1.3,1.5,-1.6,0.3,1.2,0.5,0.6,0.8,18375.0,12.9,321.0,-0.8,1.3,0.007,2172.0,0.7,2.0,0.3,0.4,0.001,2.28,0.51,8.19,18.6,6.5,0.0034,10,18,11,4,78.9,103,-32,71,0.9,0.006451,999999.99,99999.99,99999.99,0.21,0.13,0.08,-1,2006-07-23 04:00:00
2006,204,5,2360,51,52,59,37,3.3,3.3,-38.2,20.4,2.4,0.9,-2.0,0.4,-2.2,0.3,0.7,0.2,0.6,0.3,18595.0,10.1,323.0,-0.9,0.6,0.008,2428.0,0.5,1.0,0.3,0.6,0.001,1.82,0.71,5.67,15.6,6.4,0.0049,10,18,8,4,78.9,117,-48,69,0.7,0.006451,999999.99,99999.99,99999.99,0.21,0.11,0.09,-1,2006-07-23 05:00:00
2006,204,6,2360,51,52,60,36,3.3,3.2,-27.4,8.3,2.8,0.4,-1.5,0.0,-1.6,0.8,1.1,0.7,0.4,0.8,15564.0,11.4,321.0,-0.6,0.0,0.01,1054.0,0.7,1.0,0.3,0.3,0.001,2.04,0.51,6.27,16.4,6.5,0.0044,10,18,6,4,78.9,129,-47,81,0.6,0.006451,999999.99,99999.99,99999.99,0.17,0.09,0.08,-1,2006-07-23 06:00:00
2006,204,7,2360,51,52,61,38,4.3,4.3,-27.5,343.7,3.6,-1.1,-2.0,-1.7,-1.5,0.2,0.5,0.1,0.3,0.4,17694.0,10.5,321.0,-0.2,0.0,0.012,1000.0,0.3,1.0,0.5,0.4,0.002,1.89,0.48,3.45,12.1,6.1,0.0081,10,18,4,4,78.9,179,-107,72,0.6,0.006451,999999.99,99999.99,99999.99,0.16,0.1,0.08,-1,2006-07-23 07:00:00
2006,204,8,2360,51,52,59,33,4.3,4.3,-25.4,348.2,3.8,-0.8,-1.8,-1.4,-1.4,0.1,0.4,0.2,0.2,0.4,18207.0,10.9,321.0,-1.4,-0.4,0.014,613.0,0.2,1.0,0.2,0.4,0.001,1.98,0.45,3.59,12.3,6.1,0.0078,10,18,5,4,78.9,267,-179,88,0.5,0.006451,999999.99,99999.99,99999.99,0.24,0.14,0.08,-1,2006-07-23 08:00:00
2006,204,9,2360,51,52,61,37,4.4,4.4,-22.7,345.7,3.9,-1.0,-1.7,-1.6,-1.2,0.1,0.4,0.2,0.2,0.3,19209.0,10.3,322.0,-1.8,-0.0,0.014,605.0,0.2,1.0,0.2,0.3,0.001,1.88,0.39,3.27,11.7,6.0,0.0086,10,18,4,4,78.9,214,-118,96,0.6,0.006451,999999.99,99999.99,99999.99,0.2,0.13,0.1,-1,2006-07-23 09:00:00
2006,204,10,2360,51,52,59,37,4.4,4.4,-23.0,343.0,3.9,-1.2,-1.7,-1.8,-1.1,0.1,0.4,0.1,0.3,0.3,18404.0,10.4,321.0,-2.0,0.5,0.014,718.0,0.2,1.0,0.2,0.2,0.002,1.89,0.35,3.28,11.8,6.0,0.0086,10,18,3,4,78.9,213,-71,143,0.9,0.006451,999999.99,99999.99,99999.99,0.18,0.11,0.09,-1,2006-07-23 10:00:00
2006,204,11,2360,51,52,59,36,3.9,3.9,-29.4,344.5,3.3,-0.9,-1.9,-1.6,-1.4,0.5,0.8,0.5,0.5,0.3,21892.0,10.9,317.0,-2.2,0.4,0.008,2420.0,0.6,2.0,0.1,0.2,0.002,1.89,0.44,4.48,13.4,6.1,0.0066,10,18,3,4,78.9,135,-34,101,1.0,0.006451,999999.99,99999.99,99999.99,0.16,0.1,0.08,-1,2006-07-23 11:00:00
2006,204,12,2360,51,52,59,35,4.2,4.1,-28.5,335.7,3.3,-1.5,-2.0,-2.2,-1.3,0.2,0.7,0.3,0.5,0.4,20887.0,10.5,314.0,-2.5,0.5,0.006,2696.0,0.4,2.0,0.2,0.3,0.001,1.77,0.41,3.7,12.1,5.9,0.0081,7,18,5,3,78.9,134,-57,77,1.2,0.006451,999999.99,99999.99,99999.99,0.18,0.09,0.06,-1,2006-07-23 12:00:00
2006,204,13,2360,51,52,61,38,4.4,4.4,-11.0,321.1,3.4,-2.7,-0.8,-2.8,0.2,0.2,0.5,0.2,0.2,0.4,12838.0,9.8,314.0,-2.6,1.0,0.013,1017.0,0.5,1.0,0.2,0.3,0.002,1.7,-0.06,2.97,11.2,5.9,0.0095,7,18,5,3,78.9,94,-46,48,1.0,0.006451,999999.99,99999.99,99999.99,0.17,0.09,0.07,-1,2006-07-23 13:00:00
2006,204,14,2360,51,52,39,22,4.1,4.0,-3.0,319.6,3.1,-2.6,-0.2,-2.5,0.7,0.1,0.5,0.2,0.3,0.3,9977.0,11.3,314.0,-2.4,0.4,0.017,786.0,0.4,1.0,0.3,0.2,0.001,1.99,-0.22,3.87,12.9,6.2,0.0072,7,18,6,3,78.9,59,-31,29,0.9,0.006451,999999.99,99999.99,99999.99,0.17,0.12,0.08,-1,2006-07-23 14:00:00
2006,204,15,2360,51,52,61,34,4.2,4.1,-0.8,317.7,3.0,-2.8,-0.1,-2.7,0.7,0.3,1.0,0.5,0.3,0.8,13792.0,11.8,314.0,-1.9,-0.3,0.014,2430.0,0.8,4.0,0.6,0.5,0.005,2.05,-0.22,3.96,12.8,6.1,0.0072,7,18,7,3,78.9,75,-53,22,1.2,0.006451,999999.99,99999.99,99999.99,0.18,0.11,0.07,-1,2006-07-23 15:00:00
2006,204,16,2360,51,52,58,35,5.0,4.8,15.3,315.4,3.3,-3.3,1.3,-2.9,2.0,0.5,1.2,0.3,0.2,1.1,18427.0,10.7,316.0,-1.3,-0.6,0.008,1767.0,1.0,3.0,0.5,0.6,0.001,1.84,-0.63,2.61,10.3,5.7,0.0111,7,18,7,3,78.9,80,-60,20,1.7,0.006451,999999.99,99999.99,99999.99,0.2,0.12,0.08,-1,2006-07-23 16:00:00
2006,204,17,2360,51,52,59,36,4.8,4.7,28.3,316.0,3.0,-2.9,2.2,-2.4,2.7,0.5,1.0,0.3,0.6,0.7,17767.0,11.1,316.0,-1.4,-0.5,0.013,2827.0,1.1,2.0,0.3,0.3,0.007,1.95,-0.85,2.93,11.0,5.8,0.0099,7,18,7,3,78.9,40,-17,24,1.5,0.006451,999999.99,99999.99,99999.99,0.22,0.14,0.09,-1,2006-07-23 17:00:00
2006,204,18,2360,51,52,61,37,4.6,4.2,35.9,290.5,1.2,-3.2,2.5,-2.8,2.9,0.4,1.8,1.1,0.2,1.4,11728.0,12.0,315.0,-1.6,-0.7,0.015,868.0,0.5,2.0,0.2,0.4,0.007,2.11,-0.91,3.31,11.9,6.0,0.0085,7,18,8,3,78.9,46,-20,26,1.5,0.006451,999999.99,99999.99,99999.99,0.17,0.11,0.09,-1,2006-07-23 18:00:00
2006,204,19,2360,51,52,59,37,4.9,4.8,48.6,272.6,0.1,-3.2,3.6,-2.9,3.9,0.3,0.7,0.4,0.4,0.4,13003.0,12.5,313.0,-1.7,-1.2,0.012,1610.0,0.9,3.0,0.5,0.5,0.002,2.14,-1.22,3.06,11.3,5.9,0.0093,7,18,9,3,78.9,53,-31,22,0.9,0.006451,999999.99,99999.99,99999.99,0.21,0.13,0.1,-1,2006-07-23 19:00:00
2006,204,20,2360,51,52,61,37,5.1,5.1,48.5,267.6,-0.1,-3.3,3.8,-3.1,4.0,0.4,0.8,0.2,0.4,0.6,14114.0,13.6,314.0,-2.0,-1.7,0.011,791.0,1.1,1.0,0.4,0.4,0.001,2.34,-1.26,3.1,11.4,5.9,0.0092,7,18,11,3,78.9,54,-32,21,0.4,0.006451,999999.99,99999.99,99999.99,0.23,0.09,0.07,-1,2006-07-23 20:00:00
2006,204,21,2360,51,52,62,36,4.7,4.6,51.5,259.2,-0.5,-2.8,3.6,-2.7,3.7,0.3,1.2,0.9,0.6,0.5,16172.0,13.5,317.0,-1.0,-1.7,0.016,1946.0,1.0,5.0,0.9,0.5,0.004,2.41,-1.17,3.67,12.4,6.1,0.0077,7,18,10,3,78.9,47,-24,23,-0.2,0.006451,999999.99,99999.99,99999.99,0.16,0.1,0.08,-1,2006-07-23 21:00:00
2006,204,22,2360,51,52,61,38,4.0,4.0,48.3,256.8,-0.6,-2.6,3.0,-2.5,3.1,0.5,0.9,0.7,0.3,0.5,22382.0,13.9,322.0,-0.5,-0.9,0.017,4881.0,0.8,2.0,0.5,0.6,0.002,2.57,-1.0,5.45,15.0,6.3,0.0053,7,18,7,3,78.9,40,-18,22,-0.5,0.006451,999999.99,99999.99,99999.99,0.17,0.1,0.08,-1,2006-07-23 22:00:00
2006,204,23,2360,51,52,60,37,5.3,5.2,49.3,273.0,0.2,-3.4,4.0,-3.3,4.1,0.4,0.7,0.5,0.3,0.5,16650.0,11.4,323.0,-1.2,-0.4,0.014,3084.0,0.8,2.0,0.3,0.3,0.002,2.1,-1.32,2.45,10.3,5.8,0.0112,7,18,3,3,78.9,38,-20,18,-0.3,0.006451,999999.99,99999.99,99999.99,0.19,0.1,0.07,-1,2006-07-23 23:00:00
2006,205,0,2360,51,52,62,38,4.6,4.0,48.8,206.0,-2.4,-1.2,3.0,-1.0,3.1,0.6,2.2,1.5,1.4,0.8,25922.0,12.6,328.0,-0.5,-0.7,0.021,6128.0,1.2,3.0,0.4,0.6,0.002,2.45,-1.02,3.82,12.7,6.1,0.0074,7,20,6,3,79.5,45,-27,19,-0.2,0.00647,999999.99,99999.99,99999.99,0.19,0.11,0.08,-1,2006-07-24 00:00:00
2006,205,1,2360,51,52,59,35,5.3,5.3,21.1,166.8,-4.8,1.1,1.9,1.2,1.8,0.3,1.0,0.4,0.7,0.6,46777.0,9.0,330.0,-0.5,-0.2,0.029,5719.0,1.4,3.0,0.3,0.4,0.005,1.83,-0.59,2.33,9.3,5.4,0.0136,7,20,8,3,79.5,49,-36,13,-0.1,0.00647,999999.99,99999.99,99999.99,0.19,0.11,0.08,-1,2006-07-24 01:00:00
2006,205,2,2360,51,52,60,36,5.5,5.4,8.2,159.2,-5.0,1.9,0.8,2.0,0.6,0.0,1.0,0.2,0.6,0.7,47855.0,8.3,329.0,-0.6,0.4,0.031,1836.0,0.2,1.0,0.4,0.5,0.002,1.69,-0.2,2.01,8.6,5.2,0.016,7,20,13,3,79.5,59,-43,16,-0.0,0.00647,999999.99,99999.99,99999.99,0.16,0.1,0.08,-1,2006-07-24 02:00:00
2006,205,3,2360,51,52,60,37,5.5,5.3,9.2,153.6,-4.7,2.3,0.8,2.4,0.4,0.1,1.4,0.2,0.7,1.2,46353.0,8.3,329.0,-0.9,0.7,0.031,3338.0,0.4,2.0,0.4,0.6,0.002,1.69,-0.13,1.99,8.6,5.2,0.016,3,20,14,2,79.5,53,-34,19,0.1,0.00647,999999.99,99999.99,99999.99,0.2,0.1,0.08,-1,2006-07-24 03:00:00
2006,205,4,2360,51,52,60,34,5.7,5.5,9.5,164.6,-5.3,1.4,0.9,1.6,0.6,0.2,1.2,0.4,1.0,0.7,41808.0,6.0,323.0,-1.1,0.0,0.057,11130.0,1.3,5.0,1.1,1.1,0.023,1.28,-0.19,1.31,6.9,4.8,0.0247,3,20,13,2,79.5,45,-22,23,0.1,0.00647,999999.99,99999.99,99999.99,0.17,0.09,0.07,-1,2006-07-24 04:00:00
2006,205,5,2360,51,52,63,40,6.1,6.0,24.3,180.0,-5.4,0.0,2.5,0.6,2.4,0.2,1.2,0.4,0.7,0.9,55598.0,9.0,333.0,0.2,-1.3,0.036,8271.0,0.9,4.0,0.8,1.0,0.004,1.91,-0.8,1.85,8.2,5.1,0.0177,3,20,14,2,79.5,41,-19,22,-0.3,0.00647,999999.99,99999.99,99999.99,0.24,0.11,0.07,-1,2006-07-24 05:00:00
2006,205,6,2360,51,52,61,37,5.8,2.6,2.3,209.3,-2.3,-1.3,0.1,-1.2,0.5,0.7,5.2,3.7,1.5,3.3,53699.0,10.7,341.0,1.0,-0.8,0.03,10862.0,1.1,5.0,0.4,0.7,0.008,2.33,-0.17,2.41,9.6,5.5,0.0129,17,20,14,6,79.5,40,-22,18,-0.3,0.00647,999999.99,99999.99,99999.99,0.22,0.13,0.09,-1,2006-07-24 06:00:00
2006,205,7,2360,51,52,57,35,6.5,6.2,-35.8,316.8,3.7,-3.4,-3.6,-4.4,-2.3,0.2,2.1,0.7,1.1,1.6,38660.0,10.7,341.0,0.8,-0.2,0.019,3623.0,0.6,2.0,0.4,0.7,0.003,2.24,0.78,1.76,8.6,5.4,0.0162,17,20,13,6,79.5,78,-19,59,-0.3,0.00647,999999.99,99999.99,99999.99,0.24,0.14,0.09,-1,2006-07-24 07:00:00
2006,205,8,2360,51,52,63,38,5.7,4.8,-29.7,300.2,2.1,-3.6,-2.4,-4.2,-0.9,1.0,3.2,0.8,1.1,2.9,45958.0,11.5,338.0,1.1,-0.9,0.025,9040.0,0.7,3.0,0.9,0.9,0.007,2.41,0.3,2.57,10.1,5.6,0.0118,17,20,6,6,79.5,163,-81,82,-0.3,0.00647,999999.99,99999.99,99999.99,0.22,0.1,0.08,-1,2006-07-24 08:00:00
2006,205,9,2360,51,52,57,36,3.8,2.7,26.5,296.9,1.1,-2.1,1.2,-1.5,1.9,0.9,2.9,1.3,1.0,2.3,63013.0,10.7,336.0,1.0,-0.2,0.033,5045.0,0.9,3.0,0.4,0.8,0.004,2.28,-0.64,5.9,14.5,5.9,0.0057,13,20,6,5,79.5,161,-81,80,-0.0,0.00647,999999.99,99999.99,99999.99,0.2,0.11,0.07,-1,2006-07-24 09:00:00
2006,205,10,2360,51,52,61,37,4.6,3.3,-33.0,259.6,-0.5,-2.7,-1.8,-3.2,-0.6,0.9,3.4,1.2,2.4,2.0,59214.0,10.5,335.0,0.7,-0.6,0.032,4065.0,0.7,3.0,0.5,0.5,0.003,2.22,0.2,3.87,11.8,5.7,0.0085,13,20,6,5,79.5,158,-55,103,0.6,0.00647,999999.99,99999.99,99999.99,0.2,0.1,0.07,-1,2006-07-24 10:00:00
2006,205,11,2360,51,52,60,36,4.7,4.0,-46.1,276.2,0.3,-2.8,-2.9,-3.7,-1.5,0.4,2.4,1.2,1.8,1.0,50893.0,10.5,335.0,0.6,-0.1,0.034,6879.0,0.7,4.0,0.5,0.7,0.005,2.24,0.5,3.54,11.5,5.7,0.0089,13,20,7,5,79.5,198,-108,90,0.4,0.00647,999999.99,99999.99,99999.99,0.2,0.11,0.08,-1,2006-07-24 11:00:00
2006,205,12,2360,51,52,58,36,5.0,4.9,-11.5,117.2,-2.2,4.3,-1.0,3.6,-2.6,0.3,1.2,0.4,0.7,0.9,51497.0,10.1,332.0,0.7,-0.3,0.036,3194.0,0.5,2.0,0.4,0.4,0.003,2.13,0.86,3.02,10.6,5.6,0.0107,17,20,4,6,79.5,171,-99,72,1.9,0.00647,999999.99,99999.99,99999.99,0.18,0.13,0.08,-1,2006-07-24 12:00:00
2006,205,13,2360,51,52,60,37,5.2,5.0,-16.2,119.4,-2.4,4.2,-1.4,3.4,-2.8,0.5,1.4,0.5,0.8,1.0,51277.0,10.3,329.0,1.2,0.2,0.037,2712.0,0.4,1.0,0.5,0.3,0.004,2.14,0.92,2.85,10.2,5.5,0.0115,17,20,1,6,79.5,105,-50,55,1.4,0.00647,999999.99,99999.99,99999.99,0.19,0.12,0.08,-1,2006-07-24 13:00:00
2006,205,14,2360,51,52,59,37,6.7,6.3,-60.0,118.2,-1.5,2.8,-5.5,0.8,-6.1,0.6,2.0,1.2,1.2,1.1,47845.0,9.3,330.0,2.2,0.5,0.032,2646.0,0.5,1.0,0.3,0.3,0.004,1.91,2.01,1.52,7.5,4.9,0.0211,17,20,-2,6,79.5,220,-171,49,2.0,0.00647,999999.99,99999.99,99999.99,0.2,0.14,0.1,-1,2006-07-24 14:00:00
2006,205,15,2360,51,52,60,37,5.8,5.5,-58.3,227.8,-1.9,-2.1,-4.7,-3.4,-3.9,0.5,2.0,0.6,1.6,0.9,52763.0,9.4,329.0,1.7,0.6,0.038,1879.0,0.7,2.0,0.7,0.3,0.004,1.96,1.28,2.11,8.7,5.2,0.0157,23,20,-5,9,79.5,491,-363,127,3.6,0.00647,999999.99,99999.99,99999.99,0.2,0.12,0.09,-1,2006-07-24 15:00:00
2006,205,16,2360,51,52,58,35,4.7,4.1,-53.0,264.0,-0.3,-2.4,-3.3,-3.1,-2.6,0.4,2.4,1.5,1.3,1.3,45374.0,8.7,327.0,1.8,0.6,0.033,9201.0,0.5,2.0,0.7,0.5,0.003,1.76,0.85,2.85,10.3,5.5,0.0113,23,20,-7,9,79.5,316,-229,87,3.0,0.00647,999999.99,99999.99,99999.99,0.21,0.11,0.08,-1,2006-07-24 16:00:00
2006,205,17,2360,51,52,63,39,4.0,2.3,-64.7,82.0,0.1,1.0,-2.1,0.6,-2.3,0.5,3.3,1.1,2.7,1.6,45756.0,8.3,327.0,2.0,0.3,0.035,6049.0,0.4,4.0,0.6,0.8,0.004,1.69,0.75,3.76,11.8,5.7,0.0086,23,20,-8,9,79.5,189,-129,61,2.3,0.00647,999999.99,99999.99,99999.99,0.18,0.11,0.08,-1,2006-07-24 17:00:00
2006,205,18,2360,51,52,57,35,4.3,3.6,22.9,112.2,-1.3,3.1,1.4,3.3,0.9,0.3,2.2,1.2,1.0,1.6,41006.0,8.3,329.0,1.9,-0.3,0.036,3265.0,0.6,4.0,0.4,0.8,0.005,1.72,-0.3,3.16,11.0,5.7,0.0098,10,20,-6,4,79.5,56,-25,32,0.1,0.00647,999999.99,99999.99,99999.99,0.18,0.09,0.07,-1,2006-07-24 18:00:00
2006,205,19,2360,51,52,61,36,4.6,4.5,29.8,130.2,-2.5,3.0,2.2,3.2,1.9,0.1,1.2,0.3,0.7,1.0,37323.0,7.6,322.0,1.3,-0.1,0.035,2082.0,0.4,1.0,0.3,0.7,0.003,1.5,-0.61,2.48,9.6,5.4,0.0128,10,20,-3,4,79.5,47,-22,26,-0.3,0.00647,999999.99,99999.99,99999.99,0.18,0.11,0.08,-1,2006-07-24 19:00:00
2006,205,20,2360,51,52,59,36,4.7,4.7,4.8,121.6,-2.4,4.0,0.4,4.0,0.1,0.1,0.7,0.4,0.3,0.5,36061.0,7.8,323.0,1.2,0.9,0.035,1563.0,0.2,2.0,0.2,0.3,0.003,1.55,-0.03,2.42,9.6,5.5,0.0129,10,20,0,4,79.5,50,-33,17,0.5,0.00647,999999.99,99999.99,99999.99,0.2,0.1,0.07,-1,2006-07-24 20:00:00
2006,205,21,2360,51,52,60,37,4.3,2.6,-24.9,111.2,-0.9,2.2,-1.1,2.1,-1.2,0.4,3.3,2.3,1.7,1.6,41687.0,7.7,327.0,1.8,1.3,0.032,5411.0,0.6,6.0,0.9,0.8,0.003,1.55,0.39,2.95,10.6,5.6,0.0107,17,20,0,6,79.5,85,-50,35,1.1,0.00647,999999.99,99999.99,99999.99,0.24,0.12,0.09,-1,2006-07-24 21:00:00
2006,205,22,2360,51,52,62,38,4.0,3.6,-1.7,123.6,-2.0,3.0,-0.1,3.0,-0.2,0.2,1.7,0.6,0.5,1.5,41624.0,8.0,329.0,1.3,1.3,0.031,3388.0,0.5,4.0,0.4,1.0,0.003,1.63,0.07,3.54,11.6,5.8,0.0088,17,20,-2,6,79.5,70,-36,34,0.8,0.00647,999999.99,99999.99,99999.99,0.24,0.11,0.07,-1,2006-07-24 22:00:00
2006,205,23,2360,51,52,65,39,5.1,4.8,33.1,116.6,-1.8,3.6,2.6,3.7,2.5,0.6,1.7,0.5,0.7,1.5,52965.0,9.3,342.0,0.3,1.3,0.032,5903.0,1.0,6.0,0.5,0.7,0.004,2.05,-0.85,2.7,10.2,5.6,0.0114,17,20,-2,6,79.5,79,-41,38,0.4,0.00647,999999.99,99999.99,99999.99,0.25,0.1,0.06,-1,2006-07-24 23:00:00
2006,206,0,2361,51,52,59,36,6.3,5.8,24.1,106.0,-1.5,5.1,2.4,5.2,2.1,0.2,2.4,1.0,1.0,1.9,55688.0,10.4,347.0,-0.5,0.6,0.03,3037.0,0.5,2.0,0.4,0.6,0.005,2.34,-0.73,2.01,8.9,5.4,0.0151,23,18,-2,9,77.9,73,-32,41,0.4,0.006537,999999.99,99999.99,99999.99,0.19,0.12,0.09,-1,2006-07-25 00:00:00
2006,206,1,2361,51,52,60,36,6.5,5.4,-30.4,137.9,-3.4,3.1,-2.7,2.9,-3.0,0.4,3.6,1.0,1.6,3.0,59353.0,11.7,344.0,0.0,2.2,0.035,5830.0,0.4,1.0,0.7,0.4,0.004,2.64,1.03,2.16,9.1,5.3,0.0145,23,18,-4,9,77.9,116,-45,71,1.1,0.006537,999999.99,99999.99,99999.99,0.2,0.09,0.07,-1,2006-07-25 01:00:00
2006,206,2,2361,51,52,60,37,5.5,4.7,-60.3,150.0,-2.0,1.2,-4.1,0.7,-4.2,0.3,2.6,0.5,2.1,1.5,55026.0,11.3,343.0,0.7,2.4,0.031,4311.0,0.5,2.0,0.7,0.7,0.005,2.5,1.44,2.85,10.5,5.6,0.0108,23,18,-10,9,77.9,344,-196,148,1.5,0.006537,999999.99,99999.99,99999.99,0.19,0.11,0.09,-1,2006-07-25 02:00:00
2006,206,3,2361,51,52,59,35,5.3,4.5,-55.3,130.1,-1.7,2.0,-3.7,1.4,-4.0,0.2,2.7,0.7,2.3,1.3,57133.0,10.5,343.0,0.3,2.0,0.028,2935.0,0.3,2.0,0.9,0.6,0.002,2.29,1.37,2.88,10.5,5.6,0.0108,27,18,-9,12,77.9,491,-297,194,2.8,0.006537,999999.99,99999.99,99999.99,0.17,0.09,0.06,-1,2006-07-25 03:00:00
2006,206,4,2361,51,52,62,38,5.0,4.4,-24.7,134.8,-2.8,2.8,-1.8,2.4,-2.3,0.5,2.3,1.0,1.8,1.0,53625.0,10.3,346.0,-0.7,1.5,0.026,4322.0,0.5,4.0,0.9,0.6,0.003,2.27,0.8,3.12,11.1,5.8,0.0096,27,18,-9,12,77.9,295,-142,154,1.9,0.006537,999999.99,99999.99,99999.99,0.21,0.1,0.08,-1,2006-07-25 04:00:00
2006,206,5,2361,51,52,62,38,3.7,2.2,16.1,149.0,-1.8,1.1,0.6,1.2,0.3,0.5,3.1,2.3,0.4,2.0,51590.0,11.3,353.0,0.7,0.5,0.031,3338.0,0.5,3.0,0.2,0.7,0.003,2.64,-0.11,6.18,16.0,6.4,0.0046,27,18,-5,12,77.9,172,-69,103,1.1,0.006537,999999.99,99999.99,99999.99,0.18,0.1,0.08,-1,2006-07-25 05:00:00
2006,206,6,2361,51,52,58,36,4.1,3.3,7.9,134.9,-2.3,2.3,0.5,2.3,-0.2,0.4,2.5,1.1,1.0,2.0,47539.0,10.6,349.0,0.6,1.0,0.031,3120.0,0.5,3.0,0.2,0.5,0.002,2.42,0.07,4.61,13.9,6.2,0.0062,13,18,-3,5,77.9,72,-33,39,0.6,0.006537,999999.99,99999.99,99999.99,0.24,0.14,0.1,-1,2006-07-25 06:00:00
2006,206,7,2361,51,52,59,36,3.9,3.3,-19.4,144.2,-2.6,1.8,-1.1,1.3,-1.6,0.5,2.0,0.7,0.6,1.8,45579.0,10.0,345.0,1.1,1.1,0.03,1915.0,0.3,2.0,0.3,0.6,0.002,2.23,0.55,4.76,14.0,6.2,0.0061,13,18,-6,5,77.9,86,-20,66,1.0,0.006537,999999.99,99999.99,99999.99,0.18,0.1,0.07,-1,2006-07-25 07:00:00
2006,206,8,2361,51,52,59,36,3.4,3.2,49.4,149.6,-1.8,1.0,2.4,1.8,1.9,0.3,1.2,0.8,0.7,0.5,35514.0,10.6,341.0,0.7,0.7,0.023,3124.0,0.3,2.0,0.2,0.2,0.003,2.25,-0.65,6.25,16.3,6.5,0.0045,13,18,-6,5,77.9,80,-42,39,0.3,0.006537,999999.99,99999.99,99999.99,0.18,0.11,0.08,-1,2006-07-25 08:00:00
2006,206,9,2361,51,52,60,37,3.5,3.3,35.6,117.8,-1.2,2.4,1.9,3.0,0.8,0.2,1.1,0.6,0.5,0.8,35096.0,10.3,338.0,0.1,0.6,0.022,2452.0,0.3,1.0,0.3,0.4,0.002,2.14,-0.27,5.72,15.5,6.4,0.005,3,18,-4,2,77.9,62,-26,37,0.1,0.006537,999999.99,99999.99,99999.99,0.18,0.1,0.07,-1,2006-07-25 09:00:00
2006,206,10,2361,51,52,59,35,4.0,3.8,26.2,128.4,-2.1,2.7,1.7,3.2,0.5,0.1,1.2,0.5,0.6,0.9,30587.0,10.2,334.0,0.1,0.6,0.019,1256.0,0.2,2.0,0.2,0.3,0.001,2.04,-0.17,4.22,13.3,6.2,0.0067,3,18,-3,2,77.9,72,-25,47,0.5,0.006537,999999.99,99999.99,99999.99,0.18,0.11,0.08,-1,2006-07-25 10:00:00
2006,206,11,2361,51,52,60,37,4.4,4.2,-6.6,121.5,-2.2,3.6,-0.5,3.1,-1.9,0.1,1.0,0.2,0.2,1.0,32470.0,9.7,333.0,-0.1,1.6,0.021,1885.0,0.2,1.0,0.2,0.5,0.001,1.95,0.63,3.35,11.8,6.0,0.0086,3,18,-2,2,77.9,103,-24,79,0.7,0.006537,999999.99,99999.99,99999.99,0.2,0.11,0.08,-1,2006-07-25 11:00:00
2006,206,12,2361,51,52,60,37,4.6,4.5,-21.2,117.4,-1.9,3.7,-1.6,2.8,-2.9,0.4,0.8,0.6,0.4,0.4,34037.0,9.4,336.0,-0.5,2.4,0.019,1043.0,0.3,2.0,0.4,0.4,0.001,1.91,0.97,3.0,11.2,5.9,0.0095,13,18,-2,5,77.9,120,-39,81,1.1,0.006537,999999.99,99999.99,99999.99,0.18,0.11,0.08,-1,2006-07-25 12:00:00
2006,206,13,2361,51,52,63,37,4.7,3.8,-32.0,92.6,-0.1,3.2,-2.0,2.2,-3.0,0.5,2.8,2.3,1.4,0.7,30940.0,12.4,346.0,-1.0,2.6,0.016,5273.0,1.7,6.0,0.9,0.5,0.004,2.64,1.04,3.72,13.0,6.3,0.0071,13,18,0,5,77.9,314,-218,96,2.0,0.006537,999999.99,99999.99,99999.99,0.18,0.09,0.07,-1,2006-07-25 13:00:00
2006,206,14,2361,51,52,60,37,5.4,4.8,-20.8,130.0,-2.9,3.5,-1.7,2.7,-2.8,0.5,2.3,1.2,0.9,1.8,31266.0,14.7,349.0,-1.7,3.1,0.014,1987.0,0.8,2.0,0.3,0.4,0.002,3.16,0.98,3.35,12.4,6.3,0.0077,13,18,2,5,77.9,263,-203,60,2.1,0.006537,999999.99,99999.99,99999.99,0.17,0.11,0.08,-1,2006-07-25 14:00:00
2006,206,15,2361,51,52,60,37,5.0,4.7,9.1,117.5,-2.1,4.1,0.7,4.1,-0.6,0.4,1.7,1.4,0.3,0.9,29599.0,15.5,346.0,-2.3,2.7,0.015,2430.0,0.9,2.0,1.1,0.4,0.001,3.28,0.21,4.07,13.6,6.4,0.0064,10,18,3,4,77.9,168,-107,60,1.4,0.006537,999999.99,99999.99,99999.99,0.16,0.11,0.08,-1,2006-07-25 15:00:00
2006,206,16,2361,51,52,58,36,4.7,4.2,10.3,105.4,-1.1,3.9,0.7,4.0,-0.3,0.3,2.1,1.2,0.5,1.7,28962.0,16.3,342.0,-2.4,2.5,0.013,2720.0,1.0,2.0,1.1,0.4,0.002,3.35,0.1,4.83,14.7,6.5,0.0055,10,18,3,4,77.9,101,-63,38,0.6,0.006537,999999.99,99999.99,99999.99,0.16,0.12,0.09,-1,2006-07-25 16:00:00
2006,206,17,2361,51,52,60,36,4.8,4.0,26.3,112.3,-1.4,3.3,1.8,3.6,1.1,0.3,2.6,1.8,0.5,1.9,28331.0,15.3,337.0,-3.0,3.3,0.012,3419.0,1.0,4.0,0.7,0.6,0.002,3.04,-0.37,4.33,13.7,6.3,0.0063,10,18,3,4,77.9,78,-44,34,0.5,0.006537,999999.99,99999.99,99999.99,0.22,0.13,0.09,-1,2006-07-25 17:00:00
2006,206,18,2361,51,52,62,38,5.6,5.5,53.0,66.4,1.3,3.1,4.4,3.7,3.9,0.6,1.1,0.4,0.6,0.9,25326.0,16.4,339.0,-2.7,2.3,0.012,2299.0,1.0,4.0,0.5,0.4,0.002,3.3,-1.32,3.34,12.3,6.2,0.0079,10,18,5,4,77.9,53,-17,37,-0.2,0.006537,999999.99,99999.99,99999.99,0.19,0.11,0.09,-1,2006-07-25 18:00:00
2006,206,19,2361,51,52,59,36,6.0,5.3,6.5,128.7,-3.3,4.1,0.6,4.1,0.2,0.2,2.8,1.9,1.1,1.8,31376.0,18.2,343.0,-3.6,2.4,0.009,2814.0,0.9,3.0,0.5,0.4,0.002,3.7,-0.07,3.36,12.2,6.2,0.008,10,18,3,4,77.9,80,-37,43,0.9,0.006537,999999.99,99999.99,99999.99,0.18,0.1,0.08,-1,2006-07-25 19:00:00
2006,206,20,2361,51,52,59,36,6.0,5.6,-5.1,129.8,-3.5,4.3,-0.5,4.3,-0.8,0.2,2.2,0.6,1.1,1.8,30218.0,19.0,342.0,-4.0,2.7,0.009,1185.0,0.5,2.0,0.4,0.7,0.001,3.84,0.27,3.48,12.4,6.2,0.0077,10,18,3,4,77.9,73,-28,45,0.8,0.006537,999999.99,99999.99,99999.99,0.2,0.1,0.07,-1,2006-07-25 20:00:00
2006,206,21,2361,51,52,59,36,5.9,5.8,-35.8,154.6,-4.3,2.0,-3.4,1.8,-3.5,0.4,1.2,0.3,0.7,0.8,24763.0,18.3,337.0,-3.0,4.0,0.013,2753.0,0.5,1.0,0.5,0.3,0.003,3.65,1.18,3.35,12.2,6.2,0.008,23,18,-1,9,77.9,128,-48,80,1.6,0.006537,999999.99,99999.99,99999.99,0.2,0.12,0.09,-1,2006-07-25 21:00:00
2006,206,22,2361,51,52,59,37,5.3,5.1,-18.7,140.1,-3.7,3.1,-1.6,3.0,-1.7,0.3,1.2,0.3,0.4,1.1,19512.0,19.1,332.0,-3.6,3.3,0.009,3023.0,0.8,2.0,0.3,0.7,0.001,3.64,0.56,4.18,13.7,6.4,0.0063,23,18,-4,9,77.9,217,-124,93,1.7,0.006537,999999.99,99999.99,99999.99,0.17,0.09,0.06,-1,2006-07-25 22:00:00
2006,206,23,2361,51,52,58,35,5.6,5.3,-40.8,162.5,-3.9,1.2,-3.5,1.0,-3.6,0.3,1.5,0.5,1.1,1.0,17325.0,15.5,327.0,-3.0,3.3,0.009,2091.0,1.4,2.0,0.6,0.8,0.002,2.87,1.18,3.0,11.5,6.1,0.009,23,18,-9,9,77.9,355,-196,159,2.1,0.006537,999999.99,99999.99,99999.99,0.17,0.11,0.08,-1,2006-07-25 23:00:00
2006,207,0,2361,51,52,64,39,5.6,5.4,-32.1,167.4,-4.5,1.0,-2.9,0.8,-3.0,0.3,1.5,0.5,1.2,0.7,37340.0,12.4,331.0,-2.7,2.9,0.017,4665.0,1.1,6.0,1.0,1.8,0.004,2.42,0.99,2.73,10.4,5.7,0.011,27,18,-11,12,77.0,566,-382,183,2.1,0.006533,999999.99,99999.99,99999.99,0.19,0.11,0.07,-1,2006-07-26 00:00:00
2006,207,1,2361,51,52,61,36,5.8,5.3,20.4,113.2,-1.9,4.5,1.8,4.6,1.4,0.2,2.3,1.3,0.7,1.8,40606.0,11.4,339.0,-3.8,0.1,0.019,4857.0,0.6,3.0,0.7,0.5,0.003,2.35,-0.47,2.38,9.9,5.6,0.0122,27,18,-9,12,77.0,207,-121,86,0.8,0.006533,999999.99,99999.99,99999.99,0.17,0.09,0.07,-1,2006-07-26 01:00:00
2006,207,2,2361,51,52,63,39,5.3,0.8,77.9,95.9,0.0,0.2,0.7,0.3,0.7,0.8,5.3,2.8,2.5,3.7,45499.0,12.1,348.0,-0.5,0.6,0.021,8630.0,2.0,11.0,1.7,1.6,0.003,2.65,-0.24,3.12,11.4,5.9,0.0091,27,18,-6,12,77.0,229,-117,113,0.5,0.006533,999999.99,99999.99,99999.99,0.21,0.11,0.08,-1,2006-07-26 02:00:00
2006,207,3,2361,51,52,61,37,5.7,5.3,44.4,347.5,3.7,-0.8,3.7,-0.2,3.8,0.3,2.0,1.2,1.2,1.0,38868.0,11.0,363.0,1.5,-0.8,0.02,7095.0,1.2,5.0,0.6,0.8,0.002,2.61,-1.38,2.36,10.6,6.1,0.0107,13,18,-6,5,77.0,97,-47,50,-0.1,0.006533,999999.99,99999.99,99999.99,0.21,0.11,0.08,-1,2006-07-26 03:00:00
2006,207,4,2361,51,52,59,36,6.4,6.1,5.9,314.2,4.2,-4.4,0.6,-4.2,1.5,0.4,2.0,0.8,1.0,1.5,29289.0,8.2,355.0,2.7,0.7,0.015,5184.0,1.2,5.0,0.6,0.9,0.002,1.83,-0.53,1.31,7.9,5.4,0.0189,13,18,-7,5,77.0,73,-27,46,-0.2,0.006533,999999.99,99999.99,99999.99,0.17,0.09,0.07,-1,2006-07-26 04:00:00
2006,207,5,2361,51,52,62,38,5.9,5.7,0.3,316.9,4.1,-3.9,0.0,-3.8,1.0,0.7,1.9,0.5,1.3,1.3,22832.0,10.0,353.0,2.6,1.2,0.029,7627.0,1.7,5.0,0.6,0.6,0.012,2.32,-0.35,1.81,9.5,5.9,0.0133,13,18,-2,5,77.0,129,-53,76,-0.2,0.006533,999999.99,99999.99,99999.99,0.2,0.09,0.06,-1,2006-07-26 05:00:00
2006,207,6,2361,51,52,60,37,5.6,5.5,31.1,345.2,4.6,-1.2,2.9,-0.3,3.1,0.3,0.8,0.3,0.4,0.6,33224.0,9.2,363.0,2.3,-0.4,0.017,3374.0,0.4,2.0,0.3,0.4,0.001,2.16,-1.13,1.97,9.8,6.0,0.0123,7,18,-1,3,77.0,110,-69,41,-0.3,0.006533,999999.99,99999.99,99999.99,0.21,0.11,0.09,-1,2006-07-26 06:00:00
2006,207,7,2361,51,52,60,37,4.9,4.8,17.7,338.1,4.3,-1.7,1.5,-1.1,2.0,0.2,0.9,0.3,0.6,0.7,34811.0,10.0,364.0,2.8,-0.2,0.017,3823.0,0.4,2.0,0.6,0.5,0.002,2.36,-0.73,2.83,11.7,6.3,0.0086,7,18,1,3,77.0,28,-14,14,-0.6,0.006533,999999.99,99999.99,99999.99,0.2,0.1,0.07,-1,2006-07-26 07:00:00
2006,207,8,2361,51,52,59,34,4.7,4.4,-18.0,334.8,3.8,-1.8,-1.4,-2.2,-0.6,0.3,1.6,0.5,1.0,1.1,33020.0,9.5,360.0,2.9,2.5,0.016,2925.0,0.6,2.0,1.4,1.1,0.001,2.19,0.22,2.89,11.8,6.3,0.0085,7,18,2,3,77.0,39,-13,26,-0.7,0.006533,999999.99,99999.99,99999.99,0.18,0.12,0.09,-1,2006-07-26 08:00:00
2006,207,9,2361,51,52,59,36,3.3,2.6,-16.1,337.9,2.3,-0.9,-0.7,-1.1,-0.3,0.7,2.2,1.2,1.7,0.7,38353.0,10.3,356.0,0.7,1.5,0.019,4172.0,0.7,4.0,1.2,0.9,0.004,2.35,0.11,6.56,17.3,6.7,0.004,10,18,3,4,77.0,93,-28,64,-0.2,0.006533,999999.99,99999.99,99999.99,0.17,0.1,0.08,-1,2006-07-26 09:00:00
2006,207,10,2361,51,52,60,37,3.1,3.0,11.7,324.3,2.4,-1.7,0.6,-1.3,1.2,0.6,1.0,0.7,0.6,0.4,40943.0,11.1,352.0,1.9,0.5,0.023,2158.0,0.6,2.0,0.5,0.5,0.001,2.51,-0.42,8.14,18.9,6.7,0.0033,10,18,4,4,77.0,132,-74,58,-0.4,0.006533,999999.99,99999.99,99999.99,0.17,0.1,0.06,-1,2006-07-26 10:00:00
2006,207,11,2361,51,52,55,34,3.3,1.3,9.2,296.1,0.6,-1.2,0.2,-1.0,0.7,0.7,3.1,2.5,1.3,1.2,46419.0,10.2,344.0,2.2,0.5,0.023,6745.0,0.5,7.0,0.8,0.4,0.002,2.2,-0.24,6.81,16.6,6.3,0.0043,10,18,4,4,77.0,61,-21,40,-0.2,0.006533,999999.99,99999.99,99999.99,0.23,0.14,0.11,-1,2006-07-26 11:00:00
2006,207,12,2361,51,52,61,34,2.5,1.8,6.1,181.6,-1.8,-0.1,0.2,0.0,0.2,0.6,1.8,0.8,0.9,1.2,54206.0,10.1,335.0,1.4,-0.2,0.027,3469.0,0.3,3.0,0.6,0.7,0.002,2.1,-0.07,12.27,21.3,6.3,0.0026,7,18,3,3,77.0,65,-23,42,-0.0,0.006533,999999.99,99999.99,99999.99,0.16,0.1,0.08,-1,2006-07-26 12:00:00
2006,207,13,2361,51,52,65,40,3.3,2.8,24.4,5.4,2.5,0.2,1.2,0.6,1.0,1.3,2.1,1.6,1.1,0.7,47007.0,9.3,347.0,0.0,0.6,0.023,7200.0,0.8,8.0,0.7,0.4,0.002,2.04,-0.35,6.23,16.0,6.3,0.0046,7,18,5,3,77.0,104,-78,26,-0.2,0.006533,999999.99,99999.99,99999.99,0.19,0.08,0.06,-1,2006-07-26 13:00:00
2006,207,14,2361,51,52,60,37,4.5,4.5,16.7,12.2,4.2,0.9,1.3,1.3,0.9,0.2,0.6,0.2,0.3,0.5,30903.0,8.4,357.0,-0.1,0.7,0.021,1720.0,0.3,1.0,0.3,0.5,0.001,1.94,-0.32,2.75,11.5,6.3,0.009,7,18,5,3,77.0,47,-22,25,0.2,0.006533,999999.99,99999.99,99999.99,0.22,0.11,0.07,-1,2006-07-26 14:00:00
2006,207,15,2361,51,52,60,37,3.1,3.1,17.7,5.0,2.9,0.3,0.9,0.6,0.8,0.5,0.8,0.5,0.5,0.3,37436.0,9.3,356.0,0.3,0.9,0.022,3256.0,0.5,2.0,0.5,0.5,0.001,2.14,-0.28,6.67,17.5,6.7,0.0039,10,18,5,4,77.0,44,-21,23,-0.0,0.006533,999999.99,99999.99,99999.99,0.2,0.11,0.07,-1,2006-07-26 15:00:00
2006,207,16,2361,51,52,58,34,3.0,2.8,26.0,19.1,2.4,0.8,1.2,1.1,1.0,0.7,1.2,0.7,0.5,0.8,37465.0,9.4,350.0,0.1,0.7,0.021,3383.0,0.8,6.0,0.6,0.6,0.003,2.08,-0.35,7.21,17.9,6.7,0.0037,10,18,3,4,77.0,41,-16,25,0.3,0.006533,999999.99,99999.99,99999.99,0.2,0.11,0.08,-1,2006-07-26 16:00:00
2006,207,17,2361,51,52,60,38,4.1,3.9,45.9,51.3,1.7,2.1,2.8,2.6,2.3,0.7,1.3,0.9,0.6,0.7,35601.0,8.4,340.0,-0.5,0.2,0.018,3845.0,0.8,6.0,0.6,0.4,0.003,1.74,-0.78,3.41,12.0,6.1,0.0082,10,18,3,4,77.0,55,-21,34,0.7,0.006533,999999.99,99999.99,99999.99,0.2,0.11,0.06,-1,2006-07-26 17:00:00
2006,207,18,2361,51,52,62,37,2.8,2.0,31.3,358.4,1.7,0.0,1.1,0.2,1.1,1.1,2.2,1.6,1.4,0.4,39971.0,10.5,351.0,1.8,1.1,0.024,4034.0,0.5,3.0,0.7,0.6,0.002,2.37,-0.39,9.38,20.3,6.7,0.0029,3,18,2,2,77.0,40,-14,25,0.6,0.006533,999999.99,99999.99,99999.99,0.18,0.1,0.07,-1,2006-07-26 18:00:00
2006,207,19,2361,51,52,59,37,4.8,4.7,21.7,7.1,4.3,0.5,1.7,0.7,1.6,0.2,1.2,0.2,0.9,0.7,33532.0,9.6,354.0,0.7,0.5,0.021,1351.0,0.3,1.0,0.6,0.4,0.001,2.18,-0.57,2.81,11.4,6.2,0.0091,3,18,4,2,77.0,42,-16,26,0.1,0.006533,999999.99,99999.99,99999.99,0.17,0.1,0.08,-1,2006-07-26 19:00:00
2006,207,20,2361,51,52,56,17,4.3,3.3,49.6,58.5,1.1,1.8,2.5,2.0,2.4,0.2,2.7,1.6,0.9,2.0,38620.0,10.1,343.0,-0.1,0.9,0.021,3022.0,0.5,3.0,0.5,1.0,0.002,2.15,-0.82,3.79,12.7,6.1,0.0074,3,18,6,2,77.0,52,-24,27,0.1,0.006533,999999.99,99999.99,99999.99,0.17,0.09,0.07,-1,2006-07-26 20:00:00
2006,207,21,2361,51,52,58,22,4.2,3.7,79.0,147.1,-0.6,0.4,3.7,0.6,3.7,0.2,1.9,1.5,1.0,0.6,36653.0,8.6,335.0,0.8,-1.1,0.019,5328.0,0.5,5.0,0.7,0.4,0.003,1.73,-1.24,3.35,11.7,5.9,0.0087,3,18,2,2,77.0,50,-19,31,0.3,0.006533,999999.99,99999.99,99999.99,0.18,0.08,0.06,-1,2006-07-26 21:00:00
2006,207,22,2361,51,52,62,38,3.4,2.6,62.3,162.1,-1.1,0.4,2.3,0.5,2.3,0.3,2.2,2.0,0.8,0.8,44065.0,8.9,317.0,0.3,-0.6,0.023,3507.0,0.4,12.0,0.9,1.2,0.002,1.63,-0.73,5.52,13.9,5.8,0.0061,3,18,-2,2,77.0,46,-18,28,0.3,0.006533,999999.99,99999.99,99999.99,0.24,0.13,0.09,-1,2006-07-26 22:00:00
2006,207,23,2361,51,52,59,36,3.8,2.6,79.2,349.6,0.5,-0.1,2.6,0.0,2.6,0.4,2.7,1.3,2.2,0.9,38471.0,9.5,327.0,0.6,-1.1,0.019,5399.0,0.4,6.0,1.3,0.6,0.002,1.83,-0.85,4.57,13.3,6.0,0.0068,3,18,-4,2,77.0,36,-19,17,0.2,0.006533,999999.99,99999.99,99999.99,0.16,0.09,0.07,-1,2006-07-26 23:00:00
2006,208,0,2361,51,52,59,37,3.9,3.8,-17.5,283.2,0.8,-3.5,-1.1,-3.6,-0.9,0.3,1.0,0.5,0.3,0.8,31517.0,9.3,326.0,1.7,0.4,0.018,3440.0,0.3,2.0,0.4,0.4,0.001,1.77,0.29,4.07,12.7,6.0,0.0073,7,18,-5,3,76.7,54,-31,23,0.1,0.006588,999999.99,99999.99,99999.99,0.17,0.1,0.07,-1,2006-07-27 00:00:00
2006,208,1,2361,51,52,61,34,3.5,2.4,14.5,309.1,1.4,-1.8,0.6,-1.7,0.8,0.4,2.5,0.6,1.3,2.1,34649.0,9.2,328.0,0.4,-0.6,0.019,3568.0,0.6,4.0,0.8,1.4,0.002,1.78,-0.26,5.09,14.2,6.1,0.0059,7,18,-2,3,76.7,67,-36,32,-0.1,0.006588,999999.99,99999.99,99999.99,0.15,0.09,0.07,-1,2006-07-27 01:00:00
2006,208,2,2361,51,52,59,36,3.8,3.5,42.4,31.1,2.2,1.3,2.4,1.6,2.2,0.2,1.2,0.7,0.9,0.3,33097.0,8.3,332.0,-1.0,-1.4,0.02,4352.0,0.4,4.0,0.8,0.3,0.002,1.65,-0.73,3.86,12.6,6.0,0.0075,7,18,4,3,76.7,52,-27,25,-0.0,0.006588,999999.99,99999.99,99999.99,0.19,0.1,0.08,-1,2006-07-27 02:00:00
2006,208,3,2361,51,52,61,38,4.0,3.9,28.1,18.5,3.2,1.1,1.8,1.4,1.6,0.3,0.8,0.6,0.4,0.3,30032.0,7.9,334.0,0.2,-1.4,0.018,2852.0,0.4,4.0,0.5,0.5,0.002,1.58,-0.53,3.25,11.7,6.0,0.0086,3,18,8,2,76.7,47,-28,19,0.1,0.006588,999999.99,99999.99,99999.99,0.21,0.14,0.09,-1,2006-07-27 03:00:00
2006,208,4,2361,51,52,60,36,4.0,3.9,34.2,22.5,3.0,1.2,2.2,1.6,1.9,0.1,0.7,0.2,0.5,0.5,30349.0,8.2,328.0,0.9,-1.2,0.021,1360.0,0.3,3.0,0.2,0.3,0.001,1.6,-0.62,3.38,11.7,5.9,0.0086,3,18,7,2,76.7,40,-23,17,-0.2,0.006588,999999.99,99999.99,99999.99,0.17,0.1,0.07,-1,2006-07-27 04:00:00
2006,208,5,2361,51,52,56,34,3.1,1.6,36.2,331.1,1.2,-0.6,1.0,-0.3,1.1,0.6,2.7,1.9,0.8,1.8,35593.0,8.9,322.0,1.9,-1.2,0.023,2933.0,0.6,4.0,0.6,0.5,0.003,1.68,-0.35,6.32,15.5,6.1,0.005,3,18,5,2,76.7,33,-12,21,-0.1,0.006588,999999.99,99999.99,99999.99,0.23,0.1,0.07,-1,2006-07-27 05:00:00
2006,208,6,2361,51,52,60,34,3.1,2.9,-27.8,175.1,-2.6,0.2,-1.4,-0.2,-1.4,0.5,1.1,0.6,0.8,0.6,38792.0,8.0,312.0,1.5,0.0,0.025,4367.0,0.4,3.0,0.6,0.4,0.004,1.43,0.44,5.79,14.2,5.8,0.0059,7,18,3,3,76.7,53,-11,42,-0.2,0.006588,999999.99,99999.99,99999.99,0.18,0.09,0.06,-1,2006-07-27 06:00:00
2006,208,7,2361,51,52,62,38,3.7,3.5,-26.8,169.8,-3.1,0.6,-1.6,0.0,-1.7,0.1,1.3,0.4,1.1,0.3,38665.0,8.2,315.0,0.0,-1.2,0.027,6007.0,0.5,3.0,0.8,0.6,0.005,1.51,0.54,4.16,12.2,5.7,0.008,7,18,1,3,76.7,136,-63,74,-0.0,0.006588,999999.99,99999.99,99999.99,0.19,0.08,0.06,-1,2006-07-27 07:00:00
2006,208,8,2361,51,52,56,32,4.0,3.3,21.6,129.3,-1.9,2.3,1.2,2.6,0.2,0.2,2.3,1.6,0.6,1.5,41161.0,8.9,319.0,-0.6,-2.2,0.028,3879.0,0.6,6.0,0.5,1.0,0.004,1.68,-0.06,3.92,11.9,5.7,0.0084,7,18,0,3,76.7,129,-85,44,0.1,0.006588,999999.99,99999.99,99999.99,0.21,0.12,0.08,-1,2006-07-27 08:00:00
2006,208,9,2361,51,52,61,38,3.8,3.4,19.2,155.2,-2.9,1.3,1.1,1.6,0.5,0.5,1.7,1.3,0.6,1.1,45100.0,8.1,313.0,-0.1,-1.3,0.032,5322.0,0.5,6.0,0.6,0.6,0.004,1.49,-0.16,4.05,11.7,5.5,0.0087,7,18,2,3,76.7,95,-61,34,0.4,0.006588,999999.99,99999.99,99999.99,0.2,0.13,0.09,-1,2006-07-27 09:00:00
2006,208,10,2361,51,52,62,38,3.4,3.0,53.2,67.4,0.7,1.7,2.4,2.5,1.5,0.3,1.7,1.2,1.1,0.5,46727.0,8.7,322.0,0.3,-1.3,0.027,5113.0,0.3,4.0,0.7,0.4,0.004,1.67,-0.48,5.48,14.0,5.8,0.0061,7,18,5,3,76.7,61,-32,29,-0.0,0.006588,999999.99,99999.99,99999.99,0.16,0.11,0.07,-1,2006-07-27 10:00:00
2006,208,11,2361,51,52,61,37,3.9,3.7,22.5,115.4,-1.5,3.1,1.4,3.4,0.0,0.3,1.2,0.9,0.4,0.8,48397.0,8.5,321.0,0.1,-1.0,0.028,3936.0,0.6,5.0,0.7,0.4,0.003,1.63,-0.0,4.11,12.0,5.6,0.0083,7,18,6,3,76.7,85,-33,52,0.6,0.006588,999999.99,99999.99,99999.99,0.18,0.1,0.08,-1,2006-07-27 11:00:00
2006,208,12,2361,51,52,60,36,4.3,4.0,35.4,100.2,-0.6,3.2,2.3,3.9,0.8,0.4,1.6,1.1,0.6,1.0,46305.0,9.2,327.0,0.3,-1.1,0.024,2835.0,0.7,4.0,0.4,0.3,0.003,1.8,-0.26,3.62,11.5,5.7,0.0089,20,18,5,7,76.7,95,-39,56,0.7,0.006588,999999.99,99999.99,99999.99,0.19,0.1,0.07,-1,2006-07-27 12:00:00
2006,208,13,2361,51,52,59,37,3.9,3.3,65.5,110.2,-0.5,1.3,3.0,2.3,2.3,0.5,2.1,0.7,1.7,1.0,49010.0,10.6,328.0,-0.1,-0.9,0.023,5386.0,0.5,2.0,0.3,0.7,0.005,2.08,-0.75,5.14,13.7,5.9,0.0063,20,18,6,7,76.7,75,-43,32,0.2,0.006588,999999.99,99999.99,99999.99,0.2,0.09,0.06,-1,2006-07-27 13:00:00
2006,208,14,2361,51,52,61,36,6.3,5.4,3.8,147.8,-4.6,2.9,0.4,2.9,-0.6,1.2,3.4,2.0,1.9,2.0,57752.0,18.4,340.0,-2.0,2.0,0.023,6711.0,4.0,9.0,1.1,1.4,0.003,3.88,0.2,3.59,11.6,5.7,0.0089,20,18,17,7,76.7,102,-43,59,1.3,0.006588,999999.99,99999.99,99999.99,0.17,0.1,0.08,-1,2006-07-27 14:00:00
2006,208,15,2361,51,52,68,41,8.1,6.5,19.3,126.0,-3.6,5.0,2.2,5.4,0.6,1.1,4.7,3.1,1.6,3.2,65460.0,22.1,370.0,-3.2,-0.1,0.022,11723.0,1.4,11.0,0.7,1.8,0.004,5.5,-0.22,2.72,10.7,5.9,0.0103,20,18,21,7,76.7,92,-40,52,1.0,0.006588,999999.99,99999.99,99999.99,0.2,0.09,0.06,-1,2006-07-27 15:00:00
2006,208,16,2361,51,52,59,35,9.3,8.9,52.1,26.9,4.9,2.5,7.0,4.2,6.1,0.5,2.5,1.6,1.8,0.7,62396.0,22.9,387.0,-2.2,-2.4,0.025,5653.0,1.3,5.0,0.7,0.6,0.003,6.3,-2.36,2.1,10.0,5.9,0.012,20,18,23,7,76.7,159,-128,31,-0.8,0.006588,999999.99,99999.99,99999.99,0.17,0.11,0.08,-1,2006-07-27 16:00:00
2006,208,17,2361,51,52,60,38,8.1,7.7,55.1,13.5,4.3,1.0,6.3,2.3,6.0,0.7,2.4,1.3,1.8,0.8,51326.0,23.8,381.0,-4.0,-2.2,0.019,6209.0,2.8,4.0,0.8,0.9,0.002,6.21,-2.29,2.71,11.5,6.3,0.009,20,18,23,7,76.7,76,-46,30,-0.4,0.006588,999999.99,99999.99,99999.99,0.18,0.1,0.06,-1,2006-07-27 17:00:00
2006,208,18,2361,51,52,63,38,9.4,7.5,16.4,128.8,-4.5,5.6,2.1,5.9,1.2,1.3,5.7,4.1,2.6,3.1,73858.0,25.5,386.0,-6.1,-2.4,0.02,14200.0,3.2,5.0,0.6,0.4,0.004,6.85,-0.46,2.43,10.4,5.9,0.0111,30,18,25,15,76.7,115,-59,56,0.2,0.006588,999999.99,99999.99,99999.99,0.19,0.1,0.07,-1,2006-07-27 18:00:00
2006,208,19,2361,51,52,59,36,10.8,8.3,44.7,116.5,-2.6,5.3,5.9,6.0,5.2,1.0,6.8,4.4,2.5,4.5,94596.0,22.5,404.0,-5.8,-3.5,0.015,8710.0,2.3,4.0,0.6,1.2,0.002,6.5,-2.1,1.79,8.9,5.6,0.0151,30,18,22,15,76.7,91,-31,60,-0.4,0.006588,999999.99,99999.99,99999.99,0.19,0.11,0.09,-1,2006-07-27 19:00:00
2006,208,20,2361,51,52,65,39,12.0,9.5,0.5,147.6,-8.0,5.1,0.1,5.1,-0.3,2.3,7.6,5.1,3.4,4.5,85967.0,19.8,401.0,-5.9,-3.9,0.016,40257.0,3.2,17.0,2.1,1.9,0.006,5.66,0.12,1.23,7.4,5.2,0.0215,30,18,20,15,76.7,161,-56,105,0.8,0.006588,999999.99,99999.99,99999.99,0.17,0.09,0.07,-1,2006-07-27 20:00:00
2006,208,21,2361,51,52,65,40,9.6,5.5,-73.7,174.6,-1.5,0.1,-5.3,-0.2,-5.3,2.0,8.0,4.4,3.9,5.4,189799.0,22.7,436.0,-1.6,-0.1,0.025,51472.0,4.3,16.0,1.2,1.6,0.003,7.93,2.31,3.26,10.8,5.5,0.0102,37,18,8,22,76.7,518,-308,210,3.7,0.006588,999999.99,99999.99,99999.99,0.18,0.11,0.08,-1,2006-07-27 21:00:00
2006,208,22,2361,51,52,61,37,10.9,9.2,-12.6,133.5,-6.2,6.5,-2.0,6.4,-2.4,1.2,5.7,1.6,2.3,5.0,275520.0,16.4,462.0,0.2,-0.2,0.032,35677.0,1.7,6.0,0.8,1.2,0.002,6.59,1.11,2.32,8.6,5.0,0.0161,37,18,-10,22,76.7,454,-246,208,3.2,0.006588,999999.99,99999.99,99999.99,0.19,0.11,0.08,-1,2006-07-27 22:00:00
2006,208,23,2361,51,52,65,37,11.8,9.1,37.9,121.3,-3.7,6.2,5.6,6.5,5.2,1.8,7.5,3.2,5.7,3.7,389507.0,14.5,497.0,4.1,-0.5,0.035,60826.0,1.6,18.0,2.2,1.3,0.003,6.82,-2.58,2.24,8.0,4.7,0.0185,37,18,-8,22,76.7,233,-83,150,2.0,0.006588,999999.99,99999.99,99999.99,0.21,0.1,0.07,-1,2006-07-27 23:00:00
2006,209,0,2361,51,52,62,37,14.0,10.5,61.5,117.8,-2.3,4.4,9.3,5.1,8.9,1.5,9.1,3.3,6.2,5.8,497429.0,15.1,537.0,5.0,-2.8,0.049,81479.0,1.4,10.0,1.2,2.7,0.011,8.7,-4.78,2.01,7.5,4.5,0.0214,60,16,2,80,74.9,207,-122,85,0.7,0.006535,999999.99,99999.99,99999.99,0.18,0.09,0.07,-1,2006-07-28 00:00:00
2006,209,1,2361,51,52,59,37,13.5,11.4,-31.2,114.4,-4.0,8.9,-5.9,8.3,-6.8,1.8,7.3,2.6,2.7,6.2,490241.0,12.8,530.0,5.8,-2.2,0.065,57580.0,1.3,5.0,0.7,1.5,0.011,7.57,3.6,1.81,7.0,4.4,0.0241,60,16,2,80,74.9,274,-124,150,2.8,0.006535,999999.99,99999.99,99999.99,0.2,0.13,0.09,-1,2006-07-28 01:00:00
2006,209,2,2361,51,52,68,42,12.9,10.0,-57.9,158.4,-4.9,2.0,-8.5,0.8,-8.7,1.7,8.0,3.1,6.1,4.2,477351.0,10.0,580.0,7.6,-2.0,0.061,65200.0,1.6,37.0,1.7,1.4,0.014,6.99,5.05,1.51,7.1,4.7,0.0235,60,16,-21,80,74.9,886,-467,419,7.0,0.006535,999999.99,99999.99,99999.99,0.16,0.08,0.06,-1,2006-07-28 02:00:00
2006,209,3,2361,51,52,62,35,10.0,7.1,-28.7,129.3,-3.9,4.8,-3.4,4.1,-4.2,1.4,6.7,1.6,3.5,5.4,520201.0,8.6,644.0,9.1,-3.4,0.066,77058.0,0.7,13.0,1.3,2.3,0.011,7.53,2.7,2.32,9.4,5.4,0.0133,53,16,-38,56,74.9,1101,-807,295,8.2,0.006535,999999.99,99999.99,99999.99,0.19,0.1,0.07,-1,2006-07-28 03:00:00
2006,209,4,2361,51,52,59,37,8.2,6.6,9.9,147.8,-5.5,3.5,1.1,3.7,0.3,0.4,4.6,2.1,3.0,2.8,464481.0,7.6,647.0,9.1,-4.5,0.064,43308.0,1.0,9.0,1.3,1.4,0.01,6.67,-0.19,2.79,10.9,5.9,0.0101,53,16,-48,56,74.9,848,-567,281,4.6,0.006535,999999.99,99999.99,99999.99,0.17,0.09,0.07,-1,2006-07-28 04:00:00
2006,209,5,2361,51,52,61,36,7.0,5.4,12.6,136.5,-3.8,3.6,1.2,3.8,0.2,0.8,4.3,1.2,2.0,3.6,356210.0,5.1,663.0,6.3,-4.6,0.06,45219.0,0.5,9.0,1.0,1.7,0.007,4.64,-0.13,2.1,10.7,6.4,0.0104,53,16,-46,56,74.9,445,-195,250,2.8,0.006535,999999.99,99999.99,99999.99,0.17,0.09,0.07,-1,2006-07-28 05:00:00
2006,209,6,2361,51,52,59,36,7.6,6.9,-23.3,160.4,-6.0,2.1,-2.7,1.2,-3.2,0.5,3.0,0.8,1.1,2.6,318331.0,5.2,647.0,5.5,-3.0,0.052,21841.0,0.5,5.0,0.5,1.0,0.007,4.39,2.07,1.67,9.7,6.2,0.0126,37,16,-42,22,74.9,333,-184,148,1.7,0.006535,999999.99,99999.99,99999.99,0.19,0.1,0.08,-1,2006-07-28 06:00:00
2006,209,7,2361,51,52,59,36,8.1,7.1,-13.1,154.4,-6.2,3.0,-1.6,2.3,-2.5,0.2,3.9,0.8,1.1,3.6,322432.0,5.3,635.0,5.5,-3.2,0.056,18589.0,0.4,6.0,0.7,1.6,0.006,4.37,1.59,1.51,9.0,5.9,0.0146,37,16,-41,22,74.9,596,-424,172,1.7,0.006535,999999.99,99999.99,99999.99,0.17,0.1,0.07,-1,2006-07-28 07:00:00
2006,209,8,2361,51,52,60,15,7.3,6.7,13.2,157.9,-6.1,2.5,1.5,2.9,0.4,0.9,2.6,0.7,1.0,2.3,321810.0,5.9,630.0,6.0,-5.4,0.043,41828.0,0.3,3.0,0.8,1.1,0.006,4.58,-0.25,2.07,10.5,6.3,0.0108,37,16,-37,22,74.9,351,-214,138,1.8,0.006535,999999.99,99999.99,99999.99,0.2,0.09,0.06,-1,2006-07-28 08:00:00
2006,209,9,2361,51,52,60,37,5.3,3.2,-35.8,196.8,-2.5,-0.8,-1.9,-1.5,-1.4,0.8,4.1,3.1,1.5,2.3,406871.0,6.7,629.0,6.0,-2.5,0.04,32336.0,0.3,7.0,0.4,0.7,0.004,5.14,0.88,5.31,15.4,6.5,0.005,30,16,-37,15,74.9,257,-121,136,1.1,0.006535,999999.99,99999.99,99999.99,0.17,0.11,0.08,-1,2006-07-28 09:00:00
2006,209,10,2361,51,52,57,35,5.6,4.5,-16.2,169.6,-4.2,0.8,-1.2,0.2,-1.4,0.7,3.4,1.5,1.4,2.7,394223.0,6.4,602.0,5.7,-2.1,0.041,33036.0,0.4,7.0,0.4,0.8,0.008,4.51,0.84,4.44,13.6,6.2,0.0064,30,16,-26,15,74.9,423,-344,78,0.8,0.006535,999999.99,99999.99,99999.99,0.19,0.1,0.07,-1,2006-07-28 10:00:00
2006,209,11,2361,51,52,64,40,5.3,4.6,-17.4,141.3,-3.4,2.8,-1.4,2.0,-2.4,1.4,2.7,1.3,1.0,2.2,309231.0,4.4,608.0,3.8,-0.3,0.038,97612.0,1.7,29.0,2.7,0.9,0.006,3.13,1.46,2.85,12.0,6.5,0.0082,30,16,-26,15,74.9,194,-111,83,1.2,0.006535,999999.99,99999.99,99999.99,0.17,0.1,0.08,-1,2006-07-28 11:00:00
2006,209,12,2361,51,52,60,35,3.2,2.6,24.6,149.3,-2.0,1.2,1.1,1.5,0.5,0.2,1.7,0.9,1.2,0.7,159595.0,2.2,648.0,0.7,-1.4,0.032,22016.0,0.2,8.0,1.2,0.7,0.004,1.74,-0.32,2.57,15.0,8.4,0.0053,23,16,-37,9,74.9,241,-198,43,0.9,0.006535,999999.99,99999.99,99999.99,0.17,0.11,0.08,-1,2006-07-28 12:00:00
2006,209,13,2361,51,52,60,37,3.2,2.4,15.9,134.9,-1.7,1.7,0.7,1.8,0.0,0.2,2.0,1.0,1.6,0.6,152286.0,2.2,645.0,0.6,-0.4,0.031,12782.0,0.1,13.0,1.1,0.7,0.002,1.72,-0.0,2.51,14.9,8.4,0.0053,23,16,-32,9,74.9,152,-100,52,1.6,0.006535,999999.99,99999.99,99999.99,0.19,0.1,0.07,-1,2006-07-28 13:00:00
2006,209,14,2361,51,52,60,36,3.1,2.6,27.7,143.3,-1.8,1.4,1.2,1.7,0.6,0.2,1.6,1.0,0.8,0.9,157963.0,2.2,633.0,0.9,-0.6,0.031,19000.0,0.2,7.0,0.7,0.6,0.003,1.65,-0.38,2.73,15.1,8.3,0.0052,23,16,-30,9,74.9,88,-60,28,1.1,0.006535,999999.99,99999.99,99999.99,0.18,0.1,0.07,-1,2006-07-28 14:00:00
2006,209,15,2361,51,52,60,37,3.3,2.5,23.9,53.9,1.3,1.8,1.0,2.0,0.4,0.2,2.1,1.5,0.9,1.2,154274.0,2.2,637.0,1.0,-0.8,0.033,15849.0,0.2,7.0,0.5,0.8,0.003,1.69,-0.25,2.38,14.3,8.2,0.0058,20,16,-28,7,74.9,197,-156,42,0.8,0.006535,999999.99,99999.99,99999.99,0.21,0.09,0.06,-1,2006-07-28 15:00:00
2006,209,16,2361,51,52,59,34,3.1,2.8,53.5,32.8,1.4,0.9,2.2,1.4,1.9,0.4,1.5,1.1,0.7,0.6,143166.0,2.0,634.0,0.6,-2.1,0.033,15106.0,0.1,7.0,0.6,0.5,0.003,1.52,-1.2,2.35,14.5,8.3,0.0057,20,16,-26,7,74.9,98,-56,41,-0.7,0.006535,999999.99,99999.99,99999.99,0.16,0.09,0.07,-1,2006-07-28 16:00:00
2006,209,17,2361,51,52,60,37,3.0,1.9,64.5,97.2,-0.1,0.8,1.7,1.1,1.5,0.2,2.3,1.6,1.3,1.0,150510.0,2.1,623.0,0.8,-1.7,0.031,6595.0,0.1,4.0,0.3,0.3,0.002,1.53,-0.93,2.71,15.0,8.2,0.0053,20,16,-24,7,74.9,39,-17,22,0.4,0.006535,999999.99,99999.99,99999.99,0.18,0.09,0.06,-1,2006-07-28 17:00:00
2006,209,18,2361,51,52,59,37,2.8,2.1,4.9,53.4,1.3,1.7,0.2,1.7,-0.1,0.5,1.8,1.4,0.9,0.8,149668.0,1.9,618.0,-0.2,-0.9,0.033,8526.0,0.1,5.0,0.6,0.3,0.004,1.37,0.06,2.8,15.2,8.2,0.0051,7,16,-24,3,74.9,64,-32,32,0.9,0.006535,999999.99,99999.99,99999.99,0.15,0.1,0.06,-1,2006-07-28 18:00:00
2006,209,19,2361,51,52,60,36,3.0,2.9,33.8,174.2,-2.4,0.2,1.6,0.4,1.6,0.1,0.8,0.3,0.7,0.3,133574.0,1.8,609.0,0.6,-0.9,0.033,11004.0,0.1,4.0,0.4,0.3,0.002,1.26,-0.97,2.18,13.6,8.0,0.0064,7,16,-24,3,74.9,38,-16,22,0.2,0.006535,999999.99,99999.99,99999.99,0.16,0.1,0.07,-1,2006-07-28 19:00:00
2006,209,20,2361,51,52,58,36,2.8,2.7,49.8,167.1,-1.7,0.4,2.1,0.6,2.1,0.3,0.7,0.5,0.3,0.3,138645.0,1.8,594.0,0.6,-2.2,0.03,18208.0,0.1,9.0,0.3,0.7,0.003,1.19,-1.25,2.55,14.2,8.0,0.0059,7,16,-24,3,74.9,31,-17,14,0.1,0.006535,999999.99,99999.99,99999.99,0.16,0.1,0.08,-1,2006-07-28 20:00:00
2006,209,21,2361,51,52,59,36,2.8,2.6,18.4,156.2,-2.3,1.0,0.8,1.1,0.7,0.2,1.1,0.5,0.4,0.8,127982.0,1.7,581.0,0.5,-2.2,0.03,18561.0,0.3,11.0,0.4,0.5,0.003,1.07,-0.41,2.31,13.5,7.8,0.0065,13,16,-26,5,74.9,60,-32,28,0.7,0.006535,999999.99,99999.99,99999.99,0.2,0.09,0.07,-1,2006-07-28 21:00:00
2006,209,22,2361,51,52,59,31,3.0,3.0,-3.3,180.8,-3.0,0.0,-0.2,0.0,-0.2,0.1,0.3,0.1,0.3,0.2,94150.0,1.4,563.0,1.9,-1.4,0.028,16761.0,0.3,6.0,0.3,0.3,0.002,0.82,0.11,1.44,11.1,7.4,0.0096,13,16,-28,5,74.9,90,-55,36,0.6,0.006535,999999.99,99999.99,99999.99,0.16,0.1,0.08,-1,2006-07-28 22:00:00
2006,209,23,2361,51,52,59,37,3.0,2.8,4.3,168.6,-2.8,0.6,0.2,0.6,0.2,0.2,1.0,0.4,0.8,0.4,98898.0,1.5,562.0,1.8,-1.6,0.029,19762.0,0.3,9.0,1.0,0.5,0.002,0.88,-0.11,1.58,11.5,7.5,0.009,13,16,-28,5,74.9,149,-99,50,1.0,0.006535,999999.99,99999.99,99999.99,0.16,0.08,0.06,-1,2006-07-28 23:00:00
2006,210,0,2361,51,52,59,23,2.8,2.6,14.4,144.2,-2.0,1.4,0.6,1.4,0.5,0.1,1.2,0.6,0.9,0.5,106177.0,1.8,555.0,1.5,-1.9,0.027,12883.0,0.2,6.0,0.8,0.6,0.003,1.03,-0.28,2.24,13.3,7.8,0.0067,20,16,-28,7,75.2,85,-57,28,0.7,0.0066,999999.99,99999.99,99999.99,0.2,0.1,0.07,-1,2006-07-29 00:00:00
2006,210,1,2361,51,51,61,36,2.8,2.6,-4.5,170.5,-2.6,0.4,-0.2,0.4,-0.2,0.1,0.8,0.3,0.6,0.5,96169.0,2.1,547.0,2.7,-0.3,9.999,23746.0,0.2,6.0,1.5,1.1,9.999,1.26,0.11,2.5,14.2,8.0,0.0059,20,16,-26,7,75.2,160,-103,57,1.0,0.0066,999999.99,99999.99,99999.99,0.18,0.11,0.08,-1,2006-07-29 01:00:00
2006,210,2,2361,51,51,58,34,2.2,2.0,47.1,109.8,-0.5,1.3,1.5,1.5,1.3,0.4,0.9,0.6,0.4,0.5,100676.0,1.7,551.0,1.6,-1.8,9.999,13557.0,0.1,8.0,0.6,0.4,9.999,1.03,-0.72,3.35,16.3,8.3,0.0045,20,16,-21,7,75.2,190,-149,41,0.9,0.0066,999999.99,99999.99,99999.99,0.16,0.09,0.07,-1,2006-07-29 02:00:00
2006,210,3,2361,51,51,59,36,2.1,1.5,26.0,110.9,-0.5,1.2,0.6,1.3,0.4,0.3,1.5,1.3,0.5,0.5,87436.0,1.7,535.0,0.6,-1.2,9.999,13254.0,0.1,13.0,0.8,0.7,9.999,0.97,-0.21,3.46,16.6,8.3,0.0043,7,16,-21,3,75.2,66,-36,30,0.3,0.0066,999999.99,99999.99,99999.99,0.16,0.1,0.08,-1,2006-07-29 03:00:00
2006,210,4,2361,51,51,59,36,2.2,2.1,6.7,147.6,-1.7,1.1,0.2,1.1,-0.1,0.1,0.8,0.3,0.6,0.4,83020.0,1.9,518.0,1.1,-0.8,9.999,10902.0,0.3,4.0,1.0,0.8,9.999,1.02,0.05,3.45,16.2,8.1,0.0045,7,16,-23,3,75.2,84,-53,31,0.3,0.0066,999999.99,99999.99,99999.99,0.15,0.09,0.06,-1,2006-07-29 04:00:00
2006,210,5,2361,51,51,60,35,2.5,2.2,-11.7,125.5,-1.3,1.8,-0.5,1.6,-1.0,0.2,1.1,0.6,0.5,0.8,79060.0,1.7,508.0,-0.1,-0.2,9.999,15677.0,0.2,6.0,0.7,1.0,9.999,0.88,0.51,2.35,13.2,7.6,0.0068,7,16,-24,3,75.2,152,-102,50,0.8,0.0066,999999.99,99999.99,99999.99,0.16,0.09,0.07,-1,2006-07-29 05:00:00
2006,210,6,2361,51,51,58,36,2.3,2.3,-15.2,102.1,-0.5,2.2,-0.6,1.9,-1.3,0.2,0.5,0.3,0.3,0.3,70326.0,1.7,505.0,-0.7,0.3,9.999,8898.0,0.1,6.0,0.3,0.3,9.999,0.87,0.66,2.66,14.3,7.9,0.0058,10,16,-24,4,75.2,274,-190,84,1.3,0.0066,999999.99,99999.99,99999.99,0.2,0.12,0.08,-1,2006-07-29 06:00:00
2006,210,7,2361,51,51,60,36,2.3,1.7,-17.6,103.0,-0.4,1.6,-0.5,1.3,-1.0,0.2,1.4,1.2,0.8,0.4,70279.0,1.7,498.0,-0.2,0.2,9.999,11302.0,0.4,8.0,0.7,0.4,9.999,0.84,0.5,2.66,14.1,7.8,0.006,10,16,-24,4,75.2,302,-207,95,2.0,0.0066,999999.99,99999.99,99999.99,0.21,0.12,0.09,-1,2006-07-29 07:00:00
2006,210,8,2361,51,51,61,37,2.2,2.0,2.9,109.0,-0.7,1.9,0.1,1.8,-0.6,0.2,0.7,0.6,0.2,0.3,76927.0,1.4,497.0,0.1,-0.2,9.999,11684.0,0.1,4.0,0.9,0.5,9.999,0.69,0.3,2.47,13.4,7.5,0.0067,10,16,-23,4,75.2,170,-95,75,1.6,0.0066,999999.99,99999.99,99999.99,0.18,0.09,0.06,-1,2006-07-29 08:00:00
2006,210,9,2361,51,51,59,36,2.2,2.0,-14.3,80.3,0.3,1.9,-0.5,1.5,-1.2,0.2,0.8,0.7,0.2,0.3,69430.0,1.3,494.0,1.1,0.3,9.999,9820.0,0.1,4.0,0.7,0.5,9.999,0.63,0.59,2.21,12.8,7.5,0.0073,10,16,-22,4,75.2,153,-73,80,1.6,0.0066,999999.99,99999.99,99999.99,0.19,0.11,0.08,-1,2006-07-29 09:00:00
2006,210,10,2361,51,51,60,35,3.0,2.8,26.5,166.9,-2.4,0.6,1.2,1.1,0.8,0.1,1.2,0.3,1.0,0.5,52930.0,2.0,489.0,0.2,-0.4,9.999,7432.0,0.3,7.0,0.8,0.8,9.999,0.96,-0.39,1.68,11.5,7.4,0.009,10,16,-21,4,75.2,166,-79,87,1.1,0.0066,999999.99,99999.99,99999.99,0.2,0.11,0.07,-1,2006-07-29 10:00:00
2006,210,11,2361,51,51,59,36,3.0,2.9,23.7,152.6,-2.4,1.2,1.2,1.6,0.6,0.1,0.3,0.1,0.3,0.2,82735.0,2.2,487.0,-0.5,-1.1,9.999,18432.0,0.3,3.0,1.0,1.0,9.999,1.04,-0.29,2.15,12.0,7.1,0.0082,10,16,-22,4,75.2,107,-67,40,0.3,0.0066,999999.99,99999.99,99999.99,0.19,0.08,0.05,-1,2006-07-29 11:00:00
2006,210,12,2361,51,51,61,37,3.0,2.8,21.5,144.3,-2.2,1.5,1.0,1.8,0.3,0.3,0.8,0.7,0.3,0.1,67720.0,2.3,485.0,-0.6,-1.2,9.999,12080.0,0.2,5.0,0.8,0.8,9.999,1.08,-0.15,2.08,12.3,7.3,0.0079,7,16,-24,3,75.2,67,-35,32,0.6,0.0066,999999.99,99999.99,99999.99,0.18,0.09,0.07,-1,2006-07-29 12:00:00
2006,210,13,2361,51,51,59,36,3.0,2.8,37.4,84.0,0.2,2.2,1.7,2.7,0.7,0.3,1.0,0.8,0.3,0.5,52386.0,1.9,487.0,-0.7,-1.7,9.999,10572.0,0.1,3.0,0.3,0.3,9.999,0.9,-0.34,1.59,11.2,7.3,0.0095,7,16,-23,3,75.2,53,-31,22,0.6,0.0066,999999.99,99999.99,99999.99,0.19,0.11,0.1,-1,2006-07-29 13:00:00
2006,210,14,2361,51,51,60,37,2.9,2.7,33.2,84.8,0.2,2.2,1.5,2.6,0.6,0.3,1.1,0.7,0.4,0.8,56019.0,2.2,480.0,-1.1,-1.3,9.999,8673.0,0.2,3.0,0.3,0.6,9.999,1.01,-0.29,2.01,12.3,7.4,0.0079,7,16,-20,3,75.2,44,-25,18,0.3,0.0066,999999.99,99999.99,99999.99,0.23,0.12,0.09,-1,2006-07-29 14:00:00
2006,210,15,2361,51,51,58,36,3.4,3.0,44.4,127.4,-1.3,1.7,2.1,2.3,1.5,0.3,1.6,1.2,0.8,0.8,51687.0,2.8,476.0,-0.9,-1.3,9.999,11223.0,0.4,8.0,0.8,1.3,9.999,1.27,-0.71,1.81,11.7,7.3,0.0087,7,16,-16,3,75.2,48,-26,21,0.2,0.0066,999999.99,99999.99,99999.99,0.21,0.11,0.08,-1,2006-07-29 15:00:00
2006,210,16,2361,51,51,61,37,3.7,3.5,24.6,149.6,-2.7,1.6,1.4,1.9,0.9,0.1,1.3,0.3,0.4,1.2,43858.0,2.8,471.0,-1.0,-0.3,9.999,5698.0,0.4,5.0,0.7,1.4,9.999,1.24,-0.42,1.47,10.7,7.1,0.0105,7,16,-17,3,75.2,40,-23,17,-1.3,0.0066,999999.99,99999.99,99999.99,0.19,0.1,0.07,-1,2006-07-29 16:00:00
2006,210,17,2361,51,51,64,39,4.0,3.7,21.0,182.6,-3.4,-0.2,1.3,0.1,1.3,0.3,1.5,0.4,1.4,0.4,53100.0,2.8,472.0,0.5,0.3,9.999,14748.0,0.4,9.0,1.5,1.0,9.999,1.25,-0.61,1.32,9.9,6.7,0.0122,7,16,-16,3,75.2,44,-23,20,-0.9,0.0066,999999.99,99999.99,99999.99,0.15,0.08,0.06,-1,2006-07-29 17:00:00
2006,210,18,2361,51,51,61,37,3.9,3.4,49.7,167.2,-2.1,0.5,2.6,0.9,2.5,0.5,1.9,1.0,1.2,1.1,108527.0,3.2,520.0,-1.3,2.7,9.999,19304.0,0.3,7.0,1.1,0.8,9.999,1.73,-1.3,2.07,11.9,7.1,0.0084,13,16,-16,5,75.2,47,-21,26,0.7,0.0066,999999.99,99999.99,99999.99,0.16,0.08,0.07,-1,2006-07-29 18:00:00
2006,210,19,2361,51,51,60,36,3.6,3.0,69.2,103.2,-0.2,1.1,2.9,1.5,2.7,0.5,2.0,1.7,0.6,0.8,114912.0,4.2,519.0,-0.8,2.3,9.999,14843.0,0.4,4.0,0.4,0.4,9.999,2.26,-1.4,3.28,14.8,7.5,0.0055,13,16,-12,5,75.2,56,-24,32,0.2,0.0066,999999.99,99999.99,99999.99,0.22,0.13,0.09,-1,2006-07-29 19:00:00
2006,210,20,2361,51,51,59,36,3.3,2.9,74.5,109.4,-0.3,0.7,2.8,1.0,2.7,0.4,1.4,1.2,0.7,0.4,126728.0,4.9,509.0,-1.3,1.4,9.999,16308.0,0.3,4.0,0.4,0.6,9.999,2.54,-1.37,4.77,17.1,7.5,0.0041,13,16,-9,5,75.2,37,-18,19,0.2,0.0066,999999.99,99999.99,99999.99,0.17,0.1,0.08,-1,2006-07-29 20:00:00
2006,210,21,2361,51,51,60,36,4.0,3.5,42.3,35.2,2.1,1.5,2.4,1.7,2.3,0.3,1.7,1.5,0.4,0.8,123945.0,5.2,509.0,-1.6,1.0,9.999,23120.0,0.4,5.0,0.6,0.6,9.999,2.69,-1.17,3.41,14.5,7.3,0.0057,7,16,-8,3,75.2,38,-31,8,0.1,0.0066,999999.99,99999.99,99999.99,0.19,0.13,0.07,-1,2006-07-29 21:00:00
2006,210,22,2361,51,51,58,36,4.8,4.3,21.2,182.3,-4.1,-0.2,1.6,-0.1,1.6,0.7,2.0,1.4,1.3,0.7,121007.0,5.0,502.0,-1.6,1.3,9.999,27609.0,0.3,8.0,0.6,0.5,9.999,2.52,-0.8,2.25,11.7,6.8,0.0087,7,16,-5,3,75.2,35,-26,9,0.5,0.0066,999999.99,99999.99,99999.99,0.17,0.1,0.07,-1,2006-07-29 22:00:00
2006,210,23,2361,51,51,60,36,5.0,4.9,20.7,149.7,-4.0,2.3,1.7,2.4,1.5,0.4,1.1,0.8,0.5,0.5,121171.0,5.1,491.0,-0.9,1.5,9.999,10776.0,0.2,3.0,0.7,0.8,9.999,2.46,-0.74,2.12,11.1,6.6,0.0097,7,16,-8,3,75.2,38,-25,13,0.4,0.0066,999999.99,99999.99,99999.99,0.2,0.1,0.07,-1,2006-07-29 23:00:00
2006,211,0,2361,51,52,59,5,3.4,3.3,29.7,148.0,-2.4,1.5,1.6,1.6,1.5,1.1,1.4,1.2,0.6,0.4,139175.0,5.9,477.0,-0.8,0.4,0.037,2958.0,0.1,2.0,0.1,0.1,0.001,2.57,-0.72,5.68,17.0,7.0,0.0041,10,31,-10,4,76.2,41,-24,17,0.2,0.006571,999999.99,99999.99,99999.99,0.19,0.13,0.1,-1,2006-07-30 00:00:00
2006,211,1,2361,51,52,59,37,3.7,3.1,43.1,123.1,-1.2,1.9,2.1,2.1,1.9,1.1,2.2,0.8,1.2,1.7,128883.0,5.6,468.0,-1.2,0.7,0.034,15573.0,0.5,3.0,0.5,0.5,0.004,2.33,-0.89,4.38,15.0,6.8,0.0053,10,31,-10,4,76.2,56,-34,22,0.1,0.006571,999999.99,99999.99,99999.99,0.17,0.1,0.08,-1,2006-07-30 01:00:00
2006,211,2,2361,51,52,59,36,3.8,1.7,65.1,108.7,-0.2,0.7,1.5,0.9,1.4,0.5,3.4,3.4,0.5,0.6,114788.0,4.5,464.0,-1.2,0.6,0.038,10832.0,0.6,7.0,0.3,0.3,0.005,1.86,-0.65,3.15,13.0,6.7,0.0071,10,31,-12,4,76.2,48,-28,20,-0.1,0.006571,999999.99,99999.99,99999.99,0.22,0.09,0.06,-1,2006-07-30 02:00:00
2006,211,3,2361,51,52,60,34,2.9,2.8,7.3,15.4,2.7,0.7,0.4,0.8,0.3,0.6,1.0,0.7,0.4,0.5,107728.0,4.5,465.0,-0.7,0.6,0.035,5216.0,0.3,5.0,0.3,0.4,0.004,1.85,-0.14,5.26,17.0,7.2,0.0041,13,31,-12,5,76.2,68,-35,32,0.2,0.006571,999999.99,99999.99,99999.99,0.18,0.1,0.07,-1,2006-07-30 03:00:00
2006,211,4,2361,51,52,60,37,3.1,2.6,41.1,81.2,0.3,1.9,1.7,2.2,1.2,0.7,1.8,1.0,1.1,1.0,93479.0,4.1,463.0,0.3,0.7,0.03,8239.0,0.4,5.0,0.4,0.4,0.001,1.64,-0.56,3.94,15.1,7.2,0.0052,13,31,-12,5,76.2,100,-57,44,0.3,0.006571,999999.99,99999.99,99999.99,0.19,0.09,0.07,-1,2006-07-30 04:00:00
2006,211,5,2361,51,52,58,36,2.3,1.6,44.8,106.5,-0.3,1.1,1.1,1.4,0.7,0.4,1.6,1.0,1.1,0.5,75262.0,4.3,460.0,-0.2,-0.6,0.023,9581.0,0.2,5.0,1.2,0.4,0.002,1.66,-0.32,6.89,20.7,7.9,0.0028,13,31,-9,5,76.2,122,-78,44,0.5,0.006571,999999.99,99999.99,99999.99,0.18,0.09,0.07,-1,2006-07-30 05:00:00
2006,211,6,2361,51,52,60,37,2.2,1.7,54.9,316.2,0.7,-0.7,1.4,-0.2,1.6,0.3,1.4,0.7,1.0,0.7,62449.0,4.4,455.0,-0.7,-0.6,0.021,5382.0,0.2,2.0,0.3,0.4,0.002,1.65,-0.73,7.22,21.7,8.1,0.0025,10,31,-6,4,76.2,124,-87,37,0.5,0.006571,999999.99,99999.99,99999.99,0.15,0.09,0.07,-1,2006-07-30 06:00:00
2006,211,7,2361,51,52,56,35,2.5,2.2,17.3,146.9,-1.8,1.2,0.7,1.4,0.2,0.5,1.3,0.9,0.5,0.8,69663.0,3.9,442.0,-1.7,-0.4,0.021,5297.0,0.2,6.0,0.3,0.5,0.001,1.38,-0.09,5.14,17.5,7.5,0.0039,10,31,-6,4,76.2,95,-68,26,0.2,0.006571,999999.99,99999.99,99999.99,0.17,0.1,0.07,-1,2006-07-30 07:00:00
2006,211,8,2361,51,52,61,34,3.6,3.5,16.4,148.3,-2.9,1.8,1.0,2.0,0.2,0.3,0.7,0.3,0.4,0.6,58271.0,3.7,439.0,-1.0,-0.0,0.022,4222.0,0.2,3.0,0.3,0.4,0.001,1.3,-0.09,2.22,11.7,6.9,0.0086,10,31,-6,4,76.2,61,-27,34,0.4,0.006571,999999.99,99999.99,99999.99,0.21,0.12,0.07,-1,2006-07-30 08:00:00
2006,211,9,2361,51,52,60,19,4.0,3.8,21.5,146.7,-2.9,1.9,1.4,2.3,0.5,0.5,1.2,0.3,1.0,0.5,53857.0,3.8,435.0,-1.1,-0.4,0.021,2735.0,0.2,2.0,0.3,0.2,0.001,1.3,-0.22,1.8,10.6,6.6,0.0106,7,31,-7,3,76.2,79,-49,30,0.7,0.006571,999999.99,99999.99,99999.99,0.21,0.11,0.08,-1,2006-07-30 09:00:00
2006,211,10,2361,51,52,60,35,3.2,2.4,25.5,135.8,-1.6,1.5,1.0,1.8,0.3,0.6,2.1,2.0,0.5,0.3,64627.0,5.0,428.0,-1.7,0.1,0.021,8122.0,0.5,6.0,0.4,0.3,0.001,1.66,-0.13,3.92,15.0,7.1,0.0053,7,31,-6,3,76.2,122,-75,47,0.9,0.006571,999999.99,99999.99,99999.99,0.17,0.1,0.07,-1,2006-07-30 10:00:00
2006,211,11,2361,51,52,57,35,4.0,3.9,17.8,23.0,3.4,1.4,1.2,1.8,0.5,0.3,0.8,0.5,0.3,0.6,45772.0,5.3,423.0,-1.8,1.1,0.018,3478.0,0.4,8.0,0.5,0.4,0.001,1.7,-0.21,2.4,12.2,6.9,0.008,7,31,-7,3,76.2,97,-53,44,0.4,0.006571,999999.99,99999.99,99999.99,0.22,0.1,0.06,-1,2006-07-30 11:00:00
2006,211,12,2361,51,52,56,33,3.7,3.6,39.0,47.4,1.9,2.1,2.3,2.9,1.2,0.3,0.7,0.4,0.5,0.3,52848.0,6.5,409.0,-2.5,1.2,0.02,4317.0,0.3,3.0,0.4,0.3,0.001,1.96,-0.49,3.58,14.1,7.0,0.006,3,31,-9,2,76.2,57,-24,33,0.4,0.006571,999999.99,99999.99,99999.99,0.17,0.1,0.07,-1,2006-07-30 12:00:00
2006,211,13,2361,51,52,60,37,4.5,4.2,17.4,139.2,-3.0,2.6,1.2,2.9,0.1,0.7,1.8,1.6,0.4,0.7,47064.0,5.7,402.0,-2.5,1.6,0.019,8981.0,0.6,4.0,0.6,0.8,0.002,1.66,-0.04,2.05,10.7,6.4,0.0105,3,31,-9,2,76.2,52,-21,30,0.7,0.006571,999999.99,99999.99,99999.99,0.21,0.11,0.07,-1,2006-07-30 13:00:00
2006,211,14,2361,51,52,60,37,5.2,5.2,5.0,158.7,-4.8,1.9,0.5,2.0,-0.2,0.1,0.3,0.2,0.2,0.2,37780.0,5.0,398.0,-2.1,2.6,0.02,4964.0,0.6,2.0,0.3,0.2,0.002,1.43,0.08,1.28,8.6,5.9,0.0162,3,31,-8,2,76.2,51,-24,27,0.8,0.006571,999999.99,99999.99,99999.99,0.18,0.11,0.07,-1,2006-07-30 14:00:00
2006,211,15,2361,51,52,61,37,5.1,5.0,8.9,173.5,-4.9,0.6,0.8,0.8,0.6,0.2,1.1,0.2,1.0,0.3,41702.0,5.8,399.0,-1.7,1.4,0.023,7248.0,0.8,6.0,1.0,0.4,0.003,1.68,-0.24,1.58,9.4,6.1,0.0134,7,31,-9,3,76.2,107,-94,12,0.6,0.006571,999999.99,99999.99,99999.99,0.19,0.1,0.07,-1,2006-07-30 15:00:00
2006,211,16,2361,51,52,60,37,4.5,3.9,12.2,173.7,-3.8,0.4,0.8,0.6,0.7,0.3,2.2,1.1,1.9,0.5,46068.0,7.3,407.0,-4.7,1.2,0.022,3862.0,0.4,3.0,0.8,0.4,0.002,2.2,-0.28,2.62,12.2,6.8,0.008,7,31,-9,3,76.2,88,-71,17,0.2,0.006571,999999.99,99999.99,99999.99,0.2,0.09,0.06,-1,2006-07-30 16:00:00
2006,211,17,2361,51,52,60,37,4.2,4.1,19.1,94.9,-0.3,3.9,1.4,4.1,0.5,0.4,0.6,0.4,0.3,0.4,48389.0,7.8,401.0,-4.3,0.7,0.017,6798.0,0.3,2.0,0.4,0.3,0.002,2.24,-0.2,3.25,13.3,6.8,0.0067,7,31,-5,3,76.2,41,-24,17,0.3,0.006571,999999.99,99999.99,99999.99,0.24,0.11,0.07,-1,2006-07-30 17:00:00
2006,211,18,2361,51,52,59,37,4.5,4.4,25.9,84.4,0.4,3.9,1.9,4.2,1.2,0.4,1.0,0.8,0.4,0.3,40498.0,8.7,398.0,-4.3,0.4,0.016,8435.0,0.5,3.0,0.4,0.3,0.003,2.45,-0.48,3.02,13.0,6.9,0.007,3,31,-2,2,76.2,60,-27,33,-0.1,0.006571,999999.99,99999.99,99999.99,0.18,0.08,0.07,-1,2006-07-30 18:00:00
2006,211,19,2361,51,52,60,35,4.5,4.1,19.2,56.0,2.1,3.2,1.3,3.3,0.9,0.3,1.9,1.5,0.9,0.9,44909.0,8.9,398.0,-4.7,0.4,0.017,5955.0,0.5,5.0,0.5,0.4,0.004,2.51,-0.36,3.17,13.2,6.8,0.0068,3,31,-3,2,76.2,59,-22,36,-0.1,0.006571,999999.99,99999.99,99999.99,0.2,0.1,0.08,-1,2006-07-30 19:00:00
2006,211,20,2361,51,52,57,35,4.7,4.4,15.4,45.4,3.0,3.0,1.2,3.1,0.9,0.5,1.7,1.5,0.5,0.7,41229.0,7.8,384.0,-4.2,0.5,0.018,6615.0,0.9,8.0,0.9,0.3,0.003,2.06,-0.35,2.49,11.4,6.4,0.0091,3,31,-4,2,76.2,48,-17,31,0.1,0.006571,999999.99,99999.99,99999.99,0.2,0.11,0.08,-1,2006-07-30 20:00:00
2006,211,21,2361,51,52,59,37,5.2,5.1,15.1,37.0,4.0,3.0,1.3,3.1,1.1,0.3,0.6,0.4,0.2,0.4,39717.0,7.1,379.0,-4.3,0.8,0.018,2618.0,0.5,3.0,0.2,0.2,0.001,1.83,-0.42,1.84,9.7,6.0,0.0126,17,31,-4,6,76.2,54,-30,24,0.2,0.006571,999999.99,99999.99,99999.99,0.17,0.09,0.07,-1,2006-07-30 21:00:00
2006,211,22,2361,51,52,61,37,3.9,3.6,-8.3,13.8,3.5,0.8,-0.5,0.8,-0.6,0.6,1.5,0.7,1.0,0.9,56068.0,9.8,379.0,-4.6,0.7,0.024,6137.0,0.7,3.0,0.2,0.3,0.003,2.58,0.23,4.94,15.2,6.6,0.0051,17,31,-3,6,76.2,58,-35,22,0.4,0.006571,999999.99,99999.99,99999.99,0.16,0.1,0.08,-1,2006-07-30 22:00:00
2006,211,23,2361,51,52,63,39,4.5,2.3,28.4,46.3,1.4,1.5,1.1,1.6,1.0,0.6,3.9,3.1,1.6,1.8,64037.0,12.9,387.0,-5.3,0.2,0.023,7609.0,1.7,8.0,0.5,0.6,0.003,3.52,-0.39,5.1,15.4,6.6,0.005,17,31,1,6,76.2,100,-62,38,0.9,0.006571,999999.99,99999.99,99999.99,0.15,0.08,0.06,-1,2006-07-30 23:00:00
2006,212,0,2361,51,52,59,35,7.0,4.2,14.2,121.0,-2.1,3.5,1.0,3.6,0.7,1.0,5.6,3.5,2.2,3.8,61350.0,14.6,392.0,-5.5,-1.7,0.021,9472.0,1.4,5.0,1.2,0.7,0.004,4.06,-0.27,2.35,10.7,6.1,0.0104,17,27,3,6,74.6,94,-55,39,0.9,0.006542,999999.99,99999.99,99999.99,0.2,0.11,0.08,-1,2006-07-31 00:00:00
2006,212,1,2361,51,52,59,36,9.8,9.0,31.2,135.1,-5.5,5.4,4.7,5.9,4.0,0.4,3.7,0.9,2.5,2.5,55144.0,15.0,387.0,-7.1,-2.3,0.015,5716.0,1.1,2.0,0.3,0.5,0.004,3.98,-1.55,1.19,7.6,5.4,0.0203,17,27,4,6,74.6,64,-28,37,1.0,0.006542,999999.99,99999.99,99999.99,0.18,0.14,0.1,-1,2006-07-31 01:00:00
2006,212,2,2361,51,52,59,36,8.9,8.9,47.1,179.7,-6.1,0.0,6.5,1.0,6.4,0.4,1.1,0.5,0.8,0.4,51852.0,15.5,384.0,-7.2,-2.9,0.018,5615.0,0.8,2.0,0.4,0.6,0.003,4.09,-2.46,1.47,8.5,5.6,0.0165,17,27,1,6,74.6,46,-25,21,0.5,0.006542,999999.99,99999.99,99999.99,0.15,0.09,0.06,-1,2006-07-31 02:00:00
2006,212,3,2361,51,52,63,39,9.2,9.1,46.9,189.9,-6.2,-1.1,6.7,0.2,6.8,0.8,1.2,0.5,0.7,0.9,39902.0,18.8,385.0,-6.6,-3.0,0.012,2888.0,4.1,5.0,0.3,1.0,0.002,4.88,-2.62,1.55,9.1,5.9,0.0145,27,27,2,12,74.6,55,-25,30,0.2,0.006542,999999.99,99999.99,99999.99,0.22,0.12,0.09,-1,2006-07-31 03:00:00
2006,212,4,2361,51,52,58,33,9.3,4.2,-30.7,1.3,3.7,0.1,-2.2,-0.4,-2.2,1.7,8.4,6.0,1.2,5.8,57477.0,18.6,391.0,-6.8,-1.8,0.015,8695.0,5.7,6.0,0.8,1.0,0.003,5.03,0.86,1.66,9.1,5.8,0.0145,27,27,9,12,74.6,97,-23,73,0.7,0.006542,999999.99,99999.99,99999.99,0.22,0.14,0.08,-1,2006-07-31 04:00:00
2006,212,5,2361,51,52,64,39,12.3,11.3,-24.8,320.6,7.9,-6.5,-4.7,-7.6,-2.7,1.1,4.9,0.9,4.8,0.7,74284.0,10.7,404.0,-3.1,-0.7,0.022,9702.0,2.6,8.0,2.6,0.7,0.003,3.17,1.09,0.6,5.4,4.4,0.0412,27,27,-2,12,74.6,316,-152,164,1.2,0.006542,999999.99,99999.99,99999.99,0.22,0.1,0.07,-1,2006-07-31 05:00:00
2006,212,6,2361,51,52,60,37,13.3,13.2,-12.8,301.7,6.8,-10.9,-2.9,-11.2,0.8,0.6,1.9,1.5,0.6,1.0,81867.0,7.9,411.0,-0.1,0.9,0.029,16872.0,0.7,6.0,1.0,0.9,0.006,2.49,-0.33,0.39,4.3,3.8,0.0631,30,27,-11,15,74.6,404,-258,146,0.6,0.006542,999999.99,99999.99,99999.99,0.17,0.12,0.08,-1,2006-07-31 06:00:00
2006,212,7,2361,51,52,58,36,12.4,12.1,-12.2,301.0,6.1,-10.2,-2.6,-10.4,1.3,0.5,2.3,0.7,0.9,2.0,65092.0,12.3,403.0,-4.5,0.9,0.019,21955.0,2.6,6.0,1.5,0.8,0.012,3.59,-0.52,0.64,5.7,4.6,0.0366,30,27,-10,15,74.6,390,-194,196,1.6,0.006542,999999.99,99999.99,99999.99,0.19,0.11,0.07,-1,2006-07-31 07:00:00
2006,212,8,2361,51,52,61,37,12.5,11.6,15.2,297.5,5.2,-10.0,3.1,-8.0,6.8,0.7,4.6,1.2,2.3,3.8,63483.0,22.4,408.0,-7.4,0.0,0.019,12199.0,5.1,3.0,1.2,0.7,0.006,6.7,-2.77,1.14,7.7,5.5,0.0199,30,27,1,15,74.6,211,-49,162,0.2,0.006542,999999.99,99999.99,99999.99,0.21,0.11,0.08,-1,2006-07-31 08:00:00
2006,212,9,2361,51,52,62,38,13.5,12.5,-8.5,304.6,7.0,-10.2,-1.8,-10.0,2.6,1.1,5.1,1.6,2.9,3.9,94109.0,13.2,410.0,-7.7,1.4,0.034,12949.0,2.8,9.0,0.9,2.2,0.016,4.21,-1.07,0.67,5.5,4.4,0.0391,37,27,0,22,74.6,94,-23,71,-0.5,0.006542,999999.99,99999.99,99999.99,0.19,0.09,0.07,-1,2006-07-31 09:00:00
2006,212,10,2361,51,52,66,40,13.1,11.9,23.4,305.1,6.3,-8.9,4.7,-6.0,8.1,0.7,5.2,1.7,1.8,4.6,203883.0,10.3,448.0,-1.6,2.2,0.068,47581.0,1.2,20.0,2.8,2.3,0.024,4.39,-3.63,0.83,5.5,4.2,0.0395,37,27,5,22,74.6,119,-26,93,-0.4,0.006542,999999.99,99999.99,99999.99,0.18,0.1,0.08,-1,2006-07-31 10:00:00
2006,212,11,2361,51,52,65,38,14.3,9.5,-14.2,293.8,3.7,-8.4,-2.3,-8.6,1.6,0.8,10.2,3.3,4.7,8.4,291703.0,11.2,499.0,1.7,4.4,0.083,40770.0,1.2,18.0,1.8,3.4,0.017,6.2,-0.8,0.96,5.8,4.3,0.0349,37,27,8,22,74.6,254,-112,142,1.7,0.006542,999999.99,99999.99,99999.99,0.17,0.1,0.07,-1,2006-07-31 11:00:00
2006,212,12,2361,51,52,66,39,11.1,8.1,-28.3,302.5,3.8,-6.0,-3.9,-7.1,-1.0,1.6,7.6,4.4,4.7,4.0,341304.0,8.0,546.0,5.9,4.3,0.086,80245.0,0.8,36.0,4.8,1.7,0.025,5.35,0.55,1.27,7.0,4.8,0.0246,40,27,-1,27,74.6,408,-267,141,2.3,0.006542,999999.99,99999.99,99999.99,0.14,0.08,0.07,-1,2006-07-31 12:00:00
2006,212,13,2361,51,52,62,39,8.1,3.1,-55.4,348.3,1.7,-0.4,-2.5,-1.4,-2.1,1.9,7.6,1.5,6.7,3.2,438775.0,7.5,590.0,8.2,5.4,0.07,59439.0,0.7,9.0,1.9,0.9,0.008,5.58,1.24,2.7,10.0,5.5,0.012,40,27,-7,27,74.6,399,-245,153,3.0,0.006542,999999.99,99999.99,99999.99,0.17,0.12,0.09,-1,2006-07-31 13:00:00
2006,212,14,2361,51,52,58,35,8.9,7.5,18.2,282.0,1.5,-7.0,2.4,-5.6,4.8,1.9,4.9,3.6,2.2,2.3,441931.0,6.7,584.0,6.4,4.9,0.083,53777.0,0.5,9.0,1.0,0.8,0.015,5.08,-2.8,2.01,8.5,5.1,0.0165,40,27,-10,27,74.6,622,-448,174,3.1,0.006542,999999.99,99999.99,99999.99,0.23,0.13,0.08,-1,2006-07-31 14:00:00
2006,212,15,2361,51,52,58,33,9.1,8.5,5.6,309.2,5.4,-6.6,0.8,-6.0,2.9,0.7,3.0,1.9,1.3,2.0,405209.0,7.3,568.0,4.8,3.3,0.085,27068.0,0.5,6.0,0.8,1.5,0.012,5.27,-1.65,1.96,8.4,5.1,0.0167,23,27,-6,9,74.6,220,-176,44,2.2,0.006542,999999.99,99999.99,99999.99,0.18,0.1,0.07,-1,2006-07-31 15:00:00
2006,212,16,2361,51,52,60,37,8.5,8.3,12.2,319.0,6.1,-5.3,1.8,-4.6,3.2,0.4,1.8,1.0,1.2,0.9,316018.0,6.4,562.0,4.0,2.0,0.069,30462.0,0.6,4.0,0.7,0.7,0.011,4.31,-1.8,1.64,8.4,5.4,0.017,23,27,-5,9,74.6,137,-96,42,2.7,0.006542,999999.99,99999.99,99999.99,0.18,0.11,0.08,-1,2006-07-31 16:00:00
2006,212,17,2361,51,52,61,38,7.8,7.4,4.7,312.5,5.0,-5.4,0.6,-5.1,1.8,0.7,2.4,1.0,1.1,1.9,367837.0,5.6,574.0,5.4,1.2,0.067,34210.0,0.4,8.0,0.8,0.8,0.011,3.91,-1.03,1.9,8.7,5.4,0.0157,23,27,-6,9,74.6,121,-65,56,2.4,0.006542,999999.99,99999.99,99999.99,0.18,0.12,0.09,-1,2006-07-31 17:00:00
2006,212,18,2361,51,52,61,37,6.6,6.5,3.2,296.3,2.9,-5.8,0.4,-5.6,1.4,0.5,1.3,0.5,0.7,1.0,344427.0,4.4,585.0,5.4,1.2,0.067,18748.0,0.2,5.0,0.4,0.4,0.007,3.19,-0.82,1.99,9.3,5.6,0.0138,20,27,-11,7,74.6,151,-87,65,2.8,0.006542,999999.99,99999.99,99999.99,0.17,0.09,0.08,-1,2006-07-31 18:00:00
2006,212,19,2361,51,52,59,35,5.4,5.3,-14.4,313.9,3.5,-3.7,-1.3,-3.8,-0.8,0.7,1.3,0.6,0.7,1.0,300659.0,4.1,584.0,5.6,-0.0,0.064,27679.0,0.2,6.0,0.5,0.5,0.008,2.93,0.47,2.51,10.9,6.1,0.0099,20,27,-15,7,74.6,241,-138,103,2.2,0.006542,999999.99,99999.99,99999.99,0.18,0.09,0.07,-1,2006-07-31 19:00:00
2006,212,20,2361,51,52,58,36,5.1,4.7,-15.8,309.3,2.9,-3.5,-1.3,-3.6,-0.9,1.2,2.2,1.0,1.4,1.4,270552.0,4.0,570.0,4.8,-0.9,0.066,42642.0,0.3,7.0,0.8,0.6,0.01,2.74,0.51,2.55,11.2,6.2,0.0095,20,27,-18,7,74.6,371,-238,134,2.2,0.006542,999999.99,99999.99,99999.99,0.19,0.11,0.09,-1,2006-07-31 20:00:00
2006,212,21,2361,51,52,59,36,6.4,6.2,-3.0,313.6,4.2,-4.5,-0.3,-4.5,0.1,0.3,1.5,0.9,0.9,0.9,189248.0,3.6,550.0,4.4,-0.1,0.066,29570.0,0.2,6.0,0.6,0.4,0.006,2.3,-0.06,1.16,8.2,5.8,0.0179,30,27,-23,15,74.6,253,-134,119,1.2,0.006542,999999.99,99999.99,99999.99,0.26,0.14,0.07,-1,2006-07-31 21:00:00
2006,212,22,2361,51,52,60,36,6.6,6.5,-7.9,320.9,5.0,-4.1,-0.9,-4.2,-0.6,0.2,0.9,0.3,0.4,0.7,121671.0,3.2,540.0,4.3,0.0,0.059,15235.0,0.2,3.0,0.3,0.5,0.005,1.93,0.32,0.76,7.3,5.7,0.0222,30,27,-23,15,74.6,230,-117,113,1.2,0.006542,999999.99,99999.99,99999.99,0.15,0.11,0.08,-1,2006-07-31 22:00:00
2006,212,23,2361,51,52,57,33,5.5,4.2,10.3,303.5,2.3,-3.5,0.8,-3.4,1.1,0.8,3.3,1.1,1.3,2.9,156299.0,5.5,520.0,0.2,-1.2,0.065,27531.0,1.3,12.0,1.4,1.7,0.006,3.13,-0.57,2.15,11.1,6.6,0.0097,30,27,-18,15,74.6,430,-269,160,2.6,0.006542,999999.99,99999.99,99999.99,0.19,0.11,0.07,-1,2006-07-31 23:00:00
2006,213,0,2361,51,52,60,38,6.5,5.8,40.1,300.0,2.2,-3.8,3.7,-3.4,4.1,0.5,2.8,1.7,1.7,1.4,137485.0,7.0,514.0,-1.3,0.1,0.061,16495.0,0.4,8.0,1.2,1.4,0.006,3.84,-2.11,1.83,10.5,6.5,0.0109,27,11,-14,12,74.9,292,-183,109,1.7,0.006521,999999.99,99999.99,99999.99,0.18,0.1,0.08,-1,2006-08-01 00:00:00
2006,213,1,2361,51,52,59,34,7.0,6.2,29.4,302.2,2.9,-4.6,3.1,-4.2,3.6,0.4,3.0,1.7,2.1,1.2,142518.0,7.3,518.0,-1.5,-1.7,0.056,16505.0,0.5,9.0,1.4,0.9,0.006,4.0,-1.86,1.68,10.0,6.4,0.0119,27,11,-10,12,74.9,75,-39,36,0.1,0.006521,999999.99,99999.99,99999.99,0.18,0.11,0.08,-1,2006-08-01 01:00:00
2006,213,2,2361,51,52,60,38,8.1,7.5,9.0,333.0,6.6,-3.4,1.2,-3.2,1.7,0.2,2.8,0.7,2.1,1.8,124237.0,6.5,493.0,-1.2,-2.2,0.053,12016.0,0.5,5.0,2.2,1.3,0.004,3.2,-0.84,1.04,7.8,5.6,0.0198,27,11,-10,12,74.9,56,-31,25,0.2,0.006521,999999.99,99999.99,99999.99,0.17,0.11,0.08,-1,2006-08-01 02:00:00
2006,213,3,2361,51,52,63,37,6.4,4.5,-37.5,294.2,1.5,-3.3,-2.7,-3.8,-2.0,0.6,4.4,2.8,2.5,2.4,151628.0,8.0,511.0,-2.2,-5.3,0.055,20277.0,1.0,15.0,1.4,1.6,0.007,4.26,1.02,2.27,11.3,6.6,0.0093,30,11,-9,15,74.9,240,-102,138,1.5,0.006521,999999.99,99999.99,99999.99,0.17,0.1,0.08,-1,2006-08-01 03:00:00
2006,213,4,2361,51,52,58,35,6.5,3.0,-59.9,5.1,1.5,0.1,-2.6,-0.5,-2.5,0.7,5.6,2.6,3.7,3.4,179939.0,8.4,515.0,0.3,-4.9,0.052,15511.0,0.5,9.0,1.5,1.4,0.007,4.49,1.29,2.55,11.5,6.4,0.009,30,11,-17,15,74.9,440,-242,198,2.4,0.006521,999999.99,99999.99,99999.99,0.23,0.12,0.08,-1,2006-08-01 04:00:00
2006,213,5,2361,51,52,60,37,6.0,3.9,-32.7,54.3,1.9,2.7,-2.1,2.0,-2.8,0.8,4.5,2.4,3.5,1.6,204640.0,8.8,515.0,1.4,-5.6,0.048,21900.0,0.5,10.0,1.5,0.9,0.01,4.65,1.44,3.39,12.7,6.4,0.0073,30,11,-29,15,74.9,688,-472,216,4.4,0.006521,999999.99,99999.99,99999.99,0.19,0.1,0.08,-1,2006-08-01 05:00:00
2006,213,6,2361,51,52,67,41,6.8,4.3,25.0,293.7,1.6,-3.6,1.8,-2.8,2.9,0.7,5.0,3.2,2.5,3.0,216704.0,7.5,547.0,1.5,-4.5,0.035,22118.0,0.8,18.0,1.2,1.5,0.006,4.27,-1.59,2.33,11.0,6.3,0.0098,33,11,-26,18,74.9,488,-311,178,2.2,0.006521,999999.99,99999.99,99999.99,0.21,0.11,0.08,-1,2006-08-01 06:00:00
2006,213,7,2361,51,52,59,34,8.5,6.2,15.0,315.0,4.2,-4.2,1.6,-3.3,3.0,0.6,5.7,3.5,3.0,3.4,206500.0,5.3,561.0,2.6,-2.8,0.049,42070.0,0.6,16.0,1.6,1.8,0.015,3.33,-1.68,1.02,7.6,5.5,0.0206,33,11,-17,18,74.9,328,-174,153,1.0,0.006521,999999.99,99999.99,99999.99,0.15,0.08,0.06,-1,2006-08-01 07:00:00
2006,213,8,2361,51,52,59,31,8.7,7.9,-4.6,290.4,2.7,-7.4,-0.6,-7.0,2.4,1.2,3.3,1.5,2.2,1.9,218190.0,5.5,565.0,0.1,-4.2,0.049,52781.0,0.8,11.0,1.5,1.7,0.009,3.51,-1.36,1.05,7.6,5.5,0.0205,33,11,-13,18,74.9,392,-266,126,0.4,0.006521,999999.99,99999.99,99999.99,0.18,0.09,0.07,-1,2006-08-01 08:00:00
2006,213,9,2361,51,52,62,37,7.5,5.5,7.4,307.8,3.3,-4.3,0.7,-3.6,2.5,0.6,4.7,2.0,2.1,3.8,268898.0,5.3,568.0,1.4,-3.3,0.058,44208.0,0.5,15.0,1.4,2.4,0.01,3.52,-1.42,1.56,8.7,5.7,0.0157,30,11,-10,15,74.9,339,-235,104,1.2,0.006521,999999.99,99999.99,99999.99,0.19,0.1,0.08,-1,2006-08-01 09:00:00
2006,213,10,2361,51,52,61,36,6.3,5.3,-27.6,321.4,3.7,-2.9,-2.4,-3.7,-0.9,0.5,3.1,1.4,1.7,2.2,275406.0,5.3,589.0,3.5,-4.7,0.057,35073.0,0.3,8.0,1.1,1.1,0.006,3.77,0.53,2.24,10.8,6.3,0.0103,30,11,-10,15,74.9,211,-102,108,1.9,0.006521,999999.99,99999.99,99999.99,0.21,0.11,0.07,-1,2006-08-01 10:00:00
2006,213,11,2361,51,52,61,38,6.0,3.1,16.0,345.3,2.9,-0.7,0.8,-0.3,1.0,0.3,5.0,1.4,3.1,3.6,233992.0,5.1,606.0,4.6,-2.7,0.042,24072.0,0.3,14.0,2.4,2.5,0.005,3.65,-0.61,2.14,11.4,6.8,0.0091,30,11,-13,15,74.9,375,-215,160,1.5,0.006521,999999.99,99999.99,99999.99,0.2,0.12,0.08,-1,2006-08-01 11:00:00
2006,213,12,2361,51,52,59,34,5.8,4.9,57.4,25.2,2.4,1.1,4.1,2.7,3.2,0.3,2.8,1.1,2.3,1.2,195807.0,4.1,628.0,5.4,-0.7,0.042,17769.0,0.4,11.0,1.6,0.9,0.004,3.15,-2.01,1.64,11.0,7.0,0.0099,23,11,-13,9,74.9,226,-133,93,1.2,0.006521,999999.99,99999.99,99999.99,0.18,0.11,0.08,-1,2006-08-01 12:00:00
2006,213,13,2361,51,52,61,36,5.5,4.7,28.9,51.2,2.6,3.2,2.3,3.9,0.8,0.1,2.8,1.3,1.4,2.0,180975.0,3.9,634.0,6.6,-1.7,0.036,10604.0,0.2,12.0,1.1,1.6,0.003,2.99,-0.51,1.66,11.4,7.3,0.0092,23,11,-15,9,74.9,213,-105,108,1.0,0.006521,999999.99,99999.99,99999.99,0.17,0.09,0.07,-1,2006-08-01 13:00:00
2006,213,14,2361,51,52,58,36,5.4,4.5,-15.7,32.8,3.7,2.4,-1.2,1.8,-2.0,0.1,2.7,1.0,1.1,2.3,168339.0,3.7,622.0,6.4,-3.9,0.036,12456.0,0.4,10.0,0.5,1.7,0.003,2.73,1.24,1.57,11.1,7.2,0.0097,23,11,-17,9,74.9,188,-113,75,2.1,0.006521,999999.99,99999.99,99999.99,0.21,0.12,0.09,-1,2006-08-01 14:00:00
2006,213,15,2361,51,52,61,37,5.8,5.2,-36.0,347.2,4.1,-0.9,-3.1,-1.9,-2.6,0.3,2.4,0.9,1.1,1.9,164992.0,3.8,612.0,4.3,-5.8,0.032,16490.0,0.3,7.0,0.9,1.4,0.005,2.68,1.59,1.38,10.3,6.9,0.0112,30,11,-22,15,74.9,322,-203,119,1.2,0.006521,999999.99,99999.99,99999.99,0.18,0.11,0.08,-1,2006-08-01 15:00:00
2006,213,16,2361,51,52,59,36,5.6,5.0,-35.2,338.1,3.8,-1.5,-2.9,-2.3,-2.4,0.2,2.3,0.9,1.2,1.8,175621.0,3.6,608.0,4.6,-5.8,0.038,20969.0,0.3,10.0,1.3,1.2,0.005,2.56,1.46,1.45,10.3,6.9,0.0112,30,11,-19,15,74.9,371,-277,94,1.9,0.006521,999999.99,99999.99,99999.99,0.15,0.09,0.07,-1,2006-08-01 16:00:00
2006,213,17,2361,51,52,59,9,5.5,5.3,-38.6,335.2,3.7,-1.7,-3.3,-2.4,-2.8,0.3,1.4,0.8,0.6,0.9,185756.0,3.7,610.0,4.3,-6.8,0.036,19205.0,0.3,7.0,0.3,0.6,0.003,2.63,1.71,1.6,10.7,6.9,0.0105,30,11,-15,15,74.9,84,-38,46,0.1,0.006521,999999.99,99999.99,99999.99,0.24,0.11,0.08,-1,2006-08-01 17:00:00
2006,213,18,2361,51,52,60,35,6.0,5.6,22.6,341.7,4.9,-1.6,2.1,-1.2,2.4,0.2,2.2,0.7,0.7,2.0,193249.0,3.5,584.0,4.2,-2.6,0.032,32001.0,0.3,6.0,0.5,1.3,0.003,2.25,-1.4,1.3,9.1,6.2,0.0143,10,11,-11,4,74.9,49,3,52,0.5,0.006521,999999.99,99999.99,99999.99,0.21,0.11,0.08,-1,2006-08-01 18:00:00
2006,213,19,2361,51,52,59,36,5.8,5.1,15.3,323.8,4.0,-2.9,1.3,-2.7,1.7,0.2,2.7,0.8,1.4,2.2,164884.0,3.2,582.0,3.4,-4.3,0.03,22376.0,0.3,11.0,1.5,2.7,0.003,2.03,-0.99,1.16,9.0,6.3,0.0148,10,11,-12,4,74.9,64,-19,45,1.6,0.006521,999999.99,99999.99,99999.99,0.21,0.11,0.08,-1,2006-08-01 19:00:00
2006,213,20,2361,51,52,61,36,5.6,5.4,32.9,317.3,3.3,-3.1,2.9,-2.8,3.2,0.1,1.5,0.6,0.6,1.2,192919.0,2.6,577.0,3.5,-2.8,0.028,14758.0,0.3,8.0,0.9,1.5,0.003,1.61,-1.85,1.11,8.3,5.9,0.0172,10,11,-14,4,74.9,52,-19,33,0.4,0.006521,999999.99,99999.99,99999.99,0.19,0.09,0.06,-1,2006-08-01 20:00:00
2006,213,21,2361,51,52,57,35,5.6,5.4,3.7,306.0,3.2,-4.3,0.3,-4.3,0.7,0.2,1.4,0.7,0.5,1.1,142826.0,2.8,564.0,0.4,-2.9,0.031,22434.0,0.2,10.0,0.8,1.3,0.003,1.67,-0.39,1.01,8.4,6.2,0.0168,17,11,-16,6,74.9,79,-38,40,1.4,0.006521,999999.99,99999.99,99999.99,0.19,0.1,0.07,-1,2006-08-01 21:00:00
2006,213,22,2361,51,52,60,37,5.9,5.8,-3.3,316.1,4.2,-4.0,-0.3,-4.0,0.0,0.1,0.7,0.4,0.5,0.2,113823.0,2.8,543.0,-0.2,-2.7,0.028,12256.0,0.2,3.0,0.5,0.3,0.002,1.53,-0.0,0.81,7.7,5.9,0.0201,17,11,-19,6,74.9,131,-71,60,1.2,0.006521,999999.99,99999.99,99999.99,0.17,0.09,0.06,-1,2006-08-01 22:00:00
2006,213,23,2361,51,52,59,37,5.9,5.4,-9.9,303.0,2.9,-4.4,-0.9,-4.5,-0.5,0.1,2.2,1.5,0.7,1.5,96779.0,2.8,550.0,-0.6,-2.7,0.041,12293.0,0.2,17.0,0.9,1.7,0.006,1.65,0.28,0.75,7.8,6.1,0.0196,17,11,-18,6,74.9,293,-204,88,1.3,0.006521,999999.99,99999.99,99999.99,0.18,0.11,0.08,-1,2006-08-01 23:00:00
2006,214,0,2361,51,52,60,34,6.0,5.4,14.5,297.4,2.4,-4.7,1.4,-4.5,1.9,0.1,2.3,1.3,0.7,1.8,98744.0,3.0,548.0,-1.3,-0.2,0.044,25481.0,0.3,14.0,0.8,2.2,0.004,1.77,-1.04,0.79,7.9,6.1,0.019,27,11,-15,12,74.3,201,-110,90,0.5,0.006445,999999.99,99999.99,99999.99,0.16,0.08,0.06,-1,2006-08-02 00:00:00
2006,214,1,2361,51,52,62,36,6.0,4.9,7.1,307.2,3.0,-3.9,0.6,-3.8,1.1,0.1,3.3,1.6,0.9,2.7,105453.0,3.1,540.0,-0.4,-0.4,0.049,22174.0,0.4,19.0,1.0,3.6,0.006,1.81,-0.59,0.84,7.9,6.0,0.0189,27,11,-10,12,74.3,139,-61,79,0.4,0.006445,999999.99,99999.99,99999.99,0.18,0.08,0.05,-1,2006-08-02 01:00:00
2006,214,2,2361,51,52,59,36,5.6,5.1,-18.7,283.5,1.1,-4.7,-1.6,-4.9,-0.8,0.5,2.0,1.1,0.9,1.5,131858.0,3.4,554.0,-1.1,-2.5,0.042,22624.0,0.3,12.0,0.9,1.3,0.005,2.04,0.44,1.17,9.1,6.4,0.0143,27,11,-12,12,74.3,425,-262,164,2.7,0.006445,999999.99,99999.99,99999.99,0.19,0.11,0.08,-1,2006-08-02 02:00:00
2006,214,3,2361,51,52,62,38,5.6,5.1,-22.3,288.5,1.5,-4.5,-1.9,-4.8,-0.9,0.3,2.1,0.9,0.7,1.8,144806.0,3.4,550.0,-0.4,-2.0,0.035,21447.0,0.3,8.0,1.1,1.4,0.006,1.96,0.49,1.23,9.1,6.3,0.0145,27,11,-15,12,74.3,435,-261,174,3.0,0.006445,999999.99,99999.99,99999.99,0.22,0.09,0.07,-1,2006-08-02 03:00:00
2006,214,4,2361,51,52,57,32,5.8,3.9,1.5,289.4,1.3,-3.7,0.1,-3.6,1.0,0.2,4.1,1.4,1.7,3.5,150447.0,3.7,551.0,0.2,-0.7,0.032,13744.0,0.3,13.0,1.3,2.7,0.003,2.12,-0.55,1.28,9.1,6.3,0.0142,27,11,-19,12,74.3,307,-196,111,1.9,0.006445,999999.99,99999.99,99999.99,0.21,0.11,0.07,-1,2006-08-02 04:00:00
2006,214,5,2361,51,52,61,38,5.8,3.3,9.9,310.4,2.1,-2.5,0.6,-2.2,1.3,0.4,4.6,1.0,3.4,3.0,144856.0,3.8,542.0,1.0,-0.5,0.029,25727.0,0.5,9.0,3.1,2.6,0.003,2.08,-0.7,1.28,9.1,6.3,0.0143,27,11,-18,12,74.3,145,-75,70,1.5,0.006445,999999.99,99999.99,99999.99,0.19,0.1,0.06,-1,2006-08-02 05:00:00
2006,214,6,2361,51,52,63,38,6.2,5.9,-19.3,280.5,1.0,-5.5,-1.9,-5.8,0.1,0.1,1.7,1.0,0.4,1.3,111260.0,3.0,552.0,-1.6,-1.8,0.024,11513.0,0.2,12.0,0.5,1.7,0.002,1.67,-0.06,0.78,7.7,6.0,0.02,20,11,-16,7,74.3,211,-99,111,0.9,0.006445,999999.99,99999.99,99999.99,0.15,0.08,0.06,-1,2006-08-02 06:00:00
2006,214,7,2361,51,52,59,37,5.5,5.2,-28.8,269.7,0.0,-4.5,-2.5,-5.1,-0.6,0.1,1.8,1.0,0.8,1.3,114205.0,2.8,570.0,-1.3,-2.6,0.024,11694.0,0.4,11.0,0.8,1.2,0.003,1.67,0.34,0.93,8.7,6.5,0.0158,20,11,-16,7,74.3,382,-228,154,1.5,0.006445,999999.99,99999.99,99999.99,0.17,0.11,0.08,-1,2006-08-02 07:00:00
2006,214,8,2361,51,52,60,35,5.3,4.8,-22.4,275.9,0.5,-4.4,-1.8,-4.8,0.1,0.2,2.1,0.8,0.7,1.8,132131.0,2.4,563.0,-1.1,-2.2,0.025,11477.0,0.2,10.0,0.9,1.9,0.003,1.4,-0.06,0.93,8.2,6.1,0.0176,20,11,-17,7,74.3,330,-213,117,1.7,0.006445,999999.99,99999.99,99999.99,0.16,0.11,0.09,-1,2006-08-02 08:00:00
2006,214,9,2361,51,52,59,37,4.7,4.3,-19.7,293.6,1.6,-3.7,-1.5,-4.0,0.2,0.2,1.6,0.9,1.0,1.0,135411.0,2.5,550.0,-0.6,-2.1,0.029,18859.0,0.2,8.0,1.1,1.2,0.003,1.41,-0.11,1.24,9.3,6.4,0.0139,23,11,-17,9,74.3,208,-100,108,0.9,0.006445,999999.99,99999.99,99999.99,0.21,0.1,0.07,-1,2006-08-02 09:00:00
2006,214,10,2361,51,52,60,37,4.9,4.7,-45.5,31.8,2.8,1.8,-3.4,0.1,-3.8,0.2,1.3,0.3,1.1,0.7,112561.0,2.4,555.0,2.4,-2.8,0.026,14701.0,0.1,3.0,0.9,0.7,0.004,1.36,2.11,1.0,8.8,6.4,0.0155,23,11,-17,9,74.3,247,-119,128,2.2,0.006445,999999.99,99999.99,99999.99,0.2,0.09,0.06,-1,2006-08-02 10:00:00
2006,214,11,2361,51,52,61,37,4.5,2.4,-10.9,314.6,1.6,-1.7,-0.4,-1.7,0.4,0.2,3.7,1.6,3.0,1.4,155551.0,2.5,564.0,0.0,-0.9,0.035,16039.0,0.2,11.0,2.3,1.4,0.005,1.51,-0.23,1.46,9.9,6.6,0.0121,23,11,-22,9,74.3,440,-313,127,2.3,0.006445,999999.99,99999.99,99999.99,0.16,0.1,0.07,-1,2006-08-02 11:00:00
2006,214,12,2361,51,52,60,36,4.3,2.5,4.9,278.4,0.4,-2.5,0.2,-2.2,1.3,0.5,3.4,0.7,2.4,2.3,174660.0,2.6,569.0,-0.2,-1.1,0.03,15009.0,0.2,6.0,2.0,2.0,0.004,1.57,-0.74,1.77,10.7,6.7,0.0105,20,11,-23,7,74.3,213,-148,65,0.9,0.006445,999999.99,99999.99,99999.99,0.17,0.11,0.09,-1,2006-08-02 12:00:00
2006,214,13,2361,51,52,60,37,3.9,2.6,-11.3,256.0,-0.6,-2.5,-0.5,-2.5,0.6,0.5,2.8,0.5,1.4,2.4,144469.0,2.2,574.0,0.3,-1.3,0.033,24262.0,0.2,5.0,1.1,1.7,0.003,1.37,-0.34,1.64,10.9,7.0,0.01,20,11,-21,7,74.3,68,-41,27,1.3,0.006445,999999.99,99999.99,99999.99,0.2,0.1,0.08,-1,2006-08-02 13:00:00
2006,214,14,2361,51,52,59,34,3.8,3.0,-5.5,285.7,0.8,-2.9,-0.3,-2.8,0.8,0.3,2.0,1.1,0.6,1.6,143010.0,2.4,562.0,-1.2,-2.1,0.034,28353.0,0.2,14.0,0.6,1.8,0.004,1.44,-0.45,1.88,11.5,7.1,0.0091,20,11,-19,7,74.3,153,-110,43,1.5,0.006445,999999.99,99999.99,99999.99,0.17,0.09,0.06,-1,2006-08-02 14:00:00
2006,214,15,2361,51,52,60,34,3.9,3.6,-30.5,279.1,0.5,-3.1,-1.8,-3.5,-0.6,0.1,1.4,0.8,0.5,1.0,127442.0,2.5,562.0,-1.0,-3.5,0.027,12583.0,0.2,8.0,0.9,1.3,0.002,1.46,0.34,1.75,11.4,7.2,0.0092,17,11,-17,6,74.3,157,-116,41,2.8,0.006445,999999.99,99999.99,99999.99,0.19,0.1,0.08,-1,2006-08-02 15:00:00
2006,214,16,2361,51,52,60,37,4.1,3.8,-30.7,259.4,-0.6,-3.2,-1.9,-3.6,-0.9,0.2,1.5,0.8,0.7,1.0,98826.0,2.7,570.0,-1.2,-3.3,0.037,11568.0,0.1,9.0,0.7,1.1,0.004,1.68,0.51,1.52,11.4,7.5,0.0091,17,11,-17,6,74.3,218,-160,59,2.8,0.006445,999999.99,99999.99,99999.99,0.18,0.1,0.08,-1,2006-08-02 16:00:00
2006,214,17,2361,51,52,58,35,4.2,3.7,24.9,298.8,1.6,-3.0,1.6,-2.5,2.3,0.1,1.9,0.7,1.2,1.3,101815.0,2.5,542.0,-1.3,0.3,0.037,6823.0,0.1,9.0,0.9,1.3,0.003,1.41,-1.25,1.36,10.2,6.9,0.0114,17,11,-20,6,74.3,152,-115,37,1.9,0.006445,999999.99,99999.99,99999.99,0.19,0.08,0.06,-1,2006-08-02 17:00:00
2006,214,18,2361,51,52,60,37,4.2,3.9,47.0,318.7,2.0,-1.8,2.9,-1.2,3.2,0.1,1.4,0.5,0.8,0.9,89545.0,2.5,540.0,-0.8,1.2,0.034,6737.0,0.1,7.0,0.9,1.0,0.003,1.38,-1.73,1.28,10.2,7.0,0.0115,13,11,-18,5,74.3,42,-17,25,0.0,0.006445,999999.99,99999.99,99999.99,0.14,0.08,0.07,-1,2006-08-02 18:00:00
2006,214,19,2361,51,52,62,37,4.2,3.7,2.3,309.6,2.3,-2.8,0.1,-2.8,0.5,0.1,1.9,1.3,1.1,0.9,95717.0,2.6,539.0,-1.8,-1.1,0.037,13032.0,0.3,13.0,0.8,1.1,0.005,1.45,-0.27,1.37,10.3,7.0,0.0111,13,11,-16,5,74.3,76,-30,46,1.1,0.006445,999999.99,99999.99,99999.99,0.2,0.1,0.07,-1,2006-08-02 19:00:00
2006,214,20,2361,51,52,59,35,4.2,3.2,-16.8,342.6,2.9,-0.9,-0.9,-1.0,-0.8,0.1,2.6,1.2,1.7,1.5,113723.0,2.7,531.0,0.0,-1.9,0.041,19375.0,0.3,12.0,1.6,1.8,0.004,1.48,0.42,1.54,10.4,6.8,0.011,13,11,-11,5,74.3,94,-34,60,0.9,0.006445,999999.99,99999.99,99999.99,0.16,0.09,0.07,-1,2006-08-02 20:00:00
2006,214,21,2361,51,52,62,38,4.2,3.0,-50.6,318.8,1.5,-1.3,-2.4,-1.5,-2.3,0.1,2.8,1.6,2.0,1.1,112059.0,3.0,543.0,0.2,-4.1,0.043,14657.0,0.2,13.0,2.1,1.3,0.004,1.73,1.25,1.7,11.2,7.1,0.0095,30,11,-11,15,74.3,220,-100,120,1.4,0.006445,999999.99,99999.99,99999.99,0.17,0.09,0.07,-1,2006-08-02 21:00:00
2006,214,22,2361,51,52,57,35,4.7,3.9,-52.2,244.3,-1.0,-2.1,-3.0,-2.4,-2.8,0.2,2.6,1.5,1.7,1.2,91959.0,3.0,557.0,-0.6,-4.6,0.04,11072.0,0.2,13.0,1.4,1.0,0.005,1.8,1.56,1.24,10.3,7.1,0.0113,30,11,-16,15,74.3,482,-298,185,2.6,0.006445,999999.99,99999.99,99999.99,0.16,0.09,0.07,-1,2006-08-02 22:00:00
2006,214,23,2361,51,52,62,37,4.9,4.4,-3.6,275.3,0.4,-4.3,-0.3,-4.3,0.1,0.2,2.1,0.9,0.6,1.9,103112.0,3.1,542.0,-2.8,-2.3,0.037,10132.0,0.3,8.0,0.8,1.6,0.004,1.75,-0.05,1.24,9.7,6.8,0.0125,30,11,-24,15,74.3,519,-381,138,1.7,0.006445,999999.99,99999.99,99999.99,0.19,0.09,0.08,-1,2006-08-02 23:00:00
2006,215,0,2361,51,52,59,36,4.7,4.4,15.3,252.5,-1.3,-4.1,1.2,-3.9,1.6,0.3,1.5,0.6,0.8,1.2,97369.0,2.9,550.0,-2.6,-1.4,0.034,15639.0,0.3,6.0,0.7,1.1,0.003,1.66,-0.88,1.23,10.0,6.9,0.012,27,15,-23,12,73.4,228,-139,89,0.5,0.00639,999999.99,99999.99,99999.99,0.23,0.09,0.06,-1,2006-08-03 00:00:00
2006,215,1,2361,51,52,60,36,4.3,3.6,-21.3,294.8,1.4,-3.0,-1.3,-3.1,-0.9,0.3,2.2,1.2,0.9,1.7,113593.0,2.8,541.0,-1.6,-2.2,0.031,16674.0,0.1,7.0,0.7,1.0,0.005,1.54,0.49,1.52,10.5,6.9,0.0107,27,15,-18,12,73.4,260,-178,82,1.2,0.00639,999999.99,99999.99,99999.99,0.22,0.1,0.07,-1,2006-08-03 01:00:00
2006,215,2,2361,51,52,60,36,3.8,3.1,-34.9,305.5,1.5,-2.1,-1.8,-2.4,-1.4,0.2,2.1,1.0,1.3,1.3,132107.0,2.7,544.0,-0.5,-2.7,0.034,12296.0,0.3,6.0,1.0,0.9,0.003,1.52,0.76,2.03,11.8,7.1,0.0086,27,15,-19,12,73.4,151,-67,83,1.3,0.00639,999999.99,99999.99,99999.99,0.19,0.11,0.08,-1,2006-08-03 02:00:00
2006,215,3,2361,51,52,60,36,3.6,2.7,8.6,328.6,2.3,-1.4,0.4,-1.3,0.7,0.3,2.3,0.7,1.0,1.9,141900.0,2.5,543.0,0.2,-1.2,0.037,19068.0,0.2,6.0,0.9,1.6,0.006,1.41,-0.38,2.17,11.9,7.0,0.0084,13,15,-21,5,73.4,104,-57,47,1.0,0.00639,999999.99,99999.99,99999.99,0.22,0.11,0.07,-1,2006-08-03 03:00:00
2006,215,4,2361,51,52,59,35,3.4,3.0,21.9,302.7,1.5,-2.4,1.1,-2.0,1.7,0.2,1.4,0.7,0.5,1.1,139346.0,2.4,542.0,-0.2,-0.6,0.038,12408.0,0.2,9.0,0.5,1.3,0.004,1.36,-0.92,2.31,12.3,7.1,0.0078,13,15,-18,5,73.4,85,-43,43,0.8,0.00639,999999.99,99999.99,99999.99,0.17,0.1,0.08,-1,2006-08-03 04:00:00
2006,215,5,2361,51,52,60,38,3.3,2.8,-14.7,320.6,2.1,-1.7,-0.7,-1.8,-0.2,0.1,1.7,0.7,1.1,1.1,135074.0,2.3,530.0,1.1,-2.8,0.038,9203.0,0.1,8.0,1.2,1.5,0.003,1.24,0.11,2.31,12.2,7.0,0.008,13,15,-13,5,73.4,275,-195,80,1.4,0.00639,999999.99,99999.99,99999.99,0.19,0.1,0.07,-1,2006-08-03 05:00:00
2006,215,6,2361,51,52,61,37,3.7,3.1,20.9,295.0,1.2,-2.7,1.1,-2.2,2.0,0.2,1.8,0.7,0.6,1.5,120557.0,2.1,535.0,0.3,-0.8,0.035,12531.0,0.2,10.0,0.8,1.5,0.002,1.14,-1.07,1.59,10.5,6.8,0.0108,7,15,-12,3,73.4,123,-58,65,1.1,0.00639,999999.99,99999.99,99999.99,0.19,0.09,0.07,-1,2006-08-03 06:00:00
2006,215,7,2361,51,52,63,37,3.6,2.6,13.0,300.3,1.3,-2.2,0.6,-1.8,1.4,0.5,2.4,1.6,1.4,1.1,136230.0,2.0,537.0,1.4,-1.5,0.035,16531.0,0.1,14.0,1.6,1.3,0.003,1.1,-0.75,1.7,10.5,6.7,0.0107,7,15,-10,3,73.4,51,-10,41,0.6,0.00639,999999.99,99999.99,99999.99,0.2,0.1,0.08,-1,2006-08-03 07:00:00
2006,215,8,2361,51,52,56,34,3.9,3.3,-11.2,281.1,0.6,-3.2,-0.6,-3.2,0.8,0.1,1.9,1.6,0.5,0.8,119367.0,2.0,544.0,-0.1,-2.5,0.033,8096.0,0.1,15.0,0.4,0.9,0.003,1.12,-0.44,1.36,9.9,6.7,0.0122,7,15,-10,3,73.4,67,-16,51,0.4,0.00639,999999.99,99999.99,99999.99,0.18,0.11,0.07,-1,2006-08-03 08:00:00
2006,215,9,2361,51,52,61,37,4.0,3.7,1.2,292.0,1.4,-3.5,0.1,-3.1,1.6,0.1,1.4,0.8,0.4,1.1,92664.0,1.9,536.0,-1.2,-1.8,0.028,15706.0,0.2,7.0,0.7,1.1,0.002,1.01,-0.86,1.09,9.2,6.6,0.0139,10,15,-11,4,73.4,103,-41,62,0.0,0.00639,999999.99,99999.99,99999.99,0.14,0.08,0.06,-1,2006-08-03 09:00:00
2006,215,10,2361,51,52,58,36,3.9,3.8,7.9,282.4,0.8,-3.6,0.5,-3.0,2.0,0.1,0.9,0.7,0.3,0.5,92215.0,1.8,534.0,-1.7,-1.3,0.03,10522.0,0.2,8.0,0.4,0.5,0.005,0.96,-1.07,1.09,9.2,6.6,0.0141,10,15,-10,4,73.4,103,-62,41,-0.2,0.00639,999999.99,99999.99,99999.99,0.19,0.1,0.08,-1,2006-08-03 10:00:00
2006,215,11,2361,51,52,61,37,3.5,3.0,-5.7,322.9,2.4,-1.8,-0.3,-1.7,0.5,0.1,1.8,0.8,1.3,0.9,129711.0,1.9,522.0,1.1,-1.9,0.038,16269.0,0.1,8.0,1.8,1.1,0.003,1.0,-0.26,1.67,10.3,6.6,0.0113,10,15,-10,4,73.4,86,-37,49,0.6,0.00639,999999.99,99999.99,99999.99,0.17,0.09,0.06,-1,2006-08-03 11:00:00
2006,215,12,2361,51,52,60,36,3.1,2.5,18.2,269.5,0.0,-2.4,0.8,-1.8,1.8,0.3,1.8,1.3,0.6,1.0,144135.0,2.1,545.0,0.5,-0.0,0.038,14268.0,0.1,12.0,0.7,1.0,0.005,1.2,-0.98,2.48,12.7,7.2,0.0073,7,15,-8,3,73.4,108,-72,35,0.2,0.00639,999999.99,99999.99,99999.99,0.18,0.11,0.09,-1,2006-08-03 12:00:00
2006,215,13,2361,51,52,63,39,3.2,2.3,63.2,207.8,-0.9,-0.5,2.1,0.4,2.1,0.4,2.2,1.9,0.7,0.8,135748.0,1.8,551.0,1.9,1.1,0.038,23107.0,0.2,10.0,0.7,0.5,0.005,1.05,-1.16,1.93,11.6,7.1,0.0089,7,15,-8,3,73.4,51,-22,29,0.3,0.00639,999999.99,99999.99,99999.99,0.16,0.1,0.08,-1,2006-08-03 13:00:00
2006,215,14,2361,51,52,59,35,3.7,3.6,32.3,185.4,-3.0,-0.3,1.9,0.5,1.9,0.2,1.0,0.6,0.7,0.4,110119.0,1.7,556.0,1.5,1.6,0.031,8322.0,0.1,5.0,0.4,0.4,0.003,0.99,-1.06,1.23,9.8,6.8,0.0124,7,15,-9,3,73.4,41,-17,24,-0.5,0.00639,999999.99,99999.99,99999.99,0.15,0.1,0.08,-1,2006-08-03 14:00:00
2006,215,15,2361,51,52,57,36,3.0,2.7,1.2,268.9,-0.1,-2.7,0.1,-2.5,1.0,0.5,1.4,0.9,0.8,0.6,141188.0,1.9,532.0,0.4,-0.2,0.041,17497.0,0.2,9.0,1.2,0.6,0.006,1.05,-0.53,2.37,12.2,7.0,0.008,7,15,-11,3,73.4,33,-21,12,1.2,0.00639,999999.99,99999.99,99999.99,0.17,0.09,0.07,-1,2006-08-03 15:00:00
2006,215,16,2361,51,52,61,37,2.9,2.7,-3.4,270.3,0.0,-2.7,-0.2,-2.6,0.6,0.5,1.1,0.5,0.6,0.7,134192.0,1.7,526.0,0.5,-0.9,0.042,24687.0,0.2,4.0,0.8,0.5,0.005,0.92,-0.32,2.21,11.8,6.9,0.0085,7,15,-13,3,73.4,44,-24,19,2.1,0.00639,999999.99,99999.99,99999.99,0.18,0.1,0.08,-1,2006-08-03 16:00:00
2006,215,17,2361,51,52,60,36,3.1,3.1,-12.8,268.0,-0.1,-3.0,-0.7,-3.1,0.1,0.3,0.7,0.4,0.3,0.5,86539.0,1.6,527.0,-0.7,-1.5,0.031,5709.0,0.1,4.0,0.4,0.5,0.003,0.83,-0.05,1.49,10.8,7.1,0.0103,7,15,-15,3,73.4,79,-49,30,2.3,0.00639,999999.99,99999.99,99999.99,0.17,0.1,0.08,-1,2006-08-03 17:00:00
2006,215,18,2361,51,52,55,34,3.0,2.3,25.8,13.7,2.0,0.5,1.0,0.7,0.9,0.2,1.9,0.8,1.5,0.9,84794.0,1.7,498.0,1.9,1.0,0.034,15798.0,0.2,15.0,1.7,1.4,0.004,0.8,-0.45,1.67,10.8,6.9,0.0102,13,15,-17,5,73.4,99,-71,28,0.4,0.00639,999999.99,99999.99,99999.99,0.16,0.09,0.07,-1,2006-08-03 18:00:00
2006,215,19,2361,51,52,61,37,3.5,3.3,-4.1,1.3,3.3,0.1,-0.2,0.1,-0.2,0.1,1.0,0.2,0.7,0.7,71193.0,1.6,475.0,1.4,-1.2,0.036,14967.0,0.2,4.0,1.3,1.7,0.006,0.69,0.1,1.08,8.6,6.2,0.0161,13,15,-15,5,73.4,112,-83,29,0.3,0.00639,999999.99,99999.99,99999.99,0.21,0.1,0.07,-1,2006-08-03 19:00:00
2006,215,20,2361,51,52,60,38,3.4,3.3,-4.5,22.3,3.1,1.3,-0.3,1.3,-0.5,0.1,0.7,0.2,0.4,0.6,72937.0,1.8,478.0,3.4,-1.7,0.032,10419.0,0.2,4.0,0.6,1.0,0.005,0.77,0.24,1.3,9.4,6.5,0.0134,13,15,-12,5,73.4,46,-24,22,0.3,0.00639,999999.99,99999.99,99999.99,0.17,0.08,0.06,-1,2006-08-03 20:00:00
2006,215,21,2361,51,52,60,36,3.2,3.0,-26.3,344.5,2.6,-0.7,-1.3,-0.8,-1.2,0.1,1.0,0.4,0.9,0.4,90332.0,1.7,490.0,0.6,-3.0,0.038,15472.0,0.2,6.0,1.0,0.8,0.006,0.79,0.59,1.51,10.0,6.6,0.0119,13,15,-12,5,73.4,78,-49,29,0.6,0.00639,999999.99,99999.99,99999.99,0.19,0.09,0.06,-1,2006-08-03 21:00:00
2006,215,22,2361,51,52,60,37,3.3,3.0,-14.1,302.9,1.6,-2.4,-0.7,-2.5,-0.5,0.2,1.3,0.8,0.7,0.7,94600.0,1.7,493.0,-0.1,-2.5,0.037,15504.0,0.2,6.0,0.6,1.0,0.005,0.79,0.25,1.45,9.7,6.5,0.0125,13,15,-12,5,73.4,107,-67,40,0.8,0.00639,999999.99,99999.99,99999.99,0.18,0.11,0.08,-1,2006-08-03 22:00:00
2006,215,23,2361,51,52,59,35,3.1,2.9,-8.7,312.1,1.9,-2.2,-0.4,-2.2,-0.2,0.2,1.0,0.6,0.5,0.7,63028.0,1.7,492.0,-0.5,-2.2,0.036,7276.0,0.2,3.0,0.5,0.7,0.004,0.79,0.1,1.41,10.3,6.9,0.0111,13,15,-12,5,73.4,129,-81,48,1.1,0.00639,999999.99,99999.99,99999.99,0.18,0.09,0.06,-1,2006-08-03 23:00:00
2006,216,0,2361,51,52,60,33,2.8,2.7,-5.1,293.4,1.1,-2.5,-0.2,-2.5,0.1,0.1,0.5,0.4,0.2,0.2,60320.0,2.0,489.0,-0.9,-2.1,0.04,4779.0,0.1,5.0,0.3,0.2,0.003,0.93,-0.05,2.0,12.3,7.5,0.0078,3,0,-12,2,71.6,49,-26,22,0.4,0.006338,999999.99,99999.99,99999.99,0.26,0.13,0.08,-1,2006-08-04 00:00:00
2006,216,1,2361,51,52,60,37,2.6,2.5,-8.4,288.8,0.8,-2.4,-0.4,-2.4,-0.1,0.1,0.6,0.5,0.2,0.2,59958.0,2.0,490.0,-0.8,-2.2,0.041,4854.0,0.1,6.0,0.3,0.4,0.005,0.93,0.05,2.32,13.3,7.7,0.0067,3,0,-9,2,71.6,49,-27,22,0.7,0.006338,999999.99,99999.99,99999.99,0.2,0.08,0.06,-1,2006-08-04 01:00:00
2006,216,2,2361,51,52,59,36,2.4,2.4,-14.4,291.2,0.8,-2.1,-0.6,-2.2,-0.2,0.1,0.5,0.3,0.1,0.3,61916.0,2.1,486.0,-0.8,-2.4,0.04,3137.0,0.1,3.0,0.3,0.3,0.003,0.96,0.1,2.89,14.7,7.9,0.0055,3,0,-6,2,71.6,64,-29,34,0.6,0.006338,999999.99,99999.99,99999.99,0.16,0.09,0.07,-1,2006-08-04 02:00:00
2006,216,3,2361,51,52,60,36,2.5,2.5,-11.1,306.7,1.5,-2.0,-0.5,-2.1,-0.1,0.1,0.2,0.1,0.1,0.1,56870.0,2.0,479.0,-1.0,-2.3,0.041,1790.0,0.1,1.0,0.2,0.1,0.003,0.89,0.05,2.47,13.5,7.7,0.0065,10,0,-6,4,71.6,114,-64,50,0.9,0.006338,999999.99,99999.99,99999.99,0.18,0.11,0.09,-1,2006-08-04 03:00:00
2006,216,4,2361,51,52,58,36,3.0,2.9,-4.9,316.7,2.1,-2.0,-0.2,-2.0,0.3,0.2,0.5,0.4,0.1,0.3,57149.0,1.7,464.0,-1.1,-1.7,0.037,8077.0,0.2,6.0,0.9,0.2,0.003,0.7,-0.14,1.46,10.1,6.7,0.0117,10,0,-10,4,71.6,32,-10,22,0.5,0.006338,999999.99,99999.99,99999.99,0.21,0.1,0.08,-1,2006-08-04 04:00:00
2006,216,5,2361,51,52,58,35,3.2,3.2,-3.0,324.3,2.6,-1.8,-0.2,-1.8,0.4,0.0,0.3,0.2,0.2,0.3,55835.0,1.7,447.0,-2.6,-1.7,0.03,6241.0,0.1,5.0,0.6,0.2,0.003,0.64,-0.18,1.27,9.1,6.3,0.0143,10,0,-10,4,71.6,35,-14,21,0.4,0.006338,999999.99,99999.99,99999.99,0.21,0.11,0.08,-1,2006-08-04 05:00:00
2006,216,6,2361,51,52,59,37,3.2,3.2,-4.3,324.1,2.6,-1.9,-0.2,-1.9,0.5,0.0,0.3,0.1,0.1,0.3,50292.0,1.6,438.0,-3.4,-1.9,0.034,9273.0,0.2,6.0,0.9,0.4,0.004,0.58,-0.22,1.16,8.7,6.1,0.0159,3,0,-9,2,71.6,65,-39,26,0.4,0.006338,999999.99,99999.99,99999.99,0.14,0.07,0.06,-1,2006-08-04 06:00:00
2006,216,7,2361,51,52,59,36,3.1,3.1,-6.3,328.5,2.6,-1.6,-0.3,-1.6,0.3,0.1,0.4,0.1,0.3,0.3,63274.0,1.7,435.0,-2.9,-1.4,0.038,4214.0,0.1,2.0,0.6,0.3,0.003,0.62,-0.13,1.41,9.1,6.1,0.0142,3,0,-7,2,71.6,53,-29,25,0.2,0.006338,999999.99,99999.99,99999.99,0.17,0.1,0.07,-1,2006-08-04 07:00:00
2006,216,8,2361,51,52,59,36,3.2,3.2,-11.2,322.6,2.5,-1.9,-0.6,-2.0,0.2,0.1,0.4,0.3,0.2,0.2,60691.0,1.9,434.0,-3.4,-1.7,0.031,3992.0,0.1,3.0,0.6,0.2,0.004,0.67,-0.09,1.46,9.3,6.2,0.0136,3,0,-8,2,71.6,49,-18,31,0.2,0.006338,999999.99,99999.99,99999.99,0.18,0.09,0.07,-1,2006-08-04 08:00:00
2006,216,9,2361,51,52,60,37,3.1,3.1,-14.7,308.2,1.8,-2.3,-0.8,-2.4,0.3,0.1,0.4,0.3,0.2,0.2,70003.0,2.1,429.0,-2.1,-1.5,0.034,3895.0,0.1,2.0,0.4,0.2,0.004,0.73,-0.13,1.8,10.0,6.3,0.0118,0,0,-9,0,71.6,74,-30,45,0.1,0.006338,999999.99,99999.99,99999.99,0.15,0.1,0.07,-1,2006-08-04 09:00:00
2006,216,10,2361,51,52,59,36,2.6,2.6,-15.1,292.8,1.0,-2.3,-0.7,-2.4,0.4,0.3,0.6,0.6,0.2,0.2,60287.0,2.3,420.0,-2.2,-2.0,0.043,5268.0,0.2,2.0,0.6,0.2,0.006,0.79,-0.17,2.67,12.2,6.7,0.0079,0,0,-9,0,71.6,70,-23,47,0.1,0.006338,999999.99,99999.99,99999.99,0.19,0.1,0.07,-1,2006-08-04 10:00:00
2006,216,11,2361,51,52,58,34,2.0,2.0,-26.4,252.3,-0.5,-1.7,-0.9,-1.9,0.0,0.2,0.4,0.4,0.1,0.2,51169.0,2.6,415.0,-2.7,-2.0,0.052,3459.0,0.1,3.0,0.9,0.2,0.003,0.9,-0.0,4.85,16.7,7.3,0.0042,0,0,-9,0,71.6,57,-17,40,0.5,0.006338,999999.99,99999.99,99999.99,0.19,0.1,0.07,-1,2006-08-04 11:00:00
2006,216,12,2361,51,52,58,35,2.4,2.2,-19.6,271.7,0.1,-2.1,-0.7,-2.2,0.3,0.1,0.8,0.7,0.3,0.3,47851.0,2.7,408.0,-3.2,-1.8,0.049,3613.0,0.1,5.0,0.3,0.3,0.006,0.9,-0.12,3.44,14.0,7.0,0.0061,0,0,-12,0,71.6,47,-15,33,0.9,0.006338,999999.99,99999.99,99999.99,0.19,0.1,0.08,-1,2006-08-04 12:00:00
2006,216,13,2361,51,52,58,36,2.5,2.5,-13.4,321.1,1.9,-1.5,-0.6,-1.6,0.1,0.1,0.4,0.2,0.3,0.2,44211.0,2.7,389.0,-2.7,-1.7,0.05,3723.0,0.1,3.0,0.4,0.3,0.004,0.82,-0.04,3.1,12.8,6.7,0.0073,0,0,-13,0,71.6,64,-30,34,1.2,0.006338,999999.99,99999.99,99999.99,0.2,0.09,0.06,-1,2006-08-04 13:00:00
2006,216,14,2361,51,52,60,37,2.7,2.6,-7.9,315.5,1.8,-1.8,-0.4,-1.8,0.3,0.1,0.6,0.4,0.2,0.2,49054.0,2.9,386.0,-3.1,-1.6,0.058,5229.0,0.2,3.0,0.4,0.3,0.009,0.89,-0.12,2.94,12.2,6.5,0.008,0,0,-11,0,71.6,59,-30,29,1.6,0.006338,999999.99,99999.99,99999.99,0.2,0.09,0.06,-1,2006-08-04 14:00:00
2006,216,15,2361,51,52,62,36,2.7,2.5,0.8,313.2,1.7,-1.8,0.0,-1.7,0.6,0.4,0.9,0.8,0.3,0.4,43717.0,3.0,383.0,-3.1,-1.7,0.061,4333.0,0.2,6.0,0.4,0.5,0.004,0.91,-0.23,2.95,12.3,6.5,0.0079,0,0,-8,0,71.6,51,-38,13,1.3,0.006338,999999.99,99999.99,99999.99,0.18,0.11,0.08,-1,2006-08-04 15:00:00
2006,216,16,2361,51,52,61,38,2.7,2.5,32.5,256.2,-0.5,-2.1,1.4,-1.6,2.0,0.3,0.8,0.5,0.4,0.6,41323.0,3.3,400.0,-2.6,-0.9,0.063,3938.0,0.2,3.0,0.5,0.7,0.005,1.1,-0.8,3.2,13.5,6.9,0.0066,0,0,-8,0,71.6,20,-12,8,0.9,0.006338,999999.99,99999.99,99999.99,0.18,0.11,0.08,-1,2006-08-04 16:00:00
2006,216,17,2361,51,52,62,36,3.5,3.0,25.3,279.5,0.4,-2.6,1.3,-2.2,1.9,0.2,1.8,0.7,0.8,1.4,44047.0,3.8,398.0,-2.5,-0.2,0.062,6020.0,0.3,3.0,0.8,1.0,0.006,1.25,-0.76,2.22,11.1,6.5,0.0097,0,0,-7,0,71.6,26,-14,12,1.1,0.006338,999999.99,99999.99,99999.99,0.22,0.11,0.08,-1,2006-08-04 17:00:00
2006,216,18,2361,51,52,60,37,4.0,3.8,32.5,229.3,-2.1,-2.4,2.0,-1.9,2.4,0.4,1.3,0.3,0.5,1.1,38505.0,4.3,414.0,-1.5,0.2,0.065,4104.0,0.3,3.0,0.4,0.7,0.005,1.55,-0.99,1.87,10.7,6.6,0.0103,7,0,-5,3,71.6,37,-19,18,1.0,0.006338,999999.99,99999.99,99999.99,0.17,0.09,0.06,-1,2006-08-04 18:00:00
2006,216,19,2361,51,52,60,36,4.2,3.9,40.8,237.0,-1.6,-2.5,2.6,-2.1,3.0,0.3,1.3,0.5,0.8,0.9,44265.0,4.7,410.0,-2.3,-0.2,0.068,3689.0,0.3,2.0,0.7,0.7,0.005,1.68,-1.23,1.91,10.6,6.5,0.0106,7,0,-4,3,71.6,39,-21,18,0.4,0.006338,999999.99,99999.99,99999.99,0.16,0.09,0.07,-1,2006-08-04 19:00:00
2006,216,20,2361,51,52,59,37,4.0,3.3,18.1,257.8,-0.7,-3.1,1.0,-2.9,1.4,0.4,2.2,1.7,0.5,1.3,50673.0,5.2,402.0,-2.9,-0.8,0.072,7990.0,0.3,6.0,0.6,0.6,0.007,1.81,-0.56,2.42,11.5,6.5,0.0091,7,0,-2,3,71.6,43,-21,22,0.2,0.006338,999999.99,99999.99,99999.99,0.21,0.09,0.05,-1,2006-08-04 20:00:00
2006,216,21,2361,51,52,59,36,4.1,3.2,14.8,300.2,1.6,-2.7,0.8,-2.6,1.1,0.3,2.5,1.7,0.9,1.6,52993.0,5.5,390.0,-2.0,-1.3,0.071,7909.0,0.4,9.0,0.5,1.2,0.01,1.79,-0.43,2.47,11.2,6.3,0.0096,7,0,-1,3,71.6,36,-17,20,0.2,0.006338,999999.99,99999.99,99999.99,0.2,0.11,0.08,-1,2006-08-04 21:00:00
2006,216,22,2361,51,52,60,37,4.2,3.6,38.6,244.8,-1.2,-2.5,2.2,-2.3,2.4,0.2,2.1,0.6,1.0,1.8,42783.0,5.2,399.0,-1.6,-0.9,0.059,6046.0,0.4,2.0,0.6,0.8,0.005,1.71,-0.96,2.1,10.8,6.5,0.0101,7,0,-1,3,71.6,30,-12,18,-0.1,0.006338,999999.99,99999.99,99999.99,0.2,0.11,0.08,-1,2006-08-04 22:00:00
2006,216,23,2361,51,52,61,37,4.7,4.4,-18.4,259.1,-0.8,-4.1,-1.4,-4.2,-1.0,0.1,1.3,0.8,0.3,1.0,45431.0,5.5,401.0,-3.3,-1.8,0.062,3965.0,0.2,2.0,0.3,0.5,0.005,1.84,0.4,1.8,10.0,6.3,0.0119,7,0,1,3,71.6,71,-30,42,0.1,0.006338,999999.99,99999.99,99999.99,0.17,0.1,0.07,-1,2006-08-04 23:00:00
2006,217,0,2361,51,52,57,35,4.5,3.3,-26.9,260.7,-0.5,-2.9,-1.5,-3.1,-1.1,0.2,3.1,1.9,1.8,1.6,51630.0,5.4,394.0,-2.2,-2.2,0.062,5491.0,0.5,5.0,0.7,0.8,0.006,1.75,0.43,2.0,10.2,6.2,0.0115,13,0,1,5,71.5,126,-74,52,0.6,0.006232,999999.99,99999.99,99999.99,0.19,0.1,0.07,-1,2006-08-05 00:00:00
2006,217,1,2361,51,52,59,36,4.1,3.8,-39.0,348.6,2.9,-0.6,-2.4,-0.9,-2.3,0.3,1.6,0.8,1.4,0.3,62008.0,4.8,386.0,-1.9,-2.6,0.072,4383.0,0.3,3.0,0.8,0.3,0.003,1.54,0.89,2.26,10.3,6.0,0.0112,13,0,-3,5,71.5,157,-85,72,1.2,0.006232,999999.99,99999.99,99999.99,0.18,0.1,0.06,-1,2006-08-05 01:00:00
2006,217,2,2361,51,52,61,37,4.1,4.0,-44.2,9.7,2.8,0.5,-2.8,0.0,-2.8,0.3,0.9,0.5,0.6,0.4,61483.0,4.1,382.0,-0.8,-2.1,0.064,4266.0,0.4,3.0,0.3,0.7,0.005,1.25,1.07,1.93,9.4,5.8,0.0134,13,0,-8,5,71.5,123,-51,72,1.4,0.006232,999999.99,99999.99,99999.99,0.2,0.11,0.08,-1,2006-08-05 02:00:00
2006,217,3,2361,51,52,58,36,4.1,3.8,-28.6,17.7,3.2,1.0,-1.8,0.6,-2.0,0.3,1.4,0.3,0.9,1.0,58774.0,3.9,379.0,-0.5,-1.7,0.063,4702.0,0.5,5.0,0.7,0.5,0.005,1.17,0.76,1.81,9.1,5.7,0.0143,13,0,-12,5,71.5,143,-54,89,1.7,0.006232,999999.99,99999.99,99999.99,0.21,0.11,0.08,-1,2006-08-05 03:00:00
2006,217,4,2361,51,52,61,37,3.2,3.0,-14.7,25.1,2.6,1.2,-0.8,0.9,-1.1,0.6,1.4,0.9,0.7,0.8,65670.0,3.9,377.0,-0.9,-1.6,0.06,7813.0,0.4,6.0,0.8,0.5,0.005,1.15,0.41,3.07,11.6,6.1,0.0088,13,0,-16,5,71.5,129,-61,68,1.2,0.006232,999999.99,99999.99,99999.99,0.19,0.09,0.07,-1,2006-08-05 04:00:00
2006,217,5,2361,51,52,61,36,3.1,2.6,-26.7,353.8,2.3,-0.3,-1.2,-0.7,-1.0,0.9,1.8,1.5,0.6,0.8,71745.0,3.5,376.0,-0.8,-1.8,0.053,16207.0,0.3,6.0,0.6,0.4,0.004,1.0,0.38,3.03,11.3,6.0,0.0092,13,0,-14,5,71.5,97,-57,40,0.9,0.006232,999999.99,99999.99,99999.99,0.22,0.11,0.09,-1,2006-08-05 05:00:00
2006,217,6,2361,51,52,61,37,2.8,2.7,7.3,309.9,1.7,-2.1,0.3,-1.9,1.0,0.5,0.9,0.4,0.5,0.6,71778.0,2.9,385.0,0.7,-1.7,0.038,12092.0,0.3,5.0,0.6,0.4,0.004,0.83,-0.39,3.08,11.7,6.1,0.0087,7,0,-9,3,71.5,142,-115,27,0.5,0.006232,999999.99,99999.99,99999.99,0.15,0.08,0.06,-1,2006-08-05 06:00:00
2006,217,7,2361,51,52,60,37,3.2,3.1,1.8,304.8,1.8,-2.6,0.1,-2.4,1.1,0.2,0.6,0.3,0.3,0.5,52369.0,2.5,388.0,0.5,-1.2,0.031,8597.0,0.2,2.0,0.4,0.3,0.004,0.71,-0.43,1.84,9.6,6.0,0.0129,7,0,-8,3,71.5,63,-39,24,-0.0,0.006232,999999.99,99999.99,99999.99,0.18,0.09,0.08,-1,2006-08-05 07:00:00
2006,217,8,2361,51,52,56,35,2.4,2.3,6.5,308.0,1.4,-1.8,0.3,-1.5,1.0,0.6,0.9,0.7,0.4,0.4,56277.0,3.1,378.0,-1.2,-0.9,0.044,7343.0,0.5,8.0,0.8,0.8,0.008,0.87,-0.38,4.13,13.9,6.5,0.0062,7,0,-7,3,71.5,37,-13,23,-0.1,0.006232,999999.99,99999.99,99999.99,0.2,0.1,0.08,-1,2006-08-05 08:00:00
2006,217,9,2361,51,52,58,35,2.2,1.8,12.1,340.9,1.6,-0.6,0.4,-0.4,0.6,0.1,1.3,0.4,0.8,0.9,50627.0,3.4,365.0,-1.3,-0.5,0.055,4862.0,0.1,4.0,0.5,0.8,0.003,0.92,-0.22,5.23,15.3,6.5,0.0051,3,0,-7,2,71.5,36,-19,18,-0.2,0.006232,999999.99,99999.99,99999.99,0.2,0.12,0.09,-1,2006-08-05 09:00:00
2006,217,10,2361,51,52,63,38,1.9,1.0,21.3,275.8,0.1,-0.9,0.3,-0.7,0.7,0.2,1.7,1.4,0.6,0.7,45168.0,3.4,370.0,-1.5,-0.3,0.053,5291.0,0.1,6.0,0.9,0.7,0.004,0.94,-0.26,6.8,18.0,6.8,0.0037,3,0,-6,2,71.5,66,-23,43,0.2,0.006232,999999.99,99999.99,99999.99,0.19,0.1,0.07,-1,2006-08-05 10:00:00
2006,217,11,2361,51,52,58,36,2.0,1.9,10.2,289.1,0.6,-1.8,0.3,-1.5,1.1,0.4,0.8,0.5,0.5,0.3,40856.0,3.6,364.0,-2.0,-0.3,0.055,2757.0,0.1,4.0,0.5,0.3,0.002,0.97,-0.4,6.34,17.3,6.8,0.004,3,0,-6,2,71.5,58,-23,35,-0.1,0.006232,999999.99,99999.99,99999.99,0.17,0.09,0.06,-1,2006-08-05 11:00:00
2006,217,12,2361,51,52,60,37,2.5,2.4,-12.6,263.2,-0.3,-2.3,-0.5,-2.3,0.6,0.2,0.7,0.3,0.1,0.6,40987.0,3.4,365.0,-2.5,-0.4,0.048,2475.0,0.2,1.0,0.2,0.3,0.005,0.9,-0.22,3.83,13.5,6.5,0.0066,3,0,-7,2,71.5,57,-23,33,0.1,0.006232,999999.99,99999.99,99999.99,0.23,0.11,0.08,-1,2006-08-05 12:00:00
2006,217,13,2361,51,52,60,34,2.4,2.3,-18.8,249.1,-0.8,-2.1,-0.8,-2.2,0.2,0.1,0.6,0.5,0.3,0.2,34507.0,3.5,368.0,-2.8,-0.3,0.045,2701.0,0.1,3.0,0.4,0.2,0.002,0.93,-0.07,4.12,14.3,6.7,0.0058,3,0,-7,2,71.5,68,-36,32,1.0,0.006232,999999.99,99999.99,99999.99,0.19,0.1,0.07,-1,2006-08-05 13:00:00
2006,217,14,2361,51,52,61,37,2.4,2.3,-11.2,245.5,-0.9,-2.0,-0.4,-2.0,0.4,0.2,0.9,0.6,0.3,0.6,39951.0,3.9,370.0,-2.4,-0.2,0.046,2848.0,0.2,2.0,0.3,0.3,0.002,1.06,-0.15,4.74,15.2,6.7,0.0051,3,0,-6,2,71.5,58,-35,23,1.2,0.006232,999999.99,99999.99,99999.99,0.21,0.1,0.08,-1,2006-08-05 14:00:00
2006,217,15,2361,51,52,59,37,2.4,2.2,-36.4,281.1,0.3,-1.7,-1.3,-2.0,-0.6,0.3,0.9,0.7,0.3,0.5,44612.0,4.1,368.0,-2.1,-0.5,0.048,3550.0,0.2,2.0,0.4,0.4,0.003,1.11,0.22,5.12,15.5,6.7,0.0049,3,0,-7,2,71.5,40,-26,13,1.5,0.006232,999999.99,99999.99,99999.99,0.17,0.09,0.06,-1,2006-08-05 15:00:00
2006,217,16,2361,51,52,55,34,2.4,2.2,-25.8,298.2,0.9,-1.8,-1.0,-2.0,-0.4,0.2,0.9,0.6,0.4,0.5,44456.0,4.5,364.0,-2.0,-0.7,0.048,3355.0,0.2,4.0,0.2,0.3,0.003,1.19,0.15,5.62,16.1,6.7,0.0046,3,0,-8,2,71.5,58,-42,16,1.4,0.006232,999999.99,99999.99,99999.99,0.22,0.11,0.07,-1,2006-08-05 16:00:00
2006,217,17,2361,51,52,59,36,2.7,2.7,1.0,348.5,2.6,-0.5,0.0,-0.5,0.1,0.1,0.6,0.2,0.4,0.4,45938.0,5.1,354.0,-1.2,-0.0,0.047,2927.0,0.1,1.0,0.6,0.4,0.003,1.27,-0.04,5.07,14.8,6.4,0.0054,3,0,-8,2,71.5,27,-10,17,0.7,0.006232,999999.99,99999.99,99999.99,0.19,0.09,0.07,-1,2006-08-05 17:00:00
2006,217,18,2361,51,52,61,38,3.0,2.8,23.0,19.8,2.4,0.9,1.1,1.1,0.9,0.3,0.9,0.6,0.6,0.4,44402.0,4.9,357.0,-1.1,0.4,0.049,4207.0,0.3,3.0,0.4,0.4,0.003,1.25,-0.32,3.91,13.2,6.3,0.0069,7,0,-7,3,71.5,40,-18,22,0.2,0.006232,999999.99,99999.99,99999.99,0.2,0.09,0.07,-1,2006-08-05 18:00:00
2006,217,19,2361,51,52,62,37,2.4,1.6,30.3,266.2,-0.1,-1.4,0.8,-1.2,1.0,0.3,1.7,0.8,0.6,1.4,48626.0,5.3,365.0,-2.1,0.4,0.051,3959.0,0.2,2.0,0.6,0.4,0.004,1.42,-0.36,6.77,17.5,6.7,0.0039,7,0,-3,3,71.5,44,-16,28,-0.1,0.006232,999999.99,99999.99,99999.99,0.25,0.12,0.08,-1,2006-08-05 19:00:00
2006,217,20,2361,51,52,58,36,2.2,1.6,-4.6,249.7,-0.5,-1.5,-0.1,-1.5,0.1,0.4,1.5,0.7,0.5,1.2,47562.0,5.5,364.0,-1.2,0.2,0.057,4411.0,0.2,2.0,0.4,0.7,0.005,1.49,-0.04,8.32,19.4,6.8,0.0032,7,0,1,3,71.5,38,-13,25,0.2,0.006232,999999.99,99999.99,99999.99,0.17,0.08,0.06,-1,2006-08-05 20:00:00
2006,217,21,2361,51,52,62,37,2.3,1.0,-23.5,281.5,0.2,-0.9,-0.4,-0.9,-0.3,0.4,2.1,1.4,0.8,1.3,50733.0,5.5,358.0,-0.8,-0.2,0.056,13078.0,0.1,5.0,1.2,0.7,0.003,1.44,0.11,7.75,18.3,6.6,0.0036,3,0,2,2,71.5,35,-13,21,0.1,0.006232,999999.99,99999.99,99999.99,0.16,0.09,0.06,-1,2006-08-05 21:00:00
2006,217,22,2361,51,52,58,36,2.3,2.1,31.5,243.3,-0.8,-1.6,1.1,-1.5,1.3,0.2,0.8,0.5,0.3,0.6,44988.0,5.5,361.0,-1.7,0.4,0.056,2142.0,0.2,2.0,0.2,0.4,0.003,1.47,-0.47,7.5,18.4,6.7,0.0035,3,0,2,2,71.5,26,-5,20,-0.2,0.006232,999999.99,99999.99,99999.99,0.19,0.1,0.07,-1,2006-08-05 22:00:00
2006,217,23,2361,51,52,62,38,3.0,2.7,8.3,239.3,-1.4,-2.3,0.4,-2.2,0.6,0.3,1.3,0.7,0.6,0.9,39531.0,5.5,362.0,-2.1,-0.2,0.054,3182.0,0.2,3.0,0.4,0.4,0.004,1.46,-0.22,4.27,14.1,6.5,0.0059,3,0,2,2,71.5,29,-11,18,-0.2,0.006232,999999.99,99999.99,99999.99,0.18,0.11,0.08,-1,2006-08-05 23:00:00
2006,218,0,2361,51,52,59,36,3.1,2.9,-29.0,227.6,-1.7,-1.9,-1.4,-2.1,-1.2,0.1,1.0,0.6,0.5,0.7,37957.0,5.6,360.0,-3.0,-1.4,0.051,1674.0,0.2,3.0,0.5,0.3,0.002,1.46,0.43,4.03,13.7,6.5,0.0063,7,0,3,3,71.5,49,-26,22,0.4,0.006178,999999.99,99999.99,99999.99,0.2,0.09,0.06,-1,2006-08-06 00:00:00
2006,218,1,2361,51,52,58,34,3.4,2.9,-22.6,272.4,0.1,-2.7,-1.1,-2.8,-0.7,0.2,1.7,1.4,0.5,0.7,37207.0,5.3,350.0,-3.0,-1.6,0.044,2216.0,0.3,5.0,0.4,0.5,0.005,1.28,0.24,3.16,11.8,6.1,0.0085,7,0,2,3,71.5,50,-28,22,0.4,0.006178,999999.99,99999.99,99999.99,0.21,0.11,0.08,-1,2006-08-06 01:00:00
2006,218,2,2361,51,52,62,38,3.6,3.2,7.8,213.0,-2.6,-1.7,0.4,-1.6,0.7,0.4,1.8,1.3,1.0,0.8,28398.0,4.8,354.0,-2.3,-0.5,0.04,3969.0,0.5,4.0,0.6,0.5,0.006,1.17,-0.25,2.42,10.8,6.1,0.0103,7,0,-1,3,71.5,54,-27,27,0.3,0.006178,999999.99,99999.99,99999.99,0.2,0.14,0.1,-1,2006-08-06 02:00:00
2006,218,3,2361,51,52,59,36,3.8,3.5,18.2,196.5,-3.1,-0.9,1.1,-0.6,1.3,0.2,1.6,0.5,1.4,0.6,23472.0,4.7,357.0,-1.8,0.1,0.042,1915.0,0.3,2.0,0.4,0.4,0.005,1.17,-0.46,2.06,10.2,6.1,0.0115,3,0,-4,2,71.5,53,-30,23,0.1,0.006178,999999.99,99999.99,99999.99,0.19,0.11,0.08,-1,2006-08-06 03:00:00
2006,218,4,2361,51,52,60,36,3.5,3.1,17.4,236.9,-1.6,-2.5,0.9,-2.2,1.5,0.3,1.7,1.2,0.8,0.8,31362.0,5.0,354.0,-2.2,-0.1,0.032,8082.0,0.5,4.0,0.9,0.6,0.004,1.18,-0.53,2.71,11.3,6.2,0.0093,3,0,-3,2,71.5,40,-25,15,-0.1,0.006178,999999.99,99999.99,99999.99,0.17,0.1,0.07,-1,2006-08-06 04:00:00
2006,218,5,2361,51,52,59,37,3.7,3.1,18.7,262.7,-0.4,-2.9,1.0,-2.4,1.9,0.5,2.1,1.1,1.3,1.2,36627.0,6.0,355.0,-1.7,0.5,0.025,6259.0,0.5,4.0,0.8,0.5,0.005,1.39,-0.67,3.01,11.8,6.2,0.0086,3,0,-1,2,71.5,32,-17,15,-0.2,0.006178,999999.99,99999.99,99999.99,0.19,0.1,0.07,-1,2006-08-06 05:00:00
2006,218,6,2361,51,52,59,36,3.8,3.7,-28.5,315.9,2.4,-2.3,-1.8,-2.8,-0.9,0.5,1.0,0.5,0.7,0.4,43017.0,5.3,344.0,-2.8,-0.2,0.029,2598.0,0.6,3.0,0.5,0.4,0.003,1.17,0.31,2.62,10.4,5.8,0.011,7,0,-3,3,71.5,40,-7,33,-0.2,0.006178,999999.99,99999.99,99999.99,0.17,0.09,0.07,-1,2006-08-06 06:00:00
2006,218,7,2361,51,52,60,36,2.1,0.8,-20.1,159.4,-0.7,0.3,-0.3,0.2,-0.4,0.8,2.0,1.3,1.2,1.0,40165.0,7.0,346.0,-2.5,0.5,0.025,5525.0,0.7,2.0,0.3,0.4,0.003,1.54,0.14,11.13,21.8,6.7,0.0025,7,0,-1,3,71.5,66,-22,44,0.1,0.006178,999999.99,99999.99,99999.99,0.16,0.09,0.07,-1,2006-08-06 07:00:00
2006,218,8,2361,51,52,61,38,3.3,3.2,12.5,221.3,-2.3,-2.0,0.7,-1.5,1.5,1.1,1.5,1.1,0.6,0.8,30232.0,5.9,348.0,-2.8,0.6,0.02,2872.0,1.4,3.0,0.5,0.4,0.003,1.29,-0.52,3.57,12.8,6.3,0.0073,7,0,-3,3,71.5,46,-24,23,-0.1,0.006178,999999.99,99999.99,99999.99,0.18,0.11,0.09,-1,2006-08-06 08:00:00
2006,218,9,2361,51,52,59,36,2.1,0.9,56.2,334.0,0.5,-0.2,0.8,0.2,0.8,0.6,1.9,1.2,1.4,0.5,23121.0,9.0,348.0,-2.8,-0.0,0.018,5297.0,1.4,3.0,0.8,0.7,0.003,1.95,-0.28,12.86,24.9,7.1,0.0019,3,0,1,2,71.5,49,-20,29,-0.4,0.006178,999999.99,99999.99,99999.99,0.16,0.09,0.06,-1,2006-08-06 09:00:00
2006,218,10,2361,51,52,61,38,2.0,1.9,-16.1,14.6,1.8,0.5,-0.5,0.2,-0.7,0.2,0.4,0.2,0.3,0.2,20126.0,9.8,347.0,-2.3,-0.5,0.02,1334.0,0.2,2.0,0.2,0.2,0.001,2.13,0.24,15.13,27.2,7.2,0.0016,3,0,3,2,71.5,58,-24,34,-0.1,0.006178,999999.99,99999.99,99999.99,0.2,0.11,0.07,-1,2006-08-06 10:00:00
2006,218,11,2361,51,52,60,36,2.7,2.6,-19.6,1.9,2.5,0.1,-0.9,-0.3,-0.8,0.4,0.8,0.4,0.7,0.2,19815.0,9.6,349.0,-1.4,-0.0,0.022,2050.0,0.4,3.0,1.2,0.3,0.004,2.12,0.28,8.12,20.0,7.1,0.003,3,0,3,2,71.5,59,-22,38,0.3,0.006178,999999.99,99999.99,99999.99,0.23,0.09,0.08,-1,2006-08-06 11:00:00
2006,218,12,2361,51,52,59,35,3.1,2.8,-15.8,349.6,2.7,-0.5,-0.8,-0.8,-0.5,0.3,1.3,0.4,1.2,0.3,19935.0,10.5,350.0,-1.8,0.1,0.029,4280.0,0.7,2.0,0.4,0.2,0.003,2.4,0.17,6.74,18.3,7.0,0.0036,10,0,3,4,71.5,80,-32,48,0.6,0.006178,999999.99,99999.99,99999.99,0.2,0.12,0.09,-1,2006-08-06 12:00:00
2006,218,13,2361,51,52,64,39,4.2,3.4,7.5,262.9,-0.4,-3.4,0.4,-2.9,1.8,0.1,2.4,2.0,0.6,1.1,34338.0,10.1,354.0,-3.1,-0.1,0.025,2889.0,1.3,7.0,0.5,0.5,0.003,2.33,-0.64,3.88,13.4,6.4,0.0066,10,0,6,4,71.5,116,-90,27,0.6,0.006178,999999.99,99999.99,99999.99,0.22,0.1,0.07,-1,2006-08-06 13:00:00
2006,218,14,2361,51,52,60,37,4.9,4.4,3.7,261.0,-0.7,-4.3,0.3,-3.8,2.0,0.4,2.3,1.6,0.5,1.5,38247.0,12.7,363.0,-3.7,-0.6,0.026,3360.0,1.0,3.0,0.6,0.4,0.004,3.09,-0.73,3.67,13.2,6.5,0.0068,10,0,11,4,71.5,108,-85,22,0.9,0.006178,999999.99,99999.99,99999.99,0.22,0.12,0.08,-1,2006-08-06 14:00:00
2006,218,15,2361,51,52,59,35,4.4,4.1,-8.0,271.7,0.1,-4.0,-0.6,-4.0,0.9,0.5,1.6,1.1,0.6,1.0,36395.0,14.6,362.0,-5.1,-0.8,0.023,3466.0,1.0,2.0,0.5,0.3,0.005,3.49,-0.33,5.17,15.7,6.7,0.0048,13,0,10,5,71.5,65,-36,29,2.2,0.006178,999999.99,99999.99,99999.99,0.22,0.12,0.08,-1,2006-08-06 15:00:00
2006,218,16,2361,51,52,59,37,4.5,3.9,-42.9,296.0,1.3,-2.6,-2.7,-3.3,-1.8,0.5,2.1,0.9,0.8,1.7,30279.0,14.1,355.0,-5.6,-1.0,0.027,2685.0,0.9,1.0,0.9,0.3,0.006,3.29,0.64,4.6,14.8,6.6,0.0054,13,0,8,5,71.5,66,-32,34,1.8,0.006178,999999.99,99999.99,99999.99,0.18,0.09,0.07,-1,2006-08-06 16:00:00
2006,218,17,2361,51,52,59,36,4.5,4.4,35.7,317.7,2.7,-2.4,2.6,-1.6,3.1,0.5,0.7,0.4,0.5,0.3,16444.0,14.7,349.0,-5.7,-0.5,0.018,2659.0,1.0,2.0,0.8,0.2,0.004,3.21,-1.08,4.37,14.9,6.8,0.0054,13,0,8,5,71.5,46,-17,29,1.0,0.006178,999999.99,99999.99,99999.99,0.17,0.11,0.07,-1,2006-08-06 17:00:00
2006,218,18,2361,51,52,60,37,5.6,5.6,22.5,323.5,4.1,-3.1,2.1,-2.6,2.7,0.4,0.7,0.6,0.2,0.2,15947.0,13.5,349.0,-5.8,-0.3,0.012,598.0,0.6,1.0,0.2,0.2,0.001,2.88,-0.94,2.58,11.4,6.4,0.0091,3,0,8,2,71.5,32,-6,26,1.1,0.006178,999999.99,99999.99,99999.99,0.19,0.1,0.07,-1,2006-08-06 18:00:00
2006,218,19,2361,51,52,59,36,6.3,6.3,15.5,328.5,5.2,-3.2,1.7,-2.9,2.2,0.1,0.3,0.1,0.2,0.3,15836.0,13.0,346.0,-5.6,-0.0,0.014,330.0,0.5,1.0,0.1,0.2,0.001,2.74,-0.76,1.96,9.9,6.0,0.0121,3,0,11,2,71.5,32,-4,28,0.5,0.006178,999999.99,99999.99,99999.99,0.16,0.09,0.07,-1,2006-08-06 19:00:00
2006,218,20,2361,51,52,57,34,4.6,4.5,24.5,332.9,3.6,-1.8,1.8,-1.5,2.0,0.7,1.2,0.7,0.9,0.5,17317.0,16.0,337.0,-6.3,-0.9,0.014,961.0,1.0,4.0,0.8,0.6,0.001,3.2,-0.67,4.58,14.7,6.6,0.0055,3,0,11,2,71.5,28,-4,25,0.1,0.006178,999999.99,99999.99,99999.99,0.19,0.1,0.06,-1,2006-08-06 20:00:00
2006,218,21,2361,51,52,60,37,3.2,3.2,32.0,335.1,2.4,-1.1,1.7,-0.9,1.8,0.3,0.8,0.3,0.4,0.6,21208.0,17.0,331.0,-7.3,-0.3,0.013,3013.0,0.4,1.0,0.3,0.5,0.001,3.27,-0.6,10.33,21.3,6.8,0.0026,7,0,14,3,71.5,30,-5,25,0.0,0.006178,999999.99,99999.99,99999.99,0.21,0.11,0.08,-1,2006-08-06 21:00:00
2006,218,22,2361,51,52,61,38,3.1,3.0,2.9,351.1,3.0,-0.5,0.2,-0.5,0.3,0.2,0.7,0.2,0.6,0.4,20953.0,17.6,333.0,-7.7,0.5,0.016,1870.0,0.4,1.0,0.1,0.2,0.001,3.47,-0.1,11.38,22.5,6.8,0.0023,7,0,15,3,71.5,31,-9,23,0.0,0.006178,999999.99,99999.99,99999.99,0.22,0.11,0.08,-1,2006-08-06 22:00:00
2006,218,23,2361,51,52,59,36,2.5,2.5,-11.1,5.0,2.5,0.2,-0.5,0.1,-0.5,0.1,0.3,0.1,0.2,0.2,20872.0,18.0,332.0,-7.7,1.0,0.017,1551.0,0.5,1.0,0.2,0.1,0.001,3.54,0.17,17.88,28.2,6.9,0.0015,7,0,15,3,71.5,38,-13,25,0.0,0.006178,999999.99,99999.99,99999.99,0.21,0.1,0.08,-1,2006-08-06 23:00:00
2006,219,0,2361,51,52,65,37,2.3,2.0,-9.9,354.7,1.9,-0.2,-0.3,-0.2,-0.3,0.8,1.4,0.5,1.1,0.8,28086.0,22.9,336.0,-8.5,0.5,0.017,6065.0,5.7,8.0,0.5,0.9,0.003,4.61,0.1,28.17,35.0,6.9,0.001,30,0,21,15,71.8,40,-7,33,0.2,0.006165,999999.99,99999.99,99999.99,0.23,0.12,0.08,-1,2006-08-07 00:00:00
2006,219,1,2361,51,52,63,38,5.9,1.7,-5.1,130.1,-1.1,1.3,-0.2,1.3,-0.4,2.5,6.1,3.0,4.3,3.2,42871.0,39.3,360.0,-10.1,-1.4,0.013,7239.0,4.5,3.0,0.9,0.6,0.003,8.95,0.14,8.04,19.1,6.8,0.0033,30,0,32,15,71.8,93,-27,66,0.8,0.006165,999999.99,99999.99,99999.99,0.17,0.1,0.07,-1,2006-08-07 01:00:00
2006,219,2,2361,51,52,58,36,7.4,5.8,-44.6,132.3,-2.8,3.0,-4.0,2.2,-4.5,2.0,5.1,1.5,4.5,1.9,53505.0,40.6,365.0,-7.9,2.4,0.013,6775.0,4.7,4.0,0.9,1.2,0.003,9.5,1.64,5.61,15.7,6.5,0.0048,30,0,20,15,71.8,440,-295,145,2.5,0.006165,999999.99,99999.99,99999.99,0.19,0.12,0.09,-1,2006-08-07 02:00:00
2006,219,3,2361,51,52,59,36,7.3,6.1,-0.3,158.5,-5.7,2.2,0.0,2.1,-0.5,0.8,4.0,1.2,3.2,2.1,62446.0,48.4,357.0,-7.7,2.5,0.013,5743.0,3.0,3.0,1.0,0.7,0.002,10.84,0.18,7.21,17.0,6.3,0.0041,37,0,4,22,71.8,543,-342,202,3.2,0.006165,999999.99,99999.99,99999.99,0.18,0.09,0.07,-1,2006-08-07 03:00:00
2006,219,4,2361,51,52,62,37,10.3,9.0,37.7,140.6,-5.5,4.5,5.5,5.8,4.1,2.5,5.3,1.4,4.7,2.1,48568.0,32.7,354.0,-8.3,2.5,0.015,3103.0,5.0,7.0,0.4,1.8,0.008,7.25,-1.45,2.27,9.8,5.7,0.0123,37,0,-2,22,71.8,334,-172,162,2.6,0.006165,999999.99,99999.99,99999.99,0.19,0.09,0.06,-1,2006-08-07 04:00:00
2006,219,5,2361,51,52,70,43,13.4,12.6,-15.0,120.0,-6.1,10.5,-3.3,8.9,-6.5,3.7,5.8,2.2,2.7,4.7,103327.0,21.7,391.0,-3.9,7.1,0.038,38687.0,4.9,25.0,2.9,1.1,0.011,6.38,2.54,1.16,6.8,4.8,0.0258,37,0,-8,22,71.8,373,-141,233,3.2,0.006165,999999.99,99999.99,99999.99,0.18,0.1,0.08,-1,2006-08-07 05:00:00
2006,219,6,2361,51,52,62,37,17.7,12.3,-36.9,138.5,-7.4,6.5,-7.4,3.4,-9.2,3.1,12.8,4.5,10.2,6.4,157605.0,27.3,429.0,-0.7,6.9,0.046,31436.0,4.8,13.0,3.0,1.6,0.012,9.93,3.95,1.04,6.3,4.6,0.0297,50,0,-22,48,71.8,855,-665,191,5.6,0.006165,999999.99,99999.99,99999.99,0.23,0.1,0.07,-1,2006-08-07 06:00:00
2006,219,7,2361,51,52,69,40,17.4,13.0,24.7,119.6,-5.8,10.3,5.4,11.6,0.9,2.1,11.5,2.1,5.6,9.8,339376.0,15.4,482.0,7.2,3.7,0.087,95949.0,6.0,28.0,4.8,3.7,0.024,8.05,-0.43,0.99,5.4,4.0,0.0403,50,0,-48,48,71.8,708,-434,274,5.5,0.006165,999999.99,99999.99,99999.99,0.2,0.1,0.07,-1,2006-08-07 07:00:00
2006,219,8,2361,51,52,57,33,18.1,17.3,8.7,123.2,-9.4,14.3,2.6,14.0,-3.8,1.7,5.3,1.7,3.0,4.0,354713.0,8.7,503.0,7.0,3.5,0.078,110649.0,1.0,15.0,3.0,1.5,0.027,4.82,1.91,0.53,4.1,3.4,0.0708,50,0,-47,48,71.8,360,-229,131,4.5,0.006165,999999.99,99999.99,99999.99,0.18,0.1,0.07,-1,2006-08-07 08:00:00
2006,219,9,2361,51,52,64,36,17.4,15.9,-11.8,128.0,-9.6,12.3,-3.3,9.5,-8.5,1.5,6.9,1.6,2.9,6.1,341301.0,11.1,513.0,7.1,-0.2,0.064,73789.0,2.0,29.0,2.5,2.9,0.026,6.13,4.36,0.72,4.9,3.9,0.0493,57,0,-37,67,71.8,803,-742,61,4.8,0.006165,999999.99,99999.99,99999.99,0.21,0.11,0.07,-1,2006-08-07 09:00:00
2006,219,10,2361,51,52,61,37,14.9,12.0,-4.8,123.0,-6.5,10.0,-1.0,8.4,-5.5,1.6,8.5,1.9,3.8,7.3,466239.0,11.0,547.0,7.9,-3.3,0.088,69192.0,1.5,14.0,2.0,3.1,0.019,7.43,3.01,1.23,6.1,4.2,0.0321,57,0,-37,67,71.8,692,-620,72,4.4,0.006165,999999.99,99999.99,99999.99,0.21,0.11,0.07,-1,2006-08-07 10:00:00
2006,219,11,2361,51,52,61,36,13.8,10.1,-3.3,127.2,-6.1,8.1,-0.6,6.9,-4.3,1.6,9.0,2.2,6.4,6.0,413277.0,11.1,554.0,7.8,-4.2,0.072,41260.0,2.0,21.0,2.8,2.6,0.02,7.33,2.38,1.31,6.7,4.6,0.0266,57,0,-40,67,71.8,590,-494,96,5.0,0.006165,999999.99,99999.99,99999.99,0.17,0.09,0.07,-1,2006-08-07 11:00:00
2006,219,12,2361,51,52,62,37,8.4,7.5,-13.9,170.5,-7.2,1.2,-1.8,0.3,-2.1,0.8,3.8,1.5,2.3,2.5,310221.0,8.2,585.0,7.4,-2.1,0.06,48271.0,1.8,18.0,1.5,1.8,0.007,5.81,1.23,2.12,10.0,5.9,0.012,43,0,-42,32,71.8,554,-443,111,2.0,0.006165,999999.99,99999.99,99999.99,0.16,0.09,0.07,-1,2006-08-07 12:00:00
2006,219,13,2361,51,52,59,37,8.3,7.4,-7.6,183.4,-7.4,-0.4,-1.0,-0.8,-0.7,0.2,3.5,0.9,2.7,2.0,298481.0,7.4,583.0,8.0,-2.3,0.053,31174.0,0.8,11.0,1.7,1.5,0.025,5.09,0.41,1.91,9.6,5.9,0.013,43,0,-39,32,71.8,658,-430,228,2.4,0.006165,999999.99,99999.99,99999.99,0.17,0.09,0.07,-1,2006-08-07 13:00:00
2006,219,14,2361,51,52,59,36,9.1,8.5,-10.0,147.6,-7.1,4.5,-1.5,3.5,-3.2,0.5,2.9,1.1,1.5,2.2,309617.0,6.4,571.0,5.0,-2.2,0.069,30712.0,0.4,9.0,1.0,1.5,0.014,4.45,1.83,1.41,7.9,5.3,0.0189,43,0,-39,32,71.8,479,-246,234,2.2,0.006165,999999.99,99999.99,99999.99,0.19,0.08,0.06,-1,2006-08-07 14:00:00
2006,219,15,2361,51,52,60,37,10.0,9.2,12.0,134.4,-6.3,6.4,1.9,6.7,-0.5,0.6,3.9,2.0,3.0,1.4,263016.0,5.8,569.0,3.6,-4.6,0.073,25661.0,0.7,11.0,2.3,1.0,0.016,4.05,0.28,0.94,6.9,5.1,0.0253,47,0,-40,39,71.8,289,-143,146,0.8,0.006165,999999.99,99999.99,99999.99,0.2,0.11,0.08,-1,2006-08-07 15:00:00
2006,219,16,2361,51,52,64,40,10.9,10.5,-0.9,109.2,-3.4,9.9,-0.2,9.3,-3.3,0.3,2.9,2.0,0.8,1.9,302591.0,5.2,575.0,2.1,-3.8,0.077,58457.0,0.7,17.0,0.8,1.1,0.016,3.76,1.9,0.78,6.0,4.6,0.0329,47,0,-38,39,71.8,349,-159,190,1.7,0.006165,999999.99,99999.99,99999.99,0.19,0.08,0.06,-1,2006-08-07 16:00:00
2006,219,17,2361,51,52,56,34,10.5,9.4,8.2,106.1,-2.6,9.0,1.3,9.0,-1.1,0.4,4.3,3.4,1.0,2.4,280202.0,5.6,577.0,3.1,-4.3,0.062,51126.0,0.6,20.0,0.8,1.7,0.012,3.89,0.63,0.86,6.5,4.9,0.0281,47,0,-36,39,71.8,635,-326,309,3.9,0.006165,999999.99,99999.99,99999.99,0.22,0.11,0.08,-1,2006-08-07 17:00:00
2006,219,18,2361,51,52,59,34,9.2,8.2,7.2,132.1,-5.4,6.0,1.0,6.1,-0.3,0.8,4.2,1.3,2.5,3.1,302533.0,5.9,553.0,5.2,-4.2,0.068,39902.0,0.7,13.0,2.2,2.2,0.016,3.83,0.17,1.25,7.3,5.1,0.0223,33,0,-35,18,71.8,180,-64,117,0.8,0.006165,999999.99,99999.99,99999.99,0.19,0.11,0.08,-1,2006-08-07 18:00:00
2006,219,19,2361,51,52,60,33,10.9,10.2,11.0,107.0,-2.9,9.6,2.0,9.8,0.3,0.4,3.2,1.6,1.2,2.5,296319.0,5.1,555.0,1.8,-5.3,0.07,36852.0,0.5,15.0,1.1,2.0,0.012,3.36,-0.17,0.76,5.7,4.5,0.036,33,0,-35,18,71.8,227,-86,140,2.0,0.006165,999999.99,99999.99,99999.99,0.23,0.11,0.07,-1,2006-08-07 19:00:00
2006,219,20,2361,51,52,65,38,7.5,6.4,23.6,113.2,-2.3,5.4,2.6,5.7,1.8,2.3,4.3,1.4,2.7,3.0,187673.0,3.3,588.0,1.0,-4.4,0.043,31979.0,1.0,25.0,2.5,3.1,0.005,2.23,-1.06,0.77,7.1,5.5,0.0235,33,0,-37,18,71.8,308,-157,150,1.9,0.006165,999999.99,99999.99,99999.99,0.17,0.09,0.07,-1,2006-08-07 20:00:00
2006,219,21,2361,51,52,59,36,5.3,4.8,17.9,101.2,-0.9,4.5,1.5,4.6,0.9,0.2,2.2,1.0,1.0,1.7,163519.0,2.3,624.0,-1.5,-2.5,0.04,29457.0,0.2,12.0,0.9,1.9,0.006,1.73,-0.56,0.99,8.9,6.5,0.0149,27,0,-38,12,71.8,142,-76,65,1.4,0.006165,999999.99,99999.99,99999.99,0.2,0.11,0.08,-1,2006-08-07 21:00:00
2006,219,22,2361,51,52,60,35,4.9,4.3,18.4,110.7,-1.4,3.8,1.4,3.9,1.0,0.3,2.2,1.9,0.8,0.8,148640.0,2.2,616.0,-1.8,-1.9,0.035,22272.0,0.2,26.0,0.9,1.1,0.005,1.59,-0.62,1.06,9.3,6.7,0.0137,27,0,-35,12,71.8,81,-34,47,0.8,0.006165,999999.99,99999.99,99999.99,0.17,0.09,0.07,-1,2006-08-07 22:00:00
2006,219,23,2361,51,52,63,36,4.5,3.5,30.0,142.4,-2.4,1.8,1.8,2.0,1.6,0.3,2.6,1.9,1.4,1.1,127304.0,1.9,611.0,0.4,-2.6,0.033,25312.0,0.2,26.0,2.1,1.4,0.004,1.34,-0.98,1.0,9.4,6.9,0.0136,27,0,-32,12,71.8,218,-164,54,0.8,0.006165,999999.99,99999.99,99999.99,0.17,0.1,0.07,-1,2006-08-07 23:00:00
2006,220,0,2361,51,52,57,34,4.2,3.3,5.6,123.3,-1.8,2.7,0.3,2.7,-0.1,0.3,2.5,2.0,1.3,0.6,130346.0,1.7,621.0,-1.4,-1.3,0.038,36113.0,0.2,25.0,1.4,1.1,0.005,1.26,0.06,1.04,9.6,7.0,0.0128,23,11,-26,9,73.4,224,-182,42,1.4,0.006284,999999.99,99999.99,99999.99,0.21,0.1,0.07,-1,2006-08-08 00:00:00
2006,220,1,2361,51,52,60,37,4.7,4.5,4.9,106.7,-1.3,4.3,0.4,4.3,-0.3,0.3,1.3,1.0,0.4,0.8,115629.0,1.8,629.0,-2.9,-1.4,0.031,22023.0,0.1,15.0,0.8,1.1,0.004,1.34,0.19,0.83,9.0,6.9,0.0148,23,11,-25,9,73.4,195,-127,69,2.1,0.006284,999999.99,99999.99,99999.99,0.18,0.09,0.07,-1,2006-08-08 01:00:00
2006,220,2,2361,51,52,62,34,5.0,4.7,-4.4,122.2,-2.5,4.0,-0.4,3.8,-1.2,0.2,1.7,1.0,0.6,1.2,97139.0,1.6,609.0,-3.0,-0.5,0.032,14295.0,0.2,13.0,0.6,1.3,0.005,1.12,0.73,0.6,7.7,6.3,0.02,23,11,-29,9,73.4,251,-151,100,2.1,0.006284,999999.99,99999.99,99999.99,0.14,0.08,0.06,-1,2006-08-08 02:00:00
2006,220,3,2361,51,52,57,35,5.3,4.9,3.7,125.9,-2.8,3.9,0.3,3.9,-0.6,0.2,2.1,0.9,1.0,1.6,101518.0,1.8,598.0,-2.0,-2.1,0.03,16687.0,0.2,16.0,1.2,1.7,0.003,1.2,0.36,0.61,7.6,6.1,0.0208,27,11,-35,12,73.4,439,-299,140,1.8,0.006284,999999.99,99999.99,99999.99,0.21,0.09,0.07,-1,2006-08-08 03:00:00
2006,220,4,2361,51,52,61,34,4.9,4.4,10.6,141.5,-3.4,2.7,0.8,2.8,0.0,0.2,2.0,0.5,1.1,1.5,115143.0,1.6,589.0,-1.5,-3.0,0.03,26809.0,0.3,12.0,1.7,2.3,0.004,1.04,-0.0,0.68,7.6,6.0,0.0206,27,11,-37,12,73.4,472,-357,115,2.1,0.006284,999999.99,99999.99,99999.99,0.17,0.09,0.06,-1,2006-08-08 04:00:00
2006,220,5,2361,51,52,61,38,4.9,4.5,19.8,132.5,-2.8,3.1,1.5,3.4,0.4,0.1,1.9,0.7,1.2,1.2,145903.0,2.2,599.0,-1.2,-4.4,0.02,17860.0,0.2,10.0,1.3,1.7,0.003,1.42,-0.24,1.05,9.1,6.6,0.0145,27,11,-34,12,73.4,166,-98,69,1.7,0.006284,999999.99,99999.99,99999.99,0.17,0.1,0.07,-1,2006-08-08 05:00:00
2006,220,6,2361,51,52,59,35,4.3,2.7,-2.4,139.5,-2.0,1.7,-0.1,1.5,-0.7,0.5,3.3,1.2,2.4,2.0,200896.0,2.5,613.0,0.4,-1.9,0.019,45710.0,0.2,13.0,2.3,2.0,0.004,1.69,0.43,1.85,11.3,7.0,0.0094,33,11,-33,18,73.4,443,-335,108,2.5,0.006284,999999.99,99999.99,99999.99,0.18,0.11,0.08,-1,2006-08-08 06:00:00
2006,220,7,2361,51,52,60,35,3.5,2.4,-11.2,134.6,-1.6,1.7,-0.5,1.4,-1.1,0.7,2.5,1.2,1.6,1.6,231174.0,2.6,612.0,0.8,-1.7,0.023,30717.0,0.3,15.0,1.4,1.3,0.004,1.78,0.67,3.17,14.1,7.3,0.006,33,11,-29,18,73.4,307,-220,87,1.6,0.006284,999999.99,99999.99,99999.99,0.25,0.13,0.08,-1,2006-08-08 07:00:00
2006,220,8,2361,51,52,58,36,4.5,3.9,-28.4,187.2,-3.4,-0.4,-1.9,-1.2,-1.5,0.2,2.2,0.5,1.9,0.9,181448.0,2.2,594.0,2.2,-0.4,0.028,39507.0,0.4,10.0,1.7,1.4,0.004,1.44,0.89,1.4,9.8,6.6,0.0124,33,11,-28,18,73.4,423,-265,158,1.7,0.006284,999999.99,99999.99,99999.99,0.15,0.09,0.06,-1,2006-08-08 08:00:00
2006,220,9,2361,51,52,60,36,5.0,4.9,-5.0,181.6,-4.9,-0.1,-0.4,-0.3,-0.3,0.1,1.0,0.2,0.7,0.7,133930.0,1.8,570.0,2.0,-2.1,0.027,25556.0,0.2,6.0,0.9,1.1,0.003,1.08,0.17,0.79,7.6,5.9,0.0203,23,11,-30,9,73.4,320,-209,111,1.8,0.006284,999999.99,99999.99,99999.99,0.15,0.1,0.08,-1,2006-08-08 09:00:00
2006,220,10,2361,51,52,61,37,4.6,3.9,-5.2,160.2,-3.6,1.3,-0.3,1.0,-0.9,0.3,2.3,0.9,1.3,1.8,144233.0,1.9,584.0,0.7,-2.4,0.031,34495.0,0.3,19.0,1.7,2.1,0.004,1.22,0.53,1.02,8.7,6.4,0.0155,23,11,-27,9,73.4,188,-89,99,1.8,0.006284,999999.99,99999.99,99999.99,0.19,0.11,0.07,-1,2006-08-08 10:00:00
2006,220,11,2361,51,52,60,34,4.2,3.6,-4.9,148.3,-3.1,1.9,-0.3,1.5,-1.2,0.1,1.9,0.7,0.8,1.6,171999.0,2.2,592.0,1.0,-1.8,0.035,20870.0,0.2,11.0,1.0,1.6,0.003,1.47,0.71,1.56,10.5,6.8,0.0109,23,11,-26,9,73.4,502,-393,109,2.0,0.006284,999999.99,99999.99,99999.99,0.21,0.12,0.08,-1,2006-08-08 11:00:00
2006,220,12,2361,51,52,58,36,4.1,2.9,-25.9,182.3,-2.6,-0.1,-1.3,-0.7,-1.1,0.2,2.8,0.8,2.2,1.5,184531.0,2.4,604.0,2.9,-1.2,0.032,17492.0,0.2,7.0,1.8,1.2,0.003,1.65,0.66,1.86,11.4,7.1,0.0091,23,11,-27,9,73.4,321,-246,75,2.0,0.006284,999999.99,99999.99,99999.99,0.2,0.11,0.07,-1,2006-08-08 12:00:00
2006,220,13,2361,51,52,62,38,3.9,3.0,4.7,93.0,-0.2,3.0,0.2,2.8,-1.1,0.2,2.3,1.0,1.6,1.4,186678.0,2.3,620.0,-0.4,-1.9,0.031,16812.0,0.1,10.0,1.3,1.6,0.004,1.66,0.68,1.98,12.1,7.3,0.0082,23,11,-26,9,73.4,171,-125,46,1.9,0.006284,999999.99,99999.99,99999.99,0.19,0.09,0.07,-1,2006-08-08 13:00:00
2006,220,14,2361,51,52,59,36,4.4,3.3,-59.6,113.9,-0.7,1.5,-2.8,0.2,-3.2,0.3,2.9,1.4,2.2,1.4,169908.0,2.5,618.0,1.1,0.8,0.03,18751.0,0.1,13.0,1.7,0.9,0.003,1.79,1.98,1.6,11.1,7.2,0.0096,23,11,-23,9,73.4,238,-184,54,2.1,0.006284,999999.99,99999.99,99999.99,0.16,0.08,0.06,-1,2006-08-08 14:00:00
2006,220,15,2361,51,52,61,36,3.9,3.1,3.3,132.6,-2.1,2.3,0.2,2.2,-0.6,0.3,2.3,1.0,1.1,1.7,174839.0,2.4,601.0,0.7,-1.0,0.03,22528.0,0.2,9.0,0.9,1.4,0.003,1.62,0.36,1.99,11.9,7.2,0.0083,20,11,-22,7,73.4,306,-203,103,1.8,0.006284,999999.99,99999.99,99999.99,0.21,0.09,0.07,-1,2006-08-08 15:00:00
2006,220,16,2361,51,52,58,36,3.2,2.1,-0.2,204.6,-1.9,-0.9,0.0,-0.9,0.3,0.4,2.4,0.9,2.0,1.2,177488.0,2.2,602.0,2.7,-0.8,0.031,19068.0,0.2,11.0,1.7,1.0,0.003,1.5,-0.18,2.73,14.0,7.6,0.0061,20,11,-22,7,73.4,112,-71,41,0.3,0.006284,999999.99,99999.99,99999.99,0.18,0.09,0.06,-1,2006-08-08 16:00:00
2006,220,17,2361,51,52,60,36,3.3,2.4,11.8,138.7,-1.8,1.6,0.5,1.7,0.1,0.1,2.2,1.2,1.6,0.8,164908.0,2.0,597.0,-0.3,-1.6,0.03,28652.0,0.1,13.0,1.7,1.0,0.002,1.33,-0.06,2.24,12.8,7.5,0.0073,20,11,-23,7,73.4,160,-104,56,1.7,0.006284,999999.99,99999.99,99999.99,0.2,0.08,0.06,-1,2006-08-08 17:00:00
2006,220,18,2361,51,52,61,37,3.2,1.5,-1.6,114.0,-0.6,1.4,0.0,1.4,-0.3,0.4,2.7,2.0,1.5,0.9,154097.0,1.9,608.0,-0.1,-0.9,0.029,24051.0,0.2,23.0,1.8,1.3,0.003,1.31,0.18,2.18,13.1,7.7,0.0069,23,11,-26,9,73.4,184,-120,63,1.4,0.006284,999999.99,99999.99,99999.99,0.21,0.1,0.07,-1,2006-08-08 18:00:00
2006,220,19,2361,51,52,62,36,3.8,3.4,40.8,74.4,0.7,2.5,2.2,2.9,1.7,0.1,1.4,1.0,0.7,0.7,136767.0,2.2,614.0,-0.8,-2.9,0.024,12626.0,0.2,10.0,0.7,0.8,0.002,1.52,-1.04,1.68,12.0,7.7,0.0083,23,11,-26,9,73.4,133,-72,61,0.9,0.006284,999999.99,99999.99,99999.99,0.21,0.11,0.08,-1,2006-08-08 19:00:00
2006,220,20,2361,51,52,57,35,3.6,3.2,16.8,70.9,1.0,2.9,0.9,3.0,0.5,0.1,1.4,1.0,0.5,0.9,124836.0,2.0,615.0,-1.4,-1.7,0.023,12527.0,0.1,11.0,0.5,0.9,0.002,1.38,-0.31,1.63,12.1,7.8,0.0082,23,11,-26,9,73.4,58,-21,38,0.4,0.006284,999999.99,99999.99,99999.99,0.18,0.09,0.06,-1,2006-08-08 20:00:00
2006,220,21,2361,51,52,59,35,3.6,2.7,38.2,139.1,-1.6,1.4,1.7,1.6,1.5,0.1,2.2,1.2,1.5,1.1,121851.0,2.0,584.0,0.1,-2.5,0.025,12338.0,0.2,12.0,1.5,1.4,0.004,1.25,-0.88,1.61,11.5,7.4,0.009,7,11,-27,3,73.4,69,-31,38,0.8,0.006284,999999.99,99999.99,99999.99,0.18,0.08,0.06,-1,2006-08-08 21:00:00
2006,220,22,2361,51,52,61,38,3.6,3.0,54.7,109.6,-0.6,1.6,2.4,1.9,2.2,0.1,2.0,1.6,0.9,0.7,114136.0,1.8,591.0,-0.2,-3.2,0.027,19238.0,0.2,16.0,0.9,0.6,0.005,1.16,-1.3,1.4,11.0,7.4,0.0098,7,11,-23,3,73.4,42,-18,24,0.0,0.006284,999999.99,99999.99,99999.99,0.19,0.1,0.07,-1,2006-08-08 22:00:00
2006,220,23,2361,51,52,58,34,3.5,3.2,54.9,131.0,-1.2,1.4,2.6,1.7,2.4,0.2,1.3,0.8,0.7,0.6,129470.0,1.9,577.0,0.0,-2.9,0.029,15386.0,0.1,11.0,1.0,0.7,0.003,1.18,-1.38,1.66,11.4,7.3,0.0092,7,11,-20,3,73.4,38,-20,19,-0.1,0.006284,999999.99,99999.99,99999.99,0.2,0.1,0.08,-1,2006-08-08 23:00:00
2006,221,0,2361,51,52,61,35,3.3,2.8,40.9,163.1,-2.0,0.6,1.8,0.8,1.7,0.1,1.6,0.8,1.0,0.9,147192.0,2.1,565.0,0.5,-1.6,0.031,10553.0,0.2,11.0,1.0,0.8,0.003,1.26,-0.96,2.21,12.4,7.3,0.0077,20,26,-18,7,76.1,67,-36,31,0.2,0.006281,999999.99,99999.99,99999.99,0.18,0.1,0.07,-1,2006-08-09 00:00:00
2006,221,1,2361,51,52,61,38,4.1,3.6,19.4,57.8,1.8,2.9,1.2,3.1,0.7,0.2,1.9,1.3,1.0,1.0,111768.0,2.4,596.0,-1.0,-1.0,0.021,14810.0,0.2,11.0,0.8,1.0,0.002,1.54,-0.42,1.43,11.3,7.5,0.0094,20,26,-13,7,76.1,73,-35,38,0.1,0.006281,999999.99,99999.99,99999.99,0.16,0.08,0.07,-1,2006-08-09 01:00:00
2006,221,2,2361,51,52,60,37,3.6,2.6,-23.6,78.6,0.5,2.3,-1.0,2.1,-1.4,0.3,2.5,1.9,1.3,1.0,106497.0,2.2,584.0,-0.8,0.6,0.021,14807.0,0.2,19.0,1.4,1.2,0.002,1.36,0.82,1.66,12.0,7.7,0.0082,20,26,-19,7,76.1,208,-118,90,1.0,0.006281,999999.99,99999.99,99999.99,0.18,0.09,0.07,-1,2006-08-09 02:00:00
2006,221,3,2361,51,52,58,34,2.8,2.4,-15.4,141.0,-1.8,1.5,-0.6,1.3,-0.9,0.4,1.4,1.0,0.8,0.7,130155.0,2.2,560.0,-0.6,0.2,0.024,19543.0,0.2,10.0,1.4,0.9,0.003,1.26,0.5,3.02,14.8,7.8,0.0054,33,26,-27,18,76.1,541,-372,169,3.1,0.006281,999999.99,99999.99,99999.99,0.2,0.1,0.08,-1,2006-08-09 03:00:00
2006,221,4,2361,51,52,59,36,3.8,3.5,1.5,157.8,-3.2,1.3,0.1,1.3,-0.3,0.2,1.5,0.8,0.9,0.9,88869.0,1.9,546.0,-0.9,-0.6,0.02,16850.0,0.4,10.0,1.2,1.3,0.001,1.02,0.16,1.19,9.9,7.0,0.0121,33,26,-29,18,76.1,284,-176,108,1.8,0.006281,999999.99,99999.99,99999.99,0.19,0.09,0.06,-1,2006-08-09 04:00:00
2006,221,5,2361,51,52,60,36,3.9,3.7,21.9,169.5,-3.4,0.6,1.4,1.0,1.1,0.1,1.3,0.3,1.0,0.7,72257.0,1.4,533.0,0.0,-2.4,0.021,13829.0,0.2,5.0,1.8,1.2,0.003,0.72,-0.59,0.77,8.1,6.3,0.0182,33,26,-26,18,76.1,78,-22,56,0.2,0.006281,999999.99,99999.99,99999.99,0.17,0.1,0.08,-1,2006-08-09 05:00:00
2006,221,6,2361,51,52,60,36,3.5,3.4,20.6,141.3,-2.4,2.0,1.2,2.3,0.4,0.2,1.0,0.7,0.6,0.5,99714.0,1.8,536.0,-1.7,-2.4,0.025,22132.0,0.4,10.0,0.6,0.7,0.002,0.95,-0.21,1.39,10.3,6.9,0.0113,10,26,-21,4,76.1,45,-17,29,-0.2,0.006281,999999.99,99999.99,99999.99,0.17,0.1,0.08,-1,2006-08-09 06:00:00
2006,221,7,2361,51,52,63,39,3.5,2.9,13.4,72.0,0.9,2.7,0.7,2.8,-0.5,0.1,1.7,1.4,0.5,0.8,109033.0,2.2,571.0,-1.7,-1.2,0.022,10501.0,0.1,16.0,1.0,1.0,0.002,1.3,0.29,1.77,12.1,7.6,0.0081,10,26,-19,4,76.1,126,-67,59,0.8,0.006281,999999.99,99999.99,99999.99,0.15,0.09,0.07,-1,2006-08-09 07:00:00
2006,221,8,2361,51,52,56,34,3.4,2.6,19.3,164.7,-2.3,0.6,0.9,0.9,0.5,0.1,2.1,1.3,0.7,1.5,106326.0,1.9,530.0,0.7,-1.7,0.027,23133.0,0.3,16.0,1.0,1.8,0.004,0.99,-0.27,1.6,10.7,7.0,0.0103,10,26,-20,4,76.1,238,-194,44,0.7,0.006281,999999.99,99999.99,99999.99,0.19,0.11,0.07,-1,2006-08-09 08:00:00
2006,221,9,2361,51,52,60,36,3.5,3.0,10.5,152.0,-2.6,1.4,0.6,1.5,-0.1,0.2,1.7,0.6,0.8,1.3,100681.0,2.1,525.0,-0.5,-2.0,0.027,17007.0,0.2,10.0,1.0,1.6,0.004,1.07,0.05,1.63,10.9,7.0,0.0101,30,26,-20,15,76.1,285,-177,108,1.3,0.006281,999999.99,99999.99,99999.99,0.17,0.09,0.08,-1,2006-08-09 09:00:00
2006,221,10,2361,51,52,58,35,3.7,2.7,15.4,147.8,-2.2,1.4,0.7,1.6,0.0,0.1,2.4,1.1,1.0,1.8,105625.0,2.3,528.0,-0.2,-2.3,0.025,15907.0,0.3,12.0,1.1,1.7,0.003,1.18,-0.0,1.64,10.8,7.0,0.0102,30,26,-24,15,76.1,491,-354,137,2.0,0.006281,999999.99,99999.99,99999.99,0.2,0.08,0.06,-1,2006-08-09 10:00:00
2006,221,11,2361,51,52,61,37,3.7,3.4,-12.2,192.9,-3.2,-0.7,-0.7,-0.9,-0.3,0.3,1.4,0.9,1.0,0.6,85138.0,2.0,504.0,1.9,-0.3,0.02,22056.0,0.4,9.0,1.3,0.9,0.003,0.92,0.15,1.3,9.6,6.6,0.0128,30,26,-21,15,76.1,341,-265,76,1.7,0.006281,999999.99,99999.99,99999.99,0.2,0.13,0.08,-1,2006-08-09 11:00:00
2006,221,12,2361,51,52,57,35,3.4,2.9,-1.3,81.9,0.4,2.8,-0.1,2.4,-1.4,0.6,1.8,1.0,1.2,0.8,120832.0,2.5,539.0,-2.3,-1.0,0.022,20359.0,0.2,12.0,1.5,0.8,0.003,1.32,0.75,2.24,12.5,7.3,0.0076,20,26,-20,7,76.1,187,-118,69,1.9,0.006281,999999.99,99999.99,99999.99,0.17,0.09,0.06,-1,2006-08-09 12:00:00
2006,221,13,2361,51,52,59,34,3.8,3.6,-27.9,182.3,-3.2,-0.1,-1.7,-0.8,-1.5,0.1,1.0,0.4,0.8,0.6,93530.0,2.0,492.0,0.4,1.4,0.026,19057.0,0.5,9.0,0.9,0.9,0.002,0.89,0.74,1.28,9.2,6.3,0.0142,20,26,-19,7,76.1,200,-146,54,1.8,0.006281,999999.99,99999.99,99999.99,0.2,0.09,0.07,-1,2006-08-09 13:00:00
2006,221,14,2361,51,52,61,39,3.5,1.9,-2.6,173.6,-1.9,0.2,-0.1,0.1,-0.2,0.4,2.8,2.1,1.7,0.8,119430.0,2.4,508.0,0.3,-0.4,0.027,27587.0,0.3,19.0,1.6,0.9,0.003,1.15,0.1,2.02,11.2,6.8,0.0094,20,26,-15,7,76.1,254,-205,49,1.3,0.006281,999999.99,99999.99,99999.99,0.19,0.08,0.06,-1,2006-08-09 14:00:00
2006,221,15,2361,51,52,62,36,3.8,3.0,7.2,79.7,0.5,2.9,0.4,2.8,-0.7,0.3,2.3,1.7,0.9,1.3,120044.0,2.7,521.0,-2.0,-0.8,0.028,16535.0,0.2,12.0,0.7,1.1,0.003,1.36,0.36,1.93,11.3,6.9,0.0094,13,26,-14,5,76.1,218,-162,55,1.8,0.006281,999999.99,99999.99,99999.99,0.17,0.1,0.07,-1,2006-08-09 15:00:00
2006,221,16,2361,51,52,61,38,4.1,3.9,14.7,40.9,2.9,2.5,1.0,2.7,0.1,0.1,1.0,0.5,0.6,0.7,100839.0,2.9,534.0,-2.4,-1.5,0.022,6465.0,0.1,5.0,0.6,0.7,0.002,1.5,-0.05,1.64,11.1,7.1,0.0097,13,26,-14,5,76.1,106,-80,26,0.6,0.006281,999999.99,99999.99,99999.99,0.18,0.12,0.09,-1,2006-08-09 16:00:00
2006,221,17,2361,51,52,56,34,3.7,3.4,3.1,61.6,1.6,3.0,0.2,2.9,-0.6,0.2,1.3,0.9,0.3,0.9,104607.0,2.7,523.0,-3.0,-1.0,0.023,13556.0,0.2,6.0,0.3,1.1,0.002,1.35,0.31,1.91,11.6,7.1,0.0088,13,26,-12,5,76.1,116,-72,45,1.1,0.006281,999999.99,99999.99,99999.99,0.19,0.09,0.07,-1,2006-08-09 17:00:00
2006,221,18,2361,51,52,61,37,3.7,2.0,-3.8,89.4,0.0,2.0,-0.1,1.9,-0.5,0.2,3.0,2.2,1.4,1.5,110694.0,2.6,507.0,-1.3,-0.5,0.026,16647.0,0.3,19.0,1.5,1.7,0.004,1.23,0.25,1.89,11.0,6.8,0.0097,10,26,-10,4,76.1,108,-68,40,1.3,0.006281,999999.99,99999.99,99999.99,0.21,0.1,0.07,-1,2006-08-09 18:00:00
2006,221,19,2361,51,52,57,33,4.2,3.9,-16.6,140.4,-2.9,2.4,-1.1,2.2,-1.5,0.2,1.4,0.8,0.5,1.0,77413.0,2.3,482.0,-3.0,0.6,0.025,20042.0,0.3,11.0,1.0,1.5,0.004,0.98,0.72,1.12,8.7,6.2,0.0157,10,26,-14,4,76.1,107,-52,55,1.6,0.006281,999999.99,99999.99,99999.99,0.18,0.12,0.09,-1,2006-08-09 19:00:00
2006,221,20,2361,51,52,59,35,4.1,3.8,-1.4,142.5,-3.0,2.3,-0.1,2.3,-0.4,0.1,1.4,0.5,0.7,1.1,71740.0,2.1,474.0,-3.8,0.6,0.022,16601.0,0.4,10.0,0.7,1.5,0.003,0.86,0.19,1.04,8.4,6.1,0.017,10,26,-18,4,76.1,67,-26,41,1.0,0.006281,999999.99,99999.99,99999.99,0.17,0.09,0.06,-1,2006-08-09 20:00:00
2006,221,21,2361,51,52,58,36,3.9,3.5,-2.3,129.2,-2.2,2.7,-0.1,2.7,-0.5,0.3,1.8,1.1,0.9,1.0,89015.0,2.2,467.0,-2.9,0.4,0.022,31162.0,0.5,13.0,0.9,1.6,0.003,0.87,0.23,1.31,8.9,6.1,0.0151,30,26,-21,15,76.1,294,-186,108,2.4,0.006281,999999.99,99999.99,99999.99,0.19,0.12,0.09,-1,2006-08-09 21:00:00
2006,221,22,2361,51,52,64,39,4.2,3.2,-0.7,134.7,-2.3,2.3,0.0,2.3,-0.3,0.1,2.6,1.7,1.5,1.2,80837.0,2.2,459.0,-2.2,0.9,0.02,20007.0,0.4,13.0,1.2,1.1,0.003,0.84,0.14,1.09,8.1,5.8,0.0181,30,26,-19,15,76.1,183,-108,76,1.5,0.006281,999999.99,99999.99,99999.99,0.19,0.09,0.07,-1,2006-08-09 22:00:00
2006,221,23,2361,51,52,58,35,4.2,3.5,16.9,106.0,-0.9,3.2,1.0,3.3,0.6,0.2,2.3,1.7,1.1,1.1,81618.0,1.8,475.0,-3.2,-0.1,0.017,13785.0,0.4,9.0,1.4,1.4,0.002,0.72,-0.28,0.89,7.6,5.7,0.0207,30,26,-18,15,76.1,70,-36,34,0.7,0.006281,999999.99,99999.99,99999.99,0.2,0.11,0.07,-1,2006-08-09 23:00:00
2006,222,0,2361,51,52,61,36,3.9,3.7,-4.6,164.1,-3.6,1.0,-0.3,0.9,-0.4,0.1,1.1,0.2,0.6,0.9,72913.0,1.4,470.0,0.1,1.5,9.999,10984.0,0.2,6.0,1.0,1.3,9.999,0.62,0.19,0.77,7.1,5.5,0.0234,7,27,-17,3,82.5,79,-43,35,0.6,0.006331,999999.99,99999.99,99999.99,0.18,0.1,0.08,-1,2006-08-10 00:00:00
2006,222,1,2361,51,52,59,37,4.0,3.9,-6.9,173.4,-3.9,0.4,-0.5,0.3,-0.6,0.1,0.6,0.1,0.5,0.3,70473.0,1.4,467.0,0.9,1.6,9.999,6761.0,0.1,4.0,1.0,0.5,9.999,0.61,0.28,0.72,6.9,5.4,0.0249,7,27,-16,3,82.5,36,-27,9,-0.2,0.006331,999999.99,99999.99,99999.99,0.21,0.13,0.1,-1,2006-08-10 01:00:00
2006,222,2,2361,51,52,61,36,3.8,3.6,6.6,185.0,-3.5,-0.3,0.4,-0.2,0.5,0.1,1.3,0.3,0.9,0.9,69546.0,1.3,466.0,1.9,0.1,9.999,15471.0,0.2,6.0,1.3,1.5,9.999,0.56,-0.23,0.74,7.0,5.5,0.0243,7,27,-18,3,82.5,43,-28,15,-0.2,0.006331,999999.99,99999.99,99999.99,0.2,0.1,0.07,-1,2006-08-10 02:00:00
2006,222,3,2361,51,52,59,35,4.0,3.9,5.0,190.2,-3.9,-0.7,0.3,-0.6,0.5,0.0,0.8,0.2,0.7,0.3,74310.0,1.4,463.0,2.0,0.4,9.999,11548.0,0.2,4.0,1.0,0.4,9.999,0.6,-0.23,0.74,6.8,5.4,0.0254,3,27,-20,2,82.5,43,-24,19,-0.4,0.006331,999999.99,99999.99,99999.99,0.19,0.09,0.06,-1,2006-08-10 03:00:00
2006,222,4,2361,51,52,59,37,3.9,3.9,0.6,174.0,-3.8,0.4,0.0,0.4,-0.1,0.1,0.5,0.2,0.5,0.2,80317.0,1.3,456.0,0.9,0.1,0.027,20761.0,0.1,3.0,1.3,0.5,0.004,0.5,0.05,0.74,6.7,5.2,0.0268,3,27,-22,2,82.5,32,-14,18,-0.5,0.006331,999999.99,99999.99,99999.99,0.2,0.1,0.07,-1,2006-08-10 04:00:00
2006,222,5,2361,51,52,60,35,3.7,3.7,3.3,174.5,-3.7,0.4,0.2,0.4,0.1,0.0,0.3,0.1,0.2,0.3,87575.0,1.1,452.0,0.7,-0.8,9.999,36179.0,0.2,3.0,0.5,0.8,9.999,0.45,-0.05,0.72,6.4,5.0,0.029,3,27,-20,2,82.5,57,-43,14,-0.4,0.006331,999999.99,99999.99,99999.99,0.17,0.1,0.08,-1,2006-08-10 05:00:00
2006,222,6,2361,51,52,62,36,3.7,3.6,15.3,162.9,-3.3,1.0,0.9,1.3,0.5,0.1,0.9,0.4,0.5,0.7,64758.0,1.1,451.0,-0.6,-1.6,0.03,13712.0,0.2,8.0,0.9,0.9,0.0,0.42,-0.23,0.65,6.4,5.1,0.0291,3,27,-18,2,82.5,42,-28,14,-0.4,0.006331,999999.99,99999.99,99999.99,0.2,0.11,0.08,-1,2006-08-10 06:00:00
2006,222,7,2361,51,52,54,30,3.5,3.4,20.6,161.2,-3.0,1.0,1.2,1.4,0.7,0.2,1.0,0.3,0.9,0.4,74819.0,1.1,434.0,-0.8,-1.9,9.999,10038.0,0.2,13.0,2.1,1.1,9.999,0.41,-0.3,0.76,6.5,5.1,0.0281,3,27,-16,2,82.5,30,-19,11,-0.4,0.006331,999999.99,99999.99,99999.99,0.21,0.1,0.07,-1,2006-08-10 07:00:00
2006,222,8,2361,51,52,60,36,3.7,3.5,27.8,171.9,-3.1,0.4,1.6,1.1,1.3,0.4,1.2,0.3,1.0,0.6,71932.0,1.3,417.0,0.4,-3.4,9.999,13470.0,0.3,6.0,2.1,1.3,9.999,0.45,-0.54,0.79,6.4,5.0,0.0288,3,27,-15,2,82.5,27,-15,11,-0.3,0.006331,999999.99,99999.99,99999.99,0.18,0.09,0.07,-1,2006-08-10 08:00:00
2006,222,9,2361,51,52,61,38,4.3,4.2,24.5,136.3,-2.7,2.6,1.7,3.1,0.3,0.1,1.1,0.8,0.7,0.3,74573.0,1.8,426.0,-3.6,-3.3,9.999,15526.0,0.2,11.0,0.9,0.6,9.999,0.65,-0.13,0.82,6.6,5.1,0.0269,3,27,-14,2,82.5,32,-21,11,-0.6,0.006331,999999.99,99999.99,99999.99,0.15,0.08,0.06,-1,2006-08-10 09:00:00
2006,222,10,2361,51,52,59,36,4.3,4.2,28.3,123.4,-2.0,3.1,2.0,3.7,0.3,0.1,1.0,0.5,0.3,0.9,75994.0,1.9,432.0,-4.0,-3.4,9.999,17921.0,0.3,5.0,0.8,1.1,9.999,0.71,-0.13,0.87,6.9,5.2,0.0248,3,27,-12,2,82.5,48,-25,24,0.5,0.006331,999999.99,99999.99,99999.99,0.16,0.09,0.07,-1,2006-08-10 10:00:00
2006,222,11,2361,51,52,62,36,4.5,4.4,27.4,121.1,-2.0,3.4,2.0,3.9,0.2,0.2,0.6,0.4,0.2,0.4,67213.0,1.9,431.0,-4.5,-3.2,0.017,17410.0,0.2,5.0,0.6,0.8,0.0,0.63,-0.09,0.76,6.6,5.1,0.0273,3,27,-12,2,82.5,75,-33,42,0.6,0.006331,999999.99,99999.99,99999.99,0.17,0.1,0.08,-1,2006-08-10 11:00:00
2006,222,12,2361,51,52,58,35,3.7,3.4,33.3,145.4,-2.3,1.6,1.9,2.3,0.9,0.2,1.4,0.8,0.9,0.8,107631.0,2.5,432.0,-1.4,-2.2,0.019,16368.0,0.3,7.0,1.0,1.5,0.007,0.84,-0.39,1.79,9.2,5.8,0.014,7,27,-11,3,82.5,106,-42,64,0.7,0.006331,999999.99,99999.99,99999.99,0.2,0.1,0.08,-1,2006-08-10 12:00:00
2006,222,13,2361,51,52,62,39,3.9,3.4,21.7,162.0,-3.0,1.0,1.3,1.5,0.7,0.3,1.8,0.8,1.6,0.2,103000.0,2.6,428.0,-1.6,-1.6,0.02,22989.0,0.5,8.0,1.3,0.6,0.005,0.86,-0.3,1.65,8.8,5.7,0.0152,7,27,-8,3,82.5,92,-45,47,0.8,0.006331,999999.99,99999.99,99999.99,0.17,0.08,0.07,-1,2006-08-10 13:00:00
2006,222,14,2361,51,52,60,37,3.8,3.7,18.5,77.4,0.8,3.4,1.2,3.6,-0.3,0.3,0.9,0.5,0.4,0.6,75329.0,3.6,447.0,-2.4,-1.3,0.012,9978.0,0.4,5.0,0.5,0.7,0.001,1.26,0.13,2.11,11.2,6.6,0.0096,7,27,-7,3,82.5,47,-16,32,0.7,0.006331,999999.99,99999.99,99999.99,0.19,0.13,0.09,-1,2006-08-10 14:00:00
2006,222,15,2361,51,52,61,34,3.6,3.4,25.1,77.2,0.7,3.0,1.4,3.3,0.2,0.1,1.1,0.6,0.5,0.8,76009.0,4.0,445.0,-1.8,-1.4,0.012,10010.0,0.4,5.0,0.6,0.9,0.001,1.39,-0.09,2.62,12.4,6.8,0.0078,3,27,-8,2,82.5,46,-19,28,0.6,0.006331,999999.99,99999.99,99999.99,0.15,0.09,0.07,-1,2006-08-10 15:00:00
2006,222,16,2361,51,52,59,36,3.8,3.6,22.7,75.4,0.8,3.2,1.4,3.5,0.3,0.2,1.2,0.7,0.5,0.9,79389.0,4.4,444.0,-1.8,-1.3,0.011,3767.0,0.2,5.0,0.7,0.9,0.001,1.51,-0.13,2.63,12.3,6.8,0.0079,3,27,-10,2,82.5,43,-21,23,0.4,0.006331,999999.99,99999.99,99999.99,0.2,0.12,0.08,-1,2006-08-10 16:00:00
2006,222,17,2361,51,52,60,32,4.3,4.2,32.9,98.9,-0.5,3.5,2.3,4.0,1.2,0.3,1.0,0.8,0.3,0.6,79410.0,4.1,434.0,-2.2,-2.0,0.012,6991.0,0.3,6.0,0.4,0.4,0.001,1.35,-0.52,1.92,10.2,6.3,0.0114,3,27,-11,2,82.5,46,-19,27,0.1,0.006331,999999.99,99999.99,99999.99,0.17,0.1,0.08,-1,2006-08-10 17:00:00
2006,222,18,2361,51,52,59,12,4.2,4.1,28.7,86.9,0.2,3.6,2.0,4.0,1.1,0.2,1.0,0.8,0.4,0.5,84826.0,4.3,434.0,-1.9,-0.7,0.013,11295.0,0.2,3.0,0.3,0.5,0.001,1.42,-0.48,2.16,10.7,6.3,0.0104,7,27,-12,3,82.5,52,-27,25,-0.1,0.006331,999999.99,99999.99,99999.99,0.18,0.11,0.08,-1,2006-08-10 18:00:00
2006,222,19,2361,51,52,59,36,4.1,3.9,16.0,105.1,-1.0,3.6,1.1,3.7,0.4,0.2,1.3,0.7,0.5,1.0,84917.0,4.3,433.0,-2.7,0.1,0.013,16912.0,0.3,4.0,0.9,0.7,0.001,1.42,-0.17,2.27,10.9,6.4,0.0099,7,27,-11,3,82.5,42,-14,27,0.2,0.006331,999999.99,99999.99,99999.99,0.2,0.12,0.09,-1,2006-08-10 19:00:00
2006,222,20,2361,51,52,59,34,4.7,4.3,-17.8,154.9,-3.7,1.8,-1.3,1.6,-1.6,0.3,1.9,0.7,1.2,1.3,97338.0,3.5,427.0,-2.3,0.9,0.017,17061.0,0.4,6.0,1.2,1.4,0.002,1.14,0.68,1.49,8.5,5.6,0.0165,7,27,-12,3,82.5,69,-24,45,0.7,0.006331,999999.99,99999.99,99999.99,0.16,0.08,0.06,-1,2006-08-10 20:00:00
2006,222,21,2361,51,52,66,41,4.9,3.9,-12.2,147.5,-3.2,2.1,-0.8,2.0,-1.1,0.2,2.9,1.8,1.3,1.9,107050.0,2.9,434.0,-1.4,0.9,0.025,26801.0,0.4,20.0,1.0,2.2,0.005,1.0,0.48,1.18,7.5,5.3,0.0209,30,27,-17,15,82.5,248,-146,102,2.1,0.006331,999999.99,99999.99,99999.99,0.24,0.11,0.09,-1,2006-08-10 21:00:00
2006,222,22,2361,51,52,59,37,4.7,3.5,-28.8,122.6,-1.7,2.6,-1.7,2.4,-2.0,0.1,3.1,1.5,1.7,2.1,133339.0,2.5,454.0,-1.0,1.4,0.03,13550.0,0.2,12.0,1.5,2.2,0.005,0.96,0.91,1.23,7.6,5.3,0.0204,30,27,-18,15,82.5,359,-249,110,2.3,0.006331,999999.99,99999.99,99999.99,0.26,0.11,0.07,-1,2006-08-10 22:00:00
2006,222,23,2361,51,52,58,36,4.5,3.7,5.5,143.3,-2.9,2.2,0.3,2.2,0.0,0.3,2.6,1.1,1.6,1.7,139144.0,2.3,452.0,1.1,0.5,0.048,22026.0,0.2,11.0,1.4,1.7,0.015,0.94,-0.0,1.26,7.6,5.3,0.0205,30,27,-17,15,82.5,156,-102,55,1.1,0.006331,999999.99,99999.99,99999.99,0.2,0.1,0.08,-1,2006-08-10 23:00:00
2006,223,0,2361,51,52,63,36,5.1,4.9,-25.5,187.1,-4.4,-0.5,-2.1,-0.8,-2.0,0.2,1.4,0.3,1.1,0.8,78885.0,2.0,456.0,2.8,2.0,0.049,31820.0,0.3,8.0,1.3,1.5,0.009,0.83,0.91,0.66,6.3,5.0,0.0298,13,26,-15,5,86.2,291,-160,131,2.0,0.006392,999999.99,99999.99,99999.99,0.19,0.09,0.06,-1,2006-08-11 00:00:00
2006,223,1,2361,51,52,59,36,5.5,5.2,-40.3,158.0,-3.7,1.5,-3.4,0.9,-3.6,0.3,1.7,0.8,1.4,0.5,151365.0,2.8,471.0,2.0,2.6,0.041,25805.0,0.3,8.0,1.1,1.0,0.008,1.21,1.7,1.08,7.2,5.2,0.0232,13,26,-19,5,86.2,294,-140,154,1.8,0.006392,999999.99,99999.99,99999.99,0.22,0.11,0.08,-1,2006-08-11 01:00:00
2006,223,2,2361,51,52,64,39,5.0,4.3,29.3,128.9,-2.4,2.9,2.1,3.3,1.5,0.6,2.5,1.9,0.7,1.5,159268.0,2.9,472.0,0.2,-1.3,0.034,24468.0,0.3,11.0,0.7,1.1,0.006,1.23,-0.71,1.39,8.0,5.4,0.0184,13,26,-19,5,86.2,143,-61,82,0.5,0.006392,999999.99,99999.99,99999.99,0.2,0.12,0.09,-1,2006-08-11 02:00:00
2006,223,3,2361,51,52,57,36,4.6,2.9,51.7,195.6,-1.8,-0.5,2.3,0.1,2.4,0.5,3.6,2.5,2.4,0.8,168962.0,3.1,471.0,2.5,-1.5,0.031,19830.0,0.3,12.0,1.7,0.5,0.004,1.29,-1.13,1.81,9.0,5.6,0.0146,13,26,-19,5,86.2,53,-21,32,0.1,0.006392,999999.99,99999.99,99999.99,0.18,0.1,0.07,-1,2006-08-11 03:00:00
2006,223,4,2361,51,52,62,37,3.9,2.8,13.2,144.7,-2.2,1.6,0.6,1.7,0.1,0.7,2.7,1.1,1.3,2.0,183898.0,3.4,472.0,1.7,-0.5,0.027,38653.0,0.6,9.0,0.7,1.3,0.003,1.4,-0.05,2.9,11.2,6.0,0.0096,13,26,-19,5,86.2,60,-30,30,0.2,0.006392,999999.99,99999.99,99999.99,0.18,0.11,0.08,-1,2006-08-11 04:00:00
2006,223,5,2361,51,52,61,37,3.6,2.6,60.3,126.4,-0.8,1.1,2.3,1.8,1.8,0.4,2.4,0.7,1.9,1.4,179137.0,3.5,487.0,1.4,-1.4,0.022,19456.0,0.3,4.0,1.4,0.8,0.003,1.51,-0.88,3.45,12.7,6.3,0.0074,13,26,-16,5,86.2,77,-54,23,-0.0,0.006392,999999.99,99999.99,99999.99,0.2,0.09,0.06,-1,2006-08-11 05:00:00
2006,223,6,2361,51,52,57,36,2.9,1.7,16.4,186.1,-1.6,-0.2,0.5,0.0,0.5,0.7,2.4,1.7,0.9,1.4,181683.0,3.5,482.0,2.2,-0.5,0.024,16368.0,0.2,11.0,1.1,1.0,0.005,1.49,-0.24,5.37,15.5,6.5,0.0049,10,26,-14,4,86.2,89,-76,13,0.1,0.006392,999999.99,99999.99,99999.99,0.2,0.12,0.08,-1,2006-08-11 06:00:00
2006,223,7,2361,51,52,59,34,3.9,3.7,15.5,165.2,-3.4,0.9,1.0,1.2,0.5,0.4,1.0,0.4,0.8,0.5,146316.0,2.8,459.0,0.9,-1.5,0.03,43622.0,0.7,10.0,1.5,0.8,0.005,1.1,-0.23,2.1,9.8,5.9,0.0123,10,26,-11,4,86.2,200,-165,35,0.4,0.006392,999999.99,99999.99,99999.99,0.21,0.09,0.06,-1,2006-08-11 07:00:00
2006,223,8,2361,51,52,62,35,3.2,2.9,-20.2,172.5,-2.7,0.4,-1.0,-0.1,-1.1,0.9,1.5,0.9,0.8,0.8,175556.0,3.6,468.0,1.7,-0.3,0.026,25610.0,0.3,5.0,0.7,0.7,0.005,1.45,0.51,4.44,13.9,6.3,0.0062,10,26,-9,4,86.2,108,-79,29,0.8,0.006392,999999.99,99999.99,99999.99,0.15,0.08,0.06,-1,2006-08-11 08:00:00
2006,223,9,2361,51,52,59,36,4.2,1.5,18.7,57.0,0.8,1.2,0.5,1.3,-0.1,0.6,3.9,2.9,0.9,2.5,150057.0,3.4,479.0,0.7,-0.7,0.019,27617.0,0.4,14.0,0.6,1.9,0.004,1.4,0.05,2.23,10.5,6.1,0.0108,13,26,-12,5,86.2,219,-82,137,1.3,0.006392,999999.99,99999.99,99999.99,0.16,0.08,0.06,-1,2006-08-11 09:00:00
2006,223,10,2361,51,52,61,33,4.6,4.0,-5.0,150.3,-3.4,2.0,-0.3,1.6,-1.2,0.2,2.2,0.8,0.8,1.9,117884.0,2.7,447.0,-0.5,-0.3,0.02,27705.0,0.9,13.0,1.0,2.2,0.002,0.97,0.54,1.31,8.0,5.5,0.0187,13,26,-15,5,86.2,215,-80,135,1.0,0.006392,999999.99,99999.99,99999.99,0.2,0.12,0.08,-1,2006-08-11 10:00:00
2006,223,11,2361,51,52,62,38,4.3,3.0,2.2,133.0,-2.1,2.2,0.1,2.0,-1.0,0.5,2.9,1.9,2.0,1.1,150968.0,3.4,468.0,-1.1,-0.8,0.022,34573.0,0.5,13.0,1.6,1.1,0.003,1.35,0.47,2.14,10.0,5.9,0.0118,13,26,-16,5,86.2,103,-53,51,1.1,0.006392,999999.99,99999.99,99999.99,0.19,0.1,0.07,-1,2006-08-11 11:00:00
2006,223,12,2361,51,52,55,30,3.9,2.8,-16.4,107.0,-0.8,2.6,-0.8,1.9,-1.9,0.6,2.6,2.0,0.8,1.5,142288.0,3.6,476.0,-2.2,-0.0,0.017,28742.0,0.4,19.0,0.6,1.8,0.005,1.45,0.9,2.66,11.6,6.4,0.0089,20,26,-10,7,86.2,203,-138,65,1.6,0.006392,999999.99,99999.99,99999.99,0.18,0.09,0.07,-1,2006-08-11 12:00:00
2006,223,13,2361,51,52,62,38,4.7,4.4,-18.9,136.6,-3.0,2.9,-1.4,2.0,-2.5,0.2,1.6,0.7,0.6,1.3,95613.0,3.3,452.0,-2.7,0.4,0.014,21912.0,0.7,8.0,0.8,1.7,0.002,1.19,1.13,1.39,8.7,5.9,0.0156,20,26,-8,7,86.2,251,-196,55,1.8,0.006392,999999.99,99999.99,99999.99,0.19,0.12,0.07,-1,2006-08-11 13:00:00
2006,223,14,2361,51,52,58,36,4.7,3.5,-13.7,146.9,-2.9,1.9,-0.8,1.4,-1.5,0.2,3.1,1.2,2.1,1.9,103811.0,3.4,450.0,-0.9,-0.6,0.014,19719.0,0.5,12.0,2.2,2.0,0.002,1.21,0.68,1.49,8.8,5.8,0.0153,20,26,-7,7,86.2,247,-177,70,2.4,0.006392,999999.99,99999.99,99999.99,0.2,0.11,0.09,-1,2006-08-11 14:00:00
2006,223,15,2361,51,52,59,34,4.7,4.1,-34.5,144.3,-2.7,2.0,-2.3,1.0,-2.9,0.3,2.1,1.4,1.3,1.0,96625.0,3.2,447.0,-1.1,0.9,0.014,20002.0,0.6,12.0,1.4,0.9,0.003,1.13,1.3,1.36,8.5,5.8,0.0164,17,26,-11,6,86.2,125,-91,33,1.6,0.006392,999999.99,99999.99,99999.99,0.19,0.11,0.07,-1,2006-08-11 15:00:00
2006,223,16,2361,51,52,60,36,4.5,4.1,1.4,134.6,-2.8,2.9,0.1,2.8,-0.9,0.1,1.9,0.9,0.4,1.7,89733.0,3.2,439.0,-2.3,-1.3,0.015,17536.0,0.6,9.0,0.6,2.1,0.003,1.09,0.4,1.43,8.7,5.8,0.0156,17,26,-10,6,86.2,59,-31,28,0.5,0.006392,999999.99,99999.99,99999.99,0.18,0.11,0.09,-1,2006-08-11 16:00:00
2006,223,17,2361,51,52,63,37,4.8,3.3,7.5,127.7,-2.0,2.6,0.4,2.6,-0.3,0.2,3.4,2.1,0.9,2.4,74188.0,2.9,442.0,-1.6,-0.4,0.014,19608.0,0.6,11.0,1.1,2.1,0.002,1.0,0.13,1.06,7.8,5.7,0.0193,17,26,-8,6,86.2,82,-43,39,1.0,0.006392,999999.99,99999.99,99999.99,0.19,0.1,0.08,-1,2006-08-11 17:00:00
2006,223,18,2361,51,52,58,35,5.0,4.5,37.0,73.9,1.0,3.4,2.7,3.9,1.8,0.2,2.0,1.2,1.1,1.2,85965.0,3.3,453.0,-1.8,-2.2,0.012,19742.0,0.4,8.0,0.8,1.3,0.002,1.19,-0.82,1.18,8.2,5.8,0.0176,7,26,-9,3,86.2,27,-12,15,-0.3,0.006392,999999.99,99999.99,99999.99,0.16,0.09,0.07,-1,2006-08-11 18:00:00
2006,223,19,2361,51,52,58,37,5.0,4.1,15.9,134.0,-2.8,2.9,1.1,3.1,0.5,0.3,2.7,1.4,0.6,2.2,73066.0,3.0,431.0,-2.4,-2.1,0.014,19127.0,0.5,11.0,0.7,2.8,0.002,0.98,-0.22,1.01,7.5,5.5,0.0213,7,26,-13,3,86.2,46,-13,33,0.4,0.006392,999999.99,99999.99,99999.99,0.19,0.12,0.08,-1,2006-08-11 19:00:00
2006,223,20,2361,51,52,60,35,5.1,4.6,53.9,128.2,-1.7,2.1,3.7,2.7,3.3,0.1,2.1,1.0,1.4,1.1,84707.0,3.2,440.0,-1.2,-3.3,0.012,9821.0,0.3,9.0,1.4,1.2,0.002,1.08,-1.45,1.09,7.7,5.5,0.02,7,26,-14,3,86.2,25,-6,19,-0.4,0.006392,999999.99,99999.99,99999.99,0.17,0.08,0.06,-1,2006-08-11 20:00:00
2006,223,21,2361,51,52,60,38,4.9,4.4,33.2,123.4,-2.1,3.1,2.4,3.4,1.9,0.1,1.8,1.2,0.8,1.0,89376.0,3.0,428.0,-1.7,-2.1,0.014,24905.0,0.6,14.0,1.2,1.4,0.003,0.97,-0.81,1.13,7.6,5.4,0.0208,10,26,-12,4,86.2,39,-14,25,0.1,0.006392,999999.99,99999.99,99999.99,0.16,0.08,0.06,-1,2006-08-11 21:00:00
2006,223,22,2361,51,52,58,34,4.7,4.3,17.8,158.3,-3.8,1.5,1.3,1.7,1.1,0.1,1.8,0.5,1.5,0.9,71101.0,2.5,412.0,-0.2,-1.1,0.033,19324.0,0.5,8.0,2.8,1.4,0.0,0.8,-0.45,0.94,6.9,5.1,0.0248,10,26,-12,4,86.2,51,-29,22,0.2,0.006392,999999.99,99999.99,99999.99,0.19,0.09,0.07,-1,2006-08-11 22:00:00
2006,223,23,2361,51,52,66,40,4.7,3.6,8.3,145.1,-2.9,2.0,0.5,2.0,0.2,0.2,3.0,1.5,1.5,2.0,90754.0,3.1,435.0,-0.2,-0.1,0.016,16139.0,0.4,15.0,1.8,2.2,0.008,1.04,-0.09,1.28,8.1,5.6,0.0179,10,26,-8,4,86.2,81,-44,36,0.4,0.006392,999999.99,99999.99,99999.99,0.16,0.08,0.06,-1,2006-08-11 23:00:00
2006,224,0,2361,51,52,60,36,5.7,5.2,51.4,73.9,0.9,3.1,4.1,3.7,3.6,0.4,2.2,0.5,1.8,1.2,68086.0,3.3,467.0,-1.2,-3.3,0.011,15019.0,0.4,5.0,1.7,1.1,0.002,1.25,-1.68,0.83,7.4,5.7,0.0215,20,24,-4,7,87.0,31,-20,11,-0.3,0.006386,999999.99,99999.99,99999.99,0.17,0.09,0.06,-1,2006-08-12 00:00:00
2006,224,1,2361,51,52,59,36,5.1,4.8,12.4,93.8,-0.3,4.7,1.0,4.8,0.1,0.3,1.8,0.9,0.4,1.4,88439.0,3.2,455.0,-2.3,-0.7,0.016,14610.0,0.2,6.0,0.6,1.1,0.002,1.18,-0.05,1.11,8.0,5.7,0.0187,20,24,-3,7,87.0,82,-46,36,0.6,0.006386,999999.99,99999.99,99999.99,0.18,0.09,0.07,-1,2006-08-12 01:00:00
2006,224,2,2361,51,52,62,34,5.2,4.6,10.8,108.6,-1.4,4.3,0.9,4.4,0.0,0.2,2.5,1.2,0.5,2.1,91479.0,3.0,452.0,-2.5,-1.2,0.019,8562.0,0.1,7.0,0.5,1.9,0.003,1.1,-0.0,1.01,7.5,5.5,0.021,20,24,-8,7,87.0,183,-101,82,1.1,0.006386,999999.99,99999.99,99999.99,0.18,0.1,0.07,-1,2006-08-12 02:00:00
2006,224,3,2361,51,52,55,34,4.8,3.2,40.3,103.2,-0.6,2.4,2.1,2.9,1.4,0.4,3.6,2.5,1.1,2.3,82083.0,3.0,454.0,-1.5,-2.1,0.016,27493.0,0.6,22.0,2.0,1.8,0.002,1.1,-0.64,1.14,8.2,5.8,0.0177,23,24,-11,9,87.0,139,-86,53,0.9,0.006386,999999.99,99999.99,99999.99,0.21,0.12,0.09,-1,2006-08-12 03:00:00
2006,224,4,2361,51,52,60,36,5.4,5.2,0.5,148.7,-4.4,2.7,0.0,2.6,-0.8,0.1,1.5,0.7,1.1,0.7,48494.0,1.9,422.0,-3.6,-0.0,0.028,12758.0,0.3,8.0,1.7,1.0,0.005,0.63,0.34,0.48,5.4,4.5,0.041,23,24,-11,9,87.0,64,-21,44,0.6,0.006386,999999.99,99999.99,99999.99,0.22,0.14,0.09,-1,2006-08-12 04:00:00
2006,224,5,2361,51,52,63,39,4.5,4.1,-17.2,144.0,-3.2,2.3,-1.2,1.8,-1.9,0.6,1.9,0.8,1.3,1.1,68877.0,2.8,435.0,-2.1,1.5,0.023,24932.0,0.9,15.0,2.5,1.3,0.003,0.97,0.83,1.13,8.1,5.7,0.0182,23,24,-9,9,87.0,287,-143,145,1.1,0.006386,999999.99,99999.99,99999.99,0.16,0.09,0.07,-1,2006-08-12 05:00:00
2006,224,6,2361,51,52,57,35,4.5,4.3,-26.3,150.0,-3.3,1.9,-1.9,1.0,-2.5,0.1,1.4,0.9,0.4,1.0,65014.0,3.0,438.0,-0.4,2.8,0.021,12077.0,0.5,12.0,0.6,1.2,0.003,1.04,1.09,1.19,8.4,5.9,0.0167,13,24,-14,5,87.0,342,-217,125,1.2,0.006386,999999.99,99999.99,99999.99,0.21,0.15,0.1,-1,2006-08-12 06:00:00
2006,224,7,2361,51,52,61,37,4.6,4.5,-18.7,167.3,-4.2,0.9,-1.5,0.2,-1.7,0.1,0.5,0.1,0.4,0.3,61420.0,2.8,435.0,0.9,1.7,0.02,8811.0,0.1,4.0,0.6,0.3,0.002,0.96,0.74,1.04,7.9,5.7,0.019,13,24,-14,5,87.0,238,-115,123,1.1,0.006386,999999.99,99999.99,99999.99,0.17,0.08,0.06,-1,2006-08-12 07:00:00
2006,224,8,2361,51,52,60,37,4.3,4.3,-22.5,180.9,-3.9,-0.1,-1.6,-0.8,-1.4,0.1,0.9,0.1,0.9,0.1,76391.0,2.9,434.0,1.6,1.5,0.022,8187.0,0.2,3.0,0.6,0.3,0.002,0.99,0.61,1.34,8.6,5.9,0.0161,13,24,-10,5,87.0,324,-174,150,0.9,0.006386,999999.99,99999.99,99999.99,0.2,0.12,0.07,-1,2006-08-12 08:00:00
2006,224,9,2361,51,52,60,36,4.1,4.0,-10.6,201.0,-3.7,-1.4,-0.7,-1.6,0.0,0.1,0.6,0.1,0.4,0.4,81413.0,2.9,434.0,3.1,1.1,0.021,8845.0,0.4,3.0,0.4,0.4,0.003,0.99,-0.0,1.51,9.0,5.9,0.0146,10,24,-8,4,87.0,236,-154,82,0.6,0.006386,999999.99,99999.99,99999.99,0.16,0.1,0.08,-1,2006-08-12 09:00:00
2006,224,10,2361,51,52,60,38,4.2,4.1,-1.6,203.1,-3.8,-1.6,-0.1,-1.5,0.7,0.1,0.7,0.3,0.6,0.2,76663.0,2.9,431.0,3.2,0.5,0.018,7610.0,0.3,5.0,0.4,0.4,0.002,0.96,-0.3,1.4,8.7,5.9,0.0156,10,24,-10,4,87.0,52,-27,25,0.2,0.006386,999999.99,99999.99,99999.99,0.2,0.12,0.09,-1,2006-08-12 10:00:00
2006,224,11,2361,51,52,58,33,4.4,4.3,-1.4,209.0,-3.8,-2.1,-0.1,-1.9,0.9,0.1,0.7,0.2,0.3,0.6,57494.0,2.5,427.0,4.3,0.5,0.02,11990.0,0.4,7.0,0.7,1.6,0.002,0.82,-0.38,1.0,7.7,5.6,0.0202,10,24,-9,4,87.0,46,-27,19,0.1,0.006386,999999.99,99999.99,99999.99,0.17,0.09,0.07,-1,2006-08-12 11:00:00
2006,224,12,2361,51,52,58,35,4.8,4.5,-3.7,221.1,-3.4,-3.0,-0.3,-2.8,1.1,0.2,1.6,0.6,0.6,1.3,69643.0,3.3,419.0,4.9,-0.7,0.021,13123.0,0.5,8.0,0.5,1.0,0.004,1.05,-0.46,1.18,7.9,5.6,0.0189,13,24,-8,5,87.0,70,-29,41,0.9,0.006386,999999.99,99999.99,99999.99,0.21,0.1,0.07,-1,2006-08-12 12:00:00
2006,224,13,2361,51,52,61,34,5.5,5.3,-13.3,185.4,-5.1,-0.5,-1.2,-1.0,-0.8,0.2,1.5,0.5,1.2,0.8,50109.0,2.2,401.0,2.3,0.5,0.031,10476.0,0.4,4.0,1.7,1.6,0.004,0.66,0.32,0.54,5.4,4.5,0.0407,13,24,-5,5,87.0,47,-24,22,1.0,0.006386,999999.99,99999.99,99999.99,0.21,0.09,0.08,-1,2006-08-12 13:00:00
2006,224,14,2361,51,52,61,35,5.6,5.4,-23.7,160.2,-4.6,1.7,-2.2,0.6,-2.7,0.2,1.4,0.6,1.1,0.7,48939.0,1.9,406.0,0.5,1.0,0.029,9988.0,0.4,5.0,1.8,1.0,0.003,0.58,1.1,0.45,5.0,4.2,0.0476,13,24,-5,5,87.0,151,-97,54,2.2,0.006386,999999.99,99999.99,99999.99,0.16,0.08,0.06,-1,2006-08-12 14:00:00
2006,224,15,2361,51,52,62,37,5.1,4.6,-20.0,150.1,-3.7,2.1,-1.6,1.3,-2.3,0.5,2.2,1.2,1.2,1.5,66338.0,2.4,421.0,0.7,-0.6,0.024,30820.0,0.8,13.0,1.3,2.0,0.006,0.78,0.97,0.75,6.4,5.0,0.0291,17,24,-10,6,87.0,357,-274,84,2.1,0.006386,999999.99,99999.99,99999.99,0.19,0.1,0.07,-1,2006-08-12 15:00:00
2006,224,16,2361,51,52,59,36,4.8,4.8,-2.1,121.8,-2.5,4.0,-0.2,3.7,-1.5,0.1,0.6,0.4,0.2,0.4,67217.0,3.2,429.0,-0.1,-2.2,0.016,5013.0,0.2,5.0,0.3,0.5,0.002,1.05,0.64,1.13,8.0,5.7,0.0186,17,24,-12,6,87.0,185,-121,63,1.1,0.006386,999999.99,99999.99,99999.99,0.16,0.09,0.07,-1,2006-08-12 16:00:00
2006,224,17,2361,51,52,60,37,4.3,4.1,2.7,119.7,-2.0,3.6,0.2,3.5,-0.8,0.2,1.0,0.6,0.4,0.7,71207.0,3.2,425.0,-0.0,-1.3,0.015,6968.0,0.2,3.0,0.4,0.5,0.004,1.02,0.34,1.44,8.8,5.9,0.0152,17,24,-13,6,87.0,74,-31,43,0.6,0.006386,999999.99,99999.99,99999.99,0.21,0.09,0.07,-1,2006-08-12 17:00:00
2006,224,18,2361,51,52,58,36,3.8,3.6,17.4,126.9,-2.1,2.8,1.1,3.0,0.4,0.3,1.2,0.6,0.6,0.8,76071.0,3.4,419.0,1.2,-2.4,0.016,10853.0,0.2,5.0,0.5,1.1,0.002,1.06,-0.17,2.0,10.2,6.2,0.0115,10,24,-15,4,87.0,128,-95,33,0.3,0.006386,999999.99,99999.99,99999.99,0.2,0.11,0.07,-1,2006-08-12 18:00:00
2006,224,19,2361,51,52,61,36,3.9,3.8,-7.1,105.9,-1.0,3.6,-0.5,3.4,-1.2,0.2,1.0,0.6,0.3,0.7,75741.0,3.1,416.0,0.9,-1.7,0.017,8087.0,0.3,4.0,0.7,0.6,0.002,0.96,0.5,1.73,9.4,5.9,0.0135,10,24,-13,4,87.0,86,-47,39,0.9,0.006386,999999.99,99999.99,99999.99,0.18,0.1,0.07,-1,2006-08-12 19:00:00
2006,224,20,2361,51,52,56,35,4.0,3.4,-19.9,133.1,-2.2,2.3,-1.1,2.1,-1.5,0.2,2.1,0.4,1.3,1.6,63226.0,3.4,405.0,0.3,-0.5,0.015,7685.0,0.7,9.0,0.5,1.4,0.002,0.99,0.61,1.69,9.3,5.9,0.0136,10,24,-11,4,87.0,84,-45,39,1.0,0.006386,999999.99,99999.99,99999.99,0.15,0.08,0.06,-1,2006-08-12 20:00:00
2006,224,21,2361,51,52,58,35,4.4,4.3,-24.4,152.6,-3.5,1.8,-1.8,1.5,-2.0,0.2,1.2,0.7,0.5,0.9,42560.0,3.7,380.0,0.3,0.6,0.015,12177.0,0.5,6.0,0.4,0.3,0.001,0.95,0.76,1.36,8.3,5.6,0.0172,7,24,-13,3,87.0,96,-69,27,0.9,0.006386,999999.99,99999.99,99999.99,0.15,0.09,0.07,-1,2006-08-12 21:00:00
2006,224,22,2361,51,52,61,37,4.3,4.2,-0.4,147.8,-3.6,2.3,0.0,2.3,-0.3,0.3,0.8,0.3,0.4,0.7,39215.0,3.2,378.0,-0.5,-1.2,0.014,11173.0,0.5,3.0,0.5,0.7,0.003,0.81,0.11,1.21,7.9,5.5,0.0192,7,24,-12,3,87.0,51,-40,11,0.5,0.006386,999999.99,99999.99,99999.99,0.16,0.09,0.08,-1,2006-08-12 22:00:00
2006,224,23,2361,51,52,57,34,4.0,3.8,-7.9,159.6,-3.6,1.3,-0.5,1.2,-0.7,0.1,1.1,0.3,0.7,0.8,40605.0,2.9,375.0,0.3,-1.5,0.016,13094.0,0.7,2.0,0.5,0.6,0.004,0.72,0.26,1.27,8.0,5.5,0.0187,7,24,-14,3,87.0,78,-47,31,0.6,0.006386,999999.99,99999.99,99999.99,0.18,0.08,0.06,-1,2006-08-12 23:00:00
2006,225,0,2361,51,52,61,36,4.0,4.0,2.9,158.3,-3.7,1.5,0.2,1.5,0.0,0.1,0.5,0.1,0.4,0.2,38742.0,3.0,373.0,0.5,-2.5,0.014,6410.0,0.4,3.0,0.4,0.3,0.002,0.74,-0.0,1.3,8.1,5.5,0.0182,0,26,-14,0,88.1,41,-23,18,0.3,0.006398,999999.99,99999.99,99999.99,0.21,0.13,0.09,-1,2006-08-13 00:00:00
2006,225,1,2361,51,52,59,36,3.8,3.7,7.6,182.6,-3.7,-0.2,0.5,-0.1,0.5,0.1,0.7,0.1,0.7,0.1,53552.0,3.5,374.0,1.0,-2.6,0.02,7745.0,0.6,4.0,0.3,0.2,0.002,0.88,-0.19,1.83,9.2,5.7,0.014,0,26,-14,0,88.1,39,-23,17,-0.0,0.006398,999999.99,99999.99,99999.99,0.18,0.1,0.08,-1,2006-08-13 01:00:00
2006,225,2,2361,51,52,58,36,3.9,3.9,9.1,184.6,-3.9,-0.3,0.6,-0.2,0.7,0.2,0.4,0.2,0.3,0.2,43240.0,2.9,368.0,1.5,-2.9,0.017,10743.0,0.7,7.0,0.4,0.4,0.002,0.7,-0.26,1.36,8.0,5.4,0.0184,0,26,-14,0,88.1,41,-27,14,-0.4,0.006398,999999.99,99999.99,99999.99,0.2,0.14,0.1,-1,2006-08-13 02:00:00
2006,225,3,2361,51,52,60,36,4.2,4.1,4.8,179.3,-4.1,0.1,0.3,0.2,0.3,0.0,0.4,0.0,0.3,0.3,34964.0,2.2,358.0,1.0,-3.1,0.018,4984.0,0.3,1.0,0.3,0.3,0.001,0.5,-0.11,0.85,6.3,4.8,0.0298,0,26,-15,0,88.1,33,-24,9,-0.5,0.006398,999999.99,99999.99,99999.99,0.18,0.09,0.07,-1,2006-08-13 03:00:00
2006,225,4,2361,51,52,58,35,4.1,4.1,7.4,181.7,-4.1,-0.1,0.5,0.1,0.5,0.0,0.5,0.1,0.5,0.1,32802.0,2.0,356.0,0.9,-3.5,0.02,5876.0,0.4,3.0,0.6,0.2,0.003,0.46,-0.18,0.8,6.1,4.7,0.0316,0,26,-14,0,88.1,35,-27,8,-0.5,0.006398,999999.99,99999.99,99999.99,0.18,0.1,0.07,-1,2006-08-13 04:00:00
2006,225,5,2361,51,52,60,36,4.2,4.2,-2.8,186.1,-4.2,-0.4,-0.2,-0.4,-0.1,0.1,0.4,0.1,0.3,0.3,32033.0,1.8,351.0,2.1,-3.0,0.02,5306.0,0.3,3.0,0.5,0.3,0.002,0.4,0.04,0.68,5.6,4.4,0.0378,0,26,-12,0,88.1,31,-23,8,-0.5,0.006398,999999.99,99999.99,99999.99,0.18,0.09,0.07,-1,2006-08-13 05:00:00
2006,225,6,2361,51,52,61,37,4.0,4.0,-9.1,185.6,-3.9,-0.4,-0.6,-0.6,-0.4,0.1,0.4,0.1,0.4,0.2,28345.0,1.7,351.0,1.5,-3.0,0.024,4859.0,0.3,3.0,0.4,0.2,0.003,0.38,0.14,0.69,5.7,4.5,0.0363,3,26,-11,2,88.1,34,-20,13,-0.5,0.006398,999999.99,99999.99,99999.99,0.19,0.11,0.09,-1,2006-08-13 06:00:00
2006,225,7,2361,51,52,59,36,3.8,3.8,-10.1,176.3,-3.7,0.2,-0.7,-0.1,-0.7,0.0,0.3,0.1,0.2,0.2,31602.0,2.0,349.0,0.4,-3.3,0.032,7586.0,0.2,4.0,0.7,0.4,0.002,0.46,0.24,0.92,6.5,4.8,0.0282,3,26,-10,2,88.1,32,-18,14,-0.6,0.006398,999999.99,99999.99,99999.99,0.22,0.1,0.06,-1,2006-08-13 07:00:00
2006,225,8,2361,51,52,61,35,3.7,3.6,-7.6,180.8,-3.6,0.0,-0.5,-0.2,-0.4,0.1,0.5,0.1,0.4,0.2,34612.0,2.1,352.0,1.0,-3.8,0.031,10556.0,0.5,8.0,0.7,0.4,0.003,0.49,0.14,1.04,6.9,5.0,0.025,3,26,-10,2,88.1,45,-26,19,-0.3,0.006398,999999.99,99999.99,99999.99,0.19,0.11,0.07,-1,2006-08-13 08:00:00
2006,225,9,2361,51,52,63,34,3.5,3.4,3.7,158.3,-3.1,1.2,0.2,1.2,-0.4,0.1,0.7,0.4,0.4,0.5,45638.0,2.0,355.0,-0.1,-4.9,0.027,14204.0,0.6,8.0,0.9,1.0,0.003,0.47,0.14,1.18,7.2,5.0,0.0231,7,26,-10,3,88.1,66,-32,34,0.1,0.006398,999999.99,99999.99,99999.99,0.18,0.11,0.08,-1,2006-08-13 09:00:00
2006,225,10,2361,51,52,60,33,3.1,2.6,36.5,100.6,-0.4,2.1,1.6,2.6,0.4,0.1,1.6,1.4,0.4,0.5,59362.0,2.9,371.0,-0.7,-5.3,0.015,8009.0,0.2,11.0,0.7,0.5,0.003,0.71,-0.15,2.36,10.2,5.8,0.0115,7,26,-10,3,88.1,84,-42,42,0.3,0.006398,999999.99,99999.99,99999.99,0.17,0.1,0.08,-1,2006-08-13 10:00:00
2006,225,11,2361,51,52,55,34,3.4,2.0,1.7,137.5,-1.5,1.4,0.1,1.3,-0.6,0.2,2.8,2.1,1.0,1.6,41043.0,2.4,355.0,-0.6,-3.8,0.014,10121.0,0.5,17.0,0.8,1.2,0.006,0.53,0.21,1.46,8.1,5.4,0.0182,7,26,-9,3,88.1,68,-32,36,0.3,0.006398,999999.99,99999.99,99999.99,0.18,0.11,0.08,-1,2006-08-13 11:00:00
2006,225,12,2361,51,52,63,38,2.9,2.7,2.3,155.7,-2.5,1.1,0.1,1.0,-0.4,0.4,1.0,0.6,0.4,0.7,46633.0,2.4,352.0,0.1,-3.7,0.021,19311.0,0.8,11.0,1.3,1.1,0.006,0.54,0.14,2.08,9.4,5.6,0.0135,3,26,-5,2,88.1,52,-29,23,0.4,0.006398,999999.99,99999.99,99999.99,0.19,0.09,0.07,-1,2006-08-13 12:00:00
2006,225,13,2361,51,52,60,37,2.2,1.7,50.9,168.1,-1.0,0.2,1.3,0.8,1.1,0.3,1.5,1.1,0.4,0.9,59329.0,3.5,362.0,1.2,-4.2,0.015,8851.0,0.2,2.0,0.2,0.4,0.001,0.81,-0.4,5.65,15.4,6.3,0.005,3,26,-4,2,88.1,41,-27,14,0.1,0.006398,999999.99,99999.99,99999.99,0.22,0.11,0.08,-1,2006-08-13 13:00:00
2006,225,14,2361,51,52,59,35,2.6,2.4,56.5,102.3,-0.3,1.3,2.0,2.0,1.3,0.2,1.0,0.8,0.4,0.2,51587.0,3.5,358.0,0.5,-3.7,0.013,4440.0,0.2,2.0,0.3,0.4,0.001,0.79,-0.47,3.88,12.9,6.2,0.0072,3,26,-5,2,88.1,36,-19,17,-0.1,0.006398,999999.99,99999.99,99999.99,0.18,0.09,0.07,-1,2006-08-13 14:00:00
2006,225,15,2361,51,52,60,37,2.6,2.5,34.9,104.5,-0.5,2.0,1.4,2.4,0.5,0.1,0.7,0.4,0.3,0.4,47083.0,3.5,356.0,0.1,-3.6,0.013,3430.0,0.2,3.0,0.2,0.3,0.001,0.78,-0.18,3.78,12.8,6.2,0.0073,7,26,-5,3,88.1,27,-17,9,-0.2,0.006398,999999.99,99999.99,99999.99,0.18,0.11,0.08,-1,2006-08-13 15:00:00
2006,225,16,2361,51,52,56,35,3.1,2.9,16.8,101.2,-0.5,2.7,0.8,2.8,-0.2,0.4,1.1,0.6,0.5,0.7,43539.0,3.3,352.0,-0.9,-4.0,0.013,7133.0,0.4,7.0,0.6,0.8,0.002,0.72,0.07,2.46,10.3,5.8,0.0112,7,26,-4,3,88.1,37,-22,15,0.1,0.006398,999999.99,99999.99,99999.99,0.16,0.09,0.06,-1,2006-08-13 16:00:00
2006,225,17,2361,51,52,62,37,3.7,3.6,10.2,127.8,-2.2,2.8,0.6,2.9,-0.2,0.2,0.7,0.3,0.4,0.5,37288.0,3.0,343.0,-2.2,-4.0,0.016,7109.0,0.6,3.0,0.6,0.8,0.002,0.63,0.07,1.51,8.0,5.3,0.0185,7,26,-3,3,88.1,48,-25,23,0.1,0.006398,999999.99,99999.99,99999.99,0.16,0.09,0.07,-1,2006-08-13 17:00:00
2006,225,18,2361,51,52,63,36,2.7,2.1,-0.7,354.2,2.1,-0.2,0.0,-0.2,0.0,0.3,1.7,1.4,0.9,0.4,42929.0,4.9,362.0,0.7,-3.6,0.011,11356.0,0.4,5.0,0.5,0.3,0.002,1.12,-0.0,4.79,14.8,6.5,0.0054,3,26,0,2,88.1,57,-34,24,0.6,0.006398,999999.99,99999.99,99999.99,0.22,0.09,0.07,-1,2006-08-13 18:00:00
2006,225,19,2361,51,52,56,34,3.1,1.8,27.3,60.0,0.8,1.4,0.8,1.5,0.5,0.5,2.6,2.1,1.3,0.6,36359.0,4.4,352.0,-0.8,-4.7,0.011,4372.0,0.5,8.0,1.6,1.0,0.001,0.95,-0.18,3.14,11.9,6.2,0.0084,3,26,0,2,88.1,52,-27,25,0.3,0.006398,999999.99,99999.99,99999.99,0.18,0.09,0.06,-1,2006-08-13 19:00:00
2006,225,20,2361,51,52,61,37,3.6,3.5,25.1,87.1,0.2,3.2,1.5,3.4,0.9,0.1,0.9,0.9,0.2,0.2,32988.0,4.1,349.0,-2.9,-5.7,0.01,3484.0,0.2,7.0,0.3,0.3,0.001,0.87,-0.31,2.12,9.8,5.8,0.0123,3,26,-1,2,88.1,44,-20,24,0.5,0.006398,999999.99,99999.99,99999.99,0.2,0.1,0.07,-1,2006-08-13 20:00:00
2006,225,21,2361,51,52,59,37,3.7,3.3,23.5,81.7,0.4,3.0,1.3,3.2,0.8,0.1,1.4,1.2,0.4,0.6,32718.0,4.3,344.0,-2.3,-5.4,0.01,5595.0,0.4,7.0,0.6,0.5,0.001,0.88,-0.28,2.1,9.6,5.7,0.0128,3,26,-3,2,88.1,39,-18,22,0.3,0.006398,999999.99,99999.99,99999.99,0.19,0.09,0.07,-1,2006-08-13 21:00:00
2006,225,22,2361,51,52,60,33,3.9,3.9,10.6,65.4,1.6,3.5,0.7,3.6,0.2,0.1,0.4,0.3,0.2,0.2,21667.0,4.8,339.0,-3.2,-5.4,0.011,1582.0,0.2,2.0,0.3,0.2,0.001,0.96,-0.07,1.97,9.5,5.8,0.0131,3,26,-3,2,88.1,39,-16,23,0.4,0.006398,999999.99,99999.99,99999.99,0.19,0.09,0.08,-1,2006-08-13 22:00:00
2006,225,23,2361,51,52,58,36,3.8,3.8,3.9,69.4,1.3,3.6,0.3,3.6,-0.2,0.1,0.4,0.3,0.2,0.2,25576.0,5.3,336.0,-2.8,-5.1,0.012,2895.0,0.3,2.0,0.3,0.2,0.001,1.05,0.07,2.35,10.2,5.8,0.0115,3,26,0,2,88.1,60,-37,23,0.5,0.006398,999999.99,99999.99,99999.99,0.2,0.12,0.09,-1,2006-08-13 23:00:00
2006,226,0,2361,51,52,56,35,3.7,3.4,6.6,89.9,0.0,3.4,0.4,3.4,-0.2,0.1,1.6,1.5,0.3,0.1,30656.0,4.7,322.0,-2.6,-5.5,0.011,5710.0,0.3,5.0,0.3,0.2,0.001,0.85,0.06,2.27,9.4,5.5,0.0134,3,31,0,2,88.6,64,-45,18,0.5,0.006481,999999.99,99999.99,99999.99,0.18,0.12,0.1,-1,2006-08-14 00:00:00
2006,226,1,2361,51,52,59,35,3.1,3.0,8.7,111.9,-1.1,2.7,0.4,2.7,-0.1,0.5,1.0,0.6,0.6,0.4,20140.0,6.3,314.0,-2.4,-5.8,0.007,6002.0,1.2,2.0,0.6,0.4,0.002,1.07,0.03,4.05,12.7,6.0,0.0074,3,31,1,2,88.6,47,-31,17,0.4,0.006481,999999.99,99999.99,99999.99,0.2,0.12,0.1,-1,2006-08-14 01:00:00
2006,226,2,2361,51,52,60,37,2.1,2.1,24.2,136.5,-1.4,1.3,0.8,1.4,0.5,0.2,0.5,0.3,0.4,0.2,13148.0,8.4,309.0,-2.1,-6.0,0.004,1053.0,0.8,2.0,0.5,0.7,0.001,1.36,-0.15,11.21,21.3,6.5,0.0026,3,31,2,2,88.6,41,-30,11,-0.1,0.006481,999999.99,99999.99,99999.99,0.16,0.07,0.06,-1,2006-08-14 02:00:00
2006,226,3,2361,51,52,60,37,1.8,1.6,10.0,122.6,-0.9,1.4,0.3,1.4,-0.1,0.3,0.9,0.5,0.6,0.5,10985.0,10.5,309.0,-2.1,-4.6,0.003,1167.0,0.4,3.0,0.5,0.7,0.001,1.69,0.03,18.79,27.8,6.7,0.0015,0,31,2,0,88.6,45,-31,14,-0.1,0.006481,999999.99,99999.99,99999.99,0.22,0.12,0.09,-1,2006-08-14 03:00:00
2006,226,4,2361,51,52,60,36,1.5,0.9,-25.7,217.1,-0.7,-0.5,-0.4,-0.6,-0.2,0.3,1.2,0.5,1.1,0.3,12891.0,11.2,308.0,-0.9,-3.2,0.004,981.0,0.4,1.0,0.5,0.4,0.001,1.8,0.06,29.25,34.4,6.7,0.001,0,31,3,0,88.6,45,-24,21,0.1,0.006481,999999.99,99999.99,99999.99,0.2,0.11,0.08,-1,2006-08-14 04:00:00
2006,226,5,2361,51,52,58,32,1.8,1.4,-20.3,268.5,0.0,-1.4,-0.5,-1.5,0.0,0.3,1.1,0.9,0.3,0.5,10911.0,10.5,308.0,-1.1,-2.2,0.005,1004.0,0.8,3.0,0.4,0.5,0.001,1.7,-0.0,18.78,27.7,6.7,0.0015,0,31,1,0,88.6,38,-19,19,-0.2,0.006481,999999.99,99999.99,99999.99,0.18,0.11,0.08,-1,2006-08-14 05:00:00
2006,226,6,2361,51,52,61,38,2.9,2.4,-20.9,136.5,-1.6,1.5,-0.8,1.1,-1.3,0.8,1.8,0.4,1.7,0.4,14652.0,6.8,301.0,-1.3,-1.6,0.005,3306.0,2.1,2.0,0.9,0.6,0.001,1.05,0.39,4.81,13.5,6.0,0.0065,7,31,-1,3,88.6,39,-12,27,-0.3,0.006481,999999.99,99999.99,99999.99,0.2,0.11,0.08,-1,2006-08-14 06:00:00
2006,226,7,2361,51,52,62,37,3.7,3.6,3.9,98.5,-0.5,3.5,0.2,3.3,-1.3,0.2,0.9,0.6,0.2,0.6,16513.0,4.6,311.0,-2.5,-3.1,0.006,3147.0,0.3,7.0,0.3,0.9,0.001,0.76,0.4,2.03,9.0,5.4,0.0146,7,31,-4,3,88.6,117,-71,46,0.4,0.006481,999999.99,99999.99,99999.99,0.22,0.1,0.07,-1,2006-08-14 07:00:00
2006,226,8,2361,51,52,60,36,3.7,3.6,8.5,92.0,-0.1,3.6,0.5,3.4,-1.2,0.2,0.6,0.3,0.2,0.4,12460.0,4.7,313.0,-2.6,-3.1,0.005,1990.0,0.5,2.0,0.3,0.4,0.001,0.78,0.38,2.01,9.2,5.5,0.0141,7,31,-5,3,88.6,144,-98,45,0.6,0.006481,999999.99,99999.99,99999.99,0.19,0.11,0.09,-1,2006-08-14 08:00:00
2006,226,9,2361,51,52,61,35,4.0,3.9,11.5,78.6,0.7,3.7,0.8,3.6,-1.1,0.3,1.2,1.0,0.4,0.6,9845.0,6.5,318.0,-2.0,-1.3,0.005,564.0,0.6,4.0,0.4,0.4,0.0,1.12,0.35,2.34,10.1,5.8,0.0116,7,31,-4,3,88.6,180,-109,71,0.9,0.006481,999999.99,99999.99,99999.99,0.19,0.11,0.07,-1,2006-08-14 09:00:00
2006,226,10,2361,51,52,61,38,3.8,3.2,11.4,92.4,-0.1,3.1,0.6,3.0,-1.0,0.4,2.1,1.6,0.8,1.1,21497.0,6.8,321.0,-1.0,-1.9,0.007,9393.0,0.7,4.0,1.0,0.7,0.003,1.2,0.32,2.94,11.0,5.9,0.0098,7,31,-4,3,88.6,119,-50,69,0.8,0.006481,999999.99,99999.99,99999.99,0.19,0.1,0.08,-1,2006-08-14 10:00:00
2006,226,11,2361,51,52,58,36,3.5,3.0,-1.3,98.8,-0.5,3.0,-0.1,2.6,-1.5,0.3,1.7,1.3,0.5,1.1,27219.0,7.3,324.0,0.3,-0.9,0.008,8339.0,1.0,4.0,0.7,1.1,0.003,1.32,0.49,3.86,12.5,6.0,0.0076,7,31,-4,3,88.6,94,-30,64,0.8,0.006481,999999.99,99999.99,99999.99,0.18,0.09,0.07,-1,2006-08-14 11:00:00
2006,226,12,2361,51,52,60,36,4.0,3.8,-34.1,123.9,-1.8,2.6,-2.1,1.3,-3.1,0.2,1.2,0.4,1.0,0.5,36298.0,5.6,319.0,0.9,1.0,0.013,1878.0,0.2,2.0,0.9,0.4,0.001,1.0,0.99,2.4,9.4,5.4,0.0134,13,31,-5,5,88.6,75,-20,56,0.8,0.006481,999999.99,99999.99,99999.99,0.21,0.11,0.08,-1,2006-08-14 12:00:00
2006,226,13,2361,51,52,60,38,3.5,2.8,-14.7,88.5,0.1,2.8,-0.7,2.2,-1.9,0.2,2.0,1.4,0.4,1.3,38073.0,5.5,324.0,0.3,0.2,0.011,3243.0,0.4,6.0,0.7,1.0,0.001,1.01,0.62,3.11,10.9,5.7,0.0101,13,31,-6,5,88.6,100,-63,37,1.5,0.006481,999999.99,99999.99,99999.99,0.21,0.12,0.08,-1,2006-08-14 13:00:00
2006,226,14,2361,51,52,60,36,3.5,3.4,-40.4,148.7,-2.2,1.4,-2.2,0.3,-2.6,0.2,0.4,0.2,0.4,0.1,34859.0,4.8,315.0,1.8,1.0,0.012,1634.0,0.2,1.0,0.4,0.5,0.001,0.83,0.82,2.66,9.9,5.4,0.0122,13,31,-9,5,88.6,102,-79,23,1.6,0.006481,999999.99,99999.99,99999.99,0.18,0.09,0.07,-1,2006-08-14 14:00:00
2006,226,15,2361,51,52,60,37,3.2,2.5,-26.6,120.8,-1.1,1.9,-1.1,1.3,-1.7,0.3,2.0,1.7,0.8,0.7,34597.0,4.2,315.0,1.0,0.3,0.012,7946.0,0.6,6.0,0.5,0.6,0.003,0.73,0.54,2.78,10.1,5.5,0.0117,7,31,-11,3,88.6,119,-97,22,1.7,0.006481,999999.99,99999.99,99999.99,0.18,0.1,0.08,-1,2006-08-14 15:00:00
2006,226,16,2361,51,52,61,37,3.0,2.8,-50.3,108.7,-0.6,1.7,-2.1,0.9,-2.6,0.2,1.0,0.9,0.2,0.4,33799.0,4.1,319.0,1.2,0.5,0.011,3424.0,0.2,4.0,0.3,0.4,0.002,0.73,0.83,3.07,10.8,5.6,0.0103,7,31,-14,3,88.6,93,-80,13,1.1,0.006481,999999.99,99999.99,99999.99,0.17,0.1,0.08,-1,2006-08-14 16:00:00
2006,226,17,2361,51,52,60,34,2.8,2.5,-29.8,155.6,-2.0,0.9,-1.2,0.5,-1.4,0.2,1.3,0.7,1.0,0.5,35327.0,3.8,316.0,2.2,-1.0,0.016,5997.0,0.4,4.0,0.7,1.1,0.004,0.67,0.44,3.3,11.0,5.6,0.0098,7,31,-17,3,88.6,60,-41,19,1.3,0.006481,999999.99,99999.99,99999.99,0.18,0.09,0.07,-1,2006-08-14 17:00:00
2006,226,18,2361,51,52,59,33,2.4,2.2,-21.4,140.6,-1.6,1.3,-0.8,1.1,-1.1,0.3,1.1,0.4,0.8,0.6,36224.0,4.0,318.0,1.8,-1.5,0.016,6192.0,0.5,3.0,1.3,0.7,0.003,0.72,0.35,4.75,13.2,5.9,0.0068,3,31,-20,2,88.6,62,-41,21,1.0,0.006481,999999.99,99999.99,99999.99,0.17,0.09,0.07,-1,2006-08-14 18:00:00
2006,226,19,2361,51,52,60,36,2.4,2.2,-7.9,152.5,-2.0,1.0,-0.3,0.9,-0.5,0.2,0.8,0.3,0.5,0.5,33363.0,4.3,314.0,1.6,-1.6,0.014,3596.0,0.1,2.0,0.6,0.5,0.002,0.75,0.16,5.02,13.6,5.9,0.0065,3,31,-20,2,88.6,63,-42,21,0.6,0.006481,999999.99,99999.99,99999.99,0.19,0.09,0.07,-1,2006-08-14 19:00:00
2006,226,20,2361,51,52,60,32,2.5,2.4,-6.8,149.4,-2.1,1.2,-0.3,1.1,-0.5,0.1,0.5,0.1,0.1,0.5,30944.0,3.8,315.0,1.7,-1.6,0.015,5307.0,0.6,4.0,0.7,0.4,0.002,0.67,0.16,4.03,12.3,5.8,0.0079,3,31,-18,2,88.6,60,-37,22,0.4,0.006481,999999.99,99999.99,99999.99,0.17,0.09,0.07,-1,2006-08-14 20:00:00
2006,226,21,2361,51,52,57,35,2.0,1.7,24.4,162.2,-1.5,0.5,0.7,0.6,0.6,0.3,1.0,0.4,0.8,0.6,20713.0,5.0,307.0,0.4,-1.0,0.009,8005.0,0.6,5.0,1.0,0.4,0.002,0.82,-0.18,7.75,17.2,6.2,0.004,3,31,-13,2,88.6,34,-12,21,0.1,0.006481,999999.99,99999.99,99999.99,0.16,0.09,0.07,-1,2006-08-14 21:00:00
2006,226,22,2361,51,52,59,36,1.9,1.8,35.4,206.6,-1.3,-0.7,1.1,-0.5,1.2,0.2,0.5,0.2,0.4,0.2,13736.0,5.6,301.0,-0.7,-1.1,0.006,635.0,0.2,1.0,0.2,0.1,0.001,0.87,-0.36,9.17,18.7,6.3,0.0034,3,31,-10,2,88.6,28,-19,8,-0.2,0.006481,999999.99,99999.99,99999.99,0.19,0.1,0.09,-1,2006-08-14 22:00:00
2006,226,23,2361,51,52,60,37,1.6,1.1,-22.5,192.4,-1.0,-0.2,-0.4,-0.3,-0.4,0.2,1.2,0.2,0.6,1.0,14074.0,5.9,302.0,-0.9,-1.4,0.008,811.0,0.2,2.0,0.2,0.4,0.001,0.93,0.12,13.66,22.9,6.4,0.0023,3,31,-8,2,88.6,29,-25,4,-0.2,0.006481,999999.99,99999.99,99999.99,0.19,0.11,0.07,-1,2006-08-14 23:00:00
2006,227,0,2361,51,52,61,37,1.7,1.6,-47.8,72.6,0.3,1.0,-1.2,0.8,-1.3,0.1,0.7,0.5,0.4,0.3,12426.0,6.2,303.0,-0.9,-1.7,0.009,1062.0,0.2,1.0,0.2,0.3,0.001,0.98,0.39,12.57,22.2,6.4,0.0024,3,31,-7,2,87.8,44,-33,11,-0.2,0.006451,999999.99,99999.99,99999.99,0.18,0.1,0.08,-1,2006-08-15 00:00:00
2006,227,1,2361,51,52,59,35,1.8,1.6,-8.1,142.1,-1.2,0.9,-0.2,0.8,-0.4,0.2,0.9,0.5,0.7,0.3,12602.0,6.7,302.0,-1.3,-1.5,0.008,1595.0,0.3,2.0,1.2,0.3,0.001,1.05,0.12,12.13,21.7,6.4,0.0025,3,31,-6,2,87.8,54,-34,21,0.3,0.006451,999999.99,99999.99,99999.99,0.17,0.1,0.08,-1,2006-08-15 01:00:00
2006,227,2,2361,51,52,61,38,2.0,1.9,-30.5,96.1,-0.2,1.6,-1.0,1.3,-1.3,0.1,0.7,0.5,0.4,0.4,11614.0,6.9,304.0,-1.5,-1.9,0.009,803.0,0.3,1.0,0.2,0.2,0.001,1.1,0.4,10.04,20.0,6.4,0.003,3,31,-7,2,87.8,60,-32,28,0.4,0.006451,999999.99,99999.99,99999.99,0.19,0.12,0.08,-1,2006-08-15 02:00:00
2006,227,3,2361,51,52,60,36,2.0,1.9,-21.4,72.8,0.5,1.7,-0.7,1.5,-1.1,0.1,0.4,0.2,0.1,0.3,10527.0,7.3,306.0,-1.0,-2.4,0.008,568.0,0.2,1.0,0.1,0.1,0.0,1.18,0.34,10.54,20.7,6.5,0.0028,7,31,-6,3,87.8,70,-28,43,0.7,0.006451,999999.99,99999.99,99999.99,0.18,0.09,0.06,-1,2006-08-15 03:00:00
2006,227,4,2361,51,52,60,36,1.9,1.8,-4.0,95.5,-0.2,1.8,-0.1,1.7,-0.6,0.1,0.6,0.3,0.2,0.5,11181.0,7.7,305.0,-1.1,-2.3,0.008,444.0,0.2,1.0,0.2,0.2,0.001,1.23,0.18,12.38,22.3,6.5,0.0024,7,31,-7,3,87.8,60,-20,39,0.5,0.006451,999999.99,99999.99,99999.99,0.18,0.1,0.08,-1,2006-08-15 04:00:00
2006,227,5,2361,51,52,59,37,1.9,1.7,10.7,82.2,0.2,1.7,0.3,1.7,-0.3,0.1,0.8,0.5,0.2,0.6,11493.0,7.6,304.0,-1.0,-2.8,0.008,740.0,0.2,2.0,0.2,0.2,0.001,1.21,0.09,12.25,22.1,6.5,0.0024,7,31,-6,3,87.8,54,-15,39,0.2,0.006451,999999.99,99999.99,99999.99,0.23,0.11,0.08,-1,2006-08-15 05:00:00
2006,227,6,2361,51,52,60,37,1.9,1.7,28.4,88.3,0.0,1.5,0.8,1.7,0.1,0.2,0.9,0.5,0.5,0.5,11549.0,7.3,301.0,-1.1,-3.4,0.009,1039.0,0.2,1.0,0.3,0.3,0.001,1.14,-0.03,11.77,21.4,6.4,0.0026,7,31,-5,3,87.8,45,-14,30,0.3,0.006451,999999.99,99999.99,99999.99,0.19,0.12,0.09,-1,2006-08-15 06:00:00
2006,227,7,2361,51,52,61,36,1.8,1.6,-28.1,75.4,0.4,1.3,-0.7,0.9,-1.2,0.1,0.7,0.4,0.3,0.6,10472.0,8.0,301.0,-1.5,-2.7,0.01,778.0,0.2,1.0,0.2,0.3,0.001,1.26,0.36,14.26,23.6,6.5,0.0021,7,31,-4,3,87.8,48,-14,34,0.2,0.006451,999999.99,99999.99,99999.99,0.26,0.12,0.07,-1,2006-08-15 07:00:00
2006,227,8,2361,51,52,60,37,1.7,1.4,7.7,86.5,0.1,1.4,0.2,1.3,-0.5,0.2,0.8,0.3,0.2,0.6,9774.0,8.7,304.0,-1.5,-3.5,0.01,692.0,0.5,1.0,0.2,0.6,0.001,1.4,0.15,17.3,26.4,6.6,0.0017,7,31,-3,3,87.8,124,-89,35,0.3,0.006451,999999.99,99999.99,99999.99,0.2,0.11,0.08,-1,2006-08-15 08:00:00
2006,227,9,2361,51,52,61,37,1.9,1.9,-10.4,90.2,0.0,1.9,-0.3,1.5,-1.2,0.1,0.4,0.3,0.1,0.2,11309.0,10.3,307.0,-1.9,-3.8,0.01,883.0,0.6,1.0,0.1,0.1,0.001,1.69,0.37,16.58,25.9,6.6,0.0018,7,31,1,3,87.8,72,-27,45,0.4,0.006451,999999.99,99999.99,99999.99,0.21,0.11,0.09,-1,2006-08-15 09:00:00
2006,227,10,2361,51,52,60,37,1.4,1.3,-4.4,169.2,-1.2,0.2,-0.1,0.1,-0.2,0.1,0.6,0.2,0.5,0.3,13822.0,12.7,306.0,-1.0,-4.1,0.007,968.0,0.6,0.0,0.2,0.2,0.001,2.04,0.06,38.33,38.9,6.7,0.0008,7,31,5,3,87.8,79,-34,45,0.4,0.006451,999999.99,99999.99,99999.99,0.21,0.1,0.07,-1,2006-08-15 10:00:00
2006,227,11,2361,51,52,59,36,1.8,1.7,4.2,175.7,-1.7,0.1,0.1,0.1,0.0,0.3,0.8,0.3,0.7,0.2,13455.0,13.6,305.0,-1.2,-4.7,0.007,691.0,0.3,1.0,0.6,0.2,0.001,2.17,-0.0,24.76,31.2,6.6,0.0012,7,31,5,3,87.8,56,-21,36,0.3,0.006451,999999.99,99999.99,99999.99,0.19,0.12,0.09,-1,2006-08-15 11:00:00
2006,227,12,2361,51,52,60,36,2.1,1.9,-28.7,118.0,-0.8,1.4,-0.9,0.8,-1.5,0.1,0.9,0.4,0.5,0.7,12636.0,13.6,304.0,-1.9,-3.8,0.009,421.0,0.3,1.0,0.2,0.4,0.0,2.17,0.46,18.09,26.7,6.5,0.0017,3,31,4,2,87.8,75,-25,50,0.7,0.006451,999999.99,99999.99,99999.99,0.18,0.11,0.08,-1,2006-08-15 12:00:00
2006,227,13,2361,51,52,59,37,2.5,1.9,5.8,106.8,-0.6,1.8,0.2,1.7,-0.6,0.3,1.5,0.3,0.8,1.3,11613.0,12.8,302.0,-1.6,-4.6,0.011,816.0,0.5,1.0,0.3,0.8,0.001,2.04,0.18,11.93,21.6,6.4,0.0025,3,31,3,2,87.8,85,-26,59,0.9,0.006451,999999.99,99999.99,99999.99,0.2,0.1,0.08,-1,2006-08-15 13:00:00
2006,227,14,2361,51,52,60,37,2.6,2.5,38.3,114.0,-0.8,1.8,1.6,2.3,0.7,0.3,0.6,0.3,0.3,0.5,10847.0,11.8,298.0,-1.3,-5.2,0.011,666.0,0.7,1.0,0.6,0.2,0.001,1.83,-0.21,10.11,19.7,6.3,0.0031,3,31,3,2,87.8,45,-22,23,0.5,0.006451,999999.99,99999.99,99999.99,0.2,0.1,0.06,-1,2006-08-15 14:00:00
2006,227,15,2361,51,52,59,35,3.1,3.0,27.6,123.3,-1.5,2.2,1.4,2.6,0.4,0.3,0.8,0.5,0.3,0.6,12497.0,10.8,298.0,-0.6,-5.4,0.009,1143.0,0.6,1.0,0.1,0.4,0.001,1.66,-0.12,6.59,15.8,6.1,0.0048,10,31,4,4,87.8,36,-21,15,0.2,0.006451,999999.99,99999.99,99999.99,0.18,0.1,0.08,-1,2006-08-15 15:00:00
2006,227,16,2361,51,52,59,36,2.5,2.4,61.9,80.1,0.2,1.1,2.2,1.8,1.7,0.1,0.6,0.5,0.2,0.2,10921.0,10.8,294.0,-1.2,-5.6,0.012,993.0,0.3,2.0,0.2,0.1,0.001,1.63,-0.5,10.01,19.3,6.2,0.0032,10,31,5,4,87.8,26,-17,10,-0.2,0.006451,999999.99,99999.99,99999.99,0.18,0.11,0.09,-1,2006-08-15 16:00:00
2006,227,17,2361,51,52,64,39,3.1,2.2,38.5,119.9,-0.9,1.5,1.4,1.8,0.9,0.6,2.2,0.8,1.7,1.1,13164.0,14.3,297.0,-0.8,-6.1,0.011,2448.0,4.3,7.0,0.4,1.4,0.002,2.2,-0.27,8.76,18.1,6.2,0.0036,10,31,12,4,87.8,45,-22,23,-0.1,0.006451,999999.99,99999.99,99999.99,0.17,0.11,0.09,-1,2006-08-15 17:00:00
2006,227,18,2361,51,52,59,36,4.4,4.1,33.3,135.6,-2.4,2.4,2.2,2.9,1.5,0.4,1.8,1.0,1.3,0.6,17310.0,18.1,306.0,0.8,-7.8,0.009,3242.0,1.7,3.0,0.4,0.5,0.001,2.93,-0.46,5.67,14.8,6.1,0.0054,3,31,18,2,87.8,41,-21,19,-0.0,0.006451,999999.99,99999.99,99999.99,0.21,0.1,0.08,-1,2006-08-15 18:00:00
2006,227,19,2361,51,52,60,37,4.4,4.3,20.9,90.2,0.0,4.0,1.5,4.2,0.6,0.3,1.2,0.8,0.2,0.8,19777.0,16.5,306.0,-0.4,-6.6,0.005,1893.0,0.9,3.0,0.5,0.6,0.002,2.63,-0.18,5.25,14.1,6.0,0.006,3,31,15,2,87.8,51,-17,33,0.1,0.006451,999999.99,99999.99,99999.99,0.17,0.1,0.07,-1,2006-08-15 19:00:00
2006,227,20,2361,51,52,64,39,3.5,1.9,35.9,123.8,-0.9,1.3,1.1,1.5,0.8,1.0,3.1,2.3,1.0,1.8,26768.0,15.2,312.0,-0.7,-5.9,0.01,5761.0,1.3,5.0,0.3,0.8,0.004,2.57,-0.25,8.01,17.4,6.2,0.0039,3,31,14,2,87.8,63,-19,44,0.7,0.006451,999999.99,99999.99,99999.99,0.14,0.09,0.07,-1,2006-08-15 20:00:00
2006,227,21,2361,51,52,59,36,3.7,2.7,-32.7,293.4,0.9,-2.1,-1.5,-2.3,-1.1,0.4,2.4,1.6,1.3,1.3,33171.0,13.9,317.0,-0.8,-6.1,0.02,4546.0,1.1,2.0,0.2,0.5,0.005,2.52,0.35,6.82,16.0,6.1,0.0047,13,31,10,5,87.8,59,-16,43,0.8,0.006451,999999.99,99999.99,99999.99,0.16,0.09,0.06,-1,2006-08-15 21:00:00
2006,227,22,2361,51,52,59,36,3.7,3.1,-35.2,324.7,2.1,-1.5,-1.8,-1.8,-1.6,0.2,1.9,1.1,0.7,1.4,38707.0,12.7,311.0,-0.4,-4.9,0.028,2793.0,0.4,3.0,0.3,0.7,0.002,2.28,0.5,6.45,15.0,5.8,0.0053,13,31,8,5,87.8,119,-81,38,0.7,0.006451,999999.99,99999.99,99999.99,0.17,0.11,0.08,-1,2006-08-15 22:00:00
2006,227,23,2361,51,52,60,37,3.5,3.4,-0.7,357.1,3.4,-0.2,0.0,-0.2,0.0,0.1,0.5,0.1,0.4,0.3,37963.0,12.2,311.0,-0.9,-4.3,0.026,3207.0,0.2,1.0,0.2,0.2,0.001,2.18,-0.0,6.89,15.5,5.9,0.0049,13,31,7,5,87.8,102,-73,29,0.7,0.006451,999999.99,99999.99,99999.99,0.22,0.12,0.09,-1,2006-08-15 23:00:00
2006,228,0,2361,51,52,61,37,3.3,3.0,-2.7,359.0,3.0,-0.1,-0.1,-0.1,-0.1,0.3,1.3,0.6,0.6,1.0,34028.0,11.1,315.0,-0.7,-3.5,0.027,3196.0,0.6,3.0,0.3,0.6,0.003,2.04,0.03,6.89,15.9,6.0,0.0047,10,31,5,4,103.2,82,-58,24,0.6,0.006561,999999.99,99999.99,99999.99,0.19,0.1,0.06,-1,2006-08-16 00:00:00
2006,228,1,2361,51,52,60,36,3.9,3.0,32.2,75.1,0.7,2.5,1.6,2.8,1.1,0.6,2.4,0.5,2.1,1.1,26631.0,9.8,314.0,1.3,-3.8,0.016,3557.0,1.2,2.0,0.8,0.7,0.003,1.72,-0.35,4.15,12.6,5.9,0.0075,10,31,2,4,103.2,26,-17,9,0.2,0.006561,999999.99,99999.99,99999.99,0.17,0.09,0.06,-1,2006-08-16 01:00:00
2006,228,2,2361,51,52,60,36,3.5,3.3,14.3,68.6,1.2,2.9,0.8,3.0,0.1,0.3,1.2,0.4,0.7,0.9,22048.0,8.8,315.0,1.6,-3.6,0.012,2070.0,0.4,2.0,0.5,0.8,0.002,1.53,-0.03,4.49,13.3,6.0,0.0067,10,31,2,4,103.2,44,-30,15,0.5,0.006561,999999.99,99999.99,99999.99,0.21,0.11,0.09,-1,2006-08-16 02:00:00
2006,228,3,2361,51,52,60,37,3.0,2.6,20.3,59.1,1.2,2.1,0.9,2.3,0.3,0.4,1.6,1.0,1.1,0.6,23448.0,8.1,317.0,0.5,-1.8,0.011,2849.0,0.6,5.0,0.7,0.9,0.002,1.42,-0.1,5.68,15.0,6.2,0.0053,3,31,4,2,103.2,42,-27,15,0.2,0.006561,999999.99,99999.99,99999.99,0.18,0.09,0.07,-1,2006-08-16 03:00:00
2006,228,4,2361,51,52,58,35,1.5,0.8,67.7,12.0,0.3,0.1,0.7,0.3,0.6,0.4,1.3,0.4,0.9,0.8,25778.0,10.0,312.0,-0.1,-1.5,0.014,1787.0,0.3,3.0,0.4,0.2,0.003,1.72,-0.19,28.5,32.9,6.5,0.0011,3,31,3,2,103.2,51,-26,25,0.1,0.006561,999999.99,99999.99,99999.99,0.18,0.09,0.06,-1,2006-08-16 04:00:00
2006,228,5,2361,51,52,60,37,2.2,1.9,-5.3,279.4,0.3,-1.9,-0.2,-1.8,0.5,0.1,0.9,0.7,0.2,0.6,22966.0,9.7,306.0,-1.5,-1.5,0.013,2764.0,0.4,3.0,0.4,0.5,0.003,1.6,-0.15,12.62,21.7,6.3,0.0025,3,31,5,2,103.2,47,-19,27,0.0,0.006561,999999.99,99999.99,99999.99,0.25,0.11,0.08,-1,2006-08-16 05:00:00
2006,228,6,2361,51,52,60,37,2.4,2.1,4.5,272.6,0.1,-2.1,0.2,-1.8,1.0,0.2,1.2,0.8,0.3,0.8,19735.0,10.0,304.0,-1.6,-1.2,0.009,1649.0,0.4,2.0,0.5,0.4,0.004,1.6,-0.3,10.7,20.0,6.3,0.003,3,31,5,2,103.2,29,-5,24,-0.2,0.006561,999999.99,99999.99,99999.99,0.18,0.11,0.08,-1,2006-08-16 06:00:00
2006,228,7,2361,51,52,61,37,2.6,1.8,71.6,231.7,-0.4,-0.5,1.7,0.3,1.7,0.5,1.8,0.5,1.7,0.5,23629.0,10.3,306.0,-0.0,-1.6,0.018,3989.0,1.4,2.0,0.4,0.8,0.002,1.73,-0.52,9.63,18.9,6.2,0.0033,3,31,5,2,103.2,32,-7,25,-0.3,0.006561,999999.99,99999.99,99999.99,0.19,0.13,0.1,-1,2006-08-16 07:00:00
2006,228,8,2361,51,52,60,36,3.6,3.0,16.6,286.8,0.8,-2.8,0.9,-2.1,2.1,0.5,2.0,1.1,1.2,1.2,26150.0,12.7,309.0,-0.3,-2.2,0.02,2179.0,0.6,1.0,0.4,0.4,0.002,2.19,-0.65,6.3,15.3,6.0,0.0051,3,31,8,2,103.2,40,-16,24,-0.3,0.006561,999999.99,99999.99,99999.99,0.2,0.1,0.07,-1,2006-08-16 08:00:00
2006,228,9,2361,51,52,60,38,3.0,2.0,43.2,88.5,0.0,1.4,1.4,1.9,0.6,0.8,2.4,0.6,1.9,1.3,29218.0,13.4,310.0,-0.2,-2.6,0.016,2719.0,0.6,1.0,0.4,0.9,0.005,2.29,-0.19,9.76,18.9,6.2,0.0033,7,31,10,3,103.2,51,-25,26,-0.4,0.006561,999999.99,99999.99,99999.99,0.21,0.12,0.09,-1,2006-08-16 09:00:00
2006,228,10,2361,51,52,60,36,3.6,3.5,64.1,123.3,-0.8,1.3,3.2,2.7,2.1,0.2,1.0,0.5,0.7,0.4,29762.0,13.9,309.0,-0.1,-3.2,0.019,1831.0,0.6,1.0,0.3,0.5,0.002,2.38,-0.65,7.06,16.0,6.0,0.0046,7,31,9,3,103.2,56,-29,27,0.0,0.006561,999999.99,99999.99,99999.99,0.2,0.11,0.07,-1,2006-08-16 10:00:00
2006,228,11,2361,51,52,58,36,3.9,1.9,49.7,231.2,-0.8,-1.0,1.5,-0.1,1.8,0.6,3.5,1.7,1.6,2.6,31057.0,13.0,307.0,-1.1,-2.9,0.019,2373.0,0.7,2.0,0.2,0.7,0.002,2.2,-0.55,5.67,14.2,5.8,0.0059,7,31,8,3,103.2,62,-29,33,-0.0,0.006561,999999.99,99999.99,99999.99,0.18,0.12,0.08,-1,2006-08-16 11:00:00
2006,228,12,2361,51,52,60,36,3.2,3.0,-42.5,295.2,0.9,-2.0,-2.0,-2.7,-0.8,0.4,1.2,0.5,0.7,0.9,31037.0,13.0,303.0,-1.2,-3.8,0.024,2125.0,0.9,1.0,0.3,0.7,0.002,2.18,0.24,8.42,17.1,5.9,0.0041,10,31,10,4,103.2,68,-28,40,0.2,0.006561,999999.99,99999.99,99999.99,0.18,0.09,0.06,-1,2006-08-16 12:00:00
2006,228,13,2361,51,52,60,37,3.1,2.7,-28.5,273.3,0.1,-2.4,-1.3,-2.7,0.0,0.4,1.6,0.8,0.6,1.2,30870.0,11.6,302.0,-1.5,-3.2,0.024,2113.0,0.9,1.0,0.4,0.7,0.003,1.94,-0.0,8.0,16.6,5.9,0.0043,10,31,9,4,103.2,71,-24,47,1.2,0.006561,999999.99,99999.99,99999.99,0.19,0.11,0.09,-1,2006-08-16 13:00:00
2006,228,14,2361,51,52,59,36,5.3,5.1,45.2,228.9,-2.4,-2.7,3.6,-0.9,4.4,0.3,1.4,0.6,1.0,0.7,14119.0,7.1,302.0,-2.3,-2.3,0.008,3820.0,0.7,4.0,0.6,0.8,0.003,1.12,-1.33,1.5,7.6,5.0,0.0206,10,31,3,4,103.2,48,-25,23,0.4,0.006561,999999.99,99999.99,99999.99,0.17,0.1,0.07,-1,2006-08-16 14:00:00
2006,228,15,2361,51,52,60,37,5.0,4.9,38.0,243.7,-1.7,-3.5,3.0,-2.0,4.1,0.1,0.7,0.2,0.3,0.5,14567.0,8.3,298.0,-2.3,-2.8,0.008,1143.0,0.4,1.0,0.4,0.4,0.001,1.27,-1.22,1.97,8.6,5.2,0.0161,3,31,4,2,103.2,55,-44,11,0.2,0.006561,999999.99,99999.99,99999.99,0.18,0.1,0.07,-1,2006-08-16 15:00:00
2006,228,16,2361,51,52,62,38,5.1,5.0,42.8,215.5,-3.0,-2.1,3.4,-0.8,3.9,0.1,1.2,0.6,0.9,0.6,19456.0,8.0,300.0,-0.8,-2.6,0.011,3521.0,0.6,3.0,0.8,0.5,0.002,1.26,-1.17,1.89,8.3,5.1,0.0172,3,31,5,2,103.2,30,-22,8,0.1,0.006561,999999.99,99999.99,99999.99,0.17,0.09,0.06,-1,2006-08-16 16:00:00
2006,228,17,2361,51,52,58,36,5.3,5.1,41.4,178.9,-3.8,0.1,3.4,1.1,3.2,0.3,1.5,0.5,1.3,0.5,22866.0,8.1,303.0,0.1,-1.6,0.017,4287.0,0.6,3.0,0.6,0.7,0.002,1.33,-0.97,1.81,8.1,5.1,0.018,3,31,7,2,103.2,29,-12,17,0.1,0.006561,999999.99,99999.99,99999.99,0.19,0.11,0.07,-1,2006-08-16 17:00:00
2006,228,18,2361,51,52,60,37,5.3,4.9,44.0,160.7,-3.3,1.2,3.4,2.0,3.0,0.4,2.1,0.5,2.0,0.4,21684.0,8.0,300.0,1.1,-2.1,0.018,2705.0,0.8,3.0,0.7,0.5,0.002,1.29,-0.9,1.78,8.0,5.0,0.0186,3,31,7,2,103.2,39,-16,23,-0.1,0.006561,999999.99,99999.99,99999.99,0.16,0.1,0.08,-1,2006-08-16 18:00:00
2006,228,19,2361,51,52,61,37,5.1,5.0,35.3,132.9,-2.8,3.0,2.9,3.6,2.2,0.2,1.1,0.4,0.9,0.2,15981.0,8.7,301.0,2.3,-1.7,0.014,1446.0,0.6,1.0,0.4,0.4,0.002,1.39,-0.66,2.01,8.7,5.3,0.0157,3,31,6,2,103.2,43,-14,29,-0.5,0.006561,999999.99,99999.99,99999.99,0.17,0.11,0.09,-1,2006-08-16 19:00:00
2006,228,20,2361,51,52,58,35,4.7,4.7,37.7,154.8,-3.4,1.6,2.9,2.1,2.6,0.2,0.5,0.3,0.4,0.2,16532.0,7.5,301.0,1.6,-0.9,0.015,1466.0,0.9,2.0,0.2,0.4,0.002,1.2,-0.78,2.05,8.8,5.3,0.0155,3,31,4,2,103.2,42,-14,28,-0.2,0.006561,999999.99,99999.99,99999.99,0.18,0.11,0.08,-1,2006-08-16 20:00:00
2006,228,21,2361,51,52,62,38,3.9,3.4,27.8,115.2,-1.3,2.8,1.6,3.0,1.1,0.6,1.9,1.1,0.5,1.5,29982.0,7.3,296.0,1.0,-1.4,0.025,8130.0,0.6,3.0,0.7,0.9,0.005,1.17,-0.33,3.16,10.3,5.3,0.0113,7,31,4,3,103.2,40,-18,21,-0.0,0.006561,999999.99,99999.99,99999.99,0.2,0.11,0.07,-1,2006-08-16 21:00:00
2006,228,22,2361,51,52,60,37,3.3,3.0,52.2,185.6,-1.8,-0.2,2.4,0.2,2.4,0.6,1.6,0.5,1.3,0.8,35538.0,6.7,299.0,0.7,-1.2,0.029,5383.0,1.0,3.0,0.5,0.5,0.005,1.12,-0.72,4.19,11.7,5.5,0.0086,7,31,3,3,103.2,37,-21,16,0.0,0.006561,999999.99,99999.99,99999.99,0.2,0.12,0.08,-1,2006-08-16 22:00:00
2006,228,23,2361,51,52,60,37,2.9,2.6,43.7,148.0,-1.6,1.0,1.8,1.3,1.6,0.3,1.2,0.3,1.0,0.5,30007.0,8.1,302.0,0.7,-2.1,0.022,5477.0,0.3,2.0,0.4,0.7,0.004,1.34,-0.48,6.35,14.8,5.8,0.0054,7,31,8,3,103.2,31,-16,15,-0.1,0.006561,999999.99,99999.99,99999.99,0.19,0.1,0.07,-1,2006-08-16 23:00:00
2006,229,0,2361,51,52,60,37,3.2,2.5,48.1,137.7,-1.3,1.1,1.9,1.4,1.7,0.4,2.0,0.9,1.4,1.0,30253.0,7.4,302.0,1.0,-1.7,0.023,5545.0,0.5,2.0,0.5,0.6,0.007,1.23,-0.51,4.77,12.8,5.7,0.0072,0,27,9,0,88.0,24,-15,10,-0.1,0.00653,999999.99,99999.99,99999.99,0.21,0.12,0.07,-1,2006-08-17 00:00:00
2006,229,1,2361,51,52,62,37,3.8,3.6,41.8,110.9,-1.0,2.5,2.4,2.9,1.9,0.5,1.4,0.7,0.8,0.8,34070.0,7.9,305.0,0.3,-2.0,0.031,4410.0,0.5,3.0,0.4,0.6,0.004,1.38,-0.58,3.7,11.3,5.5,0.0093,0,27,11,0,88.0,30,-19,10,0.0,0.00653,999999.99,99999.99,99999.99,0.18,0.1,0.08,-1,2006-08-17 01:00:00
2006,229,2,2361,51,52,59,36,3.3,3.0,69.0,247.8,-0.4,-1.0,2.8,-0.3,3.0,0.5,1.4,0.6,1.2,0.6,35706.0,9.3,308.0,-0.5,-1.1,0.026,4176.0,0.9,2.0,0.9,0.6,0.003,1.63,-0.92,5.83,14.2,5.8,0.0059,0,27,12,0,88.0,33,-20,13,-0.1,0.00653,999999.99,99999.99,99999.99,0.2,0.1,0.07,-1,2006-08-17 02:00:00
2006,229,3,2361,51,52,62,37,3.7,3.4,22.3,251.4,-1.0,-3.0,1.3,-2.5,2.1,0.4,1.3,0.8,0.2,1.1,27639.0,10.0,312.0,-1.3,-1.2,0.018,6910.0,0.6,3.0,0.7,0.4,0.005,1.74,-0.66,4.74,13.3,5.9,0.0067,3,27,10,2,88.0,40,-23,17,-0.2,0.00653,999999.99,99999.99,99999.99,0.19,0.1,0.08,-1,2006-08-17 03:00:00
2006,229,4,2361,51,52,61,38,4.0,3.6,49.7,189.0,-2.3,-0.4,2.8,0.5,2.8,0.2,1.7,0.5,1.6,0.3,23073.0,10.4,315.0,-1.1,-0.2,0.017,2356.0,0.7,2.0,0.8,0.4,0.004,1.84,-0.88,4.09,12.7,6.0,0.0074,3,27,8,2,88.0,39,-25,15,-0.2,0.00653,999999.99,99999.99,99999.99,0.19,0.1,0.07,-1,2006-08-17 04:00:00
2006,229,5,2361,51,52,61,37,4.6,4.4,5.8,121.7,-2.3,3.7,0.4,3.6,-1.0,0.3,1.3,0.3,0.7,1.1,26443.0,8.5,320.0,1.2,0.0,0.022,3236.0,0.8,2.0,0.6,0.6,0.002,1.58,0.32,2.59,10.1,5.6,0.0116,3,27,5,2,88.0,42,-16,25,0.3,0.00653,999999.99,99999.99,99999.99,0.2,0.1,0.07,-1,2006-08-17 05:00:00
2006,229,6,2361,51,52,61,38,3.1,2.4,27.4,122.2,-1.1,1.8,1.1,2.1,0.3,0.3,1.9,0.5,0.6,1.7,15981.0,13.3,323.0,1.0,1.2,0.008,3487.0,1.3,2.0,0.4,0.8,0.003,2.39,-0.1,8.31,19.0,6.6,0.0033,20,27,5,7,88.0,80,-45,35,0.3,0.00653,999999.99,99999.99,99999.99,0.21,0.11,0.08,-1,2006-08-17 06:00:00
2006,229,7,2361,51,52,64,36,3.7,3.3,82.8,220.0,-0.3,-0.3,3.3,1.2,3.1,1.4,2.1,0.4,1.4,1.5,17630.0,20.8,333.0,-1.6,2.2,0.004,3723.0,6.2,13.0,1.7,0.5,0.001,3.91,-1.03,9.23,20.5,6.9,0.0028,20,27,16,7,88.0,68,-17,51,0.1,0.00653,999999.99,99999.99,99999.99,0.23,0.11,0.08,-1,2006-08-17 07:00:00
2006,229,8,2361,51,52,59,37,6.4,5.2,29.0,271.5,0.1,-4.6,2.5,-2.9,4.4,0.7,3.7,1.1,1.8,3.0,32727.0,25.9,345.0,-4.6,2.5,0.005,4396.0,2.7,3.0,1.1,0.8,0.001,5.25,-1.52,4.24,13.7,6.4,0.0063,20,27,21,7,88.0,54,-16,38,-0.3,0.00653,999999.99,99999.99,99999.99,0.22,0.12,0.07,-1,2006-08-17 08:00:00
2006,229,9,2361,51,52,60,36,7.8,7.4,-1.6,283.9,1.8,-7.2,-0.2,-6.4,3.3,0.9,2.6,1.4,1.0,2.0,32347.0,19.0,336.0,-3.5,1.8,0.008,3191.0,3.5,3.0,0.7,0.9,0.002,3.7,-1.11,2.09,9.4,5.6,0.0135,10,27,16,4,88.0,69,-26,43,-0.4,0.00653,999999.99,99999.99,99999.99,0.22,0.13,0.08,-1,2006-08-17 09:00:00
2006,229,10,2361,51,52,59,36,7.8,7.5,13.6,283.0,1.6,-7.1,1.8,-5.3,5.1,0.4,2.1,0.4,0.8,1.9,32355.0,17.3,335.0,-2.7,0.6,0.008,3540.0,1.3,3.0,0.3,0.6,0.001,3.35,-1.71,1.9,8.9,5.5,0.0149,10,27,11,4,88.0,61,-29,32,-0.6,0.00653,999999.99,99999.99,99999.99,0.24,0.12,0.07,-1,2006-08-17 10:00:00
2006,229,11,2361,51,52,58,36,7.4,7.2,20.2,288.4,2.1,-6.4,2.5,-4.3,5.3,0.3,1.5,0.6,0.7,1.2,37918.0,17.8,330.0,-3.1,0.6,0.009,2668.0,0.7,3.0,0.3,0.6,0.001,3.35,-1.75,2.25,9.4,5.5,0.0134,10,27,12,4,88.0,52,-27,25,-0.5,0.00653,999999.99,99999.99,99999.99,0.24,0.11,0.07,-1,2006-08-17 11:00:00
2006,229,12,2361,51,52,60,34,7.5,6.8,17.7,285.8,1.8,-6.2,2.1,-4.4,4.9,0.5,3.1,1.6,0.8,2.6,42485.0,19.6,325.0,-3.5,1.5,0.01,4388.0,1.9,2.0,0.7,0.5,0.001,3.6,-1.59,2.48,9.6,5.4,0.0129,17,27,12,6,88.0,50,-25,24,-0.5,0.00653,999999.99,99999.99,99999.99,0.18,0.1,0.07,-1,2006-08-17 12:00:00
2006,229,13,2361,51,52,59,36,7.6,6.2,-4.8,292.3,2.3,-5.7,-0.5,-5.3,2.2,0.7,4.5,1.2,1.5,4.1,44134.0,18.0,325.0,-3.6,1.1,0.012,7689.0,3.6,3.0,1.0,0.7,0.002,3.33,-0.72,2.24,9.1,5.3,0.0145,17,27,10,6,88.0,51,-20,30,0.7,0.00653,999999.99,99999.99,99999.99,0.18,0.09,0.06,-1,2006-08-17 13:00:00
2006,229,14,2361,51,52,59,34,7.5,7.1,17.6,305.1,3.9,-5.6,2.2,-4.1,4.4,0.7,2.3,0.9,1.7,1.3,46598.0,15.3,321.0,-1.9,0.6,0.016,7895.0,1.7,4.0,1.3,0.6,0.003,2.8,-1.41,1.98,8.4,5.1,0.017,17,27,11,6,88.0,44,-15,29,-0.1,0.00653,999999.99,99999.99,99999.99,0.16,0.1,0.07,-1,2006-08-17 14:00:00
2006,229,15,2361,51,52,58,36,5.6,5.1,-12.3,30.9,4.3,2.6,-1.1,2.0,-2.0,0.3,2.2,0.8,1.8,1.0,56169.0,18.8,315.0,1.6,-0.9,0.014,5465.0,0.7,2.0,0.9,0.7,0.002,3.29,0.63,4.6,12.2,5.5,0.008,13,27,12,5,88.0,57,-31,27,0.8,0.00653,999999.99,99999.99,99999.99,0.28,0.13,0.08,-1,2006-08-17 15:00:00
2006,229,16,2361,51,52,62,37,5.5,4.7,8.8,300.0,2.3,-4.0,0.7,-3.5,2.1,0.9,2.9,1.6,1.2,2.1,62914.0,18.5,322.0,-2.1,1.1,0.012,7500.0,1.1,7.0,1.3,1.7,0.002,3.36,-0.68,4.87,12.6,5.5,0.0075,13,27,12,5,88.0,47,-26,22,0.9,0.00653,999999.99,99999.99,99999.99,0.18,0.09,0.07,-1,2006-08-17 16:00:00
2006,229,17,2361,51,52,61,37,5.4,4.2,-62.3,7.1,1.9,0.2,-3.7,-0.9,-3.6,0.8,3.4,1.3,2.7,1.6,57704.0,20.0,318.0,-1.9,0.2,0.011,8065.0,0.9,3.0,0.8,0.7,0.002,3.53,1.14,5.31,13.2,5.6,0.0069,13,27,11,5,88.0,86,-45,40,1.5,0.00653,999999.99,99999.99,99999.99,0.16,0.1,0.08,-1,2006-08-17 17:00:00
2006,229,18,2361,51,52,59,36,4.3,2.5,-10.1,91.4,-0.1,2.4,-0.4,2.2,-1.0,0.7,3.4,1.3,2.1,2.4,53305.0,20.9,319.0,-0.4,1.0,0.011,5205.0,1.0,3.0,0.5,0.6,0.001,3.71,0.32,8.54,17.0,5.9,0.0041,17,27,8,6,88.0,107,-58,49,0.8,0.00653,999999.99,99999.99,99999.99,0.2,0.1,0.06,-1,2006-08-17 18:00:00
2006,229,19,2361,51,52,61,35,4.9,4.5,11.0,96.5,-0.5,4.4,0.9,4.5,-0.1,0.4,1.9,1.1,0.5,1.5,57124.0,19.8,319.0,1.7,1.8,0.012,3021.0,0.8,2.0,1.1,0.6,0.001,3.53,0.03,6.36,14.5,5.7,0.0057,17,27,4,6,88.0,151,-87,64,1.0,0.00653,999999.99,99999.99,99999.99,0.18,0.09,0.07,-1,2006-08-17 19:00:00
2006,229,20,2361,51,52,60,37,5.1,4.5,-52.0,134.6,-1.9,2.0,-3.6,1.3,-3.9,0.2,2.3,0.7,1.5,1.5,53683.0,19.6,321.0,0.8,0.2,0.009,2307.0,0.6,1.0,0.4,0.4,0.001,3.49,1.25,5.71,13.9,5.7,0.0061,17,27,3,6,88.0,120,-47,72,1.1,0.00653,999999.99,99999.99,99999.99,0.19,0.12,0.08,-1,2006-08-17 20:00:00
2006,229,21,2361,51,52,60,37,4.5,4.2,-34.8,145.4,-2.8,2.0,-2.4,1.6,-2.7,0.3,1.4,0.8,0.8,0.9,53223.0,19.6,320.0,0.1,0.2,0.008,2137.0,0.7,2.0,0.4,0.4,0.001,3.46,0.86,7.31,15.7,5.8,0.0048,20,27,4,7,88.0,370,-241,129,2.6,0.00653,999999.99,99999.99,99999.99,0.17,0.1,0.07,-1,2006-08-17 21:00:00
2006,229,22,2361,51,52,60,36,5.1,4.5,11.4,150.3,-3.9,2.2,0.9,2.3,0.5,0.3,2.2,0.5,0.6,2.1,53631.0,17.0,324.0,0.8,1.1,0.008,3393.0,1.2,3.0,0.5,0.6,0.001,3.08,-0.16,4.95,13.1,5.7,0.0069,20,27,2,7,88.0,161,-97,64,1.7,0.00653,999999.99,99999.99,99999.99,0.2,0.1,0.06,-1,2006-08-17 22:00:00
2006,229,23,2361,51,52,61,37,4.9,4.8,28.3,144.8,-3.4,2.4,2.3,2.7,1.9,0.2,1.0,0.5,0.4,0.7,56163.0,16.3,323.0,1.2,2.0,0.009,2258.0,0.4,2.0,0.4,0.3,0.001,2.94,-0.61,5.21,13.3,5.7,0.0067,20,27,3,7,88.0,111,-53,57,1.0,0.00653,999999.99,99999.99,99999.99,0.18,0.1,0.07,-1,2006-08-17 23:00:00
2006,230,0,2361,51,52,54,33,4.5,2.9,42.2,96.8,-0.3,2.1,1.9,2.4,1.5,0.7,3.4,2.7,1.4,1.6,58482.0,16.1,310.0,0.9,1.4,0.009,5211.0,0.6,10.0,0.7,1.2,0.002,2.68,-0.47,6.18,13.8,5.5,0.0062,20,31,4,7,90.6,106,-48,58,1.0,0.00654,999999.99,99999.99,99999.99,0.2,0.12,0.09,-1,2006-08-18 00:00:00
2006,230,1,2361,51,52,62,37,4.5,1.2,-57.7,14.4,0.6,0.2,-1.0,0.0,-1.0,0.7,4.4,1.6,3.4,2.2,46761.0,16.2,305.0,-0.5,0.4,0.009,7439.0,1.0,5.0,1.7,0.9,0.002,2.61,0.3,5.83,13.6,5.6,0.0064,20,31,4,7,90.6,218,-127,91,1.3,0.00654,999999.99,99999.99,99999.99,0.2,0.12,0.07,-1,2006-08-18 01:00:00
2006,230,2,2361,51,52,61,37,5.7,4.9,-52.7,84.0,0.3,3.0,-3.9,2.0,-4.5,1.0,3.0,1.4,1.6,2.2,44542.0,17.9,313.0,-0.7,-0.4,0.008,9483.0,0.9,2.0,0.7,0.5,0.001,3.02,1.41,3.96,11.6,5.5,0.0088,20,31,0,7,90.6,259,-145,114,2.2,0.00654,999999.99,99999.99,99999.99,0.23,0.1,0.07,-1,2006-08-18 02:00:00
2006,230,3,2361,51,52,65,40,8.0,7.4,-48.4,325.5,4.1,-2.8,-5.6,-4.2,-4.6,0.6,3.0,0.9,2.4,1.5,36780.0,13.6,322.0,-2.4,2.8,0.026,6759.0,2.2,11.0,1.9,1.5,0.014,2.6,1.48,1.46,7.4,4.9,0.0216,37,31,-13,22,90.6,510,-361,149,2.4,0.00654,999999.99,99999.99,99999.99,0.22,0.11,0.08,-1,2006-08-18 03:00:00
2006,230,4,2361,51,52,62,39,8.7,8.6,-48.0,316.1,4.2,-4.0,-6.4,-5.8,-4.8,0.4,1.1,0.4,0.8,0.6,34032.0,9.1,345.0,0.2,3.6,0.036,5979.0,1.3,4.0,0.7,1.1,0.003,2.07,1.66,0.81,6.0,4.6,0.0332,37,31,-20,22,90.6,475,-314,161,2.4,0.00654,999999.99,99999.99,99999.99,0.24,0.13,0.09,-1,2006-08-18 04:00:00
2006,230,5,2361,51,52,62,37,8.5,8.3,-40.8,310.4,4.1,-4.8,-5.5,-6.5,-3.4,0.4,1.6,0.7,1.0,0.9,39843.0,9.6,344.0,2.1,3.3,0.037,6856.0,1.1,3.0,0.7,1.1,0.005,2.18,1.17,0.93,6.3,4.7,0.0303,37,31,-22,22,90.6,455,-238,218,2.0,0.00654,999999.99,99999.99,99999.99,0.27,0.15,0.1,-1,2006-08-18 05:00:00
2006,230,6,2361,51,52,59,34,5.9,1.9,1.3,119.6,-0.9,1.6,0.0,1.5,-0.6,0.9,5.6,1.8,2.6,4.6,56991.0,18.8,348.0,2.3,2.1,0.023,21262.0,4.1,4.0,1.1,1.2,0.005,4.15,0.21,4.16,12.8,6.0,0.0073,27,31,-14,12,90.6,338,-183,155,2.2,0.00654,999999.99,99999.99,99999.99,0.21,0.1,0.07,-1,2006-08-18 06:00:00
2006,230,7,2361,51,52,59,37,5.6,5.5,-60.3,95.6,-0.3,2.7,-4.8,0.3,-5.5,0.6,1.2,0.5,0.7,0.8,27553.0,20.3,345.0,1.9,1.6,0.019,5098.0,2.4,5.0,0.6,0.8,0.004,4.34,1.9,4.2,13.9,6.5,0.0062,27,31,-9,12,90.6,338,-163,176,2.7,0.00654,999999.99,99999.99,99999.99,0.16,0.08,0.06,-1,2006-08-18 07:00:00
2006,230,8,2361,51,52,60,37,5.9,4.8,-87.8,96.8,0.0,0.2,-4.8,-2.1,-4.3,0.4,3.4,1.1,2.8,1.5,39769.0,14.4,341.0,0.9,1.7,0.025,3581.0,2.2,2.0,0.8,0.8,0.004,3.08,1.47,2.89,11.0,5.9,0.0099,27,31,-15,12,90.6,405,-227,178,2.4,0.00654,999999.99,99999.99,99999.99,0.2,0.11,0.08,-1,2006-08-18 08:00:00
2006,230,9,2361,51,52,61,37,5.9,5.6,-41.3,122.4,-2.2,3.5,-3.7,1.2,-4.9,0.5,1.8,0.5,1.2,1.3,41259.0,11.1,343.0,1.9,0.7,0.028,5084.0,0.9,3.0,0.6,0.6,0.003,2.43,1.68,2.25,9.7,5.6,0.0127,23,31,-13,9,90.6,321,-116,205,1.9,0.00654,999999.99,99999.99,99999.99,0.18,0.1,0.07,-1,2006-08-18 09:00:00
2006,230,10,2361,51,52,59,35,6.0,2.4,-69.8,304.3,0.5,-0.7,-2.3,-1.8,-1.6,1.1,5.6,1.6,3.5,4.0,35716.0,12.2,343.0,0.6,0.8,0.02,12922.0,3.2,5.0,1.6,1.0,0.011,2.59,0.55,2.31,10.0,5.8,0.0119,23,31,-12,9,90.6,236,-109,127,1.1,0.00654,999999.99,99999.99,99999.99,0.18,0.11,0.08,-1,2006-08-18 10:00:00
2006,230,11,2361,51,52,61,37,5.8,5.7,-76.8,125.5,-0.8,1.1,-5.6,-1.8,-5.4,0.1,0.8,0.5,0.6,0.2,25319.0,13.4,341.0,-0.3,0.9,0.012,1824.0,1.2,1.0,0.2,0.3,0.002,2.73,1.84,2.55,10.8,6.0,0.0103,23,31,-13,9,90.6,329,-201,128,1.9,0.00654,999999.99,99999.99,99999.99,0.21,0.1,0.07,-1,2006-08-18 11:00:00
2006,230,12,2361,51,52,62,38,6.0,2.3,5.0,309.2,1.4,-1.8,0.2,-1.5,1.1,0.9,5.6,3.2,3.3,3.3,31529.0,8.3,353.0,1.3,1.3,0.029,8098.0,2.9,7.0,1.2,0.7,0.01,1.93,-0.39,1.53,8.5,5.6,0.0166,23,31,-19,9,90.6,266,-159,106,0.6,0.00654,999999.99,99999.99,99999.99,0.19,0.12,0.07,-1,2006-08-18 12:00:00
2006,230,13,2361,51,52,59,37,6.4,6.4,22.9,315.9,4.2,-4.1,2.5,-2.5,4.1,0.1,0.5,0.2,0.2,0.4,29446.0,6.2,356.0,2.0,1.0,0.037,1791.0,0.2,2.0,0.2,0.3,0.001,1.51,-1.46,0.99,6.9,5.1,0.0248,23,31,-14,9,90.6,70,-29,41,-0.3,0.00654,999999.99,99999.99,99999.99,0.2,0.12,0.08,-1,2006-08-18 13:00:00
2006,230,14,2361,51,52,60,36,6.5,6.4,22.5,314.6,4.2,-4.2,2.4,-2.7,4.0,0.3,1.0,0.3,0.3,0.9,24041.0,5.5,354.0,1.4,1.3,0.031,6684.0,0.8,3.0,0.6,1.7,0.005,1.29,-1.42,0.83,6.4,4.9,0.0292,23,31,-11,9,90.6,64,-43,21,-0.2,0.00654,999999.99,99999.99,99999.99,0.18,0.1,0.06,-1,2006-08-18 14:00:00
2006,230,15,2361,51,52,61,35,6.6,6.3,36.6,305.4,3.0,-4.2,3.8,-2.3,5.2,0.2,1.7,1.0,0.4,1.3,10592.0,6.1,354.0,1.1,2.5,0.027,3343.0,0.7,4.0,0.5,0.5,0.002,1.41,-1.84,0.81,6.6,5.1,0.0271,27,31,-8,12,90.6,50,-29,21,-0.4,0.00654,999999.99,99999.99,99999.99,0.16,0.09,0.06,-1,2006-08-18 15:00:00
2006,230,16,2361,51,52,68,41,7.8,7.8,34.0,298.9,3.1,-5.6,4.3,-3.7,6.0,2.5,2.7,0.7,2.3,1.3,13368.0,7.0,365.0,0.9,2.7,0.025,5893.0,1.3,20.0,1.0,0.8,0.003,1.71,-2.19,0.68,6.2,4.9,0.031,27,31,-7,12,90.6,41,-16,25,0.4,0.00654,999999.99,99999.99,99999.99,0.19,0.09,0.06,-1,2006-08-18 16:00:00
2006,230,17,2361,51,52,59,37,12.0,11.5,10.8,289.0,3.7,-10.7,2.1,-9.5,5.3,0.3,3.5,0.6,0.8,3.3,29620.0,7.6,401.0,-1.1,2.6,0.023,2893.0,0.5,3.0,0.6,1.4,0.002,2.23,-2.13,0.35,4.6,4.0,0.0561,27,31,-6,12,90.6,75,-32,44,2.6,0.00654,999999.99,99999.99,99999.99,0.16,0.11,0.08,-1,2006-08-18 17:00:00
2006,230,18,2361,51,52,60,36,10.6,10.4,32.5,295.9,3.8,-7.9,5.6,-6.2,7.5,0.4,2.0,0.7,1.1,1.5,45885.0,7.8,400.0,-0.2,3.1,0.019,11283.0,0.4,4.0,0.9,0.9,0.003,2.24,-3.0,0.5,5.3,4.4,0.0428,20,31,-6,7,90.6,61,-17,44,1.5,0.00654,999999.99,99999.99,99999.99,0.17,0.11,0.09,-1,2006-08-18 18:00:00
2006,230,19,2361,51,52,60,36,10.5,10.3,27.2,297.7,4.3,-8.1,4.7,-6.9,6.4,0.1,1.6,0.8,0.6,1.3,49242.0,8.3,397.0,0.1,1.6,0.017,5394.0,0.4,5.0,0.6,1.0,0.001,2.33,-2.54,0.56,5.4,4.5,0.0401,20,31,-6,7,90.6,49,-13,35,0.7,0.00654,999999.99,99999.99,99999.99,0.15,0.08,0.06,-1,2006-08-18 19:00:00
2006,230,20,2361,51,52,60,35,10.1,9.8,4.4,293.1,3.8,-9.0,0.8,-8.7,2.5,0.6,2.5,0.8,0.8,2.2,46814.0,8.4,392.0,0.4,1.7,0.021,4920.0,1.9,4.0,0.5,1.5,0.004,2.34,-0.98,0.6,5.6,4.6,0.0376,20,31,-5,7,90.6,65,-23,42,1.5,0.00654,999999.99,99999.99,99999.99,0.16,0.09,0.06,-1,2006-08-18 20:00:00
2006,230,21,2361,51,52,59,36,8.7,8.6,-4.5,289.8,2.9,-8.1,-0.7,-8.1,0.7,0.4,1.2,0.6,0.3,1.0,33949.0,14.3,391.0,0.5,1.8,0.015,4837.0,1.1,4.0,0.4,0.5,0.003,3.87,-0.27,1.28,8.5,5.9,0.0165,27,31,-1,12,90.6,118,-57,62,1.2,0.00654,999999.99,99999.99,99999.99,0.19,0.1,0.07,-1,2006-08-18 21:00:00
2006,230,22,2361,51,52,59,35,8.6,8.4,21.3,301.0,4.0,-6.7,3.0,-6.1,4.0,0.8,1.8,0.6,1.0,1.4,13054.0,13.8,386.0,0.6,2.1,0.019,2217.0,2.9,2.0,0.4,0.7,0.008,3.69,-1.54,1.1,8.3,6.0,0.0171,27,31,3,12,90.6,136,-63,73,0.3,0.00654,999999.99,99999.99,99999.99,0.2,0.09,0.07,-1,2006-08-18 22:00:00
2006,230,23,2361,51,52,60,37,6.8,6.7,38.7,304.5,3.0,-4.3,4.2,-3.5,4.9,0.6,1.1,0.5,0.7,0.7,16992.0,16.2,379.0,0.0,2.2,0.043,1953.0,1.9,3.0,0.5,0.4,0.007,4.55,-1.86,2.12,11.2,6.7,0.0095,27,31,9,12,90.6,75,-32,43,-0.2,0.00654,999999.99,99999.99,99999.99,0.22,0.14,0.09,-1,2006-08-18 23:00:00
2006,231,0,2361,51,52,60,36,6.6,6.3,55.8,355.2,3.5,-0.3,5.2,0.6,5.2,0.4,2.1,0.7,1.7,0.8,29365.0,11.2,383.0,-2.0,0.1,0.018,3740.0,2.6,3.0,1.2,1.0,0.003,2.94,-1.99,1.69,9.7,6.2,0.0126,17,24,7,6,90.9,50,-35,16,-0.2,0.006543,999999.99,99999.99,99999.99,0.16,0.08,0.07,-1,2006-08-19 00:00:00
2006,231,1,2361,51,52,58,32,6.7,6.5,48.2,343.0,4.1,-1.3,4.8,-0.3,5.0,0.5,1.7,0.4,1.4,0.9,31874.0,9.7,384.0,-1.8,-0.2,0.017,3980.0,1.5,5.0,1.4,0.8,0.003,2.55,-1.92,1.44,8.9,6.0,0.0149,17,24,6,6,90.9,38,-28,10,-0.1,0.006543,999999.99,99999.99,99999.99,0.26,0.1,0.07,-1,2006-08-19 01:00:00
2006,231,2,2361,51,52,57,34,6.7,5.1,54.9,80.5,0.5,2.9,4.2,3.8,3.4,0.7,4.3,3.5,1.0,2.3,48424.0,7.7,352.0,-4.4,1.4,0.026,23976.0,1.1,12.0,1.4,1.9,0.006,1.76,-1.2,1.26,7.3,5.0,0.0224,17,24,-1,6,90.9,59,-41,19,0.1,0.006543,999999.99,99999.99,99999.99,0.2,0.1,0.07,-1,2006-08-19 02:00:00
2006,231,3,2361,51,52,54,35,5.3,5.0,-26.0,181.5,-4.5,-0.1,-2.2,-0.7,-2.1,0.8,2.0,0.9,1.3,1.1,50554.0,6.7,339.0,-1.3,3.4,0.032,12392.0,1.6,10.0,0.8,1.0,0.005,1.45,0.71,1.78,8.3,5.2,0.0174,10,24,-9,4,90.9,53,-33,19,0.1,0.006543,999999.99,99999.99,99999.99,0.17,0.09,0.07,-1,2006-08-19 03:00:00
2006,231,4,2361,51,52,61,38,3.1,2.8,20.3,193.4,-2.5,-0.6,1.0,-0.2,1.1,0.4,1.4,0.7,1.0,0.8,45629.0,6.4,328.0,0.9,1.3,0.034,8273.0,1.0,4.0,1.4,0.8,0.005,1.31,-0.36,4.82,13.4,5.9,0.0066,10,24,-14,4,90.9,43,-16,27,-0.2,0.006543,999999.99,99999.99,99999.99,0.18,0.1,0.08,-1,2006-08-19 04:00:00
2006,231,5,2361,51,52,61,37,4.1,3.9,61.5,135.2,-1.3,1.3,3.4,2.5,2.7,0.3,1.1,0.7,0.8,0.3,23585.0,5.3,329.0,-0.5,-2.2,0.02,6110.0,0.5,4.0,1.3,0.9,0.004,1.03,-0.89,1.99,9.2,5.6,0.0139,10,24,-14,4,90.9,44,-26,17,-0.2,0.006543,999999.99,99999.99,99999.99,0.21,0.09,0.06,-1,2006-08-19 05:00:00
2006,231,6,2361,51,52,64,38,6.6,6.4,69.8,122.6,-1.2,1.9,6.0,4.2,4.7,1.6,2.3,1.1,1.1,1.7,25509.0,9.2,351.0,1.2,-2.5,0.021,5054.0,2.6,11.0,0.6,0.8,0.004,2.05,-1.65,1.35,8.1,5.5,0.0183,7,24,-5,3,90.9,39,-16,24,-0.2,0.006543,999999.99,99999.99,99999.99,0.2,0.13,0.1,-1,2006-08-19 06:00:00
2006,231,7,2361,51,52,58,36,8.1,8.0,64.4,105.1,-0.9,3.3,7.2,6.1,5.0,0.4,1.6,1.4,0.4,0.6,25189.0,11.6,354.0,0.6,-2.9,0.018,3716.0,1.3,8.0,0.6,0.4,0.002,2.6,-1.77,1.13,7.4,5.3,0.0215,7,24,2,3,90.9,29,-6,23,0.2,0.006543,999999.99,99999.99,99999.99,0.15,0.07,0.06,-1,2006-08-19 07:00:00
2006,231,8,2361,51,52,56,34,6.5,6.2,43.2,123.2,-2.5,3.8,4.2,5.3,1.9,0.7,2.0,1.2,0.3,1.6,29432.0,11.7,339.0,-0.6,-0.7,0.022,4778.0,0.5,7.0,0.5,1.4,0.004,2.44,-0.64,1.82,8.9,5.6,0.0149,7,24,2,3,90.9,37,-13,24,0.2,0.006543,999999.99,99999.99,99999.99,0.21,0.11,0.08,-1,2006-08-19 08:00:00
2006,231,9,2361,51,52,59,37,5.7,5.7,23.6,141.0,-4.1,3.3,2.3,4.0,0.4,0.2,0.7,0.3,0.5,0.4,29987.0,10.4,318.0,-0.1,0.6,0.03,2979.0,0.8,3.0,0.8,0.9,0.004,1.97,-0.13,2.11,9.0,5.4,0.0147,27,24,-4,12,90.9,56,-27,29,0.1,0.006543,999999.99,99999.99,99999.99,0.2,0.12,0.07,-1,2006-08-19 09:00:00
2006,231,10,2361,51,52,68,42,8.4,7.8,29.3,120.4,-3.4,5.9,3.8,7.0,0.3,1.7,3.5,1.3,2.6,2.0,43795.0,17.2,343.0,-0.8,0.4,0.024,5426.0,3.3,14.0,1.7,1.9,0.004,3.7,-0.1,1.75,8.5,5.3,0.0166,27,24,4,12,90.9,64,-25,39,0.7,0.006543,999999.99,99999.99,99999.99,0.2,0.11,0.08,-1,2006-08-19 10:00:00
2006,231,11,2361,51,52,73,45,12.4,11.6,2.0,111.1,-4.2,10.8,0.4,9.5,-5.1,2.9,5.3,2.0,3.2,3.7,132030.0,10.3,404.0,0.2,2.8,0.038,46718.0,4.3,29.0,1.5,2.5,0.009,3.23,2.06,0.73,5.2,4.1,0.0435,27,24,-3,12,90.9,225,-98,127,1.9,0.006543,999999.99,99999.99,99999.99,0.19,0.09,0.07,-1,2006-08-19 11:00:00
2006,231,12,2361,51,52,60,36,17.9,16.9,24.0,74.3,4.2,14.9,6.9,16.4,-1.3,0.5,5.9,4.0,3.0,3.1,111806.0,16.5,451.0,-0.5,6.0,0.021,16701.0,2.3,9.0,1.0,1.2,0.005,6.08,0.59,0.51,5.1,4.3,0.0454,57,24,-5,67,90.9,277,-203,75,2.5,0.006543,999999.99,99999.99,99999.99,0.15,0.07,0.06,-1,2006-08-19 12:00:00
2006,231,13,2361,51,52,61,38,20.0,17.1,-1.1,110.3,-5.9,16.0,-0.3,14.0,-7.8,0.9,10.3,8.0,2.1,6.2,67626.0,17.7,457.0,-1.1,4.1,0.018,22501.0,5.5,11.0,0.6,1.7,0.005,6.62,3.56,0.36,4.8,4.2,0.0515,57,24,-9,67,90.9,439,-317,122,3.0,0.006543,999999.99,99999.99,99999.99,0.17,0.08,0.06,-1,2006-08-19 13:00:00
2006,231,14,2361,51,52,61,38,16.8,15.4,-35.0,155.4,-11.5,5.2,-8.8,0.8,-10.2,2.0,6.8,1.7,6.0,2.7,102655.0,21.5,469.0,-0.5,1.9,0.027,34611.0,5.6,8.0,1.0,1.1,0.006,8.75,4.78,0.73,6.5,5.1,0.0284,57,24,-13,67,90.9,1314,-928,385,5.0,0.006543,999999.99,99999.99,99999.99,0.15,0.08,0.06,-1,2006-08-19 14:00:00
2006,231,15,2361,51,52,61,35,16.3,14.9,-44.1,201.7,-10.0,-4.0,-10.4,-7.8,-7.9,0.7,6.4,2.7,5.6,1.4,66507.0,24.7,463.0,0.9,3.6,0.031,13971.0,3.6,10.0,2.0,0.9,0.007,9.94,3.66,0.75,7.1,5.5,0.0239,57,24,-25,67,90.9,1637,-1185,451,6.2,0.006543,999999.99,99999.99,99999.99,0.15,0.09,0.07,-1,2006-08-19 15:00:00
2006,231,16,2361,51,52,60,37,14.4,13.3,-20.2,249.6,-4.4,-11.7,-4.6,-12.6,-0.1,1.2,5.2,3.1,2.3,3.4,81989.0,35.1,477.0,2.5,0.3,0.025,19394.0,4.4,9.0,1.2,1.8,0.007,14.67,0.05,1.48,9.8,6.5,0.0124,57,24,-27,67,90.9,1319,-907,412,5.5,0.006543,999999.99,99999.99,99999.99,0.19,0.12,0.08,-1,2006-08-19 16:00:00
2006,231,17,2361,51,52,54,35,17.7,14.1,-15.8,163.7,-13.0,3.8,-3.8,2.4,-4.8,3.6,11.1,5.0,9.6,2.6,117423.0,19.6,448.0,3.6,-1.6,0.032,47503.0,13.8,18.0,3.9,0.9,0.005,7.41,2.15,0.64,5.6,4.5,0.0379,57,24,-30,67,90.9,625,-301,324,4.7,0.006543,999999.99,99999.99,99999.99,0.18,0.11,0.06,-1,2006-08-19 17:00:00
2006,231,18,2361,51,52,57,31,17.3,16.0,-36.3,126.1,-7.6,10.4,-9.5,7.5,-11.9,2.0,6.7,4.7,3.9,2.7,145593.0,15.7,439.0,4.2,1.3,0.034,26779.0,3.6,13.0,1.9,2.2,0.006,5.74,5.22,0.6,5.0,4.1,0.0471,57,24,-37,67,90.9,662,-260,402,4.1,0.006543,999999.99,99999.99,99999.99,0.2,0.09,0.07,-1,2006-08-19 18:00:00
2006,231,19,2361,51,52,65,35,14.6,14.4,-39.1,132.7,-7.6,8.2,-9.1,5.9,-10.7,0.8,2.0,1.3,1.0,1.3,124314.0,21.3,439.0,4.9,-0.6,0.027,14102.0,3.3,6.0,0.6,1.2,0.003,7.6,4.7,1.05,6.9,5.0,0.0247,57,24,-56,67,90.9,787,-480,308,4.7,0.006543,999999.99,99999.99,99999.99,0.16,0.09,0.06,-1,2006-08-19 19:00:00
2006,231,20,2361,51,52,59,35,15.1,14.7,-43.0,125.7,-6.3,8.7,-10.0,6.6,-11.5,0.7,3.3,1.3,2.2,2.1,78441.0,18.0,433.0,2.8,0.0,0.021,19427.0,3.1,7.0,1.3,1.7,0.005,6.11,4.98,0.68,6.1,4.8,0.0321,57,24,-66,67,90.9,1127,-702,425,5.4,0.006543,999999.99,99999.99,99999.99,0.19,0.12,0.09,-1,2006-08-19 20:00:00
2006,231,21,2361,51,52,57,36,14.9,14.3,-53.0,123.8,-4.8,7.2,-11.4,5.1,-12.5,0.6,3.9,2.2,2.9,1.5,106970.0,16.1,428.0,3.4,0.1,0.031,14104.0,3.7,13.0,1.5,1.2,0.004,5.54,5.35,0.71,5.8,4.5,0.0358,60,24,-78,80,90.9,889,-572,317,4.5,0.006543,999999.99,99999.99,99999.99,0.18,0.09,0.06,-1,2006-08-19 21:00:00
2006,231,22,2361,51,52,60,37,15.3,15.1,-45.8,127.8,-6.5,8.3,-10.9,6.4,-12.1,0.3,1.9,1.5,1.1,0.6,106229.0,14.5,416.0,3.0,-0.9,0.029,8793.0,1.2,7.0,0.6,0.6,0.004,4.68,5.03,0.6,5.2,4.2,0.0444,60,24,-76,80,90.9,1030,-570,459,7.0,0.006543,999999.99,99999.99,99999.99,0.2,0.11,0.09,-1,2006-08-19 22:00:00
2006,231,23,2361,51,52,57,34,15.1,14.7,-45.5,144.7,-8.4,6.0,-10.5,4.1,-11.4,0.5,3.0,1.3,2.4,1.1,108746.0,16.4,414.0,3.1,-1.1,0.036,14889.0,2.9,6.0,1.0,0.9,0.004,5.37,4.72,0.71,5.6,4.4,0.0386,60,24,-72,80,90.9,1195,-692,503,6.7,0.006543,999999.99,99999.99,99999.99,0.19,0.09,0.06,-1,2006-08-19 23:00:00
2006,232,0,2361,51,52,61,37,14.2,12.6,-27.1,173.9,-11.1,1.2,-5.7,0.1,-5.8,0.7,6.5,2.0,5.4,2.9,93960.0,18.9,404.0,5.1,0.6,0.054,22646.0,4.7,8.0,1.7,1.6,0.017,6.26,2.34,0.87,6.2,4.7,0.0311,53,16,-78,56,90.2,894,-645,249,6.1,0.006516,999999.99,99999.99,99999.99,0.18,0.11,0.09,-1,2006-08-20 00:00:00
2006,232,1,2361,51,52,61,37,14.8,13.9,16.6,90.2,0.0,13.3,4.0,13.8,1.1,0.4,5.0,2.5,1.9,3.9,74318.0,13.5,417.0,-0.9,-2.3,0.04,17423.0,1.0,6.0,1.1,1.5,0.01,4.55,-0.46,0.52,5.2,4.3,0.0444,53,16,-79,56,90.2,628,-324,304,4.2,0.006516,999999.99,99999.99,99999.99,0.19,0.11,0.09,-1,2006-08-20 01:00:00
2006,232,2,2361,51,52,61,37,14.9,14.1,2.7,84.0,1.5,14.0,0.7,13.7,-2.7,1.1,4.7,1.0,3.0,3.4,70304.0,12.6,424.0,0.1,-1.1,0.04,25081.0,2.0,5.0,1.5,2.3,0.006,4.39,1.14,0.47,5.1,4.3,0.0466,53,16,-65,56,90.2,337,-152,185,2.7,0.006516,999999.99,99999.99,99999.99,0.2,0.11,0.07,-1,2006-08-20 02:00:00
2006,232,3,2361,51,52,59,36,13.9,8.7,-4.1,85.9,0.6,8.7,-0.6,8.2,-3.0,1.2,10.8,1.9,5.5,9.1,102506.0,20.3,420.0,3.2,-2.0,0.028,25137.0,4.3,2.0,0.7,0.7,0.01,6.65,1.26,1.01,6.8,5.0,0.0257,60,16,-58,80,90.2,825,-583,243,4.1,0.006516,999999.99,99999.99,99999.99,0.21,0.09,0.06,-1,2006-08-20 03:00:00
2006,232,4,2361,51,52,59,36,8.4,4.0,-26.7,121.4,-1.8,3.0,-1.8,2.2,-2.7,2.8,7.9,1.0,1.9,7.6,99234.0,18.9,420.0,2.2,-2.2,0.065,24963.0,4.3,4.0,0.9,1.9,0.016,7.02,1.13,2.54,10.9,6.1,0.0101,60,16,-61,80,90.2,874,-651,222,4.5,0.006516,999999.99,99999.99,99999.99,0.22,0.11,0.07,-1,2006-08-20 04:00:00
2006,232,5,2361,51,52,62,37,9.2,7.6,85.8,339.6,0.5,-0.2,7.6,2.6,7.1,4.0,6.4,2.1,3.6,4.9,139568.0,9.1,421.0,-0.0,-5.5,0.071,29460.0,4.8,8.0,1.3,1.1,0.016,3.46,-2.99,1.2,6.9,4.8,0.025,60,16,-61,80,90.2,304,-247,57,1.3,0.006516,999999.99,99999.99,99999.99,0.16,0.08,0.05,-1,2006-08-20 05:00:00
2006,232,6,2361,51,52,61,37,13.2,13.1,78.9,268.6,-0.1,-2.5,12.9,3.0,12.8,0.6,1.6,1.0,1.0,0.7,112902.0,6.5,425.0,0.2,-4.7,0.081,24244.0,1.4,4.0,0.7,1.7,0.011,2.6,-5.44,0.37,4.1,3.6,0.0706,20,16,-55,7,90.2,77,-38,39,-0.4,0.006516,999999.99,99999.99,99999.99,0.14,0.07,0.05,-1,2006-08-20 06:00:00
2006,232,7,2361,51,52,56,33,11.8,11.7,77.3,249.6,-0.9,-2.4,11.5,3.0,11.4,0.4,1.1,0.9,0.4,0.4,139999.0,8.3,417.0,1.3,-7.0,0.078,11151.0,0.7,7.0,0.8,1.1,0.006,3.16,-4.75,0.67,5.1,4.1,0.0459,20,16,-48,7,90.2,69,-38,31,-0.4,0.006516,999999.99,99999.99,99999.99,0.15,0.07,0.05,-1,2006-08-20 07:00:00
2006,232,8,2361,51,52,60,36,12.8,12.8,79.3,245.7,-1.0,-2.2,12.6,4.0,12.1,0.4,0.9,0.3,0.6,0.5,73455.0,5.6,410.0,2.2,-6.8,0.062,15513.0,0.7,4.0,0.4,0.6,0.016,1.96,-4.96,0.29,3.8,3.4,0.0828,20,16,-48,7,90.2,43,-19,24,0.4,0.006516,999999.99,99999.99,99999.99,0.14,0.08,0.05,-1,2006-08-20 08:00:00
2006,232,9,2361,51,52,60,38,13.0,13.0,76.3,250.4,-1.0,-2.9,12.6,3.7,12.4,0.1,0.4,0.2,0.4,0.1,80613.0,3.8,406.0,0.9,-5.6,0.096,11702.0,0.6,2.0,0.5,0.5,0.013,1.45,-5.03,0.2,3.0,2.8,0.1284,10,16,-49,4,90.2,41,-19,23,0.8,0.006516,999999.99,99999.99,99999.99,0.19,0.08,0.06,-1,2006-08-20 09:00:00
2006,232,10,2361,51,52,58,35,9.7,9.4,68.8,233.6,-2.0,-2.8,8.8,2.0,9.0,1.2,2.3,1.5,0.8,1.5,183280.0,7.9,404.0,1.7,-7.2,0.069,13049.0,1.3,5.0,0.5,0.7,0.008,2.75,-3.64,1.09,5.9,4.2,0.0347,10,16,-44,4,90.2,27,-10,17,1.0,0.006516,999999.99,99999.99,99999.99,0.14,0.08,0.06,-1,2006-08-20 10:00:00
2006,232,11,2361,51,52,61,37,9.3,9.2,73.5,238.0,-1.4,-2.2,8.9,2.6,8.8,0.2,1.1,0.5,0.9,0.4,170691.0,7.2,394.0,3.1,-7.1,0.076,28158.0,1.3,2.0,0.5,0.9,0.007,2.43,-3.47,1.04,5.7,4.1,0.0368,10,16,-34,4,90.2,28,-8,20,0.9,0.006516,999999.99,99999.99,99999.99,0.18,0.09,0.07,-1,2006-08-20 11:00:00
2006,232,12,2361,51,52,56,8,8.1,7.2,81.1,82.9,0.1,1.1,7.1,4.5,5.6,1.1,3.7,1.8,2.8,1.6,350305.0,5.4,376.0,8.1,-8.7,0.05,41058.0,1.1,11.0,2.2,2.5,0.017,1.53,-2.11,1.64,5.4,3.5,0.0409,20,16,-34,7,90.2,31,-15,15,0.2,0.006516,999999.99,99999.99,99999.99,0.15,0.08,0.06,-1,2006-08-20 12:00:00
2006,232,13,2361,51,52,64,2,6.6,4.7,72.7,97.6,-0.2,1.4,4.5,3.4,3.3,1.4,4.7,2.4,2.9,2.8,27717.0,1.9,445.0,-2.2,-4.9,0.021,13181.0,0.0,4.0,1.4,1.7,0.002,0.68,-1.47,0.28,4.6,4.2,0.0551,20,16,-33,7,90.2,40,-24,16,-0.6,0.006516,999999.99,99999.99,99999.99,0.16,0.08,0.06,-1,2006-08-20 13:00:00
2006,232,14,2361,51,52,61,26,9.7,7.9,-28.5,61.5,3.3,6.1,-3.8,3.8,-6.1,2.1,5.7,1.4,3.4,4.4,56762.0,2.5,409.0,2.1,-1.1,0.026,110660.0,1.0,19.0,6.5,7.2,0.008,0.77,2.49,0.2,3.3,3.1,0.107,20,16,-35,7,90.2,101,-55,46,1.1,0.006516,999999.99,99999.99,99999.99,0.17,0.08,0.06,-1,2006-08-20 14:00:00
2006,232,15,2361,51,52,65,33,10.7,10.4,8.7,63.1,4.7,9.2,1.6,9.1,-2.3,0.2,2.2,0.9,1.2,1.6,17467.0,3.0,417.0,-5.0,-9.1,0.018,4876.0,0.4,9.0,0.7,1.7,0.003,0.93,0.96,0.16,3.4,3.2,0.1044,23,16,-42,9,90.2,210,-140,70,2.0,0.006516,999999.99,99999.99,99999.99,0.19,0.08,0.06,-1,2006-08-20 15:00:00
2006,232,16,2361,51,52,55,27,10.3,10.0,9.6,70.3,3.3,9.3,1.7,9.3,-1.8,0.2,2.3,1.2,1.1,1.6,22587.0,2.0,399.0,-7.8,-10.6,0.019,5111.0,0.2,12.0,1.1,1.8,0.003,0.57,0.72,0.12,2.7,2.6,0.1585,23,16,-43,9,90.2,328,-213,115,1.7,0.006516,999999.99,99999.99,99999.99,0.16,0.09,0.06,-1,2006-08-20 16:00:00
2006,232,17,2361,51,52,58,31,10.3,9.8,11.8,69.8,3.3,9.0,2.0,9.2,-0.9,0.1,3.0,0.9,1.4,2.5,20244.0,2.3,402.0,-5.7,-8.9,0.017,5495.0,0.9,5.0,1.0,1.5,0.002,0.66,0.36,0.13,3.0,2.8,0.1358,23,16,-44,9,90.2,301,-211,90,1.7,0.006516,999999.99,99999.99,99999.99,0.16,0.08,0.06,-1,2006-08-20 17:00:00
2006,232,18,2361,51,52,61,37,10.0,9.8,10.1,70.0,3.3,9.1,1.7,9.2,-0.8,0.2,1.5,0.8,0.3,1.2,23495.0,2.3,401.0,-4.8,-8.4,0.016,9914.0,0.5,7.0,0.9,1.5,0.001,0.66,0.32,0.15,3.0,2.9,0.1286,23,16,-41,9,90.2,192,-130,61,1.9,0.006516,999999.99,99999.99,99999.99,0.14,0.08,0.07,-1,2006-08-20 18:00:00
2006,232,19,2361,51,52,60,36,9.5,9.4,10.1,69.6,3.2,8.7,1.6,8.8,-0.4,0.1,1.1,0.5,0.1,1.0,18961.0,2.3,402.0,-4.1,-6.8,0.016,6269.0,0.5,4.0,0.5,1.0,0.002,0.66,0.16,0.16,3.2,3.0,0.1155,23,16,-41,9,90.2,159,-103,56,1.9,0.006516,999999.99,99999.99,99999.99,0.16,0.1,0.06,-1,2006-08-20 19:00:00
2006,232,20,2361,51,52,61,32,9.0,8.7,16.5,73.4,2.4,8.0,2.5,8.3,0.9,0.3,2.0,1.2,0.8,1.3,27515.0,2.3,401.0,-2.9,-6.7,0.016,9985.0,0.5,6.0,0.9,1.6,0.004,0.66,-0.36,0.18,3.4,3.1,0.1042,23,16,-40,9,90.2,160,-108,52,1.9,0.006516,999999.99,99999.99,99999.99,0.19,0.11,0.08,-1,2006-08-20 20:00:00
2006,232,21,2361,51,52,61,33,9.1,9.0,9.5,72.4,2.7,8.4,1.5,8.5,0.0,0.2,1.3,1.1,0.2,0.7,25437.0,2.3,406.0,-2.4,-4.9,0.017,8198.0,0.5,7.0,0.7,1.2,0.003,0.68,-0.0,0.18,3.4,3.2,0.1039,17,16,-39,6,90.2,157,-105,52,1.9,0.006516,999999.99,99999.99,99999.99,0.18,0.09,0.06,-1,2006-08-20 21:00:00
2006,232,22,2361,51,52,52,30,9.1,8.9,7.9,80.5,1.5,8.7,1.2,8.8,-0.3,0.1,1.6,1.5,0.3,0.5,37208.0,2.1,385.0,-2.1,-4.7,0.019,19888.0,0.5,20.0,0.7,1.1,0.004,0.56,0.12,0.17,3.1,2.9,0.1266,17,16,-39,6,90.2,129,-97,31,1.5,0.006516,999999.99,99999.99,99999.99,0.16,0.08,0.06,-1,2006-08-20 22:00:00
2006,232,23,2361,51,52,66,40,9.1,8.7,1.8,84.9,0.8,8.7,0.3,8.6,-1.2,0.1,2.5,2.3,0.5,1.0,39767.0,1.9,376.0,-1.4,-2.8,0.024,10868.0,0.9,25.0,1.1,1.7,0.004,0.49,0.45,0.16,2.8,2.7,0.1467,17,16,-36,6,90.2,228,-181,48,1.4,0.006516,999999.99,99999.99,99999.99,0.16,0.09,0.07,-1,2006-08-20 23:00:00
2006,233,0,2362,51,52,60,30,9.1,8.9,-6.2,68.5,3.2,8.2,-1.0,7.9,-2.5,0.1,1.7,1.0,0.6,1.3,37012.0,1.4,416.0,-1.9,0.2,0.019,10735.0,0.3,17.0,1.4,2.8,0.007,0.44,1.04,0.12,2.7,2.6,0.1626,20,26,-30,7,89.8,183,-126,57,2.5,0.006507,999999.99,99999.99,99999.99,0.18,0.1,0.07,-1,2006-08-21 00:00:00
2006,233,1,2362,51,52,56,34,9.4,9.3,-0.4,83.7,1.0,9.3,-0.1,9.1,-2.1,0.1,0.8,0.6,0.2,0.5,42427.0,1.7,382.0,-3.3,-1.5,0.015,21072.0,0.3,11.0,0.5,1.7,0.002,0.44,0.8,0.14,2.6,2.5,0.1695,20,26,-29,7,89.8,221,-161,59,2.4,0.006507,999999.99,99999.99,99999.99,0.15,0.07,0.06,-1,2006-08-21 01:00:00
2006,233,2,2362,51,52,62,30,9.1,8.5,16.5,80.4,1.4,8.0,2.4,8.3,0.3,0.2,3.0,0.7,1.2,2.7,30351.0,2.2,382.0,-1.9,-2.8,0.014,35114.0,0.7,8.0,2.2,3.7,0.003,0.57,-0.11,0.18,3.1,2.9,0.1227,20,26,-30,7,89.8,298,-228,70,1.9,0.006507,999999.99,99999.99,99999.99,0.16,0.09,0.07,-1,2006-08-21 02:00:00
2006,233,3,2362,51,52,62,36,8.1,8.1,-3.4,81.6,1.2,8.0,-0.5,7.5,-2.8,0.4,1.0,0.6,0.4,0.7,23822.0,1.8,390.0,-3.0,1.6,0.012,5515.0,0.3,10.0,0.4,1.5,0.002,0.48,1.09,0.17,3.2,3.0,0.114,30,26,-35,15,89.8,231,-160,71,1.9,0.006507,999999.99,99999.99,99999.99,0.15,0.08,0.06,-1,2006-08-21 03:00:00
2006,233,4,2362,51,52,61,34,7.3,7.3,-0.3,78.6,1.4,7.1,0.0,6.7,-2.3,0.1,0.9,0.5,0.2,0.6,22821.0,1.6,411.0,-3.0,1.7,0.011,4237.0,0.2,9.0,0.3,1.5,0.001,0.47,0.95,0.19,3.6,3.3,0.0938,30,26,-40,15,89.8,518,-401,117,2.4,0.006507,999999.99,99999.99,99999.99,0.17,0.08,0.06,-1,2006-08-21 04:00:00
2006,233,5,2362,51,52,61,38,7.1,7.0,2.6,77.6,1.5,6.8,0.3,6.4,-2.3,0.1,1.3,0.8,0.2,1.1,12939.0,1.9,417.0,-2.6,0.8,0.01,5318.0,0.7,7.0,0.4,1.0,0.002,0.57,0.96,0.22,4.0,3.7,0.0726,30,26,-39,15,89.8,371,-232,139,2.7,0.006507,999999.99,99999.99,99999.99,0.18,0.09,0.06,-1,2006-08-21 05:00:00
2006,233,6,2362,51,52,59,36,6.9,6.9,0.2,88.0,0.2,6.9,0.0,6.3,-2.9,0.1,0.7,0.4,0.1,0.5,12370.0,2.7,405.0,-2.4,0.4,0.008,3073.0,0.7,6.0,0.9,0.9,0.002,0.76,1.17,0.33,4.8,4.3,0.0511,17,26,-37,6,89.8,349,-233,116,2.7,0.006507,999999.99,99999.99,99999.99,0.17,0.08,0.06,-1,2006-08-21 06:00:00
2006,233,7,2362,51,52,60,37,6.8,6.7,-4.5,89.2,0.1,6.7,-0.5,5.8,-3.5,0.1,0.7,0.4,0.1,0.5,10203.0,2.3,403.0,-2.4,0.0,0.01,3236.0,0.3,4.0,0.2,0.8,0.003,0.65,1.41,0.29,4.5,4.0,0.0589,17,26,-37,6,89.8,362,-233,129,2.4,0.006507,999999.99,99999.99,99999.99,0.15,0.08,0.06,-1,2006-08-21 07:00:00
2006,233,8,2362,51,52,63,32,6.6,6.4,-6.0,73.7,1.8,6.1,-0.7,5.0,-3.5,0.1,1.3,1.2,0.4,0.4,9017.0,1.8,421.0,-1.4,-0.1,0.01,1880.0,0.4,14.0,1.3,1.1,0.001,0.55,1.47,0.24,4.3,3.9,0.065,17,26,-39,6,89.8,474,-283,191,2.8,0.006507,999999.99,99999.99,99999.99,0.18,0.1,0.07,-1,2006-08-21 08:00:00
2006,233,9,2362,51,52,57,33,6.3,5.5,8.9,92.1,-0.2,5.5,0.9,5.2,-2.0,0.2,3.0,1.5,1.3,2.2,10840.0,2.4,398.0,-1.6,-2.0,0.009,3433.0,0.8,13.0,1.1,1.3,0.002,0.66,0.8,0.35,4.9,4.3,0.0497,17,26,-39,6,89.8,403,-248,155,2.6,0.006507,999999.99,99999.99,99999.99,0.17,0.08,0.06,-1,2006-08-21 09:00:00
2006,233,10,2362,51,52,60,36,6.0,5.6,32.1,110.9,-1.7,4.4,3.0,5.3,0.3,0.1,2.1,1.0,1.2,1.4,14953.0,2.9,404.0,-1.7,-2.1,0.012,3280.0,0.5,7.0,1.2,0.8,0.003,0.83,-0.12,0.48,5.7,4.8,0.0362,17,26,-35,6,89.8,189,-134,56,1.6,0.006507,999999.99,99999.99,99999.99,0.18,0.09,0.07,-1,2006-08-21 10:00:00
2006,233,11,2362,51,52,59,36,6.0,5.8,7.6,98.7,-0.9,5.7,0.8,5.3,-2.2,0.1,1.1,0.7,0.2,0.8,16799.0,2.2,402.0,-2.7,-0.5,0.018,3025.0,0.2,5.0,0.3,0.6,0.002,0.64,0.88,0.37,5.0,4.3,0.0482,17,26,-32,6,89.8,117,-50,67,1.3,0.006507,999999.99,99999.99,99999.99,0.18,0.07,0.05,-1,2006-08-21 11:00:00
2006,233,12,2362,51,52,61,36,5.8,5.7,20.4,107.3,-1.6,5.1,2.0,5.4,-0.8,0.0,1.1,0.4,0.4,0.9,19310.0,2.1,398.0,-2.1,-2.4,0.019,4844.0,0.2,5.0,0.7,1.7,0.002,0.6,0.32,0.38,5.0,4.3,0.0481,20,26,-33,7,89.8,255,-223,32,1.5,0.006507,999999.99,99999.99,99999.99,0.18,0.09,0.07,-1,2006-08-21 12:00:00
2006,233,13,2362,51,52,61,36,6.1,5.9,32.2,97.5,-0.7,5.0,3.1,5.9,0.3,0.2,1.2,0.5,0.6,0.9,23716.0,2.1,413.0,-2.1,-3.1,0.024,3405.0,0.2,5.0,0.6,1.0,0.002,0.66,-0.12,0.36,4.9,4.3,0.0494,20,26,-32,7,89.8,98,-70,28,1.0,0.006507,999999.99,99999.99,99999.99,0.17,0.09,0.07,-1,2006-08-21 13:00:00
2006,233,14,2362,51,52,63,38,6.5,6.3,9.7,104.8,-1.6,6.0,1.1,5.9,-1.7,0.1,1.6,0.9,0.5,1.2,24064.0,2.4,414.0,-3.0,-0.3,0.023,9182.0,0.3,10.0,0.5,1.7,0.005,0.75,0.7,0.36,4.9,4.3,0.0489,20,26,-32,7,89.8,60,-35,25,1.0,0.006507,999999.99,99999.99,99999.99,0.17,0.1,0.07,-1,2006-08-21 14:00:00
2006,233,15,2362,51,52,58,32,6.6,6.3,-6.1,100.9,-1.2,6.2,-0.7,5.4,-3.2,0.1,1.6,0.9,0.4,1.2,22847.0,2.8,414.0,-1.8,-0.4,0.019,7048.0,0.4,8.0,0.7,1.7,0.003,0.86,1.32,0.4,5.2,4.5,0.0432,27,26,-33,12,89.8,238,-167,71,1.8,0.006507,999999.99,99999.99,99999.99,0.16,0.08,0.06,-1,2006-08-21 15:00:00
2006,233,16,2362,51,52,62,37,8.1,7.4,0.7,90.8,-0.1,7.4,0.1,6.9,-2.6,1.3,3.5,1.2,1.5,2.9,47317.0,4.1,435.0,-1.0,0.5,0.023,21605.0,0.8,15.0,0.6,2.3,0.004,1.41,1.13,0.46,5.4,4.6,0.0402,27,26,-28,12,89.8,383,-284,99,2.9,0.006507,999999.99,99999.99,99999.99,0.15,0.07,0.06,-1,2006-08-21 16:00:00
2006,233,17,2362,51,52,62,33,8.9,7.9,-22.7,101.9,-1.5,7.2,-3.1,5.9,-5.2,0.3,3.8,1.7,1.6,3.1,67067.0,3.7,441.0,-0.6,2.6,0.024,22026.0,0.4,17.0,2.1,4.5,0.003,1.32,2.29,0.38,4.8,4.1,0.0524,27,26,-30,12,89.8,624,-436,188,3.5,0.006507,999999.99,99999.99,99999.99,0.15,0.08,0.05,-1,2006-08-21 17:00:00
2006,233,18,2362,51,52,58,33,8.1,7.5,-16.7,89.8,0.0,7.2,-2.2,6.3,-4.1,0.2,2.8,1.2,0.7,2.4,122235.0,3.9,454.0,-0.5,0.1,0.022,26814.0,0.4,12.0,0.9,2.6,0.004,1.46,1.86,0.62,5.5,4.5,0.0388,30,26,-34,15,89.8,615,-371,244,3.6,0.006507,999999.99,99999.99,99999.99,0.17,0.07,0.05,-1,2006-08-21 18:00:00
2006,233,19,2362,51,52,62,37,7.9,6.7,-13.9,95.4,-0.6,6.5,-1.6,6.0,-3.1,0.2,4.0,1.3,1.3,3.6,136499.0,3.9,449.0,0.2,-0.9,0.017,39065.0,0.5,13.0,1.6,4.0,0.006,1.4,1.39,0.69,5.6,4.4,0.0378,30,26,-34,15,89.8,567,-343,224,3.1,0.006507,999999.99,99999.99,99999.99,0.15,0.07,0.05,-1,2006-08-21 19:00:00
2006,233,20,2362,51,52,56,34,8.7,8.4,8.3,97.0,-1.0,8.3,1.2,8.4,-0.5,0.1,2.1,1.0,0.5,1.8,50870.0,3.2,445.0,-2.3,-3.3,0.011,10389.0,0.4,11.0,0.9,1.7,0.001,1.1,0.22,0.32,4.6,4.1,0.0568,30,26,-32,15,89.8,312,-191,121,2.1,0.006507,999999.99,99999.99,99999.99,0.15,0.08,0.06,-1,2006-08-21 20:00:00
2006,233,21,2362,51,52,63,38,8.8,8.6,-27.7,111.4,-2.8,7.0,-4.0,6.2,-5.2,0.3,2.0,0.3,1.4,1.5,51333.0,3.6,432.0,-3.2,0.4,0.01,10920.0,1.7,7.0,0.7,1.4,0.003,1.17,2.25,0.35,4.7,4.1,0.0548,43,26,-34,32,89.8,234,-132,102,2.1,0.006507,999999.99,99999.99,99999.99,0.16,0.09,0.07,-1,2006-08-21 21:00:00
2006,233,22,2362,51,52,62,35,8.4,5.4,13.9,74.1,1.4,5.0,1.3,5.1,0.4,0.3,6.3,2.6,2.2,5.3,51712.0,4.8,459.0,-0.1,-3.7,0.028,17737.0,2.0,16.0,1.8,3.0,0.012,1.88,-0.18,0.51,6.0,5.0,0.0332,43,26,-33,32,89.8,874,-595,278,5.0,0.006507,999999.99,99999.99,99999.99,0.18,0.08,0.06,-1,2006-08-21 22:00:00
2006,233,23,2362,51,52,57,29,8.2,7.2,6.7,80.9,1.1,7.1,0.8,7.1,-0.5,0.5,3.8,1.2,1.1,3.4,52354.0,3.8,452.0,-1.3,-1.0,0.027,17018.0,0.4,11.0,1.0,2.8,0.004,1.44,0.23,0.42,5.4,4.6,0.0412,43,26,-29,32,89.8,257,-148,108,2.0,0.006507,999999.99,99999.99,99999.99,0.15,0.08,0.06,-1,2006-08-21 23:00:00
2006,234,0,2362,51,52,61,36,7.2,6.4,-18.0,93.0,-0.3,6.1,-2.0,5.6,-3.1,0.6,3.1,1.2,1.6,2.4,90710.0,4.9,440.0,-0.4,1.6,0.017,24695.0,0.7,11.0,1.8,2.8,0.005,1.69,1.36,0.86,6.8,5.1,0.026,33,15,-26,18,82.7,311,-204,107,1.7,0.006513,999999.99,99999.99,99999.99,0.15,0.09,0.07,-1,2006-08-22 00:00:00
2006,234,1,2362,51,52,59,37,6.9,6.5,18.4,82.7,0.8,6.1,2.0,6.4,0.6,0.1,2.3,0.9,0.8,2.0,105461.0,5.3,450.0,0.1,-2.3,0.009,15308.0,0.8,8.0,1.4,2.4,0.001,1.86,-0.27,1.08,7.5,5.4,0.0211,33,15,-26,18,82.7,451,-329,122,2.4,0.006513,999999.99,99999.99,99999.99,0.18,0.09,0.06,-1,2006-08-22 01:00:00
2006,234,2,2362,51,52,59,34,7.3,6.2,21.5,80.3,1.0,5.7,2.3,6.1,0.8,0.4,3.9,1.0,1.2,3.6,107501.0,5.8,450.0,0.9,-2.1,0.009,16031.0,0.7,9.0,1.5,3.6,0.001,2.03,-0.36,1.07,7.4,5.4,0.0216,33,15,-25,18,82.7,298,-184,114,2.1,0.006513,999999.99,99999.99,99999.99,0.17,0.08,0.07,-1,2006-08-22 02:00:00
2006,234,3,2362,51,52,63,37,7.3,5.9,73.4,33.0,1.4,0.9,5.7,2.5,5.2,0.5,4.1,1.9,3.1,1.8,121165.0,6.2,457.0,4.7,-4.0,9.999,23917.0,0.8,16.0,3.2,2.2,9.999,2.59,-2.38,1.21,7.8,5.5,0.0196,23,15,-25,9,82.7,167,-112,54,0.2,0.006513,999999.99,99999.99,99999.99,0.16,0.09,0.07,-1,2006-08-22 03:00:00
2006,234,4,2362,51,52,61,38,7.6,7.1,67.9,63.4,1.2,2.4,6.6,4.5,5.4,0.6,2.6,1.3,1.9,1.3,130087.0,6.9,459.0,3.1,-5.2,0.004,29671.0,1.1,6.0,1.2,1.4,0.001,2.47,-2.48,1.28,7.9,5.5,0.0189,23,15,-23,9,82.7,65,-40,25,0.1,0.006513,999999.99,99999.99,99999.99,0.17,0.08,0.06,-1,2006-08-22 04:00:00
2006,234,5,2362,51,52,56,32,6.9,1.1,4.5,76.5,0.3,1.0,0.1,1.0,-0.3,0.4,6.7,3.4,4.6,3.4,162196.0,8.8,457.0,4.7,1.4,0.012,20401.0,1.1,16.0,3.5,2.5,0.004,3.22,0.14,2.23,9.8,5.7,0.0123,23,15,-19,9,82.7,88,-25,63,0.7,0.006513,999999.99,99999.99,99999.99,0.18,0.11,0.07,-1,2006-08-22 05:00:00
2006,234,6,2362,51,52,61,37,7.2,3.7,12.5,146.9,-3.0,2.0,0.8,2.2,-0.1,0.7,6.1,3.4,4.6,2.1,133727.0,7.0,428.0,4.6,0.6,0.012,40377.0,2.0,27.0,4.2,2.0,0.004,2.24,0.04,1.47,7.9,5.2,0.0192,50,15,-21,48,82.7,222,-138,84,0.7,0.006513,999999.99,99999.99,99999.99,0.2,0.11,0.07,-1,2006-08-22 06:00:00
2006,234,7,2362,51,52,62,36,8.6,8.3,-9.6,90.8,-0.1,8.1,-1.4,6.6,-4.9,0.4,1.9,1.0,0.9,1.3,120666.0,7.3,451.0,-1.3,1.3,0.01,14758.0,0.5,8.0,0.5,1.3,0.005,2.58,2.21,1.02,7.1,5.2,0.0237,50,15,-26,48,82.7,312,-156,155,2.2,0.006513,999999.99,99999.99,99999.99,0.18,0.09,0.07,-1,2006-08-22 07:00:00
2006,234,8,2362,51,52,60,37,8.7,8.6,-41.3,90.4,0.0,6.4,-5.7,2.9,-8.1,0.3,1.6,0.8,0.9,1.0,226128.0,3.9,453.0,1.3,2.5,0.031,55052.0,1.1,6.0,1.3,1.8,0.0,1.5,3.67,0.76,5.1,4.0,0.045,50,15,-38,48,82.7,693,-438,255,3.4,0.006513,999999.99,99999.99,99999.99,0.16,0.09,0.07,-1,2006-08-22 08:00:00
2006,234,9,2362,51,52,61,36,8.7,8.1,-21.0,76.6,1.8,7.4,-2.9,5.0,-6.2,0.9,3.0,1.2,0.8,2.7,367212.0,4.2,466.0,0.7,0.2,0.029,136987.0,1.4,5.0,1.0,1.1,0.005,1.7,2.89,1.14,5.5,3.9,0.0395,43,15,-41,32,82.7,1156,-808,347,6.3,0.006513,999999.99,99999.99,99999.99,0.18,0.09,0.07,-1,2006-08-22 09:00:00
2006,234,10,2362,51,52,60,38,6.9,6.1,-9.3,83.4,0.7,5.9,-1.0,4.6,-3.9,0.9,3.4,1.9,1.5,2.3,286915.0,6.1,475.0,1.2,2.4,0.053,21898.0,0.7,5.0,1.3,0.8,0.016,2.79,1.85,2.21,8.5,5.0,0.0165,43,15,-41,32,82.7,781,-462,319,4.5,0.006513,999999.99,99999.99,99999.99,0.16,0.1,0.07,-1,2006-08-22 10:00:00
2006,234,11,2362,51,52,61,37,6.4,4.6,38.4,126.2,-2.1,2.9,2.9,4.0,1.0,1.2,4.5,2.8,3.4,1.0,285808.0,6.5,472.0,0.8,-0.5,0.044,38568.0,0.7,5.0,1.2,0.7,0.007,2.84,-0.47,2.73,9.4,5.1,0.0135,43,15,-38,32,82.7,520,-320,200,3.5,0.006513,999999.99,99999.99,99999.99,0.18,0.1,0.07,-1,2006-08-22 11:00:00
2006,234,12,2362,51,52,60,36,5.8,3.1,23.4,65.8,1.2,2.6,1.2,2.9,-0.3,1.1,5.0,1.5,1.6,4.4,201465.0,8.3,479.0,1.5,-0.1,0.039,26484.0,1.1,4.0,1.0,0.6,0.005,3.68,0.14,3.39,11.9,6.0,0.0084,37,15,-27,22,82.7,148,-88,60,1.4,0.006513,999999.99,99999.99,99999.99,0.16,0.09,0.06,-1,2006-08-22 12:00:00
2006,234,13,2362,51,52,59,37,6.4,3.5,-25.1,83.5,0.4,3.1,-1.5,2.0,-2.8,0.7,5.2,1.1,1.8,4.8,147505.0,9.1,479.0,1.7,-0.8,0.035,26059.0,0.7,4.0,1.1,1.3,0.004,3.97,1.34,2.55,11.3,6.3,0.0093,37,15,-23,22,82.7,261,-168,93,2.6,0.006513,999999.99,99999.99,99999.99,0.16,0.09,0.07,-1,2006-08-22 13:00:00
2006,234,14,2362,51,52,61,36,6.3,4.0,25.7,67.0,1.4,3.3,1.7,3.7,0.0,0.8,4.9,0.7,1.9,4.4,109361.0,8.4,479.0,0.4,-1.9,0.029,24805.0,1.1,5.0,0.6,2.2,0.003,3.59,-0.0,2.09,11.0,6.6,0.0098,37,15,-22,22,82.7,444,-354,89,1.6,0.006513,999999.99,99999.99,99999.99,0.18,0.1,0.07,-1,2006-08-22 14:00:00
2006,234,15,2362,51,52,26,15,6.3,6.1,68.1,209.9,-2.0,-1.1,5.6,1.3,5.6,0.2,1.7,1.1,1.3,0.2,92268.0,8.6,469.0,0.9,-1.8,0.023,9064.0,0.3,3.0,0.4,0.6,0.003,3.45,-2.63,1.99,10.9,6.6,0.01,43,15,-25,32,82.7,317,-248,69,1.7,0.006513,999999.99,99999.99,99999.99,0.17,0.09,0.06,-1,2006-08-22 15:00:00
2006,234,16,2362,71,71,16,16,5.5,3.8,-45.1,205.9,-2.4,-1.2,-2.7,-2.1,-2.1,0.5,3.5,0.6,2.3,2.6,84392.0,8.5,464.0,-0.5,-1.6,9.999,12332.0,1.1,4.0,0.6,1.8,9.999,3.66,0.97,2.49,12.3,6.9,0.0079,43,15,-28,32,82.7,357,-214,143,2.2,0.006513,999999.99,99999.99,99999.99,0.19,0.12,0.08,-1,2006-08-22 16:00:00
2006,234,17,2362,51,52,53,31,4.5,4.2,-40.8,39.2,2.5,2.0,-2.8,1.0,-3.3,0.7,1.7,0.8,0.5,1.4,57647.0,3.9,482.0,0.3,0.7,0.024,7402.0,1.1,15.0,0.6,0.5,0.002,1.66,1.59,1.49,10.6,7.0,0.0106,43,15,-31,32,82.7,686,-422,264,4.1,0.006513,999999.99,99999.99,99999.99,0.17,0.09,0.07,-1,2006-08-22 17:00:00
2006,234,18,2362,51,52,60,38,4.1,3.9,10.5,11.2,3.7,0.7,0.7,0.9,0.5,0.1,1.1,0.3,0.5,1.0,59368.0,2.6,505.0,0.2,-1.3,0.026,9919.0,0.3,4.0,0.3,1.0,0.004,1.22,-0.25,1.21,9.9,6.9,0.0121,33,15,-32,18,82.7,502,-328,175,3.2,0.006513,999999.99,99999.99,99999.99,0.26,0.11,0.06,-1,2006-08-22 18:00:00
2006,234,19,2362,51,52,60,36,4.4,4.3,29.4,15.1,3.7,1.0,2.1,1.5,1.8,0.1,0.7,0.2,0.5,0.4,74326.0,2.3,505.0,-0.1,-2.0,0.031,4639.0,0.3,3.0,0.4,0.3,0.003,1.1,-0.91,1.0,8.7,6.4,0.0157,33,15,-32,18,82.7,187,-121,66,1.0,0.006513,999999.99,99999.99,99999.99,0.19,0.12,0.08,-1,2006-08-22 19:00:00
2006,234,20,2362,51,52,59,37,4.6,4.4,26.0,14.6,3.9,1.0,2.0,1.4,1.8,0.2,1.2,0.5,0.7,0.9,82531.0,2.6,495.0,-0.0,-2.4,0.031,9947.0,0.3,5.0,0.3,0.4,0.003,1.2,-0.89,1.08,8.7,6.2,0.0158,33,15,-27,18,82.7,79,-24,55,0.2,0.006513,999999.99,99999.99,99999.99,0.21,0.13,0.08,-1,2006-08-22 20:00:00
2006,234,21,2362,51,52,59,35,3.6,3.3,-9.8,25.0,2.9,1.4,-0.6,1.3,-0.8,0.4,1.4,0.5,0.5,1.2,115775.0,3.1,486.0,-0.9,-0.2,0.041,14023.0,0.2,4.0,0.6,1.1,0.007,1.42,0.39,2.43,11.9,6.8,0.0084,20,15,-25,7,82.7,50,-16,34,0.3,0.006513,999999.99,99999.99,99999.99,0.19,0.08,0.07,-1,2006-08-22 21:00:00
2006,234,22,2362,51,52,60,37,3.2,2.4,-29.4,30.1,1.8,1.0,-1.2,0.8,-1.4,0.2,2.2,1.5,0.7,1.4,125481.0,3.7,472.0,-0.5,0.2,0.043,17618.0,0.5,6.0,0.5,1.0,0.009,1.61,0.66,3.82,14.2,6.8,0.0059,20,15,-23,7,82.7,125,-69,55,1.0,0.006513,999999.99,99999.99,99999.99,0.2,0.09,0.07,-1,2006-08-22 22:00:00
2006,234,23,2362,51,52,61,37,3.3,3.0,2.8,41.0,2.3,2.0,0.1,2.0,-0.3,0.4,1.3,0.6,0.5,1.1,100583.0,4.5,485.0,-0.5,-1.8,0.033,10253.0,0.2,3.0,0.2,0.4,0.003,2.0,0.15,3.94,15.6,7.4,0.0049,20,15,-23,7,82.7,198,-137,61,1.1,0.006513,999999.99,99999.99,99999.99,0.15,0.08,0.06,-1,2006-08-22 23:00:00
2006,235,0,2362,51,52,60,36,3.4,2.9,11.1,44.3,2.1,2.0,0.6,2.1,0.2,0.4,1.8,0.5,0.6,1.6,85230.0,5.3,486.0,-0.4,-1.1,0.023,12734.0,0.4,3.0,0.3,0.6,0.005,2.28,-0.1,4.07,16.5,7.7,0.0044,17,19,-20,6,80.1,206,-155,51,1.2,0.006529,999999.99,99999.99,99999.99,0.19,0.11,0.09,-1,2006-08-23 00:00:00
2006,235,1,2362,51,52,59,36,4.1,3.7,36.3,31.8,2.6,1.6,2.2,2.0,1.8,0.2,1.6,0.4,1.1,1.1,77161.0,5.3,487.0,-0.1,-1.4,0.016,8325.0,0.3,2.0,0.5,0.5,0.001,2.23,-0.88,2.7,13.7,7.5,0.0064,17,19,-20,6,80.1,148,-92,56,1.0,0.006529,999999.99,99999.99,99999.99,0.19,0.09,0.07,-1,2006-08-23 01:00:00
2006,235,2,2362,51,52,61,37,4.6,4.3,-2.5,22.8,4.0,1.7,-0.2,1.6,-0.6,0.5,1.8,0.6,1.2,1.1,70850.0,4.7,487.0,-0.3,-0.3,0.015,15773.0,0.9,5.0,0.7,0.4,0.002,1.97,0.29,1.84,11.5,7.1,0.009,17,19,-18,6,80.1,90,-37,53,0.3,0.006529,999999.99,99999.99,99999.99,0.16,0.09,0.07,-1,2006-08-23 02:00:00
2006,235,3,2362,51,52,62,37,3.8,2.9,-10.4,50.4,1.8,2.2,-0.5,2.0,-1.1,0.5,2.4,1.1,1.0,1.8,90651.0,3.9,500.0,-2.3,1.1,0.022,20751.0,0.6,7.0,0.7,0.6,0.006,1.77,0.55,2.46,13.0,7.3,0.007,23,19,-22,9,80.1,213,-119,95,1.1,0.006529,999999.99,99999.99,99999.99,0.19,0.12,0.08,-1,2006-08-23 03:00:00
2006,235,4,2362,51,52,59,36,3.8,2.6,71.3,354.8,0.8,-0.1,2.5,0.7,2.4,0.3,2.7,1.4,1.9,1.3,126170.0,3.0,500.0,-2.6,0.1,0.035,10685.0,0.4,8.0,0.8,0.8,0.004,1.43,-1.2,2.2,11.4,6.7,0.0092,23,19,-23,9,80.1,359,-268,91,1.5,0.006529,999999.99,99999.99,99999.99,0.19,0.11,0.07,-1,2006-08-23 04:00:00
2006,235,5,2362,51,52,60,35,4.5,4.1,-20.5,73.4,1.1,3.6,-1.4,2.8,-2.7,0.5,1.9,1.0,0.8,1.4,101888.0,2.6,495.0,-2.6,0.8,0.034,19509.0,0.4,4.0,0.5,0.7,0.006,1.21,1.34,1.23,8.9,6.2,0.0151,23,19,-22,9,80.1,106,-52,54,0.6,0.006529,999999.99,99999.99,99999.99,0.18,0.11,0.08,-1,2006-08-23 05:00:00
2006,235,6,2362,51,52,61,38,3.7,2.6,31.6,126.1,-1.3,1.8,1.3,2.2,0.4,0.5,2.7,1.7,1.6,1.2,121895.0,2.5,495.0,-3.0,1.3,0.042,30995.0,0.3,7.0,0.6,1.1,0.011,1.19,-0.2,1.9,10.6,6.5,0.0106,27,19,-26,12,80.1,455,-365,91,2.1,0.006529,999999.99,99999.99,99999.99,0.17,0.09,0.06,-1,2006-08-23 06:00:00
2006,235,7,2362,51,52,59,36,3.6,3.4,59.4,265.9,-0.1,-1.7,3.0,-0.1,3.4,0.4,1.2,0.5,1.0,0.4,146100.0,2.1,501.0,-3.4,2.1,0.061,27950.0,0.4,5.0,0.9,0.4,0.006,1.1,-1.7,1.85,10.1,6.3,0.0117,27,19,-24,12,80.1,200,-154,46,1.0,0.006529,999999.99,99999.99,99999.99,0.18,0.11,0.07,-1,2006-08-23 07:00:00
2006,235,8,2362,51,52,59,37,3.7,3.5,38.5,241.9,-1.3,-2.4,2.2,-1.0,3.1,0.2,1.1,0.7,0.2,0.9,113159.0,1.4,496.0,-2.6,1.8,0.062,13637.0,0.1,4.0,0.8,0.7,0.01,0.72,-1.54,1.03,7.9,5.8,0.0189,27,19,-25,12,80.1,52,-12,40,-0.6,0.006529,999999.99,99999.99,99999.99,0.15,0.08,0.07,-1,2006-08-23 08:00:00
2006,235,9,2362,51,52,61,35,3.2,3.1,11.0,222.3,-2.3,-2.1,0.6,-1.5,1.6,0.1,0.8,0.4,0.5,0.5,86333.0,1.2,497.0,-1.8,1.5,0.05,17385.0,0.1,5.0,1.0,0.6,0.009,0.59,-0.8,1.05,8.5,6.2,0.0164,3,19,-24,2,80.1,37,-23,15,-0.5,0.006529,999999.99,99999.99,99999.99,0.17,0.1,0.08,-1,2006-08-23 09:00:00
2006,235,10,2362,51,52,58,36,3.4,3.4,9.1,198.7,-3.1,-1.1,0.5,-0.7,1.0,0.0,0.4,0.1,0.3,0.3,55090.0,1.0,497.0,0.5,0.8,0.036,5025.0,0.1,5.0,0.3,0.4,0.006,0.47,-0.5,0.66,7.3,5.8,0.0223,3,19,-25,2,80.1,33,-27,5,-0.3,0.006529,999999.99,99999.99,99999.99,0.17,0.09,0.07,-1,2006-08-23 10:00:00
2006,235,11,2362,51,52,58,36,3.2,3.1,2.5,206.5,-2.8,-1.4,0.1,-1.2,0.8,0.3,0.8,0.4,0.5,0.4,58375.0,1.3,476.0,1.7,0.5,0.043,13550.0,0.5,10.0,1.0,0.6,0.009,0.58,-0.38,0.99,8.5,6.2,0.0165,3,19,-26,2,80.1,25,-20,5,0.0,0.006529,999999.99,99999.99,99999.99,0.2,0.1,0.07,-1,2006-08-23 11:00:00
2006,235,12,2362,51,52,59,36,3.6,3.6,11.9,192.4,-3.4,-0.7,0.7,-0.3,1.0,0.2,0.6,0.2,0.4,0.5,63578.0,1.6,459.0,1.6,-1.3,0.042,8716.0,0.3,7.0,0.5,0.7,0.008,0.66,-0.46,0.99,8.1,5.9,0.0183,3,19,-26,2,80.1,36,-22,14,0.2,0.006529,999999.99,99999.99,99999.99,0.16,0.08,0.07,-1,2006-08-23 12:00:00
2006,235,13,2362,51,52,60,37,3.8,3.8,23.7,171.3,-3.4,0.5,1.5,1.2,1.1,0.1,0.6,0.1,0.5,0.2,59963.0,2.0,454.0,0.4,-2.3,0.046,6180.0,0.3,4.0,0.6,0.4,0.007,0.82,-0.5,1.09,8.4,6.1,0.0167,3,19,-26,2,80.1,35,-20,15,0.2,0.006529,999999.99,99999.99,99999.99,0.14,0.08,0.06,-1,2006-08-23 13:00:00
2006,235,14,2362,51,52,59,36,4.1,4.0,15.8,157.6,-3.6,1.5,1.1,1.8,0.3,0.1,0.7,0.2,0.5,0.4,60061.0,2.2,451.0,-0.5,-1.4,0.044,4828.0,0.3,6.0,0.5,0.5,0.004,0.88,-0.14,1.03,8.2,5.9,0.0179,3,19,-24,2,80.1,51,-45,6,0.5,0.006529,999999.99,99999.99,99999.99,0.16,0.1,0.08,-1,2006-08-23 14:00:00
2006,235,15,2362,51,52,58,36,4.0,3.9,3.8,163.5,-3.7,1.1,0.3,1.1,-0.2,0.2,1.0,0.4,0.8,0.3,66469.0,2.8,440.0,-0.0,-0.8,0.044,10979.0,0.6,9.0,1.2,0.5,0.006,1.06,0.09,1.42,9.2,6.2,0.014,3,19,-21,2,80.1,36,-35,1,0.1,0.006529,999999.99,99999.99,99999.99,0.17,0.1,0.08,-1,2006-08-23 15:00:00
2006,235,16,2362,51,52,60,37,4.2,4.2,1.1,174.9,-4.2,0.4,0.1,0.4,-0.1,0.2,0.6,0.2,0.4,0.4,66454.0,3.6,428.0,1.3,-0.8,0.039,9515.0,0.2,1.0,0.5,0.6,0.003,1.27,0.04,1.65,9.7,6.2,0.0127,3,19,-18,2,80.1,60,-50,10,0.4,0.006529,999999.99,99999.99,99999.99,0.16,0.09,0.07,-1,2006-08-23 16:00:00
2006,235,17,2362,51,52,60,37,4.6,4.6,-7.9,165.6,-4.4,1.1,-0.6,0.8,-0.9,0.1,0.4,0.1,0.3,0.3,52322.0,3.1,430.0,0.9,-0.6,0.038,4812.0,0.6,5.0,0.3,0.5,0.006,1.1,0.39,1.1,8.2,5.9,0.0176,3,19,-15,2,80.1,75,-43,32,0.5,0.006529,999999.99,99999.99,99999.99,0.18,0.11,0.09,-1,2006-08-23 17:00:00
2006,235,18,2362,51,52,60,37,4.9,4.8,-11.0,156.0,-4.3,1.9,-0.9,1.6,-1.4,0.1,0.7,0.3,0.6,0.3,57291.0,2.4,435.0,1.0,-0.8,0.043,5989.0,0.5,5.0,0.6,0.3,0.005,0.89,0.61,0.77,6.9,5.3,0.0252,3,19,-13,2,80.1,83,-47,35,0.6,0.006529,999999.99,99999.99,99999.99,0.2,0.11,0.07,-1,2006-08-23 18:00:00
2006,235,19,2362,51,52,61,36,4.9,4.9,-9.4,160.3,-4.6,1.6,-0.8,1.4,-1.2,0.1,0.4,0.2,0.3,0.2,54845.0,1.8,431.0,1.6,-0.6,0.048,5921.0,0.3,4.0,1.3,0.3,0.006,0.67,0.52,0.57,5.9,4.8,0.0342,3,19,-13,2,80.1,55,-31,24,0.5,0.006529,999999.99,99999.99,99999.99,0.16,0.1,0.09,-1,2006-08-23 19:00:00
2006,235,20,2362,51,52,60,36,4.9,4.7,-5.5,147.9,-4.0,2.5,-0.5,2.3,-1.0,0.2,1.1,0.5,0.8,0.6,46927.0,2.0,428.0,-0.5,-1.1,0.04,8600.0,0.4,11.0,1.2,0.7,0.007,0.71,0.43,0.61,6.2,5.0,0.0312,3,19,-17,2,80.1,51,-29,22,0.5,0.006529,999999.99,99999.99,99999.99,0.15,0.09,0.07,-1,2006-08-23 20:00:00
2006,235,21,2362,51,52,60,36,4.8,4.8,-4.7,142.2,-3.8,3.0,-0.4,2.9,-1.0,0.1,0.3,0.1,0.2,0.2,41358.0,1.6,428.0,-0.6,-1.1,0.039,10095.0,0.2,5.0,0.9,0.5,0.004,0.57,0.43,0.49,5.6,4.7,0.0374,10,19,-20,4,80.1,89,-73,16,0.8,0.006529,999999.99,99999.99,99999.99,0.16,0.08,0.06,-1,2006-08-23 21:00:00
2006,235,22,2362,51,52,62,38,4.1,3.9,-1.9,132.4,-2.7,2.9,-0.1,2.8,-0.6,0.6,1.2,1.1,0.3,0.4,66371.0,2.1,436.0,0.6,-1.7,0.042,26102.0,0.6,12.0,1.0,0.6,0.007,0.78,0.26,1.01,7.7,5.6,0.02,10,19,-17,4,80.1,90,-67,23,0.8,0.006529,999999.99,99999.99,99999.99,0.16,0.11,0.09,-1,2006-08-23 22:00:00
2006,235,23,2362,51,52,59,35,3.9,3.9,0.7,125.0,-2.2,3.2,0.0,3.1,-0.6,0.3,0.6,0.3,0.4,0.3,76709.0,2.8,445.0,1.2,-2.5,0.039,6349.0,0.2,3.0,0.3,0.2,0.008,1.07,0.27,1.57,9.5,6.2,0.0131,10,19,-17,4,80.1,87,-64,24,0.8,0.006529,999999.99,99999.99,99999.99,0.2,0.1,0.08,-1,2006-08-23 23:00:00
2006,236,0,2362,51,52,58,35,4.6,4.6,-11.2,137.2,-3.3,3.1,-0.9,2.9,-1.5,0.1,0.5,0.4,0.3,0.2,56830.0,2.6,430.0,0.3,-2.3,0.026,8548.0,0.2,7.0,0.6,0.2,0.004,0.89,0.65,0.95,7.5,5.6,0.0209,20,19,-19,7,79.9,116,-82,34,0.7,0.006567,999999.99,99999.99,99999.99,0.2,0.1,0.08,-1,2006-08-24 00:00:00
2006,236,1,2362,51,52,60,36,4.7,4.6,0.0,120.4,-2.3,4.0,0.0,3.9,-0.9,0.1,0.6,0.5,0.2,0.3,53907.0,2.8,425.0,0.2,-2.7,0.028,4462.0,0.3,2.0,0.8,0.4,0.003,0.94,0.38,0.96,7.6,5.6,0.0208,20,19,-20,7,79.9,223,-174,50,1.2,0.006567,999999.99,99999.99,99999.99,0.18,0.1,0.08,-1,2006-08-24 01:00:00
2006,236,2,2362,51,52,59,37,4.4,4.2,7.7,101.6,-0.8,4.1,0.6,4.1,-0.5,0.1,1.2,0.8,0.3,0.8,54657.0,3.4,422.0,0.0,-2.9,0.03,7927.0,0.2,6.0,0.5,1.0,0.003,1.13,0.21,1.34,8.8,6.0,0.0152,20,19,-17,7,79.9,134,-78,55,1.9,0.006567,999999.99,99999.99,99999.99,0.17,0.1,0.07,-1,2006-08-24 02:00:00
2006,236,3,2362,51,52,60,36,4.1,3.8,-3.3,114.1,-1.5,3.5,-0.2,3.3,-1.2,0.6,1.7,0.5,1.2,1.0,57834.0,4.2,418.0,1.2,-3.0,0.028,7424.0,0.8,2.0,1.3,0.7,0.004,1.36,0.5,1.94,10.4,6.4,0.0109,10,19,-16,4,79.9,73,-17,57,1.4,0.006567,999999.99,99999.99,99999.99,0.19,0.13,0.08,-1,2006-08-24 03:00:00
2006,236,4,2362,51,52,60,37,3.9,3.3,-31.6,161.1,-2.7,0.9,-1.8,0.2,-2.0,0.3,2.0,0.5,1.7,0.9,62372.0,5.4,416.0,3.0,-2.3,0.022,3953.0,0.3,4.0,0.8,0.4,0.001,1.7,0.83,2.82,12.4,6.7,0.0077,10,19,-15,4,79.9,104,-21,83,1.2,0.006567,999999.99,99999.99,99999.99,0.2,0.1,0.08,-1,2006-08-24 04:00:00
2006,236,5,2362,51,52,60,36,4.0,3.8,20.7,72.9,1.0,3.4,1.3,3.6,-0.1,0.2,1.2,1.0,0.3,0.6,56683.0,5.6,414.0,1.6,-2.8,0.02,5333.0,0.3,1.0,0.5,0.2,0.002,1.73,0.04,2.69,12.2,6.7,0.0079,10,19,-16,4,79.9,106,-42,64,1.1,0.006567,999999.99,99999.99,99999.99,0.18,0.11,0.08,-1,2006-08-24 05:00:00
2006,236,6,2362,51,52,59,37,3.9,3.7,24.0,64.2,1.5,3.0,1.5,3.4,0.1,0.2,1.1,0.7,0.6,0.5,57285.0,5.4,413.0,1.3,-3.2,0.021,5896.0,0.3,2.0,0.5,0.5,0.002,1.67,-0.04,2.74,12.3,6.7,0.0079,7,19,-14,3,79.9,67,-28,39,1.3,0.006567,999999.99,99999.99,99999.99,0.18,0.1,0.07,-1,2006-08-24 06:00:00
2006,236,7,2362,51,52,61,33,3.6,3.1,19.8,57.5,1.6,2.5,1.1,2.7,-0.2,0.3,1.8,0.5,0.7,1.6,58946.0,5.6,416.0,1.8,-3.0,0.023,4243.0,0.3,3.0,0.5,0.7,0.001,1.77,0.08,3.37,13.7,6.9,0.0064,7,19,-12,3,79.9,73,-25,47,1.1,0.006567,999999.99,99999.99,99999.99,0.16,0.1,0.08,-1,2006-08-24 07:00:00
2006,236,8,2362,51,52,60,37,3.1,2.0,70.1,308.2,0.4,-0.5,1.8,0.4,1.8,0.4,2.4,1.0,2.0,0.9,62597.0,5.7,414.0,1.8,-3.6,0.024,5984.0,0.4,3.0,0.9,0.4,0.002,1.79,-0.75,4.71,15.9,7.1,0.0047,7,19,-15,3,79.9,70,-55,15,0.7,0.006567,999999.99,99999.99,99999.99,0.22,0.11,0.08,-1,2006-08-24 08:00:00
2006,236,9,2362,51,52,59,37,3.2,2.6,50.6,232.1,-1.0,-1.3,2.0,-0.1,2.4,0.3,1.8,0.7,1.3,1.0,59861.0,5.8,410.0,2.2,-3.1,0.023,4512.0,0.3,1.0,0.3,0.5,0.002,1.78,-0.98,4.44,15.4,7.0,0.005,3,19,-14,2,79.9,59,-34,25,0.3,0.006567,999999.99,99999.99,99999.99,0.19,0.1,0.08,-1,2006-08-24 09:00:00
2006,236,10,2362,51,52,60,37,2.8,2.6,21.7,155.8,-2.2,1.0,1.0,1.4,0.3,0.6,1.2,0.4,0.9,0.6,65108.0,5.7,411.0,3.4,-2.9,0.027,4356.0,0.2,2.0,0.3,0.3,0.002,1.78,-0.12,5.85,17.5,7.1,0.0039,3,19,-13,2,79.9,62,-29,33,0.5,0.006567,999999.99,99999.99,99999.99,0.15,0.1,0.07,-1,2006-08-24 10:00:00
2006,236,11,2362,51,52,60,37,3.1,3.1,-3.0,178.2,-3.1,0.1,-0.2,0.0,-0.2,0.4,0.7,0.4,0.2,0.5,71106.0,6.8,413.0,3.0,-2.3,0.027,4910.0,0.6,2.0,0.3,0.7,0.002,2.15,0.08,5.87,17.4,7.0,0.0039,3,19,-10,2,79.9,58,-30,28,0.2,0.006567,999999.99,99999.99,99999.99,0.17,0.1,0.08,-1,2006-08-24 11:00:00
2006,236,12,2362,51,52,62,36,4.0,3.5,-28.8,186.4,-3.0,-0.3,-1.7,-1.1,-1.3,0.2,2.0,0.9,1.6,0.6,60496.0,6.5,412.0,2.0,-1.2,0.021,3556.0,0.3,5.0,0.8,0.6,0.002,2.0,0.54,3.19,13.1,6.8,0.0069,10,19,-11,4,79.9,57,-31,27,0.5,0.006567,999999.99,99999.99,99999.99,0.18,0.09,0.07,-1,2006-08-24 12:00:00
2006,236,13,2362,51,52,59,37,4.6,4.4,-31.7,181.4,-3.8,-0.1,-2.3,-1.2,-2.0,0.2,1.2,0.4,1.1,0.2,45328.0,5.2,417.0,1.1,-0.9,0.015,5158.0,0.1,2.0,0.7,0.3,0.002,1.6,0.83,1.78,10.3,6.5,0.0111,10,19,-12,4,79.9,86,-57,29,1.1,0.006567,999999.99,99999.99,99999.99,0.18,0.13,0.08,-1,2006-08-24 13:00:00
2006,236,14,2362,51,52,59,36,4.5,4.5,-34.4,180.9,-3.7,-0.1,-2.5,-1.2,-2.2,0.1,0.6,0.2,0.4,0.3,46785.0,5.4,413.0,2.3,-1.7,0.015,1333.0,0.1,1.0,0.3,0.3,0.001,1.63,0.91,1.94,10.7,6.5,0.0105,10,19,-15,4,79.9,116,-85,31,1.5,0.006567,999999.99,99999.99,99999.99,0.2,0.11,0.08,-1,2006-08-24 14:00:00
2006,236,15,2362,51,52,60,24,4.8,4.1,-25.6,136.5,-2.7,2.5,-1.7,1.6,-2.6,0.2,2.6,1.2,2.0,1.0,54077.0,4.5,408.0,1.6,-1.7,0.021,11673.0,0.4,3.0,0.8,0.6,0.005,1.36,1.06,1.48,9.0,6.0,0.0146,17,19,-17,6,79.9,164,-102,62,1.6,0.006567,999999.99,99999.99,99999.99,0.18,0.09,0.06,-1,2006-08-24 15:00:00
2006,236,16,2362,51,52,58,2,4.6,4.5,-26.7,160.5,-3.8,1.4,-2.0,0.6,-2.4,0.1,0.9,0.3,0.8,0.3,58966.0,4.7,397.0,2.5,-1.9,0.032,4153.0,0.1,1.0,0.1,0.1,0.001,1.4,0.95,1.73,9.4,5.9,0.0136,17,19,-17,6,79.9,352,-265,87,1.5,0.006567,999999.99,99999.99,99999.99,0.17,0.1,0.08,-1,2006-08-24 16:00:00
2006,236,17,2362,51,52,60,35,4.6,4.4,-26.4,165.0,-3.9,1.0,-2.0,0.3,-2.2,0.1,1.2,0.2,1.2,0.3,47577.0,4.1,393.0,1.6,-1.3,0.027,13804.0,0.6,6.0,1.1,0.5,0.003,1.17,0.86,1.42,8.6,5.8,0.0159,17,19,-18,6,79.9,307,-187,120,1.7,0.006567,999999.99,99999.99,99999.99,0.17,0.09,0.07,-1,2006-08-24 17:00:00
2006,236,18,2362,51,52,59,37,4.8,4.7,-19.6,159.7,-4.2,1.5,-1.6,1.0,-2.0,0.1,0.8,0.2,0.5,0.6,35346.0,4.0,386.0,1.1,-1.7,0.021,5638.0,0.2,2.0,0.5,0.8,0.002,1.08,0.77,1.18,8.0,5.7,0.0184,10,19,-18,4,79.9,167,-90,77,1.7,0.006567,999999.99,99999.99,99999.99,0.19,0.11,0.09,-1,2006-08-24 18:00:00
2006,236,19,2362,51,52,60,36,5.0,5.0,-18.4,157.5,-4.4,1.8,-1.6,1.4,-2.0,0.1,0.5,0.1,0.2,0.5,32652.0,4.0,383.0,1.0,-2.2,0.02,5754.0,0.3,2.0,0.2,0.3,0.002,1.06,0.77,1.07,7.7,5.5,0.0203,10,19,-19,4,79.9,94,-38,56,1.1,0.006567,999999.99,99999.99,99999.99,0.17,0.09,0.07,-1,2006-08-24 19:00:00
2006,236,20,2362,51,52,59,36,5.0,5.0,-28.0,167.1,-4.3,1.0,-2.3,0.5,-2.5,0.1,0.5,0.1,0.4,0.2,35115.0,3.8,382.0,1.0,-1.5,0.019,8431.0,0.3,2.0,0.3,0.5,0.001,1.0,0.95,1.03,7.4,5.4,0.0214,10,19,-20,4,79.9,55,-22,33,1.0,0.006567,999999.99,99999.99,99999.99,0.21,0.1,0.07,-1,2006-08-24 20:00:00
2006,236,21,2362,51,52,59,36,4.8,4.7,-25.5,170.3,-4.2,0.7,-2.0,0.3,-2.1,0.1,0.7,0.1,0.6,0.3,30014.0,3.7,374.0,1.2,-1.5,0.022,3924.0,0.4,2.0,0.4,0.4,0.002,0.94,0.79,1.06,7.5,5.4,0.0212,13,19,-20,5,79.9,81,-48,32,0.8,0.006567,999999.99,99999.99,99999.99,0.24,0.12,0.09,-1,2006-08-24 21:00:00
2006,236,22,2362,51,52,60,38,4.5,4.5,-14.2,182.7,-4.3,-0.2,-1.1,-0.4,-1.0,0.1,0.7,0.1,0.6,0.3,28496.0,3.6,377.0,1.5,-2.3,0.018,5527.0,0.4,2.0,0.5,0.4,0.003,0.92,0.38,1.16,7.9,5.6,0.0188,13,19,-18,5,79.9,134,-99,35,0.8,0.006567,999999.99,99999.99,99999.99,0.19,0.1,0.07,-1,2006-08-24 22:00:00
2006,236,23,2362,51,52,60,36,4.7,4.7,-9.9,183.6,-4.6,-0.3,-0.8,-0.4,-0.7,0.1,0.3,0.1,0.2,0.2,29057.0,3.8,374.0,1.0,-2.5,0.014,1744.0,0.1,1.0,0.2,0.1,0.001,0.94,0.26,1.13,7.8,5.5,0.0198,13,19,-15,5,79.9,139,-90,49,1.0,0.006567,999999.99,99999.99,99999.99,0.18,0.11,0.09,-1,2006-08-24 23:00:00
2006,237,0,2362,51,52,59,36,4.6,4.6,-2.4,187.7,-4.5,-0.6,-0.2,-0.6,-0.1,0.1,0.3,0.1,0.2,0.2,28246.0,3.5,371.0,1.3,-2.6,0.014,2281.0,0.1,1.0,0.2,0.2,0.001,0.85,0.04,1.08,7.5,5.4,0.0209,3,24,-14,2,78.9,81,-51,30,0.5,0.006535,999999.99,99999.99,99999.99,0.21,0.13,0.07,-1,2006-08-25 00:00:00
2006,237,1,2362,51,52,60,36,4.3,4.3,1.6,185.2,-4.3,-0.4,0.1,-0.4,0.2,0.1,0.2,0.0,0.2,0.1,28852.0,3.1,368.0,0.7,-2.9,0.014,3041.0,0.2,2.0,0.2,0.1,0.001,0.74,-0.07,1.1,7.5,5.4,0.021,3,24,-12,2,78.9,20,-8,12,0.1,0.006535,999999.99,99999.99,99999.99,0.25,0.13,0.08,-1,2006-08-25 01:00:00
2006,237,2,2362,51,52,60,37,4.2,4.1,4.8,179.7,-4.1,0.0,0.3,0.1,0.3,0.0,0.3,0.1,0.2,0.2,29453.0,3.0,366.0,0.3,-3.0,0.015,4351.0,0.1,1.0,0.2,0.2,0.001,0.71,-0.11,1.12,7.5,5.4,0.0209,3,24,-14,2,78.9,21,-8,13,0.1,0.006535,999999.99,99999.99,99999.99,0.17,0.08,0.06,-1,2006-08-25 02:00:00
2006,237,3,2362,51,52,62,39,3.9,3.8,-3.2,206.1,-3.4,-1.7,-0.2,-1.7,0.3,0.2,0.8,0.2,0.7,0.4,31014.0,2.6,376.0,1.2,-2.4,0.024,9730.0,0.5,6.0,0.9,0.4,0.005,0.67,-0.11,1.13,7.8,5.5,0.0197,0,24,-15,0,78.9,28,-14,14,0.2,0.006535,999999.99,99999.99,99999.99,0.18,0.1,0.07,-1,2006-08-25 03:00:00
2006,237,4,2362,51,52,60,33,3.9,3.7,-0.8,198.8,-3.5,-1.2,0.0,-1.1,0.4,0.1,1.0,0.1,0.9,0.4,28454.0,2.4,373.0,1.3,-2.4,0.021,11127.0,0.3,5.0,1.4,0.3,0.004,0.6,-0.15,1.03,7.4,5.4,0.0217,0,24,-14,0,78.9,24,-13,11,-0.1,0.006535,999999.99,99999.99,99999.99,0.21,0.1,0.07,-1,2006-08-25 04:00:00
2006,237,5,2362,51,52,59,37,3.6,3.5,4.7,179.7,-3.5,0.0,0.3,0.1,0.3,0.1,0.7,0.1,0.7,0.3,34163.0,2.5,375.0,-0.0,-2.6,0.028,12964.0,0.4,5.0,0.4,0.4,0.003,0.65,-0.11,1.3,8.2,5.6,0.0175,0,24,-14,0,78.9,34,-8,26,-0.1,0.006535,999999.99,99999.99,99999.99,0.15,0.08,0.05,-1,2006-08-25 05:00:00
2006,237,6,2362,51,52,60,35,3.6,3.6,4.5,177.1,-3.6,0.2,0.3,0.3,0.2,0.1,0.3,0.1,0.2,0.2,23568.0,2.0,364.0,-0.1,-2.3,0.03,12623.0,0.4,6.0,0.2,0.3,0.002,0.5,-0.07,0.98,7.1,5.3,0.0233,0,24,-14,0,78.9,69,-46,22,-0.0,0.006535,999999.99,99999.99,99999.99,0.19,0.12,0.09,-1,2006-08-25 06:00:00
2006,237,7,2362,51,52,48,29,3.4,3.4,4.1,163.1,-3.2,1.0,0.2,1.0,-0.3,0.1,0.6,0.2,0.5,0.2,43201.0,2.4,369.0,-0.6,-2.4,0.029,21084.0,0.4,8.0,0.4,0.4,0.002,0.61,0.11,1.48,8.4,5.6,0.0168,0,24,-14,0,78.9,28,-17,12,-0.1,0.006535,999999.99,99999.99,99999.99,0.16,0.09,0.07,-1,2006-08-25 07:00:00
2006,237,8,2362,71,71,15,15,3.3,3.3,3.2,150.6,-2.9,1.6,0.2,1.5,-0.6,0.1,0.3,0.1,0.1,0.2,37836.0,3.5,365.0,-1.0,-3.3,9.999,3273.0,0.2,1.0,0.1,0.2,9.999,0.93,0.22,2.22,10.3,6.1,0.0111,0,24,-15,0,78.9,36,-20,15,0.1,0.006535,999999.99,99999.99,99999.99,0.24,0.14,0.09,-1,2006-08-25 08:00:00
2006,237,9,2362,71,71,15,15,3.3,3.3,5.1,148.5,-2.8,1.7,0.3,1.6,-0.6,0.1,0.5,0.2,0.4,0.2,33674.0,3.4,364.0,-1.2,-3.4,9.999,6395.0,0.2,1.0,0.2,0.1,9.999,0.9,0.22,2.1,10.2,6.1,0.0115,10,24,-15,4,78.9,70,-49,21,0.1,0.006535,999999.99,99999.99,99999.99,0.17,0.11,0.09,-1,2006-08-25 09:00:00
2006,237,10,2362,71,71,14,14,3.3,3.3,8.7,146.0,-2.7,1.8,0.5,1.8,-0.5,0.0,0.3,0.1,0.2,0.2,28413.0,3.4,361.0,-1.4,-3.4,9.999,2420.0,0.1,1.0,0.1,0.2,9.999,0.89,0.18,2.04,10.1,6.1,0.0117,10,24,-15,4,78.9,82,-58,25,0.2,0.006535,999999.99,99999.99,99999.99,0.17,0.11,0.08,-1,2006-08-25 10:00:00
