YEAR,DOY,Hour,Bartels_rotation_number,ID_for_IMF_spacecraft,ID_for_SW_Plasma_spacecraft,num_points_IMF_averages,num_points_Plasma_averages,Scalar_B_nT,Vector_B_Magnitude_nT,Lat_Angle_of_B_GSE,Long_Angle_of_B_GSE,BX_nT_GSE_GSM,BY_nT_GSE,BZ_nT_GSE,BY_nT_GSM,BZ_nT_GSM,RMS_magnitude_nT,RMS_field_vector_nT,RMS_BX_GSE_nT,RMS_BY_GSE_nT,RMS_BZ_GSE_nT,SW_Plasma_Temperature_K,SW_Proton_Density_N_cm3,SW_Plasma_Speed_km_s,SW_Plasma_flow_long_angle,SW_Plasma_flow_lat_angle,Alpha_Prot_ratio,sigma_T_K,sigma_n_N_cm3,sigma_V_km_s,sigma_phi_V_degrees,sigma_theta_V_degrees,sigma_ratio,Flow_pressure,E_electric_field,Plasma_Beta,Alfen_mach_number,Magnetosonic_Mach_number,Quasy_Invariant,Kp_index,R_Sunspot_No,Dst_index_nT,ap_index_nT,f10.7_index,AE_index_nT,AL_index_nT,AU_index_nT,pc_index,Lyman_alpha,Proton_flux_>1_Mev,Proton_flux_>2_Mev,Proton_flux_>4_Mev,Proton_flux_>10_Mev,Proton_flux_>30_Mev,Proton_flux_>60_Mev,Flux_FLAG,Timestamp
2009,54,20,2395,71,51,14,37,6.3,6.0,-3.9,70.7,2.0,5.6,-0.4,5.1,2.4,0.2,1.6,1.1,0.7,0.8,192140.0,3.9,449.0,0.4,-3.4,9.999,18919.0,0.4,7.0,0.6,1.3,9.999,1.57,-1.08,1.31,7.0,4.8,0.024,20,0,-13,7,69.3,53,-38,15,0.5,0.006,999999.99,99999.99,99999.99,0.21,0.12,0.09,-1,2009-02-23 20:00:00
2009,54,21,2395,71,51,15,35,5.5,4.5,-23.9,65.1,1.7,3.7,-1.8,4.1,0.3,0.6,2.9,1.7,2.2,0.8,212545.0,4.4,449.0,1.3,-2.2,9.999,43402.0,0.4,10.0,1.5,1.9,9.999,1.77,-0.13,2.06,8.6,5.1,0.0162,23,0,-9,9,69.3,41,-17,24,0.6,0.006,999999.99,99999.99,99999.99,0.26,0.12,0.09,-1,2009-02-23 21:00:00
2009,54,22,2395,71,51,14,34,6.3,5.8,-13.1,55.5,3.2,4.6,-1.3,4.6,1.3,0.8,2.4,1.2,1.7,1.2,207480.0,5.0,426.0,1.7,-4.1,9.999,31383.0,0.8,5.0,1.3,1.0,9.999,1.81,-0.55,1.76,7.6,4.8,0.0208,23,0,-8,9,69.3,94,-73,21,0.7,0.006,999999.99,99999.99,99999.99,0.24,0.13,0.09,-1,2009-02-23 22:00:00
2009,54,23,2395,71,51,15,36,5.0,2.3,-52.8,293.6,0.6,-1.3,-1.9,-0.1,-2.3,0.8,4.4,3.5,2.1,1.6,228392.0,5.7,417.0,1.0,-3.5,9.999,30163.0,0.4,5.0,1.1,1.4,9.999,1.98,0.96,3.38,10.0,5.0,0.012,23,0,-7,9,69.3,231,-172,59,2.2,0.006,999999.99,99999.99,99999.99,0.22,0.14,0.11,-1,2009-02-23 23:00:00
2009,55,0,2396,71,52,15,5,5.5,4.8,-20.5,158.6,-4.1,1.6,-1.7,2.2,-0.6,0.6,2.7,1.7,1.8,0.9,212887.0,4.9,400.0,0.9,-0.3,0.014,27321.0,0.5,3.0,0.7,0.4,0.003,1.38,0.24,2.3,8.0,4.7,0.0184,30,7,-12,15,69.5,207,-136,71,1.8,0.00594,999999.99,99999.99,99999.99,0.29,0.15,0.09,-1,2009-02-24 00:00:00
2009,55,1,2396,71,52,15,35,5.5,3.6,-23.6,115.5,-1.4,3.0,-1.4,3.3,0.3,0.7,4.0,2.9,1.5,2.3,122843.0,3.4,397.0,0.9,0.4,0.021,56009.0,1.1,10.0,2.0,1.8,0.009,0.97,-0.12,1.17,6.7,4.7,0.0269,30,7,-11,15,69.5,112,-45,67,0.7,0.00594,999999.99,99999.99,99999.99,0.24,0.11,0.08,-1,2009-02-24 01:00:00
2009,55,2,2396,71,52,14,34,6.4,5.3,-43.8,149.0,-3.3,2.0,-3.7,3.5,-2.3,0.4,3.4,0.9,3.1,1.1,72592.0,3.4,399.0,0.7,0.9,0.013,27289.0,0.5,9.0,3.1,1.9,0.007,0.95,0.92,0.69,5.7,4.5,0.036,30,7,-11,15,69.5,165,-92,73,1.3,0.00594,999999.99,99999.99,99999.99,0.23,0.13,0.11,-1,2009-02-24 02:00:00
2009,55,3,2396,71,52,15,38,7.4,7.0,-50.2,189.0,-4.4,-0.7,-5.4,1.7,-5.2,0.1,2.2,0.3,2.0,0.6,45934.0,4.3,388.0,1.1,5.6,0.013,13499.0,1.2,10.0,2.3,2.0,0.021,1.14,2.02,0.57,5.4,4.5,0.0402,33,7,-13,18,69.5,403,-267,136,3.4,0.00594,999999.99,99999.99,99999.99,0.23,0.1,0.08,-1,2009-02-24 03:00:00
2009,55,4,2396,71,52,16,38,5.5,3.5,0.7,88.4,0.1,3.5,0.0,3.2,1.4,0.9,4.1,1.8,0.9,3.6,117459.0,5.7,419.0,0.1,-0.3,0.026,19841.0,0.4,6.0,1.3,1.9,0.004,1.84,-0.59,1.93,9.1,5.6,0.0144,33,7,-13,18,69.5,261,-116,145,2.2,0.00594,999999.99,99999.99,99999.99,0.19,0.09,0.07,-1,2009-02-24 04:00:00
2009,55,5,2396,71,52,15,36,5.5,4.4,32.4,72.7,1.1,3.5,2.3,2.5,3.4,0.7,3.3,1.0,1.8,2.5,136817.0,6.1,423.0,0.6,-0.7,0.025,13294.0,0.7,4.0,1.0,1.2,0.003,2.01,-1.44,2.22,9.5,5.6,0.0132,33,7,-10,18,69.5,54,-13,41,0.6,0.00594,999999.99,99999.99,99999.99,0.24,0.11,0.09,-1,2009-02-24 05:00:00
2009,55,6,2396,51,52,53,38,4.5,3.9,-54.0,155.7,-2.1,0.9,-3.2,1.8,-2.8,0.8,2.2,1.1,1.6,1.0,138736.0,5.8,418.0,-0.2,0.7,0.027,9133.0,0.4,6.0,0.9,0.8,0.003,1.88,1.17,3.18,11.2,5.8,0.0095,23,7,-9,9,69.5,58,-22,36,1.2,0.00594,999999.99,99999.99,99999.99,0.24,0.14,0.1,-1,2009-02-24 06:00:00
2009,55,7,2396,51,52,60,37,4.6,4.5,-47.5,181.0,-3.0,-0.1,-3.3,0.8,-3.2,0.6,1.3,0.6,1.0,0.5,116787.0,4.1,415.0,0.0,0.5,0.029,11730.0,0.4,4.0,0.4,1.1,0.002,1.32,1.33,1.98,9.1,5.6,0.0143,23,7,-15,9,69.5,149,-110,39,1.1,0.00594,999999.99,99999.99,99999.99,0.18,0.1,0.09,-1,2009-02-24 07:00:00
2009,55,8,2396,51,52,62,38,3.7,2.3,8.4,194.6,-2.2,-0.6,0.3,-0.7,0.2,0.4,2.9,1.6,1.1,2.1,135025.0,3.7,424.0,1.3,-0.6,0.029,14014.0,0.4,12.0,0.7,1.3,0.002,1.24,-0.08,2.96,11.0,5.8,0.0098,23,7,-17,9,69.5,268,-244,24,1.8,0.00594,999999.99,99999.99,99999.99,0.21,0.11,0.08,-1,2009-02-24 08:00:00
2009,55,9,2396,51,52,60,36,3.9,2.7,34.3,90.3,0.0,2.3,1.5,1.9,1.9,0.4,2.8,1.1,1.6,2.0,134489.0,3.6,443.0,1.6,-1.6,0.024,10167.0,0.4,5.0,0.7,0.8,0.003,1.29,-0.84,2.59,10.8,6.0,0.0102,13,7,-15,5,69.5,178,-147,31,1.0,0.00594,999999.99,99999.99,99999.99,0.19,0.09,0.07,-1,2009-02-24 09:00:00
2009,55,10,2396,51,52,62,38,3.2,2.2,27.8,80.9,0.3,1.9,1.0,1.7,1.4,0.4,2.3,1.3,1.1,1.5,133326.0,3.4,448.0,1.5,-0.2,0.026,10081.0,0.3,9.0,0.7,1.2,0.003,1.26,-0.63,3.61,12.9,6.4,0.0071,13,7,-12,5,69.5,61,-52,9,0.6,0.00594,999999.99,99999.99,99999.99,0.23,0.12,0.09,-1,2009-02-24 10:00:00
2009,55,11,2396,51,52,59,36,3.2,2.6,-27.1,99.5,-0.4,2.3,-1.2,2.5,-0.7,0.4,2.0,1.6,0.4,1.1,104155.0,2.3,461.0,1.6,0.2,0.028,18104.0,0.4,8.0,0.5,0.9,0.002,0.91,0.32,2.17,10.9,6.4,0.01,13,7,-11,5,69.5,46,-34,12,0.6,0.00594,999999.99,99999.99,99999.99,0.21,0.13,0.09,-1,2009-02-24 11:00:00
2009,55,12,2396,51,52,61,36,2.5,2.4,2.4,133.9,-1.6,1.7,0.1,1.6,0.5,0.4,0.9,0.5,0.3,0.7,95051.0,2.4,459.0,1.0,-0.8,0.027,6440.0,0.2,3.0,0.3,0.4,0.002,0.94,-0.23,3.57,14.2,7.0,0.0059,10,7,-11,4,69.5,147,-143,4,0.7,0.00594,999999.99,99999.99,99999.99,0.25,0.14,0.1,-1,2009-02-24 12:00:00
2009,55,13,2396,51,52,60,37,3.8,3.6,-17.6,144.3,-2.8,2.0,-1.1,2.2,-0.6,0.4,1.2,0.4,0.6,1.0,88678.0,1.9,457.0,1.1,-0.9,0.03,12627.0,0.3,5.0,0.9,0.6,0.004,0.74,0.27,1.19,8.3,5.8,0.0173,10,7,-12,4,69.5,83,-75,8,0.9,0.00594,999999.99,99999.99,99999.99,0.19,0.11,0.08,-1,2009-02-24 13:00:00
2009,55,14,2396,51,52,60,36,2.5,1.9,-49.3,99.2,-0.2,1.2,-1.4,1.5,-1.0,0.6,1.8,1.6,0.5,0.3,103255.0,2.8,461.0,1.1,-0.3,0.024,12360.0,0.5,6.0,0.6,0.5,0.003,1.09,0.46,4.32,15.4,7.1,0.005,10,7,-14,4,69.5,85,-79,7,0.9,0.00594,999999.99,99999.99,99999.99,0.22,0.12,0.1,-1,2009-02-24 14:00:00
2009,55,15,2396,51,52,58,35,2.8,1.9,-26.0,111.2,-0.6,1.6,-0.8,1.8,-0.3,0.3,2.0,1.8,0.6,0.5,102431.0,3.0,450.0,0.7,-0.3,0.025,9476.0,0.2,16.0,1.2,0.4,0.003,1.12,0.14,3.67,13.9,6.8,0.0061,7,7,-16,3,69.5,95,-93,2,0.8,0.00594,999999.99,99999.99,99999.99,0.26,0.1,0.07,-1,2009-02-24 15:00:00
2009,55,16,2396,51,52,59,36,3.3,3.3,-13.9,137.2,-2.3,2.2,-0.8,2.3,0.0,0.2,0.4,0.2,0.2,0.2,95077.0,3.1,432.0,-0.2,0.2,0.025,3389.0,0.2,2.0,0.4,0.3,0.002,1.06,-0.0,2.65,11.5,6.4,0.009,7,7,-14,3,69.5,28,-19,10,0.7,0.00594,999999.99,99999.99,99999.99,0.24,0.12,0.08,-1,2009-02-24 16:00:00
2009,55,17,2396,51,52,63,39,3.2,2.5,-2.7,77.1,0.5,2.4,-0.1,2.3,0.8,1.0,2.2,1.8,1.1,0.6,93160.0,3.6,445.0,0.0,-0.5,0.02,18346.0,0.3,9.0,1.0,0.6,0.003,1.29,-0.36,3.24,13.2,6.8,0.0068,7,7,-12,3,69.5,37,-26,11,1.0,0.00594,999999.99,99999.99,99999.99,0.22,0.12,0.09,-1,2009-02-24 17:00:00
2009,55,18,2396,51,52,59,36,4.6,4.5,20.5,16.6,4.0,1.2,1.6,0.4,2.0,0.4,1.3,0.6,0.9,0.6,82987.0,3.0,456.0,0.9,-1.9,0.022,12637.0,0.5,4.0,0.9,0.6,0.003,1.13,-0.91,1.25,8.6,6.0,0.0161,3,7,-12,2,69.5,15,-9,6,0.3,0.00594,999999.99,99999.99,99999.99,0.2,0.11,0.09,-1,2009-02-24 18:00:00
2009,55,19,2396,51,52,60,36,4.0,3.7,37.2,17.3,2.8,0.9,2.2,-0.2,2.4,0.5,1.6,1.1,1.0,0.5,65279.0,3.5,443.0,0.4,-1.9,0.018,16377.0,0.3,9.0,0.6,0.8,0.002,1.23,-1.06,1.76,10.4,6.5,0.0111,3,7,-11,2,69.5,16,-9,7,0.0,0.00594,999999.99,99999.99,99999.99,0.19,0.11,0.08,-1,2009-02-24 19:00:00
2009,55,20,2396,51,52,59,36,3.8,3.6,40.7,11.5,2.7,0.5,2.3,-0.7,2.2,0.8,1.5,1.3,0.7,0.5,61547.0,3.3,446.0,0.2,-1.6,0.022,16828.0,0.4,10.0,0.8,0.7,0.003,1.19,-0.98,1.81,10.7,6.7,0.0105,3,7,-11,2,69.5,16,-10,6,-0.1,0.00594,999999.99,99999.99,99999.99,0.23,0.1,0.08,-1,2009-02-24 20:00:00
2009,55,21,2396,51,52,59,36,4.1,4.0,82.3,11.3,0.5,0.1,3.9,-1.9,3.4,1.5,1.8,0.5,0.8,1.5,75398.0,3.9,438.0,0.8,-1.8,0.025,17552.0,0.5,3.0,0.5,0.7,0.004,1.37,-1.49,1.97,10.5,6.4,0.0107,10,7,-8,4,69.5,13,-8,6,-0.0,0.00594,999999.99,99999.99,99999.99,0.22,0.11,0.09,-1,2009-02-24 21:00:00
2009,55,22,2396,51,52,59,36,5.6,3.8,13.3,129.6,-2.3,2.8,0.9,1.9,2.2,0.7,4.2,1.1,2.9,2.8,87010.0,3.4,432.0,0.4,-2.3,0.038,16968.0,0.4,5.0,1.2,0.9,0.007,1.22,-0.95,0.97,7.1,5.2,0.0235,10,7,-5,4,69.5,15,-8,7,-0.0,0.00594,999999.99,99999.99,99999.99,0.16,0.1,0.08,-1,2009-02-24 22:00:00
2009,55,23,2396,51,52,59,34,3.9,3.4,-17.7,201.8,-3.0,-1.2,-1.0,-0.5,-1.5,0.4,1.9,0.7,1.6,0.7,95436.0,3.8,428.0,0.5,-1.9,0.033,12258.0,0.3,7.0,1.7,0.8,0.004,1.32,0.64,2.33,10.7,6.2,0.0104,10,7,-4,4,69.5,19,-9,10,0.2,0.00594,999999.99,99999.99,99999.99,0.22,0.13,0.09,-1,2009-02-24 23:00:00
2009,56,0,2396,51,52,62,36,3.9,3.8,-37.1,196.2,-2.9,-0.8,-2.3,0.5,-2.4,0.3,1.0,0.4,0.7,0.6,97254.0,3.3,433.0,-0.5,-1.1,0.037,9002.0,0.2,6.0,0.3,0.4,0.003,1.19,1.04,2.04,10.1,6.1,0.0117,17,7,-6,6,69.3,67,-49,18,0.8,0.005952,999999.99,99999.99,99999.99,0.23,0.12,0.09,-1,2009-02-25 00:00:00
2009,56,1,2396,51,52,58,36,4.1,4.0,-36.0,199.8,-3.0,-1.1,-2.3,0.2,-2.5,0.2,1.0,0.5,0.6,0.7,79573.0,2.9,425.0,0.1,-0.8,0.037,7294.0,0.2,5.0,0.8,0.9,0.007,1.0,1.06,1.49,8.8,5.8,0.0153,17,7,-8,6,69.3,90,-66,23,1.2,0.005952,999999.99,99999.99,99999.99,0.2,0.11,0.08,-1,2009-02-25 01:00:00
2009,56,2,2396,51,52,62,38,3.6,2.8,-5.5,195.4,-2.7,-0.7,-0.3,-0.5,-0.6,0.3,2.3,0.8,1.7,1.3,82113.0,3.0,426.0,0.4,-1.2,0.041,9003.0,0.2,6.0,1.4,1.5,0.008,1.06,0.26,2.03,10.2,6.2,0.0113,17,7,-11,6,69.3,104,-43,61,1.2,0.005952,999999.99,99999.99,99999.99,0.2,0.11,0.09,-1,2009-02-25 02:00:00
2009,56,3,2396,51,52,59,36,3.8,3.4,-34.7,138.3,-2.1,1.9,-2.0,2.6,-1.0,0.2,1.6,0.4,1.1,1.1,58966.0,3.1,429.0,-1.0,1.6,0.03,5735.0,0.2,4.0,0.8,0.9,0.002,1.07,0.43,1.67,9.9,6.4,0.012,13,7,-11,5,69.3,75,-18,57,0.9,0.005952,999999.99,99999.99,99999.99,0.2,0.12,0.09,-1,2009-02-25 03:00:00
2009,56,4,2396,51,52,58,34,3.5,3.4,-32.4,163.4,-2.7,0.8,-1.8,1.4,-1.3,0.2,0.9,0.5,0.5,0.6,52877.0,2.9,417.0,0.1,1.9,0.03,5882.0,0.3,5.0,0.4,0.6,0.004,0.94,0.54,1.78,10.1,6.4,0.0116,13,7,-12,5,69.3,139,-75,65,1.2,0.005952,999999.99,99999.99,99999.99,0.19,0.11,0.08,-1,2009-02-25 04:00:00
2009,56,5,2396,51,52,61,38,3.3,3.3,-11.0,176.0,-3.2,0.2,-0.6,0.4,-0.5,0.1,0.3,0.1,0.2,0.2,46907.0,2.0,411.0,0.9,-0.0,0.033,10146.0,0.4,6.0,0.2,0.5,0.005,0.64,0.21,1.34,8.8,6.0,0.0153,13,7,-15,5,69.3,85,-45,40,0.8,0.005952,999999.99,99999.99,99999.99,0.22,0.13,0.11,-1,2009-02-25 05:00:00
2009,56,6,2396,51,52,60,36,3.1,3.0,-9.5,162.5,-2.9,0.9,-0.5,1.0,-0.2,0.1,0.6,0.2,0.5,0.2,52650.0,2.0,417.0,0.1,-0.5,0.038,11880.0,0.4,5.0,0.7,0.4,0.005,0.67,0.08,1.57,9.5,6.2,0.0131,7,7,-16,3,69.3,65,-23,41,1.0,0.005952,999999.99,99999.99,99999.99,0.24,0.11,0.07,-1,2009-02-25 06:00:00
2009,56,7,2396,51,52,60,37,3.3,3.2,-10.0,153.4,-2.8,1.4,-0.6,1.5,-0.2,0.1,0.8,0.2,0.3,0.6,59628.0,2.2,418.0,-0.7,-0.1,0.034,8267.0,0.2,4.0,0.5,0.9,0.004,0.73,0.08,1.58,9.4,6.1,0.0135,7,7,-15,3,69.3,23,-7,16,0.4,0.005952,999999.99,99999.99,99999.99,0.19,0.11,0.08,-1,2009-02-25 07:00:00
2009,56,8,2396,51,52,60,35,3.2,3.2,-27.5,162.1,-2.7,0.9,-1.5,1.2,-1.2,0.0,0.5,0.1,0.4,0.2,54498.0,2.5,419.0,-0.2,0.7,0.029,7307.0,0.2,2.0,0.7,0.5,0.002,0.82,0.5,1.86,10.4,6.4,0.0111,7,7,-14,3,69.3,51,-30,20,0.6,0.005952,999999.99,99999.99,99999.99,0.2,0.11,0.08,-1,2009-02-25 08:00:00
2009,56,9,2396,51,52,59,37,3.3,3.2,-30.6,174.6,-2.7,0.3,-1.6,0.6,-1.5,0.1,0.6,0.2,0.4,0.4,56616.0,2.3,410.0,0.4,1.0,0.032,10866.0,0.2,5.0,0.4,0.6,0.002,0.73,0.61,1.63,9.4,6.1,0.0134,10,7,-12,4,69.3,174,-170,4,1.0,0.005952,999999.99,99999.99,99999.99,0.19,0.1,0.07,-1,2009-02-25 09:00:00
2009,56,10,2396,51,52,60,37,3.2,3.1,-25.9,167.0,-2.8,0.6,-1.4,0.9,-1.2,0.1,0.5,0.1,0.3,0.4,63416.0,2.6,413.0,0.5,0.1,0.03,4843.0,0.1,2.0,0.3,0.5,0.002,0.83,0.5,2.03,10.4,6.3,0.011,10,7,-8,4,69.3,186,-182,4,1.2,0.005952,999999.99,99999.99,99999.99,0.17,0.11,0.07,-1,2009-02-25 10:00:00
2009,56,11,2396,51,52,62,37,3.1,2.7,-1.0,156.3,-2.5,1.1,0.0,1.1,0.2,0.2,1.3,0.8,0.6,1.0,64773.0,2.8,411.0,0.2,-0.9,0.029,7336.0,0.2,4.0,0.6,1.4,0.003,0.88,-0.08,2.34,11.1,6.4,0.0097,10,7,-7,4,69.3,107,-103,4,0.9,0.005952,999999.99,99999.99,99999.99,0.2,0.11,0.08,-1,2009-02-25 11:00:00
2009,56,12,2396,51,52,59,36,3.3,3.0,35.1,110.6,-0.8,2.3,1.7,1.9,2.2,0.1,1.3,0.6,0.7,0.9,61424.0,3.2,417.0,-1.3,-2.9,0.024,4495.0,0.1,5.0,0.7,0.7,0.002,1.02,-0.92,2.32,11.3,6.5,0.0093,7,7,-8,3,69.3,29,-18,11,0.4,0.005952,999999.99,99999.99,99999.99,0.21,0.15,0.11,-1,2009-02-25 12:00:00
2009,56,13,2396,51,52,61,38,2.9,1.9,37.9,171.6,-1.5,0.2,1.2,-0.1,1.2,0.4,2.2,1.3,1.2,1.3,63468.0,3.4,414.0,0.9,-1.7,0.026,7651.0,0.3,8.0,1.1,1.2,0.003,1.07,-0.5,3.23,13.2,6.8,0.0069,7,7,-8,3,69.3,16,-8,8,0.4,0.005952,999999.99,99999.99,99999.99,0.21,0.11,0.08,-1,2009-02-25 13:00:00
2009,56,14,2396,51,52,61,37,3.1,2.5,24.8,56.2,1.3,1.9,1.1,1.5,1.6,0.3,1.8,0.4,1.3,1.2,49959.0,3.9,426.0,-0.2,-1.3,0.023,8207.0,0.2,3.0,0.9,1.0,0.003,1.29,-0.68,3.01,13.6,7.2,0.0065,7,7,-7,3,69.3,12,-8,4,0.3,0.005952,999999.99,99999.99,99999.99,0.21,0.12,0.09,-1,2009-02-25 14:00:00
2009,56,15,2396,51,71,1,15,3.2,3.2,-11.0,57.4,1.7,2.6,-0.6,2.7,0.2,0.0,0.0,0.0,0.0,0.0,40688.0,3.6,417.0,-2.4,-1.4,9.999,3790.0,0.1,2.0,0.2,0.5,9.999,1.25,-0.08,2.47,12.4,7.0,0.0078,3,7,-7,2,69.3,13,-10,3,0.5,0.005952,999999.99,99999.99,99999.99,0.26,0.13,0.09,-1,2009-02-25 15:00:00
2009,56,16,2396,71,71,15,15,3.4,2.6,8.8,76.5,0.6,2.5,0.4,2.2,1.2,0.2,2.0,0.9,0.8,1.6,47407.0,4.0,416.0,-2.2,-2.5,9.999,3695.0,0.2,4.0,0.8,1.2,9.999,1.38,-0.5,2.53,12.2,6.9,0.0079,3,7,-7,2,69.3,15,-11,4,0.3,0.005952,999999.99,99999.99,99999.99,0.22,0.1,0.07,-1,2009-02-25 16:00:00
2009,56,17,2396,71,71,15,15,3.0,2.7,-45.4,115.9,-0.8,1.7,-1.9,2.3,-1.1,0.1,1.0,0.6,0.7,0.4,45270.0,3.5,408.0,-1.8,-0.5,9.999,4989.0,0.2,3.0,0.8,0.5,9.999,1.17,0.45,2.81,12.7,6.9,0.0073,3,7,-7,2,69.3,53,-46,8,0.6,0.005952,999999.99,99999.99,99999.99,0.23,0.13,0.1,-1,2009-02-25 17:00:00
2009,56,18,2396,71,71,15,15,3.2,2.4,3.7,50.6,1.5,1.8,0.2,1.5,1.0,0.3,2.0,1.1,0.7,1.5,47780.0,3.6,418.0,-1.7,-1.3,9.999,6809.0,0.3,7.0,0.9,1.2,9.999,1.26,-0.42,2.58,12.4,6.9,0.0077,7,7,-8,3,69.3,59,-57,2,0.5,0.005952,999999.99,99999.99,99999.99,0.21,0.12,0.1,-1,2009-02-25 18:00:00
2009,56,19,2396,71,71,15,15,3.8,3.6,14.3,31.7,3.0,1.8,0.9,1.2,1.6,0.2,1.0,0.7,0.7,0.3,54616.0,3.5,426.0,-1.7,-2.3,9.999,3881.0,0.1,2.0,0.4,0.2,9.999,1.27,-0.68,1.85,10.5,6.5,0.0108,7,7,-7,3,69.3,25,-18,7,0.3,0.005952,999999.99,99999.99,99999.99,0.23,0.15,0.1,-1,2009-02-25 19:00:00
2009,56,20,2396,71,71,15,15,3.5,3.1,3.3,47.1,2.1,2.2,0.2,1.8,1.3,0.5,1.6,1.1,0.5,1.1,55659.0,3.3,422.0,-2.1,-2.0,9.999,5789.0,0.2,5.0,0.5,0.7,9.999,1.18,-0.55,2.06,11.0,6.6,0.0099,7,7,-6,3,69.3,22,-12,10,0.2,0.005952,999999.99,99999.99,99999.99,0.21,0.12,0.09,-1,2009-02-25 20:00:00
2009,56,21,2396,51,52,51,30,3.4,2.4,5.9,82.9,0.3,2.4,0.2,2.0,1.4,0.1,2.3,1.6,0.8,1.5,58965.0,3.4,415.0,-0.8,-1.3,0.041,7330.0,0.2,4.0,0.6,0.8,0.005,1.14,-0.58,2.29,11.3,6.5,0.0094,3,7,-4,2,69.3,16,-11,6,-0.0,0.005952,999999.99,99999.99,99999.99,0.23,0.13,0.09,-1,2009-02-25 21:00:00
2009,56,22,2396,51,52,61,37,3.6,3.0,-19.3,137.3,-2.1,1.9,-1.0,2.1,0.2,0.1,1.9,1.0,1.3,1.0,65914.0,2.9,418.0,0.6,-1.1,0.047,6258.0,0.4,8.0,1.1,0.8,0.004,1.01,-0.08,1.81,9.9,6.2,0.0122,3,7,-3,2,69.3,13,-8,5,0.1,0.005952,999999.99,99999.99,99999.99,0.18,0.1,0.07,-1,2009-02-25 22:00:00
2009,56,23,2396,51,52,59,33,3.7,3.5,-18.4,158.7,-3.1,1.2,-1.1,1.6,-0.3,0.1,1.1,0.5,0.7,0.6,66734.0,2.5,419.0,0.9,-1.4,0.05,5537.0,0.1,4.0,0.7,0.4,0.006,0.88,0.13,1.48,9.0,5.9,0.0148,3,7,-3,2,69.3,14,-9,6,0.2,0.005952,999999.99,99999.99,99999.99,0.23,0.11,0.08,-1,2009-02-25 23:00:00
2009,57,0,2396,51,52,60,37,3.6,3.6,-20.8,159.9,-3.1,1.1,-1.3,1.6,-0.5,0.1,0.5,0.2,0.3,0.4,68327.0,2.5,416.0,0.4,-1.3,0.048,4114.0,0.1,1.0,0.3,0.3,0.006,0.86,0.21,1.58,9.1,5.9,0.0143,7,0,-4,3,68.6,11,-7,4,0.2,0.005909,999999.99,99999.99,99999.99,0.22,0.1,0.08,-1,2009-02-26 00:00:00
2009,57,1,2396,51,52,59,36,3.6,3.5,-17.0,169.5,-3.3,0.6,-1.0,1.0,-0.6,0.1,0.7,0.2,0.6,0.4,68179.0,2.5,413.0,0.5,-0.9,0.048,5768.0,0.1,3.0,0.4,0.4,0.004,0.85,0.25,1.58,9.1,5.9,0.0145,7,0,-5,3,68.6,10,-8,2,0.2,0.005909,999999.99,99999.99,99999.99,0.25,0.12,0.1,-1,2009-02-26 01:00:00
2009,57,2,2396,51,52,60,36,3.6,3.4,-20.7,162.6,-3.1,1.0,-1.2,1.4,-0.6,0.1,0.9,0.3,0.7,0.3,74181.0,2.5,411.0,0.9,-1.2,0.045,8420.0,0.1,3.0,0.4,0.3,0.004,0.83,0.25,1.63,9.0,5.8,0.0146,7,0,-6,3,68.6,19,-12,7,0.2,0.005909,999999.99,99999.99,99999.99,0.2,0.11,0.08,-1,2009-02-26 02:00:00
2009,57,3,2396,51,52,58,34,3.3,3.3,-19.5,167.3,-3.0,0.7,-1.1,1.1,-0.7,0.1,0.6,0.1,0.5,0.3,67605.0,2.6,409.0,1.2,-1.3,0.042,3298.0,0.1,2.0,0.5,0.4,0.002,0.85,0.29,1.95,10.0,6.1,0.0119,10,0,-4,4,68.6,36,-19,17,0.6,0.005909,999999.99,99999.99,99999.99,0.27,0.14,0.11,-1,2009-02-26 03:00:00
2009,57,4,2396,51,52,59,35,3.2,3.0,-1.9,139.5,-2.3,2.0,-0.1,1.9,0.7,0.1,0.9,0.4,0.5,0.6,66955.0,2.5,407.0,0.2,-2.2,0.039,6439.0,0.3,6.0,0.7,0.7,0.003,0.8,-0.28,1.98,10.1,6.1,0.0118,10,0,-6,4,68.6,23,-4,19,0.2,0.005909,999999.99,99999.99,99999.99,0.2,0.12,0.1,-1,2009-02-26 04:00:00
2009,57,5,2396,51,52,63,39,2.9,2.7,-2.2,138.1,-2.0,1.8,-0.1,1.7,0.5,0.1,0.9,0.7,0.5,0.4,71190.0,2.5,407.0,0.3,-2.4,0.043,7085.0,0.2,7.0,0.8,0.6,0.007,0.81,-0.2,2.47,11.1,6.3,0.0097,10,0,-8,4,68.6,21,-4,17,0.3,0.005909,999999.99,99999.99,99999.99,0.27,0.13,0.1,-1,2009-02-26 05:00:00
2009,57,6,2396,51,52,57,35,3.4,3.3,-9.6,153.1,-2.9,1.5,-0.6,1.6,-0.1,0.1,0.6,0.3,0.5,0.2,48699.0,2.0,396.0,-0.6,-1.6,0.034,10217.0,0.3,7.0,0.7,0.5,0.004,0.59,0.04,1.27,8.2,5.7,0.0175,0,0,-8,0,68.6,28,-12,16,0.3,0.005909,999999.99,99999.99,99999.99,0.25,0.13,0.1,-1,2009-02-26 06:00:00
2009,57,7,2396,51,52,60,34,3.3,3.3,1.8,172.3,-3.2,0.4,0.1,0.4,0.2,0.1,0.4,0.1,0.2,0.3,47662.0,1.9,386.0,0.9,-2.6,0.031,7862.0,0.2,2.0,0.6,0.5,0.001,0.53,-0.08,1.28,8.1,5.6,0.0183,0,0,-9,0,68.6,47,-28,19,0.2,0.005909,999999.99,99999.99,99999.99,0.26,0.12,0.09,-1,2009-02-26 07:00:00
2009,57,8,2396,51,52,62,39,3.1,2.8,16.0,149.1,-2.3,1.4,0.8,1.2,1.1,0.1,1.2,0.7,1.0,0.3,54892.0,2.5,397.0,-0.2,-3.3,0.032,10339.0,0.3,10.0,1.0,0.6,0.003,0.74,-0.44,1.98,10.1,6.1,0.0116,0,0,-8,0,68.6,50,-37,12,0.2,0.005909,999999.99,99999.99,99999.99,0.24,0.13,0.1,-1,2009-02-26 08:00:00
2009,57,9,2396,51,52,59,36,3.0,2.7,7.1,128.2,-1.7,2.1,0.3,2.0,0.7,0.1,1.2,0.5,0.6,0.8,63845.0,2.8,407.0,-1.4,-2.4,0.03,6093.0,0.1,5.0,0.6,0.8,0.002,0.87,-0.28,2.49,11.4,6.4,0.0092,3,0,-6,2,68.6,16,-5,11,0.1,0.005909,999999.99,99999.99,99999.99,0.22,0.12,0.09,-1,2009-02-26 09:00:00
2009,57,10,2396,51,52,59,37,3.7,3.6,9.0,142.1,-2.8,2.2,0.6,2.0,1.0,0.2,0.6,0.3,0.2,0.4,59382.0,2.1,401.0,-0.7,-2.0,0.029,7660.0,0.2,3.0,0.9,0.7,0.001,0.63,-0.4,1.2,7.9,5.5,0.0193,3,0,-8,2,68.6,13,-5,7,0.1,0.005909,999999.99,99999.99,99999.99,0.23,0.12,0.1,-1,2009-02-26 10:00:00
2009,57,11,2396,51,52,58,34,3.3,3.2,3.1,153.8,-2.9,1.4,0.2,1.3,0.5,0.5,0.7,0.5,0.4,0.3,55925.0,2.2,396.0,-0.3,-1.2,0.029,9766.0,0.3,6.0,0.5,0.5,0.002,0.64,-0.2,1.55,8.9,5.8,0.015,3,0,-6,2,68.6,16,-12,4,0.1,0.005909,999999.99,99999.99,99999.99,0.23,0.12,0.08,-1,2009-02-26 11:00:00
2009,57,12,2396,51,52,62,38,2.8,2.2,32.4,133.5,-1.3,1.4,1.2,1.1,1.5,0.6,1.7,0.7,1.3,0.9,58324.0,3.1,394.0,-1.1,-1.9,0.022,8544.0,0.2,7.0,1.2,1.0,0.003,0.87,-0.59,3.07,12.4,6.5,0.0078,7,0,-6,3,68.6,19,-16,3,0.2,0.005909,999999.99,99999.99,99999.99,0.21,0.1,0.08,-1,2009-02-26 12:00:00
2009,57,13,2396,51,52,61,37,3.7,3.3,3.4,155.1,-2.9,1.4,0.2,1.3,0.5,0.3,1.8,0.9,1.1,1.1,61520.0,3.0,398.0,-1.2,-1.7,0.026,12008.0,0.5,5.0,0.9,0.8,0.005,0.88,-0.2,1.73,9.3,5.9,0.0137,7,0,-4,3,68.6,15,-9,6,0.4,0.005909,999999.99,99999.99,99999.99,0.2,0.1,0.08,-1,2009-02-26 13:00:00
2009,57,14,2396,51,52,56,35,3.5,3.2,-8.7,152.8,-2.8,1.5,-0.5,1.6,-0.1,0.4,1.4,0.9,1.0,0.4,68317.0,3.0,393.0,-2.1,-1.7,0.027,10244.0,0.5,8.0,1.6,0.4,0.004,0.86,0.04,2.0,9.7,5.9,0.0126,7,0,-7,3,68.6,28,-25,3,0.4,0.005909,999999.99,99999.99,99999.99,0.25,0.13,0.08,-1,2009-02-26 14:00:00
2009,57,15,2396,51,52,9,4,3.4,3.3,-5.5,160.6,-3.1,1.1,-0.3,1.1,0.1,0.1,0.4,0.2,0.2,0.2,36361.0,2.3,364.0,-3.1,-1.6,9.999,18453.0,0.4,5.0,0.5,0.9,9.999,0.61,-0.04,1.36,8.1,5.5,0.018,7,0,-6,3,68.6,30,-28,3,0.5,0.005909,999999.99,99999.99,99999.99,0.2,0.11,0.08,-1,2009-02-26 15:00:00
2009,57,16,2396,71,71,15,15,3.7,3.6,1.0,155.9,-3.3,1.5,0.1,1.4,0.6,0.1,0.4,0.1,0.2,0.4,9999999.0,999.9,386.0,-4.1,-2.9,9.999,9999999.0,999.9,1.0,0.5,0.3,9.999,99.99,-0.23,999.99,999.9,99.9,9.9999,7,0,-5,3,68.6,34,-32,2,0.5,0.005909,999999.99,99999.99,99999.99,0.21,0.11,0.08,-1,2009-02-26 16:00:00
2009,57,17,2396,71,71,15,15,4.2,4.1,-2.4,150.8,-3.6,2.0,-0.2,1.9,0.6,0.3,0.9,0.2,0.3,0.9,9999999.0,999.9,383.0,-4.8,-3.0,9.999,9999999.0,999.9,3.0,0.4,0.8,9.999,99.99,-0.23,999.99,999.9,99.9,9.9999,7,0,-3,3,68.6,16,-13,3,0.3,0.005909,999999.99,99999.99,99999.99,0.21,0.11,0.08,-1,2009-02-26 17:00:00
2009,57,18,2396,71,71,15,15,4.2,2.9,28.7,129.0,-1.6,2.0,1.4,1.2,2.1,0.2,3.0,1.5,0.5,2.5,34836.0,999.9,393.0,-5.2,-2.1,9.999,3326.0,999.9,2.0,0.6,0.6,9.999,99.99,-0.83,999.99,999.9,99.9,9.9999,7,0,0,3,68.6,28,-19,10,0.4,0.005909,999999.99,99999.99,99999.99,0.19,0.1,0.08,-1,2009-02-26 18:00:00
2009,57,19,2396,71,71,15,15,4.5,2.7,7.0,117.0,-1.2,2.4,0.3,2.0,1.4,0.2,3.5,1.3,1.0,3.1,31994.0,999.9,393.0,-6.7,-1.2,9.999,4872.0,999.9,2.0,0.5,1.5,9.999,99.99,-0.55,999.99,999.9,99.9,9.9999,7,0,2,3,68.6,21,-14,7,0.2,0.005909,999999.99,99999.99,99999.99,0.24,0.13,0.08,-1,2009-02-26 19:00:00
2009,57,20,2396,51,52,9,5,3.5,3.0,1.1,87.1,0.1,2.9,0.1,2.5,1.5,0.1,1.6,1.5,0.3,0.5,49168.0,7.3,384.0,-5.3,-0.7,0.019,8037.0,0.8,4.0,0.4,0.2,0.002,1.93,-0.58,4.4,14.8,6.8,0.0054,7,0,2,3,68.6,24,-14,10,0.2,0.005909,999999.99,99999.99,99999.99,0.25,0.12,0.1,-1,2009-02-26 20:00:00
2009,57,21,2396,51,52,60,37,3.9,3.3,-14.9,138.0,-2.4,2.1,-0.8,2.2,0.4,0.3,2.1,0.9,0.7,1.7,52862.0,7.5,377.0,-5.5,0.4,0.019,5943.0,0.8,5.0,0.4,0.6,0.002,1.92,-0.15,3.72,13.2,6.5,0.0068,10,0,3,4,68.6,21,-11,10,0.1,0.005909,999999.99,99999.99,99999.99,0.2,0.12,0.1,-1,2009-02-26 21:00:00
2009,57,22,2396,51,52,62,37,5.4,5.0,73.4,61.1,0.7,1.2,4.8,-1.5,4.7,0.4,2.1,1.2,1.3,1.0,55886.0,11.1,397.0,-5.8,-0.5,0.02,10013.0,0.9,5.0,0.6,0.5,0.002,3.16,-1.87,2.92,12.2,6.5,0.0079,10,0,8,4,68.6,22,-8,13,0.1,0.005909,999999.99,99999.99,99999.99,0.19,0.11,0.08,-1,2009-02-26 22:00:00
2009,57,23,2396,51,52,61,38,7.4,6.0,68.5,23.6,2.0,0.9,5.6,-2.2,5.2,0.9,4.3,2.4,3.3,1.4,59339.0,10.8,412.0,-4.9,-0.5,0.018,17396.0,1.5,8.0,1.8,1.4,0.005,3.28,-2.14,1.54,9.1,6.0,0.0142,10,0,11,4,68.6,20,-5,15,0.0,0.005909,999999.99,99999.99,99999.99,0.23,0.12,0.09,-1,2009-02-26 23:00:00
2009,58,0,2396,51,52,64,37,4.8,1.5,4.7,141.4,-1.2,1.0,0.1,0.8,0.6,1.1,4.6,2.0,3.0,2.8,127226.0,11.4,436.0,-0.4,0.8,0.052,6311.0,0.9,8.0,0.7,1.2,0.006,4.37,-0.26,5.26,15.3,6.5,0.0051,17,0,16,6,67.6,20,-3,16,0.3,0.005951,999999.99,99999.99,99999.99,0.21,0.1,0.08,-1,2009-02-27 00:00:00
2009,58,1,2396,51,52,58,36,5.8,3.4,37.8,241.6,-1.3,-2.4,2.1,-3.1,0.6,0.9,4.6,3.0,2.4,2.5,114220.0,11.5,442.0,-0.1,1.3,0.057,10826.0,0.9,7.0,0.8,1.0,0.006,4.61,-0.27,3.45,12.9,6.5,0.0071,17,0,14,6,67.6,44,-13,31,0.4,0.005951,999999.99,99999.99,99999.99,0.19,0.11,0.07,-1,2009-02-27 01:00:00
2009,58,2,2396,51,52,62,38,5.7,5.3,78.1,22.4,1.0,0.4,5.1,-2.1,4.7,0.4,2.1,1.5,1.4,0.5,101058.0,11.4,443.0,-1.8,-0.3,0.048,7883.0,1.0,5.0,0.9,0.5,0.007,4.45,-2.08,3.35,13.1,6.6,0.0069,17,0,11,6,67.6,56,-20,36,0.2,0.005951,999999.99,99999.99,99999.99,0.19,0.1,0.07,-1,2009-02-27 02:00:00
2009,58,3,2396,51,52,60,36,5.9,5.7,50.5,306.6,2.2,-2.9,4.4,-4.5,2.7,0.5,1.3,0.7,0.6,0.8,113840.0,10.7,452.0,0.5,0.5,0.054,14109.0,1.0,2.0,0.6,0.5,0.007,4.44,-1.22,3.1,12.5,6.5,0.0076,17,0,12,6,67.6,58,-14,44,0.5,0.005951,999999.99,99999.99,99999.99,0.21,0.11,0.08,-1,2009-02-27 03:00:00
2009,58,4,2396,51,52,62,37,5.5,3.0,1.9,104.5,-0.7,2.9,0.1,2.6,1.2,1.3,4.8,3.1,2.8,2.3,153003.0,8.6,446.0,-0.6,1.9,0.063,24343.0,1.1,8.0,0.7,1.5,0.007,3.58,-0.54,3.33,11.9,6.0,0.0084,17,0,7,6,67.6,24,-2,22,0.5,0.005951,999999.99,99999.99,99999.99,0.18,0.09,0.07,-1,2009-02-27 04:00:00
2009,58,5,2396,51,52,59,37,5.8,4.9,50.7,31.9,2.6,1.6,3.8,0.2,4.1,0.7,3.1,1.5,2.6,0.9,197448.0,6.2,457.0,-0.2,-0.1,0.054,11622.0,0.5,4.0,1.0,0.5,0.005,2.63,-1.87,2.5,9.8,5.5,0.0124,17,0,1,6,67.6,28,-7,21,0.2,0.005951,999999.99,99999.99,99999.99,0.23,0.11,0.07,-1,2009-02-27 05:00:00
2009,58,6,2396,51,52,59,36,6.1,4.7,35.3,126.4,-2.3,3.1,2.7,2.1,3.5,0.6,3.8,2.8,2.1,1.5,233732.0,6.2,460.0,1.2,-1.4,0.064,21709.0,0.4,4.0,1.2,1.1,0.008,2.75,-1.61,2.51,9.4,5.3,0.0135,20,0,3,7,67.6,25,-3,22,0.1,0.005951,999999.99,99999.99,99999.99,0.22,0.14,0.1,-1,2009-02-27 06:00:00
2009,58,7,2396,51,52,63,38,6.7,5.5,-8.8,121.7,-2.8,4.6,-0.8,4.6,0.5,0.6,3.7,2.3,1.5,2.5,242946.0,6.3,469.0,0.8,-0.1,0.065,28891.0,0.5,13.0,0.8,0.8,0.008,2.92,-0.23,2.17,8.8,5.2,0.0154,20,0,2,7,67.6,61,-27,34,0.6,0.005951,999999.99,99999.99,99999.99,0.24,0.12,0.09,-1,2009-02-27 07:00:00
2009,58,8,2396,51,52,60,37,7.6,6.7,-35.8,190.6,-5.3,-1.0,-3.9,0.0,-4.0,1.6,3.8,1.2,3.0,1.9,202720.0,6.1,486.0,2.5,0.2,0.063,61193.0,0.7,10.0,1.0,1.1,0.014,3.01,1.94,1.45,7.9,5.3,0.0191,20,0,-4,7,67.6,253,-223,30,1.6,0.005951,999999.99,99999.99,99999.99,0.25,0.12,0.09,-1,2009-02-27 08:00:00
2009,58,9,2396,51,52,63,35,8.7,6.2,-23.6,170.7,-5.6,0.9,-2.5,1.4,-2.2,0.4,6.0,2.6,3.1,4.5,174273.0,7.2,509.0,0.8,-1.9,0.059,21998.0,0.8,9.0,1.6,1.8,0.009,3.85,1.12,1.2,7.8,5.5,0.0193,40,0,-20,27,67.6,510,-415,96,2.8,0.005951,999999.99,99999.99,99999.99,0.23,0.11,0.09,-1,2009-02-27 09:00:00
2009,58,10,2396,51,52,63,39,8.2,5.1,19.2,111.5,-1.8,4.5,1.7,4.1,2.6,1.3,6.4,3.1,2.7,4.8,229868.0,6.3,551.0,1.6,-3.2,0.057,56883.0,0.9,22.0,1.6,1.4,0.011,3.92,-1.43,1.4,8.4,5.7,0.0167,40,0,-23,27,67.6,319,-170,149,2.5,0.005951,999999.99,99999.99,99999.99,0.2,0.12,0.09,-1,2009-02-27 10:00:00
2009,58,11,2396,51,52,63,38,7.3,6.3,-21.8,152.0,-5.2,2.8,-2.4,3.2,-1.8,0.4,3.4,0.9,2.8,1.7,267012.0,4.5,577.0,2.1,-1.9,0.064,33268.0,0.6,16.0,1.2,1.0,0.01,3.14,1.04,1.39,8.4,5.7,0.0169,40,0,-20,27,67.6,242,-176,66,2.2,0.005951,999999.99,99999.99,99999.99,0.21,0.12,0.07,-1,2009-02-27 11:00:00
2009,58,12,2396,51,52,59,35,5.6,4.6,12.2,162.2,-4.3,1.4,1.0,1.1,1.3,0.5,3.2,0.8,2.1,2.2,281789.0,4.2,607.0,3.8,-2.1,0.065,26167.0,0.3,7.0,1.3,1.1,0.013,3.26,-0.79,2.29,11.1,6.4,0.0096,33,0,-13,18,67.6,558,-497,61,2.1,0.005951,999999.99,99999.99,99999.99,0.23,0.1,0.07,-1,2009-02-27 12:00:00
2009,58,13,2396,51,52,61,36,5.2,4.4,0.0,132.5,-3.0,3.3,0.0,3.2,0.8,1.4,2.9,1.8,1.8,1.5,310614.0,4.5,612.0,3.4,-1.4,0.05,48292.0,0.4,11.0,1.1,0.8,0.012,3.38,-0.49,3.04,12.5,6.6,0.0076,33,0,-14,18,67.6,219,-156,63,1.4,0.005951,999999.99,99999.99,99999.99,0.17,0.1,0.08,-1,2009-02-27 13:00:00
2009,58,14,2396,51,52,61,37,5.3,4.7,34.2,116.7,-1.7,3.4,2.6,2.6,3.4,0.4,2.4,1.2,1.1,1.7,317272.0,4.0,617.0,2.9,-2.1,0.049,19518.0,0.3,5.0,0.5,0.6,0.006,3.04,-2.1,2.64,11.6,6.4,0.0088,33,0,-15,18,67.6,113,-69,44,0.5,0.005951,999999.99,99999.99,99999.99,0.18,0.09,0.07,-1,2009-02-27 14:00:00
2009,58,15,2396,51,52,60,37,4.4,2.9,52.7,152.5,-1.6,0.8,2.3,0.0,2.4,0.6,3.2,1.0,2.1,2.2,326429.0,4.0,617.0,3.8,-1.6,0.044,22499.0,0.3,7.0,0.5,0.6,0.004,2.99,-1.48,3.91,14.0,6.7,0.006,20,0,-14,7,67.6,98,-68,30,0.6,0.005951,999999.99,99999.99,99999.99,0.22,0.11,0.08,-1,2009-02-27 15:00:00
2009,58,16,2396,51,52,60,37,3.7,1.8,5.7,143.0,-1.4,1.1,0.2,1.0,0.6,0.6,3.2,1.1,2.1,2.1,340789.0,3.5,625.0,2.8,-1.3,0.051,19328.0,0.3,3.0,1.0,0.5,0.004,2.75,-0.38,4.99,15.8,6.9,0.0048,20,0,-16,7,67.6,113,-97,16,0.9,0.005951,999999.99,99999.99,99999.99,0.2,0.1,0.08,-1,2009-02-27 16:00:00
2009,58,17,2396,51,52,61,36,3.7,3.2,6.2,133.3,-2.2,2.3,0.3,2.0,1.2,0.1,1.7,0.9,0.7,1.3,251173.0,2.5,625.0,1.4,-1.7,0.049,44909.0,0.3,5.0,0.5,0.7,0.007,1.95,-0.75,2.88,13.4,7.1,0.0067,20,0,-18,7,67.6,166,-140,26,0.7,0.005951,999999.99,99999.99,99999.99,0.23,0.12,0.09,-1,2009-02-27 17:00:00
2009,58,18,2396,51,52,60,36,3.6,3.0,-18.4,168.7,-2.8,0.6,-0.9,0.9,-0.5,0.1,1.9,0.9,1.3,1.1,200203.0,2.4,635.0,2.3,-0.1,0.037,16530.0,0.2,11.0,1.2,1.0,0.007,1.86,0.32,2.53,13.7,7.7,0.0064,20,0,-16,7,67.6,208,-185,22,1.1,0.005951,999999.99,99999.99,99999.99,0.19,0.11,0.08,-1,2009-02-27 18:00:00
2009,58,19,2396,51,52,62,39,3.7,2.1,30.2,59.1,0.9,1.6,1.1,0.9,1.7,0.5,3.0,1.3,1.9,1.9,199762.0,2.0,675.0,1.7,-1.7,0.041,22347.0,0.2,14.0,0.7,1.4,0.007,1.77,-1.15,1.99,12.9,7.8,0.0071,20,0,-21,7,67.6,237,-196,41,0.8,0.005951,999999.99,99999.99,99999.99,0.24,0.11,0.08,-1,2009-02-27 19:00:00
2009,58,20,2396,51,52,60,37,2.7,2.3,33.0,8.0,1.9,0.3,1.3,-0.4,1.3,0.6,1.6,0.8,1.1,0.8,201599.0,1.6,688.0,2.3,-1.5,0.041,22900.0,0.2,7.0,0.7,0.6,0.005,1.47,-0.89,3.01,16.1,8.5,0.0046,20,0,-20,7,67.6,92,-62,30,0.5,0.005951,999999.99,99999.99,99999.99,0.23,0.1,0.07,-1,2009-02-27 20:00:00
2009,58,21,2396,51,52,60,37,3.7,3.7,17.2,9.4,3.4,0.6,1.1,-0.1,1.3,0.6,0.9,0.6,0.5,0.5,197365.0,1.5,676.0,2.5,-0.4,0.04,34786.0,0.2,9.0,0.5,0.5,0.005,1.33,-0.88,1.48,11.2,7.4,0.0095,20,0,-18,7,67.6,100,-65,35,0.5,0.005951,999999.99,99999.99,99999.99,0.19,0.11,0.08,-1,2009-02-27 21:00:00
2009,58,22,2396,51,52,58,35,3.5,3.3,11.4,29.1,2.8,1.6,0.7,1.0,1.4,0.7,1.2,0.8,0.6,0.7,206329.0,1.7,678.0,2.5,-0.7,0.041,35714.0,0.2,16.0,0.6,0.7,0.005,1.52,-0.95,1.93,12.6,7.7,0.0075,20,0,-13,7,67.6,124,-94,30,0.7,0.005951,999999.99,99999.99,99999.99,0.19,0.11,0.08,-1,2009-02-27 22:00:00
2009,58,23,2396,51,52,59,37,3.3,1.9,53.2,30.2,1.0,0.6,1.6,-0.3,1.7,0.3,2.6,2.2,0.9,1.1,211673.0,1.6,668.0,3.5,-1.6,0.042,43925.0,0.2,21.0,1.0,0.9,0.004,1.39,-1.14,2.08,12.8,7.7,0.0073,20,0,-13,7,67.6,49,-24,25,0.3,0.005951,999999.99,99999.99,99999.99,0.2,0.1,0.08,-1,2009-02-27 23:00:00
2009,59,0,2396,51,52,59,36,3.8,3.2,37.6,107.8,-0.8,2.4,2.0,1.0,3.0,0.6,2.1,1.4,1.2,1.0,198871.0,2.1,662.0,2.2,-2.1,0.042,24818.0,0.2,13.0,1.1,1.0,0.004,1.8,-1.99,1.98,12.6,7.7,0.0075,27,0,-10,12,69.3,25,-6,18,0.0,0.006001,999999.99,99999.99,99999.99,0.23,0.11,0.06,-1,2009-02-28 00:00:00
2009,59,1,2396,51,52,60,36,3.8,3.0,-19.7,149.7,-2.5,1.4,-1.0,1.7,-0.2,0.3,2.2,0.7,1.8,1.1,187549.0,1.7,642.0,2.3,0.1,0.047,14006.0,0.2,10.0,1.8,1.3,0.004,1.39,0.13,1.55,11.0,7.2,0.0098,27,0,-11,12,69.3,34,-11,23,0.2,0.006001,999999.99,99999.99,99999.99,0.25,0.12,0.08,-1,2009-02-28 01:00:00
2009,59,2,2396,51,52,60,35,3.3,2.9,-15.4,149.5,-2.4,1.4,-0.8,1.6,0.0,0.1,1.6,0.7,1.4,0.6,187735.0,1.8,644.0,1.6,-0.8,0.043,17854.0,0.2,11.0,1.4,0.6,0.005,1.46,-0.0,2.17,13.1,7.7,0.0069,27,0,-12,12,69.3,134,-108,26,1.0,0.006001,999999.99,99999.99,99999.99,0.28,0.15,0.09,-1,2009-02-28 02:00:00
2009,59,3,2396,51,52,61,37,3.3,2.7,6.2,131.6,-1.8,2.0,0.3,1.7,1.2,0.2,1.9,1.5,0.6,1.0,187107.0,2.2,637.0,1.8,-1.4,0.036,18912.0,0.1,12.0,0.6,1.1,0.003,1.71,-0.76,2.65,14.3,7.9,0.0058,27,0,-6,12,69.3,102,-69,33,1.2,0.006001,999999.99,99999.99,99999.99,0.22,0.1,0.07,-1,2009-02-28 03:00:00
2009,59,4,2396,51,52,57,36,3.3,1.7,-10.7,68.2,0.6,1.6,-0.3,1.6,0.4,0.2,2.7,1.9,1.3,1.5,192958.0,1.9,640.0,1.1,-0.3,0.04,13444.0,0.2,15.0,0.9,0.9,0.004,1.51,-0.26,2.33,13.4,7.7,0.0067,27,0,-6,12,69.3,32,-8,24,0.6,0.006001,999999.99,99999.99,99999.99,0.22,0.11,0.08,-1,2009-02-28 04:00:00
2009,59,5,2396,51,52,60,37,2.7,2.4,-29.8,150.8,-1.8,1.0,-1.2,1.4,-0.8,0.4,1.2,0.6,0.8,0.6,205304.0,1.7,614.0,1.6,-0.1,0.048,17969.0,0.1,5.0,0.9,0.5,0.003,1.28,0.49,3.24,14.8,7.6,0.0054,27,0,-9,12,69.3,113,-66,48,1.1,0.006001,999999.99,99999.99,99999.99,0.22,0.13,0.09,-1,2009-02-28 05:00:00
2009,59,6,2396,51,52,61,37,2.5,1.8,0.1,126.5,-1.0,1.4,0.0,1.3,0.4,0.3,1.8,1.1,0.8,1.1,194399.0,1.7,619.0,0.4,-0.6,0.045,12579.0,0.1,11.0,0.4,0.7,0.004,1.28,-0.25,3.65,16.1,7.9,0.0046,20,0,-10,7,69.3,227,-194,33,1.3,0.006001,999999.99,99999.99,99999.99,0.22,0.11,0.07,-1,2009-02-28 06:00:00
2009,59,7,2396,51,52,57,35,2.2,1.4,10.5,106.0,-0.4,1.3,0.3,1.2,0.6,0.3,1.7,1.0,1.1,0.7,184398.0,1.6,624.0,0.1,-0.2,0.045,21291.0,0.1,12.0,1.0,0.7,0.007,1.23,-0.37,4.3,17.9,8.3,0.0037,20,0,-11,7,69.3,127,-85,42,0.9,0.006001,999999.99,99999.99,99999.99,0.19,0.11,0.09,-1,2009-02-28 07:00:00
2009,59,8,2396,51,52,60,36,2.2,1.9,8.2,181.3,-1.9,0.0,0.3,-0.1,0.3,0.5,1.3,0.7,0.6,0.9,146767.0,1.5,599.0,1.3,0.7,0.035,25098.0,0.1,5.0,0.5,0.6,0.005,1.02,-0.18,3.55,16.7,8.3,0.0043,20,0,-13,7,69.3,60,-33,27,0.4,0.006001,999999.99,99999.99,99999.99,0.19,0.11,0.08,-1,2009-02-28 08:00:00
2009,59,9,2396,51,52,57,35,1.6,1.0,71.8,133.1,-0.2,0.2,0.9,0.0,0.9,0.3,1.2,0.7,0.8,0.5,149824.0,1.9,579.0,2.1,-0.8,0.031,16703.0,0.1,10.0,0.6,1.0,0.002,1.2,-0.52,8.59,24.9,8.6,0.0019,3,0,-10,2,69.3,115,-91,25,0.4,0.006001,999999.99,99999.99,99999.99,0.22,0.11,0.09,-1,2009-02-28 09:00:00
2009,59,10,2396,51,52,61,37,2.4,1.9,46.9,57.8,0.7,1.1,1.4,0.8,1.6,0.2,1.4,1.1,0.6,0.6,113768.0,2.0,566.0,1.2,-2.2,0.03,13459.0,0.2,7.0,0.7,0.5,0.003,1.2,-0.91,3.5,16.7,8.3,0.0043,3,0,-6,2,69.3,39,-29,10,0.2,0.006001,999999.99,99999.99,99999.99,0.21,0.12,0.08,-1,2009-02-28 10:00:00
2009,59,11,2396,51,52,58,36,2.5,1.7,31.9,58.3,0.8,1.3,0.9,1.1,1.2,0.3,1.8,1.6,0.5,0.7,100061.0,1.9,549.0,1.3,-1.3,0.031,10975.0,0.2,12.0,0.5,0.4,0.005,1.07,-0.66,2.89,15.1,8.1,0.0052,3,0,-4,2,69.3,13,-6,6,0.3,0.006001,999999.99,99999.99,99999.99,0.22,0.11,0.08,-1,2009-02-28 11:00:00
2009,59,12,2396,51,52,59,35,1.9,1.5,21.8,161.2,-1.3,0.4,0.6,0.3,0.7,0.3,1.1,0.7,0.7,0.6,111395.0,1.9,527.0,1.7,-1.3,0.033,10462.0,0.1,5.0,0.5,0.4,0.003,1.0,-0.37,5.25,19.1,8.1,0.0033,0,0,-6,0,69.3,27,-23,3,0.3,0.006001,999999.99,99999.99,99999.99,0.21,0.12,0.1,-1,2009-02-28 12:00:00
2009,59,13,2396,51,52,61,37,2.3,2.1,14.6,153.0,-1.8,0.9,0.5,0.7,0.7,0.1,0.8,0.3,0.7,0.2,92367.0,1.7,525.0,1.7,-1.6,0.035,7517.0,0.1,2.0,0.4,0.2,0.002,0.89,-0.37,2.95,14.9,7.9,0.0054,0,0,-9,0,69.3,28,-26,1,0.3,0.006001,999999.99,99999.99,99999.99,0.24,0.11,0.08,-1,2009-02-28 13:00:00
2009,59,14,2396,51,52,59,36,2.1,1.9,21.8,167.0,-1.7,0.4,0.7,0.2,0.8,0.1,0.8,0.3,0.7,0.2,78578.0,1.6,521.0,1.2,-1.6,0.036,5426.0,0.0,3.0,0.5,0.4,0.002,0.83,-0.42,3.12,15.7,8.2,0.0048,0,0,-10,0,69.3,18,-16,2,0.4,0.006001,999999.99,99999.99,99999.99,0.26,0.12,0.09,-1,2009-02-28 14:00:00
2009,59,15,2396,51,52,59,37,1.8,1.7,4.1,132.9,-1.1,1.2,0.1,1.1,0.5,0.2,0.7,0.3,0.4,0.5,74560.0,1.7,513.0,0.4,-1.4,0.033,2651.0,0.0,3.0,0.3,0.2,0.002,0.85,-0.26,4.43,18.6,8.5,0.0034,0,0,-10,0,69.3,15,-15,0,0.4,0.006001,999999.99,99999.99,99999.99,0.21,0.11,0.07,-1,2009-02-28 15:00:00
2009,59,16,2396,51,52,59,35,1.5,1.2,-17.3,77.0,0.3,1.1,-0.4,1.2,0.0,0.2,0.9,0.8,0.4,0.4,70855.0,1.5,504.0,0.3,-1.7,0.034,5858.0,0.1,8.0,0.3,0.3,0.004,0.72,-0.0,5.53,20.6,8.6,0.0028,0,0,-11,0,69.3,25,-25,0,0.5,0.006001,999999.99,99999.99,99999.99,0.28,0.13,0.07,-1,2009-02-28 16:00:00
2009,59,17,2396,51,52,60,37,1.9,1.7,-27.4,82.9,0.2,1.5,-0.8,1.7,-0.1,0.3,0.8,0.4,0.4,0.5,61127.0,1.6,499.0,0.3,-1.6,0.033,5582.0,0.1,3.0,0.2,0.3,0.003,0.75,0.05,3.49,16.6,8.3,0.0043,0,0,-12,0,69.3,37,-38,-1,0.5,0.006001,999999.99,99999.99,99999.99,0.27,0.12,0.08,-1,2009-02-28 17:00:00
2009,59,18,2396,51,52,61,37,2.1,1.3,23.5,121.2,-0.6,1.0,0.5,0.7,0.9,0.4,1.6,0.8,0.7,1.2,66784.0,1.8,501.0,0.2,-0.8,0.034,6647.0,0.2,3.0,0.5,0.4,0.003,0.86,-0.45,3.31,16.0,8.1,0.0046,10,0,-13,4,69.3,27,-29,-2,0.3,0.006001,999999.99,99999.99,99999.99,0.22,0.12,0.09,-1,2009-02-28 18:00:00
2009,59,19,2396,51,52,60,37,2.0,1.6,-13.2,166.4,-1.6,0.4,-0.4,0.5,-0.2,0.3,1.1,0.4,0.8,0.5,68573.0,2.2,502.0,0.7,-0.2,0.032,5664.0,0.2,3.0,1.1,0.4,0.003,1.04,0.1,4.51,18.6,8.4,0.0034,10,0,-13,4,69.3,29,-23,6,0.4,0.006001,999999.99,99999.99,99999.99,0.19,0.11,0.08,-1,2009-02-28 19:00:00
2009,59,20,2396,51,52,59,36,1.5,0.8,25.6,155.2,-0.7,0.3,0.4,0.1,0.5,0.2,1.3,0.9,0.4,0.9,67065.0,2.4,502.0,0.7,-1.3,0.031,5163.0,0.1,3.0,0.3,0.5,0.002,1.14,-0.25,8.67,25.9,8.9,0.0018,10,0,-12,4,69.3,27,-17,10,0.3,0.006001,999999.99,99999.99,99999.99,0.18,0.1,0.08,-1,2009-02-28 20:00:00
2009,59,21,2396,51,52,59,36,1.5,1.0,57.1,179.1,-0.6,0.0,0.9,-0.5,0.8,0.2,1.0,0.8,0.4,0.5,73424.0,2.3,495.0,0.8,-0.1,0.03,3860.0,0.1,4.0,0.4,0.3,0.002,1.05,-0.4,8.58,25.0,8.6,0.0019,13,0,-9,5,69.3,21,-16,5,0.2,0.006001,999999.99,99999.99,99999.99,0.22,0.12,0.09,-1,2009-02-28 21:00:00
2009,59,22,2396,51,52,61,37,1.8,1.1,80.4,32.4,0.2,0.1,1.1,-0.5,1.0,0.4,1.5,1.1,0.8,0.6,70717.0,2.3,493.0,-0.3,-0.0,0.027,7503.0,0.2,3.0,0.7,0.7,0.002,1.03,-0.49,5.88,20.8,8.4,0.0028,13,0,-7,5,69.3,19,-15,4,0.3,0.006001,999999.99,99999.99,99999.99,0.2,0.11,0.09,-1,2009-02-28 22:00:00
2009,59,23,2396,51,52,58,36,2.4,2.1,37.4,304.9,1.0,-1.4,1.3,-1.9,0.4,0.2,1.1,0.8,0.6,0.5,69075.0,2.5,487.0,0.2,-0.6,0.026,2776.0,0.2,5.0,0.7,0.3,0.001,1.09,-0.19,3.56,16.0,7.9,0.0046,13,0,-4,5,69.3,17,-8,9,0.1,0.006001,999999.99,99999.99,99999.99,0.18,0.1,0.07,-1,2009-02-28 23:00:00
2009,60,0,2396,51,52,61,36,2.5,2.3,6.2,228.4,-1.5,-1.7,0.3,-1.6,-0.6,0.3,0.8,0.6,0.3,0.5,73650.0,2.8,472.0,0.8,-0.2,0.027,5589.0,0.2,4.0,0.4,0.3,0.002,1.15,0.28,3.76,15.8,7.7,0.0048,20,0,-2,7,68.1,22,-10,12,0.1,0.006007,999999.99,99999.99,99999.99,0.21,0.11,0.07,-1,2009-03-01 00:00:00
2009,60,1,2396,51,52,59,37,2.1,1.9,3.3,256.7,-0.4,-1.8,0.1,-1.6,-0.8,0.6,1.0,0.8,0.6,0.3,66889.0,3.6,473.0,1.2,-0.4,0.026,6218.0,0.2,6.0,0.7,0.3,0.002,1.48,0.38,6.63,21.4,8.2,0.0026,20,0,1,7,68.1,40,-28,12,0.6,0.006007,999999.99,99999.99,99999.99,0.19,0.13,0.09,-1,2009-03-01 01:00:00
2009,60,2,2396,51,52,59,36,2.5,2.4,0.6,224.8,-1.7,-1.7,0.0,-1.5,-0.8,0.4,0.8,0.5,0.4,0.3,65053.0,3.5,474.0,1.7,-0.6,0.025,3739.0,0.3,5.0,0.4,0.4,0.003,1.44,0.38,4.51,17.7,8.0,0.0038,20,0,3,7,68.1,48,-33,16,1.3,0.006007,999999.99,99999.99,99999.99,0.23,0.1,0.08,-1,2009-03-01 02:00:00
2009,60,3,2396,51,52,57,34,2.2,1.5,14.8,217.0,-1.2,-0.9,0.4,-1.0,0.0,0.7,1.7,1.4,0.8,0.5,73572.0,3.7,453.0,2.2,-1.2,0.027,12393.0,0.4,8.0,0.7,0.4,0.003,1.4,-0.0,6.42,19.8,7.7,0.003,10,0,-1,4,68.1,39,-10,28,0.8,0.006007,999999.99,99999.99,99999.99,0.2,0.1,0.07,-1,2009-03-01 03:00:00
2009,60,4,2396,51,52,61,38,2.9,2.4,-32.9,148.6,-1.8,1.1,-1.3,1.5,-0.7,0.6,1.7,0.8,1.1,1.0,57970.0,4.6,461.0,0.1,-0.6,0.024,10014.0,0.7,5.0,0.5,0.5,0.002,1.79,0.32,4.24,17.0,7.9,0.0041,10,0,-2,4,68.1,41,-5,36,0.7,0.006007,999999.99,99999.99,99999.99,0.17,0.1,0.08,-1,2009-03-01 04:00:00
2009,60,5,2396,51,52,60,36,3.0,2.6,32.5,355.2,2.2,-0.2,1.4,-0.7,1.2,0.6,1.6,0.9,1.2,0.6,48667.0,4.6,461.0,0.1,-0.5,0.022,9946.0,0.5,4.0,0.3,0.5,0.003,1.78,-0.55,3.76,16.5,8.0,0.0044,10,0,-5,4,68.1,51,-6,45,0.7,0.006007,999999.99,99999.99,99999.99,0.18,0.1,0.09,-1,2009-03-01 05:00:00
2009,60,6,2396,51,52,60,37,3.3,3.2,37.9,323.8,2.0,-1.5,2.0,-2.1,1.4,0.2,0.6,0.4,0.3,0.3,41948.0,4.6,459.0,0.1,-0.1,0.02,4075.0,0.3,3.0,0.2,0.4,0.002,1.75,-0.64,2.99,14.9,7.9,0.0053,7,0,-4,3,68.1,59,-6,52,0.3,0.006007,999999.99,99999.99,99999.99,0.19,0.12,0.09,-1,2009-03-01 06:00:00
2009,60,7,2396,51,52,58,36,2.7,2.5,33.3,306.2,1.3,-1.7,1.4,-2.0,0.9,0.5,1.1,1.0,0.3,0.3,45575.0,4.7,441.0,-0.7,0.5,0.02,6808.0,0.5,8.0,0.6,0.4,0.002,1.65,-0.4,4.67,17.7,7.9,0.0038,7,0,-3,3,68.1,52,-13,40,0.2,0.006007,999999.99,99999.99,99999.99,0.24,0.1,0.07,-1,2009-03-01 07:00:00
2009,60,8,2396,51,52,61,36,3.1,2.4,24.5,346.7,2.1,-0.5,1.0,-0.7,0.8,0.5,2.1,1.6,1.1,0.5,40429.0,5.0,439.0,-0.2,-0.1,0.021,7192.0,0.4,4.0,0.4,0.5,0.001,1.74,-0.35,3.65,15.8,7.8,0.0047,7,0,-3,3,68.1,76,-40,36,0.2,0.006007,999999.99,99999.99,99999.99,0.23,0.1,0.08,-1,2009-03-01 08:00:00
2009,60,9,2396,51,52,59,36,3.6,3.5,21.7,348.7,3.2,-0.6,1.3,-0.9,1.1,0.1,0.6,0.2,0.5,0.2,27144.0,4.7,440.0,-0.1,-0.2,0.02,2746.0,0.2,3.0,0.3,0.4,0.001,1.64,-0.48,2.35,13.2,7.6,0.0068,3,0,-2,2,68.1,57,-32,25,0.2,0.006007,999999.99,99999.99,99999.99,0.28,0.13,0.09,-1,2009-03-01 09:00:00
2009,60,10,2396,51,52,60,37,3.7,3.6,23.4,345.2,3.2,-0.9,1.4,-1.2,1.2,0.2,0.4,0.3,0.3,0.2,28041.0,3.9,436.0,0.2,-0.2,0.02,4125.0,0.5,2.0,0.5,0.5,0.001,1.34,-0.52,1.85,11.6,7.2,0.0088,3,0,-1,2,68.1,20,-6,14,0.1,0.006007,999999.99,99999.99,99999.99,0.17,0.09,0.06,-1,2009-03-01 10:00:00
2009,60,11,2396,51,52,59,36,3.6,3.6,19.6,340.4,3.2,-1.1,1.2,-1.3,0.9,0.3,0.6,0.5,0.4,0.1,26436.0,3.3,432.0,-0.7,-0.8,0.021,4870.0,0.3,5.0,0.2,0.3,0.001,1.11,-0.39,1.64,10.9,7.0,0.01,3,0,-3,2,68.1,13,-7,6,0.1,0.006007,999999.99,99999.99,99999.99,0.21,0.1,0.07,-1,2009-03-01 11:00:00
2009,60,12,2396,51,52,61,36,3.2,2.8,35.7,304.3,1.3,-1.8,1.6,-2.1,1.2,0.3,1.6,1.2,0.9,0.5,43761.0,3.6,437.0,-0.2,-0.7,0.024,7512.0,0.6,4.0,0.5,0.8,0.003,1.26,-0.52,2.52,13.0,7.3,0.0071,7,0,-3,3,68.1,14,-9,5,0.2,0.006007,999999.99,99999.99,99999.99,0.22,0.14,0.11,-1,2009-03-01 12:00:00
2009,60,13,2396,51,52,60,36,3.3,2.6,30.6,24.9,2.1,1.0,1.3,0.6,1.5,0.4,1.9,1.2,1.4,0.3,57986.0,2.5,437.0,-0.0,-1.3,0.024,11112.0,0.4,6.0,1.1,0.5,0.002,0.87,-0.66,1.78,10.5,6.6,0.0109,7,0,-5,3,68.1,14,-10,5,0.3,0.006007,999999.99,99999.99,99999.99,0.22,0.11,0.08,-1,2009-03-01 13:00:00
2009,60,14,2396,51,52,60,35,3.3,3.1,26.5,26.4,2.5,1.2,1.4,0.8,1.7,0.3,1.0,0.3,0.8,0.4,70079.0,2.4,441.0,0.1,-2.1,0.024,5461.0,0.1,2.0,0.6,0.5,0.002,0.85,-0.75,1.82,10.4,6.5,0.0111,7,0,-6,3,68.1,15,-9,6,0.3,0.006007,999999.99,99999.99,99999.99,0.2,0.12,0.08,-1,2009-03-01 14:00:00
2009,60,15,2396,51,52,60,35,3.4,3.1,-4.7,42.7,2.3,2.1,-0.3,2.1,0.4,0.2,1.4,0.7,0.9,0.9,69433.0,2.5,440.0,-0.7,-1.6,0.027,7602.0,0.2,3.0,0.7,0.6,0.002,0.9,-0.18,1.78,10.2,6.4,0.0114,3,0,-8,2,68.1,16,-9,7,0.5,0.006007,999999.99,99999.99,99999.99,0.26,0.13,0.08,-1,2009-03-01 15:00:00
2009,60,16,2396,51,52,60,33,2.9,2.8,-10.5,56.5,1.5,2.3,-0.5,2.3,0.4,0.1,0.7,0.4,0.2,0.5,70770.0,2.7,435.0,-0.9,-1.8,0.026,3052.0,0.1,3.0,0.3,0.4,0.001,0.94,-0.17,2.66,12.3,6.8,0.0078,3,0,-9,2,68.1,26,-21,5,0.4,0.006007,999999.99,99999.99,99999.99,0.23,0.13,0.09,-1,2009-03-01 16:00:00
2009,60,17,2396,51,52,59,37,3.0,2.8,-18.6,67.1,1.0,2.4,-0.9,2.6,0.1,0.1,0.9,0.4,0.3,0.8,66190.0,2.4,432.0,-1.2,-1.6,0.025,4991.0,0.2,3.0,0.8,0.4,0.003,0.82,-0.04,2.16,11.2,6.6,0.0096,3,0,-10,2,68.1,29,-26,2,0.4,0.006007,999999.99,99999.99,99999.99,0.19,0.1,0.07,-1,2009-03-01 17:00:00
2009,60,18,2396,51,52,60,37,3.0,2.7,-5.6,78.4,0.5,2.6,-0.3,2.5,0.9,0.3,1.3,1.1,0.5,0.6,88045.0,1.8,431.0,-1.0,-1.9,0.029,12720.0,0.5,6.0,1.0,0.7,0.003,0.62,-0.39,1.8,9.6,6.0,0.0128,0,0,-11,0,68.1,13,-13,0,0.3,0.006007,999999.99,99999.99,99999.99,0.21,0.13,0.08,-1,2009-03-01 18:00:00
2009,60,19,2396,51,52,59,36,2.6,2.6,6.3,64.0,1.1,2.3,0.3,1.9,1.4,0.2,0.3,0.2,0.1,0.2,109014.0,1.6,428.0,0.4,-2.3,0.03,10812.0,0.1,3.0,0.3,0.2,0.001,0.55,-0.6,2.34,10.4,6.0,0.011,0,0,-12,0,68.1,13,-9,4,0.0,0.006007,999999.99,99999.99,99999.99,0.22,0.12,0.09,-1,2009-03-01 19:00:00
2009,60,20,2396,51,52,58,34,3.1,3.0,6.8,35.7,2.5,1.8,0.4,1.4,1.3,0.1,0.4,0.2,0.3,0.1,107599.0,1.3,409.0,0.6,-2.2,0.031,5409.0,0.1,2.0,0.3,0.2,0.002,0.41,-0.53,1.33,7.5,5.1,0.021,0,0,-11,0,68.1,15,-13,2,0.0,0.006007,999999.99,99999.99,99999.99,0.22,0.12,0.09,-1,2009-03-01 20:00:00
2009,60,21,2396,51,52,60,36,3.1,2.7,-3.1,53.0,1.6,2.2,-0.1,1.9,1.1,0.1,1.4,0.9,0.8,0.6,55361.0,1.8,400.0,-0.8,-1.6,0.024,21882.0,0.3,5.0,1.0,0.7,0.004,0.53,-0.44,1.43,8.7,5.8,0.0159,0,0,-10,0,68.1,16,-14,2,-0.0,0.006007,999999.99,99999.99,99999.99,0.18,0.1,0.07,-1,2009-03-01 21:00:00
2009,60,22,2396,51,52,60,37,3.0,3.0,-6.0,69.4,1.1,2.8,-0.3,2.5,1.2,0.1,0.4,0.3,0.1,0.3,36836.0,2.2,404.0,-1.4,-2.0,0.021,4002.0,0.2,2.0,0.2,0.2,0.002,0.65,-0.48,1.68,10.0,6.4,0.0119,0,0,-7,0,68.1,11,-8,3,0.1,0.006007,999999.99,99999.99,99999.99,0.21,0.13,0.09,-1,2009-03-01 22:00:00
2009,60,23,2396,51,52,58,35,3.1,3.0,4.0,65.0,1.3,2.7,0.2,2.2,1.6,0.2,0.6,0.3,0.3,0.5,37502.0,2.3,394.0,0.4,-1.0,0.02,11522.0,0.3,5.0,0.7,0.6,0.003,0.64,-0.63,1.65,9.6,6.2,0.0128,0,0,-7,0,68.1,9,-5,4,0.0,0.006007,999999.99,99999.99,99999.99,0.21,0.1,0.07,-1,2009-03-01 23:00:00
2009,61,0,2396,51,52,59,35,3.1,2.9,-13.9,68.5,1.0,2.6,-0.7,2.6,0.8,0.2,1.1,0.6,0.2,0.9,30840.0,3.2,390.0,1.3,-1.0,0.02,2606.0,0.2,2.0,1.0,0.4,0.002,0.88,-0.31,2.21,11.3,6.6,0.0094,0,0,-6,0,68.0,10,-4,7,0.1,0.005977,999999.99,99999.99,99999.99,0.23,0.12,0.09,-1,2009-03-02 00:00:00
2009,61,1,2396,51,52,61,37,3.2,3.1,23.8,53.7,1.7,2.3,1.2,1.4,2.2,0.1,0.9,0.2,0.6,0.6,31113.0,2.9,391.0,0.4,-2.3,0.022,4217.0,0.3,3.0,0.8,0.8,0.002,0.81,-0.86,1.88,10.4,6.4,0.011,0,0,-5,0,68.0,8,-4,4,-0.0,0.005977,999999.99,99999.99,99999.99,0.28,0.13,0.08,-1,2009-03-02 01:00:00
2009,61,2,2396,51,52,60,37,2.7,2.5,53.6,0.3,1.5,0.0,2.0,-1.0,1.8,0.4,0.9,0.2,0.8,0.4,36683.0,3.4,391.0,-0.0,-2.9,0.022,3568.0,0.4,2.0,0.5,0.5,0.002,0.94,-0.7,3.2,13.4,6.9,0.0067,0,0,-2,0,68.0,12,-5,7,-0.1,0.005977,999999.99,99999.99,99999.99,0.19,0.09,0.06,-1,2009-03-02 02:00:00
2009,61,3,2396,51,52,58,35,2.4,2.1,17.2,259.5,-0.4,-1.9,0.6,-2.0,-0.3,0.2,1.2,0.6,0.6,0.8,37298.0,3.4,381.0,0.6,-2.4,0.019,3983.0,0.3,2.0,0.4,0.3,0.002,0.89,0.11,4.07,14.6,6.9,0.0056,0,0,-3,0,68.0,13,-4,9,0.0,0.005977,999999.99,99999.99,99999.99,0.22,0.13,0.09,-1,2009-03-02 03:00:00
2009,61,4,2396,51,52,60,36,2.2,0.6,-6.7,133.3,-0.4,0.4,-0.1,0.4,0.1,0.4,2.2,0.7,1.7,1.2,44316.0,2.8,380.0,0.7,-2.9,0.022,8946.0,0.4,3.0,0.4,0.5,0.003,0.73,-0.04,4.16,14.5,6.7,0.0057,0,0,-4,0,68.0,14,-4,10,-0.0,0.005977,999999.99,99999.99,99999.99,0.24,0.13,0.1,-1,2009-03-02 04:00:00
2009,61,5,2396,51,52,60,37,2.4,2.1,7.2,56.6,1.1,1.7,0.3,1.5,0.9,0.2,1.1,0.8,0.3,0.8,42733.0,2.4,382.0,-0.1,-3.2,0.023,8524.0,0.2,3.0,0.4,0.4,0.002,0.64,-0.34,2.97,12.3,6.5,0.0078,0,0,-6,0,68.0,16,-5,12,0.1,0.005977,999999.99,99999.99,99999.99,0.21,0.1,0.08,-1,2009-03-02 05:00:00
2009,61,6,2396,51,52,60,37,2.2,2.1,25.2,28.1,1.7,0.9,0.9,0.6,1.1,0.2,0.7,0.4,0.4,0.4,45306.0,2.5,379.0,-0.4,-3.2,0.021,7206.0,0.2,4.0,0.7,0.5,0.001,0.65,-0.42,3.73,13.6,6.6,0.0064,0,0,-5,0,68.0,12,-2,10,0.1,0.005977,999999.99,99999.99,99999.99,0.27,0.12,0.09,-1,2009-03-02 06:00:00
2009,61,7,2396,51,52,60,36,2.1,1.9,35.3,23.2,1.5,0.6,1.1,0.3,1.2,0.2,0.9,0.4,0.5,0.6,46285.0,2.0,378.0,-0.1,-3.3,0.023,5127.0,0.3,3.0,0.3,0.3,0.002,0.52,-0.45,3.29,12.7,6.5,0.0073,0,0,-5,0,68.0,10,-2,8,0.1,0.005977,999999.99,99999.99,99999.99,0.23,0.14,0.1,-1,2009-03-02 07:00:00
2009,61,8,2396,51,52,60,36,2.2,2.1,33.3,13.6,1.7,0.4,1.2,0.1,1.3,0.1,0.5,0.2,0.3,0.2,48141.0,1.8,377.0,0.1,-3.2,0.024,4862.0,0.1,1.0,0.4,0.3,0.002,0.47,-0.49,2.73,11.5,6.3,0.009,0,0,-6,0,68.0,9,-5,4,-0.1,0.005977,999999.99,99999.99,99999.99,0.25,0.11,0.09,-1,2009-03-02 08:00:00
2009,61,9,2396,51,52,57,35,1.4,0.8,-18.7,311.2,0.5,-0.5,-0.2,-0.4,-0.3,0.4,1.3,1.0,0.4,0.6,40467.0,2.6,369.0,1.8,-1.9,0.021,5672.0,0.4,7.0,1.1,0.7,0.002,0.64,0.11,9.32,21.2,7.1,0.0026,3,0,-4,2,68.0,10,-5,5,-0.0,0.005977,999999.99,99999.99,99999.99,0.2,0.12,0.08,-1,2009-03-02 09:00:00
2009,61,10,2396,51,52,60,37,1.6,1.6,-40.0,219.0,-0.9,-0.8,-1.0,-0.6,-1.1,0.1,0.4,0.2,0.3,0.2,29267.0,2.4,359.0,2.3,-1.1,0.019,2593.0,0.1,2.0,0.3,0.3,0.001,0.56,0.39,6.15,17.4,6.9,0.0039,3,0,-4,2,68.0,16,-6,9,0.2,0.005977,999999.99,99999.99,99999.99,0.22,0.11,0.07,-1,2009-03-02 10:00:00
2009,61,11,2396,51,52,61,37,1.1,0.4,51.2,18.2,0.3,0.1,0.4,0.0,0.4,0.2,1.0,0.4,0.5,0.8,30963.0,2.5,368.0,1.1,-2.9,0.018,3263.0,0.2,4.0,0.9,0.9,0.002,0.61,-0.15,13.69,26.4,7.4,0.0017,3,0,-6,2,68.0,17,-14,3,0.2,0.005977,999999.99,99999.99,99999.99,0.17,0.09,0.07,-1,2009-03-02 11:00:00
2009,61,12,2396,51,52,59,33,1.4,1.3,56.6,30.7,0.6,0.4,1.1,0.1,1.2,0.2,0.7,0.5,0.2,0.3,26078.0,2.6,366.0,0.6,-2.7,0.017,3611.0,0.2,3.0,0.2,0.4,0.001,0.62,-0.44,8.52,21.1,7.3,0.0027,3,0,-6,2,68.0,60,-58,2,0.2,0.005977,999999.99,99999.99,99999.99,0.2,0.11,0.09,-1,2009-03-02 12:00:00
2009,61,13,2396,51,52,59,36,1.3,0.9,47.7,95.6,-0.1,0.6,0.7,0.4,0.8,0.2,0.9,0.7,0.4,0.3,27776.0,3.2,358.0,0.7,-3.0,0.017,1380.0,0.3,2.0,0.3,0.3,0.001,0.73,-0.29,12.3,24.6,7.2,0.002,3,0,-7,2,68.0,20,-14,6,0.3,0.005977,999999.99,99999.99,99999.99,0.22,0.1,0.07,-1,2009-03-02 13:00:00
2009,61,14,2396,51,52,60,37,2.0,1.9,-16.3,165.8,-1.8,0.5,-0.5,0.6,-0.3,0.1,0.4,0.2,0.2,0.3,27459.0,3.4,356.0,0.6,-3.3,0.016,1639.0,0.1,2.0,0.2,0.4,0.001,0.77,0.11,5.51,16.4,6.8,0.0044,3,0,-8,2,68.0,17,-14,3,0.4,0.005977,999999.99,99999.99,99999.99,0.26,0.12,0.08,-1,2009-03-02 14:00:00
2009,61,15,2396,51,52,59,37,1.4,1.1,10.9,165.9,-1.0,0.3,0.2,0.2,0.3,0.1,0.9,0.5,0.4,0.7,26012.0,3.7,355.0,0.5,-3.7,0.018,1595.0,0.2,2.0,0.6,0.5,0.001,0.83,-0.11,12.12,24.4,7.2,0.002,0,0,-9,0,68.0,17,-13,4,0.4,0.005977,999999.99,99999.99,99999.99,0.22,0.11,0.08,-1,2009-03-02 15:00:00
2009,61,16,2396,51,52,61,37,1.2,1.1,44.4,344.4,0.8,-0.2,0.8,-0.5,0.7,0.4,0.6,0.4,0.3,0.3,23425.0,3.7,352.0,-0.9,-2.8,0.017,1993.0,0.3,2.0,0.1,0.2,0.003,0.82,-0.25,16.22,28.2,7.3,0.0015,0,0,-8,0,68.0,17,-14,2,0.4,0.005977,999999.99,99999.99,99999.99,0.23,0.14,0.1,-1,2009-03-02 16:00:00
2009,61,17,2396,51,52,60,36,1.8,1.8,13.2,8.6,1.7,0.3,0.4,0.1,0.5,0.2,0.5,0.1,0.2,0.4,20942.0,3.4,353.0,-0.8,-2.8,0.011,1781.0,0.2,1.0,0.1,0.2,0.003,0.74,-0.18,6.52,18.1,7.0,0.0036,0,0,-10,0,68.0,15,-12,2,0.4,0.005977,999999.99,99999.99,99999.99,0.2,0.11,0.09,-1,2009-03-02 17:00:00
2009,61,18,2396,51,52,57,36,1.5,1.4,-26.8,8.9,1.2,0.2,-0.6,0.4,-0.4,0.2,0.6,0.4,0.4,0.2,18730.0,3.5,348.0,-1.0,-2.9,0.011,2280.0,0.2,3.0,0.6,0.3,0.003,0.74,0.14,9.52,21.7,7.1,0.0025,3,0,-9,2,68.0,14,-9,5,0.4,0.005977,999999.99,99999.99,99999.99,0.18,0.1,0.08,-1,2009-03-02 18:00:00
2009,61,19,2396,51,52,59,36,1.3,1.1,-43.6,67.2,0.3,0.7,-0.7,0.9,-0.3,0.2,0.6,0.4,0.3,0.3,12544.0,4.2,336.0,-1.5,-4.5,0.005,1085.0,0.3,2.0,0.2,0.3,0.001,0.81,0.1,14.57,26.5,7.2,0.0017,3,0,-6,2,68.0,12,-9,3,0.2,0.005977,999999.99,99999.99,99999.99,0.19,0.11,0.07,-1,2009-03-02 19:00:00
2009,61,20,2396,51,52,60,36,1.5,1.2,-2.0,120.8,-0.6,1.0,0.0,0.9,0.5,0.1,0.8,0.5,0.4,0.5,14755.0,4.5,334.0,-1.3,-3.9,0.004,1109.0,0.2,2.0,0.4,0.3,0.001,0.85,-0.17,11.91,23.6,7.0,0.0021,3,0,-5,2,68.0,16,-12,3,0.2,0.005977,999999.99,99999.99,99999.99,0.23,0.13,0.1,-1,2009-03-02 20:00:00
2009,61,21,2396,51,52,58,35,1.4,1.2,31.2,170.4,-1.0,0.2,0.6,-0.1,0.6,0.1,0.7,0.2,0.6,0.3,14427.0,4.8,327.0,-0.7,-5.1,0.004,1111.0,0.3,3.0,0.3,0.5,0.001,0.87,-0.2,14.55,25.6,6.9,0.0018,0,0,-4,0,68.0,18,-13,6,0.1,0.005977,999999.99,99999.99,99999.99,0.25,0.11,0.09,-1,2009-03-02 21:00:00
2009,61,22,2396,51,52,59,36,1.1,1.1,29.2,164.1,-0.9,0.3,0.5,0.0,0.6,0.1,0.3,0.2,0.2,0.2,13732.0,5.5,323.0,-0.8,-5.3,0.004,856.0,0.2,2.0,0.3,0.2,0.0,0.97,-0.19,26.87,34.4,7.0,0.001,0,0,-2,0,68.0,18,-12,6,0.1,0.005977,999999.99,99999.99,99999.99,0.21,0.11,0.08,-1,2009-03-02 22:00:00
2009,61,23,2396,51,52,60,37,1.6,1.6,14.1,158.6,-1.4,0.6,0.4,0.3,0.7,0.2,0.3,0.1,0.2,0.1,12226.0,5.6,320.0,-0.8,-5.0,0.005,443.0,0.2,1.0,0.2,0.1,0.0,0.98,-0.22,12.79,23.7,6.8,0.0021,0,0,-3,0,68.0,13,-8,5,-0.0,0.005977,999999.99,99999.99,99999.99,0.2,0.12,0.08,-1,2009-03-02 23:00:00
2009,62,0,2396,51,52,59,36,1.4,1.4,4.8,156.6,-1.3,0.6,0.1,0.5,0.4,0.1,0.3,0.1,0.3,0.2,12396.0,5.8,320.0,-0.6,-4.9,0.004,669.0,0.2,1.0,0.2,0.1,0.0,1.01,-0.13,17.33,27.5,6.9,0.0016,10,0,-4,4,68.0,12,-6,6,-0.0,0.005998,999999.99,99999.99,99999.99,0.24,0.12,0.08,-1,2009-03-03 00:00:00
2009,62,1,2396,51,52,60,35,1.3,1.2,-9.1,151.5,-1.0,0.6,-0.2,0.6,0.1,0.2,0.4,0.2,0.2,0.3,11895.0,6.4,317.0,-1.4,-4.7,0.003,635.0,0.2,1.0,0.3,0.3,0.0,1.09,-0.03,22.1,30.8,6.9,0.0013,10,0,-3,4,68.0,17,-10,8,0.0,0.005998,999999.99,99999.99,99999.99,0.25,0.12,0.08,-1,2009-03-03 01:00:00
2009,62,2,2396,51,52,60,37,1.5,1.4,4.1,208.3,-1.3,-0.7,0.1,-0.7,-0.2,0.2,0.5,0.1,0.3,0.3,10987.0,6.5,315.0,-0.4,-5.1,0.003,643.0,0.2,1.0,0.3,0.4,0.0,1.09,0.06,16.75,26.8,6.8,0.0017,10,0,-1,4,68.0,19,-11,9,0.1,0.005998,999999.99,99999.99,99999.99,0.2,0.12,0.09,-1,2009-03-03 02:00:00
2009,62,3,2396,51,52,60,36,1.6,0.9,42.4,304.6,0.4,-0.5,0.6,-0.7,0.3,0.4,1.5,0.6,1.0,0.8,11055.0,6.6,318.0,-0.7,-4.6,0.004,696.0,0.3,2.0,0.5,0.3,0.001,1.13,-0.1,14.95,25.5,6.8,0.0018,7,0,3,3,68.0,16,-8,8,0.2,0.005998,999999.99,99999.99,99999.99,0.23,0.12,0.1,-1,2009-03-03 03:00:00
2009,62,4,2396,51,52,60,37,1.8,1.7,4.4,275.8,0.2,-1.7,0.1,-1.6,-0.6,0.4,0.6,0.2,0.5,0.4,11690.0,6.4,315.0,0.9,-4.3,0.006,1343.0,0.4,1.0,0.6,0.4,0.001,1.09,0.19,11.51,22.1,6.7,0.0024,7,0,3,3,68.0,14,-4,10,0.1,0.005998,999999.99,99999.99,99999.99,0.16,0.1,0.07,-1,2009-03-03 04:00:00
2009,62,5,2396,51,52,60,36,1.8,1.7,12.3,289.3,0.5,-1.6,0.4,-1.6,-0.2,0.4,0.7,0.3,0.5,0.4,10703.0,7.2,316.0,0.9,-3.3,0.006,1093.0,0.6,1.0,0.2,0.3,0.001,1.23,0.06,12.86,23.6,6.8,0.0021,7,0,4,3,68.0,22,-2,21,0.2,0.005998,999999.99,99999.99,99999.99,0.19,0.12,0.09,-1,2009-03-03 05:00:00
2009,62,6,2396,51,52,66,41,4.3,2.7,48.0,324.4,1.5,-1.1,2.0,-1.7,1.5,1.2,3.5,0.8,2.7,2.2,19814.0,15.2,340.0,-0.1,-0.2,0.005,4871.0,3.5,10.0,0.6,1.4,0.002,2.99,-0.51,5.07,15.4,6.6,0.005,17,0,14,6,68.0,44,-3,41,0.3,0.005998,999999.99,99999.99,99999.99,0.23,0.13,0.1,-1,2009-03-03 06:00:00
2009,62,7,2396,51,52,59,36,5.3,3.1,-12.6,98.8,-0.5,3.0,-0.7,3.1,0.2,1.2,4.4,1.2,2.9,3.0,34262.0,23.2,347.0,-0.8,1.0,0.007,9601.0,3.1,2.0,0.9,0.8,0.002,4.8,-0.07,5.59,15.8,6.5,0.0048,17,0,19,6,68.0,79,-27,52,0.6,0.005998,999999.99,99999.99,99999.99,0.22,0.11,0.08,-1,2009-03-03 07:00:00
2009,62,8,2396,51,52,62,37,5.3,5.0,47.7,30.1,2.9,1.7,3.7,0.7,4.0,1.5,2.1,0.9,1.2,1.5,42036.0,20.8,353.0,-0.4,0.5,0.006,5555.0,2.2,5.0,1.8,0.8,0.001,4.43,-1.41,5.25,15.2,6.5,0.0052,17,0,14,6,68.0,52,-11,41,0.3,0.005998,999999.99,99999.99,99999.99,0.2,0.11,0.08,-1,2009-03-03 08:00:00
2009,62,9,2396,51,52,60,35,6.8,5.7,18.0,77.1,1.2,5.3,1.8,4.8,3.0,0.7,3.7,1.9,2.1,2.4,41711.0,18.7,357.0,-1.7,0.9,0.004,10001.0,1.8,3.0,0.8,0.4,0.001,4.04,-1.07,2.86,11.4,6.1,0.0092,23,0,15,9,68.0,27,-3,24,0.2,0.005998,999999.99,99999.99,99999.99,0.23,0.11,0.08,-1,2009-03-03 09:00:00
2009,62,10,2396,51,52,59,36,7.6,5.3,5.8,89.8,0.0,5.3,0.5,5.1,1.6,1.1,5.5,3.7,2.5,3.2,33816.0,18.2,357.0,-1.0,1.2,0.004,11073.0,3.2,5.0,1.1,1.1,0.002,3.94,-0.57,2.13,10.0,6.0,0.0118,23,0,15,9,68.0,30,-15,16,0.6,0.005998,999999.99,99999.99,99999.99,0.26,0.11,0.08,-1,2009-03-03 10:00:00
2009,62,11,2396,51,52,63,39,10.0,9.6,41.6,44.8,5.1,5.1,6.4,3.6,7.4,1.0,2.9,2.2,1.3,1.3,26711.0,7.7,358.0,-0.1,1.3,0.007,6350.0,5.5,9.0,1.2,1.6,0.002,1.69,-2.65,0.5,5.0,4.2,0.0482,23,0,6,9,68.0,56,-50,6,0.1,0.005998,999999.99,99999.99,99999.99,0.26,0.12,0.08,-1,2009-03-03 11:00:00
2009,62,12,2396,51,52,60,36,10.5,10.2,33.4,43.4,6.2,5.9,5.6,4.5,6.8,0.2,2.0,0.6,1.2,1.5,23390.0,6.5,368.0,0.2,0.4,0.008,2968.0,1.7,3.0,1.5,0.9,0.001,1.52,-2.5,0.37,4.5,3.9,0.0596,20,0,5,7,68.0,25,-19,6,0.1,0.005998,999999.99,99999.99,99999.99,0.25,0.13,0.1,-1,2009-03-03 12:00:00
2009,62,13,2396,51,52,59,36,9.8,9.4,18.8,56.4,5.0,7.5,3.0,6.5,4.8,0.5,2.7,1.2,1.4,2.0,18696.0,12.0,366.0,-0.7,0.2,0.007,2963.0,3.6,5.0,1.5,0.9,0.001,2.76,-1.76,0.76,6.5,5.0,0.0284,20,0,9,7,68.0,24,-12,13,0.3,0.005998,999999.99,99999.99,99999.99,0.22,0.13,0.09,-1,2009-03-03 13:00:00
2009,62,14,2396,51,52,57,35,8.9,8.2,-24.8,93.4,-0.4,7.4,-3.4,8.1,-1.2,0.3,3.4,2.4,1.2,2.1,22707.0,14.9,354.0,-1.1,1.5,0.005,3526.0,1.4,6.0,0.6,0.8,0.001,3.18,0.42,1.18,7.7,5.4,0.0202,20,0,9,7,68.0,24,-13,11,0.7,0.005998,999999.99,99999.99,99999.99,0.22,0.12,0.09,-1,2009-03-03 14:00:00
2009,62,15,2396,51,52,67,41,9.4,8.9,-36.4,128.7,-4.5,5.6,-5.3,7.0,-3.2,0.5,2.9,2.3,1.5,1.1,31852.0,8.7,370.0,-1.7,-0.2,0.007,8804.0,3.3,14.0,1.9,1.7,0.002,2.04,1.18,0.66,5.8,4.6,0.0353,23,0,2,9,68.0,148,-138,10,1.0,0.005998,999999.99,99999.99,99999.99,0.23,0.12,0.08,-1,2009-03-03 15:00:00
2009,62,16,2396,51,52,60,38,8.5,7.6,-26.7,124.0,-3.8,5.7,-3.4,6.5,-1.1,1.3,3.8,2.3,2.0,2.3,71711.0,12.7,385.0,0.0,-2.4,0.009,32749.0,3.4,13.0,1.9,1.6,0.003,3.26,0.42,1.46,8.1,5.4,0.0183,23,0,3,9,68.0,356,-322,33,1.7,0.005998,999999.99,99999.99,99999.99,0.24,0.13,0.09,-1,2009-03-03 16:00:00
2009,62,17,2396,51,52,59,36,10.9,10.4,-13.0,133.7,-7.0,7.3,-2.3,7.6,0.8,0.7,3.1,1.1,2.0,2.2,36975.0,8.1,381.0,-0.3,-0.4,0.006,18802.0,1.7,5.0,0.6,1.0,0.002,2.01,-0.3,0.47,5.0,4.2,0.0481,23,0,-3,9,68.0,112,-99,13,0.9,0.005998,999999.99,99999.99,99999.99,0.22,0.12,0.09,-1,2009-03-03 17:00:00
2009,62,18,2396,51,52,58,34,10.1,10.1,-26.7,121.2,-4.7,7.7,-4.5,8.9,-0.6,0.8,1.3,0.9,0.7,0.7,35926.0,7.3,371.0,-1.0,-2.5,0.005,7805.0,0.9,12.0,1.3,1.4,0.002,1.71,0.22,0.49,5.0,4.2,0.0483,27,0,-4,12,68.0,86,-56,29,1.0,0.005998,999999.99,99999.99,99999.99,0.23,0.11,0.08,-1,2009-03-03 18:00:00
2009,62,19,2396,51,52,57,35,6.8,6.3,-22.4,123.2,-3.2,4.9,-2.4,5.5,0.2,0.4,2.2,1.2,1.1,1.5,79105.0,15.2,366.0,1.6,-1.7,0.01,7389.0,2.1,6.0,0.5,1.1,0.002,3.54,-0.07,2.84,10.5,5.6,0.0108,27,0,1,12,68.0,202,-170,32,1.6,0.005998,999999.99,99999.99,99999.99,0.18,0.1,0.07,-1,2009-03-03 19:00:00
2009,62,20,2396,51,52,62,38,8.6,8.3,-24.1,123.2,-4.1,6.3,-3.4,7.2,0.3,1.6,2.7,1.5,1.7,1.4,54966.0,13.4,368.0,0.1,-0.5,0.006,23608.0,3.3,8.0,0.6,1.8,0.003,3.1,-0.11,1.38,7.8,5.3,0.0194,27,0,2,12,68.0,41,-22,19,0.9,0.005998,999999.99,99999.99,99999.99,0.23,0.11,0.08,-1,2009-03-03 20:00:00
2009,62,21,2396,51,52,55,33,9.1,9.0,-38.0,118.8,-3.4,6.2,-5.5,8.2,-1.4,0.1,1.2,0.8,0.4,0.8,32673.0,12.4,354.0,-0.6,-3.4,0.005,4585.0,1.2,9.0,0.4,1.2,0.001,2.65,0.5,1.0,6.8,5.0,0.0254,23,0,1,9,68.0,72,-49,23,0.9,0.005998,999999.99,99999.99,99999.99,0.19,0.12,0.1,-1,2009-03-03 21:00:00
2009,62,22,2396,51,52,60,35,5.5,4.2,-5.7,98.4,-0.6,4.1,-0.4,3.7,1.9,1.8,4.0,1.6,1.9,3.1,70932.0,12.7,329.0,2.8,-0.6,0.012,15875.0,2.5,6.0,1.4,2.2,0.004,2.41,-0.63,3.48,10.7,5.3,0.0105,23,0,-1,9,68.0,233,-194,39,1.8,0.005998,999999.99,99999.99,99999.99,0.26,0.13,0.1,-1,2009-03-03 22:00:00
2009,62,23,2396,51,52,61,38,6.5,3.8,-28.9,106.8,-1.0,3.2,-1.9,3.7,0.1,1.3,5.3,2.2,2.7,3.9,52303.0,13.5,329.0,3.1,-1.5,0.009,22125.0,2.1,11.0,2.6,3.6,0.002,2.53,-0.03,2.4,9.3,5.3,0.0138,23,0,1,9,68.0,36,-6,30,0.7,0.005998,999999.99,99999.99,99999.99,0.27,0.12,0.08,-1,2009-03-03 23:00:00
2009,63,0,2396,51,52,59,36,7.7,7.0,2.9,151.7,-6.1,3.3,0.3,2.6,2.0,0.2,3.1,1.5,1.2,2.5,30253.0,9.7,354.0,4.2,-0.0,0.009,4717.0,0.7,7.0,1.1,2.3,0.002,2.1,-0.71,1.08,7.2,5.2,0.0232,20,0,-3,7,68.6,20,-7,13,0.4,0.005963,999999.99,99999.99,99999.99,0.29,0.13,0.08,-1,2009-03-04 00:00:00
2009,63,1,2396,51,52,63,36,7.9,6.9,-5.7,143.1,-5.5,4.1,-0.7,3.9,1.5,0.3,3.6,1.7,2.3,2.2,40151.0,9.4,346.0,5.7,-0.9,0.014,9165.0,0.7,10.0,2.8,2.6,0.002,1.98,-0.52,1.06,6.7,4.9,0.0264,20,0,-1,7,68.6,31,-8,23,0.2,0.005963,999999.99,99999.99,99999.99,0.25,0.12,0.08,-1,2009-03-04 01:00:00
2009,63,2,2396,51,52,60,37,8.5,8.3,-14.0,182.6,-8.1,-0.4,-2.0,0.6,-1.9,0.1,1.6,0.3,1.2,1.0,29898.0,9.1,356.0,1.8,-2.3,0.009,5644.0,0.6,2.0,1.5,1.0,0.001,2.0,0.68,0.83,6.3,4.8,0.0298,20,0,-1,7,68.6,93,-56,37,0.7,0.005963,999999.99,99999.99,99999.99,0.22,0.12,0.09,-1,2009-03-04 02:00:00
2009,63,3,2396,51,52,59,36,7.9,7.8,-26.2,190.8,-6.9,-1.3,-3.5,0.4,-3.7,0.3,1.1,0.3,0.7,0.7,39333.0,9.5,352.0,0.4,-3.9,0.011,8456.0,0.5,3.0,0.8,0.4,0.003,2.05,1.3,1.06,6.9,5.0,0.0252,27,0,-4,12,68.6,288,-222,66,2.2,0.005963,999999.99,99999.99,99999.99,0.29,0.13,0.09,-1,2009-03-04 03:00:00
2009,63,4,2396,51,52,61,38,7.5,7.4,-25.7,193.8,-6.5,-1.6,-3.2,-0.2,-3.6,0.4,1.1,0.5,0.9,0.4,47535.0,9.3,357.0,0.8,-4.7,0.01,6619.0,1.2,5.0,0.7,0.6,0.002,2.06,1.29,1.21,7.3,5.1,0.0226,27,0,-6,12,68.6,246,-145,101,2.5,0.005963,999999.99,99999.99,99999.99,0.27,0.11,0.08,-1,2009-03-04 04:00:00
2009,63,5,2396,51,52,61,37,7.9,7.9,-25.6,204.8,-6.4,-3.0,-3.4,-1.6,-4.3,0.1,0.5,0.2,0.4,0.2,43934.0,8.3,363.0,1.1,-5.5,0.01,4520.0,0.3,2.0,0.8,0.2,0.001,1.9,1.56,0.95,6.6,4.9,0.0271,27,0,-9,12,68.6,185,-89,97,1.9,0.005963,999999.99,99999.99,99999.99,0.23,0.12,0.1,-1,2009-03-04 05:00:00
2009,63,6,2396,51,52,57,34,6.9,6.8,-17.4,209.2,-5.7,-3.2,-2.0,-2.4,-2.9,0.8,1.1,0.6,0.5,0.8,59145.0,10.4,355.0,0.1,-3.8,0.014,7020.0,1.9,7.0,0.9,1.2,0.003,2.31,1.03,1.7,8.3,5.3,0.0173,13,0,-11,5,68.6,244,-116,128,2.2,0.005963,999999.99,99999.99,99999.99,0.21,0.1,0.08,-1,2009-03-04 06:00:00
2009,63,7,2396,51,52,61,37,6.0,6.0,-9.8,217.1,-4.7,-3.6,-1.0,-3.2,-2.0,0.5,0.7,0.4,0.3,0.4,69170.0,11.5,347.0,0.3,-3.5,0.016,6260.0,0.9,3.0,0.4,0.5,0.002,2.46,0.69,2.63,9.8,5.4,0.0124,13,0,-12,5,68.6,193,-75,118,1.9,0.005963,999999.99,99999.99,99999.99,0.24,0.13,0.08,-1,2009-03-04 07:00:00
2009,63,8,2396,51,52,60,37,4.6,3.9,-3.7,232.0,-2.4,-3.1,-0.3,-2.9,-1.1,0.8,2.4,2.1,0.9,0.8,88105.0,11.9,347.0,1.6,-2.8,0.016,8277.0,0.9,4.0,0.9,0.6,0.005,2.55,0.38,5.06,13.0,5.6,0.007,13,0,-11,5,68.6,174,-86,88,1.8,0.005963,999999.99,99999.99,99999.99,0.19,0.11,0.08,-1,2009-03-04 08:00:00
2009,63,9,2396,51,52,60,36,5.2,5.0,-8.4,218.2,-3.9,-3.0,-0.7,-2.8,-1.4,0.6,1.5,0.6,1.2,0.6,88117.0,10.4,359.0,0.7,-2.3,0.012,5918.0,1.1,9.0,0.9,0.5,0.003,2.35,0.5,3.46,11.1,5.6,0.0096,13,0,-9,5,68.6,105,-59,46,1.4,0.005963,999999.99,99999.99,99999.99,0.18,0.11,0.08,-1,2009-03-04 09:00:00
2009,63,10,2396,51,52,62,36,5.5,5.2,-9.1,222.8,-3.8,-3.5,-0.8,-3.2,-1.5,0.4,1.7,1.1,1.0,0.7,79420.0,8.8,359.0,1.4,-3.2,0.014,13553.0,0.8,6.0,1.1,0.6,0.004,2.0,0.54,2.51,9.7,5.4,0.0127,13,0,-9,5,68.6,137,-84,53,0.9,0.005963,999999.99,99999.99,99999.99,0.23,0.11,0.09,-1,2009-03-04 10:00:00
2009,63,11,2396,51,52,61,37,4.8,3.0,-21.9,236.5,-1.5,-2.3,-1.1,-2.0,-1.6,1.4,3.9,3.2,1.6,1.5,74422.0,8.7,361.0,1.8,-3.4,0.014,14516.0,1.5,6.0,0.8,0.6,0.004,2.0,0.58,3.19,11.1,5.7,0.0097,13,0,-11,5,68.6,272,-167,106,1.5,0.005963,999999.99,99999.99,99999.99,0.27,0.15,0.09,-1,2009-03-04 11:00:00
2009,63,12,2396,51,52,56,35,4.9,3.8,29.4,323.9,2.7,-2.0,1.9,-2.4,1.4,0.5,3.1,1.2,2.7,1.0,73438.0,9.5,353.0,0.7,-2.6,0.019,5770.0,0.8,6.0,1.5,0.4,0.001,2.13,-0.49,3.32,11.1,5.6,0.0096,17,0,-14,6,68.6,257,-104,154,1.0,0.005963,999999.99,99999.99,99999.99,0.19,0.1,0.07,-1,2009-03-04 12:00:00
2009,63,13,2396,51,52,62,35,5.1,4.9,30.8,305.9,2.5,-3.4,2.5,-3.9,1.6,0.2,1.5,0.8,1.0,0.6,75950.0,8.9,351.0,-1.5,-2.3,0.018,4658.0,0.4,2.0,0.5,0.3,0.002,1.96,-0.56,2.91,10.3,5.5,0.0113,17,0,-13,6,68.6,95,-49,46,0.8,0.005963,999999.99,99999.99,99999.99,0.21,0.12,0.09,-1,2009-03-04 13:00:00
2009,63,14,2396,51,52,63,36,2.9,2.2,-13.5,220.9,-1.6,-1.4,-0.5,-1.2,-0.9,0.8,2.0,0.9,1.4,1.1,66626.0,12.2,371.0,-0.6,-3.4,0.017,8240.0,1.3,5.0,0.6,0.6,0.001,2.99,0.33,11.77,22.3,6.7,0.0024,17,0,-8,6,68.6,47,-18,28,0.9,0.005963,999999.99,99999.99,99999.99,0.21,0.11,0.09,-1,2009-03-04 14:00:00
2009,63,15,2396,51,52,18,6,2.2,2.0,-4.4,224.4,-1.4,-1.4,-0.2,-1.3,-0.6,0.4,1.1,0.7,0.7,0.4,81804.0,13.7,373.0,1.3,-2.4,0.017,52906.0,0.6,9.0,2.2,0.3,0.001,3.4,0.22,24.75,31.4,6.6,0.0012,10,0,-4,4,68.6,111,-97,14,1.2,0.005963,999999.99,99999.99,99999.99,0.22,0.13,0.09,-1,2009-03-04 15:00:00
2009,63,16,2396,51,52,60,13,4.8,4.0,-7.3,222.1,-2.9,-2.7,-0.5,-2.3,-1.4,1.0,2.8,2.1,1.2,1.4,74917.0,7.7,370.0,-1.6,-2.0,0.018,12684.0,1.4,3.0,0.5,0.6,0.003,1.89,0.52,2.83,10.7,5.8,0.0104,10,0,-7,4,68.6,155,-137,18,1.5,0.005963,999999.99,99999.99,99999.99,0.21,0.11,0.08,-1,2009-03-04 16:00:00
2009,63,17,2396,51,52,58,35,4.4,3.5,4.8,214.4,-2.9,-2.0,0.3,-1.9,-0.5,0.4,2.5,1.3,1.0,1.9,76894.0,8.8,381.0,-1.8,-2.5,0.016,6581.0,0.4,6.0,0.6,1.1,0.002,2.27,0.19,3.88,12.8,6.2,0.0072,10,0,-8,4,68.6,126,-107,19,1.3,0.005963,999999.99,99999.99,99999.99,0.24,0.11,0.09,-1,2009-03-04 17:00:00
2009,63,18,2396,51,52,63,39,4.6,4.1,17.9,238.9,-2.0,-3.4,1.3,-3.6,-0.4,0.2,2.0,1.3,0.5,1.5,65632.0,8.0,376.0,-2.5,-1.8,0.015,4170.0,0.5,6.0,0.5,0.7,0.001,2.0,0.15,3.05,11.6,6.1,0.0089,20,0,-10,7,68.6,73,-52,20,1.1,0.005963,999999.99,99999.99,99999.99,0.26,0.13,0.1,-1,2009-03-04 18:00:00
2009,63,19,2396,51,52,60,37,4.2,4.0,-7.3,198.5,-3.7,-1.2,-0.5,-0.8,-1.0,0.2,1.4,0.8,0.6,0.9,77062.0,6.8,388.0,-3.2,-2.4,0.014,5344.0,0.4,4.0,0.3,0.7,0.002,1.81,0.39,3.29,12.0,6.1,0.0082,20,0,-11,7,68.6,83,-47,36,1.0,0.005963,999999.99,99999.99,99999.99,0.25,0.12,0.08,-1,2009-03-04 19:00:00
2009,63,20,2396,51,52,60,37,3.9,2.6,-56.5,285.4,0.4,-1.4,-2.1,-0.1,-2.5,0.7,2.9,1.2,2.1,1.5,71848.0,7.4,375.0,-2.2,-3.8,0.016,10678.0,0.5,3.0,0.7,0.6,0.002,1.85,0.94,4.05,13.1,6.2,0.007,20,0,-12,7,68.6,188,-132,56,1.9,0.005963,999999.99,99999.99,99999.99,0.2,0.12,0.09,-1,2009-03-04 20:00:00
2009,63,21,2396,51,52,60,36,4.7,2.9,-7.0,229.0,-1.9,-2.1,-0.3,-1.6,-1.4,0.4,3.7,2.7,1.5,2.0,56586.0,7.3,376.0,-1.3,-3.8,0.015,12732.0,0.7,4.0,0.7,0.8,0.002,1.83,0.53,2.54,10.8,6.0,0.0102,27,0,-11,12,68.6,234,-198,36,2.4,0.005963,999999.99,99999.99,99999.99,0.19,0.11,0.08,-1,2009-03-04 21:00:00
2009,63,22,2396,51,52,56,34,4.5,3.1,-38.6,261.0,-0.4,-2.4,-1.9,-1.0,-2.9,0.5,3.2,2.9,1.3,0.6,58003.0,7.4,365.0,-1.9,-3.1,0.013,13430.0,0.8,11.0,1.1,0.3,0.001,1.73,1.06,2.83,11.0,5.9,0.0098,27,0,-8,12,68.6,100,-42,59,1.7,0.005963,999999.99,99999.99,99999.99,0.21,0.12,0.08,-1,2009-03-04 22:00:00
2009,63,23,2396,51,52,60,35,4.5,3.9,23.3,321.1,2.8,-2.3,1.6,-2.8,0.1,0.3,2.2,0.9,1.3,1.5,65043.0,8.0,353.0,-2.0,-1.4,0.015,5151.0,0.5,3.0,0.5,0.7,0.002,1.76,-0.04,3.18,11.1,5.7,0.0097,27,0,-10,12,68.6,164,-74,90,1.4,0.005963,999999.99,99999.99,99999.99,0.23,0.13,0.1,-1,2009-03-04 23:00:00
2009,64,0,2396,51,52,59,38,3.9,3.8,44.1,347.9,2.6,-0.6,2.6,-1.9,1.9,0.4,1.1,0.6,0.9,0.4,55845.0,8.7,348.0,-0.7,0.3,0.014,5508.0,0.8,3.0,0.8,0.6,0.002,1.86,-0.66,4.38,13.2,6.0,0.0069,17,0,-8,6,68.1,67,-10,57,0.6,0.006002,999999.99,99999.99,99999.99,0.26,0.15,0.11,-1,2009-03-05 00:00:00
2009,64,1,2396,51,52,64,37,4.2,4.0,-35.0,193.0,-3.2,-0.7,-2.3,0.6,-2.3,0.6,1.5,0.7,1.0,0.9,25339.0,9.8,365.0,-0.3,-1.6,0.015,10955.0,1.8,5.0,0.4,0.6,0.002,2.31,0.84,3.55,13.6,6.7,0.0064,17,0,-5,6,68.1,53,-6,47,0.8,0.006002,999999.99,99999.99,99999.99,0.26,0.12,0.08,-1,2009-03-05 01:00:00
2009,64,2,2396,51,52,61,34,3.9,3.9,-23.3,200.8,-3.3,-1.3,-1.5,-0.4,-1.9,0.1,0.4,0.1,0.3,0.2,14053.0,9.4,374.0,-0.2,-2.2,0.013,741.0,1.5,2.0,0.3,0.2,0.003,2.31,0.71,3.66,14.7,7.2,0.0055,17,0,-7,6,68.1,65,-19,46,0.8,0.006002,999999.99,99999.99,99999.99,0.17,0.1,0.07,-1,2009-03-05 02:00:00
2009,64,3,2396,51,52,59,37,3.7,3.7,-24.4,189.4,-3.3,-0.6,-1.5,0.1,-1.6,0.1,0.4,0.2,0.4,0.1,13163.0,7.4,375.0,0.3,-2.2,0.014,1175.0,0.4,1.0,0.4,0.2,0.002,1.84,0.6,3.18,13.8,7.1,0.0063,27,0,-12,12,68.1,179,-118,61,1.5,0.006002,999999.99,99999.99,99999.99,0.23,0.13,0.1,-1,2009-03-05 03:00:00
2009,64,4,2396,51,52,60,37,3.5,3.5,-15.4,187.2,-3.4,-0.4,-0.9,0.0,-1.0,0.1,0.2,0.1,0.1,0.1,13268.0,7.2,374.0,0.2,-1.7,0.016,797.0,0.2,1.0,0.2,0.2,0.002,1.79,0.37,3.46,14.3,7.2,0.0058,27,0,-10,12,68.1,130,-70,60,1.8,0.006002,999999.99,99999.99,99999.99,0.21,0.13,0.09,-1,2009-03-05 04:00:00
2009,64,5,2396,51,52,60,36,3.4,3.3,-10.9,181.8,-3.3,-0.1,-0.6,0.1,-0.6,0.2,0.6,0.2,0.6,0.2,18310.0,6.9,372.0,-0.5,-1.3,0.012,3106.0,0.5,2.0,0.7,0.2,0.004,1.67,0.22,3.64,14.4,7.1,0.0058,27,0,-9,12,68.1,65,-9,56,0.6,0.006002,999999.99,99999.99,99999.99,0.21,0.11,0.07,-1,2009-03-05 05:00:00
2009,64,6,2396,51,52,59,35,3.1,3.0,12.1,156.9,-2.7,1.1,0.6,0.8,0.9,0.2,0.7,0.2,0.5,0.4,15596.0,7.2,372.0,-1.2,-1.6,0.015,2295.0,0.8,3.0,0.3,0.4,0.003,1.76,-0.33,4.49,16.1,7.3,0.0046,3,0,-8,2,68.1,54,-5,49,0.3,0.006002,999999.99,99999.99,99999.99,0.26,0.1,0.07,-1,2009-03-05 06:00:00
2009,64,7,2396,51,52,60,36,3.4,3.1,-6.4,154.7,-2.8,1.3,-0.3,1.3,0.1,0.3,1.3,0.5,0.3,1.2,29987.0,5.0,367.0,-1.7,-1.9,0.022,6513.0,0.9,2.0,0.4,0.4,0.005,1.22,-0.04,2.85,12.1,6.5,0.0082,3,0,-5,2,68.1,38,-11,27,0.2,0.006002,999999.99,99999.99,99999.99,0.27,0.11,0.09,-1,2009-03-05 07:00:00
2009,64,8,2396,51,52,60,37,3.3,3.3,-7.0,148.1,-2.8,1.7,-0.4,1.7,0.0,0.2,0.6,0.4,0.3,0.4,33716.0,4.6,366.0,-2.0,-1.1,0.025,3887.0,0.5,3.0,0.3,0.2,0.003,1.13,-0.0,2.85,11.9,6.4,0.0084,3,0,-6,2,68.1,70,-44,26,0.3,0.006002,999999.99,99999.99,99999.99,0.22,0.12,0.09,-1,2009-03-05 08:00:00
2009,64,9,2396,51,52,63,37,2.9,2.4,32.4,13.7,2.0,0.5,1.3,0.2,1.4,0.3,1.5,1.1,0.9,0.4,28478.0,5.1,382.0,-0.2,-1.6,0.035,4657.0,0.2,3.0,0.9,0.2,0.004,1.42,-0.53,3.96,14.9,7.1,0.0054,3,0,-4,2,68.1,88,-69,19,0.3,0.006002,999999.99,99999.99,99999.99,0.21,0.13,0.09,-1,2009-03-05 09:00:00
2009,64,10,2396,51,52,59,33,2.6,2.5,25.4,33.3,1.9,1.2,1.1,0.9,1.3,0.1,0.6,0.2,0.4,0.3,28406.0,5.3,380.0,-0.6,-1.3,0.044,1230.0,0.2,2.0,0.4,0.2,0.002,1.5,-0.49,5.11,16.8,7.2,0.0042,3,0,-2,2,68.1,26,-13,13,0.2,0.006002,999999.99,99999.99,99999.99,0.23,0.11,0.08,-1,2009-03-05 10:00:00
2009,64,11,2396,51,52,58,36,2.9,2.4,20.5,79.4,0.4,2.2,0.8,2.0,1.3,0.4,1.6,1.3,0.7,0.6,33497.0,5.2,372.0,-1.1,-0.5,0.04,2910.0,0.4,5.0,0.7,0.5,0.004,1.39,-0.48,4.16,14.6,6.8,0.0056,3,0,1,2,68.1,14,-10,5,0.2,0.006002,999999.99,99999.99,99999.99,0.23,0.1,0.07,-1,2009-03-05 11:00:00
2009,64,12,2396,51,52,59,37,3.5,3.4,20.7,98.8,-0.5,3.1,1.2,2.7,1.9,0.2,0.8,0.6,0.3,0.4,36221.0,5.0,369.0,-1.9,-0.5,0.033,2260.0,0.3,3.0,0.4,0.4,0.004,1.29,-0.7,2.79,11.8,6.4,0.0086,0,0,0,0,68.1,13,-7,6,0.2,0.006002,999999.99,99999.99,99999.99,0.23,0.13,0.1,-1,2009-03-05 12:00:00
2009,64,13,2396,51,52,60,36,3.6,3.4,9.6,131.9,-2.3,2.5,0.6,2.3,1.2,0.2,1.0,0.6,0.5,0.6,37795.0,5.1,361.0,-1.4,-0.2,0.028,2255.0,0.3,2.0,0.6,0.2,0.003,1.23,-0.43,2.72,11.3,6.2,0.0093,0,0,-3,0,68.1,8,-5,4,0.3,0.006002,999999.99,99999.99,99999.99,0.24,0.13,0.08,-1,2009-03-05 13:00:00
2009,64,14,2396,51,52,60,34,3.4,3.3,8.6,143.8,-2.6,1.9,0.5,1.7,1.0,0.1,0.9,0.5,0.4,0.6,39969.0,5.4,361.0,-0.4,-0.4,0.026,1217.0,0.1,2.0,0.1,0.2,0.002,1.3,-0.36,3.27,12.3,6.3,0.0078,0,0,-7,0,68.1,9,-5,4,0.3,0.006002,999999.99,99999.99,99999.99,0.22,0.13,0.09,-1,2009-03-05 14:00:00
2009,64,15,2396,51,52,59,36,3.2,3.0,7.7,144.1,-2.4,1.8,0.4,1.6,1.0,0.2,0.9,0.3,0.5,0.8,38389.0,5.4,360.0,-0.4,-0.7,0.024,2350.0,0.2,2.0,0.2,0.2,0.002,1.28,-0.36,3.66,13.1,6.4,0.007,3,0,-8,2,68.1,16,-10,6,0.4,0.006002,999999.99,99999.99,99999.99,0.28,0.12,0.08,-1,2009-03-05 15:00:00
2009,64,16,2396,51,52,59,36,3.2,3.2,-21.9,157.4,-2.8,1.1,-1.2,1.5,-0.7,0.1,0.4,0.1,0.3,0.3,33016.0,5.2,355.0,-0.2,-0.6,0.026,2651.0,0.2,1.0,0.2,0.2,0.003,1.21,0.25,3.41,12.6,6.4,0.0074,3,0,-9,2,68.1,21,-13,8,0.5,0.006002,999999.99,99999.99,99999.99,0.24,0.11,0.07,-1,2009-03-05 16:00:00
2009,64,17,2396,51,52,60,37,2.9,2.9,-22.8,167.7,-2.6,0.6,-1.1,1.0,-0.8,0.3,0.5,0.3,0.4,0.2,30030.0,5.3,352.0,-0.2,-0.3,0.021,1433.0,0.1,1.0,0.1,0.1,0.003,1.19,0.28,4.15,14.0,6.5,0.0061,3,0,-10,2,68.1,28,-21,7,0.4,0.006002,999999.99,99999.99,99999.99,0.2,0.13,0.09,-1,2009-03-05 17:00:00
2009,64,18,2396,51,52,60,35,2.4,2.3,-4.9,163.4,-2.2,0.7,-0.2,0.7,0.1,0.1,0.6,0.2,0.4,0.4,32303.0,5.3,351.0,-0.5,-0.7,0.024,1232.0,0.2,1.0,0.2,0.2,0.001,1.2,-0.04,6.15,16.8,6.7,0.0042,3,0,-10,2,68.1,23,-16,7,0.3,0.006002,999999.99,99999.99,99999.99,0.2,0.1,0.08,-1,2009-03-05 18:00:00
2009,64,19,2396,51,52,60,36,2.5,2.5,2.1,186.1,-2.5,-0.3,0.1,-0.3,-0.1,0.1,0.3,0.1,0.2,0.1,32907.0,5.7,350.0,-0.8,-0.4,0.023,2009.0,0.1,1.0,0.1,0.1,0.001,1.27,0.04,6.12,16.7,6.7,0.0043,3,0,-8,2,68.1,18,-6,13,0.3,0.006002,999999.99,99999.99,99999.99,0.2,0.12,0.09,-1,2009-03-05 19:00:00
2009,64,20,2396,51,52,59,36,2.8,2.8,3.7,175.1,-2.7,0.2,0.2,0.1,0.3,0.1,0.2,0.0,0.2,0.1,30517.0,5.9,349.0,-0.8,-0.3,0.019,1982.0,0.2,1.0,0.1,0.1,0.001,1.29,-0.1,4.97,15.1,6.6,0.0052,3,0,-7,2,68.1,15,-5,10,0.2,0.006002,999999.99,99999.99,99999.99,0.24,0.12,0.09,-1,2009-03-05 20:00:00
2009,64,21,2396,51,52,61,37,2.9,2.9,1.8,173.0,-2.8,0.3,0.1,0.2,0.2,0.1,0.3,0.1,0.2,0.3,28590.0,5.9,349.0,-0.8,0.0,0.018,1831.0,0.3,1.0,0.2,0.2,0.001,1.29,-0.07,4.58,14.6,6.6,0.0056,7,0,-5,3,68.1,14,-6,9,0.2,0.006002,999999.99,99999.99,99999.99,0.24,0.13,0.08,-1,2009-03-05 21:00:00
2009,64,22,2396,51,52,60,37,3.0,3.0,-6.3,180.0,-3.0,0.0,-0.3,0.2,-0.3,0.3,0.4,0.3,0.3,0.2,27442.0,6.6,351.0,-0.2,0.5,0.018,1797.0,0.6,1.0,0.2,0.4,0.002,1.46,0.11,4.75,15.0,6.7,0.0053,7,0,-2,3,68.1,13,-5,8,0.2,0.006002,999999.99,99999.99,99999.99,0.19,0.09,0.06,-1,2009-03-05 22:00:00
2009,64,23,2396,51,52,61,37,4.4,4.3,-19.9,175.0,-4.0,0.4,-1.5,1.1,-1.0,0.4,1.1,0.2,0.9,0.6,30216.0,8.4,354.0,-0.8,2.4,0.02,1264.0,0.9,2.0,0.4,0.4,0.003,1.9,0.35,2.86,11.7,6.3,0.0088,7,0,4,3,68.1,23,-12,11,0.5,0.006002,999999.99,99999.99,99999.99,0.2,0.11,0.08,-1,2009-03-05 23:00:00
2009,65,0,2396,51,52,59,35,4.9,4.4,-22.2,168.8,-4.0,0.8,-1.7,1.6,-1.0,0.4,2.2,1.2,1.7,0.8,29625.0,8.7,353.0,-1.9,2.7,0.019,4048.0,1.2,3.0,0.8,0.4,0.003,1.95,0.35,2.38,10.6,6.1,0.0105,13,7,3,5,68.0,55,-40,15,1.0,0.006014,999999.99,99999.99,99999.99,0.21,0.11,0.07,-1,2009-03-06 00:00:00
2009,65,1,2396,51,52,62,37,4.8,4.4,-6.6,147.9,-3.7,2.3,-0.5,2.2,0.8,0.2,1.8,0.9,1.1,1.2,47942.0,7.1,353.0,-3.0,1.6,0.03,11316.0,0.7,8.0,1.0,1.1,0.004,1.65,-0.28,2.26,9.8,5.7,0.0124,13,7,4,5,68.0,38,-24,14,1.2,0.006014,999999.99,99999.99,99999.99,0.25,0.14,0.09,-1,2009-03-06 01:00:00
2009,65,2,2396,51,52,58,36,4.3,3.8,-1.9,151.7,-3.3,1.8,-0.1,1.6,0.8,0.7,2.1,1.4,0.9,1.4,57332.0,7.1,360.0,-2.7,0.1,0.031,7559.0,0.9,6.0,0.6,1.0,0.004,1.73,-0.29,2.97,11.2,5.9,0.0096,13,7,5,5,68.0,17,-4,13,0.7,0.006014,999999.99,99999.99,99999.99,0.21,0.11,0.09,-1,2009-03-06 02:00:00
2009,65,3,2396,51,52,59,36,4.1,3.9,-12.9,175.4,-3.8,0.3,-0.9,0.7,-0.7,0.3,1.2,0.4,0.9,0.7,45110.0,7.0,350.0,-2.1,-0.0,0.024,6088.0,0.4,3.0,1.0,0.5,0.003,1.57,0.24,3.01,11.3,6.0,0.0093,7,7,1,3,68.0,14,-4,9,0.3,0.006014,999999.99,99999.99,99999.99,0.21,0.12,0.08,-1,2009-03-06 03:00:00
2009,65,4,2396,51,52,60,36,4.0,3.9,-17.0,166.6,-3.6,0.9,-1.1,1.3,-0.6,0.2,0.7,0.3,0.2,0.6,42069.0,6.4,348.0,-2.0,0.0,0.022,5484.0,0.6,2.0,0.2,0.4,0.001,1.41,0.21,2.84,11.0,5.9,0.0098,7,7,0,3,68.0,19,-1,18,0.5,0.006014,999999.99,99999.99,99999.99,0.24,0.11,0.07,-1,2009-03-06 04:00:00
2009,65,5,2396,51,52,60,36,3.6,3.5,-16.3,162.3,-3.2,1.0,-1.0,1.3,-0.6,0.2,0.8,0.2,0.5,0.5,37831.0,6.1,347.0,-1.3,-0.6,0.023,2287.0,0.3,2.0,0.7,0.6,0.002,1.34,0.21,3.25,11.9,6.1,0.0084,7,7,-3,3,68.0,28,-5,22,0.4,0.006014,999999.99,99999.99,99999.99,0.23,0.12,0.1,-1,2009-03-06 05:00:00
2009,65,6,2396,51,52,60,36,3.0,2.8,-5.9,164.2,-2.7,0.8,-0.3,0.9,0.0,0.1,0.8,0.3,0.5,0.6,36057.0,5.7,343.0,-0.9,-1.1,0.024,2565.0,0.2,2.0,0.4,0.4,0.003,1.23,-0.0,4.33,13.6,6.3,0.0064,7,7,-4,3,68.0,56,-33,23,0.6,0.006014,999999.99,99999.99,99999.99,0.2,0.13,0.1,-1,2009-03-06 06:00:00
2009,65,7,2396,51,52,61,38,2.6,2.5,9.0,143.6,-2.0,1.5,0.4,1.3,0.8,0.4,0.6,0.3,0.4,0.3,38408.0,5.8,344.0,-1.5,-1.7,0.026,2097.0,0.4,2.0,0.4,0.4,0.002,1.27,-0.28,5.95,15.9,6.4,0.0047,7,7,-3,3,68.0,48,-20,28,0.3,0.006014,999999.99,99999.99,99999.99,0.22,0.12,0.09,-1,2009-03-06 07:00:00
2009,65,8,2396,51,52,59,33,2.7,1.9,24.7,84.2,0.2,1.7,0.8,1.4,1.2,0.7,2.0,1.3,1.2,0.9,39481.0,7.1,357.0,-1.3,-0.8,0.024,3413.0,0.5,3.0,0.8,0.8,0.002,1.66,-0.43,6.8,17.6,6.7,0.0038,7,7,1,3,68.0,43,-14,29,0.4,0.006014,999999.99,99999.99,99999.99,0.22,0.1,0.08,-1,2009-03-06 08:00:00
2009,65,9,2396,51,52,65,40,2.6,2.2,-13.6,153.5,-1.9,0.9,-0.5,1.0,-0.3,0.8,1.6,1.0,1.2,0.4,57792.0,6.0,365.0,-0.3,-0.2,0.029,14417.0,0.4,10.0,1.4,0.4,0.007,1.49,0.11,6.87,17.2,6.5,0.004,3,7,2,2,68.0,34,-15,19,0.3,0.006014,999999.99,99999.99,99999.99,0.23,0.11,0.08,-1,2009-03-06 09:00:00
2009,65,10,2396,51,52,58,35,2.7,1.8,9.6,7.4,1.7,0.2,0.3,0.1,0.3,0.8,2.1,1.8,0.5,0.9,58272.0,4.8,366.0,0.4,0.0,0.031,10911.0,0.7,4.0,0.3,0.6,0.004,1.21,-0.11,5.11,14.8,6.4,0.0054,3,7,0,2,68.0,33,-24,9,0.2,0.006014,999999.99,99999.99,99999.99,0.22,0.11,0.08,-1,2009-03-06 10:00:00
2009,65,11,2396,51,52,58,36,1.9,1.6,2.7,350.3,1.6,-0.3,0.1,-0.3,0.0,0.6,1.2,1.0,0.5,0.5,62507.0,5.4,358.0,0.9,0.3,0.032,2382.0,0.3,3.0,0.4,0.2,0.002,1.3,-0.0,11.88,21.9,6.5,0.0025,3,7,-1,2,68.0,23,-20,4,0.2,0.006014,999999.99,99999.99,99999.99,0.23,0.12,0.09,-1,2009-03-06 11:00:00
2009,65,12,2396,51,52,61,34,2.9,2.8,-0.9,175.1,-2.8,0.2,0.0,0.2,0.0,1.0,1.3,1.1,0.6,0.3,54060.0,4.3,351.0,-0.0,-0.2,0.032,7133.0,0.9,5.0,0.4,0.4,0.003,1.0,-0.0,3.88,12.5,6.0,0.0076,0,7,-2,0,68.0,37,-35,2,0.2,0.006014,999999.99,99999.99,99999.99,0.23,0.13,0.1,-1,2009-03-06 12:00:00
2009,65,13,2396,51,52,64,40,4.1,3.8,0.1,152.5,-3.4,1.8,0.0,1.7,0.5,0.1,1.4,1.0,0.8,0.6,41567.0,3.3,360.0,-0.7,-0.7,0.029,5294.0,0.3,10.0,0.8,0.8,0.001,0.8,-0.18,1.39,8.0,5.4,0.0187,0,7,-3,0,68.0,17,-11,5,0.2,0.006014,999999.99,99999.99,99999.99,0.21,0.13,0.1,-1,2009-03-06 13:00:00
2009,65,14,2396,51,52,57,33,4.0,3.6,-12.7,158.1,-3.3,1.3,-0.8,1.5,-0.4,0.1,1.7,0.7,1.2,1.0,46299.0,3.7,360.0,-0.5,-0.5,0.033,3965.0,0.3,7.0,0.5,0.6,0.004,0.91,0.14,1.68,8.7,5.5,0.0159,0,7,-2,0,68.0,44,-40,4,0.3,0.006014,999999.99,99999.99,99999.99,0.19,0.11,0.09,-1,2009-03-06 14:00:00
2009,65,15,2396,51,52,61,37,4.1,3.3,7.3,111.1,-1.2,3.0,0.4,2.7,1.4,0.1,2.5,1.7,1.0,1.5,56886.0,3.9,369.0,0.9,-1.2,0.03,5007.0,0.2,7.0,0.7,0.6,0.003,0.99,-0.52,1.79,8.9,5.6,0.0151,0,7,-2,0,68.0,33,-26,7,0.5,0.006014,999999.99,99999.99,99999.99,0.2,0.11,0.08,-1,2009-03-06 15:00:00
2009,65,16,2396,51,52,61,37,3.1,2.9,10.0,89.3,0.0,2.9,0.5,2.5,1.5,0.2,1.0,0.7,0.2,0.6,69823.0,4.3,373.0,2.5,-0.6,0.025,8561.0,0.3,5.0,0.4,0.6,0.004,1.1,-0.56,3.69,12.5,6.1,0.0076,0,7,-1,0,68.0,23,-19,4,0.2,0.006014,999999.99,99999.99,99999.99,0.21,0.11,0.08,-1,2009-03-06 16:00:00
2009,65,17,2396,51,52,59,35,3.2,3.2,23.9,67.3,1.1,2.7,1.3,1.9,2.3,0.3,0.6,0.2,0.3,0.4,56538.0,4.6,375.0,2.4,-0.9,0.022,5815.0,0.1,3.0,0.4,0.5,0.003,1.18,-0.86,3.46,12.6,6.3,0.0075,0,7,0,0,68.0,16,-11,5,0.1,0.006014,999999.99,99999.99,99999.99,0.25,0.14,0.09,-1,2009-03-06 17:00:00
2009,65,18,2396,51,52,59,37,3.7,3.4,37.1,73.1,0.8,2.6,2.0,1.4,3.0,0.5,1.5,0.5,1.1,0.9,52580.0,5.0,369.0,2.6,-0.7,0.019,4192.0,0.3,3.0,0.8,0.8,0.002,1.22,-1.11,2.75,11.2,6.1,0.0096,0,7,0,0,68.0,20,-13,8,0.2,0.006014,999999.99,99999.99,99999.99,0.19,0.11,0.08,-1,2009-03-06 18:00:00
2009,65,19,2396,51,52,60,37,3.3,3.1,12.7,63.2,1.4,2.7,0.7,2.0,1.9,0.5,1.2,0.6,0.8,0.7,56103.0,5.9,369.0,1.8,0.8,0.018,3738.0,0.5,3.0,0.7,0.6,0.002,1.44,-0.7,4.16,13.6,6.3,0.0064,0,7,2,0,68.0,15,-7,9,0.2,0.006014,999999.99,99999.99,99999.99,0.19,0.12,0.08,-1,2009-03-06 19:00:00
2009,65,20,2396,51,52,61,36,4.2,3.9,-9.5,156.9,-3.6,1.5,-0.7,1.6,0.2,0.6,1.5,1.2,0.8,0.5,49929.0,5.2,374.0,2.8,1.8,0.019,5717.0,0.6,6.0,0.6,0.4,0.001,1.31,-0.07,2.19,10.2,6.0,0.0115,0,7,1,0,68.0,13,-4,9,0.2,0.006014,999999.99,99999.99,99999.99,0.2,0.12,0.1,-1,2009-03-06 20:00:00
2009,65,21,2396,51,52,62,38,4.0,3.4,-14.0,157.6,-3.0,1.3,-0.8,1.5,0.0,0.7,2.2,2.0,0.7,0.5,48664.0,4.4,373.0,1.6,1.0,0.022,10088.0,0.8,9.0,0.7,0.5,0.004,1.11,-0.0,2.03,9.8,5.9,0.0124,7,7,0,3,68.0,11,-4,8,0.2,0.006014,999999.99,99999.99,99999.99,0.18,0.1,0.07,-1,2009-03-06 21:00:00
2009,65,22,2396,51,52,59,35,3.9,3.9,20.6,15.6,3.5,1.0,1.4,0.1,1.7,0.3,0.7,0.3,0.6,0.2,44037.0,3.4,380.0,0.6,0.3,0.03,8412.0,0.3,4.0,0.3,0.3,0.003,0.92,-0.65,1.6,9.0,5.8,0.0147,7,7,1,3,68.0,15,-7,8,0.0,0.006014,999999.99,99999.99,99999.99,0.2,0.11,0.08,-1,2009-03-06 22:00:00
2009,65,23,2396,51,52,60,37,3.8,2.4,7.2,109.8,-0.8,2.2,0.3,1.7,1.4,0.3,3.0,2.8,0.5,0.7,56946.0,3.4,372.0,1.4,0.6,0.026,10034.0,0.4,8.0,0.6,0.5,0.006,0.87,-0.52,1.82,9.0,5.6,0.0146,7,7,2,3,68.0,8,-4,5,-0.0,0.006014,999999.99,99999.99,99999.99,0.22,0.12,0.09,-1,2009-03-06 23:00:00
2009,66,0,2396,51,52,59,36,4.5,4.5,-6.0,152.1,-3.9,2.1,-0.5,2.0,0.7,0.1,0.2,0.1,0.2,0.1,39902.0,2.9,376.0,2.7,0.8,0.016,4839.0,0.1,1.0,0.4,0.2,0.002,0.73,-0.26,1.0,7.1,5.2,0.0235,3,7,1,2,68.0,12,-7,5,0.1,0.005984,999999.99,99999.99,99999.99,0.28,0.14,0.11,-1,2009-03-07 00:00:00
2009,66,1,2396,51,52,58,37,4.1,4.1,-10.8,149.0,-3.4,2.1,-0.8,2.2,0.4,0.3,0.4,0.4,0.1,0.1,41208.0,3.0,373.0,2.5,0.4,0.016,4208.0,0.2,2.0,0.3,0.3,0.001,0.74,-0.15,1.26,7.9,5.5,0.0192,3,7,1,2,68.0,9,-6,3,0.1,0.005984,999999.99,99999.99,99999.99,0.24,0.14,0.1,-1,2009-03-07 01:00:00
2009,66,2,2396,51,52,60,36,4.0,3.9,-20.2,161.7,-3.5,1.2,-1.4,1.7,-0.6,0.1,0.4,0.2,0.3,0.2,36146.0,3.1,366.0,2.5,1.1,0.015,3876.0,0.2,2.0,0.2,0.3,0.001,0.74,0.22,1.33,8.1,5.5,0.0183,3,7,0,2,68.0,9,-5,4,0.2,0.005984,999999.99,99999.99,99999.99,0.2,0.11,0.09,-1,2009-03-07 02:00:00
2009,66,3,2396,51,52,59,37,3.7,3.6,-3.3,158.4,-3.3,1.3,-0.2,1.3,0.4,0.2,0.9,0.2,0.4,0.8,36446.0,3.2,363.0,1.8,0.5,0.015,3724.0,0.3,3.0,0.4,0.6,0.002,0.75,-0.15,1.6,8.8,5.7,0.0154,3,7,-3,2,68.0,11,-7,4,0.5,0.005984,999999.99,99999.99,99999.99,0.23,0.13,0.09,-1,2009-03-07 03:00:00
2009,66,4,2396,51,52,60,36,3.8,3.7,4.8,154.6,-3.4,1.6,0.3,1.3,0.9,0.1,0.5,0.1,0.1,0.4,31520.0,2.7,364.0,1.7,-0.1,0.016,2757.0,0.2,3.0,0.3,0.5,0.002,0.64,-0.33,1.24,7.9,5.5,0.0192,3,7,-3,2,68.0,10,-4,7,0.2,0.005984,999999.99,99999.99,99999.99,0.23,0.13,0.09,-1,2009-03-07 04:00:00
2009,66,5,2396,51,52,57,34,3.2,3.1,18.8,146.1,-2.5,1.7,1.0,1.2,1.6,0.4,0.7,0.6,0.2,0.4,39709.0,3.2,352.0,1.6,0.5,0.016,8311.0,0.5,7.0,0.3,0.5,0.001,0.7,-0.56,2.18,9.8,5.8,0.0123,3,7,-3,2,68.0,8,0,8,-0.0,0.005984,999999.99,99999.99,99999.99,0.24,0.14,0.09,-1,2009-03-07 05:00:00
2009,66,6,2396,51,52,60,37,2.9,2.9,20.4,153.8,-2.4,1.2,1.0,0.8,1.3,0.1,0.5,0.2,0.3,0.4,42751.0,3.6,348.0,0.9,0.1,0.016,2244.0,0.1,1.0,0.3,0.2,0.002,0.77,-0.45,3.05,11.4,6.0,0.0092,3,7,-1,2,68.0,9,0,9,-0.1,0.005984,999999.99,99999.99,99999.99,0.19,0.11,0.09,-1,2009-03-07 06:00:00
2009,66,7,2396,51,52,60,37,3.1,3.0,22.6,157.9,-2.6,1.0,1.2,0.6,1.4,0.1,0.7,0.3,0.4,0.6,37724.0,3.7,347.0,0.8,0.2,0.015,2293.0,0.1,2.0,0.3,0.3,0.001,0.79,-0.49,2.66,10.8,5.9,0.0103,3,7,0,2,68.0,13,-2,10,-0.1,0.005984,999999.99,99999.99,99999.99,0.22,0.12,0.09,-1,2009-03-07 07:00:00
2009,66,8,2396,51,52,59,36,3.1,3.0,11.4,156.7,-2.7,1.2,0.6,1.0,0.9,0.1,0.6,0.2,0.5,0.3,36357.0,3.7,343.0,1.0,0.0,0.017,2603.0,0.2,2.0,0.3,0.3,0.001,0.78,-0.31,2.64,10.6,5.9,0.0105,3,7,0,2,68.0,15,-6,9,-0.1,0.005984,999999.99,99999.99,99999.99,0.25,0.14,0.11,-1,2009-03-07 08:00:00
2009,66,9,2396,51,52,60,37,3.1,3.0,-1.3,155.6,-2.8,1.3,-0.1,1.3,0.2,0.0,0.3,0.1,0.2,0.2,31684.0,3.7,342.0,1.1,-0.1,0.017,2624.0,0.1,1.0,0.3,0.4,0.001,0.77,-0.07,2.56,10.6,5.9,0.0106,0,7,1,0,68.0,17,-10,7,-0.1,0.005984,999999.99,99999.99,99999.99,0.22,0.13,0.09,-1,2009-03-07 09:00:00
2009,66,10,2396,51,52,60,35,3.0,2.9,14.6,153.2,-2.5,1.3,0.7,1.1,1.0,0.1,0.5,0.2,0.3,0.4,27878.0,3.6,340.0,1.0,-0.3,0.015,4185.0,0.2,5.0,0.5,0.3,0.001,0.74,-0.34,2.6,10.8,6.0,0.0103,0,7,3,0,68.0,15,-9,5,-0.0,0.005984,999999.99,99999.99,99999.99,0.2,0.11,0.08,-1,2009-03-07 10:00:00
2009,66,11,2396,51,52,58,35,3.0,3.0,25.0,156.7,-2.5,1.1,1.3,0.8,1.5,0.1,0.3,0.1,0.2,0.1,23635.0,3.5,336.0,0.9,-0.1,0.015,3696.0,0.4,4.0,0.2,0.3,0.002,0.7,-0.5,2.46,10.5,5.9,0.0108,0,7,3,0,68.0,14,-10,5,-0.0,0.005984,999999.99,99999.99,99999.99,0.18,0.1,0.07,-1,2009-03-07 11:00:00
2009,66,12,2396,51,52,60,37,2.8,2.6,13.5,150.2,-2.2,1.3,0.6,1.1,0.9,0.4,1.0,0.7,0.3,0.7,28287.0,4.3,331.0,0.9,-0.0,0.014,7549.0,0.8,2.0,0.4,0.6,0.002,0.83,-0.3,3.57,12.3,6.1,0.0079,0,7,1,0,68.0,18,-14,4,0.0,0.005984,999999.99,99999.99,99999.99,0.24,0.13,0.1,-1,2009-03-07 12:00:00
2009,66,13,2396,51,52,59,36,2.1,1.7,76.3,45.9,0.3,0.3,1.6,-0.1,1.6,0.2,1.3,0.9,0.9,0.2,23034.0,6.4,334.0,1.5,-0.4,0.005,3582.0,0.6,5.0,0.9,0.5,0.002,1.22,-0.53,9.14,20.1,6.7,0.0029,0,7,1,0,68.0,18,-12,6,0.2,0.005984,999999.99,99999.99,99999.99,0.23,0.11,0.08,-1,2009-03-07 13:00:00
2009,66,14,2396,51,52,58,35,2.4,2.2,5.6,151.8,-1.9,1.0,0.2,0.9,0.5,0.2,1.2,0.8,0.4,0.7,21894.0,6.6,322.0,0.5,1.5,0.006,3640.0,1.0,3.0,0.5,0.8,0.001,1.17,-0.16,7.16,17.2,6.4,0.004,0,7,2,0,68.0,17,-10,7,0.2,0.005984,999999.99,99999.99,99999.99,0.18,0.12,0.09,-1,2009-03-07 14:00:00
2009,66,15,2396,51,52,62,36,2.3,2.2,-14.2,148.2,-1.8,1.1,-0.5,1.2,-0.1,0.1,0.5,0.3,0.3,0.2,23868.0,8.1,325.0,0.3,2.4,0.005,1639.0,0.6,2.0,0.4,0.1,0.001,1.46,0.03,9.7,20.1,6.6,0.0029,3,7,2,2,68.0,15,-8,7,0.3,0.005984,999999.99,99999.99,99999.99,0.2,0.12,0.08,-1,2009-03-07 15:00:00
2009,66,16,2396,51,52,60,37,2.5,2.4,-27.7,144.5,-1.7,1.2,-1.1,1.5,-0.6,0.2,0.8,0.4,0.3,0.6,23235.0,9.0,327.0,-0.4,2.6,0.005,1326.0,0.2,1.0,0.2,0.4,0.0,1.64,0.2,9.08,19.6,6.6,0.0031,3,7,2,2,68.0,21,-11,11,0.4,0.005984,999999.99,99999.99,99999.99,0.23,0.13,0.09,-1,2009-03-07 16:00:00
2009,66,17,2396,51,52,60,36,2.8,2.6,-8.5,130.3,-1.7,2.0,-0.4,2.0,0.5,0.1,0.9,0.3,0.2,0.8,21869.0,9.3,326.0,-1.3,1.7,0.005,3136.0,0.6,3.0,0.4,0.5,0.001,1.68,-0.16,7.41,17.8,6.5,0.0038,3,7,1,2,68.0,20,-11,9,0.3,0.005984,999999.99,99999.99,99999.99,0.2,0.12,0.08,-1,2009-03-07 17:00:00
2009,66,18,2396,51,52,60,31,2.8,2.7,-23.0,114.5,-1.0,2.2,-1.0,2.4,0.1,0.1,0.8,0.5,0.4,0.4,21132.0,9.7,328.0,-1.8,1.5,0.005,1020.0,0.2,1.0,0.2,0.2,0.001,1.78,-0.03,7.69,18.2,6.6,0.0036,3,7,0,2,68.0,21,-10,11,0.4,0.005984,999999.99,99999.99,99999.99,0.26,0.15,0.11,-1,2009-03-07 18:00:00
2009,66,19,2396,51,52,60,36,2.7,2.6,-19.8,102.5,-0.5,2.3,-0.9,2.4,0.3,0.2,0.8,0.7,0.2,0.2,20559.0,9.9,326.0,-2.3,1.2,0.005,1078.0,0.4,1.0,0.3,0.2,0.001,1.79,-0.1,8.41,19.0,6.6,0.0033,3,7,-1,2,68.0,21,-13,8,0.4,0.005984,999999.99,99999.99,99999.99,0.25,0.14,0.1,-1,2009-03-07 19:00:00
2009,66,20,2396,51,52,60,37,2.6,2.5,-1.7,104.5,-0.6,2.4,-0.1,2.1,1.1,0.2,0.8,0.5,0.2,0.5,21903.0,10.2,323.0,-2.1,0.8,0.005,2481.0,0.7,2.0,0.3,0.2,0.001,1.81,-0.36,9.43,19.8,6.6,0.003,3,7,0,2,68.0,9,-3,6,0.2,0.005984,999999.99,99999.99,99999.99,0.22,0.11,0.08,-1,2009-03-07 20:00:00
2009,66,21,2396,51,52,57,35,3.4,3.2,-19.6,125.8,-1.7,2.4,-1.1,2.6,0.3,0.2,1.1,0.7,0.6,0.6,25043.0,8.5,317.0,-1.9,1.2,0.006,1161.0,0.5,5.0,0.5,0.5,0.001,1.46,-0.1,4.69,13.6,6.0,0.0064,3,7,1,2,68.0,14,-2,12,0.2,0.005984,999999.99,99999.99,99999.99,0.25,0.14,0.11,-1,2009-03-07 21:00:00
2009,66,22,2396,51,52,60,37,3.9,3.8,-24.4,170.8,-3.4,0.6,-1.6,1.4,-1.0,0.2,0.9,0.4,0.7,0.4,20061.0,6.8,313.0,-0.8,1.0,0.01,3357.0,1.0,4.0,0.6,0.4,0.002,1.16,0.31,2.76,10.5,5.7,0.0109,3,7,1,2,68.0,13,-1,12,0.2,0.005984,999999.99,99999.99,99999.99,0.2,0.11,0.08,-1,2009-03-07 22:00:00
2009,66,23,2396,51,52,59,36,4.8,4.7,-27.4,180.7,-4.2,-0.1,-2.2,1.1,-1.9,0.2,0.6,0.2,0.3,0.5,20651.0,7.5,312.0,0.8,1.1,0.009,2366.0,0.6,4.0,0.4,0.5,0.002,1.26,0.59,2.02,8.9,5.4,0.015,3,7,1,2,68.0,16,-5,11,0.5,0.005984,999999.99,99999.99,99999.99,0.24,0.12,0.09,-1,2009-03-07 23:00:00
2009,67,0,2396,51,52,59,37,5.2,5.1,-21.8,197.0,-4.6,-1.4,-1.9,-0.2,-2.4,0.3,1.0,0.4,0.7,0.6,20066.0,7.2,311.0,2.5,1.2,0.009,1898.0,0.6,2.0,0.9,0.4,0.002,1.2,0.75,1.64,8.0,5.2,0.0185,20,0,-1,7,67.9,89,-68,21,1.2,0.006035,999999.99,99999.99,99999.99,0.26,0.12,0.09,-1,2009-03-08 00:00:00
2009,67,1,2396,51,52,66,37,4.5,3.9,-31.3,210.5,-2.9,-1.7,-2.0,-0.4,-2.6,0.6,2.2,0.9,1.3,1.6,50460.0,7.8,331.0,2.3,-0.9,0.021,12952.0,1.1,11.0,0.8,1.0,0.006,1.55,0.86,2.87,10.3,5.5,0.0113,20,0,-3,7,67.9,104,-59,44,1.6,0.006035,999999.99,99999.99,99999.99,0.26,0.14,0.1,-1,2009-03-08 01:00:00
2009,67,2,2396,51,52,59,36,5.8,5.0,-28.2,139.2,-3.3,2.9,-2.3,3.7,-0.6,1.1,3.2,0.9,1.2,2.8,54474.0,8.0,335.0,1.2,-2.7,0.027,5097.0,1.2,4.0,1.0,1.0,0.003,1.66,0.2,1.81,8.2,5.1,0.0178,20,0,-4,7,67.9,126,-65,61,2.0,0.006035,999999.99,99999.99,99999.99,0.29,0.16,0.12,-1,2009-03-08 02:00:00
2009,67,3,2396,51,52,61,38,3.7,3.1,13.3,84.8,0.3,3.0,0.7,2.4,2.0,1.2,2.4,1.4,1.4,1.3,54990.0,8.2,337.0,1.0,-2.2,0.025,6185.0,1.0,2.0,0.7,0.9,0.002,1.71,-0.67,4.57,13.0,5.9,0.007,10,0,-3,4,67.9,62,-19,43,1.2,0.006035,999999.99,99999.99,99999.99,0.21,0.12,0.08,-1,2009-03-08 03:00:00
2009,67,4,2396,51,52,61,37,5.0,4.8,7.4,57.6,2.5,4.0,0.6,3.4,2.2,0.3,1.5,0.5,1.3,0.6,48910.0,7.9,339.0,1.1,-1.6,0.02,4579.0,0.7,3.0,0.5,0.3,0.003,1.64,-0.75,2.33,9.5,5.5,0.0131,10,0,-1,4,67.9,16,2,18,0.6,0.006035,999999.99,99999.99,99999.99,0.26,0.11,0.08,-1,2009-03-08 04:00:00
2009,67,5,2396,51,52,60,37,4.8,3.0,16.7,27.6,2.5,1.3,0.9,0.9,1.3,0.5,3.8,1.8,2.7,2.0,56442.0,9.3,345.0,1.1,-1.6,0.02,5790.0,0.6,4.0,0.7,0.8,0.003,2.0,-0.45,3.1,11.0,5.7,0.0099,10,0,4,4,67.9,10,4,14,0.2,0.006035,999999.99,99999.99,99999.99,0.25,0.1,0.07,-1,2009-03-08 05:00:00
2009,67,6,2396,51,52,58,34,5.5,5.2,-20.6,118.9,-2.3,4.2,-1.8,4.6,-0.3,0.5,1.9,0.7,0.7,1.5,58870.0,10.3,340.0,0.6,-0.8,0.016,7703.0,1.1,5.0,0.7,1.1,0.003,2.12,0.1,2.65,9.9,5.5,0.0121,30,0,5,15,67.9,27,-1,25,0.8,0.006035,999999.99,99999.99,99999.99,0.21,0.11,0.08,-1,2009-03-08 06:00:00
2009,67,7,2396,51,52,73,45,6.6,6.2,-41.9,147.8,-3.9,2.4,-4.1,3.5,-3.2,0.9,2.5,1.2,1.9,1.1,77210.0,7.4,367.0,-0.4,-2.5,0.032,18736.0,1.8,19.0,1.3,1.6,0.01,1.88,1.17,1.45,7.6,5.0,0.0208,30,0,1,15,67.9,74,-36,38,1.0,0.006035,999999.99,99999.99,99999.99,0.21,0.13,0.08,-1,2009-03-08 07:00:00
2009,67,8,2396,51,52,62,38,9.6,4.6,-6.4,109.5,-1.5,4.3,-0.5,4.3,0.6,1.7,8.5,4.3,2.7,6.8,105584.0,9.3,405.0,1.7,-0.3,0.047,34462.0,2.4,12.0,1.0,2.5,0.012,3.03,-0.24,0.98,6.4,4.7,0.0287,30,0,-3,15,67.9,427,-386,41,2.6,0.006035,999999.99,99999.99,99999.99,0.19,0.12,0.1,-1,2009-03-08 08:00:00
2009,67,9,2396,51,52,60,35,8.5,6.7,36.7,62.9,2.4,4.8,4.0,3.7,5.0,1.2,5.2,2.5,2.9,3.5,115997.0,9.8,423.0,0.9,-2.6,0.045,16355.0,1.8,5.0,1.0,1.2,0.011,3.46,-2.12,1.38,7.8,5.3,0.0196,27,0,1,12,67.9,255,-193,63,1.9,0.006035,999999.99,99999.99,99999.99,0.24,0.13,0.1,-1,2009-03-08 09:00:00
2009,67,10,2396,51,52,58,36,6.9,5.9,-31.3,108.0,-1.6,4.8,-3.0,5.4,-1.8,0.5,3.5,2.2,1.5,2.3,134995.0,10.1,415.0,-1.3,-2.3,0.049,14652.0,0.7,4.0,1.3,0.8,0.006,3.47,0.75,2.32,9.6,5.5,0.013,27,0,4,12,67.9,124,-88,36,2.4,0.006035,999999.99,99999.99,99999.99,0.2,0.12,0.09,-1,2009-03-08 10:00:00
2009,67,11,2396,51,52,60,37,6.9,3.4,-52.3,186.3,-2.1,-0.2,-2.7,0.4,-2.7,0.4,5.9,3.7,3.0,3.4,122418.0,9.8,406.0,-0.6,-0.8,0.043,18055.0,0.7,12.0,1.7,1.4,0.007,3.16,1.1,2.15,9.2,5.5,0.014,27,0,1,12,67.9,372,-302,70,2.0,0.006035,999999.99,99999.99,99999.99,0.25,0.11,0.08,-1,2009-03-08 11:00:00
2009,67,12,2396,51,52,60,37,5.8,4.7,48.0,16.3,3.0,0.9,3.5,0.0,3.6,0.9,3.4,1.4,2.8,1.2,138298.0,10.3,418.0,2.5,-3.3,0.037,13464.0,0.8,10.0,1.5,1.8,0.005,3.45,-1.5,3.4,11.6,5.8,0.0089,30,0,3,15,67.9,494,-390,104,1.4,0.006035,999999.99,99999.99,99999.99,0.19,0.09,0.06,-1,2009-03-08 12:00:00
2009,67,13,2396,51,52,61,36,5.7,2.4,-3.5,109.0,-0.8,2.2,-0.1,2.2,0.5,1.0,5.2,2.4,3.6,2.9,139723.0,9.2,414.0,-0.6,-2.8,0.037,18589.0,1.3,7.0,1.7,0.6,0.004,3.02,-0.21,3.16,11.0,5.7,0.0098,30,0,5,15,67.9,76,-17,59,0.6,0.006035,999999.99,99999.99,99999.99,0.22,0.11,0.09,-1,2009-03-08 13:00:00
2009,67,14,2396,51,52,63,36,5.1,3.6,-63.3,117.1,-0.7,1.5,-3.2,2.4,-2.6,0.4,3.5,2.7,2.1,1.0,138423.0,7.0,422.0,-1.2,-2.0,0.044,13931.0,1.0,14.0,1.4,0.5,0.005,2.45,1.1,2.99,10.9,5.8,0.0099,30,0,-1,15,67.9,78,-57,21,1.4,0.006035,999999.99,99999.99,99999.99,0.24,0.13,0.09,-1,2009-03-08 14:00:00
2009,67,15,2396,51,52,60,36,4.7,3.4,-31.7,59.5,1.5,2.5,-1.8,3.0,-0.9,0.6,3.2,2.3,1.2,1.8,140130.0,5.1,440.0,-2.3,-2.4,0.053,15148.0,0.5,5.0,0.6,0.9,0.008,2.0,0.4,2.58,10.6,5.9,0.0106,27,0,-6,12,67.9,183,-175,8,1.0,0.006035,999999.99,99999.99,99999.99,0.25,0.11,0.07,-1,2009-03-08 15:00:00
2009,67,16,2396,51,52,60,37,4.2,3.1,-52.0,164.2,-1.8,0.5,-2.5,1.4,-2.1,0.6,2.8,2.1,1.8,0.8,125281.0,4.8,441.0,-1.0,-2.4,0.06,8790.0,0.3,3.0,0.4,0.5,0.006,1.93,0.93,2.87,11.5,6.2,0.009,27,0,-9,12,67.9,308,-283,25,1.5,0.006035,999999.99,99999.99,99999.99,0.24,0.12,0.1,-1,2009-03-08 16:00:00
2009,67,17,2396,51,52,60,37,3.5,2.7,-10.6,89.5,0.0,2.6,-0.5,2.6,0.6,0.3,2.2,1.2,0.5,1.8,111169.0,4.4,444.0,-1.6,-1.3,0.053,6347.0,0.4,3.0,0.6,0.6,0.004,1.76,-0.27,3.58,13.3,6.6,0.0067,27,0,-11,12,67.9,337,-296,41,1.5,0.006035,999999.99,99999.99,99999.99,0.23,0.13,0.09,-1,2009-03-08 17:00:00
2009,67,18,2396,51,52,59,35,3.0,2.6,11.4,79.6,0.5,2.5,0.5,2.0,1.6,0.4,1.4,0.8,0.5,1.1,94729.0,3.3,443.0,-1.1,-1.1,0.054,9651.0,0.2,2.0,0.3,0.4,0.007,1.32,-0.71,3.4,13.4,6.8,0.0066,7,0,-11,3,67.9,57,-34,23,0.5,0.006035,999999.99,99999.99,99999.99,0.22,0.13,0.11,-1,2009-03-08 18:00:00
2009,67,19,2396,51,52,61,37,2.8,2.4,-17.6,108.5,-0.7,2.2,-0.7,2.3,0.5,0.6,1.4,1.0,0.9,0.5,86139.0,2.9,443.0,-0.7,-0.6,0.041,10518.0,0.3,5.0,0.9,0.6,0.003,1.11,-0.22,3.3,13.5,6.9,0.0066,7,0,-11,3,67.9,31,-2,29,0.3,0.006035,999999.99,99999.99,99999.99,0.22,0.11,0.07,-1,2009-03-08 19:00:00
2009,67,20,2396,51,52,59,37,2.7,2.5,-26.7,121.0,-1.1,1.9,-1.1,2.2,0.0,0.1,1.0,0.7,0.6,0.5,78682.0,2.6,438.0,-0.2,-1.1,0.041,5015.0,0.1,3.0,1.2,0.3,0.003,0.97,-0.0,3.07,13.1,6.8,0.007,7,0,-12,3,67.9,19,-4,15,0.5,0.006035,999999.99,99999.99,99999.99,0.21,0.12,0.09,-1,2009-03-08 20:00:00
2009,67,21,2396,51,52,59,36,2.3,2.1,-5.6,144.8,-1.7,1.2,-0.2,1.1,0.5,0.2,1.0,0.5,0.8,0.4,70328.0,2.6,434.0,-0.4,-1.9,0.035,5779.0,0.1,2.0,0.5,0.3,0.004,0.93,-0.22,4.06,15.2,7.2,0.0051,3,0,-11,2,67.9,19,-6,13,0.2,0.006035,999999.99,99999.99,99999.99,0.23,0.09,0.06,-1,2009-03-08 21:00:00
2009,67,22,2396,51,52,60,36,2.6,2.5,-9.2,155.6,-2.3,1.0,-0.4,1.1,0.2,0.1,0.5,0.1,0.2,0.4,48482.0,2.4,430.0,-1.3,-2.0,0.025,3917.0,0.1,1.0,0.3,0.4,0.002,0.82,-0.09,2.61,12.8,7.1,0.0072,3,0,-11,2,67.9,18,-8,10,0.3,0.006035,999999.99,99999.99,99999.99,0.23,0.1,0.07,-1,2009-03-08 22:00:00
2009,67,23,2396,51,52,59,35,2.2,2.0,-3.3,153.9,-1.8,0.9,-0.1,0.8,0.4,0.5,1.1,0.9,0.3,0.6,50743.0,2.2,426.0,-1.9,-2.0,0.028,8449.0,0.2,7.0,0.5,0.4,0.003,0.74,-0.17,3.39,14.4,7.2,0.0058,3,0,-13,2,67.9,19,-10,9,0.3,0.006035,999999.99,99999.99,99999.99,0.25,0.12,0.09,-1,2009-03-08 23:00:00
2009,68,0,2396,51,52,59,35,2.4,2.4,-2.1,173.4,-2.3,0.3,-0.1,0.3,0.1,0.1,0.3,0.1,0.3,0.2,53486.0,2.3,411.0,-2.2,-1.2,0.028,5719.0,0.1,3.0,0.2,0.3,0.001,0.72,-0.04,3.02,13.0,6.8,0.0071,3,0,-13,2,67.2,16,-8,8,0.2,0.00602,999999.99,99999.99,99999.99,0.22,0.11,0.07,-1,2009-03-09 00:00:00
2009,68,1,2396,51,52,60,37,2.0,1.9,3.3,154.5,-1.7,0.8,0.1,0.6,0.5,0.3,0.7,0.4,0.4,0.2,52251.0,2.3,413.0,-2.5,-1.1,0.025,5356.0,0.1,4.0,0.5,0.3,0.003,0.72,-0.21,4.32,15.7,7.2,0.0049,3,0,-13,2,67.2,19,-11,8,0.2,0.00602,999999.99,99999.99,99999.99,0.25,0.12,0.08,-1,2009-03-09 01:00:00
2009,68,2,2396,51,52,60,31,1.9,1.9,11.8,153.9,-1.7,0.8,0.4,0.5,0.7,0.1,0.3,0.1,0.2,0.2,46210.0,1.7,413.0,-2.2,-1.7,0.027,7463.0,0.5,3.0,0.5,0.5,0.004,0.54,-0.29,3.42,14.2,7.1,0.0059,3,0,-11,2,67.2,17,-12,5,0.1,0.00602,999999.99,99999.99,99999.99,0.19,0.1,0.08,-1,2009-03-09 02:00:00
2009,68,3,2396,51,52,59,36,2.2,2.2,6.5,143.0,-1.7,1.3,0.2,1.1,0.8,0.1,0.3,0.1,0.2,0.1,41689.0,2.2,415.0,-2.0,-0.8,0.024,4871.0,0.2,2.0,0.3,0.3,0.002,0.69,-0.33,3.22,14.0,7.2,0.0061,0,0,-9,0,67.2,15,-11,4,0.1,0.00602,999999.99,99999.99,99999.99,0.25,0.1,0.07,-1,2009-03-09 03:00:00
2009,68,4,2396,51,52,59,36,2.4,2.4,10.7,153.1,-2.1,1.1,0.4,0.8,0.8,0.1,0.3,0.2,0.2,0.2,40370.0,2.0,408.0,-1.6,-1.1,0.023,8112.0,0.3,4.0,0.4,0.3,0.003,0.61,-0.33,2.44,12.0,6.8,0.0082,0,0,-10,0,67.2,12,-8,3,0.1,0.00602,999999.99,99999.99,99999.99,0.25,0.15,0.1,-1,2009-03-09 04:00:00
2009,68,5,2396,51,52,59,37,2.6,2.6,11.6,158.8,-2.3,0.9,0.5,0.7,0.8,0.1,0.3,0.1,0.1,0.2,36455.0,2.1,402.0,-1.2,-1.5,0.023,7126.0,0.3,2.0,0.2,0.5,0.004,0.62,-0.32,2.13,11.2,6.6,0.0095,0,0,-10,0,67.2,7,-3,3,0.0,0.00602,999999.99,99999.99,99999.99,0.21,0.1,0.07,-1,2009-03-09 05:00:00
2009,68,6,2396,51,52,60,35,2.6,2.6,4.4,164.2,-2.5,0.7,0.2,0.6,0.4,0.1,0.2,0.1,0.1,0.2,30951.0,1.7,395.0,-1.5,-1.1,0.028,7954.0,0.2,3.0,0.1,0.3,0.003,0.49,-0.16,1.67,9.9,6.3,0.0121,0,0,-9,0,67.2,10,-2,8,0.1,0.00602,999999.99,99999.99,99999.99,0.25,0.15,0.11,-1,2009-03-09 06:00:00
2009,68,7,2396,51,52,59,37,2.8,2.8,14.3,172.9,-2.7,0.3,0.7,0.1,0.8,0.2,0.5,0.1,0.2,0.5,36932.0,2.1,392.0,-0.6,-1.5,0.019,6040.0,0.3,1.0,0.6,0.5,0.005,0.58,-0.31,1.84,10.1,6.3,0.0116,0,0,-9,0,67.2,10,-5,6,-0.0,0.00602,999999.99,99999.99,99999.99,0.22,0.12,0.08,-1,2009-03-09 07:00:00
2009,68,8,2396,51,52,61,36,2.8,2.8,7.6,171.7,-2.7,0.4,0.4,0.3,0.5,0.1,0.6,0.1,0.4,0.5,34843.0,2.0,385.0,0.0,-1.2,0.027,8713.0,0.3,4.0,0.6,0.5,0.008,0.55,-0.19,1.73,9.7,6.2,0.0126,0,0,-8,0,67.2,15,-9,6,-0.1,0.00602,999999.99,99999.99,99999.99,0.22,0.1,0.08,-1,2009-03-09 08:00:00
2009,68,9,2396,51,52,60,32,3.0,2.9,8.5,182.4,-2.9,-0.1,0.4,-0.2,0.4,0.1,0.7,0.1,0.4,0.5,34306.0,2.0,385.0,1.6,-2.0,0.024,9539.0,0.4,3.0,1.2,0.7,0.004,0.54,-0.15,1.5,9.1,6.0,0.0144,7,0,-6,3,67.2,30,-14,16,0.1,0.00602,999999.99,99999.99,99999.99,0.24,0.12,0.09,-1,2009-03-09 09:00:00
2009,68,10,2396,51,52,57,33,3.2,3.1,-13.6,149.7,-2.6,1.5,-0.7,1.6,-0.3,0.1,0.9,0.4,0.4,0.6,34686.0,2.2,385.0,-1.1,-0.4,0.026,14023.0,0.5,8.0,0.9,1.1,0.004,0.6,0.12,1.46,8.9,5.9,0.0149,7,0,-7,3,67.2,27,-18,8,0.2,0.00602,999999.99,99999.99,99999.99,0.2,0.12,0.09,-1,2009-03-09 10:00:00
2009,68,11,2396,51,52,58,35,3.3,3.0,-8.5,148.8,-2.5,1.5,-0.4,1.6,0.0,0.4,1.4,1.1,0.4,0.6,36405.0,2.6,381.0,-1.4,-1.4,0.023,13219.0,0.4,10.0,1.0,0.6,0.006,0.69,-0.0,1.64,9.3,6.0,0.0137,7,0,-7,3,67.2,63,-59,4,0.3,0.00602,999999.99,99999.99,99999.99,0.21,0.11,0.1,-1,2009-03-09 11:00:00
2009,68,12,2396,51,52,59,36,3.5,3.4,0.0,158.7,-3.2,1.2,0.0,1.2,0.3,0.2,0.6,0.1,0.5,0.4,31979.0,2.6,367.0,-2.0,-1.5,0.027,8045.0,0.5,3.0,0.4,0.4,0.01,0.65,-0.11,1.42,8.5,5.7,0.0166,7,0,-7,3,67.2,76,-74,2,0.2,0.00602,999999.99,99999.99,99999.99,0.22,0.12,0.09,-1,2009-03-09 12:00:00
2009,68,13,2396,51,52,61,37,3.4,3.1,1.9,202.5,-2.9,-1.2,0.1,-1.2,-0.2,0.2,1.4,0.7,1.0,0.6,37661.0,3.4,367.0,0.4,-1.3,0.033,4897.0,0.4,6.0,1.0,0.8,0.006,0.87,0.07,2.03,10.0,6.0,0.012,7,0,-8,3,67.2,32,-29,3,0.3,0.00602,999999.99,99999.99,99999.99,0.23,0.11,0.08,-1,2009-03-09 13:00:00
2009,68,14,2396,51,52,57,36,3.4,3.4,-9.5,184.0,-3.3,-0.2,-0.6,0.0,-0.6,0.2,0.5,0.2,0.4,0.3,35084.0,3.1,358.0,-0.3,-0.4,0.032,4312.0,0.2,3.0,0.4,0.6,0.006,0.75,0.21,1.82,9.3,5.8,0.0138,7,0,-10,3,67.2,21,-17,4,0.6,0.00602,999999.99,99999.99,99999.99,0.24,0.13,0.09,-1,2009-03-09 14:00:00
2009,68,15,2396,51,52,61,37,3.2,3.2,-4.1,171.3,-3.1,0.5,-0.2,0.5,0.0,0.1,0.4,0.1,0.3,0.1,39734.0,3.1,353.0,-1.4,-1.2,0.034,4240.0,0.2,2.0,0.6,0.3,0.005,0.73,-0.0,2.12,9.7,5.8,0.0126,3,0,-10,2,67.2,35,-33,1,0.5,0.00602,999999.99,99999.99,99999.99,0.24,0.17,0.12,-1,2009-03-09 15:00:00
2009,68,16,2396,51,52,61,37,3.3,3.2,-12.2,160.7,-3.0,1.0,-0.7,1.2,-0.3,0.1,0.5,0.1,0.3,0.3,36281.0,3.0,355.0,-2.4,-0.7,0.029,3360.0,0.2,3.0,0.3,0.6,0.003,0.7,0.11,1.89,9.3,5.7,0.0137,3,0,-8,2,67.2,31,-28,3,0.4,0.00602,999999.99,99999.99,99999.99,0.18,0.11,0.08,-1,2009-03-09 16:00:00
2009,68,17,2396,51,52,59,34,3.4,3.3,-6.6,156.3,-3.0,1.3,-0.4,1.3,0.2,0.0,0.5,0.2,0.4,0.2,35009.0,3.0,363.0,-1.6,-2.1,0.024,1840.0,0.1,1.0,0.4,0.2,0.001,0.72,-0.07,1.76,9.2,5.8,0.0139,3,0,-9,2,67.2,15,-12,3,0.5,0.00602,999999.99,99999.99,99999.99,0.27,0.14,0.11,-1,2009-03-09 17:00:00
2009,68,18,2396,51,52,59,35,3.3,3.2,-5.9,162.5,-3.1,1.0,-0.3,1.0,0.2,0.1,0.3,0.2,0.2,0.2,35722.0,3.1,359.0,-1.0,-2.0,0.027,3007.0,0.2,3.0,0.3,0.2,0.004,0.74,-0.07,1.94,9.6,5.9,0.013,3,0,-10,2,67.2,15,-10,5,0.4,0.00602,999999.99,99999.99,99999.99,0.21,0.11,0.08,-1,2009-03-09 18:00:00
2009,68,19,2396,51,52,60,37,3.1,3.1,2.4,172.9,-3.1,0.4,0.1,0.3,0.3,0.0,0.4,0.1,0.4,0.1,39802.0,3.5,357.0,-0.0,-2.3,0.024,4372.0,0.1,2.0,0.2,0.1,0.004,0.82,-0.11,2.55,10.8,6.0,0.0102,3,0,-11,2,67.2,15,-10,4,0.3,0.00602,999999.99,99999.99,99999.99,0.2,0.13,0.1,-1,2009-03-09 19:00:00
2009,68,20,2396,51,52,59,36,3.0,2.9,6.7,184.2,-2.9,-0.2,0.3,-0.3,0.2,0.1,0.2,0.1,0.1,0.1,38354.0,3.2,357.0,0.6,-2.0,0.024,4858.0,0.1,2.0,0.3,0.3,0.003,0.75,-0.07,2.47,10.6,6.0,0.0105,3,0,-9,2,67.2,15,-10,5,0.2,0.00602,999999.99,99999.99,99999.99,0.21,0.12,0.09,-1,2009-03-09 20:00:00
2009,68,21,2396,51,52,60,36,2.9,2.9,9.0,176.2,-2.9,0.2,0.5,-0.1,0.5,0.1,0.3,0.1,0.2,0.1,37982.0,3.1,353.0,0.1,-2.0,0.023,3238.0,0.1,1.0,0.5,0.2,0.001,0.7,-0.18,2.55,10.7,6.0,0.0104,0,0,-8,0,67.2,14,-10,4,0.2,0.00602,999999.99,99999.99,99999.99,0.22,0.12,0.08,-1,2009-03-09 21:00:00
2009,68,22,2396,51,52,60,36,2.6,2.6,1.9,170.2,-2.5,0.4,0.1,0.3,0.3,0.1,0.2,0.1,0.1,0.2,36555.0,2.8,350.0,-0.7,-1.7,0.023,2730.0,0.1,1.0,0.2,0.1,0.001,0.63,-0.1,2.84,11.3,6.1,0.0094,0,0,-6,0,67.2,14,-9,5,0.2,0.00602,999999.99,99999.99,99999.99,0.22,0.12,0.09,-1,2009-03-09 22:00:00
2009,68,23,2396,51,52,58,36,2.5,2.5,-1.4,177.2,-2.5,0.1,-0.1,0.1,0.0,0.1,0.2,0.1,0.1,0.1,37885.0,2.7,348.0,-1.1,-1.7,0.023,3307.0,0.1,2.0,0.1,0.3,0.002,0.6,-0.0,2.99,11.4,6.0,0.0091,0,0,-7,0,67.2,14,-9,5,0.2,0.00602,999999.99,99999.99,99999.99,0.18,0.11,0.07,-1,2009-03-09 23:00:00
2009,69,0,2396,51,52,60,37,2.3,2.3,0.3,181.0,-2.3,0.0,0.0,0.0,0.0,0.1,0.3,0.1,0.2,0.1,36509.0,2.6,345.0,-1.4,-1.9,0.024,3469.0,0.1,1.0,0.3,0.3,0.003,0.57,-0.0,3.37,12.1,6.1,0.0081,7,0,-6,3,67.8,14,-7,6,0.2,0.005991,999999.99,99999.99,99999.99,0.22,0.11,0.06,-1,2009-03-10 00:00:00
2009,69,1,2396,51,52,58,35,2.4,2.4,-2.4,192.6,-2.3,-0.5,-0.1,-0.4,-0.3,0.1,0.3,0.1,0.2,0.2,29223.0,2.6,342.0,-1.5,-1.8,0.023,1955.0,0.1,1.0,0.2,0.2,0.002,0.55,0.1,2.96,11.5,6.1,0.009,7,0,-6,3,67.8,18,-9,9,0.4,0.005991,999999.99,99999.99,99999.99,0.24,0.14,0.11,-1,2009-03-10 01:00:00
2009,69,2,2396,51,52,60,37,2.3,2.3,-11.1,223.7,-1.6,-1.5,-0.4,-1.1,-1.1,0.0,0.3,0.2,0.2,0.2,30176.0,2.7,336.0,-0.6,-1.9,0.018,2416.0,0.1,1.0,0.3,0.2,0.002,0.55,0.37,3.37,12.0,6.1,0.0083,7,0,-7,3,67.8,20,-12,8,0.6,0.005991,999999.99,99999.99,99999.99,0.29,0.13,0.1,-1,2009-03-10 02:00:00
2009,69,3,2396,51,52,60,36,2.2,2.2,-9.6,211.9,-1.8,-1.1,-0.4,-0.8,-0.9,0.1,0.3,0.1,0.2,0.1,27762.0,2.7,332.0,-0.8,-2.3,0.019,1167.0,0.1,1.0,0.2,0.2,0.002,0.53,0.3,3.62,12.4,6.1,0.0077,3,0,-6,2,67.8,18,-11,7,0.3,0.005991,999999.99,99999.99,99999.99,0.23,0.12,0.09,-1,2009-03-10 03:00:00
2009,69,4,2396,51,52,56,35,2.2,2.1,9.6,199.0,-2.0,-0.7,0.4,-0.8,0.1,0.1,0.6,0.3,0.3,0.5,22895.0,2.4,326.0,-1.4,-3.3,0.019,4449.0,0.2,5.0,0.5,0.4,0.003,0.46,-0.03,3.12,11.5,6.0,0.009,3,0,-6,2,67.8,16,-7,10,0.2,0.005991,999999.99,99999.99,99999.99,0.23,0.12,0.1,-1,2009-03-10 04:00:00
2009,69,5,2396,51,52,60,35,2.3,2.2,18.9,188.3,-2.1,-0.3,0.7,-0.5,0.5,0.1,0.7,0.1,0.5,0.4,18502.0,2.3,317.0,-0.8,-4.1,0.015,2921.0,0.2,3.0,0.6,0.4,0.002,0.41,-0.16,2.66,10.5,5.8,0.0109,3,0,-7,2,67.8,8,-2,6,0.1,0.005991,999999.99,99999.99,99999.99,0.24,0.14,0.1,-1,2009-03-10 05:00:00
2009,69,6,2396,51,52,60,35,2.1,2.1,23.5,181.7,-1.9,-0.1,0.8,-0.4,0.7,0.1,0.2,0.1,0.2,0.1,15267.0,2.0,310.0,-0.9,-5.3,0.014,3328.0,0.5,4.0,0.3,0.5,0.002,0.34,-0.22,2.71,10.4,5.7,0.0109,0,0,-6,0,67.8,6,0,6,0.1,0.005991,999999.99,99999.99,99999.99,0.22,0.12,0.1,-1,2009-03-10 06:00:00
2009,69,7,2396,51,52,60,38,2.0,1.9,25.3,180.5,-1.8,0.0,0.8,-0.2,0.8,0.0,0.3,0.1,0.2,0.2,16045.0,2.4,310.0,-0.8,-4.6,0.015,2562.0,0.4,3.0,0.3,0.3,0.002,0.41,-0.25,3.6,12.0,5.9,0.0083,0,0,-5,0,67.8,8,-2,6,0.0,0.005991,999999.99,99999.99,99999.99,0.24,0.12,0.1,-1,2009-03-10 07:00:00
2009,69,8,2396,51,52,59,36,2.0,1.9,29.1,169.1,-1.6,0.3,0.9,0.1,0.9,0.0,0.4,0.1,0.3,0.3,14897.0,2.8,311.0,-1.5,-4.5,0.013,1865.0,0.2,2.0,0.6,0.4,0.003,0.48,-0.28,4.17,13.0,6.1,0.007,0,0,-4,0,67.8,11,-5,7,-0.0,0.005991,999999.99,99999.99,99999.99,0.23,0.13,0.09,-1,2009-03-10 08:00:00
2009,69,9,2396,51,52,59,35,1.6,1.5,34.5,184.0,-1.2,-0.1,0.9,-0.3,0.9,0.2,0.6,0.3,0.5,0.2,15775.0,3.9,305.0,-0.4,-6.1,0.007,1845.0,0.4,3.0,1.1,0.6,0.001,0.62,-0.27,9.13,18.8,6.3,0.0034,3,0,-2,2,67.8,15,-10,6,-0.0,0.005991,999999.99,99999.99,99999.99,0.25,0.14,0.09,-1,2009-03-10 09:00:00
2009,69,10,2396,51,52,63,39,2.2,1.5,46.9,178.9,-1.1,0.0,1.1,-0.2,1.1,0.3,1.5,0.2,1.4,0.5,15853.0,6.1,315.0,-0.4,-7.0,0.006,2838.0,1.7,4.0,0.5,0.7,0.001,1.04,-0.35,7.56,17.7,6.4,0.0038,3,0,4,2,67.8,23,-12,11,0.0,0.005991,999999.99,99999.99,99999.99,0.22,0.12,0.09,-1,2009-03-10 10:00:00
2009,69,11,2396,51,52,59,36,2.7,2.6,58.2,200.4,-1.3,-0.5,2.2,-1.0,2.0,0.1,0.8,0.3,0.6,0.2,17121.0,9.4,317.0,-0.7,-7.6,0.004,2275.0,0.4,2.0,0.7,0.8,0.001,1.6,-0.63,7.8,18.0,6.5,0.0037,3,0,7,2,67.8,26,-15,11,0.1,0.005991,999999.99,99999.99,99999.99,0.2,0.12,0.1,-1,2009-03-10 11:00:00
2009,69,12,2396,51,52,60,37,3.0,2.3,33.9,252.8,-0.6,-1.8,1.3,-2.1,0.8,0.8,2.1,0.9,1.8,0.6,20317.0,8.5,318.0,-1.1,-6.6,0.005,3570.0,1.8,4.0,1.3,0.8,0.001,1.46,-0.25,5.84,15.5,6.3,0.005,17,0,5,6,67.8,24,-14,10,0.3,0.005991,999999.99,99999.99,99999.99,0.23,0.11,0.07,-1,2009-03-10 12:00:00
2009,69,13,2396,51,52,60,36,4.3,4.3,0.8,285.4,1.1,-4.1,0.1,-4.0,-1.0,0.2,0.6,0.3,0.3,0.3,14266.0,6.4,318.0,-0.7,-6.4,0.006,915.0,1.0,2.0,0.6,0.2,0.001,1.11,0.32,2.05,9.4,5.6,0.0136,17,0,0,6,67.8,23,-15,8,0.8,0.005991,999999.99,99999.99,99999.99,0.2,0.12,0.09,-1,2009-03-10 13:00:00
2009,69,14,2396,51,52,63,15,4.0,3.9,-14.1,289.9,1.3,-3.5,-0.9,-3.1,-1.9,0.5,1.2,0.3,0.8,0.8,11194.0,6.0,317.0,-0.7,-6.2,0.005,1304.0,0.9,2.0,0.5,0.5,0.002,1.03,0.6,2.18,9.7,5.7,0.0126,17,0,0,6,67.8,140,-123,17,1.2,0.005991,999999.99,99999.99,99999.99,0.32,0.16,0.12,-1,2009-03-10 14:00:00
2009,69,15,2396,51,52,60,28,3.8,3.7,-34.0,282.7,0.7,-3.0,-2.0,-2.2,-2.9,0.7,1.3,0.4,1.1,0.4,19363.0,7.3,328.0,0.6,-4.3,0.005,1754.0,1.3,2.0,1.4,0.7,0.001,1.34,0.95,3.11,11.7,6.1,0.0087,20,0,-1,7,67.8,205,-194,12,1.4,0.005991,999999.99,99999.99,99999.99,0.21,0.1,0.08,-1,2009-03-10 15:00:00
2009,69,16,2396,51,52,59,36,3.7,3.5,-50.3,309.1,1.4,-1.7,-2.7,-0.6,-3.1,0.9,1.5,0.6,1.1,0.8,22210.0,9.0,327.0,1.0,-4.0,0.006,1969.0,1.9,2.0,0.5,0.6,0.001,1.65,1.01,4.12,13.3,6.2,0.0068,20,0,-4,7,67.8,252,-238,14,1.8,0.005991,999999.99,99999.99,99999.99,0.25,0.13,0.1,-1,2009-03-10 16:00:00
2009,69,17,2396,51,52,59,34,3.2,1.9,-60.2,337.9,0.9,-0.3,-1.6,0.4,-1.6,0.3,2.7,0.7,1.8,1.8,26985.0,10.3,327.0,0.8,-4.0,0.006,3998.0,0.9,2.0,0.7,1.0,0.001,1.88,0.52,6.5,16.4,6.4,0.0044,20,0,-7,7,67.8,177,-158,19,1.5,0.005991,999999.99,99999.99,99999.99,0.22,0.12,0.1,-1,2009-03-10 17:00:00
2009,69,18,2396,51,52,61,37,4.3,1.3,-74.3,335.3,0.3,-0.2,-1.3,0.4,-1.2,0.5,4.1,1.0,3.4,2.0,34246.0,6.0,328.0,1.1,-4.3,0.006,3695.0,0.7,3.0,0.7,0.8,0.001,1.1,0.39,2.2,9.3,5.5,0.0136,17,0,-9,6,67.8,46,-37,9,0.6,0.005991,999999.99,99999.99,99999.99,0.19,0.12,0.08,-1,2009-03-10 18:00:00
2009,69,19,2396,51,52,60,34,3.1,2.1,1.7,289.4,0.7,-1.9,0.1,-1.7,-0.8,0.6,2.4,0.3,0.9,2.1,48993.0,6.6,330.0,1.5,-3.8,0.008,8957.0,1.0,1.0,0.6,1.0,0.002,1.24,0.26,5.07,13.7,5.9,0.0064,17,0,-8,6,67.8,41,-22,19,0.9,0.005991,999999.99,99999.99,99999.99,0.23,0.15,0.11,-1,2009-03-10 19:00:00
2009,69,20,2396,51,52,60,37,3.0,2.8,87.1,209.8,-0.1,-0.1,2.8,-1.5,2.3,0.6,1.3,0.2,0.9,0.9,52923.0,7.3,331.0,1.2,-4.0,0.007,8731.0,0.6,1.0,0.5,0.7,0.001,1.37,-0.76,6.12,14.9,5.9,0.0054,17,0,-6,6,67.8,28,-17,11,0.2,0.005991,999999.99,99999.99,99999.99,0.28,0.15,0.1,-1,2009-03-10 20:00:00
2009,69,21,2396,51,52,61,36,2.6,1.7,60.8,265.6,-0.1,-0.8,1.5,-1.5,0.8,0.7,2.1,0.4,1.4,1.4,53893.0,6.8,334.0,1.6,-4.8,0.008,6565.0,1.0,3.0,0.6,0.6,0.002,1.31,-0.27,7.63,16.7,6.1,0.0042,3,0,-2,2,67.8,30,-10,20,0.3,0.005991,999999.99,99999.99,99999.99,0.22,0.13,0.1,-1,2009-03-10 21:00:00
2009,69,22,2396,51,52,60,37,2.3,1.1,45.0,112.6,-0.3,0.7,0.8,0.1,1.1,0.3,2.1,0.4,1.5,1.4,42783.0,9.1,338.0,1.7,-6.0,0.005,5316.0,0.7,1.0,0.5,0.6,0.001,1.77,-0.37,12.25,22.2,6.5,0.0024,3,0,0,2,67.8,23,-7,15,0.2,0.005991,999999.99,99999.99,99999.99,0.26,0.11,0.08,-1,2009-03-10 22:00:00
2009,69,23,2396,51,52,61,37,2.5,2.3,66.5,192.2,-0.9,-0.2,2.1,-1.3,1.6,0.4,1.0,0.4,0.8,0.5,39466.0,8.0,339.0,1.4,-4.7,0.005,2819.0,0.4,2.0,0.5,0.4,0.0,1.57,-0.54,8.94,19.2,6.5,0.0032,3,0,-3,2,67.8,14,-7,7,0.1,0.005991,999999.99,99999.99,99999.99,0.24,0.11,0.08,-1,2009-03-10 23:00:00
2009,70,0,2396,51,52,61,37,2.6,1.8,9.8,250.2,-0.6,-1.6,0.3,-1.5,-0.6,0.4,1.9,0.3,1.0,1.6,39798.0,7.0,341.0,0.8,-4.4,0.005,3413.0,0.4,2.0,0.6,0.6,0.001,1.39,0.2,7.24,17.4,6.4,0.004,3,0,-3,2,68.0,20,-7,13,0.3,0.005978,999999.99,99999.99,99999.99,0.2,0.1,0.08,-1,2009-03-11 00:00:00
2009,70,1,2396,51,52,60,34,2.7,2.3,58.4,239.7,-0.6,-1.1,2.0,-2.0,1.1,0.3,1.3,0.4,1.1,0.6,43125.0,6.0,345.0,0.6,-3.0,0.004,3099.0,0.6,1.0,0.5,0.7,0.0,1.21,-0.38,5.87,15.6,6.4,0.0049,3,0,0,2,68.0,22,-12,10,0.2,0.005978,999999.99,99999.99,99999.99,0.2,0.11,0.08,-1,2009-03-11 01:00:00
2009,70,2,2396,51,52,60,35,3.1,2.4,87.0,243.0,-0.1,-0.1,2.4,-1.3,2.0,0.3,1.9,0.6,1.6,0.9,42690.0,5.6,344.0,1.6,-2.0,0.005,8223.0,1.0,2.0,0.5,0.7,0.0,1.13,-0.69,4.15,13.1,6.1,0.0069,3,0,1,2,68.0,23,-13,10,0.3,0.005978,999999.99,99999.99,99999.99,0.22,0.13,0.1,-1,2009-03-11 02:00:00
2009,70,3,2396,51,52,59,35,2.3,1.7,1.1,269.0,0.0,-1.7,0.0,-1.5,-0.8,0.3,1.5,0.4,0.9,1.2,24627.0,8.2,342.0,2.0,-2.7,0.003,5181.0,0.9,2.0,1.1,0.8,0.0,1.62,0.27,9.87,21.3,6.9,0.0026,3,0,4,2,68.0,27,-7,20,0.6,0.005978,999999.99,99999.99,99999.99,0.22,0.13,0.09,-1,2009-03-11 03:00:00
2009,70,4,2396,51,52,61,38,2.3,1.9,53.7,112.9,-0.4,1.0,1.5,0.3,1.8,0.3,1.3,0.4,1.2,0.5,29142.0,7.9,343.0,1.5,-2.8,0.003,2855.0,0.5,2.0,0.6,0.6,0.0,1.57,-0.62,9.79,21.0,6.8,0.0027,3,0,3,2,68.0,20,-5,14,0.3,0.005978,999999.99,99999.99,99999.99,0.2,0.11,0.08,-1,2009-03-11 04:00:00
2009,70,5,2396,51,52,60,35,2.4,2.0,72.6,233.8,-0.4,-0.5,1.9,-1.2,1.6,0.4,1.4,0.9,0.8,0.5,24359.0,8.4,342.0,1.6,-2.8,0.003,1525.0,0.7,2.0,0.3,0.6,0.0,1.66,-0.55,9.27,20.7,6.9,0.0028,3,0,2,2,68.0,12,1,12,0.3,0.005978,999999.99,99999.99,99999.99,0.27,0.13,0.09,-1,2009-03-11 05:00:00
2009,70,6,2396,51,52,49,27,2.6,2.2,-5.1,239.9,-1.1,-1.9,-0.2,-1.7,-0.8,0.4,1.4,0.6,0.3,1.2,23844.0,8.2,342.0,1.5,-2.5,0.003,1639.0,0.8,2.0,0.6,0.4,0.0,1.62,0.27,7.68,18.8,6.8,0.0034,7,0,1,3,68.0,22,0,22,0.4,0.005978,999999.99,99999.99,99999.99,0.24,0.12,0.09,-1,2009-03-11 06:00:00
2009,70,7,2396,51,52,59,35,3.1,2.7,21.3,227.5,-1.7,-1.9,1.0,-2.1,0.4,0.4,1.5,0.8,0.9,0.8,22859.0,6.9,345.0,0.5,-2.6,0.004,2620.0,1.1,2.0,0.8,0.6,0.001,1.39,-0.14,4.52,14.6,6.6,0.0056,7,0,-1,3,68.0,19,-2,17,0.2,0.005978,999999.99,99999.99,99999.99,0.21,0.12,0.09,-1,2009-03-11 07:00:00
2009,70,8,2396,51,52,60,36,2.9,2.6,16.5,256.3,-0.6,-2.5,0.7,-2.6,0.0,0.5,1.3,0.2,0.5,1.2,20850.0,6.8,339.0,0.7,-2.3,0.005,2854.0,1.1,1.0,0.7,1.1,0.001,1.33,-0.0,5.02,15.2,6.6,0.0051,7,0,-1,3,68.0,76,-55,21,0.3,0.005978,999999.99,99999.99,99999.99,0.22,0.11,0.08,-1,2009-03-11 08:00:00
2009,70,9,2396,51,52,58,35,3.4,3.2,36.9,264.5,-0.2,-2.6,1.9,-3.0,1.2,0.3,0.9,0.5,0.6,0.5,20567.0,5.9,338.0,-0.5,-1.4,0.004,3496.0,0.7,4.0,0.6,0.9,0.001,1.14,-0.41,3.16,12.1,6.3,0.0082,3,0,1,2,68.0,62,-35,27,0.2,0.005978,999999.99,99999.99,99999.99,0.19,0.1,0.08,-1,2009-03-11 09:00:00
2009,70,10,2396,51,52,60,37,3.5,3.3,37.2,282.7,0.6,-2.6,2.0,-3.0,1.4,0.2,1.0,0.5,0.4,0.7,20637.0,6.2,330.0,-0.7,-1.7,0.004,2860.0,0.4,4.0,0.6,1.0,0.001,1.15,-0.46,3.14,11.7,6.1,0.0086,3,0,1,2,68.0,31,-16,15,0.1,0.005978,999999.99,99999.99,99999.99,0.23,0.11,0.08,-1,2009-03-11 10:00:00
2009,70,11,2396,51,52,60,26,3.7,3.5,48.4,237.0,-1.3,-2.0,2.6,-2.5,2.1,0.1,1.2,0.9,0.7,0.3,15713.0,6.1,341.0,0.1,-1.2,0.004,3675.0,0.4,6.0,0.7,0.5,0.0,1.2,-0.72,2.67,11.4,6.3,0.0092,3,0,2,2,68.0,26,-13,13,0.0,0.005978,999999.99,99999.99,99999.99,0.23,0.14,0.09,-1,2009-03-11 11:00:00
2009,70,12,2396,51,52,58,18,3.3,2.9,30.3,260.4,-0.4,-2.5,1.5,-2.8,0.9,0.4,1.5,0.9,0.6,1.1,18542.0,8.4,338.0,0.3,-2.8,0.003,3254.0,0.9,2.0,0.2,0.6,0.0,1.62,-0.3,4.71,14.8,6.6,0.0054,3,0,3,2,68.0,23,-13,11,0.2,0.005978,999999.99,99999.99,99999.99,0.2,0.12,0.1,-1,2009-03-11 12:00:00
2009,70,13,2396,51,52,60,34,3.3,3.3,-6.6,290.2,1.1,-3.1,-0.4,-2.9,-1.2,0.4,0.5,0.3,0.4,0.3,18141.0,9.1,336.0,0.3,-3.2,0.004,800.0,1.1,2.0,0.3,0.2,0.0,1.74,0.4,5.09,15.4,6.6,0.005,3,0,2,2,68.0,39,-28,11,0.8,0.005978,999999.99,99999.99,99999.99,0.23,0.12,0.09,-1,2009-03-11 13:00:00
2009,70,14,2396,51,52,60,37,2.6,2.5,-28.5,295.2,0.9,-2.0,-1.2,-1.6,-1.7,0.2,0.7,0.4,0.3,0.4,20493.0,11.5,335.0,-0.5,-3.5,0.003,931.0,0.8,1.0,0.5,0.2,0.0,2.18,0.57,10.53,21.8,6.9,0.0025,3,0,2,2,68.0,128,-104,24,0.9,0.005978,999999.99,99999.99,99999.99,0.22,0.11,0.09,-1,2009-03-11 14:00:00
2009,70,15,2396,51,52,59,37,1.9,1.7,9.5,263.8,-0.2,-1.7,0.3,-1.7,-0.3,0.3,0.8,0.4,0.4,0.6,21435.0,13.2,335.0,-0.6,-3.1,0.004,882.0,0.3,2.0,0.3,0.4,0.0,2.51,0.1,22.79,32.0,7.0,0.0012,7,0,3,3,68.0,121,-112,9,0.8,0.005978,999999.99,99999.99,99999.99,0.25,0.13,0.09,-1,2009-03-11 15:00:00
2009,70,16,2396,51,52,59,36,2.4,2.3,-20.1,303.5,1.2,-1.8,-0.8,-1.4,-1.4,0.4,0.8,0.3,0.4,0.6,19022.0,12.4,331.0,-0.4,-3.4,0.004,1394.0,0.7,1.0,0.3,0.3,0.001,2.31,0.46,13.2,24.3,6.9,0.002,7,0,2,3,68.0,62,-55,7,0.9,0.005978,999999.99,99999.99,99999.99,0.19,0.11,0.09,-1,2009-03-11 16:00:00
2009,70,17,2396,51,52,59,33,2.6,2.6,-25.6,313.0,1.6,-1.7,-1.1,-1.1,-1.7,0.2,0.5,0.4,0.2,0.3,14806.0,12.9,327.0,-0.8,-3.4,0.004,360.0,0.7,1.0,0.1,0.1,0.0,2.34,0.56,11.37,22.6,6.9,0.0023,7,0,-3,3,68.0,35,-24,10,0.8,0.005978,999999.99,99999.99,99999.99,0.2,0.11,0.08,-1,2009-03-11 17:00:00
2009,70,18,2396,51,52,59,36,3.0,3.0,-28.8,318.5,1.9,-1.7,-1.4,-0.9,-2.0,0.2,0.3,0.2,0.1,0.1,15016.0,12.1,323.0,-0.5,-3.0,0.004,437.0,0.7,1.0,0.2,0.2,0.0,2.14,0.65,8.02,18.7,6.7,0.0034,23,0,-8,9,68.0,62,-37,26,0.8,0.005978,999999.99,99999.99,99999.99,0.22,0.12,0.09,-1,2009-03-11 18:00:00
2009,70,19,2396,51,52,60,37,3.8,2.8,-35.4,259.8,-0.4,-2.2,-1.6,-1.1,-2.5,0.4,2.6,2.6,0.4,0.2,14868.0,9.3,320.0,-0.1,-2.5,0.006,1511.0,1.9,2.0,0.2,0.2,0.002,1.63,0.8,3.84,12.8,6.2,0.0072,23,0,-8,9,68.0,169,-123,46,1.3,0.005978,999999.99,99999.99,99999.99,0.26,0.12,0.09,-1,2009-03-11 19:00:00
2009,70,20,2396,51,52,60,37,4.1,4.0,-26.3,232.4,-2.2,-2.9,-1.8,-1.5,-3.0,0.1,0.4,0.2,0.3,0.2,14639.0,8.6,320.0,0.4,-2.1,0.008,1001.0,0.5,1.0,0.2,0.3,0.0,1.52,0.96,3.04,11.4,6.0,0.0091,23,0,-12,9,68.0,87,-47,40,1.1,0.005978,999999.99,99999.99,99999.99,0.19,0.11,0.08,-1,2009-03-11 20:00:00
2009,70,21,2396,51,52,60,36,4.3,4.3,-24.1,241.8,-1.8,-3.4,-1.7,-2.0,-3.3,0.1,0.4,0.2,0.1,0.3,15001.0,10.1,320.0,0.5,-1.7,0.008,738.0,0.4,1.0,0.7,0.2,0.0,1.78,1.06,3.26,11.8,6.1,0.0085,27,0,-11,12,68.0,121,-45,77,1.4,0.005978,999999.99,99999.99,99999.99,0.3,0.14,0.1,-1,2009-03-11 21:00:00
2009,70,22,2396,51,52,58,36,4.2,4.1,-33.4,265.8,-0.3,-3.4,-2.3,-1.6,-3.8,0.2,1.0,0.9,0.3,0.2,18672.0,11.9,319.0,0.0,-1.6,0.008,2105.0,1.1,3.0,0.3,0.2,0.001,2.09,1.21,4.13,13.1,6.1,0.0069,27,0,-9,12,68.0,225,-105,120,2.1,0.005978,999999.99,99999.99,99999.99,0.27,0.16,0.11,-1,2009-03-11 22:00:00
2009,70,23,2396,51,52,65,39,5.4,3.4,6.9,253.1,-1.0,-3.3,0.4,-3.0,-1.5,1.9,4.6,1.5,0.7,4.2,26838.0,22.0,328.0,0.3,-2.7,0.008,8132.0,4.8,7.0,0.3,0.4,0.001,4.08,0.49,4.87,14.2,6.2,0.0059,27,0,-2,12,68.0,236,-95,141,2.1,0.005978,999999.99,99999.99,99999.99,0.26,0.12,0.09,-1,2009-03-11 23:00:00
2009,71,0,2396,51,52,63,37,8.5,7.4,27.1,263.8,-0.7,-6.6,3.4,-7.4,-0.7,0.4,4.0,1.3,2.1,3.1,53971.0,9.8,349.0,-0.8,1.4,0.015,7421.0,2.5,7.0,1.8,2.8,0.002,2.11,0.24,1.03,6.4,4.7,0.0288,30,0,-3,15,67.8,66,-21,45,1.1,0.006,999999.99,99999.99,99999.99,0.23,0.1,0.08,-1,2009-03-12 00:00:00
2009,71,1,2396,51,52,60,34,9.1,7.3,-4.0,272.1,0.3,-7.3,-0.5,-6.0,-4.2,0.6,5.4,0.5,1.4,5.2,39757.0,8.4,355.0,-1.8,1.6,0.011,14206.0,1.9,3.0,0.9,1.3,0.005,1.85,1.49,0.71,5.7,4.5,0.0372,30,0,-2,15,67.8,80,-20,59,1.2,0.006,999999.99,99999.99,99999.99,0.22,0.11,0.09,-1,2009-03-12 01:00:00
2009,71,2,2396,51,52,60,37,9.8,9.0,9.5,275.3,0.8,-8.8,1.5,-8.4,-3.0,0.2,3.9,0.5,0.8,3.8,28392.0,7.0,356.0,-1.0,1.1,0.006,3157.0,0.9,3.0,0.5,0.5,0.001,1.52,1.07,0.48,4.8,4.0,0.0515,30,0,-10,15,67.8,234,-111,123,2.4,0.006,999999.99,99999.99,99999.99,0.2,0.1,0.08,-1,2009-03-12 02:00:00
2009,71,3,2396,51,52,60,36,9.9,9.5,25.4,279.9,1.5,-8.5,4.1,-9.4,-0.2,0.1,2.6,0.4,1.2,2.2,28323.0,5.7,354.0,-0.4,1.5,0.007,3322.0,0.5,2.0,0.7,1.1,0.001,1.23,0.07,0.38,4.3,3.7,0.0653,30,0,-12,15,67.8,227,-56,171,2.0,0.006,999999.99,99999.99,99999.99,0.19,0.11,0.09,-1,2009-03-12 03:00:00
2009,71,4,2396,51,52,60,37,9.6,9.5,50.3,289.5,2.0,-5.7,7.3,-8.2,4.3,0.2,1.2,0.3,0.9,0.7,27172.0,6.0,355.0,1.1,3.0,0.007,1991.0,0.5,1.0,0.5,0.5,0.001,1.3,-1.53,0.42,4.5,3.9,0.058,30,0,-9,15,67.8,57,-6,51,0.4,0.006,999999.99,99999.99,99999.99,0.23,0.14,0.1,-1,2009-03-12 04:00:00
2009,71,5,2396,51,52,59,36,9.6,9.4,65.4,284.4,1.0,-3.8,8.6,-6.7,6.6,0.1,1.7,0.8,1.3,0.8,22279.0,5.8,353.0,0.1,2.0,0.007,2059.0,0.3,2.0,0.3,0.4,0.001,1.24,-2.33,0.39,4.4,3.8,0.0607,30,0,-7,15,67.8,32,-1,31,0.3,0.006,999999.99,99999.99,99999.99,0.22,0.11,0.08,-1,2009-03-12 05:00:00
2009,71,6,2396,51,52,60,36,9.5,9.3,74.4,307.9,1.5,-2.0,9.0,-4.9,7.8,0.2,1.5,0.4,1.4,0.1,17014.0,6.6,350.0,-0.6,1.3,0.007,2744.0,1.7,2.0,1.0,0.3,0.001,1.39,-2.73,0.44,4.7,4.0,0.0531,7,0,-4,3,67.8,25,-2,23,0.4,0.006,999999.99,99999.99,99999.99,0.23,0.12,0.09,-1,2009-03-12 06:00:00
2009,71,7,2396,51,52,59,36,9.6,9.5,80.6,94.6,-0.1,1.5,9.4,-1.3,9.4,0.1,1.0,0.7,0.8,0.2,22765.0,4.2,345.0,-1.3,0.6,0.01,5000.0,0.4,2.0,0.8,0.3,0.002,0.87,-3.24,0.29,3.7,3.3,0.0877,7,0,-7,3,67.8,15,-3,12,0.1,0.006,999999.99,99999.99,99999.99,0.21,0.1,0.08,-1,2009-03-12 07:00:00
2009,71,8,2396,51,52,61,36,9.9,9.8,70.3,102.0,-0.7,3.2,9.2,0.7,9.7,0.2,1.0,0.3,0.9,0.4,16888.0,3.7,344.0,-0.7,-0.5,0.008,2095.0,0.4,2.0,0.7,0.4,0.001,0.75,-3.34,0.23,3.3,3.1,0.1065,7,0,-7,3,67.8,21,-6,16,0.2,0.006,999999.99,99999.99,99999.99,0.21,0.12,0.1,-1,2009-03-12 08:00:00
2009,71,9,2396,51,52,59,36,8.9,8.6,49.0,91.7,-0.2,5.6,6.5,3.9,7.7,0.3,2.3,0.5,1.8,1.4,39569.0,6.4,345.0,-0.4,-0.7,0.017,21851.0,2.5,2.0,1.5,1.9,0.005,1.36,-2.66,0.56,4.9,4.0,0.0495,13,0,-2,5,67.8,27,-8,19,0.4,0.006,999999.99,99999.99,99999.99,0.18,0.1,0.08,-1,2009-03-12 09:00:00
2009,71,10,2396,51,52,60,37,8.9,8.9,71.0,62.6,1.3,2.6,8.4,0.6,8.8,0.1,0.7,0.3,0.6,0.2,80854.0,4.5,342.0,-0.3,2.1,0.023,4254.0,0.4,2.0,0.8,0.7,0.006,0.96,-3.01,0.49,4.1,3.4,0.0716,13,0,-1,5,67.8,14,-10,3,0.1,0.006,999999.99,99999.99,99999.99,0.2,0.1,0.07,-1,2009-03-12 10:00:00
2009,71,11,2396,51,52,63,38,9.1,8.9,59.2,71.3,1.5,4.3,7.6,2.4,8.4,0.1,1.7,0.6,1.4,0.7,52038.0,4.8,346.0,-0.9,1.1,0.012,13665.0,0.9,7.0,1.5,0.7,0.002,1.01,-2.91,0.44,4.2,3.6,0.0686,13,0,0,5,67.8,17,-11,6,0.2,0.006,999999.99,99999.99,99999.99,0.26,0.12,0.09,-1,2009-03-12 11:00:00
2009,71,12,2396,51,52,57,34,9.3,9.2,56.5,73.1,1.5,4.9,7.7,2.9,8.7,0.2,1.3,0.7,0.9,0.6,46572.0,6.3,347.0,-0.7,0.7,0.011,4936.0,0.5,6.0,1.0,0.9,0.002,1.32,-3.02,0.53,4.7,3.9,0.0542,7,0,2,3,67.8,16,-10,6,0.2,0.006,999999.99,99999.99,99999.99,0.22,0.12,0.08,-1,2009-03-12 12:00:00
2009,71,13,2396,51,52,62,38,9.5,9.1,61.6,62.8,2.0,3.9,8.0,1.6,8.7,0.2,2.6,1.0,2.2,1.0,38489.0,6.7,357.0,0.6,-0.8,0.01,7507.0,0.9,8.0,1.9,1.1,0.001,1.48,-3.11,0.52,4.9,4.0,0.0503,7,0,5,3,67.8,18,-7,11,0.1,0.006,999999.99,99999.99,99999.99,0.22,0.12,0.09,-1,2009-03-12 13:00:00
2009,71,14,2396,51,52,61,36,10.2,10.1,53.5,84.5,0.6,6.0,8.1,3.3,9.5,0.2,1.5,0.9,1.0,0.5,28268.0,5.7,354.0,-0.2,-2.1,0.009,3937.0,0.6,5.0,0.8,0.7,0.002,1.24,-3.36,0.36,4.1,3.6,0.0693,7,0,4,3,67.8,17,-7,10,-0.2,0.006,999999.99,99999.99,99999.99,0.21,0.11,0.08,-1,2009-03-12 14:00:00
2009,71,15,2396,51,52,60,37,10.5,10.4,54.8,92.5,-0.3,6.0,8.5,2.8,10.0,0.2,1.6,0.5,1.3,0.8,27890.0,6.5,354.0,0.7,-2.8,0.007,3836.0,0.8,4.0,0.7,0.5,0.001,1.4,-3.54,0.38,4.3,3.7,0.0644,7,0,5,3,67.8,18,-7,12,-0.3,0.006,999999.99,99999.99,99999.99,0.21,0.12,0.09,-1,2009-03-12 15:00:00
2009,71,16,2396,51,52,60,35,10.6,10.1,63.5,51.4,2.8,3.5,9.1,-0.2,9.7,0.3,3.2,1.5,2.7,0.9,32488.0,7.7,359.0,-0.7,-3.4,0.01,3615.0,0.9,4.0,1.0,0.7,0.001,1.72,-3.48,0.46,4.7,4.0,0.0539,7,0,5,3,67.8,18,-8,10,-0.2,0.006,999999.99,99999.99,99999.99,0.24,0.11,0.08,-1,2009-03-12 16:00:00
2009,71,17,2396,51,52,58,36,11.3,11.2,38.5,88.7,0.2,8.7,7.0,5.0,10.0,0.2,1.4,1.1,0.7,0.6,29748.0,6.2,361.0,0.6,-3.0,0.009,6764.0,2.0,7.0,1.4,0.6,0.002,1.4,-3.61,0.32,4.0,3.5,0.0752,7,0,4,3,67.8,23,-8,15,-0.3,0.006,999999.99,99999.99,99999.99,0.26,0.11,0.08,-1,2009-03-12 17:00:00
2009,71,18,2396,51,52,63,38,12.7,12.6,29.8,91.1,-0.2,10.9,6.3,6.8,10.6,0.6,2.0,0.4,1.5,1.3,24565.0,9.6,364.0,-0.4,-2.0,0.006,2635.0,0.6,4.0,0.5,0.5,0.001,2.18,-3.86,0.38,4.4,3.9,0.0603,17,0,8,6,67.8,20,-7,13,-0.2,0.006,999999.99,99999.99,99999.99,0.23,0.11,0.09,-1,2009-03-12 18:00:00
2009,71,19,2396,51,52,61,36,15.4,15.2,9.2,92.2,-0.6,15.0,2.4,11.9,9.5,0.3,2.2,0.3,0.6,2.1,23109.0,11.1,381.0,-0.8,-2.7,0.005,2311.0,2.1,3.0,0.5,1.0,0.002,2.74,-3.62,0.29,4.1,3.7,0.07,17,0,12,6,67.8,23,-5,18,-0.4,0.006,999999.99,99999.99,99999.99,0.26,0.14,0.08,-1,2009-03-12 19:00:00
2009,71,20,2396,51,52,60,35,14.5,14.4,-8.9,96.7,-1.7,14.1,-2.2,13.2,5.4,0.7,1.7,0.7,0.9,1.3,48367.0,17.0,376.0,-1.0,-4.2,0.005,17781.0,4.0,3.0,0.5,1.0,0.002,4.09,-2.03,0.59,5.3,4.3,0.0416,17,0,18,6,67.8,29,-7,22,0.3,0.006,999999.99,99999.99,99999.99,0.21,0.1,0.07,-1,2009-03-12 20:00:00
2009,71,21,2396,51,52,62,37,17.5,17.4,-4.7,100.9,-3.3,17.0,-1.4,15.1,8.0,0.7,2.3,0.9,0.8,2.0,24307.0,19.2,388.0,-1.6,-4.2,0.003,7850.0,2.5,5.0,0.6,1.2,0.0,4.88,-3.1,0.4,4.9,4.2,0.0504,27,0,19,12,67.8,24,-2,22,0.6,0.006,999999.99,99999.99,99999.99,0.22,0.12,0.09,-1,2009-03-12 21:00:00
2009,71,22,2396,51,52,58,36,17.9,17.6,-20.1,86.5,1.0,16.5,-6.0,17.1,4.0,0.4,3.2,2.7,0.8,1.5,55204.0,12.3,387.0,-3.3,-3.0,0.016,15525.0,3.1,5.0,1.2,1.0,0.006,3.27,-1.55,0.29,3.8,3.4,0.0828,27,0,13,12,67.8,32,-16,16,0.5,0.006,999999.99,99999.99,99999.99,0.2,0.13,0.11,-1,2009-03-12 22:00:00
2009,71,23,2396,51,52,58,35,16.7,16.5,-44.2,56.3,6.5,9.8,-11.5,14.5,-4.3,0.9,3.0,1.5,2.3,1.1,79870.0,17.2,378.0,-5.1,-4.3,0.021,6952.0,2.5,5.0,1.1,0.7,0.003,4.45,1.63,0.53,4.7,3.9,0.054,27,0,7,12,67.8,326,-269,56,1.8,0.006,999999.99,99999.99,99999.99,0.21,0.1,0.08,-1,2009-03-12 23:00:00
2009,72,0,2396,51,52,59,34,16.1,15.6,-39.5,346.0,11.6,-2.9,-9.9,2.9,-9.9,1.1,4.1,1.4,3.5,1.8,45182.0,11.0,358.0,-9.6,-4.0,0.027,15153.0,4.0,6.0,1.6,1.7,0.006,2.61,3.54,0.31,3.7,3.3,0.0875,47,0,-9,39,67.4,632,-436,196,5.1,0.00599,999999.99,99999.99,99999.99,0.26,0.12,0.08,-1,2009-03-13 00:00:00
2009,72,1,2396,51,52,62,37,12.9,12.4,-61.1,343.9,5.8,-1.7,-10.9,4.2,-10.2,0.6,3.1,1.9,2.2,1.1,72481.0,18.3,376.0,-5.4,-5.8,0.009,10332.0,1.5,8.0,2.2,1.3,0.003,4.48,3.84,0.92,6.2,4.7,0.0306,47,0,-15,39,67.4,670,-459,211,5.4,0.00599,999999.99,99999.99,99999.99,0.24,0.12,0.08,-1,2009-03-13 01:00:00
2009,72,2,2396,51,52,64,39,10.8,5.2,-9.8,303.9,2.9,-4.3,-0.9,-3.3,-2.9,3.3,9.9,4.9,3.2,7.9,124754.0,17.0,389.0,-4.7,-4.0,0.021,61958.0,3.6,16.0,3.0,1.9,0.007,4.66,1.13,1.53,7.4,4.9,0.0216,47,0,-28,39,67.4,613,-479,134,5.5,0.00599,999999.99,99999.99,99999.99,0.21,0.12,0.08,-1,2009-03-13 02:00:00
2009,72,3,2396,51,52,64,39,14.4,13.0,58.1,234.4,-4.0,-5.6,11.1,-10.0,7.3,2.0,6.3,2.0,3.4,4.9,151292.0,10.9,425.0,-0.9,-1.5,0.034,74385.0,2.0,8.0,2.8,1.7,0.029,3.74,-3.1,0.61,4.9,3.9,0.0501,40,0,-26,27,67.4,227,-125,102,1.0,0.00599,999999.99,99999.99,99999.99,0.26,0.14,0.1,-1,2009-03-13 03:00:00
2009,72,4,2396,51,52,67,40,9.7,8.1,25.2,292.6,2.8,-6.8,3.4,-7.6,0.3,2.2,5.3,2.0,3.8,3.1,396615.0,7.5,462.0,5.1,-0.9,0.062,64682.0,0.9,16.0,1.6,1.2,0.013,3.34,-0.14,1.74,6.5,4.1,0.028,40,0,-22,27,67.4,151,-50,101,1.3,0.00599,999999.99,99999.99,99999.99,0.16,0.08,0.07,-1,2009-03-13 04:00:00
2009,72,5,2396,51,52,61,38,8.6,7.9,11.8,318.9,5.9,-5.1,1.6,-5.3,-0.4,0.7,3.2,1.2,1.0,2.8,351282.0,5.9,518.0,7.8,2.3,0.05,57049.0,0.8,7.0,1.9,0.6,0.01,3.17,0.21,1.59,7.3,4.7,0.0222,40,0,-24,27,67.4,136,-62,74,1.3,0.00599,999999.99,99999.99,99999.99,0.22,0.12,0.09,-1,2009-03-13 05:00:00
2009,72,6,2396,51,52,56,33,8.6,8.4,-11.0,312.8,5.6,-6.0,-1.6,-5.1,-3.5,1.1,2.1,1.1,0.9,1.5,225164.0,5.2,496.0,6.9,0.3,0.057,68907.0,1.4,19.0,2.6,1.1,0.018,2.62,1.74,1.03,6.6,4.8,0.0275,33,0,-28,18,67.4,394,-304,91,2.2,0.00599,999999.99,99999.99,99999.99,0.2,0.1,0.08,-1,2009-03-13 06:00:00
2009,72,7,2396,51,52,58,36,8.1,7.4,-28.1,315.5,4.7,-4.6,-3.5,-3.4,-4.7,0.9,3.2,1.1,1.9,2.3,170051.0,9.5,463.0,2.4,0.5,0.033,17823.0,1.7,11.0,1.2,0.9,0.006,3.85,2.18,1.8,8.8,5.5,0.0153,33,0,-31,18,67.4,601,-488,113,3.4,0.00599,999999.99,99999.99,99999.99,0.22,0.12,0.1,-1,2009-03-13 07:00:00
2009,72,8,2396,51,52,62,38,6.0,5.1,-54.4,12.0,2.9,0.6,-4.2,1.7,-3.9,1.3,3.2,1.3,2.1,2.0,173350.0,11.1,469.0,2.9,-0.8,0.03,12653.0,0.6,8.0,1.2,0.6,0.005,4.57,1.83,3.87,13.0,6.2,0.007,33,0,-32,18,67.4,475,-326,148,3.5,0.00599,999999.99,99999.99,99999.99,0.23,0.13,0.1,-1,2009-03-13 08:00:00
2009,72,9,2396,51,52,63,38,4.2,3.3,39.7,153.5,-2.2,1.1,2.1,0.6,2.3,1.0,2.8,1.1,1.9,1.7,160806.0,10.5,499.0,2.7,1.3,0.023,15045.0,1.0,10.0,1.1,1.0,0.003,4.77,-1.15,7.16,19.2,7.2,0.0032,30,0,-23,15,67.4,187,-94,93,2.2,0.00599,999999.99,99999.99,99999.99,0.21,0.1,0.08,-1,2009-03-13 09:00:00
2009,72,10,2396,51,52,59,35,4.7,3.1,15.4,293.8,1.2,-2.7,0.8,-2.8,0.2,1.4,3.7,2.2,2.3,1.9,139290.0,6.6,499.0,0.7,1.1,0.029,30407.0,1.2,8.0,1.5,1.3,0.006,3.06,-0.1,3.33,13.6,6.9,0.0064,30,0,-20,15,67.4,82,-58,25,1.2,0.00599,999999.99,99999.99,99999.99,0.18,0.1,0.07,-1,2009-03-13 10:00:00
2009,72,11,2396,51,52,61,37,5.3,3.2,5.5,314.9,2.3,-2.3,0.3,-2.3,-0.2,0.5,4.1,1.5,1.6,3.5,240672.0,3.7,530.0,6.3,0.4,0.061,22416.0,0.4,8.0,1.0,0.8,0.012,2.16,0.11,2.02,9.6,5.8,0.0129,30,0,-19,15,67.4,287,-200,87,1.5,0.00599,999999.99,99999.99,99999.99,0.23,0.11,0.09,-1,2009-03-13 11:00:00
2009,72,12,2396,51,52,61,37,5.4,4.4,-8.5,314.1,3.0,-3.1,-0.6,-2.9,-1.3,0.4,3.0,1.2,0.9,2.6,264794.0,3.4,535.0,6.6,-1.4,0.06,26362.0,0.3,9.0,1.2,1.9,0.011,2.02,0.7,1.91,9.1,5.6,0.0143,27,0,-16,12,67.4,290,-228,62,1.0,0.00599,999999.99,99999.99,99999.99,0.22,0.11,0.07,-1,2009-03-13 12:00:00
2009,72,13,2396,51,52,59,36,5.8,5.2,11.5,304.5,2.9,-4.2,1.0,-4.3,-0.2,0.3,2.6,1.2,1.1,2.0,217636.0,4.0,535.0,5.4,1.4,0.035,20087.0,0.4,11.0,0.8,1.8,0.005,2.18,0.11,1.71,9.2,5.9,0.014,27,0,-16,12,67.4,344,-264,80,1.8,0.00599,999999.99,99999.99,99999.99,0.23,0.12,0.08,-1,2009-03-13 13:00:00
2009,72,14,2396,51,52,59,36,6.4,5.9,2.2,285.9,1.6,-5.6,0.2,-5.4,-1.5,0.3,2.3,1.7,0.8,1.4,207199.0,4.0,524.0,3.8,0.4,0.034,25395.0,0.4,6.0,0.9,0.6,0.005,2.08,0.79,1.36,8.2,5.5,0.0177,27,0,-16,12,67.4,291,-240,51,1.9,0.00599,999999.99,99999.99,99999.99,0.23,0.13,0.1,-1,2009-03-13 14:00:00
2009,72,15,2396,51,52,60,36,5.1,3.7,16.4,275.4,0.3,-3.6,1.1,-3.8,-0.2,0.4,3.4,1.8,1.9,2.2,258098.0,3.9,521.0,4.0,1.8,0.038,21550.0,0.4,11.0,1.5,1.0,0.006,2.04,0.1,2.41,10.1,5.7,0.0117,27,0,-16,12,67.4,377,-276,100,2.0,0.00599,999999.99,99999.99,99999.99,0.19,0.13,0.08,-1,2009-03-13 15:00:00
2009,72,16,2396,51,52,62,38,4.7,4.3,-1.6,281.8,0.9,-4.2,-0.1,-3.9,-1.7,0.5,1.7,0.9,1.0,1.0,276253.0,3.5,526.0,2.6,1.6,0.039,22209.0,0.2,6.0,0.7,0.5,0.005,1.87,0.89,2.67,10.5,5.8,0.0109,27,0,-17,12,67.4,348,-291,57,2.4,0.00599,999999.99,99999.99,99999.99,0.2,0.12,0.08,-1,2009-03-13 16:00:00
2009,72,17,2396,51,52,59,35,4.9,3.8,14.0,281.9,0.8,-3.6,0.9,-3.6,-0.7,0.3,3.1,2.2,1.6,1.3,224991.0,3.5,532.0,3.1,2.5,0.033,20959.0,0.3,5.0,1.2,0.6,0.003,1.87,0.37,2.14,10.2,6.0,0.0115,27,0,-22,12,67.4,393,-310,82,2.1,0.00599,999999.99,99999.99,99999.99,0.23,0.1,0.07,-1,2009-03-13 17:00:00
2009,72,18,2396,51,52,61,35,5.0,4.7,-15.9,338.6,4.2,-1.6,-1.3,-0.8,-1.9,0.7,1.8,0.5,0.8,1.5,178239.0,3.0,527.0,3.7,3.2,0.031,55169.0,0.9,8.0,0.7,0.7,0.004,1.56,1.0,1.53,9.1,6.0,0.0143,20,0,-26,7,67.4,274,-182,92,1.7,0.00599,999999.99,99999.99,99999.99,0.23,0.1,0.07,-1,2009-03-13 18:00:00
2009,72,19,2396,51,52,61,36,5.9,5.7,-17.7,8.3,5.3,0.8,-1.7,1.5,-1.1,0.3,1.5,0.5,1.1,0.9,111065.0,1.7,542.0,4.4,3.9,0.026,13421.0,0.3,4.0,1.0,0.9,0.004,0.92,0.6,0.49,6.0,5.0,0.0332,20,0,-26,7,67.4,162,-101,61,1.2,0.00599,999999.99,99999.99,99999.99,0.23,0.11,0.08,-1,2009-03-13 19:00:00
2009,72,20,2396,51,52,59,34,5.9,5.4,-10.5,341.2,5.1,-1.7,-1.0,-0.9,-1.7,0.1,2.2,1.0,1.8,1.0,132078.0,1.8,539.0,3.5,4.1,0.028,33204.0,0.5,11.0,2.0,1.0,0.002,0.97,0.92,0.56,6.1,5.0,0.0317,20,0,-25,7,67.4,120,-71,49,1.2,0.00599,999999.99,99999.99,99999.99,0.23,0.12,0.1,-1,2009-03-13 20:00:00
2009,72,21,2396,51,52,61,34,4.8,4.6,9.8,327.0,3.8,-2.4,0.8,-2.5,-0.6,0.6,1.5,0.8,1.2,0.6,96834.0,1.3,539.0,2.3,3.7,0.026,33919.0,0.5,13.0,1.4,1.3,0.003,0.7,0.32,0.53,6.4,5.3,0.029,23,0,-23,9,67.4,264,-216,48,1.9,0.00599,999999.99,99999.99,99999.99,0.24,0.11,0.08,-1,2009-03-13 21:00:00
2009,72,22,2396,51,52,59,35,3.7,3.6,9.3,327.1,3.0,-1.9,0.6,-1.9,-0.5,0.0,0.9,0.3,0.3,0.8,64207.0,0.8,538.0,0.7,0.9,0.026,9769.0,0.1,5.0,0.7,1.4,0.0,0.43,0.27,0.47,6.5,5.5,0.0281,23,0,-22,9,67.4,194,-125,69,1.5,0.00599,999999.99,99999.99,99999.99,0.22,0.14,0.11,-1,2009-03-13 22:00:00
2009,72,23,2396,51,52,59,35,3.8,3.6,1.4,334.6,3.2,-1.5,0.1,-1.3,-0.7,0.0,1.3,0.2,0.5,1.2,82672.0,0.9,534.0,1.5,-0.0,9.999,12967.0,0.1,8.0,0.8,2.0,9.999,0.51,0.37,0.55,6.7,5.5,0.0268,23,0,-22,9,67.4,58,-33,24,0.7,0.00599,999999.99,99999.99,99999.99,0.24,0.12,0.09,-1,2009-03-13 23:00:00
2009,73,0,2396,51,52,60,35,3.9,3.7,-23.2,340.9,3.2,-1.1,-1.5,-0.1,-1.9,0.1,1.0,0.2,0.8,0.5,77686.0,1.0,534.0,2.1,-1.4,9.999,17053.0,0.1,5.0,1.5,1.1,9.999,0.57,1.01,0.56,6.8,5.6,0.0254,30,0,-20,15,67.7,70,-30,40,1.3,0.006008,999999.99,99999.99,99999.99,0.19,0.1,0.08,-1,2009-03-14 00:00:00
2009,73,1,2396,51,52,62,37,3.4,3.1,-5.8,316.5,2.2,-2.1,-0.3,-1.6,-1.3,0.6,1.3,0.6,0.6,1.0,115142.0,1.5,553.0,0.9,0.3,0.023,32678.0,0.5,13.0,1.1,1.5,0.002,0.84,0.72,1.31,10.0,6.8,0.012,30,0,-21,15,67.7,167,-106,61,1.4,0.006008,999999.99,99999.99,99999.99,0.28,0.12,0.09,-1,2009-03-14 01:00:00
2009,73,2,2396,51,52,61,38,3.0,1.4,-20.1,328.7,1.2,-0.7,-0.5,-0.4,-0.8,0.3,2.6,1.3,1.0,2.0,122755.0,2.0,566.0,1.7,0.2,0.019,21361.0,0.3,12.0,0.7,1.7,0.002,1.15,0.45,2.32,13.3,7.7,0.0067,30,0,-17,15,67.7,167,-109,58,1.2,0.006008,999999.99,99999.99,99999.99,0.22,0.14,0.11,-1,2009-03-14 02:00:00
2009,73,3,2396,51,52,59,35,3.2,1.3,38.0,294.7,0.4,-0.9,0.8,-1.2,0.3,0.4,3.0,0.7,2.1,2.0,142405.0,2.3,566.0,2.3,1.5,0.02,18231.0,0.2,8.0,0.9,1.0,0.002,1.33,-0.17,2.53,13.4,7.5,0.0066,20,0,-15,7,67.7,81,-11,70,0.6,0.006008,999999.99,99999.99,99999.99,0.25,0.13,0.09,-1,2009-03-14 03:00:00
2009,73,4,2396,51,52,58,35,3.2,2.2,-23.4,332.4,1.8,-0.9,-0.9,-0.4,-1.2,0.2,2.3,0.7,0.6,2.1,152422.0,2.3,558.0,1.8,0.2,0.026,10210.0,0.1,6.0,0.5,1.3,0.002,1.32,0.67,2.62,13.2,7.3,0.0068,20,0,-14,7,67.7,67,-7,61,0.6,0.006008,999999.99,99999.99,99999.99,0.22,0.15,0.13,-1,2009-03-14 04:00:00
2009,73,5,2396,51,52,61,37,3.0,2.6,-18.4,332.0,2.2,-1.2,-0.8,-0.8,-1.2,0.2,1.4,0.5,1.1,0.7,151049.0,2.4,557.0,1.6,-0.3,0.026,15905.0,0.2,5.0,0.9,0.5,0.003,1.37,0.67,3.1,14.4,7.5,0.0058,20,0,-13,7,67.7,131,-69,63,1.1,0.006008,999999.99,99999.99,99999.99,0.26,0.13,0.11,-1,2009-03-14 05:00:00
2009,73,6,2396,51,52,59,37,3.1,2.6,-49.4,21.5,1.6,0.6,-2.0,1.2,-1.7,0.2,1.6,0.5,1.3,0.7,141579.0,2.6,560.0,2.8,-1.3,0.021,9291.0,0.1,4.0,0.8,0.4,0.003,1.48,0.95,3.04,14.6,7.6,0.0056,20,0,-14,7,67.7,235,-163,72,2.3,0.006008,999999.99,99999.99,99999.99,0.28,0.15,0.1,-1,2009-03-14 06:00:00
2009,73,7,2396,51,52,60,36,3.3,3.2,-41.0,11.0,2.4,0.5,-2.1,1.1,-1.9,0.5,0.9,0.6,0.5,0.6,123694.0,2.3,547.0,1.8,-1.6,0.021,19823.0,0.3,10.0,0.5,0.8,0.003,1.25,1.04,2.21,12.6,7.4,0.0075,20,0,-19,7,67.7,158,-118,39,1.9,0.006008,999999.99,99999.99,99999.99,0.19,0.11,0.06,-1,2009-03-14 07:00:00
2009,73,8,2396,51,52,60,36,3.0,1.9,23.9,38.5,1.4,1.1,0.8,0.9,1.1,0.3,2.3,0.8,0.8,2.0,150637.0,2.8,562.0,0.7,-0.5,0.019,15712.0,0.2,8.0,0.4,1.3,0.002,1.59,-0.62,3.61,15.7,7.7,0.0048,20,0,-14,7,67.7,149,-115,35,1.2,0.006008,999999.99,99999.99,99999.99,0.21,0.14,0.11,-1,2009-03-14 08:00:00
2009,73,9,2396,51,52,60,36,3.7,2.9,-7.9,353.0,2.8,-0.3,-0.4,-0.2,-0.5,0.5,2.3,1.0,1.4,1.5,158939.0,2.7,549.0,-1.5,-1.8,0.024,26311.0,0.4,7.0,0.9,0.7,0.003,1.49,0.27,2.36,12.2,7.0,0.008,23,0,-13,9,67.7,180,-145,35,2.1,0.006008,999999.99,99999.99,99999.99,0.23,0.12,0.09,-1,2009-03-14 09:00:00
2009,73,10,2396,51,52,58,34,4.3,3.6,-41.9,320.4,2.1,-1.7,-2.4,-1.1,-2.7,0.3,2.2,1.2,1.7,0.7,157553.0,2.8,548.0,-1.9,-2.4,0.024,14035.0,0.2,7.0,0.8,0.4,0.003,1.54,1.48,1.8,10.7,6.7,0.0105,23,0,-17,9,67.7,393,-296,97,2.5,0.006008,999999.99,99999.99,99999.99,0.22,0.09,0.07,-1,2009-03-14 10:00:00
2009,73,11,2396,51,52,59,33,4.5,4.2,7.8,41.0,3.1,2.7,0.6,2.5,1.2,0.2,1.6,0.5,0.6,1.4,158450.0,3.0,531.0,-0.0,-1.8,0.02,12642.0,0.3,4.0,0.4,0.8,0.002,1.53,-0.64,1.77,10.2,6.4,0.0114,23,0,-17,9,67.7,220,-131,90,1.6,0.006008,999999.99,99999.99,99999.99,0.27,0.14,0.11,-1,2009-03-14 11:00:00
2009,73,12,2396,51,52,62,38,4.6,4.1,46.8,77.4,0.6,2.7,3.0,1.9,3.6,0.2,2.2,1.9,0.8,0.6,166379.0,2.7,542.0,-0.5,-0.3,0.019,11527.0,0.3,11.0,0.4,0.6,0.004,1.43,-1.95,1.56,9.7,6.3,0.0127,10,0,-14,4,67.7,90,-48,42,0.6,0.006008,999999.99,99999.99,99999.99,0.23,0.11,0.08,-1,2009-03-14 12:00:00
2009,73,13,2396,51,52,59,36,4.2,3.5,60.1,77.9,0.4,1.7,3.0,0.8,3.3,0.4,2.4,1.2,1.0,1.7,187480.0,2.7,541.0,-0.4,-0.7,0.026,25883.0,0.3,6.0,0.8,1.8,0.003,1.46,-1.79,2.01,10.6,6.4,0.0106,10,0,-12,4,67.7,35,-16,18,0.5,0.006008,999999.99,99999.99,99999.99,0.2,0.1,0.08,-1,2009-03-14 13:00:00
2009,73,14,2396,51,52,60,37,4.0,3.2,27.0,15.3,2.7,0.7,1.4,0.3,1.5,0.2,2.4,1.1,1.3,1.6,183398.0,2.9,526.0,0.6,-1.8,0.024,25975.0,0.3,10.0,0.9,2.2,0.004,1.47,-0.79,2.35,11.2,6.4,0.0095,10,0,-11,4,67.7,27,-10,17,0.3,0.006008,999999.99,99999.99,99999.99,0.22,0.14,0.08,-1,2009-03-14 14:00:00
2009,73,15,2396,51,52,60,36,3.6,3.2,-11.8,292.4,1.2,-2.9,-0.7,-2.5,-1.6,0.4,1.4,0.7,0.4,1.2,175638.0,2.9,533.0,-0.9,-1.1,0.02,22168.0,0.2,6.0,0.6,1.3,0.003,1.49,0.85,2.83,12.6,6.8,0.0075,27,0,-12,12,67.7,63,-39,24,1.4,0.006008,999999.99,99999.99,99999.99,0.25,0.12,0.08,-1,2009-03-14 15:00:00
2009,73,16,2396,51,52,61,37,3.7,3.0,-28.2,291.3,1.0,-2.5,-1.4,-1.8,-2.2,0.2,1.9,0.8,0.9,1.6,182788.0,2.7,539.0,0.3,-1.7,0.022,12755.0,0.2,4.0,0.5,0.9,0.003,1.43,1.19,2.55,12.0,6.7,0.0083,27,0,-14,12,67.7,310,-250,61,1.6,0.006008,999999.99,99999.99,99999.99,0.21,0.12,0.1,-1,2009-03-14 16:00:00
2009,73,17,2396,51,52,60,37,2.8,2.5,-16.4,293.8,1.0,-2.2,-0.7,-1.7,-1.6,0.5,1.3,0.6,0.7,0.9,168921.0,2.3,543.0,0.3,-1.8,0.025,16153.0,0.1,4.0,0.6,0.5,0.003,1.25,0.87,3.63,14.7,7.2,0.0055,27,0,-18,12,67.7,356,-309,47,2.2,0.006008,999999.99,99999.99,99999.99,0.27,0.13,0.1,-1,2009-03-14 17:00:00
2009,73,18,2396,51,52,59,36,3.4,3.2,33.2,271.6,0.1,-2.7,1.8,-3.2,0.4,0.4,1.3,0.9,0.7,0.6,157973.0,2.0,542.0,0.8,-2.4,0.026,15737.0,0.1,5.0,0.4,0.4,0.002,1.08,-0.22,2.06,11.3,6.8,0.0094,20,0,-20,7,67.7,174,-131,43,1.4,0.006008,999999.99,99999.99,99999.99,0.21,0.11,0.08,-1,2009-03-14 18:00:00
2009,73,19,2396,51,52,61,37,2.6,1.9,17.9,322.0,1.5,-1.1,0.6,-1.3,0.0,0.4,1.7,0.9,0.7,1.2,175295.0,2.2,549.0,0.8,-2.5,0.029,11280.0,0.2,3.0,0.5,0.6,0.002,1.24,-0.0,4.11,15.7,7.3,0.0049,20,0,-17,7,67.7,80,-49,31,1.2,0.006008,999999.99,99999.99,99999.99,0.21,0.09,0.06,-1,2009-03-14 19:00:00
2009,73,20,2396,51,52,61,35,2.7,2.5,35.4,330.4,1.8,-1.0,1.5,-1.6,0.8,0.4,1.0,0.4,0.5,0.8,122828.0,1.8,561.0,0.4,-0.3,0.023,9260.0,0.1,8.0,0.4,0.8,0.002,1.03,-0.45,2.58,13.9,7.8,0.0061,20,0,-17,7,67.7,49,-27,22,0.7,0.006008,999999.99,99999.99,99999.99,0.2,0.09,0.07,-1,2009-03-14 20:00:00
2009,73,21,2396,51,52,59,28,2.2,1.7,25.2,30.1,1.4,0.8,0.7,0.3,1.0,0.5,1.4,0.5,0.4,1.2,136097.0,1.7,560.0,-0.1,-1.2,0.022,7225.0,0.1,4.0,0.3,0.3,0.002,0.97,-0.56,3.86,16.6,8.0,0.0043,30,0,-13,15,67.7,89,-57,32,1.5,0.006008,999999.99,99999.99,99999.99,0.23,0.1,0.08,-1,2009-03-14 21:00:00
2009,73,22,2396,51,51,60,3,3.5,3.1,-65.6,35.8,1.0,0.7,-2.8,2.1,-2.0,0.4,1.7,1.0,1.1,0.7,113056.0,1.9,548.0,-0.5,-2.0,9.999,4462.0,0.3,1.0,0.6,0.4,9.999,1.14,1.1,1.56,10.8,7.0,0.0102,30,0,-14,15,67.7,123,-83,40,1.9,0.006008,999999.99,99999.99,99999.99,0.21,0.11,0.09,-1,2009-03-14 22:00:00
2009,73,23,2396,51,52,59,14,2.9,2.6,-61.2,256.4,-0.3,-1.2,-2.3,0.3,-2.6,0.3,1.2,0.8,0.7,0.6,136910.0,2.4,537.0,-1.4,-2.0,0.019,7161.0,0.2,4.0,0.4,0.3,0.002,1.24,1.4,3.15,14.3,7.4,0.0058,30,0,-20,15,67.7,248,-190,59,3.0,0.006008,999999.99,99999.99,99999.99,0.18,0.09,0.07,-1,2009-03-14 23:00:00
2009,74,0,2396,51,52,60,34,2.7,1.8,-20.5,283.7,0.4,-1.6,-0.6,-1.0,-1.4,0.2,1.9,1.1,0.7,1.3,132583.0,2.2,535.0,-1.5,-2.2,0.02,12437.0,0.2,8.0,0.4,0.8,0.004,1.14,0.75,3.28,14.7,7.5,0.0055,23,0,-23,9,67.7,233,-167,66,1.6,0.00598,999999.99,99999.99,99999.99,0.2,0.12,0.09,-1,2009-03-15 00:00:00
2009,74,1,2396,51,52,60,37,2.4,2.1,-29.4,290.6,0.6,-1.7,-1.0,-0.9,-1.7,0.3,1.2,0.7,0.5,0.8,113836.0,2.3,527.0,-1.1,-2.7,0.016,11527.0,0.1,6.0,0.5,0.8,0.001,1.14,0.9,4.02,16.7,7.9,0.0043,23,0,-18,9,67.7,163,-103,60,1.5,0.00598,999999.99,99999.99,99999.99,0.26,0.13,0.09,-1,2009-03-15 01:00:00
2009,74,2,2396,51,52,59,36,2.5,2.0,-23.1,196.5,-1.8,-0.5,-0.8,0.0,-0.9,0.2,1.5,1.2,0.7,0.6,97618.0,2.3,523.0,-1.6,-2.1,0.017,10320.0,0.2,8.0,0.8,0.6,0.002,1.12,0.47,3.46,15.9,7.9,0.0047,23,0,-17,9,67.7,161,-100,61,1.2,0.00598,999999.99,99999.99,99999.99,0.21,0.11,0.08,-1,2009-03-15 02:00:00
2009,74,3,2396,51,52,59,36,2.7,2.7,6.9,190.0,-2.6,-0.5,0.3,-0.6,0.0,0.2,0.4,0.2,0.3,0.2,116641.0,2.7,510.0,-2.4,-1.6,0.019,7206.0,0.3,4.0,0.5,0.3,0.002,1.26,-0.0,3.77,15.5,7.5,0.0049,30,0,-16,15,67.7,121,-60,61,1.4,0.00598,999999.99,99999.99,99999.99,0.27,0.11,0.09,-1,2009-03-15 03:00:00
2009,74,4,2396,51,52,59,33,2.8,1.2,-42.1,284.0,0.2,-0.9,-0.8,-0.5,-1.1,0.6,2.6,2.0,1.1,1.3,95062.0,2.7,510.0,-1.8,-2.8,0.018,18518.0,0.7,10.0,0.8,0.9,0.004,1.26,0.56,3.2,15.0,7.7,0.0053,30,0,-16,15,67.7,194,-105,89,1.9,0.00598,999999.99,99999.99,99999.99,0.21,0.12,0.1,-1,2009-03-15 04:00:00
2009,74,5,2396,51,52,60,37,2.5,2.1,25.4,6.8,1.9,0.2,0.9,-0.2,0.9,0.5,1.3,0.8,0.8,0.6,108123.0,2.4,497.0,-0.6,-0.2,0.022,17666.0,0.4,12.0,1.3,0.9,0.003,1.08,-0.45,3.78,15.4,7.5,0.005,30,0,-20,15,67.7,257,-176,81,2.1,0.00598,999999.99,99999.99,99999.99,0.27,0.14,0.1,-1,2009-03-15 05:00:00
2009,74,6,2396,51,52,62,38,2.8,1.9,12.2,25.2,1.7,0.8,0.4,0.6,0.6,0.8,2.2,1.1,1.2,1.4,85969.0,3.8,494.0,-1.2,-1.4,0.013,10632.0,1.0,12.0,0.9,0.9,0.002,1.63,-0.3,4.32,17.2,7.9,0.004,27,0,-19,12,67.7,164,-78,86,1.9,0.00598,999999.99,99999.99,99999.99,0.27,0.11,0.08,-1,2009-03-15 06:00:00
2009,74,7,2396,51,52,62,38,3.2,2.8,-8.3,39.0,2.2,1.8,-0.4,1.8,0.1,0.3,1.6,0.7,1.2,0.7,147598.0,2.7,542.0,-1.1,-0.5,0.029,10734.0,0.1,14.0,1.4,1.2,0.003,1.48,-0.05,3.03,13.9,7.3,0.0061,27,0,-19,12,67.7,93,-51,43,1.4,0.00598,999999.99,99999.99,99999.99,0.24,0.12,0.09,-1,2009-03-15 07:00:00
2009,74,8,2396,51,52,59,35,3.7,3.4,-15.0,37.7,2.6,2.0,-0.9,2.2,-0.3,0.4,1.5,0.8,0.6,1.1,145771.0,2.8,535.0,-0.0,0.3,0.029,18838.0,0.2,8.0,0.4,0.8,0.002,1.49,0.16,2.33,12.1,7.0,0.0081,27,0,-17,12,67.7,227,-195,33,1.9,0.00598,999999.99,99999.99,99999.99,0.21,0.1,0.09,-1,2009-03-15 08:00:00
2009,74,9,2396,51,52,58,35,4.3,4.1,-36.4,0.7,3.3,0.0,-2.4,0.6,-2.3,0.2,1.3,0.7,0.7,0.9,134544.0,3.0,517.0,-0.2,-1.3,0.025,9072.0,0.2,4.0,0.7,0.4,0.002,1.47,1.19,1.77,10.4,6.5,0.011,17,0,-15,6,67.7,299,-281,18,2.3,0.00598,999999.99,99999.99,99999.99,0.24,0.12,0.1,-1,2009-03-15 09:00:00
2009,74,10,2396,51,52,61,37,3.5,2.8,39.3,16.6,2.1,0.6,1.8,0.2,1.9,0.6,2.1,1.2,0.8,1.5,150858.0,3.1,524.0,0.5,-0.3,0.03,13101.0,0.2,6.0,0.4,1.0,0.004,1.59,-1.0,2.94,13.2,7.0,0.0068,17,0,-15,6,67.7,175,-156,19,1.0,0.00598,999999.99,99999.99,99999.99,0.26,0.15,0.12,-1,2009-03-15 10:00:00
2009,74,11,2396,51,52,60,38,3.1,2.3,52.8,23.1,1.3,0.5,1.8,0.1,1.9,0.4,2.0,0.6,1.2,1.4,146456.0,2.5,523.0,0.2,-3.2,0.032,19085.0,0.3,6.0,0.7,1.2,0.003,1.29,-0.99,2.97,13.3,7.1,0.0067,17,0,-13,6,67.7,73,-57,16,0.9,0.00598,999999.99,99999.99,99999.99,0.25,0.13,0.1,-1,2009-03-15 11:00:00
2009,74,12,2396,51,52,59,34,2.4,1.3,1.6,353.0,1.3,-0.2,0.0,-0.2,0.0,0.5,2.0,1.1,1.2,1.1,114509.0,1.4,529.0,2.3,1.1,0.028,31001.0,0.3,10.0,1.4,1.7,0.002,0.73,-0.0,2.46,13.0,7.4,0.007,17,0,-13,6,67.7,64,-51,13,0.9,0.00598,999999.99,99999.99,99999.99,0.22,0.11,0.09,-1,2009-03-15 12:00:00
2009,74,13,2396,51,52,57,34,2.3,1.9,29.2,147.7,-1.4,0.9,0.9,0.6,1.1,0.4,1.3,1.1,0.4,0.5,86364.0,1.8,512.0,-0.5,-0.9,0.018,14328.0,0.5,11.0,0.6,0.8,0.004,0.84,-0.56,3.04,14.9,7.8,0.0053,17,0,-12,6,67.7,43,-29,14,0.5,0.00598,999999.99,99999.99,99999.99,0.23,0.11,0.09,-1,2009-03-15 13:00:00
2009,74,14,2396,51,52,59,36,1.9,1.4,-1.5,337.8,1.3,-0.5,0.0,-0.5,-0.1,0.5,1.3,1.0,0.4,0.6,76992.0,3.0,476.0,-1.2,-2.0,0.011,6537.0,0.4,5.0,0.5,0.4,0.001,1.19,0.05,7.1,21.7,8.1,0.0025,17,0,-13,6,67.7,46,-37,10,0.4,0.00598,999999.99,99999.99,99999.99,0.18,0.11,0.09,-1,2009-03-15 14:00:00
2009,74,15,2396,51,52,60,38,2.8,2.6,24.9,29.6,2.0,1.2,1.1,0.8,1.4,0.4,1.1,0.7,0.6,0.5,70550.0,2.5,473.0,0.1,-0.2,0.011,6940.0,0.4,7.0,1.0,0.6,0.001,0.98,-0.66,2.64,13.4,7.4,0.0067,17,0,-13,6,67.7,47,-38,9,0.5,0.00598,999999.99,99999.99,99999.99,0.22,0.11,0.09,-1,2009-03-15 15:00:00
2009,74,16,2396,51,52,61,37,2.4,1.9,3.6,23.2,1.8,0.8,0.1,0.7,0.4,1.1,1.8,1.5,0.8,0.6,59680.0,3.8,476.0,0.2,-0.1,0.01,17156.0,0.8,6.0,0.4,0.3,0.001,1.5,-0.19,5.16,19.3,8.3,0.0032,17,0,-12,6,67.7,30,-22,8,0.3,0.00598,999999.99,99999.99,99999.99,0.24,0.12,0.08,-1,2009-03-15 16:00:00
2009,74,17,2396,51,52,62,36,3.9,3.5,3.3,29.8,3.0,1.7,0.2,1.5,0.9,0.4,1.7,1.1,0.9,1.0,73421.0,2.1,492.0,0.1,0.6,0.021,24848.0,0.6,15.0,0.6,1.0,0.008,0.92,-0.44,1.16,9.1,6.5,0.0142,17,0,-13,6,67.7,39,-19,20,0.5,0.00598,999999.99,99999.99,99999.99,0.22,0.1,0.08,-1,2009-03-15 17:00:00
2009,74,18,2396,51,52,60,36,3.4,3.4,16.9,23.7,3.0,1.3,1.0,0.7,1.5,0.1,0.4,0.2,0.2,0.2,82276.0,2.2,501.0,-0.1,0.6,0.024,7306.0,0.1,2.0,0.3,0.4,0.002,1.01,-0.75,1.67,10.9,7.0,0.01,3,0,-15,2,67.7,16,-7,9,0.2,0.00598,999999.99,99999.99,99999.99,0.22,0.12,0.09,-1,2009-03-15 18:00:00
2009,74,19,2396,51,52,59,36,2.9,2.9,29.4,23.5,2.3,1.0,1.4,0.2,1.7,0.2,0.3,0.2,0.2,0.1,72972.0,1.9,499.0,0.1,-0.1,0.025,6740.0,0.1,3.0,0.4,0.2,0.002,0.87,-0.85,1.89,11.9,7.3,0.0085,3,0,-15,2,67.7,15,-7,7,0.2,0.00598,999999.99,99999.99,99999.99,0.21,0.11,0.09,-1,2009-03-15 19:00:00
2009,74,20,2396,51,52,59,36,2.8,2.8,31.5,15.6,2.3,0.6,1.4,-0.2,1.5,0.0,0.3,0.1,0.2,0.1,57509.0,1.8,488.0,0.2,0.2,0.018,2326.0,0.1,4.0,0.2,0.3,0.002,0.77,-0.73,1.78,11.7,7.3,0.0087,3,0,-14,2,67.7,18,-10,8,0.2,0.00598,999999.99,99999.99,99999.99,0.22,0.1,0.07,-1,2009-03-15 20:00:00
2009,74,21,2396,51,52,58,34,3.0,2.7,17.8,9.2,2.6,0.4,0.8,-0.1,0.9,0.3,1.2,0.5,1.0,0.4,52984.0,2.6,471.0,0.3,1.1,0.011,22249.0,0.5,8.0,0.6,0.4,0.003,1.01,-0.42,2.18,12.7,7.5,0.0074,20,0,-12,7,67.7,31,-17,15,0.3,0.00598,999999.99,99999.99,99999.99,0.22,0.12,0.08,-1,2009-03-15 21:00:00
2009,74,22,2396,51,52,59,37,3.5,3.4,29.8,49.6,1.9,2.3,1.7,1.0,2.7,0.1,0.5,0.4,0.2,0.3,43254.0,3.4,459.0,-0.2,1.1,0.01,5868.0,0.2,6.0,0.4,0.3,0.001,1.24,-1.24,1.98,12.1,7.3,0.0081,20,0,-14,7,67.7,33,-15,19,0.5,0.00598,999999.99,99999.99,99999.99,0.24,0.1,0.07,-1,2009-03-15 22:00:00
2009,74,23,2396,51,52,59,36,3.4,3.3,21.3,44.0,2.2,2.2,1.2,1.2,2.2,0.2,0.5,0.3,0.2,0.4,34280.0,3.8,452.0,-0.4,1.0,0.009,4967.0,0.5,2.0,0.2,0.2,0.001,1.34,-0.99,2.22,13.0,7.6,0.0071,20,0,-16,7,67.7,113,-89,25,1.0,0.00598,999999.99,99999.99,99999.99,0.2,0.11,0.08,-1,2009-03-15 23:00:00
2009,75,0,2396,51,52,60,35,3.4,3.3,15.0,39.0,2.5,2.0,0.9,1.2,1.8,0.3,0.8,0.3,0.5,0.5,31674.0,4.1,448.0,-0.0,1.0,0.011,3617.0,0.5,4.0,0.6,0.4,0.001,1.43,-0.81,2.36,13.3,7.7,0.0067,23,0,-14,9,68.7,117,-85,32,1.1,0.006025,999999.99,99999.99,99999.99,0.2,0.12,0.1,-1,2009-03-16 00:00:00
2009,75,1,2396,51,52,60,37,3.6,3.6,-9.8,353.3,3.5,-0.4,-0.6,0.0,-0.7,0.1,0.5,0.2,0.4,0.2,39352.0,3.8,437.0,0.9,1.6,0.009,3966.0,0.3,2.0,0.3,0.1,0.001,1.26,0.31,2.05,11.8,7.1,0.0085,23,0,-13,9,68.7,76,-53,23,0.9,0.006025,999999.99,99999.99,99999.99,0.23,0.11,0.07,-1,2009-03-16 01:00:00
2009,75,2,2396,51,52,62,38,3.3,3.2,-10.8,8.7,3.1,0.5,-0.6,0.7,-0.3,0.2,1.1,0.3,1.0,0.3,63879.0,2.2,453.0,-0.2,1.6,0.018,24651.0,1.0,13.0,1.4,0.3,0.007,0.81,0.14,1.62,10.2,6.6,0.0115,23,0,-14,9,68.7,30,-11,19,0.6,0.006025,999999.99,99999.99,99999.99,0.23,0.13,0.1,-1,2009-03-16 02:00:00
2009,75,3,2396,51,52,60,37,3.4,3.3,-2.8,8.2,3.3,0.5,-0.2,0.5,0.1,0.2,0.4,0.2,0.3,0.3,49116.0,1.4,460.0,-1.8,0.7,0.024,12305.0,0.4,2.0,0.7,0.3,0.008,0.54,-0.05,0.89,8.0,6.0,0.0186,7,0,-14,3,68.7,16,-10,7,0.2,0.006025,999999.99,99999.99,99999.99,0.22,0.13,0.1,-1,2009-03-16 03:00:00
2009,75,4,2396,51,52,59,35,3.3,3.2,-8.7,344.7,3.1,-0.8,-0.5,-0.5,-0.8,0.2,0.7,0.3,0.7,0.1,52584.0,1.5,460.0,-1.3,1.0,0.023,20507.0,0.5,4.0,0.6,0.3,0.004,0.58,0.37,1.04,8.5,6.2,0.0163,7,0,-13,3,68.7,21,-5,17,0.4,0.006025,999999.99,99999.99,99999.99,0.24,0.14,0.1,-1,2009-03-16 04:00:00
2009,75,5,2396,51,52,59,37,3.9,3.9,-9.1,335.8,3.5,-1.6,-0.6,-1.3,-1.2,0.1,0.3,0.1,0.2,0.1,66515.0,1.7,451.0,-0.2,0.9,0.024,5873.0,0.1,4.0,0.5,0.2,0.003,0.63,0.54,0.91,7.5,5.6,0.0209,7,0,-13,3,68.7,36,-10,26,0.6,0.006025,999999.99,99999.99,99999.99,0.22,0.16,0.12,-1,2009-03-16 05:00:00
2009,75,6,2396,51,52,58,34,3.4,3.3,-6.3,327.2,2.8,-1.8,-0.4,-1.6,-1.0,0.4,0.7,0.5,0.3,0.4,66971.0,2.2,440.0,0.2,0.5,0.02,9724.0,0.4,8.0,0.5,0.4,0.003,0.77,0.44,1.55,9.6,6.3,0.0129,10,0,-13,4,68.7,46,-16,30,0.6,0.006025,999999.99,99999.99,99999.99,0.25,0.13,0.11,-1,2009-03-16 06:00:00
2009,75,7,2396,51,52,58,36,3.1,3.0,6.3,318.6,2.3,-2.0,0.3,-2.0,-0.3,0.3,0.7,0.3,0.2,0.6,49583.0,3.5,423.0,-1.4,0.7,0.009,4686.0,0.5,5.0,0.7,0.5,0.001,1.08,0.13,2.7,12.8,7.0,0.0073,10,0,-11,4,68.7,72,-27,45,0.6,0.006025,999999.99,99999.99,99999.99,0.23,0.12,0.1,-1,2009-03-16 07:00:00
2009,75,8,2396,51,52,60,36,2.4,2.0,22.8,302.6,1.0,-1.5,0.8,-1.7,0.4,0.5,1.3,0.6,0.5,1.1,44245.0,5.4,414.0,-2.6,2.3,0.009,3598.0,1.0,3.0,0.5,0.6,0.001,1.6,-0.17,6.73,20.0,7.7,0.003,10,0,-7,4,68.7,104,-75,29,0.8,0.006025,999999.99,99999.99,99999.99,0.24,0.12,0.09,-1,2009-03-16 08:00:00
2009,75,9,2396,51,52,61,38,4.0,3.8,-24.0,317.1,2.5,-2.3,-1.5,-1.9,-2.0,0.6,1.3,0.6,1.1,0.5,37649.0,4.4,419.0,-1.3,2.4,0.008,3944.0,1.3,5.0,1.1,0.6,0.001,1.33,0.84,1.9,11.0,6.8,0.0099,17,0,-7,6,68.7,70,-37,33,0.7,0.006025,999999.99,99999.99,99999.99,0.26,0.13,0.1,-1,2009-03-16 09:00:00
2009,75,10,2396,51,52,60,37,1.9,1.0,-37.9,47.7,0.5,0.6,-0.6,0.7,-0.4,1.1,1.9,1.1,1.1,1.1,32784.0,8.9,420.0,-0.4,2.4,0.008,5079.0,2.1,3.0,0.5,0.2,0.001,2.71,0.17,16.53,33.0,8.4,0.0011,17,0,-8,6,68.7,124,-88,36,1.1,0.006025,999999.99,99999.99,99999.99,0.25,0.12,0.09,-1,2009-03-16 10:00:00
2009,75,11,2396,51,52,60,35,1.1,0.7,-30.9,86.1,0.0,0.6,-0.3,0.7,-0.2,0.4,0.9,0.4,0.6,0.6,29317.0,9.9,420.0,-0.0,1.8,0.008,2235.0,0.6,1.0,0.2,0.2,0.001,3.01,0.08,53.67,60.1,8.7,0.0003,17,0,-6,6,68.7,126,-96,30,0.8,0.006025,999999.99,99999.99,99999.99,0.22,0.12,0.09,-1,2009-03-16 11:00:00
2009,75,12,2396,51,52,58,36,3.1,3.0,12.7,127.8,-1.8,2.3,0.7,2.1,1.2,0.6,0.9,0.6,0.4,0.5,37186.0,5.8,410.0,-1.0,2.1,0.014,3848.0,1.5,5.0,0.5,0.7,0.005,1.72,-0.49,4.16,15.9,7.4,0.0047,7,0,-7,3,68.7,50,-23,28,0.4,0.006025,999999.99,99999.99,99999.99,0.21,0.1,0.07,-1,2009-03-16 12:00:00
2009,75,13,2396,51,52,59,36,3.9,3.8,15.9,126.8,-2.2,2.9,1.0,2.5,1.7,0.2,0.7,0.3,0.4,0.4,42217.0,3.9,403.0,-1.3,2.1,0.02,4734.0,0.5,3.0,0.4,0.5,0.003,1.14,-0.69,1.82,10.2,6.4,0.0114,7,0,-6,3,68.7,37,-22,14,0.3,0.006025,999999.99,99999.99,99999.99,0.2,0.11,0.08,-1,2009-03-16 13:00:00
2009,75,14,2396,51,52,61,37,4.2,4.2,5.3,120.2,-2.1,3.6,0.4,3.3,1.5,0.1,0.8,0.6,0.4,0.3,44280.0,3.9,399.0,-1.7,2.9,0.023,5042.0,0.3,4.0,0.6,0.4,0.004,1.13,-0.6,1.59,9.4,6.1,0.0135,7,0,-5,3,68.7,46,-43,3,0.4,0.006025,999999.99,99999.99,99999.99,0.27,0.13,0.09,-1,2009-03-16 14:00:00
2009,75,15,2396,51,52,62,37,4.4,3.9,-3.6,78.3,0.8,3.8,-0.2,3.6,1.1,0.2,2.0,1.7,0.8,0.7,44069.0,4.0,415.0,-1.4,3.3,0.028,7210.0,0.5,12.0,0.4,0.8,0.005,1.28,-0.46,1.48,9.4,6.2,0.0134,17,0,-4,6,68.7,33,-29,4,0.3,0.006025,999999.99,99999.99,99999.99,0.17,0.11,0.07,-1,2009-03-16 15:00:00
2009,75,16,2396,51,52,59,34,3.8,3.5,-14.3,113.5,-1.3,3.1,-0.9,3.2,0.3,0.7,1.7,1.2,1.0,0.8,43132.0,6.3,404.0,-0.9,3.7,0.019,4410.0,2.3,9.0,1.1,0.5,0.008,1.85,-0.12,3.11,13.3,6.9,0.0067,17,0,-2,6,68.7,58,-48,10,0.5,0.006025,999999.99,99999.99,99999.99,0.22,0.11,0.08,-1,2009-03-16 16:00:00
2009,75,17,2396,51,52,60,37,3.3,3.2,-38.0,112.3,-1.0,2.4,-2.0,3.0,-0.8,0.8,1.1,0.5,0.8,0.6,42728.0,7.3,409.0,-0.2,4.2,0.022,10976.0,2.8,3.0,0.8,0.7,0.009,2.22,0.33,4.77,16.7,7.4,0.0042,17,0,-3,6,68.7,54,-40,14,0.6,0.006025,999999.99,99999.99,99999.99,0.2,0.11,0.07,-1,2009-03-16 17:00:00
2009,75,18,2396,51,52,61,36,3.4,2.7,7.0,78.9,0.5,2.6,0.3,2.2,1.5,0.6,2.1,0.9,1.1,1.6,49848.0,6.5,416.0,-0.0,2.3,0.027,13661.0,2.4,4.0,0.6,0.9,0.01,2.08,-0.62,4.17,15.6,7.3,0.0049,17,0,-9,6,68.7,36,-22,14,0.2,0.006025,999999.99,99999.99,99999.99,0.21,0.1,0.08,-1,2009-03-16 18:00:00
2009,75,19,2396,51,52,59,35,4.3,4.1,0.7,92.3,-0.2,4.1,0.1,3.5,2.1,0.1,1.1,0.7,0.2,0.8,50955.0,4.7,414.0,-1.2,1.8,0.035,3014.0,0.2,4.0,0.3,0.5,0.002,1.53,-0.87,1.9,10.4,6.4,0.0109,17,0,-9,6,68.7,17,-5,12,0.1,0.006025,999999.99,99999.99,99999.99,0.27,0.13,0.1,-1,2009-03-16 19:00:00
2009,75,20,2396,51,52,61,37,3.4,2.6,14.2,101.3,-0.5,2.5,0.6,1.8,1.8,0.4,2.1,0.6,1.2,1.6,60160.0,5.7,416.0,-0.1,1.6,0.032,7064.0,0.5,3.0,1.0,0.6,0.005,1.86,-0.75,3.87,14.6,7.0,0.0056,17,0,-7,6,68.7,14,-1,13,0.2,0.006025,999999.99,99999.99,99999.99,0.23,0.13,0.1,-1,2009-03-16 20:00:00
2009,75,21,2396,51,52,60,36,3.6,3.3,44.3,63.0,1.1,2.1,2.3,0.5,3.1,0.3,1.4,0.7,1.1,0.6,53277.0,5.7,424.0,0.6,2.0,0.032,4591.0,0.4,6.0,0.9,0.7,0.005,1.93,-1.31,3.32,14.1,7.1,0.006,3,0,-3,2,68.7,18,-5,12,0.1,0.006025,999999.99,99999.99,99999.99,0.22,0.1,0.07,-1,2009-03-16 21:00:00
2009,75,22,2396,51,52,59,35,3.7,3.5,-6.8,86.5,0.2,3.5,-0.4,3.1,1.6,0.1,0.9,0.4,0.1,0.8,56506.0,5.4,419.0,-0.4,2.9,0.036,4227.0,0.2,2.0,0.9,0.5,0.003,1.81,-0.67,3.03,13.2,6.9,0.0069,3,0,-1,2,68.7,20,-10,10,0.2,0.006025,999999.99,99999.99,99999.99,0.2,0.11,0.08,-1,2009-03-16 22:00:00
2009,75,23,2396,51,52,58,33,3.6,3.0,-22.9,99.5,-0.5,2.7,-1.2,2.9,0.5,0.2,1.9,1.7,0.6,0.6,51128.0,5.4,414.0,-0.4,3.6,0.034,8129.0,0.4,8.0,1.3,0.6,0.002,1.76,-0.21,3.11,13.4,7.0,0.0067,3,0,-3,2,68.7,20,-12,9,0.2,0.006025,999999.99,99999.99,99999.99,0.19,0.1,0.09,-1,2009-03-16 23:00:00
2009,76,0,2396,51,52,60,33,3.5,3.2,-39.0,141.8,-1.9,1.5,-2.0,2.3,-0.9,0.1,1.3,0.4,1.0,0.8,49987.0,5.2,398.0,-0.4,3.8,0.039,2337.0,0.3,3.0,0.5,0.4,0.002,1.59,0.36,3.15,13.0,6.7,0.0071,10,0,-6,4,68.2,24,-14,11,0.5,0.006006,999999.99,99999.99,99999.99,0.24,0.12,0.08,-1,2009-03-17 00:00:00
2009,76,1,2396,51,52,60,37,3.6,3.3,-21.7,125.8,-1.8,2.5,-1.2,2.8,0.3,0.2,1.4,0.4,0.8,1.0,45145.0,3.6,398.0,0.5,3.1,0.044,3190.0,0.4,2.0,0.3,0.5,0.004,1.12,-0.12,2.01,10.5,6.3,0.0108,10,0,-11,4,68.2,24,-15,9,0.7,0.006006,999999.99,99999.99,99999.99,0.19,0.11,0.09,-1,2009-03-17 01:00:00
2009,76,2,2396,51,52,60,37,3.4,3.3,-17.3,96.8,-0.4,3.2,-1.0,3.3,0.7,0.1,0.7,0.5,0.3,0.3,45224.0,3.1,402.0,0.6,2.7,0.044,3338.0,0.2,3.0,0.6,0.3,0.003,0.98,-0.28,1.94,10.4,6.4,0.011,10,0,-9,4,68.2,21,-11,10,0.7,0.006006,999999.99,99999.99,99999.99,0.28,0.14,0.09,-1,2009-03-17 02:00:00
2009,76,3,2396,51,52,59,36,3.3,3.2,-17.3,108.5,-1.0,2.9,-0.9,3.0,0.5,0.1,0.7,0.6,0.2,0.3,40310.0,3.1,399.0,0.5,2.7,0.043,1831.0,0.1,2.0,0.3,0.3,0.002,0.97,-0.2,2.0,10.6,6.4,0.0105,7,0,-6,3,68.2,19,-9,10,0.4,0.006006,999999.99,99999.99,99999.99,0.22,0.13,0.1,-1,2009-03-17 03:00:00
2009,76,4,2396,51,52,60,37,3.2,3.1,-21.5,94.2,-0.2,2.8,-1.1,3.0,0.2,0.1,0.9,0.7,0.1,0.4,39004.0,3.3,397.0,0.6,2.7,0.037,4192.0,0.3,5.0,0.3,0.4,0.004,1.0,-0.08,2.24,11.3,6.6,0.0094,7,0,-4,3,68.2,18,-6,12,0.4,0.006006,999999.99,99999.99,99999.99,0.2,0.11,0.07,-1,2009-03-17 04:00:00
2009,76,5,2396,51,52,60,36,2.9,2.8,-24.9,122.9,-1.4,2.1,-1.2,2.4,-0.3,0.2,0.7,0.5,0.4,0.4,40790.0,3.4,389.0,1.6,2.4,0.035,3961.0,0.2,4.0,0.6,0.5,0.003,0.98,0.12,2.84,12.4,6.7,0.0078,7,0,-5,3,68.2,41,-24,17,0.4,0.006006,999999.99,99999.99,99999.99,0.27,0.12,0.1,-1,2009-03-17 05:00:00
2009,76,6,2396,51,52,58,35,2.7,2.6,-26.4,101.6,-0.5,2.3,-1.2,2.6,-0.4,0.2,0.6,0.5,0.2,0.3,41627.0,3.4,391.0,1.1,2.0,0.031,3378.0,0.1,4.0,0.5,0.5,0.002,0.98,0.16,3.3,13.4,6.8,0.0067,7,0,-3,3,68.2,113,-89,24,0.7,0.006006,999999.99,99999.99,99999.99,0.22,0.13,0.08,-1,2009-03-17 06:00:00
2009,76,7,2396,51,52,58,36,2.4,2.3,-24.3,119.2,-1.0,1.8,-0.9,2.0,-0.3,0.1,0.8,0.5,0.2,0.6,40866.0,3.4,384.0,1.4,1.5,0.031,3955.0,0.2,4.0,0.4,0.6,0.003,0.94,0.12,4.16,14.8,6.9,0.0055,7,0,-5,3,68.2,29,-6,22,0.4,0.006006,999999.99,99999.99,99999.99,0.25,0.12,0.07,-1,2009-03-17 07:00:00
2009,76,8,2396,51,52,60,36,2.6,2.4,7.3,130.5,-1.6,1.8,0.3,1.7,0.8,0.0,0.7,0.4,0.2,0.6,39960.0,3.5,379.0,0.7,0.3,0.025,2333.0,0.3,2.0,0.3,0.6,0.003,0.92,-0.3,3.63,13.6,6.7,0.0064,7,0,-7,3,68.2,35,-13,23,0.4,0.006006,999999.99,99999.99,99999.99,0.22,0.11,0.09,-1,2009-03-17 08:00:00
2009,76,9,2396,51,52,61,37,2.1,1.9,13.2,160.4,-1.8,0.6,0.4,0.5,0.5,0.5,0.9,0.5,0.6,0.4,36025.0,4.6,379.0,1.2,0.3,0.019,4942.0,0.9,3.0,0.3,0.2,0.004,1.19,-0.19,7.13,19.4,7.2,0.0032,3,0,-8,2,68.2,29,-10,19,0.2,0.006006,999999.99,99999.99,99999.99,0.18,0.11,0.08,-1,2009-03-17 09:00:00
2009,76,10,2396,51,52,58,36,1.7,1.5,10.3,146.3,-1.2,0.8,0.3,0.7,0.5,0.3,0.9,0.6,0.5,0.5,30263.0,5.2,377.0,1.0,-0.1,0.015,2049.0,0.4,3.0,0.2,0.4,0.002,1.31,-0.19,11.87,25.3,7.5,0.0019,3,0,-5,2,68.2,27,-12,15,0.2,0.006006,999999.99,99999.99,99999.99,0.2,0.1,0.08,-1,2009-03-17 10:00:00
2009,76,11,2396,51,52,60,37,1.8,1.7,6.8,158.6,-1.6,0.6,0.2,0.5,0.3,0.3,0.5,0.4,0.3,0.3,29300.0,5.6,373.0,0.7,-0.2,0.012,2730.0,0.5,3.0,0.3,0.2,0.001,1.36,-0.11,11.34,24.5,7.5,0.002,3,0,-2,2,68.2,27,-21,6,0.2,0.006006,999999.99,99999.99,99999.99,0.26,0.11,0.07,-1,2009-03-17 11:00:00
2009,76,12,2396,51,52,60,34,2.0,1.9,-1.5,162.0,-1.9,0.6,0.0,0.6,0.1,0.3,0.4,0.2,0.3,0.2,30480.0,5.5,372.0,0.5,-0.2,0.01,2770.0,0.5,2.0,0.3,0.2,0.001,1.32,-0.04,9.09,21.8,7.3,0.0025,10,0,-1,4,68.2,34,-30,4,0.3,0.006006,999999.99,99999.99,99999.99,0.22,0.12,0.09,-1,2009-03-17 12:00:00
2009,76,13,2396,51,52,60,36,1.3,1.2,8.5,173.1,-1.2,0.1,0.2,0.0,0.2,0.3,0.5,0.3,0.3,0.2,26264.0,6.6,375.0,0.7,-0.4,0.01,3073.0,0.5,1.0,0.2,0.1,0.001,1.61,-0.07,25.12,37.1,7.8,0.0009,10,0,-1,4,68.2,24,-17,6,0.2,0.006006,999999.99,99999.99,99999.99,0.21,0.12,0.09,-1,2009-03-17 13:00:00
2009,76,14,2396,51,52,60,37,1.2,1.1,20.2,256.9,-0.2,-1.0,0.4,-1.1,0.1,0.3,0.5,0.2,0.4,0.2,18825.0,8.5,375.0,0.7,-1.2,0.011,1726.0,0.4,1.0,0.3,0.5,0.001,2.08,-0.04,36.14,45.6,8.0,0.0006,10,0,1,4,68.2,32,-23,9,0.5,0.006006,999999.99,99999.99,99999.99,0.21,0.12,0.09,-1,2009-03-17 14:00:00
2009,76,15,2396,51,52,60,36,2.6,2.2,-7.5,280.9,0.4,-2.1,-0.3,-1.9,-1.0,0.4,1.5,0.6,0.7,1.2,21405.0,6.9,377.0,-0.1,0.0,0.009,6582.0,0.9,1.0,0.8,0.9,0.002,1.7,0.38,6.36,19.0,7.5,0.0033,17,0,-1,6,68.2,57,-45,12,1.1,0.006006,999999.99,99999.99,99999.99,0.2,0.1,0.08,-1,2009-03-17 15:00:00
2009,76,16,2396,51,52,60,36,3.1,2.5,-32.0,314.2,1.5,-1.5,-1.3,-0.9,-1.8,0.4,1.9,0.4,1.6,0.9,23678.0,7.4,373.0,0.4,-0.1,0.006,2386.0,0.7,2.0,1.0,0.5,0.001,1.76,0.67,4.87,16.4,7.2,0.0044,17,0,-2,6,68.2,90,-82,8,0.8,0.006006,999999.99,99999.99,99999.99,0.22,0.1,0.07,-1,2009-03-17 16:00:00
2009,76,17,2396,51,52,60,37,1.5,0.4,-33.2,52.8,0.2,0.3,-0.2,0.4,-0.1,0.6,1.5,0.2,1.0,1.1,25051.0,8.5,376.0,1.3,-0.1,0.011,1748.0,0.5,1.0,0.7,0.3,0.001,2.1,0.04,24.11,36.5,7.8,0.0009,17,0,-3,6,68.2,72,-61,11,0.9,0.006006,999999.99,99999.99,99999.99,0.19,0.1,0.08,-1,2009-03-17 17:00:00
2009,76,18,2396,51,52,60,37,2.4,2.4,29.6,271.1,0.0,-2.1,1.2,-2.4,0.1,0.3,0.7,0.1,0.6,0.4,21268.0,7.4,378.0,1.3,0.2,0.01,1515.0,0.6,1.0,0.4,0.3,0.002,1.84,-0.04,8.0,21.4,7.6,0.0026,17,0,-4,6,68.2,25,-10,15,0.7,0.006006,999999.99,99999.99,99999.99,0.24,0.12,0.09,-1,2009-03-17 18:00:00
2009,76,19,2396,51,52,60,35,2.1,1.6,-37.6,286.1,0.3,-1.2,-1.0,-0.5,-1.5,0.4,1.4,0.2,1.0,1.0,21998.0,7.3,376.0,1.6,-0.1,0.012,1506.0,0.4,1.0,0.4,0.6,0.003,1.81,0.56,10.35,24.2,7.7,0.002,17,0,-4,6,68.2,31,-10,21,1.0,0.006006,999999.99,99999.99,99999.99,0.23,0.11,0.08,-1,2009-03-17 19:00:00
2009,76,20,2396,51,52,59,37,1.0,1.0,-56.5,320.4,0.4,-0.3,-0.8,0.2,-0.8,0.4,0.6,0.2,0.2,0.5,24527.0,6.8,372.0,1.6,0.4,0.01,2655.0,0.2,1.0,0.2,0.2,0.001,1.63,0.3,43.25,48.5,7.8,0.0005,17,0,-5,6,68.2,39,-23,17,0.9,0.006006,999999.99,99999.99,99999.99,0.26,0.15,0.1,-1,2009-03-17 20:00:00
2009,76,21,2396,51,52,60,36,1.4,1.3,-59.7,340.5,0.6,-0.2,-1.2,0.5,-1.1,0.2,0.4,0.3,0.3,0.2,31721.0,5.7,372.0,1.5,0.0,0.009,2048.0,0.3,1.0,0.1,0.3,0.001,1.36,0.41,19.37,31.7,7.5,0.0012,13,0,-5,5,68.2,35,-22,13,0.7,0.006006,999999.99,99999.99,99999.99,0.25,0.11,0.09,-1,2009-03-17 21:00:00
2009,76,22,2396,51,52,59,37,1.7,1.4,-67.5,10.4,0.5,0.1,-1.3,0.8,-1.0,0.3,1.0,0.6,0.7,0.2,32434.0,5.0,371.0,1.4,-0.4,0.01,2558.0,0.5,2.0,0.6,0.2,0.001,1.2,0.37,11.57,24.4,7.4,0.002,13,0,-5,5,68.2,28,-17,11,1.1,0.006006,999999.99,99999.99,99999.99,0.22,0.11,0.09,-1,2009-03-17 22:00:00
2009,76,23,2396,51,52,59,35,2.1,2.0,-16.2,8.5,1.9,0.3,-0.6,0.6,-0.3,0.1,0.6,0.2,0.3,0.4,35812.0,4.4,363.0,1.9,-0.3,0.012,2318.0,0.1,2.0,0.2,0.2,0.001,1.01,0.11,6.81,18.1,6.9,0.0036,13,0,-5,5,68.2,33,-14,19,0.9,0.006006,999999.99,99999.99,99999.99,0.22,0.12,0.08,-1,2009-03-17 23:00:00
2009,77,0,2396,51,52,61,37,1.9,1.6,-19.4,317.9,1.1,-1.0,-0.5,-0.6,-1.0,0.1,1.0,0.5,0.8,0.3,31117.0,4.8,367.0,1.0,-0.6,0.009,2423.0,0.3,3.0,0.3,0.2,0.001,1.12,0.37,8.82,21.2,7.2,0.0027,3,0,-5,2,67.8,26,-8,19,0.6,0.006018,999999.99,99999.99,99999.99,0.2,0.11,0.09,-1,2009-03-18 00:00:00
2009,77,1,2396,51,52,59,35,2.2,2.0,18.9,328.8,1.6,-1.0,0.6,-1.2,0.0,0.1,0.9,0.3,0.5,0.7,31581.0,4.2,361.0,0.4,-0.1,0.011,1613.0,0.2,2.0,0.4,0.3,0.001,0.95,-0.0,5.77,16.8,6.9,0.0042,3,0,-8,2,67.8,21,-9,12,0.3,0.006018,999999.99,99999.99,99999.99,0.21,0.13,0.1,-1,2009-03-18 01:00:00
2009,77,2,2396,51,52,60,37,2.2,2.1,23.9,324.5,1.6,-1.1,0.9,-1.4,0.2,0.1,0.6,0.2,0.4,0.4,29314.0,4.0,360.0,0.6,-0.1,0.01,1451.0,0.1,1.0,0.3,0.3,0.001,0.9,-0.07,5.42,16.4,6.9,0.0044,3,0,-8,2,67.8,21,-14,7,0.1,0.006018,999999.99,99999.99,99999.99,0.25,0.12,0.09,-1,2009-03-18 02:00:00
2009,77,3,2396,51,52,61,36,1.3,1.1,23.7,332.7,0.9,-0.4,0.4,-0.5,0.2,0.2,0.8,0.2,0.7,0.4,20048.0,5.8,365.0,1.2,-1.0,0.008,2620.0,0.4,1.0,0.2,0.1,0.001,1.33,-0.07,21.19,33.8,7.7,0.001,3,0,-4,2,67.8,24,-14,10,0.2,0.006018,999999.99,99999.99,99999.99,0.22,0.13,0.11,-1,2009-03-18 03:00:00
2009,77,4,2396,51,52,59,36,1.6,1.5,40.2,332.1,1.0,-0.5,1.0,-0.9,0.7,0.2,0.6,0.2,0.5,0.2,16733.0,6.2,362.0,0.9,-0.8,0.009,1244.0,0.2,1.0,0.2,0.2,0.001,1.41,-0.25,14.62,28.2,7.6,0.0015,3,0,-2,2,67.8,20,-10,10,0.1,0.006018,999999.99,99999.99,99999.99,0.22,0.11,0.07,-1,2009-03-18 04:00:00
2009,77,5,2396,51,52,60,37,2.1,2.0,7.4,306.0,1.1,-1.6,0.3,-1.6,-0.3,0.2,0.7,0.4,0.4,0.5,18573.0,5.8,357.0,0.2,-0.8,0.008,2679.0,0.4,2.0,0.6,0.3,0.001,1.27,0.11,8.04,20.5,7.3,0.0028,3,0,-1,2,67.8,16,-1,16,0.1,0.006018,999999.99,99999.99,99999.99,0.25,0.12,0.09,-1,2009-03-18 05:00:00
2009,77,6,2396,51,52,59,36,1.7,1.6,-36.6,312.3,0.9,-0.9,-0.9,-0.5,-1.1,0.3,0.6,0.4,0.4,0.2,15573.0,6.5,356.0,0.6,-0.8,0.013,969.0,0.2,2.0,0.2,0.1,0.001,1.45,0.39,13.47,26.7,7.5,0.0017,3,0,-1,2,67.8,37,-2,35,0.4,0.006018,999999.99,99999.99,99999.99,0.25,0.14,0.1,-1,2009-03-18 06:00:00
2009,77,7,2396,51,52,59,35,1.1,1.0,-69.2,334.4,0.3,-0.2,-1.0,0.1,-1.0,0.2,0.3,0.2,0.2,0.2,14994.0,6.6,351.0,0.2,-0.6,0.01,1689.0,0.1,1.0,0.2,0.1,0.001,1.41,0.35,32.53,41.0,7.6,0.0007,3,0,-4,2,67.8,67,-22,46,0.4,0.006018,999999.99,99999.99,99999.99,0.27,0.12,0.09,-1,2009-03-18 07:00:00
2009,77,8,2396,51,52,60,37,0.8,0.6,-23.8,312.8,0.4,-0.4,-0.2,-0.3,-0.3,0.1,0.5,0.2,0.3,0.3,12791.0,6.4,348.0,0.6,0.0,0.012,705.0,0.2,1.0,0.2,0.1,0.002,1.36,0.1,58.72,55.0,7.7,0.0004,3,0,-3,2,67.8,87,-46,41,0.6,0.006018,999999.99,99999.99,99999.99,0.2,0.11,0.09,-1,2009-03-18 08:00:00
2009,77,9,2396,51,52,60,37,1.5,1.4,18.8,20.8,1.3,0.5,0.5,0.4,0.6,0.4,0.6,0.3,0.3,0.4,17214.0,5.0,344.0,0.8,-0.2,0.011,1106.0,0.4,2.0,0.3,0.2,0.002,1.03,-0.21,13.46,25.6,7.2,0.0018,3,0,-3,2,67.8,49,-22,27,0.4,0.006018,999999.99,99999.99,99999.99,0.2,0.1,0.07,-1,2009-03-18 09:00:00
2009,77,10,2396,51,52,60,34,2.3,2.3,20.1,23.4,2.0,0.9,0.8,0.7,1.0,0.2,0.3,0.2,0.1,0.2,18945.0,4.3,345.0,0.5,-0.6,0.007,2372.0,0.6,2.0,0.2,0.2,0.001,0.88,-0.34,4.98,15.6,6.8,0.0049,3,0,-3,2,67.8,36,-28,8,0.7,0.006018,999999.99,99999.99,99999.99,0.23,0.13,0.09,-1,2009-03-18 10:00:00
2009,77,11,2396,51,52,59,36,2.3,1.9,-0.4,10.2,1.9,0.3,0.0,0.3,0.1,0.5,1.4,0.7,0.1,1.2,15716.0,4.5,344.0,0.3,-0.7,0.015,3983.0,1.6,4.0,0.2,0.7,0.004,0.94,-0.03,5.1,15.9,6.8,0.0047,3,0,-3,2,67.8,33,-27,6,0.7,0.006018,999999.99,99999.99,99999.99,0.24,0.11,0.08,-1,2009-03-18 11:00:00
2009,77,12,2396,51,52,60,36,1.4,1.3,-57.6,59.5,0.3,0.6,-1.1,0.9,-0.9,0.2,0.5,0.4,0.3,0.3,12281.0,6.2,341.0,0.4,-0.8,0.014,1207.0,0.3,2.0,0.3,0.3,0.002,1.27,0.31,18.51,30.3,7.4,0.0013,3,0,-4,2,67.8,42,-32,9,0.5,0.006018,999999.99,99999.99,99999.99,0.21,0.11,0.08,-1,2009-03-18 12:00:00
2009,77,13,2396,51,52,60,37,1.5,1.1,-39.7,92.2,0.0,0.8,-0.7,1.0,-0.5,0.2,1.1,1.1,0.2,0.1,12178.0,5.7,341.0,0.1,-0.8,0.009,3782.0,0.5,3.0,0.2,0.2,0.002,1.15,0.17,14.81,27.1,7.3,0.0016,3,0,-2,2,67.8,119,-108,11,0.5,0.006018,999999.99,99999.99,99999.99,0.24,0.12,0.09,-1,2009-03-18 13:00:00
2009,77,14,2396,51,52,59,37,1.7,1.7,-24.4,139.2,-1.2,1.0,-0.7,1.2,-0.4,0.1,0.2,0.1,0.1,0.2,7906.0,6.7,339.0,0.1,-0.9,0.007,245.0,0.3,1.0,0.1,0.1,0.001,1.32,0.14,13.14,25.8,7.3,0.0018,3,0,-2,2,67.8,39,-33,6,0.5,0.006018,999999.99,99999.99,99999.99,0.18,0.08,0.07,-1,2009-03-18 14:00:00
2009,77,15,2396,51,52,60,36,1.4,1.3,-10.8,139.1,-1.0,0.8,-0.2,0.8,0.1,0.2,0.4,0.3,0.2,0.2,8644.0,7.4,338.0,-0.0,-0.7,0.009,930.0,0.4,1.0,0.2,0.1,0.001,1.46,-0.03,21.52,32.8,7.4,0.0011,3,0,0,2,67.8,18,-9,9,0.6,0.006018,999999.99,99999.99,99999.99,0.22,0.13,0.1,-1,2009-03-18 15:00:00
2009,77,16,2396,51,52,60,37,1.5,1.4,9.7,151.4,-1.2,0.7,0.2,0.6,0.5,0.2,0.5,0.2,0.2,0.4,10750.0,9.5,341.0,-0.8,-0.4,0.008,868.0,1.3,1.0,0.3,0.2,0.001,1.9,-0.17,24.43,35.0,7.5,0.001,3,0,2,2,67.8,17,-9,8,0.6,0.006018,999999.99,99999.99,99999.99,0.19,0.11,0.08,-1,2009-03-18 16:00:00
2009,77,17,2396,51,52,58,33,1.9,1.8,20.6,187.8,-1.7,-0.2,0.6,-0.4,0.5,0.2,0.7,0.3,0.5,0.4,12787.0,13.0,343.0,-1.0,-0.4,0.01,1113.0,0.5,1.0,0.3,0.1,0.001,2.66,-0.17,21.15,32.5,7.4,0.0011,3,0,6,2,67.8,18,-8,10,0.5,0.006018,999999.99,99999.99,99999.99,0.22,0.13,0.1,-1,2009-03-18 17:00:00
2009,77,18,2396,51,52,60,36,2.0,1.7,18.9,233.3,-1.0,-1.3,0.6,-1.4,-0.1,0.3,1.1,0.8,0.6,0.5,12979.0,12.6,338.0,-1.2,0.4,0.01,1355.0,0.8,2.0,0.3,0.3,0.001,2.5,0.03,18.52,30.0,7.3,0.0013,3,0,4,2,67.8,15,-5,11,0.6,0.006018,999999.99,99999.99,99999.99,0.19,0.11,0.08,-1,2009-03-18 18:00:00
2009,77,19,2396,51,52,59,37,1.8,1.8,1.1,209.7,-1.5,-0.9,0.0,-0.8,-0.4,0.2,0.4,0.3,0.3,0.2,10561.0,12.8,333.0,-0.7,0.5,0.01,701.0,0.4,2.0,0.2,0.1,0.001,2.47,0.13,22.83,33.1,7.3,0.0011,3,0,5,2,67.8,18,-4,15,0.7,0.006018,999999.99,99999.99,99999.99,0.21,0.11,0.09,-1,2009-03-18 19:00:00
2009,77,20,2396,51,52,58,35,1.7,1.7,-4.1,215.4,-1.4,-1.0,-0.1,-0.8,-0.6,0.1,0.4,0.3,0.2,0.1,9552.0,12.9,328.0,-0.6,0.6,0.01,348.0,0.3,2.0,0.2,0.1,0.0,2.41,0.2,25.61,34.6,7.2,0.001,3,0,6,2,67.8,16,-6,10,0.6,0.006018,999999.99,99999.99,99999.99,0.18,0.11,0.09,-1,2009-03-18 20:00:00
2009,77,21,2396,51,52,60,37,1.8,1.7,-9.7,201.0,-1.6,-0.6,-0.3,-0.3,-0.6,0.2,0.3,0.2,0.2,0.1,8891.0,12.4,324.0,-1.0,0.6,0.009,245.0,0.2,1.0,0.2,0.1,0.001,2.25,0.19,21.85,31.7,7.1,0.0012,7,0,6,3,67.8,20,-11,9,0.5,0.006018,999999.99,99999.99,99999.99,0.2,0.12,0.09,-1,2009-03-18 21:00:00
2009,77,22,2396,51,52,61,37,2.0,1.9,-13.7,193.5,-1.8,-0.4,-0.4,-0.1,-0.6,0.2,0.6,0.3,0.4,0.3,9466.0,12.2,324.0,-1.4,0.3,0.007,1148.0,0.3,2.0,0.2,0.2,0.002,2.2,0.19,17.49,28.3,7.1,0.0015,7,0,6,3,67.8,24,-13,11,0.4,0.006018,999999.99,99999.99,99999.99,0.26,0.12,0.09,-1,2009-03-18 22:00:00
2009,77,23,2396,51,52,61,37,3.0,2.9,-18.9,168.5,-2.7,0.6,-1.0,1.1,-0.5,1.0,1.2,0.9,0.8,0.4,11044.0,12.1,328.0,-2.2,1.1,0.004,1000.0,1.3,3.0,0.6,0.8,0.0,2.21,0.16,7.8,19.0,6.8,0.0033,7,0,2,3,67.8,25,-11,14,0.3,0.006018,999999.99,99999.99,99999.99,0.23,0.11,0.09,-1,2009-03-18 23:00:00
2009,78,0,2396,51,52,59,35,4.5,4.4,-17.1,157.9,-3.9,1.6,-1.3,2.0,-0.2,0.4,0.9,0.5,0.3,0.6,13497.0,15.5,331.0,-3.6,2.7,0.003,2470.0,1.1,1.0,0.4,0.2,0.0,2.87,0.07,4.52,14.5,6.5,0.0057,17,0,2,6,68.5,25,-8,18,0.6,0.005977,999999.99,99999.99,99999.99,0.2,0.14,0.1,-1,2009-03-19 00:00:00
2009,78,1,2396,51,52,59,35,3.4,1.5,-0.8,127.9,-0.9,1.2,0.0,1.0,0.6,0.5,3.0,2.7,0.6,1.2,15661.0,18.3,327.0,-4.2,2.8,0.006,1318.0,1.0,2.0,0.3,0.2,0.001,3.35,-0.2,9.48,20.6,6.8,0.0028,17,0,5,6,68.5,34,-15,19,0.7,0.005977,999999.99,99999.99,99999.99,0.23,0.12,0.09,-1,2009-03-19 01:00:00
2009,78,2,2396,51,52,58,36,1.9,1.7,37.2,24.7,1.2,0.6,1.0,0.0,1.2,1.0,1.4,1.0,0.8,0.6,16671.0,17.9,322.0,-4.3,2.5,0.006,2282.0,1.1,3.0,0.2,0.3,0.002,3.17,-0.39,29.92,35.9,6.9,0.0009,17,0,6,6,68.5,24,-9,15,0.2,0.005977,999999.99,99999.99,99999.99,0.25,0.16,0.1,-1,2009-03-19 02:00:00
2009,78,3,2396,51,52,58,35,3.4,2.0,18.6,335.7,1.7,-0.8,0.6,-1.0,0.2,0.6,2.7,1.8,1.1,1.7,20819.0,13.0,312.0,-4.0,2.6,0.004,2665.0,1.5,3.0,0.8,0.4,0.001,2.15,-0.06,6.98,16.5,6.2,0.0043,7,0,6,3,68.5,25,-11,14,0.2,0.005977,999999.99,99999.99,99999.99,0.22,0.12,0.09,-1,2009-03-19 03:00:00
2009,78,4,2396,51,52,63,38,3.8,3.3,-8.4,336.6,3.0,-1.3,-0.5,-1.0,-1.0,0.2,1.8,1.2,0.6,1.3,26885.0,12.3,311.0,-4.3,2.4,0.003,1331.0,0.8,3.0,0.4,0.6,0.001,2.01,0.31,5.5,14.4,6.0,0.0058,7,0,7,3,68.5,29,-5,24,0.4,0.005977,999999.99,99999.99,99999.99,0.21,0.11,0.08,-1,2009-03-19 04:00:00
2009,78,5,2396,51,52,61,36,3.5,3.1,-35.7,239.2,-1.3,-2.2,-1.8,-1.4,-2.5,0.2,1.6,1.3,0.5,0.7,25573.0,13.6,324.0,-4.2,1.5,0.003,1583.0,0.4,3.0,0.6,0.5,0.0,2.41,0.81,7.11,17.1,6.4,0.0041,7,0,6,3,68.5,37,-2,35,0.4,0.005977,999999.99,99999.99,99999.99,0.27,0.14,0.09,-1,2009-03-19 05:00:00
2009,78,6,2396,51,52,59,36,3.7,3.6,-32.6,221.8,-2.3,-2.0,-2.0,-1.2,-2.6,0.2,0.8,0.3,0.6,0.5,22179.0,12.7,323.0,-3.7,1.3,0.003,1851.0,0.7,1.0,0.5,0.3,0.0,2.24,0.84,5.81,15.6,6.3,0.0049,7,0,3,3,68.5,59,-19,40,0.4,0.005977,999999.99,99999.99,99999.99,0.24,0.14,0.1,-1,2009-03-19 06:00:00
2009,78,7,2396,51,52,56,34,4.1,3.0,8.4,313.8,2.0,-2.1,0.4,-2.1,-0.2,0.3,2.7,1.9,1.6,1.1,21170.0,8.9,307.0,-4.3,2.1,0.004,3667.0,1.9,8.0,1.3,0.7,0.001,1.42,0.06,3.29,11.2,5.7,0.0095,7,0,-2,3,68.5,148,-107,41,0.6,0.005977,999999.99,99999.99,99999.99,0.24,0.12,0.07,-1,2009-03-19 07:00:00
2009,78,8,2396,51,52,63,36,4.6,4.5,22.8,32.3,3.5,2.2,1.8,1.6,2.3,0.2,0.8,0.4,0.6,0.3,18411.0,5.6,311.0,-0.8,1.2,0.004,5205.0,1.3,7.0,0.8,1.0,0.001,0.92,-0.72,1.62,8.0,5.2,0.0186,7,0,-5,3,68.5,85,-64,21,0.4,0.005977,999999.99,99999.99,99999.99,0.22,0.11,0.07,-1,2009-03-19 08:00:00
2009,78,9,2396,51,52,60,35,4.3,4.2,24.4,24.1,3.5,1.6,1.7,1.1,2.0,0.3,0.5,0.2,0.4,0.2,21549.0,5.5,316.0,-2.1,0.4,0.005,3261.0,0.7,5.0,0.5,0.5,0.001,0.94,-0.63,1.86,8.6,5.3,0.016,3,0,-2,2,68.5,58,-30,28,0.3,0.005977,999999.99,99999.99,99999.99,0.25,0.13,0.1,-1,2009-03-19 09:00:00
2009,78,10,2396,51,52,59,35,4.0,3.9,15.9,33.3,3.1,2.0,1.1,1.7,1.5,0.2,0.9,0.6,0.4,0.6,18209.0,5.6,311.0,-1.8,0.8,0.005,3122.0,1.0,4.0,0.7,0.6,0.001,0.92,-0.47,2.13,9.2,5.5,0.0141,3,0,1,2,68.5,30,-16,15,0.1,0.005977,999999.99,99999.99,99999.99,0.21,0.12,0.09,-1,2009-03-19 10:00:00
2009,78,11,2396,51,52,60,33,3.6,3.6,-25.9,198.1,-3.1,-1.0,-1.6,-0.6,-1.8,0.3,0.7,0.3,0.4,0.4,21277.0,6.8,313.0,-1.8,0.8,0.004,2733.0,0.7,4.0,0.8,0.4,0.001,1.13,0.56,3.27,11.3,5.8,0.0093,3,0,1,2,68.5,51,-38,12,0.7,0.005977,999999.99,99999.99,99999.99,0.26,0.13,0.09,-1,2009-03-19 11:00:00
2009,78,12,2396,51,52,58,33,2.8,2.7,-36.2,175.2,-2.2,0.2,-1.6,0.6,-1.5,0.2,0.6,0.5,0.3,0.3,18998.0,8.5,309.0,-0.9,0.1,0.005,2246.0,0.5,3.0,0.2,0.4,0.001,1.38,0.46,6.65,16.1,6.2,0.0046,17,0,1,6,68.5,189,-166,24,0.7,0.005977,999999.99,99999.99,99999.99,0.22,0.12,0.1,-1,2009-03-19 12:00:00
2009,78,13,2396,51,52,60,37,2.3,2.2,-17.3,202.4,-1.9,-0.8,-0.6,-0.6,-0.8,0.3,0.7,0.3,0.6,0.3,12961.0,9.7,305.0,-1.6,0.3,0.006,1810.0,0.3,1.0,0.5,0.3,0.001,1.54,0.24,10.78,20.7,6.4,0.0028,17,0,3,6,68.5,130,-114,16,0.7,0.005977,999999.99,99999.99,99999.99,0.23,0.13,0.1,-1,2009-03-19 13:00:00
2009,78,14,2396,51,52,61,37,2.0,1.9,-10.9,166.5,-1.9,0.4,-0.4,0.5,-0.3,0.1,0.6,0.2,0.5,0.3,13498.0,9.2,306.0,-0.7,-0.0,0.007,668.0,0.2,1.0,0.2,0.2,0.0,1.48,0.09,13.57,23.2,6.5,0.0022,17,0,1,6,68.5,94,-88,6,0.6,0.005977,999999.99,99999.99,99999.99,0.2,0.12,0.09,-1,2009-03-19 14:00:00
2009,78,15,2396,51,52,59,36,1.9,1.9,-7.9,159.2,-1.8,0.7,-0.3,0.8,0.0,0.1,0.3,0.1,0.2,0.2,12771.0,8.9,306.0,-1.2,0.1,0.007,601.0,0.2,1.0,0.3,0.1,0.0,1.43,-0.0,14.47,24.0,6.5,0.0021,3,0,1,2,68.5,16,-9,8,0.4,0.005977,999999.99,99999.99,99999.99,0.2,0.12,0.09,-1,2009-03-19 15:00:00
2009,78,16,2396,51,52,60,36,1.6,1.6,-20.8,161.3,-1.4,0.5,-0.6,0.7,-0.4,0.2,0.5,0.2,0.3,0.3,11342.0,9.2,303.0,-0.8,0.3,0.006,1127.0,0.4,1.0,0.2,0.2,0.0,1.44,0.12,20.89,28.7,6.6,0.0014,3,0,1,2,68.5,19,-10,9,0.4,0.005977,999999.99,99999.99,99999.99,0.22,0.15,0.1,-1,2009-03-19 16:00:00
2009,78,17,2396,51,52,59,36,1.9,1.9,-20.2,164.0,-1.7,0.5,-0.6,0.7,-0.3,0.1,0.3,0.2,0.2,0.1,13402.0,8.7,301.0,-0.9,0.1,0.006,1031.0,0.3,1.0,0.1,0.2,0.0,1.35,0.09,14.21,23.4,6.4,0.0022,3,0,-2,2,68.5,19,-7,12,0.5,0.005977,999999.99,99999.99,99999.99,0.22,0.1,0.07,-1,2009-03-19 17:00:00
2009,78,18,2396,51,52,59,36,1.6,1.5,-23.6,178.7,-1.3,0.0,-0.6,0.3,-0.5,0.2,0.6,0.2,0.5,0.1,9725.0,9.5,299.0,-1.3,-0.0,0.005,1271.0,0.3,2.0,0.5,0.2,0.001,1.45,0.15,21.32,28.8,6.5,0.0014,10,0,-5,4,68.5,12,-4,8,0.4,0.005977,999999.99,99999.99,99999.99,0.22,0.12,0.09,-1,2009-03-19 18:00:00
2009,78,19,2396,51,52,59,37,1.9,1.9,-17.0,207.7,-1.6,-0.8,-0.5,-0.4,-0.8,0.1,0.2,0.1,0.2,0.1,7857.0,9.1,296.0,-1.8,0.1,0.005,246.0,0.2,1.0,0.2,0.1,0.0,1.36,0.24,14.28,23.5,6.4,0.0022,10,0,-6,4,68.5,12,-5,7,0.3,0.005977,999999.99,99999.99,99999.99,0.25,0.13,0.09,-1,2009-03-19 19:00:00
2009,78,20,2396,51,52,60,34,1.7,1.7,-20.8,215.6,-1.3,-0.9,-0.6,-0.5,-1.0,0.1,0.3,0.2,0.2,0.2,8115.0,9.2,293.0,-1.5,0.1,0.005,333.0,0.3,1.0,0.5,0.1,0.0,1.35,0.29,18.07,26.1,6.4,0.0017,10,0,-4,4,68.5,29,-9,20,0.5,0.005977,999999.99,99999.99,99999.99,0.21,0.12,0.1,-1,2009-03-19 20:00:00
2009,78,21,2396,51,52,61,35,0.9,0.9,-41.4,236.8,-0.4,-0.5,-0.6,-0.1,-0.8,0.5,0.5,0.3,0.3,0.3,10695.0,10.9,293.0,-1.6,0.7,0.006,1363.0,1.1,1.0,0.2,0.5,0.001,1.6,0.23,77.85,53.7,6.5,0.0004,13,0,0,5,68.5,20,-8,12,0.4,0.005977,999999.99,99999.99,99999.99,0.27,0.15,0.1,-1,2009-03-19 21:00:00
2009,78,22,2396,51,52,59,36,1.8,1.5,-39.8,267.9,0.0,-1.2,-1.0,-0.5,-1.5,1.1,1.4,0.8,1.0,0.7,19000.0,10.5,293.0,-1.8,0.9,0.006,7569.0,2.5,4.0,0.5,0.8,0.001,1.54,0.44,19.87,26.4,6.2,0.0017,13,0,2,5,68.5,25,-12,13,0.5,0.005977,999999.99,99999.99,99999.99,0.25,0.16,0.09,-1,2009-03-19 22:00:00
2009,78,23,2396,51,52,62,39,3.7,2.9,-7.3,301.8,1.5,-2.5,-0.4,-1.9,-1.7,0.6,2.3,1.7,0.7,1.4,22596.0,7.1,298.0,-0.6,0.1,0.007,3182.0,0.9,6.0,0.9,1.0,0.002,1.08,0.51,3.26,10.7,5.5,0.0103,13,0,-3,5,68.5,32,-14,18,0.7,0.005977,999999.99,99999.99,99999.99,0.25,0.14,0.11,-1,2009-03-19 23:00:00
2009,79,0,2396,51,52,58,35,4.1,4.0,18.3,321.8,3.0,-2.4,1.3,-2.7,-0.2,0.3,1.0,0.4,0.9,0.3,19779.0,6.9,297.0,-0.1,0.7,0.006,1760.0,0.6,4.0,0.5,0.4,0.001,1.04,0.06,2.53,9.5,5.3,0.0131,17,0,-7,6,68.2,32,-19,13,0.8,0.005994,999999.99,99999.99,99999.99,0.24,0.16,0.11,-1,2009-03-20 00:00:00
2009,79,1,2396,51,52,60,36,3.7,3.6,29.6,8.2,3.1,0.4,1.8,-0.6,1.7,0.5,0.8,0.5,0.5,0.4,17401.0,7.7,293.0,-0.8,0.8,0.005,2769.0,1.0,3.0,0.6,0.5,0.001,1.13,-0.5,3.41,11.0,5.5,0.0099,17,0,-7,6,68.2,20,-9,11,0.4,0.005994,999999.99,99999.99,99999.99,0.22,0.13,0.08,-1,2009-03-20 01:00:00
2009,79,2,2396,51,52,64,38,3.4,2.8,39.8,355.9,2.1,-0.2,1.8,-1.1,1.5,1.1,2.3,1.1,1.5,1.3,21837.0,7.7,298.0,-1.3,0.2,0.009,4568.0,1.6,8.0,1.0,1.1,0.006,1.18,-0.45,4.16,12.2,5.7,0.008,17,0,-4,6,68.2,21,-9,12,0.1,0.005994,999999.99,99999.99,99999.99,0.25,0.11,0.08,-1,2009-03-20 02:00:00
2009,79,3,2396,51,52,60,36,4.4,4.0,47.0,328.4,2.3,-1.4,2.9,-2.6,1.9,0.4,1.7,0.7,1.4,0.7,23095.0,6.8,309.0,-0.7,-1.2,0.014,5416.0,0.7,3.0,1.2,0.6,0.004,1.15,-0.59,2.21,9.2,5.4,0.0142,0,0,-3,0,68.2,18,-10,8,-0.0,0.005994,999999.99,99999.99,99999.99,0.23,0.12,0.08,-1,2009-03-20 03:00:00
2009,79,4,2396,51,52,61,37,4.7,4.7,54.7,11.6,2.6,0.5,3.8,-1.1,3.7,0.2,0.7,0.2,0.5,0.4,24074.0,7.5,316.0,-0.5,-2.5,0.023,2089.0,0.4,2.0,0.4,0.6,0.002,1.37,-1.17,2.15,9.2,5.4,0.014,0,0,1,0,68.2,19,-9,10,0.0,0.005994,999999.99,99999.99,99999.99,0.21,0.12,0.09,-1,2009-03-20 04:00:00
2009,79,5,2396,51,52,61,37,5.0,4.5,45.7,39.6,2.4,2.0,3.2,0.7,3.7,0.3,2.1,0.6,1.9,0.8,35728.0,8.9,319.0,-0.6,-2.1,0.023,4434.0,0.9,2.0,0.6,0.6,0.003,1.65,-1.18,2.43,9.5,5.4,0.0131,0,0,5,0,68.2,15,-3,11,-0.0,0.005994,999999.99,99999.99,99999.99,0.26,0.15,0.11,-1,2009-03-20 05:00:00
2009,79,6,2396,51,52,60,37,4.8,3.8,-12.4,74.6,1.0,3.6,-0.8,3.7,0.4,0.4,3.0,1.0,1.8,2.2,33132.0,9.5,320.0,-1.6,-2.0,0.026,2821.0,0.7,2.0,0.8,0.7,0.004,1.79,-0.13,2.77,10.3,5.6,0.0113,3,0,7,2,68.2,17,3,20,0.3,0.005994,999999.99,99999.99,99999.99,0.22,0.12,0.09,-1,2009-03-20 06:00:00
2009,79,7,2396,51,52,3,36,4.1,4.1,73.9,230.9,-0.7,-0.9,4.0,-2.0,3.6,0.0,0.1,0.0,0.1,0.0,38282.0,9.8,318.0,-1.9,-2.5,0.019,4356.0,0.9,2.0,0.7,0.7,0.005,1.78,-1.14,4.04,12.1,5.7,0.0081,3,0,8,2,68.2,16,0,16,0.0,0.005994,999999.99,99999.99,99999.99,0.21,0.13,0.1,-1,2009-03-20 07:00:00
2009,79,8,2396,71,52,15,37,4.1,4.0,-23.8,109.8,-1.2,3.4,-1.6,3.7,-0.6,0.7,1.0,0.4,0.6,0.8,37213.0,9.8,314.0,-3.0,-1.7,0.021,3880.0,1.0,2.0,0.9,1.2,0.004,1.75,0.19,4.02,12.0,5.7,0.0083,3,0,8,2,68.2,28,-5,23,0.3,0.005994,999999.99,99999.99,99999.99,0.3,0.11,0.08,-1,2009-03-20 08:00:00
2009,79,9,2396,71,52,14,35,4.7,4.6,-24.3,107.9,-1.3,4.0,-1.9,4.3,-0.9,0.3,1.0,0.2,0.4,0.9,35256.0,8.5,309.0,-3.1,-1.8,0.017,1875.0,0.5,3.0,0.5,0.4,0.003,1.45,0.28,2.62,9.6,5.3,0.0129,7,0,3,3,68.2,52,-33,19,0.5,0.005994,999999.99,99999.99,99999.99,0.22,0.12,0.07,-1,2009-03-20 09:00:00
2009,79,10,2396,71,52,15,36,4.9,4.1,11.5,114.0,-1.6,3.6,0.8,3.3,1.6,0.1,2.6,0.5,0.5,2.5,31487.0,8.6,309.0,-3.0,-1.3,0.01,3113.0,0.4,2.0,0.5,0.6,0.002,1.43,-0.49,2.38,9.2,5.3,0.0139,7,0,0,3,68.2,78,-69,9,0.6,0.005994,999999.99,99999.99,99999.99,0.23,0.13,0.12,-1,2009-03-20 10:00:00
2009,79,11,2396,71,52,16,38,4.3,3.6,69.0,283.7,0.3,-1.3,3.4,-2.1,3.0,0.4,2.2,1.0,1.7,1.0,39621.0,6.8,310.0,-2.3,-1.7,0.013,6996.0,0.8,2.0,0.6,0.8,0.003,1.15,-0.93,2.57,9.4,5.2,0.0135,7,0,-1,3,68.2,52,-43,9,0.3,0.005994,999999.99,99999.99,99999.99,0.24,0.13,0.1,-1,2009-03-20 11:00:00
2009,79,12,2396,71,52,15,37,4.5,4.0,75.3,113.1,-0.4,0.9,3.9,-0.1,4.0,0.3,1.8,0.9,1.6,0.3,45855.0,6.2,315.0,-1.8,-2.6,0.015,5293.0,0.5,2.0,0.4,0.5,0.001,1.09,-1.26,2.22,8.7,5.1,0.0157,3,0,-1,2,68.2,26,-12,14,0.1,0.005994,999999.99,99999.99,99999.99,0.22,0.12,0.08,-1,2009-03-20 12:00:00
2009,79,13,2396,71,52,15,37,4.9,4.5,61.7,122.0,-1.1,1.8,3.9,0.7,4.2,0.4,1.8,0.8,1.2,1.0,54601.0,6.9,316.0,-2.1,-2.0,0.016,5883.0,0.3,2.0,0.8,0.9,0.002,1.22,-1.33,2.19,8.5,5.0,0.0166,3,0,2,2,68.2,22,-10,12,0.2,0.005994,999999.99,99999.99,99999.99,0.22,0.1,0.08,-1,2009-03-20 13:00:00
2009,79,14,2396,71,52,15,34,6.2,5.9,-26.4,129.4,-3.3,4.1,-2.6,4.7,-1.3,0.5,1.8,0.6,0.5,1.7,52174.0,7.9,322.0,-2.6,-2.4,0.013,5762.0,0.4,3.0,0.3,0.4,0.001,1.44,0.42,1.54,7.3,4.8,0.0223,3,0,4,2,68.2,23,-11,11,0.3,0.005994,999999.99,99999.99,99999.99,0.29,0.17,0.12,-1,2009-03-20 14:00:00
2009,79,15,2396,71,52,15,38,5.7,5.4,-61.0,159.5,-2.5,0.9,-4.7,2.4,-4.1,0.4,1.5,0.5,1.3,0.7,51561.0,8.8,320.0,-3.6,-0.5,0.013,4775.0,0.6,4.0,0.5,0.7,0.002,1.58,1.31,2.03,8.3,5.0,0.0172,17,0,3,6,68.2,72,-53,19,0.8,0.005994,999999.99,99999.99,99999.99,0.25,0.12,0.09,-1,2009-03-20 15:00:00
2009,79,16,2396,71,52,16,37,5.8,4.4,-61.9,197.5,-2.0,-0.6,-3.9,0.9,-3.8,0.6,3.7,2.3,2.6,1.2,43639.0,7.9,333.0,-1.4,0.9,0.013,5147.0,0.8,5.0,1.2,0.6,0.001,1.54,1.27,1.68,8.1,5.2,0.0183,17,0,-2,6,68.2,306,-272,34,1.5,0.005994,999999.99,99999.99,99999.99,0.25,0.16,0.12,-1,2009-03-20 16:00:00
2009,79,17,2396,71,52,16,37,6.6,6.1,-29.3,153.4,-4.8,2.4,-3.0,3.4,-1.7,0.3,2.3,0.5,1.4,1.8,30777.0,5.5,335.0,-2.5,0.7,0.011,8534.0,1.1,5.0,1.0,1.7,0.002,1.08,0.57,0.84,6.0,4.5,0.0336,17,0,-8,6,68.2,271,-227,44,1.4,0.005994,999999.99,99999.99,99999.99,0.25,0.13,0.09,-1,2009-03-20 17:00:00
2009,79,18,2396,51,52,22,36,7.7,7.7,-14.4,123.5,-4.1,6.2,-1.9,6.4,1.2,0.2,1.0,0.6,0.2,0.8,40118.0,6.1,348.0,-4.3,0.5,0.009,11976.0,1.2,10.0,1.9,2.4,0.002,1.28,-0.42,0.72,5.6,4.4,0.0382,13,0,-10,5,68.2,132,-106,26,1.0,0.005994,999999.99,99999.99,99999.99,0.18,0.11,0.09,-1,2009-03-20 18:00:00
2009,79,19,2396,51,52,60,32,8.5,7.5,-17.0,141.8,-5.7,4.4,-2.2,4.9,0.3,0.7,3.8,0.9,1.3,3.5,47451.0,5.0,351.0,-4.8,1.5,0.014,19003.0,1.2,9.0,1.6,3.1,0.004,1.09,-0.11,0.51,4.6,3.9,0.0558,13,0,-6,5,68.2,40,-20,20,0.7,0.005994,999999.99,99999.99,99999.99,0.19,0.1,0.07,-1,2009-03-20 19:00:00
2009,79,20,2396,51,52,59,36,9.5,9.2,-5.5,146.6,-7.6,5.0,-0.9,4.7,1.8,0.1,2.3,0.5,0.9,2.0,55405.0,5.4,341.0,-5.3,0.2,9.999,5303.0,0.4,5.0,0.9,1.5,9.999,1.26,-0.61,0.46,4.2,3.5,0.0684,13,0,-8,5,68.2,38,-18,21,0.3,0.005994,999999.99,99999.99,99999.99,0.19,0.11,0.08,-1,2009-03-20 20:00:00
2009,79,21,2396,51,52,68,40,8.8,5.6,46.1,102.3,-0.8,3.8,4.1,1.0,5.5,0.4,6.8,4.1,1.1,5.3,79653.0,6.3,387.0,-0.7,-1.0,0.014,15521.0,1.2,27.0,2.1,2.9,0.008,1.66,-2.13,0.7,5.5,4.4,0.039,10,0,-2,4,68.2,37,-15,23,0.5,0.005994,999999.99,99999.99,99999.99,0.2,0.11,0.09,-1,2009-03-20 21:00:00
2009,79,22,2396,51,52,62,36,8.6,8.1,57.4,65.5,1.8,4.0,6.8,-0.4,7.9,0.4,2.9,1.8,2.0,1.1,84224.0,7.2,405.0,1.5,-1.6,0.007,13752.0,0.9,11.0,1.6,1.0,0.002,2.03,-3.2,0.86,6.3,4.8,0.0298,10,0,1,4,68.2,28,-8,20,0.0,0.005994,999999.99,99999.99,99999.99,0.22,0.12,0.1,-1,2009-03-20 22:00:00
2009,79,23,2396,51,52,60,37,8.8,8.1,60.1,71.1,1.3,3.8,7.0,-0.7,7.9,0.3,3.1,1.6,2.4,1.2,78499.0,7.7,408.0,3.0,-2.9,0.007,16352.0,0.9,11.0,2.4,1.1,0.001,2.2,-3.22,0.86,6.4,4.9,0.0287,10,0,0,4,68.2,23,-8,15,0.1,0.005994,999999.99,99999.99,99999.99,0.21,0.12,0.08,-1,2009-03-20 23:00:00
2009,80,0,2396,51,52,60,36,9.4,9.2,58.5,63.1,2.2,4.3,7.9,-0.6,9.0,0.2,1.6,0.7,1.1,0.9,61816.0,7.2,412.0,2.1,-3.6,0.005,6658.0,0.3,5.0,1.1,0.8,0.001,2.08,-3.71,0.64,5.9,4.7,0.0344,0,0,0,0,69.6,17,-5,13,-0.1,0.006045,999999.99,99999.99,99999.99,0.25,0.15,0.09,-1,2009-03-21 00:00:00
2009,80,1,2396,51,52,58,35,9.7,9.6,53.5,79.6,1.0,5.6,7.7,0.8,9.5,0.2,1.2,0.8,0.6,0.6,53166.0,7.1,406.0,1.1,-3.7,0.005,8120.0,0.6,7.0,0.6,0.7,0.001,1.99,-3.86,0.57,5.6,4.6,0.0382,0,0,0,0,69.6,17,-6,11,-0.1,0.006045,999999.99,99999.99,99999.99,0.23,0.15,0.11,-1,2009-03-21 01:00:00
2009,80,2,2396,51,52,60,37,9.3,9.2,54.2,91.0,-0.1,5.4,7.5,1.0,9.2,0.7,1.4,1.2,0.5,0.6,54780.0,8.8,393.0,1.0,-4.1,0.007,6460.0,1.7,6.0,0.4,0.4,0.002,2.33,-3.62,0.78,6.3,4.9,0.0303,0,0,1,0,69.6,20,-10,10,-0.1,0.006045,999999.99,99999.99,99999.99,0.25,0.12,0.09,-1,2009-03-21 02:00:00
2009,80,3,2396,51,52,58,34,9.6,8.9,44.0,89.9,0.0,6.4,6.2,2.9,8.4,0.4,3.5,2.0,2.0,2.1,41326.0,11.7,391.0,0.2,-2.5,0.007,9073.0,1.0,8.0,0.8,1.4,0.001,3.07,-3.28,0.9,7.0,5.2,0.0245,7,0,6,3,69.6,23,-8,14,0.0,0.006045,999999.99,99999.99,99999.99,0.23,0.14,0.11,-1,2009-03-21 03:00:00
2009,80,4,2396,51,52,60,37,8.7,8.0,37.5,90.5,-0.1,6.3,4.9,3.7,7.1,1.0,3.2,1.9,1.6,2.1,44782.0,14.5,390.0,1.0,-1.7,0.006,9643.0,3.0,7.0,1.3,1.4,0.001,3.77,-2.77,1.38,8.5,5.8,0.0163,7,0,14,3,69.6,28,-1,27,0.3,0.006045,999999.99,99999.99,99999.99,0.21,0.11,0.08,-1,2009-03-21 04:00:00
2009,80,5,2396,51,52,65,40,9.4,9.2,60.5,55.7,2.6,3.8,8.0,0.5,8.8,0.6,1.7,0.8,1.3,0.7,38541.0,14.6,407.0,2.4,-4.3,0.006,5984.0,1.6,8.0,0.6,0.7,0.001,4.14,-3.58,1.15,8.3,5.9,0.0174,7,0,16,3,69.6,18,3,21,0.1,0.006045,999999.99,99999.99,99999.99,0.21,0.11,0.08,-1,2009-03-21 05:00:00
2009,80,6,2396,51,52,57,35,9.9,9.4,50.7,77.6,1.3,5.8,7.3,3.0,8.8,0.2,2.9,1.5,2.0,1.5,49099.0,13.3,401.0,1.4,-3.8,0.009,3562.0,1.3,6.0,0.8,0.4,0.001,3.7,-3.53,1.0,7.4,5.4,0.0218,17,0,18,6,69.6,17,6,24,0.1,0.006045,999999.99,99999.99,99999.99,0.21,0.11,0.08,-1,2009-03-21 06:00:00
2009,80,7,2396,51,52,62,37,9.9,9.1,41.2,85.7,0.5,6.8,6.0,4.7,7.7,0.8,3.8,2.4,1.6,2.5,58714.0,9.1,400.0,1.0,-3.5,0.012,18635.0,1.7,7.0,0.9,1.5,0.005,2.55,-3.08,0.72,6.1,4.8,0.032,17,0,14,6,69.6,16,1,17,0.1,0.006045,999999.99,99999.99,99999.99,0.22,0.1,0.07,-1,2009-03-21 07:00:00
2009,80,8,2396,51,52,61,38,9.7,9.5,8.1,113.0,-3.7,8.6,1.3,7.9,3.5,0.9,2.4,1.8,0.6,1.5,104842.0,5.7,410.0,-0.2,-6.2,0.024,27443.0,1.3,7.0,1.1,0.6,0.004,1.75,-1.44,0.59,5.0,4.1,0.0467,17,0,13,6,69.6,27,-5,22,0.4,0.006045,999999.99,99999.99,99999.99,0.2,0.13,0.1,-1,2009-03-21 08:00:00
2009,80,9,2396,51,52,63,37,8.4,5.7,-19.5,113.9,-2.2,4.9,-1.9,5.2,-0.6,1.0,6.1,1.4,4.2,4.2,190523.0,6.1,424.0,4.4,-6.1,0.045,72594.0,1.1,15.0,3.7,1.9,0.023,2.16,0.25,1.15,6.2,4.4,0.0306,27,0,14,12,69.6,28,-10,18,0.6,0.006045,999999.99,99999.99,99999.99,0.22,0.11,0.08,-1,2009-03-21 09:00:00
2009,80,10,2396,51,52,58,36,8.5,7.6,-75.7,145.6,-1.6,1.1,-7.4,2.8,-6.9,0.3,3.8,1.0,3.5,1.1,231937.0,5.9,437.0,3.8,-8.5,0.059,15542.0,0.4,9.0,0.6,0.5,0.013,2.33,3.02,1.22,6.2,4.4,0.0305,27,0,9,12,69.6,191,-167,23,1.4,0.006045,999999.99,99999.99,99999.99,0.19,0.11,0.08,-1,2009-03-21 10:00:00
2009,80,11,2396,51,52,59,34,7.9,7.6,-66.9,195.9,-2.9,-0.8,-7.0,0.9,-7.0,0.4,2.1,1.4,1.5,0.5,231968.0,6.4,421.0,3.8,-8.6,0.046,41662.0,0.7,5.0,0.9,1.3,0.01,2.24,2.95,1.54,6.7,4.4,0.0262,27,0,-12,12,69.6,511,-482,29,2.2,0.006045,999999.99,99999.99,99999.99,0.19,0.12,0.08,-1,2009-03-21 11:00:00
2009,80,12,2396,51,52,60,37,9.1,8.5,-25.0,96.8,-0.9,7.6,-3.6,8.3,-1.6,0.4,3.3,1.7,1.5,2.5,209264.0,5.3,418.0,3.8,-7.6,0.042,35003.0,0.5,5.0,1.1,0.8,0.006,1.81,0.67,0.9,5.3,4.0,0.0425,30,0,-27,15,69.6,473,-440,33,2.8,0.006045,999999.99,99999.99,99999.99,0.2,0.13,0.1,-1,2009-03-21 12:00:00
2009,80,13,2396,51,52,59,36,8.2,7.7,2.6,88.6,0.2,7.7,0.3,7.3,2.4,0.5,2.7,1.1,0.8,2.4,192136.0,5.4,407.0,2.6,-5.6,0.037,27764.0,0.5,7.0,1.1,1.9,0.006,1.71,-0.98,1.07,5.8,4.2,0.0358,30,0,-24,15,69.6,237,-185,52,1.2,0.006045,999999.99,99999.99,99999.99,0.25,0.13,0.1,-1,2009-03-21 13:00:00
2009,80,14,2396,51,52,59,36,7.7,7.5,-3.1,89.1,0.1,7.5,-0.4,7.3,1.9,0.5,1.6,0.6,0.5,1.3,211314.0,4.5,402.0,1.3,-6.7,0.043,25458.0,0.4,4.0,0.9,1.1,0.011,1.42,-0.76,1.07,5.5,4.0,0.0388,30,0,-15,15,69.6,202,-154,49,0.5,0.006045,999999.99,99999.99,99999.99,0.27,0.11,0.07,-1,2009-03-21 14:00:00
2009,80,15,2396,51,52,61,36,8.2,8.2,-9.9,84.6,0.8,8.0,-1.4,8.0,1.4,0.4,0.8,0.5,0.3,0.6,178618.0,4.5,404.0,0.9,-6.5,0.029,16442.0,0.4,3.0,0.9,0.8,0.002,1.37,-0.57,0.85,5.2,4.0,0.0436,10,0,-12,4,69.6,47,-31,15,0.3,0.006045,999999.99,99999.99,99999.99,0.25,0.12,0.09,-1,2009-03-21 15:00:00
2009,80,16,2396,51,52,59,36,4.7,3.0,-31.7,70.7,0.9,2.4,-1.6,2.8,-0.6,1.0,3.7,1.3,3.3,1.1,237934.0,7.0,397.0,2.5,-6.3,0.028,18363.0,0.7,6.0,0.9,0.5,0.004,2.05,0.24,4.83,11.2,4.9,0.0095,10,0,-14,4,69.6,85,-69,16,0.6,0.006045,999999.99,99999.99,99999.99,0.24,0.11,0.08,-1,2009-03-21 16:00:00
2009,80,17,2396,51,52,60,37,6.2,5.9,-12.0,83.8,0.6,5.7,-1.2,5.7,1.3,1.3,2.2,1.0,1.5,1.3,229620.0,6.1,398.0,2.7,-5.2,0.027,27688.0,0.9,4.0,1.2,1.0,0.003,1.79,-0.52,2.36,7.9,4.5,0.0189,10,0,-19,4,69.6,65,-56,9,0.5,0.006045,999999.99,99999.99,99999.99,0.23,0.12,0.09,-1,2009-03-21 17:00:00
2009,80,18,2396,51,52,60,37,8.6,8.5,-31.4,90.5,-0.1,7.3,-4.4,8.5,-0.5,0.3,1.4,1.0,0.5,0.9,132563.0,4.4,402.0,1.3,-3.9,0.03,16994.0,0.3,6.0,0.9,1.0,0.003,1.33,0.2,0.65,4.9,3.9,0.0495,23,0,-19,9,69.6,96,-78,18,0.5,0.006045,999999.99,99999.99,99999.99,0.2,0.13,0.09,-1,2009-03-21 18:00:00
2009,80,19,2396,51,52,59,36,8.0,7.7,-48.0,102.8,-1.1,5.0,-5.7,7.2,-2.5,1.5,2.8,1.0,2.2,1.4,133533.0,5.8,405.0,3.2,-4.3,0.028,36501.0,1.7,6.0,2.1,1.0,0.003,1.77,1.01,0.99,6.1,4.5,0.032,23,0,-17,9,69.6,172,-130,42,1.7,0.006045,999999.99,99999.99,99999.99,0.2,0.13,0.08,-1,2009-03-21 19:00:00
2009,80,20,2396,51,52,60,37,8.0,7.9,-65.9,149.4,-2.8,1.6,-7.2,5.1,-5.3,0.8,1.3,0.5,0.8,0.9,106723.0,6.0,397.0,4.7,-2.8,0.026,36312.0,1.0,4.0,1.2,1.1,0.003,1.74,2.1,0.92,6.1,4.5,0.0322,23,0,-20,9,69.6,361,-248,113,3.6,0.006045,999999.99,99999.99,99999.99,0.21,0.11,0.09,-1,2009-03-21 20:00:00
2009,80,21,2396,51,52,59,36,7.5,6.7,-63.7,132.1,-2.0,2.2,-6.0,5.1,-3.9,0.6,3.5,0.7,3.1,1.3,85853.0,7.1,390.0,2.3,-1.4,0.023,10257.0,1.0,4.0,1.0,1.1,0.002,1.97,1.52,1.12,6.9,4.9,0.0248,30,0,-26,15,69.6,503,-326,177,4.0,0.006045,999999.99,99999.99,99999.99,0.18,0.1,0.07,-1,2009-03-21 21:00:00
2009,80,22,2396,51,52,60,37,8.0,7.7,-26.4,110.4,-2.4,6.5,-3.4,7.3,0.7,0.2,2.3,0.5,1.2,1.9,77179.0,6.2,388.0,0.5,-1.0,0.019,6008.0,0.4,3.0,0.9,0.9,0.002,1.68,-0.27,0.83,6.0,4.6,0.0326,30,0,-27,15,69.6,288,-162,126,2.3,0.006045,999999.99,99999.99,99999.99,0.2,0.11,0.08,-1,2009-03-21 22:00:00
2009,80,23,2396,51,52,60,29,7.5,7.2,-18.8,111.2,-2.5,6.3,-2.3,6.5,1.5,0.3,2.2,0.8,1.2,1.6,83384.0,5.4,389.0,2.3,-0.5,0.018,18540.0,1.1,5.0,1.5,1.4,0.003,1.46,-0.58,0.85,6.0,4.6,0.0328,30,0,-25,15,69.6,71,-33,38,0.6,0.006045,999999.99,99999.99,99999.99,0.26,0.17,0.12,-1,2009-03-21 23:00:00
2009,81,0,2396,51,52,60,32,7.3,7.1,6.9,102.5,-1.5,6.8,0.9,5.2,4.4,1.1,2.1,1.3,1.3,1.2,70336.0,3.2,384.0,0.5,1.5,0.015,45501.0,1.0,5.0,1.5,1.1,0.004,0.84,-1.69,0.5,4.7,3.9,0.0537,17,0,-24,6,68.2,37,-25,11,0.2,0.006037,999999.99,99999.99,99999.99,0.21,0.14,0.09,-1,2009-03-22 00:00:00
2009,81,1,2396,51,52,61,37,7.0,6.2,-19.6,127.5,-3.6,4.7,-2.1,5.1,0.6,0.3,3.1,1.3,1.7,2.2,84088.0,4.5,381.0,1.5,3.4,9.999,15221.0,0.7,8.0,1.1,1.5,9.999,1.31,-0.23,0.81,5.8,4.4,0.0357,17,0,-21,6,68.2,31,-19,12,0.1,0.006037,999999.99,99999.99,99999.99,0.22,0.1,0.07,-1,2009-03-22 01:00:00
2009,81,2,2396,51,52,58,35,7.0,6.9,-33.2,142.5,-4.6,3.5,-3.8,4.9,-1.6,0.2,1.3,0.6,1.1,0.6,69283.0,3.4,386.0,1.3,1.8,0.011,13474.0,0.7,6.0,0.9,0.9,0.0,0.88,0.62,0.57,5.1,4.2,0.046,17,0,-22,6,68.2,121,-78,43,0.8,0.006037,999999.99,99999.99,99999.99,0.22,0.12,0.09,-1,2009-03-22 02:00:00
2009,81,3,2396,51,52,65,36,5.9,3.9,-7.8,116.6,-1.7,3.5,-0.5,3.3,1.2,0.6,4.4,2.9,1.1,3.2,111513.0,3.6,400.0,2.2,-0.4,0.021,42769.0,0.9,15.0,1.4,2.4,0.003,1.04,-0.48,1.03,6.4,4.7,0.0288,27,0,-25,12,68.2,316,-245,71,2.1,0.006037,999999.99,99999.99,99999.99,0.25,0.13,0.09,-1,2009-03-22 03:00:00
2009,81,4,2396,51,52,59,37,6.1,5.8,47.0,70.1,1.4,3.7,4.3,1.6,5.4,0.5,1.8,1.1,1.0,1.1,117931.0,2.8,416.0,3.5,-2.3,0.028,23869.0,0.4,7.0,1.1,1.1,0.007,0.9,-2.25,0.77,5.7,4.4,0.0365,27,0,-24,12,68.2,157,-90,66,1.1,0.006037,999999.99,99999.99,99999.99,0.24,0.11,0.08,-1,2009-03-22 04:00:00
2009,81,5,2396,51,52,61,36,5.2,5.0,41.8,85.0,0.3,3.7,3.3,2.2,4.4,0.3,1.3,0.9,0.7,0.8,190312.0,3.0,419.0,5.2,-1.1,0.028,14631.0,0.2,3.0,0.6,0.5,0.003,0.98,-1.84,1.47,7.0,4.6,0.0244,27,0,-18,12,68.2,26,-4,21,-0.0,0.006037,999999.99,99999.99,99999.99,0.23,0.11,0.08,-1,2009-03-22 05:00:00
2009,81,6,2396,51,52,63,38,4.8,4.2,41.0,95.9,-0.3,3.2,2.8,2.1,3.7,0.5,2.2,1.5,1.0,1.3,148029.0,2.9,435.0,5.1,-1.2,0.028,39292.0,0.6,14.0,0.6,1.1,0.002,1.02,-1.61,1.45,7.7,5.1,0.02,10,0,-12,4,68.2,11,1,11,0.0,0.006037,999999.99,99999.99,99999.99,0.23,0.12,0.09,-1,2009-03-22 06:00:00
2009,81,7,2396,51,52,58,35,5.1,5.0,43.4,99.5,-0.6,3.6,3.4,2.4,4.3,0.3,0.8,0.5,0.6,0.3,75016.0,2.3,438.0,4.4,-1.7,0.014,19801.0,0.4,5.0,0.6,0.8,0.001,0.78,-1.88,0.75,6.5,5.1,0.028,10,0,-11,4,68.2,8,-2,7,-0.0,0.006037,999999.99,99999.99,99999.99,0.23,0.13,0.1,-1,2009-03-22 07:00:00
2009,81,8,2396,51,52,60,36,3.5,3.2,31.5,134.9,-1.9,1.9,1.7,1.4,2.1,0.5,1.4,0.9,0.7,0.9,90438.0,3.5,437.0,5.6,1.2,0.018,16367.0,0.5,4.0,1.0,0.9,0.002,1.2,-0.92,2.6,11.7,6.5,0.0087,10,0,-9,4,68.2,25,-9,16,0.2,0.006037,999999.99,99999.99,99999.99,0.22,0.11,0.07,-1,2009-03-22 08:00:00
2009,81,9,2396,51,52,59,36,3.7,3.6,-3.2,178.3,-3.6,0.1,-0.2,0.1,-0.2,0.2,0.4,0.2,0.3,0.1,73936.0,2.8,429.0,4.4,1.1,0.017,19084.0,0.5,5.0,0.3,0.3,0.002,0.92,0.09,1.72,9.7,6.2,0.0126,7,0,-10,3,68.2,18,-11,7,0.2,0.006037,999999.99,99999.99,99999.99,0.21,0.12,0.1,-1,2009-03-22 09:00:00
2009,81,10,2396,51,52,60,30,3.6,2.6,27.6,138.5,-1.7,1.5,1.2,1.2,1.5,0.2,2.4,1.5,1.3,1.2,84302.0,2.8,426.0,3.4,-0.1,0.021,28472.0,0.6,5.0,0.7,0.7,0.005,0.92,-0.64,1.91,9.9,6.1,0.0121,7,0,-11,3,68.2,17,-14,3,0.2,0.006037,999999.99,99999.99,99999.99,0.24,0.13,0.09,-1,2009-03-22 10:00:00
2009,81,11,2396,51,52,58,33,4.1,3.8,54.7,73.5,0.6,2.1,3.1,1.3,3.5,0.4,1.5,0.8,1.2,0.5,75589.0,2.6,424.0,2.2,-1.2,0.013,17144.0,0.6,6.0,1.2,0.6,0.002,0.82,-1.48,1.31,8.3,5.7,0.0171,7,0,-11,3,68.2,18,-16,3,0.3,0.006037,999999.99,99999.99,99999.99,0.26,0.12,0.1,-1,2009-03-22 11:00:00
2009,81,12,2396,51,52,61,31,3.3,3.2,36.9,126.1,-1.5,2.1,1.9,1.6,2.4,0.2,0.9,0.4,0.5,0.6,51790.0,1.7,408.0,1.4,-0.4,0.022,22023.0,0.8,7.0,1.3,1.2,0.006,0.51,-0.98,1.17,8.1,5.7,0.0183,3,0,-8,2,68.2,17,-15,3,0.1,0.006037,999999.99,99999.99,99999.99,0.23,0.11,0.08,-1,2009-03-22 12:00:00
2009,81,13,2396,51,52,60,37,3.0,2.8,26.7,138.7,-1.9,1.7,1.3,1.3,1.7,0.3,1.1,0.6,0.5,0.9,75087.0,3.3,418.0,1.9,2.0,0.014,6815.0,0.3,2.0,0.5,0.8,0.001,1.02,-0.71,3.1,12.7,6.6,0.0074,3,0,-6,2,68.2,15,-12,4,0.2,0.006037,999999.99,99999.99,99999.99,0.21,0.11,0.08,-1,2009-03-22 13:00:00
2009,81,14,2396,51,52,61,38,2.8,2.5,41.1,117.7,-0.9,1.6,1.6,1.0,2.0,0.4,1.4,0.8,0.7,0.9,74481.0,3.4,425.0,1.1,0.7,0.013,5709.0,0.3,6.0,0.8,1.2,0.002,1.08,-0.85,3.66,14.0,6.9,0.0061,3,0,-5,2,68.2,13,-10,3,0.4,0.006037,999999.99,99999.99,99999.99,0.23,0.11,0.08,-1,2009-03-22 14:00:00
2009,81,15,2396,51,52,61,36,3.2,3.0,58.3,73.8,0.4,1.5,2.6,0.5,3.0,0.2,1.2,0.8,0.7,0.4,60182.0,3.4,435.0,0.6,-0.8,0.012,7105.0,0.2,6.0,0.8,0.4,0.001,1.13,-1.3,2.6,12.5,7.0,0.0076,0,0,-4,0,68.2,19,-13,6,0.1,0.006037,999999.99,99999.99,99999.99,0.27,0.14,0.11,-1,2009-03-22 15:00:00
2009,81,16,2396,51,52,59,35,3.0,2.8,54.2,103.9,-0.4,1.6,2.2,0.6,2.6,0.2,1.2,0.8,0.7,0.5,59019.0,3.7,429.0,0.6,-0.5,0.012,4649.0,0.2,5.0,0.9,0.5,0.001,1.19,-1.12,3.2,13.8,7.1,0.0063,0,0,-6,0,68.2,15,-12,2,0.1,0.006037,999999.99,99999.99,99999.99,0.27,0.14,0.1,-1,2009-03-22 16:00:00
2009,81,17,2396,51,52,61,38,3.0,2.6,73.0,92.5,0.0,0.8,2.5,-0.3,2.6,0.2,1.4,1.1,0.8,0.4,57283.0,3.7,432.0,0.8,-1.0,0.012,6221.0,0.3,7.0,0.6,0.6,0.002,1.21,-1.12,3.17,13.8,7.2,0.0062,0,0,-9,0,68.2,19,-13,6,0.4,0.006037,999999.99,99999.99,99999.99,0.23,0.12,0.08,-1,2009-03-22 17:00:00
2009,81,18,2396,51,52,58,35,2.9,2.5,60.2,124.2,-0.7,1.0,2.2,-0.1,2.4,0.2,1.5,1.3,0.5,0.5,56026.0,3.4,424.0,0.6,-0.8,0.013,8546.0,0.4,11.0,0.7,0.7,0.002,1.07,-1.02,3.1,13.5,7.0,0.0065,10,0,-10,4,68.2,22,-12,10,0.3,0.006037,999999.99,99999.99,99999.99,0.18,0.11,0.07,-1,2009-03-22 18:00:00
2009,81,19,2396,51,52,57,33,3.2,2.8,37.5,162.0,-2.1,0.7,1.7,-0.2,1.8,0.2,1.6,1.0,0.9,0.9,51179.0,2.8,408.0,0.9,-0.7,0.012,10389.0,0.6,13.0,1.6,1.4,0.003,0.82,-0.73,2.04,10.7,6.4,0.0105,10,0,-13,4,68.2,24,-14,11,0.4,0.006037,999999.99,99999.99,99999.99,0.21,0.13,0.1,-1,2009-03-22 19:00:00
2009,81,20,2396,51,52,63,37,3.3,3.0,-8.9,193.9,-2.9,-0.7,-0.5,-0.3,-0.8,0.2,1.3,0.3,1.0,0.6,48670.0,2.6,403.0,2.2,2.2,0.01,9538.0,0.5,8.0,1.2,1.1,0.001,0.73,0.32,1.76,9.8,6.2,0.0123,10,0,-13,4,68.2,43,-25,19,0.6,0.006037,999999.99,99999.99,99999.99,0.18,0.1,0.07,-1,2009-03-22 20:00:00
2009,81,21,2396,51,52,60,36,3.3,2.7,-47.8,166.8,-1.8,0.4,-2.0,1.4,-1.5,0.2,1.9,1.1,1.3,0.7,57699.0,3.0,416.0,1.1,3.1,0.009,11098.0,0.3,7.0,1.7,0.7,0.001,0.9,0.62,2.13,10.9,6.5,0.01,17,0,-13,6,68.2,82,-67,15,1.1,0.006037,999999.99,99999.99,99999.99,0.23,0.14,0.1,-1,2009-03-22 21:00:00
2009,81,22,2396,51,52,60,37,3.3,3.0,15.4,233.3,-1.7,-2.3,0.8,-2.4,-0.6,0.1,1.3,0.6,1.0,0.6,56159.0,2.8,417.0,3.3,-0.2,0.011,8079.0,0.1,4.0,0.9,0.8,0.0,0.85,0.25,1.97,10.6,6.4,0.0106,17,0,-14,6,68.2,65,-51,14,0.6,0.006037,999999.99,99999.99,99999.99,0.26,0.12,0.08,-1,2009-03-22 22:00:00
2009,81,23,2396,51,52,59,35,3.5,3.4,18.3,231.6,-2.0,-2.5,1.1,-2.7,-0.5,0.2,0.8,0.6,0.3,0.5,56964.0,2.4,416.0,2.9,0.3,9.999,12098.0,0.5,5.0,0.4,0.5,9.999,0.83,0.21,1.51,9.2,6.1,0.014,17,0,-18,6,68.2,28,-13,15,0.5,0.006037,999999.99,99999.99,99999.99,0.21,0.12,0.1,-1,2009-03-22 23:00:00
2009,82,0,2397,51,52,60,37,3.7,3.6,19.4,237.6,-1.8,-2.8,1.2,-3.0,-0.5,0.1,1.0,0.5,0.2,0.7,45791.0,2.2,413.0,3.0,0.1,9.999,7893.0,0.4,5.0,0.6,1.1,9.999,0.75,0.21,1.16,8.3,5.8,0.0174,13,0,-17,5,67.6,32,-13,19,0.5,0.006035,999999.99,99999.99,99999.99,0.23,0.13,0.09,-1,2009-03-23 00:00:00
2009,82,1,2397,51,52,61,36,3.4,3.3,17.3,247.3,-1.2,-2.9,1.0,-3.0,-0.7,0.2,0.7,0.4,0.2,0.6,55062.0,2.4,417.0,3.4,-0.5,0.008,8178.0,0.3,5.0,0.5,0.8,0.0,0.72,0.29,1.58,9.5,6.2,0.0132,13,0,-15,5,67.6,103,-69,35,0.7,0.006035,999999.99,99999.99,99999.99,0.24,0.16,0.11,-1,2009-03-23 01:00:00
2009,82,2,2397,51,52,56,35,3.0,2.7,10.2,253.0,-0.8,-2.5,0.5,-2.4,-0.8,0.5,1.3,0.5,1.0,0.6,50820.0,2.3,415.0,3.3,0.9,0.018,9094.0,0.4,8.0,0.7,1.1,0.007,0.71,0.33,1.9,10.5,6.4,0.0108,13,0,-15,5,67.6,73,-33,40,0.9,0.006035,999999.99,99999.99,99999.99,0.21,0.13,0.1,-1,2009-03-23 02:00:00
2009,82,3,2397,51,52,62,34,2.4,1.6,47.8,150.4,-0.9,0.5,1.2,-0.1,1.3,0.3,1.7,1.1,0.8,1.1,57481.0,2.5,404.0,2.0,-0.2,0.021,12383.0,0.3,10.0,1.0,1.3,0.004,0.74,-0.53,3.36,13.3,6.7,0.0067,3,0,-16,2,67.6,39,-19,20,0.2,0.006035,999999.99,99999.99,99999.99,0.21,0.13,0.09,-1,2009-03-23 03:00:00
2009,82,4,2397,51,52,60,36,2.6,2.3,-7.1,163.1,-2.2,0.7,-0.3,0.8,0.0,0.4,1.3,0.7,0.8,0.6,47349.0,1.9,394.0,2.3,1.3,0.021,12675.0,0.3,7.0,1.6,1.0,0.004,0.53,-0.0,2.05,10.4,6.3,0.0109,3,0,-16,2,67.6,21,-14,8,0.2,0.006035,999999.99,99999.99,99999.99,0.26,0.13,0.1,-1,2009-03-23 04:00:00
2009,82,5,2397,51,52,58,36,2.8,2.6,9.7,235.6,-1.4,-2.1,0.4,-2.1,-0.4,0.1,1.0,0.7,0.4,0.5,38531.0,2.2,402.0,6.1,-0.6,0.013,7220.0,0.3,7.0,0.4,0.5,0.003,0.62,0.16,1.95,10.6,6.5,0.0105,3,0,-14,2,67.6,28,-9,19,0.2,0.006035,999999.99,99999.99,99999.99,0.21,0.11,0.09,-1,2009-03-23 05:00:00
2009,82,6,2397,51,52,60,36,2.7,2.6,14.9,217.6,-2.0,-1.5,0.7,-1.6,0.2,0.1,0.8,0.2,0.5,0.5,41699.0,2.1,396.0,5.9,-1.6,0.014,8599.0,0.3,4.0,0.9,1.1,0.002,0.58,-0.08,2.04,10.6,6.4,0.0105,7,0,-12,3,67.6,83,-60,23,0.1,0.006035,999999.99,99999.99,99999.99,0.19,0.1,0.08,-1,2009-03-23 06:00:00
2009,82,7,2397,51,52,62,37,2.7,2.4,20.7,228.3,-1.5,-1.7,0.9,-1.9,0.4,0.1,1.1,0.9,0.5,0.6,41942.0,2.3,391.0,5.2,-1.7,0.011,14445.0,0.5,9.0,1.0,0.6,0.001,0.61,-0.16,2.24,11.0,6.4,0.0099,7,0,-8,3,67.6,55,-16,39,0.3,0.006035,999999.99,99999.99,99999.99,0.24,0.12,0.09,-1,2009-03-23 07:00:00
2009,82,8,2397,51,52,59,36,2.6,2.5,18.8,269.5,0.0,-2.4,0.8,-2.5,0.1,0.1,0.7,0.5,0.2,0.3,39168.0,2.6,404.0,5.1,-1.6,0.012,4518.0,0.1,5.0,0.3,0.5,0.002,0.74,-0.04,2.68,12.5,6.9,0.0076,7,0,-6,3,67.6,35,-10,25,0.1,0.006035,999999.99,99999.99,99999.99,0.19,0.12,0.1,-1,2009-03-23 08:00:00
2009,82,9,2397,51,52,58,36,2.5,2.4,29.6,246.6,-0.8,-1.9,1.2,-2.1,0.7,0.1,0.8,0.6,0.3,0.4,42357.0,2.6,395.0,5.1,-2.5,0.013,5355.0,0.2,6.0,0.4,0.7,0.002,0.71,-0.28,2.95,12.7,6.8,0.0073,0,0,-6,0,67.6,38,-12,26,0.2,0.006035,999999.99,99999.99,99999.99,0.19,0.12,0.08,-1,2009-03-23 09:00:00
2009,82,10,2397,51,52,62,38,2.5,1.5,36.3,247.6,-0.5,-1.1,0.9,-1.3,0.6,0.2,2.0,1.4,1.2,0.7,45697.0,2.6,395.0,3.7,-2.2,0.012,7051.0,0.2,10.0,1.4,0.8,0.003,0.71,-0.24,3.01,12.7,6.7,0.0073,0,0,-8,0,67.6,34,-16,18,0.2,0.006035,999999.99,99999.99,99999.99,0.23,0.14,0.09,-1,2009-03-23 10:00:00
2009,82,11,2397,51,52,59,34,2.7,2.2,37.3,256.9,-0.4,-1.7,1.3,-2.0,0.9,0.3,1.5,0.7,1.2,0.5,46120.0,2.6,394.0,3.4,-2.6,0.011,12182.0,0.4,7.0,1.4,0.9,0.002,0.7,-0.35,2.59,11.8,6.5,0.0086,0,0,-8,0,67.6,21,-16,5,0.2,0.006035,999999.99,99999.99,99999.99,0.21,0.12,0.09,-1,2009-03-23 11:00:00
2009,82,12,2397,51,52,59,35,2.8,2.7,24.7,282.7,0.5,-2.4,1.1,-2.6,0.5,0.1,0.8,0.7,0.3,0.4,46026.0,2.8,394.0,4.2,-2.8,0.014,4160.0,0.1,6.0,0.7,0.6,0.001,0.77,-0.2,2.59,11.8,6.5,0.0086,0,0,-7,0,67.6,18,-15,3,0.4,0.006035,999999.99,99999.99,99999.99,0.22,0.11,0.08,-1,2009-03-23 12:00:00
2009,82,13,2397,51,52,60,37,2.8,2.8,39.0,246.5,-0.9,-2.0,1.8,-2.4,1.2,0.1,0.5,0.3,0.2,0.2,46013.0,2.5,381.0,1.9,-3.1,9.999,5465.0,0.3,4.0,0.4,0.4,9.999,0.73,-0.46,2.31,10.8,6.2,0.0103,0,0,-5,0,67.6,27,-25,1,0.5,0.006035,999999.99,99999.99,99999.99,0.22,0.14,0.1,-1,2009-03-23 13:00:00
2009,82,14,2397,51,52,60,36,2.7,2.6,42.9,262.5,-0.2,-1.9,1.8,-2.4,1.1,0.2,0.8,0.5,0.3,0.5,48148.0,2.6,382.0,2.0,-3.2,0.011,6903.0,0.3,3.0,0.6,0.6,0.003,0.66,-0.42,2.62,11.4,6.3,0.0091,0,0,-4,0,67.6,47,-44,3,0.6,0.006035,999999.99,99999.99,99999.99,0.23,0.11,0.07,-1,2009-03-23 14:00:00
2009,82,15,2397,51,52,56,31,3.0,2.2,19.0,143.4,-1.6,1.2,0.7,0.9,1.1,0.5,2.0,1.0,1.4,1.1,35932.0,2.4,364.0,-1.8,-2.8,0.016,12090.0,0.6,14.0,2.1,1.7,0.001,0.57,-0.4,1.82,9.4,5.9,0.0135,0,0,-4,0,67.6,23,-18,5,0.6,0.006035,999999.99,99999.99,99999.99,0.2,0.11,0.08,-1,2009-03-23 15:00:00
2009,82,16,2397,51,52,64,37,3.7,3.6,10.9,127.0,-2.1,2.8,0.7,2.3,1.7,0.3,0.8,0.4,0.5,0.5,31587.0,2.6,367.0,-4.4,-2.1,0.01,6450.0,0.5,6.0,0.7,1.1,0.003,0.61,-0.62,1.26,8.0,5.5,0.0186,0,0,-3,0,67.6,21,-15,7,0.1,0.006035,999999.99,99999.99,99999.99,0.24,0.16,0.12,-1,2009-03-23 16:00:00
2009,82,17,2397,51,52,58,36,4.3,4.1,-5.5,116.0,-1.8,3.6,-0.4,3.4,1.2,0.3,1.5,0.7,0.6,1.2,43630.0,3.7,380.0,-4.7,-0.4,0.008,5730.0,0.5,5.0,0.6,1.7,0.001,0.92,-0.46,1.43,8.5,5.7,0.0165,0,0,-4,0,67.6,17,-11,6,-0.1,0.006035,999999.99,99999.99,99999.99,0.21,0.11,0.08,-1,2009-03-23 17:00:00
2009,82,18,2397,51,52,64,39,5.8,5.6,1.6,110.6,-2.0,5.3,0.2,4.6,2.6,0.8,1.6,0.6,0.8,1.2,45004.0,4.8,392.0,-4.6,0.4,0.006,10188.0,0.9,10.0,0.8,1.2,0.001,1.26,-1.02,1.03,7.4,5.4,0.0217,10,0,-4,4,67.6,29,-15,15,0.1,0.006035,999999.99,99999.99,99999.99,0.2,0.11,0.08,-1,2009-03-23 18:00:00
2009,82,19,2397,51,52,61,37,6.4,5.1,55.6,86.5,0.2,2.9,4.2,0.4,5.1,0.5,3.7,1.7,2.6,2.0,55581.0,7.2,410.0,-4.9,-3.1,0.006,12491.0,1.7,6.0,1.6,2.1,0.001,2.07,-2.09,1.35,8.6,5.8,0.0161,10,0,0,4,67.6,18,-6,12,-0.1,0.006035,999999.99,99999.99,99999.99,0.27,0.11,0.07,-1,2009-03-23 19:00:00
2009,82,20,2397,51,52,58,33,6.8,6.0,36.5,108.1,-1.5,4.6,3.6,2.0,5.5,0.3,3.0,1.6,1.6,1.9,45946.0,7.1,391.0,-6.7,-0.7,0.006,8603.0,1.9,9.0,1.2,2.0,0.002,1.86,-2.15,1.11,7.7,5.5,0.0203,10,0,3,4,67.6,16,-5,11,0.1,0.006035,999999.99,99999.99,99999.99,0.2,0.11,0.08,-1,2009-03-23 20:00:00
2009,82,21,2397,51,52,57,34,6.9,6.2,42.3,113.0,-1.8,4.2,4.2,1.3,5.8,0.5,3.0,1.9,1.5,1.7,54297.0,4.4,392.0,-5.2,-1.2,0.013,19820.0,1.1,14.0,2.2,1.1,0.005,1.19,-2.27,0.7,6.0,4.7,0.0335,7,0,3,3,67.6,19,-8,11,-0.1,0.006035,999999.99,99999.99,99999.99,0.19,0.1,0.08,-1,2009-03-23 21:00:00
2009,82,22,2397,51,52,57,32,6.7,6.3,-3.5,150.6,-5.5,3.1,-0.4,2.8,1.4,0.4,2.1,0.7,0.9,1.8,46682.0,4.2,362.0,-5.6,2.4,0.017,6273.0,0.6,6.0,1.3,1.7,0.007,0.98,-0.51,0.68,5.5,4.4,0.0388,7,0,1,3,67.6,23,-13,10,0.1,0.006035,999999.99,99999.99,99999.99,0.2,0.12,0.09,-1,2009-03-23 22:00:00
2009,82,23,2397,51,52,61,35,6.7,6.5,0.5,160.8,-6.1,2.1,0.1,1.7,1.2,0.3,1.8,0.4,1.4,1.0,61787.0,5.0,355.0,-5.4,-0.3,0.015,24413.0,0.8,8.0,1.4,1.4,0.004,1.12,-0.43,0.88,5.9,4.5,0.0339,7,0,-5,3,67.6,24,-15,10,0.3,0.006035,999999.99,99999.99,99999.99,0.21,0.13,0.1,-1,2009-03-23 23:00:00
2009,83,0,2397,51,52,61,38,6.2,6.1,-6.6,164.3,-5.8,1.6,-0.7,1.7,0.3,0.2,1.0,0.3,0.7,0.6,75344.0,5.5,362.0,-5.8,-0.2,0.014,16723.0,1.1,6.0,1.4,0.9,0.005,1.27,-0.11,1.21,6.8,4.8,0.0254,7,0,-3,3,68.7,21,-13,8,-0.0,0.00602,999999.99,99999.99,99999.99,0.27,0.14,0.09,-1,2009-03-24 00:00:00
2009,83,1,2397,51,52,63,34,5.5,3.8,-23.2,161.1,-3.3,1.1,-1.5,1.7,-0.7,0.6,3.9,1.7,3.3,1.3,91481.0,6.5,376.0,-6.1,0.8,0.01,21165.0,2.0,12.0,2.4,1.3,0.003,1.6,0.26,1.97,8.7,5.3,0.0157,7,0,-2,3,68.7,25,-11,14,0.3,0.00602,999999.99,99999.99,99999.99,0.19,0.09,0.07,-1,2009-03-24 01:00:00
2009,83,2,2397,51,52,57,34,6.9,6.2,-17.5,126.4,-3.5,4.7,-1.9,5.0,0.6,0.4,3.0,1.0,2.0,2.1,76622.0,6.2,381.0,-7.8,1.1,0.012,15966.0,1.0,9.0,1.1,1.9,0.001,1.58,-0.23,1.11,6.9,4.9,0.0252,7,0,-2,3,68.7,26,-13,13,0.2,0.00602,999999.99,99999.99,99999.99,0.2,0.11,0.08,-1,2009-03-24 02:00:00
2009,83,3,2397,51,52,60,38,6.2,6.0,-56.7,204.6,-3.0,-1.4,-5.0,1.0,-5.1,0.3,1.4,0.8,1.1,0.5,69689.0,5.7,370.0,-3.8,4.4,9.999,17057.0,1.3,6.0,1.4,0.7,9.999,1.56,1.89,1.22,7.1,5.0,0.0234,27,0,-4,12,68.7,157,-114,43,1.1,0.00602,999999.99,99999.99,99999.99,0.24,0.14,0.1,-1,2009-03-24 03:00:00
2009,83,4,2397,51,52,61,36,5.2,4.8,-48.3,252.4,-1.0,-3.1,-3.6,-1.3,-4.6,0.5,2.0,1.4,0.9,1.0,98570.0,6.7,376.0,-2.3,2.5,0.005,16448.0,1.1,7.0,0.8,1.2,0.001,1.61,1.73,2.34,9.4,5.4,0.0136,27,0,-9,12,68.7,404,-289,115,3.1,0.00602,999999.99,99999.99,99999.99,0.24,0.11,0.08,-1,2009-03-24 04:00:00
2009,83,5,2397,51,52,60,37,6.0,5.1,-52.1,229.2,-2.1,-2.4,-4.0,-0.7,-4.6,0.2,3.2,2.1,2.3,0.6,58200.0,5.2,359.0,-3.6,3.6,0.007,17087.0,0.5,16.0,3.3,1.1,0.003,1.15,1.65,1.12,6.8,4.9,0.0256,27,0,-12,12,68.7,253,-131,123,2.6,0.00602,999999.99,99999.99,99999.99,0.25,0.1,0.08,-1,2009-03-24 05:00:00
2009,83,6,2397,51,52,58,35,6.7,6.6,-40.4,269.1,-0.1,-5.0,-4.3,-3.3,-5.7,0.4,1.0,0.6,0.3,0.6,43794.0,5.5,372.0,-1.1,3.8,0.005,12048.0,0.7,5.0,0.9,0.7,0.001,1.3,2.12,0.88,6.5,4.9,0.0281,20,0,-13,7,68.7,277,-167,110,2.2,0.00602,999999.99,99999.99,99999.99,0.23,0.13,0.1,-1,2009-03-24 06:00:00
2009,83,7,2397,51,52,62,39,6.0,5.4,-49.1,206.2,-3.2,-1.6,-4.1,-0.3,-4.4,0.7,2.6,1.3,2.0,1.0,68209.0,5.1,380.0,-6.6,-1.6,0.023,15143.0,1.1,7.0,2.3,2.9,0.005,1.34,1.67,1.16,7.2,5.1,0.0233,20,0,-20,7,68.7,356,-191,166,2.7,0.00602,999999.99,99999.99,99999.99,0.19,0.12,0.09,-1,2009-03-24 07:00:00
2009,83,8,2397,51,52,62,35,4.8,4.3,-53.3,246.1,-1.0,-2.3,-3.4,-1.3,-3.9,0.5,2.1,1.6,1.2,0.7,94195.0,5.9,379.0,-6.0,-1.6,0.028,10616.0,0.4,5.0,1.6,1.5,0.002,1.57,1.48,2.37,9.6,5.5,0.0129,20,0,-23,7,68.7,359,-207,152,3.6,0.00602,999999.99,99999.99,99999.99,0.25,0.11,0.09,-1,2009-03-24 08:00:00
2009,83,9,2397,51,52,61,37,4.6,4.1,-52.4,290.6,0.9,-2.3,-3.2,-1.5,-3.7,0.5,2.0,1.2,1.2,0.9,106372.0,6.6,396.0,-3.9,-0.6,0.027,8922.0,0.4,6.0,0.9,0.6,0.002,1.92,1.47,3.05,11.1,5.8,0.0097,20,0,-22,7,68.7,313,-175,139,3.4,0.00602,999999.99,99999.99,99999.99,0.21,0.14,0.1,-1,2009-03-24 09:00:00
2009,83,10,2397,51,52,60,37,4.0,2.8,-28.8,170.3,-2.4,0.4,-1.4,0.7,-1.3,0.5,2.8,1.2,2.1,1.5,107326.0,6.4,392.0,-2.5,-0.4,0.028,11256.0,0.4,4.0,1.4,1.0,0.003,1.83,0.51,3.92,12.4,5.9,0.0077,20,0,-25,7,68.7,489,-266,222,2.9,0.00602,999999.99,99999.99,99999.99,0.22,0.15,0.11,-1,2009-03-24 10:00:00
2009,83,11,2397,51,52,60,36,3.9,3.0,56.2,304.0,0.9,-1.4,2.5,-1.9,2.1,0.7,2.5,1.4,1.4,1.4,100638.0,6.1,395.0,-1.0,-1.7,0.025,13492.0,0.4,4.0,0.6,0.9,0.003,1.75,-0.83,3.82,12.5,6.0,0.0076,20,0,-24,7,68.7,398,-156,242,2.2,0.00602,999999.99,99999.99,99999.99,0.25,0.1,0.07,-1,2009-03-24 11:00:00
2009,83,12,2397,51,52,59,35,3.7,3.1,-17.6,163.3,-2.9,0.9,-1.0,1.1,-0.7,0.7,2.0,0.8,1.6,0.8,95523.0,6.9,385.0,-2.9,1.5,0.022,7031.0,0.4,5.0,1.3,0.9,0.002,1.86,0.27,4.69,13.7,6.1,0.0064,27,0,-13,12,68.7,100,-42,58,0.7,0.00602,999999.99,99999.99,99999.99,0.24,0.13,0.09,-1,2009-03-24 12:00:00
2009,83,13,2397,51,52,64,39,5.9,5.4,-43.8,178.3,-3.9,0.1,-3.7,1.1,-3.5,0.6,2.4,1.0,1.7,1.4,84863.0,6.1,407.0,0.5,2.2,0.025,20958.0,0.9,15.0,1.7,1.3,0.004,1.86,1.42,1.55,8.5,5.6,0.0164,27,0,-6,12,68.7,98,-59,39,1.6,0.00602,999999.99,99999.99,99999.99,0.2,0.1,0.08,-1,2009-03-24 13:00:00
2009,83,14,2397,51,52,62,37,5.2,4.0,13.8,112.7,-1.5,3.6,1.0,3.1,2.0,0.5,3.3,1.9,1.3,2.3,103372.0,5.3,425.0,-1.1,-1.6,0.028,8895.0,0.6,7.0,0.8,1.6,0.003,1.78,-0.85,1.89,9.4,5.8,0.0134,27,0,-7,12,68.7,212,-171,41,1.2,0.00602,999999.99,99999.99,99999.99,0.2,0.11,0.07,-1,2009-03-24 14:00:00
2009,83,15,2397,51,52,64,37,6.1,5.8,55.2,28.1,2.9,1.5,4.7,-0.2,4.9,0.6,1.6,1.1,1.1,0.4,141466.0,3.2,450.0,3.4,-0.7,0.034,33474.0,1.2,16.0,2.4,1.7,0.009,1.23,-2.21,0.97,6.6,4.9,0.0273,20,0,-5,7,68.7,177,-146,31,0.4,0.00602,999999.99,99999.99,99999.99,0.2,0.11,0.08,-1,2009-03-24 15:00:00
2009,83,16,2397,51,52,62,32,4.0,3.2,37.7,46.1,1.7,1.8,1.9,0.9,2.4,0.9,2.5,1.9,1.0,1.4,169141.0,3.9,478.0,2.9,-1.1,0.03,15648.0,0.3,8.0,1.2,0.7,0.005,1.67,-1.15,3.02,11.8,6.2,0.0085,20,0,-8,7,68.7,30,-16,14,-0.0,0.00602,999999.99,99999.99,99999.99,0.23,0.12,0.08,-1,2009-03-24 16:00:00
2009,83,17,2397,51,52,56,34,2.8,2.3,13.3,120.3,-1.1,1.9,0.5,1.5,1.3,0.4,1.5,1.1,0.6,0.9,149625.0,3.6,470.0,3.9,-0.5,0.029,14722.0,0.2,7.0,0.7,0.7,0.002,1.48,-0.61,5.31,15.9,6.7,0.0047,20,0,-10,7,68.7,39,-18,21,0.6,0.00602,999999.99,99999.99,99999.99,0.24,0.13,0.09,-1,2009-03-24 17:00:00
2009,83,18,2397,51,52,60,37,3.0,2.5,20.4,123.7,-1.3,2.0,0.9,1.4,1.7,1.1,1.9,0.8,1.5,0.8,106129.0,3.4,458.0,3.1,-1.5,0.023,26697.0,0.3,7.0,1.3,0.9,0.004,1.3,-0.78,3.69,14.1,6.9,0.006,13,0,-14,5,68.7,48,-27,21,0.6,0.00602,999999.99,99999.99,99999.99,0.18,0.11,0.08,-1,2009-03-24 18:00:00
2009,83,19,2397,51,52,61,37,3.3,3.1,-6.3,153.0,-2.7,1.4,-0.3,1.4,0.4,0.3,1.2,0.6,0.9,0.7,101715.0,4.0,444.0,2.9,-1.8,0.025,11298.0,0.2,6.0,0.9,0.6,0.002,1.45,-0.18,3.52,13.5,6.7,0.0066,13,0,-10,5,68.7,26,-12,14,0.1,0.00602,999999.99,99999.99,99999.99,0.2,0.12,0.09,-1,2009-03-24 19:00:00
2009,83,20,2397,51,52,64,39,3.7,2.3,19.9,129.4,-1.4,1.6,0.8,0.9,1.5,1.3,3.2,2.3,1.4,1.6,138541.0,3.9,473.0,3.6,-3.3,0.035,25331.0,0.9,18.0,1.0,1.3,0.015,1.66,-0.71,3.16,12.6,6.5,0.0075,13,0,-9,5,68.7,45,-21,24,0.5,0.00602,999999.99,99999.99,99999.99,0.23,0.12,0.09,-1,2009-03-24 20:00:00
2009,83,21,2397,51,52,61,37,5.7,5.0,-16.4,127.5,-2.9,3.8,-1.4,4.0,0.9,0.7,2.7,1.5,0.9,2.0,124375.0,3.2,494.0,3.8,-4.7,0.05,19984.0,0.5,9.0,0.9,1.3,0.007,1.56,-0.44,1.04,7.8,5.6,0.0198,17,0,-9,6,68.7,33,-11,22,0.1,0.00602,999999.99,99999.99,99999.99,0.24,0.13,0.09,-1,2009-03-24 21:00:00
2009,83,22,2397,51,52,58,36,6.0,5.2,-35.3,116.6,-1.9,3.8,-3.0,4.8,-0.4,0.2,2.9,1.6,1.2,2.1,144391.0,3.4,488.0,2.5,-3.2,0.051,13481.0,0.3,10.0,0.7,2.1,0.006,1.63,0.2,1.07,7.5,5.4,0.0212,17,0,-8,6,68.7,110,-84,26,0.5,0.00602,999999.99,99999.99,99999.99,0.23,0.13,0.11,-1,2009-03-24 22:00:00
2009,83,23,2397,51,52,59,35,5.7,5.1,-29.7,150.4,-3.8,2.2,-2.5,3.2,-0.9,0.4,2.4,1.1,1.5,1.6,128827.0,3.7,487.0,3.0,-3.3,0.052,18596.0,0.3,5.0,1.0,1.8,0.009,1.77,0.44,1.22,8.2,5.7,0.0176,17,0,-11,6,68.7,121,-77,43,1.3,0.00602,999999.99,99999.99,99999.99,0.2,0.12,0.09,-1,2009-03-24 23:00:00
2009,84,0,2397,51,52,60,35,4.9,3.4,-30.7,114.3,-1.2,2.7,-1.7,3.2,0.0,0.4,3.2,1.6,1.2,2.5,125018.0,3.9,493.0,0.5,-3.4,0.048,12719.0,0.4,15.0,1.1,1.8,0.006,1.89,-0.0,1.71,9.9,6.3,0.0121,33,0,-18,18,68.2,261,-186,75,1.8,0.006013,999999.99,99999.99,99999.99,0.22,0.12,0.1,-1,2009-03-25 00:00:00
2009,84,1,2397,51,52,61,37,4.3,3.5,-33.8,168.8,-2.9,0.6,-2.0,1.5,-1.4,0.2,2.3,0.6,2.0,0.8,112603.0,3.6,486.0,1.6,-2.4,0.05,7746.0,0.3,4.0,1.6,0.8,0.003,1.7,0.68,1.95,10.7,6.5,0.0103,33,0,-17,18,68.2,207,-110,97,1.4,0.006013,999999.99,99999.99,99999.99,0.22,0.12,0.09,-1,2009-03-25 01:00:00
2009,84,2,2397,51,52,59,38,4.3,3.9,-48.0,188.9,-2.6,-0.4,-2.9,1.1,-2.7,0.1,1.6,0.5,1.4,0.6,104309.0,3.2,490.0,2.4,-1.1,0.052,8713.0,0.2,6.0,1.4,0.8,0.004,1.55,1.32,1.68,10.2,6.5,0.0114,33,0,-16,18,68.2,400,-294,106,1.9,0.006013,999999.99,99999.99,99999.99,0.21,0.13,0.1,-1,2009-03-25 02:00:00
2009,84,3,2397,51,52,61,35,4.5,3.7,-52.3,169.0,-2.2,0.4,-2.9,1.7,-2.4,0.2,2.5,0.8,2.2,0.8,94638.0,3.1,490.0,1.7,-1.0,0.048,9672.0,0.2,6.0,1.7,0.6,0.006,1.48,1.18,1.42,9.6,6.4,0.0129,37,0,-13,22,68.2,389,-303,86,2.9,0.006013,999999.99,99999.99,99999.99,0.27,0.13,0.09,-1,2009-03-25 03:00:00
2009,84,4,2397,51,52,59,36,4.2,3.8,-54.3,169.0,-2.2,0.4,-3.1,1.6,-2.7,0.2,1.8,0.6,1.6,0.6,87348.0,3.2,487.0,2.2,-0.2,0.05,7521.0,0.2,4.0,1.2,0.6,0.006,1.52,1.31,1.63,10.4,6.7,0.0111,37,0,-19,22,68.2,333,-239,94,2.6,0.006013,999999.99,99999.99,99999.99,0.2,0.11,0.07,-1,2009-03-25 04:00:00
2009,84,5,2397,51,52,60,36,3.6,2.4,-18.4,140.2,-1.7,1.4,-0.8,1.6,-0.2,0.3,2.6,0.7,1.9,1.7,89947.0,3.2,488.0,1.4,-2.1,0.058,8218.0,0.2,6.0,1.4,1.2,0.005,1.57,0.1,2.24,12.1,7.1,0.0081,37,0,-21,22,68.2,246,-172,74,1.9,0.006013,999999.99,99999.99,99999.99,0.22,0.12,0.08,-1,2009-03-25 05:00:00
2009,84,6,2397,51,52,60,36,3.3,2.6,22.2,120.7,-1.2,2.1,1.0,1.7,1.6,0.5,1.9,1.1,0.8,1.4,92438.0,3.2,491.0,1.1,-2.8,0.06,13858.0,0.1,8.0,0.7,1.2,0.004,1.6,-0.79,2.7,13.3,7.3,0.0067,20,0,-18,7,68.2,147,-110,37,0.9,0.006013,999999.99,99999.99,99999.99,0.2,0.12,0.08,-1,2009-03-25 06:00:00
2009,84,7,2397,51,52,60,35,3.5,2.5,-24.9,164.4,-2.2,0.6,-1.1,0.9,-0.9,0.3,2.3,1.3,1.4,1.4,87488.0,3.1,483.0,2.1,-0.9,0.059,6830.0,0.2,7.0,1.1,0.8,0.003,1.49,0.43,2.27,12.1,7.1,0.0081,20,0,-15,7,68.2,74,-53,21,0.7,0.006013,999999.99,99999.99,99999.99,0.21,0.12,0.09,-1,2009-03-25 07:00:00
2009,84,8,2397,51,52,58,35,3.5,3.0,-25.3,207.1,-2.4,-1.2,-1.3,-0.8,-1.6,0.3,1.8,0.9,1.4,0.6,84996.0,2.8,482.0,3.5,-0.9,0.06,13606.0,0.2,7.0,1.1,0.7,0.006,1.35,0.77,2.03,11.5,6.9,0.009,20,0,-13,7,68.2,222,-189,32,1.4,0.006013,999999.99,99999.99,99999.99,0.22,0.14,0.09,-1,2009-03-25 08:00:00
2009,84,9,2397,51,52,61,38,3.4,3.1,-35.6,196.2,-2.4,-0.7,-1.8,-0.2,-1.9,0.3,1.2,0.4,0.8,0.9,82286.0,2.5,477.0,2.9,-0.1,0.06,11507.0,0.1,4.0,0.6,0.7,0.007,1.18,0.91,1.9,11.1,6.8,0.0097,20,0,-11,7,68.2,360,-332,28,2.2,0.006013,999999.99,99999.99,99999.99,0.2,0.12,0.08,-1,2009-03-25 09:00:00
2009,84,10,2397,51,52,59,35,3.3,2.6,-23.4,168.6,-2.3,0.5,-1.0,0.7,-0.9,0.3,1.9,1.2,1.2,0.9,101587.0,2.3,481.0,2.0,-0.9,0.058,9264.0,0.1,7.0,0.7,0.6,0.004,1.09,0.43,2.02,11.1,6.7,0.0097,20,0,-12,7,68.2,261,-240,20,2.0,0.006013,999999.99,99999.99,99999.99,0.21,0.11,0.08,-1,2009-03-25 10:00:00
2009,84,11,2397,51,52,60,34,3.3,2.9,-13.8,143.8,-2.3,1.7,-0.7,1.8,-0.3,0.1,1.4,0.6,0.8,1.1,92820.0,2.3,474.0,0.4,-0.6,0.058,7043.0,0.1,7.0,0.8,1.2,0.007,1.06,0.14,1.94,10.9,6.7,0.01,20,0,-11,7,68.2,164,-153,11,1.2,0.006013,999999.99,99999.99,99999.99,0.29,0.13,0.08,-1,2009-03-25 11:00:00
2009,84,12,2397,51,52,63,35,3.3,1.6,0.2,109.2,-0.5,1.5,0.0,1.5,0.4,0.2,2.8,2.3,0.6,1.6,89109.0,2.3,491.0,0.5,-1.4,0.053,6335.0,0.1,18.0,0.8,1.7,0.008,1.12,-0.2,1.91,11.3,6.9,0.0093,7,0,-9,3,68.2,74,-66,8,0.7,0.006013,999999.99,99999.99,99999.99,0.23,0.12,0.09,-1,2009-03-25 12:00:00
2009,84,13,2397,51,52,58,35,3.2,2.4,6.1,101.4,-0.5,2.3,0.3,2.1,0.9,0.2,2.0,1.7,0.6,0.9,88450.0,2.2,489.0,-0.3,-1.8,0.055,8543.0,0.2,13.0,0.6,1.0,0.007,1.07,-0.44,1.94,11.3,6.9,0.0093,7,0,-5,3,68.2,33,-19,15,0.4,0.006013,999999.99,99999.99,99999.99,0.23,0.12,0.09,-1,2009-03-25 13:00:00
2009,84,14,2397,51,52,58,35,3.2,2.9,11.1,79.9,0.5,2.8,0.6,2.5,1.4,0.1,1.3,1.0,0.2,0.8,81049.0,2.4,496.0,-0.8,-2.0,0.052,6582.0,0.1,11.0,0.2,0.8,0.003,1.19,-0.69,2.04,12.0,7.2,0.0083,7,0,-2,3,68.2,47,-30,17,0.3,0.006013,999999.99,99999.99,99999.99,0.24,0.14,0.11,-1,2009-03-25 14:00:00
2009,84,15,2397,51,52,60,35,3.3,3.0,12.2,146.2,-2.5,1.6,0.6,1.3,1.1,0.1,1.4,0.3,0.6,1.2,83205.0,2.3,464.0,0.1,-2.5,0.052,8397.0,0.1,4.0,0.6,1.8,0.004,1.0,-0.51,1.86,10.7,6.6,0.0105,7,0,-5,3,68.2,32,-20,12,0.5,0.006013,999999.99,99999.99,99999.99,0.18,0.1,0.07,-1,2009-03-25 15:00:00
2009,84,16,2397,51,52,60,36,3.3,3.0,14.4,160.8,-2.7,1.0,0.7,0.7,1.0,0.1,1.2,0.6,0.5,0.9,79344.0,2.3,461.0,0.9,-2.2,0.061,12553.0,0.2,8.0,0.7,1.3,0.006,1.02,-0.46,1.82,10.6,6.6,0.0106,7,0,-7,3,68.2,41,-32,9,0.5,0.006013,999999.99,99999.99,99999.99,0.24,0.12,0.08,-1,2009-03-25 16:00:00
2009,84,17,2397,51,52,61,38,3.1,2.8,-1.5,150.9,-2.4,1.4,-0.1,1.3,0.5,0.2,1.4,0.9,1.1,0.4,86032.0,2.3,465.0,0.9,-1.4,0.053,12646.0,0.2,9.0,0.9,0.4,0.01,1.01,-0.23,2.13,11.4,6.7,0.0092,7,0,-8,3,68.2,35,-19,16,0.9,0.006013,999999.99,99999.99,99999.99,0.24,0.12,0.07,-1,2009-03-25 17:00:00
2009,84,18,2397,51,52,62,37,3.9,3.8,-3.7,173.9,-3.8,0.4,-0.2,0.4,0.0,0.2,1.0,0.4,0.8,0.3,72748.0,1.7,485.0,2.2,-2.1,0.03,11563.0,0.2,4.0,0.8,0.4,0.004,0.75,-0.0,0.94,8.1,6.0,0.0181,10,0,-12,4,68.2,36,-24,12,0.4,0.006013,999999.99,99999.99,99999.99,0.21,0.12,0.09,-1,2009-03-25 18:00:00
2009,84,19,2397,51,52,56,34,4.0,3.8,-2.0,164.1,-3.7,1.1,-0.1,1.0,0.5,0.2,1.2,0.4,1.1,0.4,77287.0,1.8,482.0,1.7,-2.5,0.036,10562.0,0.2,6.0,1.1,0.5,0.009,0.8,-0.24,0.96,8.1,6.0,0.0182,10,0,-13,4,68.2,19,-11,8,0.5,0.006013,999999.99,99999.99,99999.99,0.22,0.13,0.09,-1,2009-03-25 19:00:00
2009,84,20,2397,51,52,60,35,3.7,3.4,-28.9,143.8,-2.4,1.8,-1.6,2.4,-0.4,0.1,1.4,0.8,0.5,1.0,78671.0,2.5,459.0,-1.4,-0.1,0.044,12657.0,0.3,7.0,0.7,1.3,0.007,1.03,0.18,1.57,9.8,6.4,0.0124,10,0,-11,4,68.2,29,-14,15,0.4,0.006013,999999.99,99999.99,99999.99,0.21,0.12,0.09,-1,2009-03-25 20:00:00
2009,84,21,2397,51,52,59,37,3.6,2.9,30.0,144.7,-2.1,1.5,1.5,0.5,2.1,0.1,2.0,0.8,1.1,1.5,80766.0,2.9,462.0,-0.9,-3.5,0.046,11214.0,0.2,7.0,1.5,1.8,0.005,1.22,-0.97,1.95,10.9,6.7,0.01,17,0,-8,6,68.2,82,-51,31,0.7,0.006013,999999.99,99999.99,99999.99,0.22,0.13,0.09,-1,2009-03-25 21:00:00
2009,84,22,2397,51,52,63,38,3.7,2.1,33.5,119.5,-0.9,1.5,1.2,0.6,1.8,0.2,3.0,1.9,1.1,2.0,84219.0,3.0,470.0,-0.6,-2.9,0.044,17706.0,0.4,19.0,0.9,2.3,0.005,1.3,-0.85,1.94,11.0,6.7,0.0098,17,0,-7,6,68.2,76,-58,18,0.8,0.006013,999999.99,99999.99,99999.99,0.18,0.11,0.09,-1,2009-03-25 22:00:00
2009,84,23,2397,51,52,58,36,3.9,3.5,-10.0,123.3,-1.9,2.9,-0.6,2.8,1.1,0.1,1.6,1.0,1.0,0.9,91807.0,3.3,464.0,-1.5,-1.3,0.046,10037.0,0.1,6.0,0.8,0.7,0.004,1.4,-0.51,1.99,10.8,6.6,0.0102,17,0,-6,6,68.2,27,-14,12,0.1,0.006013,999999.99,99999.99,99999.99,0.25,0.11,0.08,-1,2009-03-25 23:00:00
2009,85,0,2397,51,52,63,38,3.7,2.9,-38.3,155.7,-2.1,0.9,-1.8,1.7,-1.0,0.3,2.3,0.9,1.5,1.4,95084.0,3.3,472.0,0.4,-1.1,0.053,12284.0,0.2,7.0,1.2,1.2,0.006,1.49,0.47,2.24,11.6,6.8,0.0089,20,6,-6,7,68.8,47,-18,29,0.6,0.005996,999999.99,99999.99,99999.99,0.22,0.12,0.08,-1,2009-03-26 00:00:00
2009,85,1,2397,51,52,58,35,4.1,3.4,-41.9,146.3,-2.1,1.4,-2.3,2.4,-1.2,0.2,2.3,0.9,1.8,1.2,93704.0,3.3,473.0,0.8,-0.8,0.051,7252.0,0.4,7.0,1.3,0.9,0.005,1.48,0.57,1.81,10.5,6.5,0.0108,20,6,-7,7,68.8,69,-46,23,0.6,0.005996,999999.99,99999.99,99999.99,0.27,0.18,0.11,-1,2009-03-26 01:00:00
2009,85,2,2397,51,52,63,38,3.2,2.2,-37.6,120.8,-0.9,1.5,-1.3,1.9,-0.4,0.5,2.3,1.7,0.7,1.4,106863.0,3.1,486.0,0.2,-1.9,0.057,9472.0,0.2,15.0,0.8,1.4,0.006,1.5,0.19,2.96,13.4,7.1,0.0067,20,6,-9,7,68.8,98,-59,39,1.2,0.005996,999999.99,99999.99,99999.99,0.23,0.14,0.11,-1,2009-03-26 02:00:00
2009,85,3,2397,51,52,57,36,3.5,2.7,-42.5,149.8,-1.7,1.0,-1.8,1.7,-1.2,0.5,2.2,1.4,1.0,1.3,91306.0,3.0,479.0,-0.2,-1.2,0.055,22980.0,0.3,14.0,1.5,1.7,0.006,1.4,0.57,2.24,11.9,6.9,0.0085,30,6,-10,15,68.8,115,-57,58,1.2,0.005996,999999.99,99999.99,99999.99,0.23,0.12,0.08,-1,2009-03-26 03:00:00
2009,85,4,2397,51,52,61,35,3.9,3.6,-29.9,202.1,-2.9,-1.2,-1.8,-0.3,-2.1,0.5,1.4,0.4,1.0,0.9,94257.0,3.1,478.0,2.2,-1.4,0.059,9775.0,0.2,6.0,1.0,1.0,0.007,1.46,1.0,1.89,10.8,6.7,0.0102,30,6,-14,15,68.8,266,-169,96,1.8,0.005996,999999.99,99999.99,99999.99,0.26,0.12,0.09,-1,2009-03-26 04:00:00
2009,85,5,2397,51,52,61,36,4.2,3.6,-25.3,173.0,-3.3,0.4,-1.6,1.0,-1.3,0.3,1.9,0.9,1.3,1.1,94753.0,3.0,473.0,1.1,-1.3,0.068,10458.0,0.3,5.0,1.1,1.1,0.008,1.43,0.61,1.58,9.8,6.3,0.0125,30,6,-18,15,68.8,360,-277,83,2.0,0.005996,999999.99,99999.99,99999.99,0.22,0.13,0.09,-1,2009-03-26 05:00:00
2009,85,6,2397,51,52,59,37,4.4,4.3,-14.6,110.7,-1.5,3.9,-1.1,4.0,0.2,0.4,1.1,0.5,0.6,0.8,96331.0,3.6,475.0,-1.3,-1.3,0.052,6059.0,0.3,3.0,0.4,0.4,0.004,1.64,-0.1,1.74,10.2,6.5,0.0113,27,6,-17,12,68.8,254,-201,53,2.7,0.005996,999999.99,99999.99,99999.99,0.24,0.14,0.11,-1,2009-03-26 06:00:00
2009,85,7,2397,51,52,62,37,4.2,2.9,53.3,140.6,-1.4,1.1,2.3,0.4,2.5,0.4,2.8,1.6,1.2,2.0,105614.0,3.7,477.0,0.7,-3.0,0.062,13153.0,0.3,8.0,0.8,1.2,0.006,1.75,-1.19,2.04,10.9,6.6,0.01,27,6,-12,12,68.8,226,-187,39,1.7,0.005996,999999.99,99999.99,99999.99,0.26,0.13,0.1,-1,2009-03-26 07:00:00
2009,85,8,2397,51,52,58,35,3.6,1.5,50.4,142.6,-0.8,0.6,1.1,0.3,1.2,0.3,3.2,1.3,1.6,2.4,101234.0,3.5,478.0,0.7,-2.1,0.061,11056.0,0.2,9.0,1.8,2.0,0.007,1.66,-0.57,2.58,12.4,6.9,0.0077,27,6,-7,12,68.8,63,-34,30,0.4,0.005996,999999.99,99999.99,99999.99,0.27,0.15,0.11,-1,2009-03-26 08:00:00
2009,85,9,2397,51,52,58,35,3.4,1.1,-54.2,136.6,-0.5,0.4,-0.9,0.6,-0.8,0.2,3.2,1.8,2.0,1.7,95210.0,3.5,476.0,0.6,0.4,0.06,10172.0,0.2,13.0,1.9,1.8,0.003,1.64,0.38,2.82,13.1,7.1,0.0069,10,6,-7,4,68.8,37,-16,22,0.7,0.005996,999999.99,99999.99,99999.99,0.24,0.12,0.08,-1,2009-03-26 09:00:00
2009,85,10,2397,51,52,59,36,3.7,3.4,-36.8,181.8,-2.7,-0.1,-2.0,0.4,-2.0,0.1,1.3,0.6,0.9,0.6,83638.0,3.5,454.0,1.2,1.5,0.061,4633.0,0.2,6.0,0.8,0.7,0.006,1.5,0.91,2.25,11.5,6.7,0.009,10,6,-7,4,68.8,27,-14,12,0.3,0.005996,999999.99,99999.99,99999.99,0.18,0.11,0.08,-1,2009-03-26 10:00:00
2009,85,11,2397,51,52,61,37,3.5,2.5,-23.8,177.2,-2.3,0.1,-1.0,0.3,-0.9,0.3,2.4,1.2,1.6,1.3,84838.0,3.3,455.0,0.7,0.2,0.06,6495.0,0.2,8.0,1.2,1.0,0.005,1.41,0.41,2.39,11.8,6.7,0.0085,10,6,-6,4,68.8,23,-12,11,0.4,0.005996,999999.99,99999.99,99999.99,0.24,0.12,0.09,-1,2009-03-26 11:00:00
2009,85,12,2397,51,52,60,35,3.7,3.0,-17.8,110.9,-1.0,2.7,-0.9,2.8,-0.2,0.2,2.0,1.0,1.0,1.5,75508.0,3.2,460.0,-0.8,-0.1,0.056,6899.0,0.2,6.0,0.7,1.1,0.004,1.38,0.09,1.98,11.1,6.8,0.0096,13,6,-5,5,68.8,36,-27,9,0.3,0.005996,999999.99,99999.99,99999.99,0.27,0.14,0.11,-1,2009-03-26 12:00:00
2009,85,13,2397,51,52,60,37,3.3,1.6,-41.4,159.7,-1.2,0.4,-1.1,0.7,-1.0,0.2,2.8,1.1,1.8,1.9,76610.0,3.0,459.0,0.1,0.2,0.061,4511.0,0.2,8.0,1.5,1.5,0.006,1.31,0.46,2.35,12.0,6.9,0.0082,13,6,-4,5,68.8,69,-48,21,0.9,0.005996,999999.99,99999.99,99999.99,0.27,0.15,0.1,-1,2009-03-26 13:00:00
2009,85,14,2397,51,52,61,37,3.3,2.5,-4.3,124.5,-1.4,2.0,-0.2,2.0,0.4,0.1,2.2,1.1,1.0,1.5,72357.0,2.8,458.0,-1.1,-0.3,0.067,6190.0,0.1,8.0,1.0,1.4,0.004,1.24,-0.18,2.15,11.6,6.9,0.0088,13,6,-2,5,68.8,190,-172,18,0.6,0.005996,999999.99,99999.99,99999.99,0.22,0.11,0.08,-1,2009-03-26 14:00:00
2009,85,15,2397,51,52,57,35,3.4,2.9,23.8,133.0,-1.8,2.0,1.2,1.5,1.8,0.1,1.6,1.0,0.6,1.1,74674.0,2.9,455.0,-1.4,-1.2,0.064,7398.0,0.2,9.0,0.7,1.2,0.007,1.26,-0.82,2.12,11.4,6.8,0.0092,13,6,-2,5,68.8,107,-96,11,0.6,0.005996,999999.99,99999.99,99999.99,0.25,0.13,0.09,-1,2009-03-26 15:00:00
2009,85,16,2397,51,52,59,34,3.7,3.4,-3.2,154.3,-3.0,1.5,-0.2,1.5,0.4,0.0,1.4,0.8,1.0,0.6,73329.0,2.9,442.0,-1.5,-0.1,0.056,6875.0,0.2,8.0,0.9,0.7,0.004,1.16,-0.18,1.78,10.2,6.4,0.0115,13,6,-4,5,68.8,50,-40,9,0.4,0.005996,999999.99,99999.99,99999.99,0.21,0.13,0.09,-1,2009-03-26 16:00:00
2009,85,17,2397,51,52,61,38,3.6,3.4,-17.7,187.5,-3.2,-0.4,-1.0,0.1,-1.1,0.1,1.2,0.4,0.6,0.9,68967.0,2.9,440.0,0.6,0.7,0.055,9278.0,0.1,6.0,0.8,0.9,0.005,1.14,0.48,1.84,10.4,6.5,0.011,13,6,-8,5,68.8,87,-62,24,1.1,0.005996,999999.99,99999.99,99999.99,0.26,0.13,0.1,-1,2009-03-26 17:00:00
2009,85,18,2397,51,52,61,37,3.7,3.5,-39.8,183.2,-2.7,-0.1,-2.3,1.0,-2.1,0.1,1.0,0.6,0.7,0.5,60911.0,2.8,441.0,0.6,1.8,0.056,3600.0,0.1,3.0,0.6,0.4,0.003,1.11,0.93,1.61,10.0,6.4,0.012,10,6,-10,4,68.8,73,-48,25,0.9,0.005996,999999.99,99999.99,99999.99,0.22,0.13,0.1,-1,2009-03-26 18:00:00
2009,85,19,2397,51,52,58,36,3.5,3.3,-47.9,193.8,-2.2,-0.5,-2.5,0.8,-2.4,0.1,0.9,0.6,0.3,0.6,58313.0,2.7,437.0,0.5,1.4,0.058,5560.0,0.2,4.0,0.3,0.5,0.006,1.06,1.05,1.71,10.3,6.5,0.0113,10,6,-7,4,68.8,37,-18,18,0.6,0.005996,999999.99,99999.99,99999.99,0.21,0.12,0.08,-1,2009-03-26 19:00:00
2009,85,20,2397,51,52,59,36,3.3,3.1,-36.6,182.1,-2.5,-0.1,-1.9,0.9,-1.7,0.1,0.9,0.4,0.6,0.6,56629.0,2.6,431.0,0.2,0.9,0.058,6002.0,0.2,4.0,0.6,0.5,0.005,0.99,0.73,1.84,10.5,6.5,0.0107,10,6,-6,4,68.8,44,-22,22,0.7,0.005996,999999.99,99999.99,99999.99,0.23,0.12,0.08,-1,2009-03-26 20:00:00
2009,85,21,2397,51,52,59,36,3.3,3.1,-27.8,180.0,-2.8,0.0,-1.5,0.8,-1.3,0.0,0.9,0.2,0.8,0.5,55207.0,2.4,426.0,0.1,1.1,0.053,5118.0,0.1,3.0,1.2,0.5,0.004,0.88,0.55,1.68,10.0,6.4,0.0119,10,6,-10,4,68.8,39,-20,19,0.8,0.005996,999999.99,99999.99,99999.99,0.21,0.1,0.07,-1,2009-03-26 21:00:00
2009,85,22,2397,51,52,60,37,3.1,3.0,4.2,149.7,-2.6,1.5,0.2,1.1,1.0,0.1,0.9,0.4,0.5,0.7,66780.0,2.3,424.0,-1.2,-0.4,0.054,7192.0,0.2,5.0,0.8,1.1,0.007,0.84,-0.42,1.94,10.4,6.3,0.0111,10,6,-12,4,68.8,39,-22,18,0.7,0.005996,999999.99,99999.99,99999.99,0.23,0.15,0.1,-1,2009-03-26 22:00:00
2009,85,23,2397,51,52,60,35,3.2,3.1,-0.5,166.1,-3.0,0.7,0.0,0.6,0.4,0.0,0.8,0.2,0.6,0.4,61593.0,2.1,416.0,-0.1,-0.5,0.054,8568.0,0.1,4.0,1.2,0.8,0.012,0.74,-0.17,1.62,9.4,6.1,0.0134,10,6,-14,4,68.8,40,-26,14,0.6,0.005996,999999.99,99999.99,99999.99,0.26,0.13,0.09,-1,2009-03-26 23:00:00
2009,86,0,2397,51,52,60,37,3.1,2.9,3.4,139.8,-2.2,1.8,0.2,1.4,1.1,0.1,1.1,0.6,0.5,0.7,56503.0,2.4,421.0,-1.8,-0.7,0.045,8104.0,0.3,8.0,0.7,0.9,0.004,0.84,-0.46,1.92,10.5,6.5,0.0107,3,0,-13,2,71.4,24,-15,9,0.3,0.006014,999999.99,99999.99,99999.99,0.26,0.15,0.1,-1,2009-03-27 00:00:00
2009,86,1,2397,51,52,63,38,3.2,2.7,45.2,107.0,-0.6,1.8,1.9,0.6,2.6,0.1,1.6,1.2,0.5,0.9,55676.0,2.6,434.0,-1.9,-2.8,0.042,6082.0,0.1,10.0,0.7,1.0,0.004,0.96,-1.13,1.94,10.9,6.7,0.0099,3,0,-13,2,71.4,21,-14,7,0.1,0.006014,999999.99,99999.99,99999.99,0.22,0.12,0.09,-1,2009-03-27 01:00:00
2009,86,2,2397,51,52,57,35,3.3,3.1,31.0,103.1,-0.6,2.6,1.6,1.5,2.7,0.2,1.1,0.8,0.4,0.6,49882.0,2.8,432.0,-2.0,-2.2,0.035,8426.0,0.2,6.0,0.8,0.8,0.005,0.99,-1.17,1.91,11.0,6.7,0.0099,3,0,-9,2,71.4,25,-18,7,-0.1,0.006014,999999.99,99999.99,99999.99,0.22,0.14,0.1,-1,2009-03-27 02:00:00
2009,86,3,2397,51,52,59,33,4.1,3.8,54.6,147.0,-1.9,1.2,3.1,-0.3,3.3,0.1,1.4,0.4,1.0,0.8,43502.0,2.9,418.0,-0.8,-2.9,0.037,2622.0,0.3,2.0,1.1,0.8,0.006,0.97,-1.38,1.23,8.7,6.0,0.0158,0,0,-7,0,71.4,29,-22,7,-0.1,0.006014,999999.99,99999.99,99999.99,0.28,0.14,0.1,-1,2009-03-27 03:00:00
2009,86,4,2397,51,52,60,37,3.8,3.7,69.8,151.0,-1.1,0.6,3.5,-0.9,3.4,0.2,0.7,0.5,0.4,0.2,49610.0,2.8,421.0,-1.3,-3.2,0.042,5774.0,0.2,4.0,0.5,0.3,0.004,0.97,-1.43,1.44,9.3,6.2,0.0138,0,0,-5,0,71.4,25,-18,7,-0.2,0.006014,999999.99,99999.99,99999.99,0.22,0.14,0.1,-1,2009-03-27 04:00:00
2009,86,5,2397,51,52,62,38,3.3,2.8,32.7,111.5,-0.9,2.2,1.5,1.5,2.2,0.1,1.7,1.1,0.7,1.1,59005.0,3.0,422.0,-2.9,-0.9,0.037,5041.0,0.1,7.0,0.7,1.2,0.003,1.02,-0.93,2.15,11.1,6.6,0.0097,0,0,-4,0,71.4,21,-13,8,-0.2,0.006014,999999.99,99999.99,99999.99,0.21,0.1,0.08,-1,2009-03-27 05:00:00
2009,86,6,2397,51,52,57,35,3.2,2.8,12.1,135.9,-1.9,1.9,0.6,1.6,1.2,0.2,1.7,1.4,0.5,0.9,56094.0,2.9,412.0,-2.7,0.3,0.038,5458.0,0.1,8.0,0.5,0.7,0.004,0.95,-0.49,2.17,11.0,6.5,0.0099,0,0,-4,0,71.4,13,-6,7,-0.0,0.006014,999999.99,99999.99,99999.99,0.24,0.13,0.1,-1,2009-03-27 06:00:00
2009,86,7,2397,51,52,59,35,3.2,2.5,45.6,103.3,-0.4,1.7,1.8,1.1,2.2,0.2,2.0,1.4,0.5,1.3,53972.0,3.2,412.0,-2.3,-0.9,0.032,4742.0,0.2,6.0,0.6,1.0,0.002,1.02,-0.91,2.37,11.5,6.6,0.009,0,0,-5,0,71.4,9,-1,8,-0.0,0.006014,999999.99,99999.99,99999.99,0.22,0.13,0.1,-1,2009-03-27 07:00:00
2009,86,8,2397,51,52,61,33,2.9,2.0,19.8,145.7,-1.6,1.1,0.7,0.9,1.0,0.2,2.1,1.0,1.2,1.3,58223.0,3.2,409.0,-1.5,-0.1,0.031,4936.0,0.2,4.0,0.9,0.8,0.003,1.0,-0.41,2.95,12.6,6.7,0.0075,0,0,-5,0,71.4,14,-6,8,-0.1,0.006014,999999.99,99999.99,99999.99,0.24,0.13,0.09,-1,2009-03-27 08:00:00
2009,86,9,2397,51,52,61,39,2.8,2.4,17.4,204.0,-2.1,-0.9,0.7,-1.0,0.5,0.2,1.5,0.5,1.0,0.9,62665.0,3.3,410.0,0.0,-0.3,0.032,9826.0,0.2,7.0,0.8,0.8,0.003,1.04,-0.2,3.34,13.3,6.7,0.0067,3,0,-5,2,71.4,26,-14,11,-0.1,0.006014,999999.99,99999.99,99999.99,0.2,0.12,0.09,-1,2009-03-27 09:00:00
2009,86,10,2397,51,52,61,34,2.5,1.8,62.4,156.3,-0.8,0.3,1.6,-0.1,1.6,0.2,1.7,1.0,1.2,0.8,66404.0,3.7,417.0,-0.9,-1.9,0.031,5387.0,0.1,6.0,1.0,0.9,0.002,1.21,-0.67,4.8,16.0,7.1,0.0046,3,0,-6,2,71.4,31,-19,12,0.1,0.006014,999999.99,99999.99,99999.99,0.22,0.12,0.09,-1,2009-03-27 10:00:00
2009,86,11,2397,51,52,58,33,2.5,1.6,20.0,210.2,-1.3,-0.8,0.5,-0.9,0.3,0.4,2.0,1.5,1.0,0.8,65261.0,3.8,410.0,0.3,-0.0,0.027,7666.0,0.3,9.0,0.8,0.9,0.002,1.18,-0.12,4.9,16.0,7.0,0.0047,3,0,-7,2,71.4,27,-20,8,0.1,0.006014,999999.99,99999.99,99999.99,0.21,0.12,0.09,-1,2009-03-27 11:00:00
2009,86,12,2397,51,52,60,32,3.5,3.1,-1.3,135.0,-2.2,2.2,-0.1,2.2,0.4,0.3,1.5,0.7,0.5,1.1,63423.0,4.2,407.0,-2.0,1.0,0.027,4930.0,0.3,4.0,0.4,0.8,0.003,1.29,-0.16,2.74,11.9,6.5,0.0084,10,0,-6,4,71.4,27,-19,8,0.2,0.006014,999999.99,99999.99,99999.99,0.22,0.11,0.09,-1,2009-03-27 12:00:00
2009,86,13,2397,51,52,61,37,4.3,4.0,-23.3,170.1,-3.6,0.6,-1.6,1.0,-1.4,0.3,1.6,0.5,1.5,0.6,66858.0,4.4,412.0,-0.8,2.4,0.029,6695.0,0.4,2.0,0.7,0.6,0.002,1.39,0.58,1.93,10.0,6.2,0.0118,10,0,-3,4,71.4,23,-14,9,0.5,0.006014,999999.99,99999.99,99999.99,0.24,0.12,0.09,-1,2009-03-27 13:00:00
2009,86,14,2397,51,52,61,36,4.2,4.0,-20.7,236.0,-2.1,-3.1,-1.4,-2.5,-2.3,0.1,1.0,0.8,0.6,0.4,72741.0,5.0,416.0,1.8,2.6,0.026,4833.0,0.3,5.0,0.7,0.5,0.002,1.6,0.96,2.37,11.1,6.3,0.0097,10,0,-3,4,71.4,168,-152,17,1.3,0.006014,999999.99,99999.99,99999.99,0.21,0.12,0.1,-1,2009-03-27 14:00:00
2009,86,15,2397,51,52,59,35,4.7,3.8,-11.9,244.4,-1.6,-3.4,-0.8,-2.9,-1.9,0.4,2.8,2.3,0.7,1.4,61237.0,4.4,423.0,1.5,1.2,0.024,9185.0,0.5,11.0,0.8,1.1,0.003,1.44,0.8,1.57,9.4,6.1,0.0133,27,0,-4,12,71.4,234,-215,19,1.6,0.006014,999999.99,99999.99,99999.99,0.21,0.13,0.09,-1,2009-03-27 15:00:00
2009,86,16,2397,51,52,61,35,4.4,3.9,-23.6,234.7,-2.1,-2.9,-1.6,-2.1,-2.6,0.4,1.9,1.4,0.9,0.9,71902.0,4.8,426.0,1.7,1.1,0.028,10843.0,0.7,10.0,1.6,1.0,0.004,1.62,1.11,2.07,10.6,6.4,0.0106,27,0,-6,12,71.4,307,-277,30,1.6,0.006014,999999.99,99999.99,99999.99,0.25,0.11,0.07,-1,2009-03-27 16:00:00
2009,86,17,2397,51,52,60,36,4.7,4.5,-30.6,198.0,-3.7,-1.2,-2.3,-0.1,-2.6,0.5,1.2,0.6,0.8,0.6,58085.0,4.8,416.0,2.1,1.5,0.026,7270.0,0.8,4.0,0.9,0.4,0.002,1.53,1.08,1.69,9.7,6.2,0.0127,27,0,-13,12,71.4,380,-279,101,1.9,0.006014,999999.99,99999.99,99999.99,0.21,0.12,0.08,-1,2009-03-27 17:00:00
2009,86,18,2397,51,52,61,38,5.0,4.9,-36.5,192.8,-3.8,-0.9,-2.9,0.5,-3.0,0.4,1.1,0.6,0.9,0.3,57619.0,4.3,417.0,2.9,2.0,0.029,7638.0,0.7,4.0,0.4,0.4,0.003,1.39,1.25,1.33,8.6,5.9,0.0159,30,0,-14,15,71.4,469,-354,115,2.6,0.006014,999999.99,99999.99,99999.99,0.23,0.12,0.09,-1,2009-03-27 18:00:00
2009,86,19,2397,51,52,59,36,4.9,4.6,-33.4,169.4,-3.7,0.7,-2.5,1.8,-1.8,0.5,1.9,1.4,0.8,1.0,55203.0,3.4,420.0,2.3,1.0,0.037,7982.0,0.5,5.0,0.6,0.6,0.006,1.15,0.76,1.08,7.9,5.7,0.019,30,0,-15,15,71.4,195,-138,57,1.8,0.006014,999999.99,99999.99,99999.99,0.23,0.12,0.09,-1,2009-03-27 19:00:00
2009,86,20,2397,51,52,62,38,3.8,3.6,18.4,7.9,3.4,0.5,1.1,-0.1,1.2,0.2,1.2,0.6,1.0,0.4,55779.0,4.3,438.0,0.9,-0.1,0.033,8003.0,0.4,6.0,0.4,0.4,0.002,1.56,-0.53,2.28,12.0,6.9,0.0083,30,0,-14,15,71.4,48,-34,14,0.7,0.006014,999999.99,99999.99,99999.99,0.25,0.11,0.08,-1,2009-03-27 20:00:00
2009,86,21,2397,51,52,60,37,3.4,3.4,-1.1,343.2,3.2,-1.0,-0.1,-0.8,-0.6,0.2,0.5,0.2,0.1,0.4,56586.0,3.9,434.0,0.9,-0.2,0.034,5034.0,0.3,2.0,0.3,0.2,0.002,1.39,0.26,2.6,12.6,7.0,0.0075,17,0,-13,6,71.4,44,-13,31,0.9,0.006014,999999.99,99999.99,99999.99,0.21,0.11,0.08,-1,2009-03-27 21:00:00
2009,86,22,2397,51,52,59,36,3.2,3.2,-6.8,338.1,2.9,-1.2,-0.4,-0.8,-1.0,0.1,0.3,0.2,0.2,0.2,53416.0,3.7,432.0,1.2,-0.5,0.03,2020.0,0.1,1.0,0.2,0.2,0.002,1.29,0.43,2.73,13.0,7.1,0.0071,17,0,-13,6,71.4,35,-19,15,0.6,0.006014,999999.99,99999.99,99999.99,0.21,0.11,0.08,-1,2009-03-27 22:00:00
2009,86,23,2397,51,52,59,35,3.3,3.2,14.9,315.0,2.2,-2.2,0.8,-2.3,-0.5,0.1,0.7,0.5,0.5,0.3,52706.0,3.7,421.0,1.3,-1.5,0.035,6959.0,0.3,6.0,0.5,0.4,0.002,1.25,0.21,2.56,12.3,6.8,0.0079,17,0,-11,6,71.4,76,-50,26,1.0,0.006014,999999.99,99999.99,99999.99,0.19,0.12,0.09,-1,2009-03-27 23:00:00
2009,87,0,2397,51,52,59,36,2.6,2.5,32.3,338.1,1.9,-0.8,1.3,-1.4,0.7,0.3,0.8,0.3,0.7,0.2,55371.0,4.2,420.0,-0.2,-1.6,0.028,2134.0,0.2,4.0,0.4,0.2,0.003,1.38,-0.29,4.75,16.6,7.3,0.0043,13,0,-12,5,70.4,33,-12,22,0.3,0.006064,999999.99,99999.99,99999.99,0.22,0.12,0.09,-1,2009-03-28 00:00:00
2009,87,1,2397,51,52,59,36,2.5,1.5,24.2,326.8,1.2,-0.8,0.6,-1.0,0.1,0.3,2.0,1.0,1.4,1.0,59121.0,4.0,404.0,0.3,-0.3,0.028,5478.0,0.2,6.0,0.9,0.9,0.002,1.21,-0.04,4.99,16.2,7.0,0.0046,13,0,-12,5,70.4,42,-13,29,0.2,0.006064,999999.99,99999.99,99999.99,0.19,0.11,0.08,-1,2009-03-28 01:00:00
2009,87,2,2397,51,52,60,36,2.7,2.4,26.3,29.7,1.9,1.1,1.1,0.4,1.5,0.3,1.1,0.5,0.6,0.8,62848.0,4.7,409.0,-0.5,0.1,0.025,4125.0,0.2,2.0,0.6,0.7,0.002,1.44,-0.61,5.13,16.4,7.0,0.0044,13,0,-12,5,70.4,33,-17,16,0.4,0.006064,999999.99,99999.99,99999.99,0.26,0.16,0.12,-1,2009-03-28 02:00:00
2009,87,3,2397,51,52,58,35,2.6,1.7,32.2,119.0,-0.7,1.3,0.9,0.8,1.4,0.4,1.9,1.1,1.0,1.1,67386.0,4.5,399.0,-1.0,-0.3,0.027,10262.0,0.3,5.0,1.5,1.4,0.003,1.33,-0.56,5.42,16.3,6.8,0.0045,0,0,-10,0,70.4,28,-20,8,-0.0,0.006064,999999.99,99999.99,99999.99,0.25,0.13,0.1,-1,2009-03-28 03:00:00
2009,87,4,2397,51,52,60,36,3.2,2.9,11.0,169.0,-2.7,0.5,0.5,0.3,0.7,0.1,1.4,0.5,1.1,0.7,67517.0,4.2,393.0,-0.6,0.7,0.03,4807.0,0.1,4.0,0.8,0.7,0.002,1.21,-0.28,3.34,12.6,6.4,0.0075,0,0,-7,0,70.4,27,-18,10,0.0,0.006064,999999.99,99999.99,99999.99,0.26,0.13,0.1,-1,2009-03-28 04:00:00
2009,87,5,2397,51,52,60,38,3.0,2.4,28.5,156.3,-1.9,0.9,1.2,0.4,1.4,0.3,1.8,1.1,0.9,1.0,67623.0,4.4,395.0,-1.2,0.1,0.025,5769.0,0.2,4.0,0.8,0.8,0.006,1.26,-0.55,3.99,13.8,6.6,0.0062,0,0,-5,0,70.4,18,-9,9,0.1,0.006064,999999.99,99999.99,99999.99,0.21,0.13,0.08,-1,2009-03-28 05:00:00
2009,87,6,2397,51,52,59,36,3.5,3.2,20.0,116.5,-1.3,2.7,1.1,2.2,1.9,0.3,1.3,0.6,0.6,0.9,63660.0,4.1,392.0,-2.5,-0.6,0.023,4307.0,0.2,3.0,0.6,0.8,0.002,1.15,-0.74,2.67,11.3,6.2,0.0093,0,0,-5,0,70.4,14,-5,9,-0.0,0.006064,999999.99,99999.99,99999.99,0.23,0.13,0.1,-1,2009-03-28 06:00:00
2009,87,7,2397,51,52,59,34,3.1,2.8,-2.7,150.5,-2.5,1.4,-0.1,1.4,0.3,0.1,1.1,0.2,0.5,0.9,58656.0,3.9,382.0,-1.7,-0.3,0.025,4728.0,0.2,5.0,0.3,0.5,0.003,1.05,-0.11,3.16,12.2,6.3,0.008,0,0,-3,0,70.4,10,-1,9,-0.0,0.006064,999999.99,99999.99,99999.99,0.22,0.11,0.09,-1,2009-03-28 07:00:00
2009,87,8,2397,51,52,60,36,3.2,3.2,-3.3,141.7,-2.5,2.0,-0.2,2.0,0.3,0.1,0.6,0.2,0.3,0.5,61239.0,3.6,383.0,-2.2,-0.9,0.025,4752.0,0.2,3.0,0.5,0.5,0.002,0.97,-0.11,2.77,11.4,6.2,0.0092,0,0,-1,0,70.4,17,-6,10,0.1,0.006064,999999.99,99999.99,99999.99,0.24,0.12,0.1,-1,2009-03-28 08:00:00
2009,87,9,2397,51,52,60,38,3.5,3.3,-12.2,144.7,-2.6,1.9,-0.7,2.0,-0.2,0.2,1.1,0.3,0.4,1.0,70168.0,3.6,385.0,-2.2,0.0,0.023,5640.0,0.3,4.0,0.6,0.7,0.003,0.97,0.08,2.43,10.4,5.9,0.0109,7,0,-3,3,70.4,27,-18,8,0.3,0.006064,999999.99,99999.99,99999.99,0.19,0.1,0.08,-1,2009-03-28 09:00:00
2009,87,10,2397,51,52,61,36,3.7,3.6,-8.0,141.9,-2.8,2.2,-0.5,2.3,0.0,0.5,1.1,0.3,0.8,0.6,68238.0,3.8,386.0,-2.8,-0.4,0.019,14738.0,0.7,7.0,1.0,0.9,0.003,1.02,-0.0,2.27,10.2,5.9,0.0115,7,0,-7,3,70.4,57,-51,7,0.4,0.006064,999999.99,99999.99,99999.99,0.23,0.11,0.07,-1,2009-03-28 10:00:00
2009,87,11,2397,51,52,62,36,3.6,3.0,24.8,87.0,0.1,2.7,1.2,2.4,1.8,0.4,2.0,1.7,0.5,0.8,67785.0,4.4,395.0,-3.7,-1.3,0.012,11042.0,0.3,5.0,0.6,0.6,0.002,1.2,-0.71,2.77,11.5,6.2,0.009,7,0,-7,3,70.4,124,-119,5,0.6,0.006064,999999.99,99999.99,99999.99,0.23,0.14,0.11,-1,2009-03-28 11:00:00
2009,87,12,2397,51,52,58,32,3.5,3.2,33.5,64.2,1.2,2.4,1.8,1.9,2.3,0.1,1.3,1.1,0.5,0.4,57209.0,4.0,396.0,-3.7,-2.1,0.01,6007.0,0.2,6.0,0.5,0.4,0.001,1.09,-0.91,2.52,11.3,6.3,0.0093,7,0,-3,3,70.4,65,-55,10,0.4,0.006064,999999.99,99999.99,99999.99,0.27,0.17,0.12,-1,2009-03-28 12:00:00
2009,87,13,2397,51,52,61,37,3.3,2.2,18.2,84.8,0.2,2.1,0.7,1.8,1.2,0.2,2.4,2.1,0.8,1.0,59789.0,3.9,391.0,-3.2,-1.8,0.011,6477.0,0.3,9.0,0.8,0.7,0.002,1.04,-0.47,2.8,11.7,6.3,0.0087,7,0,3,3,70.4,38,-25,12,0.4,0.006064,999999.99,99999.99,99999.99,0.23,0.14,0.1,-1,2009-03-28 13:00:00
2009,87,14,2397,51,52,59,37,3.3,3.2,22.2,42.0,2.2,2.0,1.2,1.6,1.7,0.1,0.9,0.4,0.5,0.6,57727.0,3.9,390.0,-3.0,-2.5,0.009,3787.0,0.2,2.0,0.5,0.6,0.0,1.03,-0.66,2.77,11.7,6.3,0.0087,7,0,6,3,70.4,32,-23,9,0.2,0.006064,999999.99,99999.99,99999.99,0.23,0.13,0.09,-1,2009-03-28 14:00:00
2009,87,15,2397,51,52,61,36,3.3,3.2,47.2,32.6,1.8,1.2,2.4,0.3,2.7,0.2,0.6,0.3,0.4,0.3,60621.0,3.9,389.0,-2.2,-3.6,0.009,5764.0,0.2,5.0,0.7,0.5,0.001,1.02,-1.05,2.82,11.6,6.3,0.0088,7,0,6,3,70.4,24,-19,5,0.1,0.006064,999999.99,99999.99,99999.99,0.21,0.12,0.09,-1,2009-03-28 15:00:00
2009,87,16,2397,51,52,60,37,3.0,2.8,65.2,7.9,1.2,0.2,2.5,-0.8,2.4,0.4,1.1,0.7,0.8,0.3,82376.0,4.1,396.0,0.4,-3.1,0.011,12807.0,0.2,4.0,1.1,0.7,0.003,1.12,-0.95,3.99,13.4,6.3,0.0067,7,0,3,3,70.4,21,-19,2,0.2,0.006064,999999.99,99999.99,99999.99,0.19,0.12,0.09,-1,2009-03-28 16:00:00
2009,87,17,2397,51,52,59,36,3.4,1.9,40.3,259.2,-0.3,-1.5,1.3,-1.9,0.5,0.7,2.8,1.2,1.8,1.8,87312.0,4.2,400.0,2.4,-1.3,0.014,11718.0,0.7,5.0,0.4,1.1,0.004,1.19,-0.2,3.26,12.1,6.2,0.0082,7,0,1,3,70.4,25,-18,7,0.8,0.006064,999999.99,99999.99,99999.99,0.25,0.14,0.09,-1,2009-03-28 17:00:00
2009,87,18,2397,51,52,60,37,2.1,1.0,-6.6,236.8,-0.6,-0.8,-0.1,-0.7,-0.5,0.7,1.9,0.5,1.5,1.0,97325.0,4.5,400.0,1.7,-0.6,0.012,8424.0,0.3,4.0,0.9,0.9,0.002,1.26,0.2,9.58,20.2,6.6,0.0029,20,0,-1,7,70.4,36,-23,13,0.7,0.006064,999999.99,99999.99,99999.99,0.2,0.1,0.08,-1,2009-03-28 18:00:00
2009,87,19,2397,51,52,61,37,4.4,4.0,-28.9,221.5,-2.6,-2.3,-1.9,-1.1,-2.8,0.7,1.8,0.8,1.1,1.2,75728.0,3.5,401.0,2.0,0.7,0.017,14337.0,0.5,6.0,1.0,1.0,0.003,1.0,1.12,1.53,8.5,5.6,0.0164,20,0,-4,7,70.4,60,-36,24,0.8,0.006064,999999.99,99999.99,99999.99,0.18,0.09,0.07,-1,2009-03-28 19:00:00
2009,87,20,2397,51,52,59,36,5.4,5.1,-26.1,170.5,-4.5,0.8,-2.3,1.9,-1.5,0.2,1.5,0.5,1.3,0.4,79446.0,3.4,392.0,-0.4,1.7,0.019,11317.0,0.5,7.0,1.3,0.7,0.003,0.94,0.59,1.01,6.7,4.9,0.0266,20,0,-3,7,70.4,118,-78,40,1.2,0.006064,999999.99,99999.99,99999.99,0.24,0.13,0.09,-1,2009-03-28 20:00:00
2009,87,21,2397,51,52,62,37,5.5,5.0,-21.4,149.1,-4.0,2.4,-1.8,3.0,-0.2,0.7,2.3,1.5,1.4,1.0,86056.0,3.7,408.0,-1.0,0.7,0.02,13145.0,0.8,10.0,1.0,0.8,0.006,1.11,0.08,1.09,7.1,5.1,0.0234,13,0,-1,5,70.4,57,-35,22,0.9,0.006064,999999.99,99999.99,99999.99,0.29,0.11,0.08,-1,2009-03-28 21:00:00
2009,87,22,2397,51,52,65,40,5.2,3.4,-14.3,122.6,-1.8,2.8,-0.8,2.8,0.9,0.7,4.0,2.2,2.5,2.1,105330.0,4.5,426.0,-0.7,-0.7,0.031,24502.0,1.3,15.0,1.5,2.0,0.007,1.53,-0.38,1.62,8.7,5.6,0.0158,13,0,3,5,70.4,45,-21,24,0.7,0.006064,999999.99,99999.99,99999.99,0.23,0.15,0.12,-1,2009-03-28 22:00:00
2009,87,23,2397,51,52,60,36,4.4,3.4,10.8,45.7,2.4,2.4,0.6,1.7,1.8,0.4,2.7,1.4,1.5,1.7,130026.0,5.6,453.0,-0.3,-1.8,0.026,9564.0,0.3,6.0,1.1,1.1,0.004,2.12,-0.82,3.11,12.2,6.3,0.008,13,0,5,5,70.4,29,-10,19,0.2,0.006064,999999.99,99999.99,99999.99,0.2,0.11,0.09,-1,2009-03-28 23:00:00
2009,88,0,2397,51,52,59,35,4.4,3.3,16.8,61.3,1.5,2.7,0.9,1.8,2.2,0.4,2.9,1.6,0.8,2.3,134029.0,5.9,441.0,-0.8,-1.2,0.029,12910.0,0.4,6.0,0.5,1.2,0.005,2.14,-0.97,3.33,12.2,6.2,0.008,10,0,3,4,70.7,36,-12,24,0.4,0.006085,999999.99,99999.99,99999.99,0.19,0.11,0.08,-1,2009-03-29 00:00:00
2009,88,1,2397,51,52,54,33,4.9,4.3,34.1,102.5,-0.8,3.5,2.4,1.8,3.9,0.3,2.2,1.9,0.7,0.9,109060.0,4.6,416.0,-2.0,-1.7,0.027,12488.0,0.3,19.0,0.8,1.0,0.003,1.47,-1.62,1.89,9.1,5.6,0.0143,10,0,0,4,70.7,20,-11,9,-0.1,0.006085,999999.99,99999.99,99999.99,0.22,0.11,0.08,-1,2009-03-29 01:00:00
2009,88,2,2397,51,52,63,38,5.1,4.2,34.5,98.5,-0.5,3.5,2.4,1.9,3.8,0.3,2.7,1.9,0.7,1.7,84606.0,3.9,410.0,-1.7,-1.4,0.029,28342.0,0.4,13.0,0.7,1.3,0.003,1.22,-1.56,1.33,7.9,5.4,0.0189,10,0,-3,4,70.7,22,-13,9,0.1,0.006085,999999.99,99999.99,99999.99,0.18,0.11,0.09,-1,2009-03-29 02:00:00
2009,88,3,2397,51,52,58,37,4.7,3.6,-11.5,163.5,-3.3,1.0,-0.7,1.2,-0.2,0.2,3.0,1.6,1.8,1.9,73725.0,4.0,409.0,1.7,0.9,0.044,10794.0,0.5,6.0,1.3,1.2,0.007,1.31,0.08,1.52,8.7,5.7,0.0157,7,0,-2,3,70.7,24,-17,7,-0.2,0.006085,999999.99,99999.99,99999.99,0.23,0.14,0.11,-1,2009-03-29 03:00:00
2009,88,4,2397,51,52,61,36,4.6,4.5,-21.6,191.1,-4.1,-0.8,-1.7,0.0,-1.9,0.2,0.6,0.3,0.4,0.3,67488.0,4.0,416.0,2.6,0.7,0.039,6175.0,0.4,4.0,0.3,0.6,0.004,1.34,0.79,1.54,9.0,5.9,0.0145,7,0,-2,3,70.7,36,-13,23,0.2,0.006085,999999.99,99999.99,99999.99,0.19,0.13,0.1,-1,2009-03-29 04:00:00
2009,88,5,2397,51,52,59,36,4.7,4.5,-13.7,181.0,-4.3,-0.1,-1.1,0.3,-1.1,0.3,1.3,0.4,1.1,0.5,59879.0,4.0,418.0,2.0,0.8,0.038,7641.0,0.2,5.0,1.2,0.8,0.005,1.34,0.46,1.42,8.9,6.0,0.015,7,0,-6,3,70.7,81,-52,29,0.3,0.006085,999999.99,99999.99,99999.99,0.24,0.14,0.12,-1,2009-03-29 05:00:00
2009,88,6,2397,51,52,60,36,4.6,4.6,-8.7,170.2,-4.5,0.8,-0.7,1.0,-0.4,0.0,0.6,0.1,0.4,0.5,75981.0,3.7,406.0,0.6,-0.2,0.047,7735.0,0.3,2.0,0.5,1.3,0.004,1.21,0.16,1.49,8.5,5.6,0.0165,10,0,-7,4,70.7,66,-35,31,0.5,0.006085,999999.99,99999.99,99999.99,0.24,0.13,0.11,-1,2009-03-29 06:00:00
2009,88,7,2397,51,52,60,37,4.4,4.3,-11.3,163.1,-4.0,1.2,-0.8,1.4,-0.4,0.1,0.9,0.3,0.7,0.5,64262.0,3.6,401.0,0.6,-0.9,0.047,7207.0,0.2,3.0,0.5,0.7,0.003,1.15,0.16,1.49,8.6,5.7,0.0159,10,0,-5,4,70.7,56,-26,29,0.5,0.006085,999999.99,99999.99,99999.99,0.22,0.11,0.09,-1,2009-03-29 07:00:00
2009,88,8,2397,51,52,64,39,4.8,4.5,9.0,95.7,-0.4,4.4,0.7,4.1,1.8,0.3,1.8,1.0,1.3,0.8,60988.0,3.5,431.0,-1.1,-2.2,0.035,10189.0,0.3,8.0,1.1,0.7,0.004,1.24,-0.78,1.2,8.4,5.9,0.0169,10,0,-4,4,70.7,74,-52,22,0.7,0.006085,999999.99,99999.99,99999.99,0.18,0.1,0.08,-1,2009-03-29 08:00:00
2009,88,9,2397,51,52,61,37,4.1,3.9,38.2,60.0,1.5,2.6,2.4,2.0,3.0,0.5,1.6,0.9,1.2,0.5,53039.0,4.4,437.0,-0.6,-3.0,0.036,8270.0,0.4,3.0,1.1,0.7,0.004,1.61,-1.31,1.98,11.2,6.8,0.0095,7,0,-4,3,70.7,122,-81,41,0.9,0.006085,999999.99,99999.99,99999.99,0.23,0.11,0.1,-1,2009-03-29 09:00:00
2009,88,10,2397,51,52,60,37,3.1,2.5,11.6,63.7,1.1,2.2,0.5,2.0,1.0,0.5,1.9,1.2,1.0,0.9,68488.0,4.9,437.0,0.4,-1.7,0.036,8481.0,0.4,3.0,0.4,0.4,0.003,1.79,-0.44,4.18,15.6,7.3,0.0049,7,0,-4,3,70.7,41,-18,23,0.6,0.006085,999999.99,99999.99,99999.99,0.21,0.14,0.1,-1,2009-03-29 10:00:00
2009,88,11,2397,51,52,58,35,2.9,2.7,21.4,55.0,1.5,2.1,1.0,1.8,1.5,0.5,1.1,0.8,0.5,0.6,61330.0,4.6,431.0,1.0,-1.9,0.038,5765.0,0.3,5.0,0.5,0.4,0.004,1.64,-0.65,4.32,15.9,7.3,0.0047,7,0,-1,3,70.7,40,-21,19,0.6,0.006085,999999.99,99999.99,99999.99,0.19,0.11,0.08,-1,2009-03-29 11:00:00
2009,88,12,2397,51,52,57,34,2.7,2.4,19.3,42.1,1.7,1.5,0.8,1.3,1.1,0.4,1.2,0.8,0.5,0.7,66229.0,4.3,421.0,1.5,-2.1,0.039,4877.0,0.2,6.0,0.5,0.4,0.003,1.47,-0.46,4.77,16.2,7.1,0.0046,7,0,2,3,70.7,36,-22,14,0.5,0.006085,999999.99,99999.99,99999.99,0.23,0.11,0.09,-1,2009-03-29 12:00:00
2009,88,13,2397,51,52,61,37,2.6,2.1,23.7,31.4,1.6,1.0,0.8,0.8,1.0,0.5,1.5,1.1,0.4,1.0,63300.0,4.1,418.0,2.0,-2.6,0.039,5728.0,0.3,6.0,0.3,0.7,0.003,1.38,-0.42,4.84,16.3,7.2,0.0045,7,0,4,3,70.7,36,-25,11,0.5,0.006085,999999.99,99999.99,99999.99,0.2,0.11,0.08,-1,2009-03-29 13:00:00
2009,88,14,2397,51,52,60,37,2.4,2.1,32.1,26.5,1.6,0.8,1.1,0.4,1.3,0.6,1.3,0.9,0.6,0.8,58324.0,4.1,419.0,1.4,-2.7,0.038,6188.0,0.3,4.0,0.4,0.6,0.003,1.38,-0.54,5.53,17.7,7.4,0.0038,7,0,4,3,70.7,33,-22,11,0.3,0.006085,999999.99,99999.99,99999.99,0.21,0.11,0.08,-1,2009-03-29 14:00:00
2009,88,15,2397,51,52,60,37,2.6,2.1,41.8,0.8,1.5,0.0,1.4,-0.5,1.3,0.3,1.6,1.1,1.1,0.5,58093.0,3.9,416.0,0.8,-3.0,0.037,5652.0,0.3,6.0,0.6,0.3,0.003,1.29,-0.54,4.48,15.8,7.2,0.0048,13,0,4,5,70.7,29,-20,9,0.3,0.006085,999999.99,99999.99,99999.99,0.21,0.11,0.08,-1,2009-03-29 15:00:00
2009,88,16,2397,51,52,59,35,3.1,2.8,45.7,56.5,1.1,1.6,2.0,0.7,2.5,0.6,1.4,0.4,1.3,0.4,53515.0,3.6,417.0,0.7,-2.8,0.035,4838.0,0.3,2.0,0.5,0.3,0.003,1.19,-1.04,2.83,12.8,6.9,0.0073,13,0,1,5,70.7,36,-24,12,0.6,0.006085,999999.99,99999.99,99999.99,0.22,0.11,0.09,-1,2009-03-29 16:00:00
2009,88,17,2397,51,52,59,36,2.3,1.8,5.9,118.5,-0.9,1.6,0.2,1.4,0.9,0.9,1.7,1.4,0.6,0.7,64903.0,4.0,414.0,0.5,-1.5,0.039,4824.0,0.4,4.0,0.4,0.3,0.004,1.32,-0.37,6.08,18.0,7.2,0.0037,13,0,0,5,70.7,35,-25,11,0.4,0.006085,999999.99,99999.99,99999.99,0.23,0.12,0.09,-1,2009-03-29 17:00:00
2009,88,18,2397,51,52,63,39,3.5,3.0,14.2,119.9,-1.4,2.5,0.7,1.9,1.8,0.2,1.8,1.1,0.6,1.3,58469.0,4.1,418.0,0.0,-1.2,0.034,5883.0,0.3,7.0,0.3,0.7,0.005,1.36,-0.75,2.6,12.1,6.7,0.0081,7,0,1,3,70.7,34,-22,12,0.5,0.006085,999999.99,99999.99,99999.99,0.2,0.12,0.1,-1,2009-03-29 18:00:00
2009,88,19,2397,51,52,58,35,3.4,3.1,21.8,117.6,-1.3,2.6,1.2,1.7,2.3,0.1,1.1,0.7,0.6,0.6,58376.0,4.4,420.0,0.0,-1.5,0.03,5260.0,0.2,4.0,0.5,0.6,0.002,1.45,-0.97,2.96,13.0,6.9,0.0071,7,0,4,3,70.7,25,-13,12,0.2,0.006085,999999.99,99999.99,99999.99,0.19,0.11,0.09,-1,2009-03-29 19:00:00
2009,88,20,2397,51,52,58,36,3.4,3.0,33.3,119.8,-1.2,2.2,1.6,1.0,2.5,0.2,1.5,1.0,0.8,0.6,56275.0,4.3,410.0,0.2,-1.1,0.032,5800.0,0.2,6.0,0.5,0.5,0.005,1.36,-1.02,2.86,12.5,6.7,0.0076,7,0,6,3,70.7,27,-13,14,0.1,0.006085,999999.99,99999.99,99999.99,0.25,0.12,0.08,-1,2009-03-29 20:00:00
2009,88,21,2397,51,52,63,39,3.3,2.5,38.1,89.9,0.0,2.0,1.6,0.8,2.4,0.2,2.1,1.7,0.7,1.0,55628.0,4.7,419.0,0.2,-1.0,0.032,6813.0,0.3,9.0,0.6,0.5,0.003,1.55,-1.01,3.3,13.8,7.0,0.0063,10,0,7,4,70.7,35,-17,19,0.2,0.006085,999999.99,99999.99,99999.99,0.2,0.1,0.07,-1,2009-03-29 21:00:00
2009,88,22,2397,51,52,59,36,3.2,2.9,40.1,86.3,0.1,2.2,1.9,0.8,2.8,0.2,1.3,1.2,0.3,0.4,54165.0,5.4,421.0,0.3,-0.7,0.028,5579.0,0.3,4.0,0.4,0.5,0.002,1.78,-1.18,4.0,15.3,7.2,0.0051,10,0,5,4,70.7,38,-19,19,0.0,0.006085,999999.99,99999.99,99999.99,0.2,0.1,0.07,-1,2009-03-29 22:00:00
2009,88,23,2397,51,52,62,38,3.1,2.5,13.6,140.2,-1.8,1.5,0.6,0.9,1.3,0.4,1.8,1.0,1.3,0.8,70787.0,5.8,428.0,0.4,-0.2,0.028,7429.0,0.4,4.0,0.8,0.5,0.002,1.97,-0.56,5.0,16.6,7.2,0.0043,10,0,4,4,70.7,36,-18,19,0.1,0.006085,999999.99,99999.99,99999.99,0.26,0.14,0.11,-1,2009-03-29 23:00:00
2009,89,0,2397,51,52,61,36,2.7,2.1,-12.3,158.0,-1.9,0.8,-0.5,0.9,0.0,0.7,1.8,1.6,0.5,0.6,75253.0,6.2,439.0,0.9,-0.5,0.032,6862.0,0.5,9.0,0.5,0.3,0.003,2.25,-0.0,7.2,20.2,7.5,0.0029,13,0,5,5,70.8,26,-12,14,-0.0,0.00605,999999.99,99999.99,99999.99,0.19,0.11,0.09,-1,2009-03-30 00:00:00
2009,89,1,2397,51,52,58,35,2.7,2.4,18.2,5.6,2.3,0.2,0.7,-0.2,0.7,0.8,1.5,1.3,0.5,0.5,67636.0,5.6,435.0,2.0,-0.5,0.03,10703.0,0.7,5.0,0.3,0.2,0.004,1.98,-0.3,6.26,19.1,7.5,0.0033,13,0,1,5,70.8,29,-14,15,0.2,0.00605,999999.99,99999.99,99999.99,0.26,0.13,0.08,-1,2009-03-30 01:00:00
2009,89,2,2397,51,52,60,37,2.8,0.9,24.6,117.4,-0.4,0.8,0.4,0.5,0.7,0.7,2.7,2.2,1.4,0.6,72664.0,6.1,426.0,1.7,-0.2,0.033,5635.0,0.6,4.0,0.5,0.4,0.002,2.09,-0.3,6.51,18.8,7.3,0.0034,13,0,0,5,70.8,33,-18,15,0.1,0.00605,999999.99,99999.99,99999.99,0.21,0.12,0.09,-1,2009-03-30 02:00:00
2009,89,3,2397,51,52,61,37,2.9,1.5,39.0,117.5,-0.5,1.0,0.9,0.5,1.3,0.6,2.6,2.1,1.4,0.7,71466.0,6.0,427.0,1.5,-0.4,0.03,7684.0,0.4,5.0,0.6,0.5,0.004,2.05,-0.56,5.93,18.0,7.3,0.0037,13,0,1,5,70.8,40,-20,19,0.1,0.00605,999999.99,99999.99,99999.99,0.22,0.14,0.1,-1,2009-03-30 03:00:00
2009,89,4,2397,51,52,56,34,4.7,4.3,20.1,130.5,-2.6,3.1,1.5,2.2,2.6,0.9,2.2,1.6,1.3,0.6,58982.0,3.4,413.0,0.8,-0.8,0.024,11364.0,0.9,7.0,1.3,0.7,0.002,1.06,-1.07,1.2,8.1,5.7,0.0181,13,0,2,5,70.8,45,-20,25,0.2,0.00605,999999.99,99999.99,99999.99,0.21,0.15,0.12,-1,2009-03-30 04:00:00
2009,89,5,2397,51,52,62,37,4.9,4.9,7.9,146.8,-4.1,2.7,0.7,2.3,1.6,0.2,0.4,0.2,0.4,0.1,57987.0,3.5,413.0,1.5,-0.1,0.025,5489.0,0.3,4.0,0.7,0.2,0.002,1.1,-0.66,1.13,7.9,5.6,0.0191,13,0,-2,5,70.8,31,-17,14,-0.2,0.00605,999999.99,99999.99,99999.99,0.21,0.11,0.08,-1,2009-03-30 05:00:00
2009,89,6,2397,51,52,59,36,4.6,4.6,6.0,148.2,-3.9,2.4,0.5,2.1,1.3,0.2,0.6,0.2,0.4,0.4,57591.0,3.6,412.0,2.0,0.1,0.025,5975.0,0.2,3.0,0.5,0.5,0.002,1.12,-0.54,1.32,8.5,5.8,0.0165,3,0,0,2,70.8,24,-7,17,-0.1,0.00605,999999.99,99999.99,99999.99,0.19,0.11,0.08,-1,2009-03-30 06:00:00
2009,89,7,2397,51,52,60,37,4.6,4.0,41.6,27.6,2.7,1.4,2.7,0.6,3.0,0.2,2.1,2.0,0.5,0.7,30459.0,3.1,410.0,1.0,-1.4,0.014,10863.0,0.2,3.0,0.5,0.6,0.004,0.92,-1.23,0.97,7.8,5.8,0.0193,3,0,0,2,70.8,13,-1,12,-0.1,0.00605,999999.99,99999.99,99999.99,0.29,0.14,0.09,-1,2009-03-30 07:00:00
2009,89,8,2397,51,52,61,36,4.3,4.3,34.6,11.9,3.5,0.7,2.5,0.0,2.6,0.1,0.5,0.2,0.2,0.4,25081.0,3.4,409.0,1.9,-1.0,0.011,2589.0,0.3,1.0,0.3,0.5,0.001,0.99,-1.06,1.17,8.8,6.2,0.0155,3,0,0,2,70.8,20,-2,17,0.1,0.00605,999999.99,99999.99,99999.99,0.24,0.15,0.1,-1,2009-03-30 08:00:00
2009,89,9,2397,51,52,59,35,4.4,4.4,23.2,351.1,4.0,-0.6,1.7,-1.0,1.5,0.1,0.8,0.2,0.7,0.1,31222.0,4.0,408.0,2.3,-0.4,0.015,4305.0,0.5,3.0,0.3,0.2,0.003,1.18,-0.61,1.37,9.3,6.3,0.0138,10,0,1,4,70.8,24,-8,16,0.1,0.00605,999999.99,99999.99,99999.99,0.2,0.12,0.08,-1,2009-03-30 09:00:00
2009,89,10,2397,51,52,61,37,3.6,2.0,-14.6,113.3,-0.8,1.8,-0.5,1.9,-0.1,0.4,2.9,2.2,1.5,1.3,66218.0,4.3,409.0,1.9,-0.6,0.03,16427.0,0.4,10.0,0.8,0.7,0.011,1.35,0.04,2.69,11.8,6.5,0.0086,10,0,-2,4,70.8,27,-15,12,0.4,0.00605,999999.99,99999.99,99999.99,0.26,0.11,0.08,-1,2009-03-30 10:00:00
2009,89,11,2397,51,52,61,37,3.0,2.5,13.2,126.4,-1.4,2.0,0.6,1.8,1.0,0.2,1.7,1.2,0.7,1.0,75164.0,3.7,418.0,1.8,-1.4,0.038,5052.0,0.3,5.0,0.7,0.7,0.003,1.24,-0.42,3.48,13.4,6.7,0.0066,10,0,-5,4,70.8,72,-63,9,0.4,0.00605,999999.99,99999.99,99999.99,0.2,0.11,0.09,-1,2009-03-30 11:00:00
2009,89,12,2397,51,52,59,33,2.8,2.5,21.5,9.9,2.3,0.4,0.9,0.2,1.0,0.2,1.2,0.8,0.8,0.5,72949.0,3.0,423.0,3.0,-1.7,0.031,5410.0,0.2,4.0,0.4,0.4,0.003,1.01,-0.42,3.2,13.1,6.7,0.0069,17,0,-3,6,70.8,72,-58,14,0.3,0.00605,999999.99,99999.99,99999.99,0.22,0.09,0.07,-1,2009-03-30 12:00:00
2009,89,13,2397,51,52,58,36,2.3,1.3,79.9,8.9,0.2,0.0,1.3,-0.3,1.3,0.6,2.0,1.6,0.9,0.6,72038.0,3.0,407.0,2.5,-2.2,0.035,6680.0,0.3,5.0,0.9,0.4,0.004,0.95,-0.53,4.73,15.3,6.8,0.0051,17,0,1,6,70.8,35,-25,10,0.3,0.00605,999999.99,99999.99,99999.99,0.21,0.1,0.08,-1,2009-03-30 13:00:00
2009,89,14,2397,51,52,59,36,2.7,2.3,-5.9,199.5,-2.1,-0.8,-0.2,-0.7,-0.4,0.3,1.5,0.5,0.5,1.3,66683.0,3.6,402.0,2.5,-2.4,0.033,4161.0,0.2,3.0,0.4,0.4,0.003,1.1,0.16,4.01,14.1,6.7,0.006,17,0,2,6,70.8,83,-77,6,0.9,0.00605,999999.99,99999.99,99999.99,0.19,0.12,0.1,-1,2009-03-30 14:00:00
2009,89,15,2397,51,52,62,37,2.8,2.4,-7.4,164.6,-2.3,0.6,-0.3,0.7,-0.1,0.2,1.3,0.4,1.1,0.5,71279.0,3.3,405.0,1.2,-3.3,0.039,5927.0,0.2,4.0,1.2,0.7,0.003,1.04,0.04,3.5,13.1,6.6,0.0069,7,0,-1,3,70.8,61,-61,1,0.8,0.00605,999999.99,99999.99,99999.99,0.21,0.11,0.08,-1,2009-03-30 15:00:00
2009,89,16,2397,51,52,61,38,2.9,2.8,-9.5,150.9,-2.4,1.3,-0.5,1.4,0.0,0.2,0.7,0.4,0.4,0.4,68895.0,3.2,408.0,-0.1,-4.3,0.04,5855.0,0.2,4.0,0.5,0.3,0.002,1.03,-0.0,3.12,12.6,6.5,0.0075,7,0,-2,3,70.8,41,-35,6,0.6,0.00605,999999.99,99999.99,99999.99,0.25,0.12,0.08,-1,2009-03-30 16:00:00
2009,89,17,2397,51,52,60,37,3.0,2.7,-8.9,146.4,-2.3,1.5,-0.4,1.5,0.3,0.5,1.2,0.9,0.4,0.6,72819.0,3.1,416.0,1.9,-3.8,0.038,8098.0,0.4,5.0,0.4,0.4,0.003,1.03,-0.12,2.88,12.2,6.5,0.008,7,0,-1,3,70.8,29,-21,8,0.2,0.00605,999999.99,99999.99,99999.99,0.22,0.13,0.1,-1,2009-03-30 17:00:00
2009,89,18,2397,51,52,60,37,2.9,2.6,-33.0,169.0,-2.1,0.4,-1.4,1.0,-1.1,0.2,1.3,0.6,1.0,0.7,74223.0,3.3,410.0,2.0,-3.6,0.041,6891.0,0.2,5.0,0.5,0.9,0.003,1.08,0.45,3.31,12.8,6.5,0.0072,13,0,-2,5,70.8,27,-15,12,0.3,0.00605,999999.99,99999.99,99999.99,0.2,0.12,0.1,-1,2009-03-30 18:00:00
2009,89,19,2397,51,52,60,36,2.9,0.8,-0.3,257.7,-0.2,-0.8,0.0,-0.7,-0.4,0.3,2.8,1.4,1.0,2.1,69583.0,3.4,415.0,2.2,-4.0,0.038,9810.0,0.2,3.0,0.5,0.4,0.005,1.13,0.17,3.33,13.2,6.7,0.0068,13,0,-2,5,70.8,45,-18,27,0.6,0.00605,999999.99,99999.99,99999.99,0.25,0.12,0.09,-1,2009-03-30 19:00:00
2009,89,20,2397,51,52,59,35,3.5,3.2,46.4,50.9,1.4,1.7,2.3,0.3,2.8,0.2,1.4,0.6,0.9,0.9,52517.0,3.1,415.0,0.8,-4.7,0.032,4533.0,0.2,3.0,0.4,0.4,0.004,1.01,-1.16,1.9,10.4,6.4,0.0109,13,0,-1,5,70.8,38,-15,23,0.4,0.00605,999999.99,99999.99,99999.99,0.24,0.12,0.09,-1,2009-03-30 20:00:00
2009,89,21,2397,51,52,62,38,2.3,1.9,0.9,79.1,0.4,1.8,0.0,1.5,1.0,0.3,1.4,0.7,0.7,0.9,63329.0,2.7,409.0,-1.0,-2.8,0.038,7384.0,0.2,6.0,0.7,0.7,0.004,0.87,-0.41,4.07,14.6,6.9,0.0056,3,0,2,2,70.8,35,-15,19,0.1,0.00605,999999.99,99999.99,99999.99,0.27,0.11,0.08,-1,2009-03-30 21:00:00
2009,89,22,2397,51,52,60,37,1.9,1.8,20.1,43.4,1.2,1.1,0.6,0.6,1.1,0.2,0.7,0.3,0.3,0.6,52772.0,2.5,422.0,-1.0,-2.7,0.035,3420.0,0.1,4.0,0.6,0.3,0.002,0.85,-0.46,5.22,17.6,7.5,0.0039,3,0,2,2,70.8,33,-17,16,0.1,0.00605,999999.99,99999.99,99999.99,0.25,0.13,0.09,-1,2009-03-30 22:00:00
2009,89,23,2397,51,52,58,36,1.1,0.9,-10.7,7.9,0.9,0.1,-0.2,0.2,-0.1,0.3,0.6,0.3,0.4,0.4,59400.0,2.4,418.0,-0.5,-1.4,0.032,3512.0,0.1,5.0,0.4,0.4,0.002,0.79,0.04,15.49,29.4,7.8,0.0014,3,0,-1,2,70.8,28,-16,12,0.1,0.00605,999999.99,99999.99,99999.99,0.23,0.12,0.09,-1,2009-03-30 23:00:00
2009,90,0,2397,51,52,59,34,1.3,0.7,12.3,6.9,0.7,0.1,0.1,0.0,0.1,0.2,1.1,0.9,0.3,0.6,57360.0,2.5,403.0,-0.9,-3.0,0.029,3252.0,0.1,4.0,0.2,0.4,0.002,0.76,-0.04,11.43,24.5,7.4,0.002,10,0,-3,4,71.1,27,-17,10,0.1,0.00603,999999.99,99999.99,99999.99,0.21,0.12,0.09,-1,2009-03-31 00:00:00
2009,90,1,2397,51,52,58,35,2.1,2.0,-10.3,167.2,-1.9,0.4,-0.4,0.5,-0.1,0.2,0.7,0.4,0.4,0.5,53342.0,2.7,394.0,-0.8,-3.2,0.031,4311.0,0.1,3.0,0.2,0.4,0.002,0.79,0.04,4.63,15.4,6.9,0.005,10,0,-3,4,71.1,26,-15,11,0.1,0.00603,999999.99,99999.99,99999.99,0.22,0.14,0.11,-1,2009-03-31 01:00:00
2009,90,2,2397,51,52,60,37,2.3,2.2,-4.6,198.2,-2.1,-0.7,-0.2,-0.5,-0.5,0.3,0.6,0.3,0.4,0.3,51804.0,2.7,391.0,0.4,-3.0,0.03,4915.0,0.2,2.0,0.9,0.4,0.002,0.77,0.2,3.83,14.0,6.7,0.0061,10,0,-4,4,71.1,32,-18,14,0.1,0.00603,999999.99,99999.99,99999.99,0.24,0.13,0.1,-1,2009-03-31 02:00:00
2009,90,3,2397,51,52,62,38,2.1,0.6,20.8,245.0,-0.2,-0.5,0.2,-0.5,0.0,0.5,2.0,1.7,1.0,0.4,55459.0,2.9,398.0,0.0,-2.5,0.029,9203.0,0.3,11.0,1.3,0.5,0.002,0.86,-0.0,5.03,16.1,7.0,0.0046,7,0,-4,3,71.1,34,-22,12,0.2,0.00603,999999.99,99999.99,99999.99,0.2,0.1,0.08,-1,2009-03-31 03:00:00
2009,90,4,2397,51,52,55,33,1.9,1.4,19.9,188.9,-1.3,-0.2,0.5,-0.4,0.4,0.3,1.2,1.1,0.5,0.3,57970.0,3.0,390.0,-0.3,-2.5,0.03,6425.0,0.3,11.0,0.6,0.7,0.002,0.85,-0.16,6.44,17.8,6.9,0.0038,7,0,-2,3,71.1,31,-20,11,0.0,0.00603,999999.99,99999.99,99999.99,0.25,0.14,0.11,-1,2009-03-31 04:00:00
2009,90,5,2397,51,52,61,38,1.9,1.7,12.3,184.6,-1.7,-0.1,0.4,-0.2,0.3,0.2,0.7,0.3,0.5,0.4,52282.0,3.4,374.0,-0.1,-3.7,0.029,3642.0,0.1,2.0,0.4,0.4,0.002,0.89,-0.11,7.08,18.1,6.8,0.0036,7,0,-1,3,71.1,30,-14,16,0.2,0.00603,999999.99,99999.99,99999.99,0.19,0.11,0.09,-1,2009-03-31 05:00:00
2009,90,6,2397,51,52,61,37,2.1,1.4,44.5,162.7,-1.0,0.3,1.0,0.0,1.0,0.4,1.5,0.9,0.9,0.7,60710.0,3.8,385.0,-1.1,-3.4,0.03,7468.0,0.2,5.0,0.7,0.7,0.002,1.05,-0.39,6.78,17.9,6.8,0.0037,10,0,0,4,71.1,34,-19,15,0.1,0.00603,999999.99,99999.99,99999.99,0.19,0.1,0.08,-1,2009-03-31 06:00:00
2009,90,7,2397,51,52,58,35,2.6,2.2,7.5,104.1,-0.5,2.1,0.3,1.9,0.9,0.4,1.4,1.1,0.6,0.6,59171.0,4.2,386.0,-2.6,-2.1,0.029,5742.0,0.3,8.0,0.9,0.5,0.003,1.17,-0.35,4.85,15.2,6.7,0.0051,10,0,3,4,71.1,17,0,17,-0.0,0.00603,999999.99,99999.99,99999.99,0.23,0.13,0.09,-1,2009-03-31 07:00:00
2009,90,8,2397,51,52,61,37,2.6,2.3,24.3,84.5,0.2,2.1,1.0,1.8,1.5,0.5,1.3,0.9,0.6,0.8,56829.0,5.4,382.0,-2.1,-1.0,0.023,3655.0,0.4,6.0,0.6,0.9,0.002,1.44,-0.57,6.15,17.1,6.8,0.0041,10,0,6,4,71.1,48,-28,19,0.1,0.00603,999999.99,99999.99,99999.99,0.23,0.12,0.1,-1,2009-03-31 08:00:00
2009,90,9,2397,51,52,59,37,3.9,3.5,-19.3,147.4,-2.8,1.8,-1.1,2.0,-0.6,0.4,1.7,1.0,1.0,1.0,53671.0,5.2,378.0,-1.2,-0.8,0.023,6378.0,0.4,2.0,0.6,0.4,0.002,1.35,0.23,2.59,11.1,6.1,0.0097,7,0,8,3,71.1,33,-14,19,0.1,0.00603,999999.99,99999.99,99999.99,0.22,0.13,0.11,-1,2009-03-31 09:00:00
2009,90,10,2397,51,52,60,33,4.4,4.3,-8.9,163.0,-4.1,1.2,-0.7,1.3,-0.4,0.1,1.0,0.3,0.9,0.3,45343.0,4.8,376.0,-1.0,-1.2,0.018,3591.0,0.2,2.0,0.1,0.2,0.003,1.21,0.15,1.79,9.4,5.9,0.0136,7,0,6,3,71.1,31,-15,16,0.5,0.00603,999999.99,99999.99,99999.99,0.2,0.12,0.09,-1,2009-03-31 10:00:00
2009,90,11,2397,51,52,61,37,4.2,4.1,-25.6,184.8,-3.7,-0.3,-1.8,0.1,-1.8,0.2,0.8,0.4,0.3,0.6,45512.0,4.7,373.0,-0.8,-1.0,0.021,2914.0,0.2,2.0,0.2,0.2,0.003,1.18,0.67,1.93,9.6,5.9,0.0128,7,0,2,3,71.1,69,-57,12,0.7,0.00603,999999.99,99999.99,99999.99,0.23,0.12,0.09,-1,2009-03-31 11:00:00
2009,90,12,2397,51,52,60,37,4.3,3.9,-32.6,196.5,-3.2,-0.9,-2.1,-0.4,-2.3,0.2,1.7,0.5,1.5,0.6,43199.0,4.6,375.0,-0.9,-1.4,0.021,4980.0,0.2,5.0,0.7,0.5,0.005,1.17,0.86,1.78,9.4,5.9,0.0136,17,0,1,6,71.1,133,-97,36,1.0,0.00603,999999.99,99999.99,99999.99,0.22,0.11,0.08,-1,2009-03-31 12:00:00
2009,90,13,2397,51,52,63,37,3.6,2.7,12.7,71.6,0.8,2.5,0.6,2.3,1.2,0.7,2.4,1.7,1.4,1.0,53410.0,4.6,389.0,-1.3,-2.9,0.037,12196.0,0.5,6.0,0.7,0.4,0.006,1.33,-0.47,2.68,11.6,6.4,0.0089,17,0,4,6,71.1,183,-152,31,0.8,0.00603,999999.99,99999.99,99999.99,0.22,0.12,0.08,-1,2009-03-31 13:00:00
2009,90,14,2397,51,52,60,37,3.2,2.9,13.9,43.1,2.0,1.9,0.7,1.6,1.2,0.3,1.5,0.5,1.1,0.7,54564.0,4.0,389.0,0.0,-2.6,0.046,4333.0,0.3,3.0,0.9,0.4,0.004,1.2,-0.47,2.97,12.2,6.4,0.008,17,0,3,6,71.1,41,-22,18,0.2,0.00603,999999.99,99999.99,99999.99,0.23,0.13,0.09,-1,2009-03-31 14:00:00
2009,90,15,2397,51,52,60,37,3.6,3.5,16.0,34.0,2.8,1.9,1.0,1.5,1.6,0.2,0.8,0.2,0.6,0.5,44477.0,3.4,400.0,-0.0,-4.0,0.039,4985.0,0.4,3.0,0.5,0.5,0.003,1.05,-0.64,1.89,10.2,6.3,0.0113,7,0,3,3,71.1,33,-14,19,0.2,0.00603,999999.99,99999.99,99999.99,0.23,0.14,0.1,-1,2009-03-31 15:00:00
2009,90,16,2397,51,52,59,36,3.1,2.5,-7.4,55.7,1.4,2.0,-0.3,2.0,0.5,0.5,1.9,1.4,0.5,1.2,55847.0,3.3,394.0,-0.2,-3.7,0.047,11239.0,0.3,5.0,0.5,0.7,0.005,1.02,-0.2,2.63,11.5,6.4,0.0089,7,0,1,3,71.1,32,-24,8,0.3,0.00603,999999.99,99999.99,99999.99,0.21,0.12,0.08,-1,2009-03-31 16:00:00
2009,90,17,2397,51,52,61,36,2.7,2.1,11.6,61.7,1.0,1.8,0.4,1.5,1.1,0.3,1.7,1.2,0.6,1.1,56893.0,3.2,399.0,-0.2,-4.3,0.048,10551.0,0.3,5.0,0.6,1.1,0.006,1.01,-0.44,3.38,13.2,6.7,0.0068,7,0,-1,3,71.1,25,-21,5,0.1,0.00603,999999.99,99999.99,99999.99,0.25,0.13,0.1,-1,2009-03-31 17:00:00
2009,90,18,2397,51,52,58,36,2.3,2.1,0.8,81.7,0.3,2.1,0.0,1.9,1.0,0.3,0.9,0.7,0.4,0.5,58427.0,3.3,391.0,-0.0,-3.4,0.043,5045.0,0.1,6.0,0.6,0.5,0.003,0.99,-0.39,4.85,15.4,6.8,0.005,3,0,-1,2,71.1,23,-15,8,0.2,0.00603,999999.99,99999.99,99999.99,0.2,0.1,0.07,-1,2009-03-31 18:00:00
2009,90,19,2397,51,52,61,37,2.4,2.2,-3.5,80.9,0.4,2.2,-0.1,2.0,1.0,0.2,0.9,0.3,0.3,0.8,53528.0,3.8,388.0,-0.5,-1.8,0.036,4475.0,0.2,2.0,0.8,0.4,0.003,1.09,-0.39,4.99,15.8,6.8,0.0048,3,0,1,2,71.1,27,-15,12,0.3,0.00603,999999.99,99999.99,99999.99,0.23,0.12,0.09,-1,2009-03-31 19:00:00
2009,90,20,2397,51,52,57,35,1.9,1.2,-5.8,20.2,1.1,0.4,-0.1,0.4,0.1,0.7,1.7,1.0,1.3,0.4,60101.0,4.1,388.0,-1.0,-1.8,0.031,6037.0,0.3,5.0,0.5,0.3,0.002,1.16,-0.04,8.9,20.7,7.0,0.0028,3,0,3,2,71.1,26,-15,11,0.3,0.00603,999999.99,99999.99,99999.99,0.2,0.14,0.1,-1,2009-03-31 20:00:00
2009,90,21,2397,51,52,61,35,2.3,1.3,9.3,341.0,1.2,-0.4,0.2,-0.4,0.0,0.4,1.9,1.4,1.2,0.5,57858.0,4.6,379.0,-0.7,-2.0,0.029,5631.0,0.3,8.0,1.0,0.4,0.003,1.23,-0.0,6.74,17.7,6.8,0.0038,3,0,7,2,71.1,30,-15,15,0.2,0.00603,999999.99,99999.99,99999.99,0.19,0.13,0.09,-1,2009-03-31 21:00:00
2009,90,22,2397,51,52,58,36,2.8,2.4,22.8,157.7,-2.0,0.8,0.9,0.2,1.2,0.4,1.6,1.0,0.9,0.7,51304.0,4.5,365.0,-1.6,-2.6,0.03,4902.0,0.2,3.0,0.5,0.4,0.003,1.12,-0.44,4.29,13.8,6.4,0.0062,3,0,7,2,71.1,35,-21,14,0.1,0.00603,999999.99,99999.99,99999.99,0.25,0.14,0.09,-1,2009-03-31 22:00:00
2009,90,23,2397,51,52,60,36,3.1,3.0,6.5,128.9,-1.9,2.3,0.3,1.8,1.5,0.1,0.8,0.5,0.4,0.4,46334.0,4.7,369.0,-2.4,-1.8,0.025,4987.0,0.2,3.0,0.2,0.3,0.003,1.18,-0.55,3.55,12.9,6.4,0.0071,3,0,5,2,71.1,33,-20,13,0.0,0.00603,999999.99,99999.99,99999.99,0.22,0.13,0.1,-1,2009-03-31 23:00:00
2009,91,0,2397,51,52,58,36,3.1,3.0,18.5,144.3,-2.3,1.7,1.0,0.9,1.8,0.1,0.9,0.2,0.7,0.4,44907.0,5.0,364.0,-2.4,-2.4,0.024,3748.0,0.2,2.0,0.4,0.5,0.002,1.21,-0.66,3.75,13.1,6.4,0.0069,10,0,1,4,70.7,24,-17,7,0.0,0.006058,999999.99,99999.99,99999.99,0.2,0.11,0.08,-1,2009-04-01 00:00:00
2009,91,1,2397,51,52,60,33,2.9,2.7,19.4,135.3,-1.8,1.8,0.9,1.1,1.7,0.4,0.9,0.6,0.4,0.5,45289.0,5.6,363.0,-1.8,-2.7,0.021,4637.0,0.7,5.0,0.4,0.6,0.003,1.34,-0.62,4.81,14.8,6.5,0.0054,10,0,1,4,70.7,23,-11,12,0.0,0.006058,999999.99,99999.99,99999.99,0.22,0.14,0.1,-1,2009-04-01 01:00:00
2009,91,2,2397,51,52,61,36,2.9,2.9,5.3,141.7,-2.3,1.8,0.3,1.4,1.1,0.4,0.6,0.3,0.2,0.4,42539.0,5.8,357.0,-0.9,-2.4,0.02,2143.0,0.7,2.0,1.2,0.3,0.003,1.33,-0.39,4.9,14.8,6.5,0.0054,10,0,0,4,70.7,27,-16,11,0.0,0.006058,999999.99,99999.99,99999.99,0.22,0.13,0.11,-1,2009-04-01 02:00:00
2009,91,3,2397,51,52,57,35,2.8,2.8,10.2,135.2,-2.0,1.9,0.5,1.5,1.3,0.3,0.5,0.2,0.3,0.3,37679.0,5.8,351.0,-0.7,-2.8,0.012,3188.0,0.4,4.0,0.5,0.4,0.003,1.25,-0.46,5.11,15.1,6.5,0.0052,0,0,3,0,70.7,34,-21,14,0.1,0.006058,999999.99,99999.99,99999.99,0.22,0.12,0.1,-1,2009-04-01 03:00:00
2009,91,4,2397,51,52,59,36,3.0,3.0,2.2,128.1,-1.8,2.3,0.1,2.1,1.0,0.1,0.5,0.3,0.2,0.3,35218.0,5.5,347.0,-1.1,-2.5,0.012,2722.0,0.4,2.0,0.3,0.3,0.003,1.16,-0.35,4.16,13.6,6.3,0.0065,0,0,4,0,70.7,32,-18,13,0.0,0.006058,999999.99,99999.99,99999.99,0.26,0.14,0.1,-1,2009-04-01 04:00:00
2009,91,5,2397,51,52,60,36,3.2,3.1,14.3,114.5,-1.2,2.7,0.8,2.2,1.7,0.1,0.7,0.4,0.3,0.4,33195.0,5.0,347.0,-0.7,-2.5,0.009,2458.0,0.2,2.0,0.3,0.3,0.001,1.04,-0.59,3.28,12.1,6.2,0.0081,0,0,5,0,70.7,28,-12,16,0.1,0.006058,999999.99,99999.99,99999.99,0.26,0.12,0.09,-1,2009-04-01 05:00:00
2009,91,6,2397,51,52,61,35,3.0,2.8,40.2,127.5,-1.3,1.7,1.8,1.0,2.3,0.2,1.1,0.4,0.9,0.5,29618.0,6.2,346.0,-0.3,-3.1,0.007,2220.0,0.3,2.0,0.5,0.3,0.001,1.27,-0.8,4.53,14.4,6.5,0.0058,3,0,5,2,70.7,20,-6,14,-0.1,0.006058,999999.99,99999.99,99999.99,0.27,0.14,0.1,-1,2009-04-01 06:00:00
2009,91,7,2397,51,52,56,35,3.2,3.0,10.5,135.1,-2.1,2.1,0.6,1.8,1.2,0.1,0.8,0.5,0.3,0.6,28536.0,5.9,340.0,-0.6,-2.4,0.009,1420.0,0.4,3.0,0.3,0.4,0.001,1.18,-0.41,3.76,12.9,6.3,0.0071,3,0,5,2,70.7,14,1,15,-0.1,0.006058,999999.99,99999.99,99999.99,0.22,0.12,0.08,-1,2009-04-01 07:00:00
2009,91,8,2397,51,52,61,36,3.1,3.1,-23.1,154.3,-2.5,1.2,-1.2,1.5,-0.9,0.1,0.7,0.2,0.3,0.5,28235.0,5.6,335.0,-0.6,-1.5,0.011,1636.0,0.3,1.0,0.3,0.3,0.002,1.1,0.3,3.8,12.8,6.2,0.0073,3,0,4,2,70.7,21,-4,18,-0.0,0.006058,999999.99,99999.99,99999.99,0.2,0.12,0.09,-1,2009-04-01 08:00:00
2009,91,9,2397,51,52,60,37,3.0,2.9,-42.9,173.5,-2.1,0.2,-2.0,0.7,-1.9,0.2,0.8,0.3,0.7,0.2,28009.0,6.3,335.0,-0.7,-1.6,0.008,1828.0,0.6,2.0,0.3,0.2,0.002,1.22,0.64,4.55,14.0,6.3,0.0061,10,0,4,4,70.7,32,-10,22,0.3,0.006058,999999.99,99999.99,99999.99,0.26,0.12,0.09,-1,2009-04-01 09:00:00
2009,91,10,2397,51,52,62,39,3.1,2.8,-28.8,163.6,-2.4,0.7,-1.4,1.0,-1.2,0.3,1.3,0.5,1.0,0.7,33195.0,4.7,343.0,-0.4,-2.1,0.017,2263.0,0.5,5.0,0.6,0.6,0.002,0.99,0.41,3.29,12.0,6.1,0.0083,10,0,1,4,70.7,85,-73,12,0.5,0.006058,999999.99,99999.99,99999.99,0.26,0.13,0.09,-1,2009-04-01 10:00:00
2009,91,11,2397,51,52,61,37,2.8,2.0,-22.5,135.6,-1.3,1.3,-0.8,1.4,-0.5,0.5,2.0,1.4,1.1,1.0,34903.0,4.4,345.0,-0.7,-1.4,0.024,4771.0,0.4,5.0,0.3,0.6,0.007,0.96,0.17,3.81,12.9,6.2,0.0071,10,0,2,4,70.7,168,-164,3,0.7,0.006058,999999.99,99999.99,99999.99,0.25,0.13,0.11,-1,2009-04-01 11:00:00
2009,91,12,2397,51,52,62,35,2.4,2.3,19.6,45.5,1.5,1.5,0.8,1.3,1.1,0.2,0.8,0.6,0.5,0.3,28831.0,4.3,355.0,0.4,-2.3,0.028,3418.0,0.2,4.0,0.6,0.4,0.002,1.01,-0.39,4.88,15.3,6.7,0.0051,7,0,7,3,70.7,67,-51,16,0.4,0.006058,999999.99,99999.99,99999.99,0.24,0.12,0.09,-1,2009-04-01 12:00:00
2009,91,13,2397,51,51,60,7,2.1,1.9,17.6,42.9,1.3,1.2,0.6,1.0,0.9,0.4,1.0,0.6,0.7,0.4,38633.0,4.4,359.0,-0.0,-2.2,9.999,7947.0,0.5,3.0,0.7,0.4,9.999,1.13,-0.32,6.93,17.9,6.8,0.0037,7,0,9,3,70.7,51,-19,32,0.2,0.006058,999999.99,99999.99,99999.99,0.22,0.13,0.1,-1,2009-04-01 13:00:00
2009,91,14,2397,51,52,59,30,2.7,1.9,12.6,83.5,0.2,1.8,0.4,1.6,0.9,0.2,1.9,1.3,1.1,0.7,31841.0,4.5,353.0,-0.5,-2.5,0.027,5071.0,0.3,5.0,0.4,0.5,0.003,1.04,-0.32,4.11,13.9,6.5,0.0062,7,0,9,3,70.7,34,-15,19,0.3,0.006058,999999.99,99999.99,99999.99,0.25,0.12,0.09,-1,2009-04-01 14:00:00
2009,91,15,2397,51,52,59,36,2.6,2.2,3.5,62.5,1.0,1.9,0.1,1.8,0.7,0.3,1.4,0.6,1.2,0.6,31009.0,4.8,355.0,-1.4,-2.4,0.031,2460.0,0.2,3.0,0.6,0.5,0.003,1.14,-0.25,4.71,15.0,6.6,0.0053,7,0,9,3,70.7,29,-16,13,0.3,0.006058,999999.99,99999.99,99999.99,0.22,0.12,0.09,-1,2009-04-01 15:00:00
2009,91,16,2397,51,52,60,37,2.8,2.7,-6.1,82.2,0.4,2.6,-0.3,2.5,0.7,0.2,0.9,0.4,0.2,0.8,28899.0,4.9,351.0,-1.6,-2.2,0.026,2718.0,0.2,2.0,0.3,0.7,0.004,1.11,-0.25,4.09,13.9,6.5,0.0062,7,0,8,3,70.7,34,-26,8,0.1,0.006058,999999.99,99999.99,99999.99,0.25,0.15,0.11,-1,2009-04-01 16:00:00
2009,91,17,2397,51,52,59,35,2.5,2.4,-9.5,95.2,-0.2,2.4,-0.4,2.3,0.6,0.3,0.7,0.5,0.3,0.4,27349.0,5.5,349.0,-1.3,-2.9,0.018,1906.0,0.3,3.0,0.2,0.3,0.004,1.2,-0.21,5.7,16.4,6.7,0.0044,7,0,8,3,70.7,35,-27,7,0.2,0.006058,999999.99,99999.99,99999.99,0.18,0.11,0.08,-1,2009-04-01 17:00:00
2009,91,18,2397,51,52,60,37,2.4,1.9,-4.2,330.7,1.7,-0.9,-0.1,-0.8,-0.5,0.3,1.5,0.6,1.3,0.2,30272.0,6.0,352.0,-0.9,-3.2,0.01,2550.0,0.5,3.0,0.7,0.3,0.002,1.29,0.18,6.87,18.0,6.8,0.0037,13,0,8,5,70.7,29,-23,6,0.7,0.006058,999999.99,99999.99,99999.99,0.19,0.1,0.08,-1,2009-04-01 18:00:00
2009,91,19,2397,51,52,59,35,1.8,0.3,41.9,21.4,0.2,0.1,0.2,0.0,0.2,0.4,1.7,0.7,1.5,0.4,26187.0,7.4,351.0,-1.4,-3.7,0.009,4102.0,0.5,2.0,0.4,0.2,0.002,1.58,-0.07,14.68,26.5,7.2,0.0017,13,0,9,5,70.7,26,-15,11,0.5,0.006058,999999.99,99999.99,99999.99,0.25,0.15,0.12,-1,2009-04-01 19:00:00
2009,91,20,2397,51,52,62,38,2.7,2.2,6.4,297.2,1.0,-2.0,0.3,-1.9,-0.8,1.2,1.9,0.6,1.7,0.4,21861.0,8.1,352.0,-1.1,-2.8,0.007,3528.0,1.3,4.0,0.6,1.0,0.002,1.72,0.28,6.94,18.6,7.0,0.0035,13,0,10,5,70.7,34,-12,23,0.5,0.006058,999999.99,99999.99,99999.99,0.22,0.12,0.09,-1,2009-04-01 20:00:00
2009,91,21,2397,51,52,59,36,4.4,4.3,16.0,287.1,1.2,-3.9,1.2,-3.9,-1.1,0.5,1.1,0.8,0.3,0.7,26207.0,7.3,357.0,-0.8,-0.8,0.003,4374.0,1.9,1.0,0.6,0.3,0.001,1.57,0.39,2.42,11.0,6.2,0.0099,20,0,8,7,70.7,38,-12,26,0.9,0.006058,999999.99,99999.99,99999.99,0.21,0.1,0.07,-1,2009-04-01 21:00:00
2009,91,22,2397,51,52,60,37,3.6,3.5,-1.0,278.6,0.5,-3.5,-0.1,-2.9,-2.0,0.5,0.8,0.3,0.5,0.5,26959.0,10.2,356.0,-0.2,-0.8,0.004,3176.0,1.5,1.0,0.4,0.2,0.001,2.19,0.71,5.09,15.8,6.8,0.0048,20,0,7,7,70.7,45,-17,28,1.2,0.006058,999999.99,99999.99,99999.99,0.23,0.12,0.1,-1,2009-04-01 22:00:00
2009,91,23,2397,51,52,61,37,2.6,1.8,-3.7,271.9,0.1,-1.8,-0.1,-1.5,-1.1,0.9,2.1,0.5,1.9,0.7,26082.0,11.3,352.0,0.5,-0.2,0.007,4408.0,1.7,2.0,0.8,0.4,0.005,2.4,0.39,10.74,22.8,7.1,0.0023,20,0,4,7,70.7,41,-18,23,0.8,0.006058,999999.99,99999.99,99999.99,0.24,0.13,0.09,-1,2009-04-01 23:00:00
2009,92,0,2397,51,52,60,34,4.5,4.4,3.7,62.4,2.0,3.9,0.3,3.1,2.3,0.1,0.7,0.4,0.3,0.5,29345.0,7.1,359.0,-0.8,-0.6,0.022,2710.0,0.3,1.0,0.3,0.3,0.001,1.66,-0.83,2.3,10.6,6.2,0.0105,3,0,1,2,70.6,16,-7,9,0.0,0.00606,999999.99,99999.99,99999.99,0.25,0.12,0.08,-1,2009-04-02 00:00:00
2009,92,1,2397,51,52,58,33,4.2,3.9,-4.2,68.2,1.5,3.6,-0.3,3.2,1.6,0.2,1.5,1.3,0.3,0.7,33649.0,7.4,356.0,-0.7,-0.9,0.023,4611.0,0.3,4.0,0.4,0.3,0.002,1.71,-0.57,2.83,11.5,6.2,0.0089,3,0,2,2,70.6,20,-8,12,0.2,0.00606,999999.99,99999.99,99999.99,0.21,0.11,0.09,-1,2009-04-02 01:00:00
2009,92,2,2397,51,52,59,35,4.0,3.9,-6.8,64.5,1.7,3.5,-0.5,3.3,1.2,0.1,0.8,0.6,0.3,0.5,30770.0,7.6,355.0,-1.5,-1.3,0.024,1479.0,0.2,3.0,0.3,0.4,0.001,1.75,-0.43,3.14,12.2,6.3,0.0079,3,0,3,2,70.6,22,-11,10,0.2,0.00606,999999.99,99999.99,99999.99,0.25,0.14,0.09,-1,2009-04-02 02:00:00
2009,92,3,2397,51,52,59,36,3.9,3.9,-15.2,96.7,-0.4,3.7,-1.0,3.8,0.8,0.2,0.7,0.5,0.2,0.4,33517.0,6.9,346.0,-2.0,-1.2,0.026,2373.0,0.4,2.0,0.2,0.3,0.002,1.52,-0.28,3.06,11.7,6.1,0.0088,3,0,3,2,70.6,25,-13,12,0.3,0.00606,999999.99,99999.99,99999.99,0.24,0.12,0.08,-1,2009-04-02 03:00:00
2009,92,4,2397,51,52,61,37,3.8,3.8,-18.2,114.6,-1.5,3.2,-1.2,3.4,0.2,0.2,0.7,0.5,0.3,0.4,32246.0,6.6,344.0,-1.8,-1.4,0.024,1706.0,0.3,3.0,0.5,0.4,0.002,1.43,-0.07,3.05,11.6,6.1,0.0088,3,0,2,2,70.6,33,-12,20,0.3,0.00606,999999.99,99999.99,99999.99,0.25,0.15,0.11,-1,2009-04-02 04:00:00
2009,92,5,2397,51,52,59,35,3.6,3.5,-13.8,87.2,0.2,3.4,-0.8,3.5,0.5,0.2,1.0,0.9,0.2,0.3,26667.0,6.7,342.0,-1.5,-1.6,0.019,4044.0,0.3,2.0,0.4,0.3,0.003,1.41,-0.17,3.33,12.3,6.2,0.0079,3,0,1,2,70.6,42,-17,25,0.2,0.00606,999999.99,99999.99,99999.99,0.25,0.13,0.1,-1,2009-04-02 05:00:00
2009,92,6,2397,51,52,58,37,3.8,3.3,-12.0,116.9,-1.5,2.9,-0.7,3.0,0.3,0.1,1.9,1.7,0.7,0.4,32375.0,6.1,343.0,-1.5,-2.2,0.023,4464.0,0.3,3.0,0.6,0.2,0.005,1.31,-0.1,2.82,11.1,6.0,0.0096,7,0,0,3,70.6,71,-34,37,0.2,0.00606,999999.99,99999.99,99999.99,0.18,0.1,0.08,-1,2009-04-02 06:00:00
2009,92,7,2397,51,52,60,36,3.9,3.8,-13.5,148.7,-3.2,1.9,-0.9,2.1,-0.3,0.1,0.4,0.2,0.3,0.2,36857.0,5.7,338.0,-1.4,-2.3,0.029,3208.0,0.1,2.0,0.3,0.2,0.001,1.21,0.1,2.58,10.3,5.8,0.0111,7,0,-1,3,70.6,112,-78,33,0.4,0.00606,999999.99,99999.99,99999.99,0.25,0.13,0.1,-1,2009-04-02 07:00:00
2009,92,8,2397,51,52,60,37,3.7,3.7,-24.5,152.8,-3.0,1.5,-1.5,1.8,-1.1,0.1,0.6,0.3,0.4,0.3,34525.0,5.9,334.0,-1.1,-2.3,0.029,1701.0,0.1,2.0,0.4,0.3,0.001,1.23,0.37,2.92,11.0,5.8,0.0099,7,0,0,3,70.6,152,-110,43,0.6,0.00606,999999.99,99999.99,99999.99,0.23,0.14,0.09,-1,2009-04-02 08:00:00
2009,92,9,2397,51,52,58,35,3.6,3.5,-26.3,161.4,-3.0,1.0,-1.6,1.3,-1.3,0.1,0.6,0.2,0.5,0.3,31895.0,5.8,328.0,-0.4,-2.4,0.029,1495.0,0.1,3.0,0.6,0.3,0.001,1.16,0.43,2.98,11.0,5.8,0.0099,3,0,1,2,70.6,62,-43,19,0.4,0.00606,999999.99,99999.99,99999.99,0.21,0.11,0.09,-1,2009-04-02 09:00:00
2009,92,10,2397,51,52,60,36,3.4,3.3,-26.9,173.3,-2.9,0.3,-1.5,0.6,-1.4,0.1,0.7,0.2,0.6,0.3,31860.0,5.7,323.0,-0.5,-2.6,0.03,2447.0,0.4,2.0,0.4,0.6,0.003,1.11,0.45,3.29,11.3,5.8,0.0092,3,0,1,2,70.6,50,-35,15,0.4,0.00606,999999.99,99999.99,99999.99,0.2,0.1,0.08,-1,2009-04-02 10:00:00
2009,92,11,2397,51,52,60,36,3.5,3.5,-40.5,173.0,-2.6,0.3,-2.3,0.8,-2.2,0.1,0.4,0.2,0.3,0.2,30898.0,5.9,325.0,-0.2,-3.0,0.024,2498.0,0.2,1.0,0.2,0.3,0.002,1.14,0.72,3.19,11.3,5.8,0.0094,3,0,1,2,70.6,48,-35,14,0.5,0.00606,999999.99,99999.99,99999.99,0.22,0.12,0.09,-1,2009-04-02 11:00:00
2009,92,12,2397,51,52,59,36,3.8,3.8,-42.0,187.8,-2.8,-0.4,-2.5,0.2,-2.5,0.1,0.6,0.3,0.5,0.3,32509.0,5.7,323.0,0.6,-2.6,0.025,1443.0,0.1,1.0,0.3,0.2,0.003,1.09,0.81,2.64,10.1,5.6,0.0116,10,0,0,4,70.6,57,-41,16,0.9,0.00606,999999.99,99999.99,99999.99,0.24,0.13,0.1,-1,2009-04-02 12:00:00
2009,92,13,2397,51,52,60,36,3.7,3.7,-34.8,215.3,-2.5,-1.8,-2.1,-1.2,-2.5,0.1,0.4,0.2,0.4,0.2,33177.0,5.7,322.0,1.4,-2.6,0.024,1855.0,0.2,1.0,0.3,0.2,0.002,1.08,0.81,2.8,10.4,5.6,0.011,10,0,-2,4,70.6,71,-56,15,0.8,0.00606,999999.99,99999.99,99999.99,0.21,0.12,0.1,-1,2009-04-02 13:00:00
2009,92,14,2397,51,52,59,33,3.7,3.6,-40.5,204.2,-2.5,-1.1,-2.4,-0.4,-2.6,0.1,0.3,0.1,0.1,0.2,28775.0,5.5,320.0,1.4,-2.5,0.022,1314.0,0.2,1.0,0.2,0.2,0.001,1.02,0.83,2.63,10.1,5.6,0.0116,10,0,-3,4,70.6,58,-46,12,1.0,0.00606,999999.99,99999.99,99999.99,0.27,0.15,0.11,-1,2009-04-02 14:00:00
2009,92,15,2397,51,52,60,37,3.3,3.2,-36.0,196.8,-2.5,-0.7,-1.9,0.0,-2.0,0.1,0.6,0.2,0.5,0.3,30537.0,5.9,318.0,1.2,-2.6,0.026,1520.0,0.2,2.0,0.8,0.1,0.002,1.1,0.64,3.58,11.7,5.8,0.0087,3,0,-2,2,70.6,114,-104,10,1.0,0.00606,999999.99,99999.99,99999.99,0.24,0.13,0.1,-1,2009-04-02 15:00:00
2009,92,16,2397,51,52,58,36,3.1,3.0,-28.7,186.7,-2.7,-0.3,-1.5,0.3,-1.5,0.1,0.6,0.2,0.3,0.5,30934.0,6.3,315.0,1.0,-3.0,0.028,2707.0,0.2,1.0,0.3,0.5,0.001,1.16,0.47,4.34,12.8,5.9,0.0073,3,0,-3,2,70.6,152,-137,15,1.1,0.00606,999999.99,99999.99,99999.99,0.3,0.14,0.09,-1,2009-04-02 16:00:00
2009,92,17,2397,51,52,62,37,3.2,3.1,-15.8,176.8,-3.0,0.2,-0.9,0.6,-0.7,0.1,0.7,0.1,0.5,0.5,32758.0,6.5,314.0,0.9,-3.6,0.03,2197.0,0.5,2.0,0.5,0.6,0.002,1.2,0.22,4.25,12.5,5.8,0.0076,3,0,-4,2,70.6,63,-53,10,1.0,0.00606,999999.99,99999.99,99999.99,0.22,0.11,0.08,-1,2009-04-02 17:00:00
2009,92,18,2397,51,52,60,34,3.6,3.3,-20.8,157.7,-2.9,1.2,-1.2,1.6,-0.5,0.2,1.3,0.3,0.9,0.9,36268.0,8.1,318.0,0.8,-3.1,0.029,2425.0,0.3,2.0,0.6,0.6,0.002,1.53,0.16,4.28,12.6,5.8,0.0075,3,0,-4,2,70.6,64,-48,16,1.0,0.00606,999999.99,99999.99,99999.99,0.24,0.1,0.08,-1,2009-04-02 18:00:00
2009,92,19,2397,51,52,60,37,3.8,3.7,-41.7,167.5,-2.7,0.6,-2.5,1.8,-1.9,0.1,0.8,0.4,0.4,0.5,34025.0,8.1,318.0,1.0,-2.5,0.024,1249.0,0.2,2.0,0.4,0.3,0.003,1.5,0.6,3.79,11.9,5.8,0.0084,3,0,-5,2,70.6,47,-31,15,0.8,0.00606,999999.99,99999.99,99999.99,0.22,0.13,0.09,-1,2009-04-02 19:00:00
2009,92,20,2397,51,52,60,35,3.6,3.4,-15.4,139.8,-2.5,2.1,-0.9,2.3,0.3,0.1,1.4,0.3,0.8,1.1,32453.0,8.2,317.0,0.5,-2.8,0.022,1105.0,0.2,1.0,0.3,0.5,0.002,1.5,-0.1,4.23,12.6,5.8,0.0075,3,0,-3,2,70.6,30,-13,17,0.6,0.00606,999999.99,99999.99,99999.99,0.18,0.1,0.08,-1,2009-04-02 20:00:00
2009,92,21,2397,51,52,60,36,3.6,3.6,0.0,125.3,-2.1,2.9,0.0,2.4,1.6,0.0,0.6,0.2,0.2,0.6,29891.0,8.2,317.0,0.1,-3.0,0.02,912.0,0.2,1.0,0.2,0.3,0.001,1.49,-0.51,4.17,12.6,5.9,0.0075,3,0,0,2,70.6,25,-5,20,0.3,0.00606,999999.99,99999.99,99999.99,0.22,0.12,0.09,-1,2009-04-02 21:00:00
2009,92,22,2397,51,52,60,37,3.7,3.6,-18.2,139.3,-2.6,2.2,-1.1,2.4,0.3,0.1,0.9,0.5,0.3,0.7,32349.0,8.6,315.0,0.4,-2.6,0.021,3108.0,0.7,3.0,0.3,0.5,0.003,1.54,-0.09,4.2,12.5,5.8,0.0076,3,0,2,2,70.6,20,-3,17,0.1,0.00606,999999.99,99999.99,99999.99,0.26,0.16,0.12,-1,2009-04-02 22:00:00
2009,92,23,2397,51,52,59,36,3.8,3.7,-5.1,141.4,-2.9,2.3,-0.3,2.1,1.0,0.1,0.9,0.4,0.4,0.7,30825.0,10.0,315.0,0.2,-4.0,0.018,2705.0,0.2,1.0,0.2,0.3,0.001,1.78,-0.32,4.59,13.1,5.9,0.0069,3,0,3,2,70.6,22,-6,15,0.2,0.00606,999999.99,99999.99,99999.99,0.19,0.1,0.08,-1,2009-04-02 23:00:00
2009,93,0,2397,51,52,59,36,3.7,3.6,-25.3,132.6,-2.2,2.4,-1.5,2.8,0.0,0.1,0.8,0.5,0.3,0.5,26985.0,9.5,312.0,0.0,-3.0,0.017,892.0,0.2,1.0,0.2,0.3,0.001,1.65,-0.0,4.48,13.0,5.9,0.007,7,0,2,3,70.4,18,-6,12,0.2,0.006024,999999.99,99999.99,99999.99,0.22,0.13,0.1,-1,2009-04-03 00:00:00
2009,93,1,2397,51,52,59,36,3.2,3.0,-15.4,140.6,-2.3,1.8,-0.8,2.0,0.2,0.3,1.0,0.3,0.1,1.0,18444.0,10.4,308.0,0.4,-3.5,0.016,5986.0,1.2,1.0,0.9,0.6,0.001,1.75,-0.06,6.2,15.5,6.2,0.0049,7,0,3,3,70.4,16,-4,12,0.1,0.006024,999999.99,99999.99,99999.99,0.22,0.12,0.1,-1,2009-04-03 01:00:00
2009,93,2,2397,51,52,60,36,2.9,2.8,-5.3,148.5,-2.4,1.5,-0.3,1.5,0.5,0.1,0.3,0.1,0.2,0.2,10801.0,12.1,305.0,0.7,-3.3,0.014,641.0,0.2,1.0,0.2,0.1,0.001,1.99,-0.15,8.33,18.3,6.4,0.0036,7,0,4,3,70.4,12,-3,10,0.1,0.006024,999999.99,99999.99,99999.99,0.21,0.11,0.08,-1,2009-04-03 02:00:00
2009,93,3,2397,51,52,60,37,2.6,2.6,-10.8,142.7,-2.0,1.6,-0.5,1.7,0.3,0.1,0.3,0.2,0.1,0.2,10519.0,12.5,304.0,1.0,-2.9,0.011,1045.0,0.2,1.0,0.1,0.3,0.001,2.01,-0.09,10.68,20.7,6.5,0.0028,0,0,6,0,70.4,18,-4,13,0.1,0.006024,999999.99,99999.99,99999.99,0.23,0.13,0.1,-1,2009-04-03 03:00:00
2009,93,4,2397,51,52,60,37,2.6,2.6,0.9,145.7,-2.1,1.5,0.0,1.4,0.6,0.1,0.3,0.2,0.2,0.2,14047.0,12.2,303.0,0.9,-2.2,0.011,711.0,0.2,1.0,0.2,0.1,0.001,1.95,-0.18,10.69,20.4,6.4,0.0029,0,0,7,0,70.4,19,-4,15,0.1,0.006024,999999.99,99999.99,99999.99,0.2,0.12,0.09,-1,2009-04-03 04:00:00
2009,93,5,2397,51,52,59,36,2.3,2.3,8.2,137.3,-1.7,1.6,0.3,1.4,0.9,0.1,0.3,0.2,0.2,0.2,13491.0,12.5,303.0,0.4,-2.3,0.012,1567.0,0.6,1.0,0.4,0.2,0.003,2.01,-0.27,13.94,23.3,6.5,0.0022,0,0,6,0,70.4,20,-2,18,0.0,0.006024,999999.99,99999.99,99999.99,0.21,0.12,0.09,-1,2009-04-03 05:00:00
2009,93,6,2397,51,52,57,34,1.9,1.7,7.0,126.5,-1.0,1.3,0.2,1.2,0.6,0.4,0.9,0.5,0.4,0.6,16512.0,12.4,295.0,0.0,-2.1,0.01,1069.0,0.8,4.0,0.5,0.5,0.003,1.87,-0.18,20.7,27.3,6.3,0.0016,3,0,6,2,70.4,21,0,20,-0.1,0.006024,999999.99,99999.99,99999.99,0.24,0.14,0.11,-1,2009-04-03 06:00:00
2009,93,7,2397,51,52,60,37,1.9,1.8,13.0,113.8,-0.7,1.6,0.4,1.4,0.8,0.3,0.6,0.3,0.3,0.5,16848.0,13.6,290.0,-0.5,-1.3,0.006,442.0,0.4,1.0,0.3,0.3,0.0,1.96,-0.23,22.76,28.1,6.2,0.0015,3,0,6,2,70.4,73,-39,34,-0.0,0.006024,999999.99,99999.99,99999.99,0.22,0.14,0.1,-1,2009-04-03 07:00:00
2009,93,8,2397,51,52,61,37,2.8,2.6,49.0,86.4,0.1,1.7,2.0,1.1,2.4,0.3,0.9,0.6,0.3,0.6,15691.0,12.9,292.0,-0.6,-2.2,0.006,1858.0,0.5,2.0,0.1,0.6,0.001,1.88,-0.7,9.86,18.7,6.1,0.0034,3,0,6,2,70.4,32,-10,22,-0.2,0.006024,999999.99,99999.99,99999.99,0.21,0.11,0.08,-1,2009-04-03 08:00:00
2009,93,9,2397,51,52,60,37,2.6,2.6,60.0,28.8,1.1,0.6,2.2,0.1,2.3,0.2,0.6,0.5,0.3,0.2,13188.0,13.1,293.0,-0.4,-2.9,0.007,663.0,0.4,1.0,0.3,0.4,0.001,1.93,-0.67,11.41,20.4,6.2,0.0029,0,0,7,0,70.4,35,-15,20,-0.1,0.006024,999999.99,99999.99,99999.99,0.23,0.12,0.08,-1,2009-04-03 09:00:00
2009,93,10,2397,51,52,57,35,2.3,2.0,36.6,323.2,1.3,-1.0,1.2,-1.2,0.9,0.2,1.0,0.4,0.6,0.6,18569.0,11.2,289.0,-0.2,-2.6,0.004,2605.0,0.9,2.0,0.3,0.4,0.001,1.59,-0.26,12.94,21.0,6.0,0.0027,0,0,3,0,70.4,37,-21,17,-0.1,0.006024,999999.99,99999.99,99999.99,0.24,0.13,0.11,-1,2009-04-03 10:00:00
2009,93,11,2397,51,52,59,35,2.1,1.8,32.4,284.3,0.4,-1.5,1.0,-1.7,0.6,0.2,1.1,0.9,0.5,0.3,18185.0,9.7,281.0,-0.6,-2.4,0.004,1741.0,0.5,2.0,0.3,0.5,0.001,1.3,-0.17,13.41,20.8,5.9,0.0027,0,0,-1,0,70.4,41,-24,17,0.0,0.006024,999999.99,99999.99,99999.99,0.27,0.13,0.09,-1,2009-04-03 11:00:00
2009,93,12,2397,51,52,61,38,2.2,1.9,38.7,266.8,-0.1,-1.5,1.2,-1.7,0.8,0.2,1.0,0.6,0.5,0.6,13880.0,9.9,285.0,-1.0,-2.2,0.003,1649.0,0.5,4.0,0.4,0.4,0.0,1.36,-0.23,12.1,20.4,6.0,0.0029,3,0,0,2,70.4,44,-29,15,0.0,0.006024,999999.99,99999.99,99999.99,0.23,0.13,0.1,-1,2009-04-03 12:00:00
2009,93,13,2397,51,52,59,36,2.2,2.1,-14.5,295.2,0.9,-1.8,-0.5,-1.6,-0.9,0.2,0.7,0.3,0.4,0.5,13148.0,9.5,281.0,-1.5,-3.9,0.003,905.0,0.3,1.0,0.3,0.8,0.0,1.27,0.25,11.55,19.7,5.9,0.0031,3,0,1,2,70.4,47,-32,14,0.5,0.006024,999999.99,99999.99,99999.99,0.23,0.11,0.09,-1,2009-04-03 13:00:00
2009,93,14,2397,51,52,62,38,2.3,2.2,-50.4,327.5,1.2,-0.7,-1.7,-0.2,-1.8,0.3,0.7,0.2,0.6,0.3,12519.0,9.4,281.0,-0.9,-5.1,0.003,1009.0,0.4,2.0,0.6,0.3,0.001,1.25,0.51,10.41,18.7,5.9,0.0034,3,0,2,2,70.4,48,-32,16,0.8,0.006024,999999.99,99999.99,99999.99,0.23,0.1,0.08,-1,2009-04-03 14:00:00
2009,93,15,2397,51,52,61,35,3.8,3.3,5.5,264.4,-0.3,-3.2,0.3,-3.1,-0.8,0.7,2.0,1.0,0.8,1.5,21136.0,6.8,292.0,-0.6,-3.0,9.999,7095.0,2.8,2.0,1.0,0.8,9.999,1.16,0.23,2.93,10.0,5.3,0.0118,13,0,-2,5,70.4,90,-84,6,1.1,0.006024,999999.99,99999.99,99999.99,0.24,0.15,0.12,-1,2009-04-03 15:00:00
2009,93,16,2397,51,52,61,37,4.1,3.9,-23.7,288.6,1.2,-3.4,-1.6,-2.6,-2.7,0.2,1.1,0.8,0.4,0.6,20746.0,4.1,298.0,-0.2,-1.6,9.999,5012.0,0.7,3.0,0.5,0.7,9.999,0.73,0.8,1.51,7.4,4.8,0.022,13,0,-5,5,70.4,92,-79,13,1.5,0.006024,999999.99,99999.99,99999.99,0.3,0.12,0.09,-1,2009-04-03 16:00:00
2009,93,17,2397,51,52,62,36,3.9,3.2,-19.4,285.5,0.8,-2.9,-1.1,-2.2,-2.2,0.4,2.1,1.2,1.2,1.3,24676.0,4.5,296.0,0.3,-1.8,0.007,3021.0,0.5,3.0,0.6,0.8,0.001,0.68,0.65,1.88,8.1,5.0,0.0184,13,0,-6,5,70.4,77,-57,20,1.3,0.006024,999999.99,99999.99,99999.99,0.21,0.13,0.1,-1,2009-04-03 17:00:00
2009,93,18,2397,51,52,60,36,3.3,2.7,-20.6,301.9,1.3,-2.1,-0.9,-1.5,-1.8,0.3,1.9,0.9,0.9,1.4,25401.0,4.5,297.0,-0.7,-0.8,0.008,4426.0,0.9,5.0,0.8,1.0,0.002,0.68,0.53,2.64,9.5,5.3,0.0131,7,0,-5,3,70.4,56,-44,12,1.1,0.006024,999999.99,99999.99,99999.99,0.23,0.12,0.09,-1,2009-04-03 18:00:00
2009,93,19,2397,51,52,59,32,2.6,2.3,10.3,317.9,1.7,-1.5,0.4,-1.5,-0.4,0.2,1.2,0.4,0.5,1.1,29672.0,4.8,297.0,-0.8,0.7,0.015,5503.0,1.1,5.0,0.9,0.6,0.001,0.75,0.12,4.67,12.5,5.6,0.0076,7,0,-2,3,70.4,28,-19,9,0.9,0.006024,999999.99,99999.99,99999.99,0.25,0.12,0.08,-1,2009-04-03 19:00:00
2009,93,20,2397,51,52,60,37,2.7,2.6,19.1,313.2,1.7,-1.8,0.8,-2.0,-0.2,0.2,0.8,0.5,0.5,0.4,26609.0,4.4,299.0,-0.9,1.5,9.999,4682.0,1.0,2.0,0.8,0.7,9.999,0.79,0.06,3.89,11.6,5.6,0.0088,7,0,0,3,70.4,23,-11,12,0.6,0.006024,999999.99,99999.99,99999.99,0.25,0.11,0.07,-1,2009-04-03 20:00:00
2009,93,21,2397,51,52,58,36,3.7,3.6,24.1,274.1,0.2,-3.3,1.5,-3.6,-0.5,0.2,0.8,0.6,0.3,0.4,21605.0,4.6,296.0,0.8,0.9,9.999,3507.0,0.7,3.0,0.6,0.4,9.999,0.81,0.15,2.1,8.6,5.1,0.0162,3,0,1,2,70.4,25,-10,15,0.6,0.006024,999999.99,99999.99,99999.99,0.22,0.12,0.07,-1,2009-04-03 21:00:00
2009,93,22,2397,51,52,58,35,2.2,1.0,56.2,112.9,-0.2,0.5,0.8,0.0,0.9,0.7,2.0,0.5,1.8,0.6,22790.0,7.1,287.0,1.6,1.5,0.004,4120.0,0.9,2.0,0.8,0.5,0.001,0.99,-0.26,9.22,17.4,5.8,0.0039,3,0,-1,2,70.4,22,-12,10,0.1,0.006024,999999.99,99999.99,99999.99,0.19,0.11,0.09,-1,2009-04-03 22:00:00
2009,93,23,2397,51,52,60,36,2.3,2.0,13.8,28.0,1.7,0.9,0.5,0.5,0.9,0.3,1.0,0.6,0.7,0.4,20814.0,6.8,288.0,0.7,0.6,0.04,3654.0,0.9,4.0,1.0,0.3,0.036,1.09,-0.26,7.98,16.3,5.8,0.0045,3,0,-2,2,70.4,15,-10,6,0.1,0.006024,999999.99,99999.99,99999.99,0.24,0.14,0.11,-1,2009-04-03 23:00:00
2009,94,0,2397,51,52,58,36,2.4,2.3,9.3,331.4,2.0,-1.1,0.4,-1.1,-0.2,0.3,0.7,0.4,0.3,0.4,15149.0,6.5,280.0,1.9,0.6,0.004,1259.0,0.5,2.0,0.3,0.2,0.001,0.86,0.06,6.74,14.9,5.7,0.0054,0,0,-4,0,70.1,19,-8,11,0.2,0.006032,999999.99,99999.99,99999.99,0.21,0.12,0.1,-1,2009-04-04 00:00:00
2009,94,1,2397,51,52,59,35,2.2,2.0,22.3,293.9,0.8,-1.7,0.8,-1.9,-0.2,0.3,0.9,0.5,0.5,0.4,12566.0,6.6,276.0,0.8,0.6,0.005,898.0,0.4,2.0,0.5,0.4,0.001,0.86,0.06,7.99,16.1,5.7,0.0046,0,0,-6,0,70.1,19,-8,11,0.1,0.006032,999999.99,99999.99,99999.99,0.2,0.1,0.08,-1,2009-04-04 01:00:00
2009,94,2,2397,51,52,59,36,1.8,1.7,5.2,279.2,0.3,-1.6,0.2,-1.5,-0.6,0.2,0.7,0.5,0.4,0.3,11302.0,7.3,272.0,-1.0,0.4,0.004,1241.0,0.4,2.0,0.4,0.3,0.0,0.92,0.16,13.09,20.4,5.8,0.0029,0,0,-5,0,70.1,25,-11,14,0.2,0.006032,999999.99,99999.99,99999.99,0.26,0.14,0.1,-1,2009-04-04 02:00:00
2009,94,3,2397,51,52,60,37,1.8,1.7,9.1,294.1,0.7,-1.5,0.3,-1.5,-0.4,0.2,0.5,0.3,0.2,0.4,11700.0,7.6,272.0,-1.8,0.0,0.004,703.0,0.2,1.0,0.3,0.4,0.001,0.95,0.11,13.67,20.8,5.8,0.0027,0,0,-3,0,70.1,27,-12,16,0.2,0.006032,999999.99,99999.99,99999.99,0.27,0.17,0.1,-1,2009-04-04 03:00:00
2009,94,4,2397,51,52,62,38,1.8,1.6,-6.1,298.3,0.8,-1.4,-0.2,-1.2,-0.7,0.2,0.7,0.3,0.3,0.6,11517.0,8.3,272.0,-1.6,-0.8,0.003,1009.0,0.4,2.0,0.4,0.4,0.001,1.04,0.19,14.91,21.8,5.8,0.0025,0,0,1,0,70.1,28,-8,20,0.1,0.006032,999999.99,99999.99,99999.99,0.26,0.13,0.1,-1,2009-04-04 04:00:00
2009,94,5,2397,51,52,61,38,1.7,1.3,40.3,309.8,0.7,-0.8,0.9,-1.1,0.6,0.5,1.1,0.5,0.4,0.9,14965.0,8.7,279.0,-0.1,-1.6,0.004,2030.0,0.5,4.0,0.6,1.0,0.001,1.15,-0.17,17.95,24.2,6.0,0.002,0,0,2,0,70.1,26,-5,21,0.1,0.006032,999999.99,99999.99,99999.99,0.26,0.14,0.1,-1,2009-04-04 05:00:00
2009,94,6,2397,51,52,61,36,2.0,1.9,-4.2,284.0,0.5,-1.8,-0.1,-1.7,-0.7,0.4,0.7,0.1,0.4,0.6,13920.0,9.1,283.0,-0.6,-2.6,0.005,1696.0,0.3,1.0,0.6,0.9,0.001,1.24,0.2,13.47,21.3,6.0,0.0026,0,0,5,0,70.1,30,-2,28,0.1,0.006032,999999.99,99999.99,99999.99,0.25,0.14,0.1,-1,2009-04-04 06:00:00
2009,94,7,2397,51,52,61,37,2.1,2.0,25.4,282.3,0.4,-1.8,0.9,-2.0,0.4,0.1,0.6,0.3,0.2,0.5,13668.0,9.7,285.0,-1.0,-2.0,0.003,928.0,0.4,1.0,0.2,0.3,0.0,1.33,-0.11,13.0,21.1,6.0,0.0027,0,0,6,0,70.1,32,-5,27,-0.1,0.006032,999999.99,99999.99,99999.99,0.25,0.11,0.08,-1,2009-04-04 07:00:00
2009,94,8,2397,51,52,59,36,2.2,1.9,17.8,282.9,0.4,-1.7,0.6,-1.8,0.2,0.1,1.2,0.4,0.3,1.1,13833.0,9.7,284.0,-1.1,-2.7,0.002,842.0,0.4,1.0,0.3,0.4,0.001,1.32,-0.06,11.86,20.1,6.0,0.0029,0,0,5,0,70.1,46,-18,28,-0.2,0.006032,999999.99,99999.99,99999.99,0.21,0.12,0.09,-1,2009-04-04 08:00:00
2009,94,9,2397,51,52,60,37,2.3,2.3,-8.8,310.4,1.5,-1.7,-0.3,-1.6,-0.7,0.1,0.6,0.2,0.1,0.5,13958.0,10.5,283.0,-1.2,-3.1,9.999,517.0,0.7,1.0,0.4,0.2,9.999,1.68,0.2,11.75,19.9,6.0,0.003,3,0,6,2,70.1,50,-16,34,-0.0,0.006032,999999.99,99999.99,99999.99,0.21,0.11,0.08,-1,2009-04-04 09:00:00
2009,94,10,2397,51,52,60,36,2.8,2.6,8.9,304.2,1.4,-2.1,0.4,-2.1,-0.1,0.2,1.1,0.3,0.3,1.0,17195.0,10.8,285.0,-2.1,-3.1,0.003,1443.0,0.4,1.0,0.2,0.6,0.001,1.48,0.03,8.34,16.7,5.8,0.0043,3,0,6,2,70.1,42,-20,22,0.1,0.006032,999999.99,99999.99,99999.99,0.24,0.14,0.11,-1,2009-04-04 10:00:00
2009,94,11,2397,51,52,60,37,3.8,3.4,-3.0,328.5,2.9,-1.8,-0.2,-1.7,-0.6,0.7,1.7,1.1,0.5,1.2,21837.0,11.9,284.0,-2.4,-1.9,0.004,3591.0,1.8,4.0,0.6,1.3,0.002,1.63,0.17,5.15,12.9,5.5,0.0072,3,0,7,2,70.1,37,-20,17,0.2,0.006032,999999.99,99999.99,99999.99,0.22,0.12,0.1,-1,2009-04-04 11:00:00
2009,94,12,2397,51,52,59,36,3.9,3.8,9.3,324.5,3.0,-2.2,0.6,-2.3,0.1,0.4,1.0,0.4,0.4,0.8,19150.0,12.1,286.0,-3.9,0.0,0.002,1654.0,0.5,2.0,0.4,0.5,0.0,1.67,-0.03,4.88,12.8,5.6,0.0073,3,0,7,2,70.1,41,-20,21,0.5,0.006032,999999.99,99999.99,99999.99,0.21,0.11,0.08,-1,2009-04-04 12:00:00
2009,94,13,2397,51,52,59,36,3.5,3.4,-2.7,323.6,2.8,-2.0,-0.2,-1.9,-0.7,0.1,0.5,0.2,0.1,0.5,16376.0,11.1,282.0,-4.4,-0.4,0.003,561.0,0.5,2.0,0.2,0.4,0.001,1.49,0.2,5.46,13.4,5.6,0.0066,3,0,8,2,70.1,94,-73,20,0.6,0.006032,999999.99,99999.99,99999.99,0.26,0.15,0.1,-1,2009-04-04 13:00:00
2009,94,14,2397,51,52,61,37,3.1,2.9,0.1,326.2,2.4,-1.6,0.0,-1.5,-0.5,0.4,1.2,0.3,0.2,1.1,15478.0,10.1,278.0,-4.2,-0.6,0.006,609.0,0.6,1.0,0.3,0.5,0.007,1.33,0.14,6.29,14.2,5.6,0.0059,3,0,8,2,70.1,70,-54,16,0.8,0.006032,999999.99,99999.99,99999.99,0.2,0.13,0.11,-1,2009-04-04 14:00:00
2009,94,15,2397,51,52,63,39,2.0,1.9,-18.9,335.0,1.7,-0.8,-0.6,-0.6,-0.8,0.4,0.7,0.4,0.3,0.6,15566.0,11.4,282.0,-3.1,-0.3,9.999,1771.0,0.7,6.0,0.5,0.8,9.999,1.81,0.23,17.06,23.8,6.0,0.0021,3,0,7,2,70.1,28,-18,10,0.8,0.006032,999999.99,99999.99,99999.99,0.18,0.1,0.08,-1,2009-04-04 15:00:00
2009,94,16,2397,51,52,59,36,0.8,0.7,-20.0,352.8,0.7,-0.1,-0.3,0.0,-0.3,0.4,0.5,0.3,0.1,0.4,16523.0,13.3,290.0,-2.6,0.6,0.002,1158.0,0.6,0.0,0.1,0.3,0.0,1.88,0.09,125.26,66.1,6.3,0.0003,3,0,6,2,70.1,27,-17,9,0.6,0.006032,999999.99,99999.99,99999.99,0.24,0.11,0.08,-1,2009-04-04 16:00:00
2009,94,17,2397,51,52,62,38,0.5,0.4,-55.6,76.3,0.1,0.2,-0.3,0.3,-0.2,0.2,0.4,0.2,0.2,0.2,16471.0,14.4,293.0,-2.3,0.9,0.001,558.0,0.4,2.0,0.2,0.3,0.0,2.07,0.06,347.05,111.2,6.4,0.0001,3,0,7,2,70.1,30,-20,9,0.5,0.006032,999999.99,99999.99,99999.99,0.25,0.1,0.08,-1,2009-04-04 17:00:00
2009,94,18,2397,51,52,60,36,1.6,1.4,-28.7,142.0,-1.0,0.8,-0.7,1.0,-0.3,0.2,0.8,0.5,0.2,0.5,16171.0,14.3,295.0,-1.8,1.0,0.002,1000.0,0.3,1.0,0.1,0.2,0.0,2.09,0.09,33.59,34.9,6.4,0.001,3,0,10,2,70.1,33,-21,12,0.4,0.006032,999999.99,99999.99,99999.99,0.2,0.11,0.09,-1,2009-04-04 18:00:00
2009,94,19,2397,51,52,60,36,1.6,1.3,-25.9,175.1,-1.2,0.1,-0.6,0.4,-0.5,0.3,0.9,0.5,0.5,0.6,15844.0,15.1,295.0,-1.3,0.5,0.001,1844.0,0.6,1.0,0.2,0.2,0.0,2.2,0.15,35.39,35.8,6.4,0.0009,3,0,12,2,70.1,27,-14,14,0.2,0.006032,999999.99,99999.99,99999.99,0.28,0.12,0.09,-1,2009-04-04 19:00:00
2009,94,20,2397,51,52,60,36,1.1,0.6,41.4,273.9,0.0,-0.5,0.4,-0.6,0.1,0.4,0.9,0.5,0.7,0.5,16996.0,14.9,296.0,-1.5,1.3,0.002,1383.0,0.7,1.0,0.3,0.3,0.0,2.2,-0.03,74.46,51.9,6.4,0.0004,3,0,13,2,70.1,23,-9,14,0.2,0.006032,999999.99,99999.99,99999.99,0.27,0.11,0.08,-1,2009-04-04 20:00:00
2009,94,21,2397,51,52,59,37,1.3,0.9,-22.9,40.0,0.7,0.6,-0.4,0.7,0.0,0.4,0.9,0.5,0.6,0.4,12881.0,13.3,293.0,-1.1,1.8,0.001,1708.0,0.6,1.0,0.5,0.2,0.0,1.91,-0.0,46.24,41.1,6.4,0.0007,3,0,12,2,70.1,23,-10,12,0.2,0.006032,999999.99,99999.99,99999.99,0.22,0.11,0.08,-1,2009-04-04 21:00:00
2009,94,22,2397,51,52,59,33,1.8,1.5,8.0,319.6,1.2,-1.0,0.2,-0.9,-0.4,0.3,0.9,0.3,0.4,0.8,13788.0,14.5,293.0,-1.8,2.0,0.002,1360.0,0.7,2.0,0.4,0.6,0.0,2.1,0.12,26.47,31.0,6.3,0.0012,3,0,10,2,70.1,24,-9,14,0.3,0.006032,999999.99,99999.99,99999.99,0.27,0.15,0.1,-1,2009-04-04 22:00:00
2009,94,23,2397,51,52,64,40,3.3,2.8,23.6,133.5,-1.8,1.9,1.1,1.0,2.0,0.5,1.7,1.0,0.9,1.1,15172.0,11.8,289.0,-2.4,2.5,0.003,2850.0,1.8,5.0,0.9,0.7,0.001,1.67,-0.58,6.47,15.0,5.9,0.0053,3,0,7,2,70.1,23,-11,12,0.2,0.006032,999999.99,99999.99,99999.99,0.23,0.12,0.09,-1,2009-04-04 23:00:00
2009,95,0,2397,51,52,62,38,4.0,2.4,-33.3,165.4,-1.9,0.5,-1.3,1.1,-0.8,0.9,3.3,1.6,1.5,2.4,43930.0,8.6,311.0,1.1,3.3,0.008,10731.0,1.1,4.0,1.2,1.6,0.002,1.43,0.25,3.85,11.4,5.5,0.0092,13,0,4,5,70.5,19,-8,11,0.1,0.006074,999999.99,99999.99,99999.99,0.22,0.13,0.11,-1,2009-04-05 00:00:00
2009,95,1,2397,51,52,59,35,4.3,3.5,-76.1,221.8,-0.6,-0.6,-3.4,1.2,-3.2,0.6,2.4,1.7,1.4,0.9,41510.0,8.4,319.0,1.2,3.5,0.008,5102.0,0.8,3.0,0.5,0.7,0.001,1.47,1.02,3.21,10.8,5.5,0.0103,13,0,5,5,70.5,26,-5,20,0.5,0.006074,999999.99,99999.99,99999.99,0.21,0.1,0.08,-1,2009-04-05 01:00:00
2009,95,2,2397,51,52,58,35,4.2,4.1,-67.4,220.6,-1.2,-1.0,-3.8,0.9,-3.8,0.4,0.9,0.5,0.6,0.4,38296.0,6.6,310.0,0.3,4.1,0.009,5128.0,0.9,4.0,0.6,0.9,0.001,1.1,1.18,2.59,9.5,5.3,0.0132,13,0,3,5,70.5,31,-11,20,0.4,0.006074,999999.99,99999.99,99999.99,0.22,0.11,0.08,-1,2009-04-05 02:00:00
2009,95,3,2397,51,52,62,38,4.4,4.2,-40.7,189.5,-3.2,-0.5,-2.8,0.8,-2.7,0.3,1.1,0.8,0.5,0.5,40014.0,7.6,310.0,0.9,3.5,0.009,2680.0,0.7,5.0,0.4,0.7,0.001,1.26,0.84,2.75,9.7,5.3,0.0126,17,0,6,6,70.5,28,-11,17,0.3,0.006074,999999.99,99999.99,99999.99,0.21,0.12,0.1,-1,2009-04-05 03:00:00
2009,95,4,2397,51,52,64,39,4.6,3.9,-42.3,174.4,-2.9,0.3,-2.6,1.3,-2.3,0.9,2.6,2.0,1.5,0.8,32833.0,9.2,321.0,2.2,4.7,0.007,6070.0,3.2,5.0,1.0,0.7,0.003,1.63,0.74,2.92,10.6,5.6,0.0106,17,0,12,6,70.5,32,-4,28,0.4,0.006074,999999.99,99999.99,99999.99,0.22,0.12,0.1,-1,2009-04-05 04:00:00
2009,95,5,2397,51,52,63,34,5.2,4.6,-27.6,149.6,-3.5,2.1,-2.1,2.7,-1.2,1.9,3.1,1.8,1.6,1.9,40021.0,9.1,338.0,5.4,5.9,0.019,13060.0,4.9,12.0,1.9,2.3,0.005,1.87,0.41,2.36,9.8,5.6,0.0124,17,0,11,6,70.5,35,-3,32,0.2,0.006074,999999.99,99999.99,99999.99,0.23,0.14,0.1,-1,2009-04-05 05:00:00
2009,95,6,2397,51,52,62,32,5.1,4.2,-4.2,134.2,-3.0,3.0,-0.3,2.9,0.7,1.2,2.9,1.8,1.9,1.2,71521.0,6.4,344.0,4.8,1.4,0.029,16890.0,1.0,5.0,1.0,0.6,0.004,1.41,-0.24,2.05,8.5,5.1,0.0163,17,0,4,6,70.5,57,-16,41,0.6,0.006074,999999.99,99999.99,99999.99,0.28,0.13,0.1,-1,2009-04-05 06:00:00
2009,95,7,2397,51,52,60,37,5.4,4.8,37.1,316.9,2.8,-2.6,2.9,-3.3,2.1,0.7,2.4,1.1,1.6,1.5,67208.0,7.9,361.0,5.5,-0.5,0.017,8951.0,0.8,4.0,1.1,1.3,0.004,1.84,-0.76,2.2,9.4,5.5,0.0135,17,0,5,6,70.5,137,-92,45,0.2,0.006074,999999.99,99999.99,99999.99,0.26,0.16,0.12,-1,2009-04-05 07:00:00
2009,95,8,2397,51,52,58,36,5.2,4.4,28.8,92.0,-0.1,3.8,2.1,3.2,3.0,0.3,2.8,1.3,1.1,2.2,71117.0,8.2,353.0,2.5,-1.5,0.021,7132.0,0.9,5.0,0.7,1.8,0.004,1.85,-1.06,2.52,9.7,5.5,0.0126,17,0,4,6,70.5,95,-62,33,0.1,0.006074,999999.99,99999.99,99999.99,0.23,0.13,0.1,-1,2009-04-05 08:00:00
2009,95,9,2397,51,52,63,39,4.6,3.3,-14.0,118.5,-1.5,2.8,-0.8,2.9,-0.1,1.2,3.4,2.1,1.1,2.5,64774.0,7.3,350.0,2.4,0.0,0.025,9658.0,1.2,9.0,0.8,2.6,0.011,1.64,0.04,2.77,10.3,5.6,0.0113,10,0,3,4,70.5,145,-121,23,0.7,0.006074,999999.99,99999.99,99999.99,0.24,0.1,0.07,-1,2009-04-05 09:00:00
2009,95,10,2397,51,52,61,35,3.4,2.9,22.5,119.3,-1.3,2.3,1.1,2.0,1.6,0.4,1.8,1.2,0.5,1.3,61113.0,8.4,364.0,1.8,-2.0,0.038,2760.0,0.6,3.0,0.4,0.5,0.002,2.14,-0.58,5.73,15.5,6.4,0.0049,10,0,8,4,70.5,116,-91,24,0.3,0.006074,999999.99,99999.99,99999.99,0.26,0.13,0.09,-1,2009-04-05 10:00:00
2009,95,11,2397,51,52,60,37,3.4,3.0,-20.5,131.1,-1.8,2.1,-1.0,2.3,-0.5,0.5,1.5,0.9,0.8,0.9,60497.0,7.1,365.0,1.9,-2.3,0.036,3229.0,0.5,3.0,0.4,0.5,0.002,1.81,0.18,4.83,14.3,6.3,0.0058,10,0,8,4,70.5,45,-23,21,0.1,0.006074,999999.99,99999.99,99999.99,0.23,0.11,0.09,-1,2009-04-05 11:00:00
2009,95,12,2397,51,52,58,35,2.1,1.9,13.7,159.9,-1.8,0.6,0.5,0.5,0.6,0.4,1.0,0.6,0.7,0.3,63891.0,7.6,359.0,3.1,-0.3,0.037,3766.0,0.5,4.0,0.4,0.5,0.002,1.88,-0.22,13.78,23.6,6.6,0.0021,7,0,8,3,70.5,45,-28,17,-0.0,0.006074,999999.99,99999.99,99999.99,0.21,0.11,0.08,-1,2009-04-05 12:00:00
2009,95,13,2397,51,52,60,37,3.8,3.7,-6.5,173.1,-3.6,0.4,-0.4,0.5,-0.3,0.3,0.9,0.3,0.8,0.3,58349.0,7.5,355.0,2.5,1.1,0.035,4473.0,0.5,2.0,0.2,0.2,0.004,1.8,0.11,4.03,12.8,6.0,0.0073,7,0,8,3,70.5,39,-18,21,0.2,0.006074,999999.99,99999.99,99999.99,0.21,0.11,0.08,-1,2009-04-05 13:00:00
2009,95,14,2397,51,52,59,36,3.6,3.5,-9.1,195.2,-3.3,-0.9,-0.6,-0.7,-0.8,0.2,0.9,0.5,0.5,0.6,54419.0,6.7,353.0,2.6,0.7,0.032,3602.0,0.4,3.0,0.3,0.5,0.003,1.57,0.28,3.93,12.7,6.1,0.0074,7,0,5,3,70.5,29,-18,11,0.3,0.006074,999999.99,99999.99,99999.99,0.22,0.12,0.09,-1,2009-04-05 14:00:00
2009,95,15,2397,51,52,59,35,3.4,3.4,-1.3,190.8,-3.3,-0.6,-0.1,-0.5,-0.3,0.2,0.6,0.3,0.3,0.4,47207.0,5.6,349.0,2.5,-0.2,0.034,3438.0,0.3,2.0,0.3,0.3,0.003,1.29,0.1,3.54,12.1,6.0,0.0081,13,0,3,5,70.5,26,-18,8,0.4,0.006074,999999.99,99999.99,99999.99,0.23,0.12,0.09,-1,2009-04-05 15:00:00
2009,95,16,2397,51,52,66,40,3.7,3.2,-12.3,167.8,-3.1,0.7,-0.7,0.9,-0.4,0.4,1.9,1.2,1.1,0.9,52806.0,5.3,354.0,2.0,-0.2,0.034,12987.0,0.3,8.0,0.4,0.6,0.004,1.26,0.14,2.92,11.0,5.9,0.0098,13,0,3,5,70.5,29,-20,9,0.5,0.006074,999999.99,99999.99,99999.99,0.22,0.13,0.09,-1,2009-04-05 16:00:00
2009,95,17,2397,51,52,58,35,3.5,3.3,38.3,56.7,1.4,2.2,2.0,1.2,2.7,0.6,1.1,0.8,0.7,0.5,96047.0,4.8,390.0,2.0,-1.3,0.022,15829.0,0.3,7.0,1.0,0.6,0.003,1.33,-1.05,3.66,12.2,6.0,0.008,13,0,3,5,70.5,43,-30,13,0.8,0.006074,999999.99,99999.99,99999.99,0.17,0.1,0.08,-1,2009-04-05 17:00:00
2009,95,18,2397,51,52,62,38,5.1,5.0,3.7,135.2,-3.6,3.5,0.3,3.0,1.9,0.8,1.3,1.1,0.4,0.5,80757.0,3.0,387.0,2.0,0.2,0.025,10315.0,0.9,12.0,1.8,0.7,0.003,0.83,-0.74,1.0,6.6,4.8,0.0275,7,0,0,3,70.5,24,-18,6,-0.1,0.006074,999999.99,99999.99,99999.99,0.21,0.1,0.07,-1,2009-04-05 18:00:00
2009,95,19,2397,51,52,61,35,4.9,4.7,-6.1,135.2,-3.3,3.3,-0.5,3.1,1.2,0.4,1.3,0.9,0.6,0.6,66124.0,3.4,390.0,0.5,-0.1,0.017,11348.0,0.5,8.0,1.0,0.6,0.004,0.92,-0.47,1.15,7.3,5.2,0.0221,7,0,2,3,70.5,21,-10,10,0.0,0.006074,999999.99,99999.99,99999.99,0.25,0.14,0.1,-1,2009-04-05 19:00:00
2009,95,20,2397,51,52,63,39,5.0,4.9,-5.8,148.5,-4.2,2.6,-0.5,2.5,0.9,0.2,0.9,0.5,0.6,0.4,57610.0,3.1,399.0,1.6,0.4,0.017,9761.0,0.6,13.0,1.7,0.3,0.003,0.88,-0.36,0.96,7.0,5.2,0.0241,7,0,3,3,70.5,17,-5,12,0.2,0.006074,999999.99,99999.99,99999.99,0.22,0.11,0.08,-1,2009-04-05 20:00:00
2009,95,21,2397,51,52,59,33,5.0,5.0,-12.3,161.9,-4.7,1.5,-1.1,1.9,-0.1,0.1,0.3,0.1,0.2,0.2,48255.0,2.4,405.0,4.0,1.2,0.02,14626.0,0.5,6.0,0.5,0.4,0.002,0.71,0.04,0.71,6.3,4.9,0.0302,3,0,2,2,70.5,22,-8,14,0.4,0.006074,999999.99,99999.99,99999.99,0.24,0.16,0.11,-1,2009-04-05 21:00:00
2009,95,22,2397,51,52,61,38,5.0,4.9,-7.4,163.6,-4.7,1.4,-0.6,1.5,0.3,0.1,0.4,0.1,0.3,0.3,39242.0,2.2,402.0,2.7,0.3,0.02,9096.0,0.6,6.0,0.5,0.6,0.004,0.64,-0.12,0.61,6.0,4.8,0.0335,3,0,-1,2,70.5,22,-12,10,0.3,0.006074,999999.99,99999.99,99999.99,0.3,0.12,0.09,-1,2009-04-05 22:00:00
2009,95,23,2397,51,52,57,26,5.0,5.0,-2.4,159.2,-4.7,1.8,-0.2,1.6,0.8,0.1,0.3,0.1,0.2,0.2,30941.0,1.6,403.0,1.7,-0.2,0.025,12023.0,0.6,8.0,0.8,0.3,0.005,0.48,-0.32,0.42,5.1,4.4,0.0458,3,0,-4,2,70.5,22,-16,7,0.3,0.006074,999999.99,99999.99,99999.99,0.19,0.12,0.1,-1,2009-04-05 23:00:00
2009,96,0,2397,51,52,61,37,4.9,4.9,-4.1,152.8,-4.3,2.2,-0.4,2.1,0.8,0.1,0.6,0.2,0.4,0.4,26314.0,1.8,389.0,-0.7,0.2,0.025,6212.0,0.4,3.0,0.9,0.6,0.004,0.5,-0.31,0.48,5.3,4.5,0.0419,7,0,-4,3,68.9,20,-16,4,0.3,0.006083,999999.99,99999.99,99999.99,0.22,0.13,0.1,-1,2009-04-06 00:00:00
2009,96,1,2397,51,52,62,36,4.8,4.8,-6.7,155.3,-4.3,2.0,-0.6,2.0,0.5,0.1,0.5,0.2,0.3,0.3,28310.0,1.9,395.0,-0.7,-0.2,0.029,5810.0,0.3,4.0,0.4,0.4,0.004,0.55,-0.2,0.54,5.7,4.7,0.037,7,0,-6,3,68.9,17,-11,6,0.2,0.006083,999999.99,99999.99,99999.99,0.22,0.11,0.08,-1,2009-04-06 01:00:00
2009,96,2,2397,51,52,62,39,4.4,4.3,-7.4,170.5,-4.3,0.7,-0.6,0.9,-0.2,0.1,0.5,0.1,0.5,0.1,46790.0,3.0,416.0,-0.5,-1.3,0.027,8634.0,0.4,7.0,0.6,0.3,0.002,0.96,0.08,1.13,8.2,5.8,0.0177,7,0,-7,3,68.9,27,-17,10,0.2,0.006083,999999.99,99999.99,99999.99,0.27,0.15,0.11,-1,2009-04-06 02:00:00
2009,96,3,2397,51,52,58,36,4.4,4.4,-4.9,172.3,-4.3,0.6,-0.4,0.7,-0.1,0.1,0.2,0.0,0.2,0.1,44148.0,3.1,418.0,-1.0,-1.6,0.028,2847.0,0.1,2.0,0.3,0.1,0.001,1.01,0.04,1.15,8.4,5.9,0.017,3,0,-7,2,68.9,31,-18,13,0.2,0.006083,999999.99,99999.99,99999.99,0.26,0.15,0.12,-1,2009-04-06 03:00:00
2009,96,4,2397,51,52,60,36,4.3,4.3,-6.8,165.9,-4.2,1.0,-0.5,1.1,-0.1,0.1,0.2,0.1,0.1,0.1,44414.0,3.0,413.0,-0.2,-1.8,0.028,1850.0,0.1,1.0,0.2,0.1,0.002,0.95,0.04,1.17,8.3,5.9,0.0172,3,0,-4,2,68.9,27,-14,13,0.2,0.006083,999999.99,99999.99,99999.99,0.23,0.1,0.08,-1,2009-04-06 04:00:00
2009,96,5,2397,51,52,59,36,3.8,3.8,-6.2,169.2,-3.7,0.7,-0.4,0.8,-0.1,0.3,0.5,0.3,0.4,0.1,52642.0,3.3,410.0,0.6,-2.1,0.033,7199.0,0.2,7.0,0.7,0.3,0.003,1.05,0.04,1.72,9.8,6.2,0.0124,3,0,-1,2,68.9,22,-7,15,0.1,0.006083,999999.99,99999.99,99999.99,0.27,0.13,0.1,-1,2009-04-06 05:00:00
2009,96,6,2397,51,52,60,36,2.9,2.8,2.9,173.1,-2.8,0.3,0.1,0.3,0.2,0.4,0.7,0.4,0.3,0.5,65226.0,3.7,405.0,0.6,-1.7,0.039,9891.0,0.2,3.0,0.3,0.3,0.003,1.17,-0.08,3.54,13.4,6.7,0.0066,3,0,1,2,68.9,19,-2,17,0.1,0.006083,999999.99,99999.99,99999.99,0.26,0.14,0.11,-1,2009-04-06 06:00:00
2009,96,7,2397,51,52,60,37,2.8,1.9,20.1,84.0,0.2,1.8,0.7,1.5,1.2,0.3,2.0,1.8,0.8,0.3,65615.0,3.6,401.0,1.3,-1.8,0.032,8555.0,0.2,5.0,0.4,0.3,0.004,1.09,-0.48,3.71,13.6,6.6,0.0064,3,0,3,2,68.9,22,-8,14,-0.1,0.006083,999999.99,99999.99,99999.99,0.26,0.14,0.1,-1,2009-04-06 07:00:00
2009,96,8,2397,51,52,57,35,2.7,2.3,20.8,72.7,0.6,2.1,0.8,1.8,1.3,0.5,1.4,1.1,0.6,0.6,61878.0,3.6,397.0,1.2,-1.6,0.031,5047.0,0.2,7.0,0.3,0.3,0.004,1.07,-0.52,3.91,13.9,6.7,0.0061,3,0,4,2,68.9,32,-17,15,-0.2,0.006083,999999.99,99999.99,99999.99,0.31,0.11,0.08,-1,2009-04-06 08:00:00
2009,96,9,2397,51,52,62,37,2.3,1.9,6.8,129.9,-1.2,1.4,0.2,1.3,0.5,0.3,1.3,0.9,0.3,0.8,59759.0,3.9,389.0,1.7,-1.3,0.038,5516.0,0.2,4.0,0.3,0.4,0.002,1.14,-0.19,5.77,16.7,6.8,0.0043,13,0,6,5,68.9,42,-24,19,-0.1,0.006083,999999.99,99999.99,99999.99,0.22,0.11,0.08,-1,2009-04-06 09:00:00
2009,96,10,2397,51,52,61,37,2.5,2.4,32.9,112.2,-0.7,1.8,1.3,1.5,1.7,0.2,0.7,0.5,0.4,0.4,68949.0,4.8,401.0,1.5,-0.7,0.036,4498.0,0.3,3.0,0.2,0.3,0.002,1.47,-0.68,6.3,17.6,6.9,0.0039,13,0,7,5,68.9,46,-25,21,0.0,0.006083,999999.99,99999.99,99999.99,0.22,0.13,0.09,-1,2009-04-06 10:00:00
2009,96,11,2397,51,52,59,36,3.1,2.3,47.1,53.1,0.9,1.3,1.7,0.9,1.9,0.5,2.1,1.6,1.1,0.8,64521.0,5.1,404.0,0.7,-0.3,0.034,6410.0,0.4,5.0,0.6,0.5,0.004,1.58,-0.77,4.26,14.7,6.8,0.0055,13,0,6,5,68.9,40,-24,17,0.1,0.006083,999999.99,99999.99,99999.99,0.22,0.11,0.09,-1,2009-04-06 11:00:00
2009,96,12,2397,51,52,59,37,4.0,3.7,31.2,73.7,0.9,3.0,1.9,2.5,2.5,0.2,1.4,0.8,0.9,0.8,59592.0,5.3,398.0,0.1,0.1,0.032,4640.0,0.3,3.0,0.6,0.3,0.002,1.58,-0.99,2.59,11.5,6.4,0.0091,10,0,5,4,68.9,38,-22,16,-0.0,0.006083,999999.99,99999.99,99999.99,0.22,0.11,0.09,-1,2009-04-06 12:00:00
2009,96,13,2397,51,52,59,36,3.8,3.0,-6.9,136.9,-2.2,2.1,-0.4,2.1,0.1,0.2,2.3,1.7,1.1,1.0,59066.0,5.2,389.0,0.5,0.1,0.035,4925.0,0.2,4.0,1.1,0.3,0.002,1.5,-0.04,2.81,11.7,6.3,0.0087,10,0,5,4,68.9,34,-19,15,0.2,0.006083,999999.99,99999.99,99999.99,0.21,0.12,0.1,-1,2009-04-06 13:00:00
2009,96,14,2397,51,52,59,35,4.2,3.3,-27.0,166.6,-2.8,0.7,-1.5,1.1,-1.2,0.3,2.6,0.8,2.1,1.4,63223.0,5.0,386.0,1.0,0.4,0.029,6070.0,0.3,3.0,0.8,0.4,0.003,1.39,0.46,2.26,10.3,6.0,0.0113,10,0,3,4,68.9,32,-20,12,0.5,0.006083,999999.99,99999.99,99999.99,0.23,0.12,0.09,-1,2009-04-06 14:00:00
2009,96,15,2397,51,52,60,37,3.8,3.6,-28.9,160.5,-3.0,1.0,-1.7,1.5,-1.3,0.5,1.4,1.1,0.8,0.4,66632.0,4.6,380.0,1.6,0.3,0.028,6908.0,0.3,4.0,0.5,0.5,0.002,1.23,0.49,2.58,10.7,6.0,0.0103,13,0,3,5,68.9,91,-78,13,0.8,0.006083,999999.99,99999.99,99999.99,0.2,0.12,0.08,-1,2009-04-06 15:00:00
2009,96,16,2397,51,52,59,36,3.0,2.8,-14.8,193.8,-2.6,-0.7,-0.7,-0.4,-0.9,0.5,1.2,0.4,1.0,0.5,62513.0,5.2,377.0,2.2,-0.4,0.027,6907.0,0.3,4.0,0.4,0.3,0.002,1.37,0.34,4.59,14.3,6.4,0.0058,13,0,3,5,68.9,86,-76,10,0.6,0.006083,999999.99,99999.99,99999.99,0.26,0.13,0.1,-1,2009-04-06 16:00:00
2009,96,17,2397,51,52,61,36,2.8,1.9,51.3,155.5,-1.1,0.5,1.5,-0.2,1.6,0.6,2.1,1.3,1.2,1.2,61064.0,5.3,379.0,2.2,-1.5,0.027,8172.0,0.3,6.0,0.4,0.4,0.003,1.41,-0.61,5.33,15.6,6.6,0.0049,13,0,6,5,68.9,20,-9,11,0.2,0.006083,999999.99,99999.99,99999.99,0.2,0.12,0.09,-1,2009-04-06 17:00:00
2009,96,18,2397,51,52,59,36,4.6,3.8,16.5,103.6,-0.9,3.6,1.1,2.7,2.6,0.5,2.5,0.9,0.8,2.2,59859.0,5.9,379.0,1.1,-1.6,0.027,5313.0,0.4,3.0,0.6,0.6,0.002,1.57,-0.99,2.18,10.0,5.9,0.0119,3,0,9,2,68.9,20,-4,16,0.0,0.006083,999999.99,99999.99,99999.99,0.23,0.11,0.08,-1,2009-04-06 18:00:00
2009,96,19,2397,51,52,60,37,3.0,2.8,-22.6,101.5,-0.5,2.5,-1.1,2.7,0.3,0.6,1.3,1.0,0.5,0.6,66364.0,5.7,373.0,0.7,-0.7,0.027,4868.0,0.2,2.0,0.3,0.3,0.003,1.47,-0.11,5.13,14.8,6.4,0.0054,3,0,7,2,68.9,19,-3,16,0.3,0.006083,999999.99,99999.99,99999.99,0.2,0.13,0.09,-1,2009-04-06 19:00:00
2009,96,20,2397,51,52,62,38,3.5,3.0,24.8,24.2,2.5,1.1,1.3,0.3,1.7,0.8,1.9,1.2,0.8,1.2,52408.0,5.5,379.0,1.6,-2.0,0.018,11461.0,0.6,6.0,0.5,0.9,0.004,1.41,-0.64,3.38,12.7,6.4,0.0074,3,0,5,2,68.9,22,-3,19,0.3,0.006083,999999.99,99999.99,99999.99,0.18,0.1,0.07,-1,2009-04-06 20:00:00
2009,96,21,2397,51,52,60,37,4.2,4.2,24.3,5.2,3.8,0.3,1.7,-0.6,1.6,0.2,0.4,0.2,0.3,0.2,32352.0,4.7,384.0,1.9,-2.6,0.011,4248.0,0.3,1.0,0.3,0.2,0.002,1.21,-0.61,1.78,9.9,6.2,0.0121,7,0,4,3,68.9,19,-2,17,-0.0,0.006083,999999.99,99999.99,99999.99,0.25,0.12,0.09,-1,2009-04-06 21:00:00
2009,96,22,2397,51,52,59,36,4.4,4.3,16.5,6.2,4.1,0.4,1.2,-0.3,1.2,0.2,0.6,0.2,0.5,0.3,27067.0,4.3,381.0,2.2,-2.6,0.008,2251.0,0.1,1.0,0.3,0.2,0.001,1.08,-0.46,1.44,9.0,6.0,0.0148,7,0,2,3,68.9,22,-9,13,0.2,0.006083,999999.99,99999.99,99999.99,0.19,0.1,0.08,-1,2009-04-06 22:00:00
2009,96,23,2397,51,52,56,32,3.8,3.0,41.0,60.6,1.1,2.0,2.0,0.6,2.8,1.8,3.0,1.7,1.8,1.6,41113.0,4.7,367.0,1.4,-2.4,0.015,15841.0,0.7,4.0,0.6,0.5,0.005,1.12,-1.03,2.29,10.5,6.1,0.0109,7,0,4,3,68.9,22,-12,10,0.1,0.006083,999999.99,99999.99,99999.99,0.22,0.14,0.1,-1,2009-04-06 23:00:00
2009,97,0,2397,51,52,63,39,3.8,2.8,-12.3,152.3,-2.4,1.3,-0.6,1.4,0.2,0.8,2.6,0.8,2.4,0.7,57439.0,4.3,368.0,2.7,-1.8,0.023,9655.0,0.4,5.0,1.1,0.4,0.004,1.06,-0.07,2.3,10.0,5.8,0.0118,7,0,4,3,70.4,20,-8,12,0.3,0.006,999999.99,99999.99,99999.99,0.17,0.1,0.09,-1,2009-04-07 00:00:00
2009,97,1,2397,51,52,60,35,2.7,2.5,0.4,138.6,-1.9,1.7,0.0,1.5,0.9,0.5,1.0,0.2,0.7,0.7,67940.0,3.7,380.0,1.2,-1.1,0.026,6164.0,0.3,3.0,0.3,0.9,0.002,0.99,-0.34,4.14,13.5,6.3,0.0065,7,0,2,3,70.4,18,-9,9,0.2,0.006,999999.99,99999.99,99999.99,0.19,0.1,0.08,-1,2009-04-07 01:00:00
2009,97,2,2397,51,52,58,36,2.5,1.6,41.4,30.1,1.0,0.6,1.1,0.0,1.3,0.7,2.1,1.5,0.8,1.1,58957.0,3.9,377.0,1.1,-0.6,0.02,7260.0,0.3,4.0,0.3,0.9,0.002,1.0,-0.49,4.86,14.9,6.5,0.0054,7,0,1,3,70.4,23,-12,12,0.2,0.006,999999.99,99999.99,99999.99,0.25,0.11,0.09,-1,2009-04-07 02:00:00
2009,97,3,2397,51,52,57,35,2.6,2.4,38.2,216.0,-1.5,-1.1,1.5,-1.6,0.9,0.4,0.9,0.7,0.4,0.4,42377.0,4.1,358.0,2.6,-1.4,0.018,6476.0,0.4,4.0,0.5,0.6,0.001,0.94,-0.32,4.31,13.9,6.4,0.0061,7,0,1,3,70.4,32,-17,15,0.3,0.006,999999.99,99999.99,99999.99,0.19,0.1,0.07,-1,2009-04-07 03:00:00
2009,97,4,2397,51,52,60,37,2.9,2.9,13.5,191.4,-2.8,-0.6,0.7,-0.8,0.4,0.1,0.4,0.2,0.2,0.4,35408.0,3.9,351.0,1.9,-1.5,0.021,2393.0,0.2,2.0,0.2,0.3,0.003,0.87,-0.14,3.16,12.0,6.2,0.0083,7,0,1,3,70.4,35,-17,18,0.3,0.006,999999.99,99999.99,99999.99,0.24,0.13,0.11,-1,2009-04-07 04:00:00
2009,97,5,2397,51,52,59,35,3.0,3.0,-5.3,189.8,-3.0,-0.5,-0.3,-0.4,-0.5,0.1,0.3,0.1,0.2,0.2,32703.0,3.8,350.0,1.8,-1.3,0.022,2988.0,0.2,1.0,0.2,0.3,0.002,0.85,0.17,2.83,11.4,6.1,0.0092,7,0,2,3,70.4,29,-14,16,0.3,0.006,999999.99,99999.99,99999.99,0.26,0.13,0.1,-1,2009-04-07 05:00:00
2009,97,6,2397,51,52,59,37,2.9,2.8,-6.2,188.9,-2.7,-0.4,-0.3,-0.3,-0.4,0.1,0.7,0.1,0.4,0.5,34015.0,4.2,350.0,1.5,-1.2,0.022,2766.0,0.2,2.0,0.2,0.3,0.003,0.93,0.14,3.37,12.4,6.3,0.0078,10,0,4,4,70.4,24,-5,19,0.0,0.006,999999.99,99999.99,99999.99,0.21,0.12,0.1,-1,2009-04-07 06:00:00
2009,97,7,2397,51,52,65,38,2.6,2.5,-5.3,190.9,-2.4,-0.5,-0.2,-0.4,-0.3,0.4,0.9,0.5,0.7,0.4,45326.0,4.2,357.0,0.5,-0.4,0.026,10947.0,0.2,12.0,1.1,0.3,0.003,0.99,0.11,4.49,14.1,6.4,0.006,10,0,5,4,70.4,54,-28,26,0.2,0.006,999999.99,99999.99,99999.99,0.23,0.12,0.09,-1,2009-04-07 07:00:00
2009,97,8,2397,51,52,60,37,2.1,2.0,-6.6,158.9,-1.9,0.7,-0.2,0.7,0.0,0.2,0.7,0.4,0.5,0.3,57971.0,4.8,373.0,-0.2,0.1,0.027,3239.0,0.2,3.0,0.2,0.3,0.001,1.24,-0.0,8.44,19.5,6.8,0.0031,10,0,5,4,70.4,94,-72,22,0.2,0.006,999999.99,99999.99,99999.99,0.26,0.13,0.1,-1,2009-04-07 08:00:00
2009,97,9,2397,51,52,60,36,2.4,1.9,-30.6,123.8,-0.9,1.4,-1.0,1.6,-0.7,0.3,1.4,1.0,0.7,0.6,56644.0,5.1,370.0,0.4,-0.6,0.028,2850.0,0.3,2.0,0.2,0.3,0.003,1.3,0.26,6.81,17.4,6.6,0.0039,7,0,5,3,70.4,59,-30,29,0.3,0.006,999999.99,99999.99,99999.99,0.24,0.11,0.09,-1,2009-04-07 09:00:00
2009,97,10,2397,51,52,58,36,2.5,2.4,-2.9,28.8,2.1,1.1,-0.1,1.1,0.1,0.2,0.8,0.5,0.4,0.6,51478.0,5.4,364.0,0.2,-0.1,0.025,2907.0,0.2,3.0,0.2,0.2,0.001,1.31,-0.04,6.46,16.9,6.6,0.0042,7,0,6,3,70.4,83,-65,19,0.3,0.006,999999.99,99999.99,99999.99,0.21,0.1,0.07,-1,2009-04-07 10:00:00
2009,97,11,2397,51,52,63,38,2.7,1.9,-11.0,94.0,-0.1,1.9,-0.4,1.9,0.0,0.5,1.9,1.7,0.5,0.6,55734.0,5.3,368.0,-0.3,-0.5,0.026,4069.0,0.6,7.0,0.6,0.5,0.003,1.32,-0.0,5.57,15.7,6.5,0.0048,7,0,5,3,70.4,39,-24,15,0.3,0.006,999999.99,99999.99,99999.99,0.24,0.1,0.07,-1,2009-04-07 11:00:00
2009,97,12,2397,51,52,58,36,2.0,0.5,-6.3,102.4,-0.1,0.5,-0.1,0.5,0.0,0.7,2.0,1.3,1.2,0.9,56335.0,5.7,369.0,-1.6,-0.2,0.024,3554.0,0.6,3.0,0.4,0.5,0.002,1.42,-0.0,10.95,22.0,6.8,0.0025,3,0,6,2,70.4,60,-50,11,0.3,0.006,999999.99,99999.99,99999.99,0.22,0.11,0.07,-1,2009-04-07 12:00:00
2009,97,13,2397,51,52,61,37,2.3,1.4,-0.1,102.6,-0.3,1.4,0.0,1.4,0.4,0.7,2.0,1.4,1.3,0.6,51799.0,5.8,367.0,-3.0,0.2,0.019,4529.0,0.3,3.0,0.9,0.2,0.003,1.4,-0.15,8.22,19.2,6.8,0.0032,3,0,5,2,70.4,31,-22,9,0.2,0.006,999999.99,99999.99,99999.99,0.2,0.13,0.09,-1,2009-04-07 13:00:00
2009,97,14,2397,51,52,58,35,2.8,2.5,3.1,60.8,1.2,2.2,0.1,2.1,0.7,0.4,1.2,0.8,0.8,0.5,46429.0,6.0,371.0,-3.5,-0.4,0.017,2246.0,0.4,4.0,0.5,0.4,0.006,1.47,-0.26,5.56,16.2,6.7,0.0045,3,0,6,2,70.4,31,-21,10,0.1,0.006,999999.99,99999.99,99999.99,0.21,0.12,0.09,-1,2009-04-07 14:00:00
2009,97,15,2397,51,52,58,33,2.7,1.4,-16.1,105.2,-0.3,1.3,-0.4,1.4,0.0,0.6,2.3,1.6,1.3,1.0,46249.0,6.1,357.0,-2.8,-0.1,0.012,6513.0,0.8,4.0,0.6,0.6,0.005,1.36,-0.0,6.08,16.3,6.5,0.0045,3,0,7,2,70.4,29,-21,8,0.3,0.006,999999.99,99999.99,99999.99,0.22,0.12,0.1,-1,2009-04-07 15:00:00
2009,97,16,2397,51,52,56,34,2.7,2.6,18.7,293.6,1.0,-2.2,0.8,-2.3,-0.1,0.2,1.0,0.7,0.5,0.4,27112.0,6.4,337.0,-1.4,-0.1,0.005,3700.0,0.2,7.0,0.3,0.5,0.001,1.24,0.03,5.68,15.8,6.5,0.0048,3,0,5,2,70.4,33,-23,10,1.0,0.006,999999.99,99999.99,99999.99,0.23,0.12,0.09,-1,2009-04-07 16:00:00
2009,97,17,2397,51,52,63,39,2.3,2.0,5.7,277.6,0.3,-2.0,0.2,-1.9,-0.6,0.2,0.9,0.4,0.6,0.6,29396.0,5.8,335.0,-1.5,-1.0,0.005,3363.0,0.3,4.0,0.4,0.7,0.001,1.11,0.2,7.2,17.5,6.5,0.0039,3,0,5,2,70.4,40,-31,9,1.0,0.006,999999.99,99999.99,99999.99,0.24,0.14,0.09,-1,2009-04-07 17:00:00
2009,97,18,2397,51,52,57,33,2.6,2.4,-2.4,276.6,0.3,-2.3,-0.1,-2.0,-1.1,0.1,1.1,1.0,0.3,0.3,25239.0,5.0,334.0,-0.0,-0.5,0.006,3603.0,0.5,6.0,0.5,0.3,0.001,0.95,0.37,4.73,14.4,6.4,0.0058,3,0,3,2,70.4,27,-17,10,0.9,0.006,999999.99,99999.99,99999.99,0.23,0.12,0.08,-1,2009-04-07 18:00:00
2009,97,19,2397,51,52,64,38,2.8,2.1,4.6,287.7,0.6,-2.0,0.2,-1.8,-0.8,0.3,1.9,1.2,1.3,0.5,28164.0,4.1,336.0,-0.1,-0.9,0.008,6450.0,0.8,7.0,1.2,0.7,0.001,0.8,0.27,3.41,12.1,6.1,0.0081,3,0,-1,2,70.4,20,-6,14,0.9,0.006,999999.99,99999.99,99999.99,0.23,0.14,0.09,-1,2009-04-07 19:00:00
2009,97,20,2397,51,52,61,34,3.2,3.1,22.6,359.2,2.9,0.0,1.2,-0.6,1.0,0.3,0.8,0.3,0.7,0.2,16424.0,3.8,352.0,-2.3,-1.8,0.007,4669.0,1.0,3.0,0.2,0.5,0.001,0.81,-0.35,2.24,10.7,6.3,0.0103,3,0,-4,2,70.4,17,-3,14,0.3,0.006,999999.99,99999.99,99999.99,0.24,0.13,0.08,-1,2009-04-07 20:00:00
2009,97,21,2397,51,52,58,36,3.1,2.8,25.7,334.5,2.3,-1.1,1.2,-1.6,0.4,0.2,1.4,1.0,0.9,0.3,26749.0,4.1,349.0,-1.4,-1.7,0.01,6322.0,0.6,4.0,0.7,0.6,0.003,0.87,-0.14,2.75,11.4,6.2,0.0092,3,0,-5,2,70.4,17,-3,14,0.6,0.006,999999.99,99999.99,99999.99,0.21,0.11,0.07,-1,2009-04-07 21:00:00
2009,97,22,2397,51,52,61,37,3.3,3.1,14.7,35.0,2.4,1.7,0.8,1.0,1.6,0.3,1.1,0.7,0.7,0.6,34062.0,3.4,346.0,-1.1,-2.2,0.02,9943.0,0.2,3.0,0.5,0.3,0.005,0.73,-0.55,2.11,9.7,5.8,0.0127,3,0,-7,2,70.4,15,-5,10,0.3,0.006,999999.99,99999.99,99999.99,0.19,0.1,0.08,-1,2009-04-07 22:00:00
2009,97,23,2397,51,52,62,38,2.6,2.3,7.3,71.8,0.7,2.2,0.3,1.7,1.4,0.3,1.2,0.8,0.5,0.8,47471.0,3.7,353.0,-0.2,-2.6,0.023,8062.0,0.3,5.0,0.5,0.6,0.004,0.84,-0.49,4.0,13.1,6.2,0.007,3,0,-4,2,70.4,17,-10,7,0.3,0.006,999999.99,99999.99,99999.99,0.26,0.13,0.1,-1,2009-04-07 23:00:00
2009,98,0,2397,51,52,59,34,2.4,1.9,27.5,64.8,0.7,1.6,0.9,0.9,1.6,0.5,1.5,0.6,1.0,0.8,39859.0,4.6,361.0,-0.2,-2.3,0.015,12438.0,1.1,3.0,0.8,0.7,0.009,1.06,-0.58,5.59,16.1,6.7,0.0046,3,0,-1,2,70.2,23,-13,11,0.3,0.006024,999999.99,99999.99,99999.99,0.23,0.14,0.11,-1,2009-04-08 00:00:00
2009,98,1,2397,51,52,60,36,1.4,1.3,2.7,109.4,-0.4,1.2,0.1,1.0,0.7,0.3,0.7,0.3,0.5,0.4,20151.0,6.3,357.0,0.6,-1.3,0.003,1752.0,0.3,1.0,0.2,0.3,0.0,1.36,-0.25,19.86,32.0,7.5,0.0012,3,0,0,2,70.2,20,-13,8,0.2,0.006024,999999.99,99999.99,99999.99,0.23,0.13,0.08,-1,2009-04-08 01:00:00
2009,98,2,2397,51,52,59,36,1.2,1.1,-8.2,187.5,-1.1,-0.1,-0.2,0.0,-0.2,0.0,0.4,0.1,0.2,0.3,18584.0,6.0,358.0,0.7,-1.4,0.004,1246.0,0.1,1.0,0.1,0.1,0.001,1.3,0.07,25.47,36.5,7.6,0.0009,3,0,-1,2,70.2,29,-17,12,0.3,0.006024,999999.99,99999.99,99999.99,0.23,0.11,0.09,-1,2009-04-08 02:00:00
2009,98,3,2397,51,52,59,36,1.3,1.3,-14.7,185.9,-1.2,-0.1,-0.3,0.0,-0.3,0.3,0.4,0.3,0.3,0.2,16791.0,6.3,354.0,0.5,-1.7,0.003,2703.0,0.3,3.0,0.2,0.1,0.001,1.33,0.11,22.51,34.2,7.6,0.001,13,0,0,5,70.2,32,-17,16,0.3,0.006024,999999.99,99999.99,99999.99,0.21,0.11,0.08,-1,2009-04-08 03:00:00
2009,98,4,2397,51,52,60,37,1.5,1.5,-9.7,184.6,-1.4,-0.1,-0.2,0.0,-0.2,0.1,0.2,0.1,0.1,0.1,13333.0,6.9,350.0,0.8,-1.7,0.003,692.0,0.1,1.0,0.0,0.1,0.0,1.43,0.07,18.08,30.6,7.5,0.0013,13,0,1,5,70.2,32,-16,16,0.2,0.006024,999999.99,99999.99,99999.99,0.25,0.13,0.11,-1,2009-04-08 04:00:00
2009,98,5,2397,51,52,60,37,1.5,1.5,-4.6,192.5,-1.4,-0.3,-0.1,-0.2,-0.2,0.1,0.2,0.1,0.1,0.1,12457.0,7.0,349.0,1.0,-1.6,0.003,522.0,0.1,1.0,0.1,0.1,0.0,1.44,0.07,18.23,30.8,7.5,0.0013,13,0,2,5,70.2,35,-12,24,0.3,0.006024,999999.99,99999.99,99999.99,0.24,0.13,0.1,-1,2009-04-08 05:00:00
2009,98,6,2397,51,52,60,36,1.7,1.7,-4.3,181.8,-1.7,-0.1,-0.1,-0.1,-0.1,0.1,0.2,0.1,0.2,0.1,12440.0,6.6,349.0,1.3,-1.8,0.003,538.0,0.2,1.0,0.2,0.2,0.0,1.36,0.03,13.38,26.4,7.4,0.0017,13,0,3,5,70.2,29,-5,23,0.2,0.006024,999999.99,99999.99,99999.99,0.23,0.12,0.09,-1,2009-04-08 06:00:00
2009,98,7,2397,51,52,59,36,1.7,1.7,-16.2,185.1,-1.6,-0.1,-0.5,0.0,-0.5,0.1,0.2,0.1,0.1,0.1,11525.0,6.9,349.0,1.4,-2.2,0.003,412.0,0.4,1.0,0.3,0.1,0.0,1.42,0.17,13.89,27.0,7.5,0.0016,13,0,4,5,70.2,81,-57,24,0.1,0.006024,999999.99,99999.99,99999.99,0.21,0.11,0.08,-1,2009-04-08 07:00:00
2009,98,8,2397,51,52,60,36,1.5,1.5,-17.2,188.6,-1.4,-0.2,-0.4,-0.1,-0.4,0.2,0.2,0.1,0.1,0.2,11927.0,7.7,345.0,1.4,-2.3,0.002,353.0,0.1,1.0,0.1,0.2,0.0,1.54,0.14,19.97,31.9,7.5,0.0012,13,0,4,5,70.2,40,-21,19,-0.2,0.006024,999999.99,99999.99,99999.99,0.24,0.11,0.09,-1,2009-04-08 08:00:00
2009,98,9,2397,51,52,59,37,1.5,1.5,-7.4,178.9,-1.5,0.0,-0.2,0.0,-0.2,0.0,0.2,0.0,0.1,0.1,13929.0,8.0,341.0,1.3,-2.3,0.003,1187.0,0.1,1.0,0.1,0.1,0.0,1.57,0.07,21.05,32.1,7.3,0.0012,13,0,8,5,70.2,70,-42,28,0.1,0.006024,999999.99,99999.99,99999.99,0.22,0.14,0.1,-1,2009-04-08 09:00:00
2009,98,10,2397,51,52,59,36,1.4,1.4,-8.9,174.2,-1.4,0.1,-0.2,0.1,-0.2,0.1,0.1,0.1,0.1,0.1,14042.0,8.6,338.0,0.9,-2.5,0.002,417.0,0.1,1.0,0.2,0.1,0.0,1.65,0.07,25.99,35.4,7.3,0.0009,13,0,9,5,70.2,48,-32,16,-0.0,0.006024,999999.99,99999.99,99999.99,0.22,0.13,0.09,-1,2009-04-08 10:00:00
2009,98,11,2397,51,52,60,36,1.5,1.5,-6.9,178.9,-1.5,0.0,-0.2,0.0,-0.2,0.0,0.2,0.1,0.1,0.1,15866.0,9.2,337.0,0.2,-2.6,0.002,1799.0,0.3,1.0,0.2,0.1,0.0,1.76,0.07,24.53,34.1,7.2,0.001,13,0,8,5,70.2,52,-39,13,-0.0,0.006024,999999.99,99999.99,99999.99,0.21,0.12,0.08,-1,2009-04-08 11:00:00
2009,98,12,2397,51,52,60,37,1.8,1.7,-8.6,180.9,-1.7,0.0,-0.3,0.1,-0.3,0.2,0.4,0.1,0.2,0.3,16464.0,10.0,335.0,-0.8,-2.8,0.003,1532.0,0.7,1.0,0.4,0.2,0.001,1.9,0.1,18.6,29.4,7.1,0.0014,23,0,8,9,70.2,83,-70,13,0.2,0.006024,999999.99,99999.99,99999.99,0.23,0.12,0.08,-1,2009-04-08 12:00:00
2009,98,13,2397,51,52,61,36,3.2,3.2,-29.7,158.1,-2.6,1.0,-1.6,1.4,-1.3,0.6,0.8,0.4,0.6,0.3,20782.0,16.6,343.0,-3.4,-3.1,0.002,2866.0,2.5,5.0,0.8,0.3,0.001,3.29,0.45,10.06,21.8,7.0,0.0025,23,0,13,9,70.2,80,-60,20,0.4,0.006024,999999.99,99999.99,99999.99,0.24,0.12,0.1,-1,2009-04-08 13:00:00
2009,98,14,2397,51,52,59,36,3.1,3.0,-34.1,182.4,-2.5,-0.1,-1.7,0.4,-1.7,0.4,1.0,0.5,0.7,0.5,19725.0,17.8,340.0,-3.0,-3.0,0.002,1746.0,0.9,2.0,0.4,0.2,0.0,3.46,0.58,11.41,23.1,7.0,0.0022,23,0,15,9,70.2,74,-58,16,0.2,0.006024,999999.99,99999.99,99999.99,0.18,0.1,0.07,-1,2009-04-08 14:00:00
2009,98,15,2397,51,52,60,37,2.5,1.6,-16.1,272.5,0.1,-1.6,-0.5,-1.4,-1.0,0.3,1.9,1.6,0.7,0.8,22896.0,16.3,335.0,-2.5,-2.8,0.002,1082.0,0.6,3.0,0.3,0.2,0.0,3.08,0.34,16.41,27.1,6.9,0.0016,13,0,15,5,70.2,35,-21,14,0.2,0.006024,999999.99,99999.99,99999.99,0.21,0.13,0.1,-1,2009-04-08 15:00:00
2009,98,16,2397,51,52,60,36,3.3,2.7,-78.6,217.5,-0.4,-0.3,-2.7,0.7,-2.6,0.8,1.9,0.4,1.6,1.1,24398.0,18.4,336.0,-2.7,-3.2,0.001,1250.0,1.3,1.0,0.3,0.5,0.0,3.48,0.87,10.74,21.8,6.8,0.0025,13,0,20,5,70.2,48,-33,15,0.2,0.006024,999999.99,99999.99,99999.99,0.22,0.11,0.09,-1,2009-04-08 16:00:00
2009,98,17,2397,51,52,61,38,3.1,2.6,-15.4,152.1,-2.2,1.2,-0.7,1.4,-0.1,0.4,1.7,1.1,0.9,0.9,25460.0,21.0,338.0,-3.9,-5.8,0.002,1858.0,1.1,3.0,0.4,1.0,0.0,4.04,0.03,13.98,25.0,6.9,0.0019,13,0,22,5,70.2,27,-13,15,0.2,0.006024,999999.99,99999.99,99999.99,0.19,0.12,0.09,-1,2009-04-08 17:00:00
2009,98,18,2397,51,52,55,33,5.9,5.4,-13.6,323.0,4.2,-3.1,-1.3,-2.2,-2.6,1.6,2.9,2.0,1.4,1.6,29526.0,9.6,323.0,-6.0,-8.9,0.006,6973.0,5.5,8.0,1.1,1.2,0.004,1.71,0.84,1.81,8.5,5.3,0.0165,20,0,20,7,70.2,32,-11,20,0.3,0.006024,999999.99,99999.99,99999.99,0.26,0.14,0.1,-1,2009-04-08 18:00:00
2009,98,19,2397,51,52,58,35,6.9,6.8,-30.8,328.9,5.0,-3.0,-3.5,-0.9,-4.5,0.3,0.6,0.3,0.4,0.4,21749.0,4.6,311.0,-6.6,-8.1,0.013,6033.0,1.2,2.0,0.5,0.5,0.003,0.78,1.4,0.6,4.8,3.9,0.0509,20,0,8,7,70.2,66,-28,38,1.3,0.006024,999999.99,99999.99,99999.99,0.21,0.1,0.07,-1,2009-04-08 19:00:00
2009,98,20,2397,51,52,65,38,6.2,5.8,-15.5,327.7,4.7,-3.0,-1.5,-1.8,-2.8,0.7,2.4,1.1,1.1,1.9,23453.0,5.6,306.0,-6.7,-6.4,0.012,9574.0,1.4,8.0,1.6,1.9,0.004,0.92,0.86,0.92,5.8,4.4,0.0349,20,0,3,7,70.2,126,-76,50,1.9,0.006024,999999.99,99999.99,99999.99,0.23,0.13,0.08,-1,2009-04-08 20:00:00
2009,98,21,2397,51,52,62,37,4.2,2.7,76.9,280.0,0.1,-0.6,2.6,-1.9,1.9,0.8,3.2,1.2,1.6,2.5,50787.0,8.0,339.0,-2.0,-4.3,0.006,8578.0,1.3,6.0,0.5,1.1,0.0,1.57,-0.64,3.38,11.4,5.8,0.0091,20,0,-1,7,70.2,93,-60,34,1.6,0.006024,999999.99,99999.99,99999.99,0.2,0.11,0.08,-1,2009-04-08 21:00:00
2009,98,22,2397,51,52,59,35,5.2,5.0,47.9,308.9,2.1,-2.6,3.7,-4.2,1.7,0.2,1.3,0.6,1.0,0.7,36957.0,7.1,337.0,-3.5,-4.6,0.006,10036.0,1.4,5.0,1.2,0.9,0.0,1.38,-0.57,1.81,8.6,5.4,0.016,20,0,3,7,70.2,25,-7,18,0.6,0.006024,999999.99,99999.99,99999.99,0.24,0.13,0.09,-1,2009-04-08 22:00:00
2009,98,23,2397,51,52,61,37,4.7,4.5,39.8,315.5,2.5,-2.4,2.9,-3.6,1.2,0.2,1.3,0.6,0.7,0.9,39740.0,7.8,337.0,-2.9,-5.1,0.003,10629.0,2.1,7.0,0.9,0.9,0.0,1.5,-0.4,2.47,10.0,5.7,0.0119,20,0,7,7,70.2,19,-4,15,0.4,0.006024,999999.99,99999.99,99999.99,0.24,0.12,0.09,-1,2009-04-08 23:00:00
2009,99,0,2397,51,52,63,35,5.1,4.7,-13.9,327.4,3.9,-2.5,-1.1,-1.6,-2.2,1.0,2.0,0.9,1.0,1.5,53406.0,9.4,344.0,-2.4,-7.9,0.011,10573.0,1.9,8.0,0.8,1.1,0.002,1.94,0.76,2.73,10.3,5.6,0.0111,30,0,11,15,70.3,32,-4,28,0.7,0.00608,999999.99,99999.99,99999.99,0.25,0.14,0.1,-1,2009-04-09 00:00:00
2009,99,1,2397,51,52,61,35,7.0,5.9,-45.0,341.2,3.9,-1.3,-4.2,1.0,-4.3,0.4,3.8,1.4,2.9,2.0,69567.0,11.5,363.0,-1.6,-8.3,0.003,8735.0,1.8,5.0,0.6,0.7,0.0,2.56,1.56,1.93,8.8,5.4,0.0154,30,0,9,15,70.3,70,-17,53,1.3,0.00608,999999.99,99999.99,99999.99,0.24,0.13,0.09,-1,2009-04-09 01:00:00
2009,99,2,2397,51,52,66,38,8.4,5.7,-4.5,325.5,4.7,-3.2,-0.4,-2.6,-1.9,1.2,6.2,3.4,4.5,2.7,95116.0,8.7,381.0,-0.7,-7.6,0.013,19877.0,1.7,12.0,2.0,0.9,0.006,2.22,0.72,1.15,6.7,4.7,0.0266,30,0,0,15,70.3,212,-124,88,2.4,0.00608,999999.99,99999.99,99999.99,0.2,0.1,0.07,-1,2009-04-09 02:00:00
2009,99,3,2397,51,52,70,44,6.3,4.4,-26.2,340.2,3.7,-1.3,-1.9,-0.3,-2.3,2.0,4.9,2.7,3.8,1.6,162718.0,7.7,435.0,5.9,-5.1,0.025,65705.0,1.8,32.0,3.2,2.5,0.006,2.68,1.0,2.35,9.6,5.5,0.013,33,0,-7,18,70.3,260,-157,103,2.0,0.00608,999999.99,99999.99,99999.99,0.24,0.13,0.1,-1,2009-04-09 03:00:00
2009,99,4,2397,51,52,57,35,4.6,4.3,-22.6,346.0,3.8,-1.0,-1.6,-0.3,-1.9,0.6,1.8,0.9,1.1,1.1,234137.0,7.3,465.0,5.5,-2.3,0.029,12572.0,0.6,7.0,0.4,0.5,0.003,2.94,0.88,5.2,13.7,5.8,0.0064,33,0,-14,18,70.3,250,-155,95,2.0,0.00608,999999.99,99999.99,99999.99,0.25,0.12,0.09,-1,2009-04-09 04:00:00
2009,99,5,2397,51,52,61,37,5.7,4.4,30.2,352.8,3.8,-0.5,2.2,-1.2,1.9,0.6,3.6,2.0,1.4,2.7,229035.0,6.1,458.0,5.2,-2.1,0.035,21655.0,0.6,4.0,0.4,0.7,0.002,2.44,-0.87,2.79,9.9,5.4,0.0121,33,0,-12,18,70.3,264,-155,109,1.9,0.00608,999999.99,99999.99,99999.99,0.22,0.11,0.07,-1,2009-04-09 05:00:00
2009,99,6,2397,51,52,59,37,5.6,4.3,58.2,294.4,0.9,-2.1,3.7,-3.1,2.9,0.5,3.5,1.2,2.6,2.0,230368.0,5.7,452.0,3.7,-3.5,0.031,22029.0,0.3,5.0,1.1,0.8,0.003,2.19,-1.31,2.71,9.6,5.3,0.0128,30,0,-8,15,70.3,280,-213,68,0.9,0.00608,999999.99,99999.99,99999.99,0.2,0.12,0.09,-1,2009-04-09 06:00:00
2009,99,7,2397,51,52,59,35,6.6,4.0,75.5,158.3,-0.9,0.4,3.9,-0.7,3.9,1.1,5.3,2.4,3.1,3.4,210996.0,5.5,449.0,4.0,-3.0,0.03,38884.0,0.5,8.0,0.7,0.7,0.004,2.07,-1.75,1.78,8.0,5.0,0.0187,30,0,-4,15,70.3,135,-87,48,0.4,0.00608,999999.99,99999.99,99999.99,0.2,0.11,0.08,-1,2009-04-09 07:00:00
2009,99,8,2397,51,52,62,37,5.7,3.5,-1.6,220.3,-2.7,-2.3,-0.1,-2.2,-0.7,0.8,4.4,2.3,2.6,2.7,186018.0,5.8,448.0,4.1,-3.6,0.026,19445.0,0.5,4.0,0.9,0.5,0.008,2.15,0.31,2.33,9.5,5.4,0.0133,30,0,-4,15,70.3,98,-59,39,0.6,0.00608,999999.99,99999.99,99999.99,0.2,0.11,0.08,-1,2009-04-09 08:00:00
2009,99,9,2397,51,52,58,23,3.9,3.4,-39.2,233.3,-1.6,-2.1,-2.2,-1.6,-2.6,0.8,1.8,1.3,1.0,0.8,167323.0,6.0,442.0,2.5,-3.1,0.021,19308.0,0.8,7.0,0.8,1.2,0.005,2.12,1.15,4.85,13.9,6.1,0.0062,20,0,-9,7,70.3,245,-176,69,1.5,0.00608,999999.99,99999.99,99999.99,0.21,0.12,0.09,-1,2009-04-09 09:00:00
2009,99,10,2397,51,52,60,37,5.2,4.6,-12.0,174.0,-4.5,0.5,-1.0,0.7,-0.9,0.3,2.3,0.5,1.9,1.2,134434.0,6.3,437.0,1.5,-1.9,0.008,16251.0,0.4,3.0,0.3,0.4,0.0,2.07,0.39,2.55,10.5,5.9,0.0107,20,0,-15,7,70.3,293,-165,128,1.5,0.00608,999999.99,99999.99,99999.99,0.19,0.1,0.08,-1,2009-04-09 10:00:00
2009,99,11,2397,51,52,60,36,5.6,5.3,9.4,179.5,-5.2,0.0,0.9,-0.2,0.9,0.3,1.9,0.5,1.4,1.2,123912.0,6.7,439.0,1.4,-1.8,0.01,14144.0,0.7,4.0,0.3,0.3,0.002,2.24,-0.4,2.24,10.1,5.9,0.0116,20,0,-13,7,70.3,224,-98,126,0.5,0.00608,999999.99,99999.99,99999.99,0.21,0.12,0.1,-1,2009-04-09 11:00:00
2009,99,12,2397,51,52,65,40,5.4,4.8,42.5,182.8,-3.5,-0.2,3.2,-0.9,3.1,0.8,2.7,0.9,2.3,0.9,141741.0,7.0,457.0,1.5,-0.3,0.014,22236.0,1.2,15.0,1.0,1.2,0.002,2.58,-1.42,2.7,11.2,6.1,0.0095,17,0,-9,6,70.3,99,-24,75,0.2,0.00608,999999.99,99999.99,99999.99,0.21,0.09,0.06,-1,2009-04-09 12:00:00
2009,99,13,2397,51,52,59,36,7.0,6.4,55.2,188.0,-3.6,-0.5,5.3,-1.8,5.0,0.6,2.7,0.9,2.2,1.2,150384.0,5.8,473.0,3.9,-0.3,0.018,28007.0,0.8,8.0,1.5,1.7,0.005,2.32,-2.37,1.37,8.1,5.5,0.018,17,0,-7,6,70.3,52,-17,35,0.0,0.00608,999999.99,99999.99,99999.99,0.24,0.12,0.09,-1,2009-04-09 13:00:00
2009,99,14,2397,51,52,58,36,8.2,7.3,21.1,276.0,0.7,-6.8,2.6,-7.3,0.6,0.3,3.5,2.0,1.6,2.3,156150.0,5.9,469.0,3.7,0.7,0.017,16531.0,0.5,4.0,0.8,0.8,0.002,2.31,-0.28,1.04,6.9,5.0,0.0247,17,0,-5,6,70.3,65,-33,32,1.8,0.00608,999999.99,99999.99,99999.99,0.23,0.12,0.09,-1,2009-04-09 14:00:00
2009,99,15,2397,51,52,61,36,8.1,7.5,-23.1,303.9,3.9,-5.7,-2.9,-4.5,-4.6,0.3,2.9,1.1,1.6,2.2,123976.0,4.6,456.0,2.4,0.3,0.021,33098.0,1.1,7.0,1.0,0.9,0.004,1.73,2.1,0.74,6.0,4.7,0.0326,33,0,-11,18,70.3,244,-172,72,2.5,0.00608,999999.99,99999.99,99999.99,0.21,0.13,0.09,-1,2009-04-09 15:00:00
2009,99,16,2397,51,52,59,36,5.9,4.7,-4.5,302.6,2.5,-3.9,-0.4,-3.5,-1.8,1.3,3.8,1.7,2.2,2.5,153037.0,5.7,466.0,3.2,1.1,0.025,24414.0,1.1,7.0,1.2,1.2,0.003,2.27,0.84,1.92,9.4,5.8,0.0134,33,0,-20,18,70.3,352,-191,161,2.0,0.00608,999999.99,99999.99,99999.99,0.18,0.11,0.09,-1,2009-04-09 16:00:00
2009,99,17,2397,51,52,61,38,5.9,5.7,-22.0,316.9,3.8,-3.6,-2.1,-2.4,-3.4,1.3,2.2,1.7,1.0,0.9,129052.0,5.9,466.0,3.6,-1.2,0.024,19084.0,0.8,4.0,0.6,0.5,0.004,2.35,1.58,1.82,9.6,6.0,0.0129,33,0,-23,18,70.3,576,-376,199,2.6,0.00608,999999.99,99999.99,99999.99,0.24,0.14,0.1,-1,2009-04-09 17:00:00
2009,99,18,2397,51,52,60,37,4.2,3.9,-18.5,278.0,0.5,-3.7,-1.2,-2.8,-2.7,0.5,1.6,1.0,0.7,1.0,127625.0,6.3,472.0,2.3,-1.3,0.025,12071.0,0.6,4.0,0.8,0.5,0.002,2.58,1.27,3.8,14.1,6.8,0.006,23,0,-23,9,70.3,574,-395,178,3.0,0.00608,999999.99,99999.99,99999.99,0.17,0.1,0.07,-1,2009-04-09 18:00:00
2009,99,19,2397,51,52,60,36,5.1,3.6,7.3,263.8,-0.4,-3.5,0.5,-3.3,-1.2,0.5,3.7,2.5,2.3,1.4,113008.0,4.8,466.0,1.9,-1.0,0.021,18882.0,0.5,12.0,0.7,0.7,0.002,1.89,0.56,1.85,10.0,6.2,0.0119,23,0,-26,9,70.3,445,-291,154,2.5,0.00608,999999.99,99999.99,99999.99,0.2,0.11,0.09,-1,2009-04-09 19:00:00
2009,99,20,2397,51,52,60,36,3.7,2.5,23.3,224.5,-1.6,-1.6,1.0,-1.9,0.0,0.6,2.7,2.3,1.0,1.2,146459.0,3.8,472.0,2.8,-0.6,0.021,16126.0,0.7,7.0,1.2,0.5,0.003,1.53,-0.0,3.17,12.4,6.4,0.0077,23,0,-27,9,70.3,204,-106,98,1.3,0.00608,999999.99,99999.99,99999.99,0.24,0.13,0.09,-1,2009-04-09 20:00:00
2009,99,21,2397,51,52,61,38,3.5,3.2,-14.2,344.2,3.0,-0.8,-0.8,-0.3,-1.1,0.1,1.2,0.4,0.9,0.7,129589.0,3.5,474.0,4.1,-0.1,0.023,19161.0,0.3,5.0,0.4,0.4,0.003,1.43,0.52,3.07,12.7,6.6,0.0074,23,0,-25,9,70.3,137,-67,70,1.0,0.00608,999999.99,99999.99,99999.99,0.24,0.11,0.08,-1,2009-04-09 21:00:00
2009,99,22,2397,51,52,59,15,3.3,2.2,-4.5,33.5,1.8,1.2,-0.2,1.1,0.5,0.2,2.4,0.9,1.5,1.5,111809.0,3.6,484.0,4.0,0.5,0.016,10576.0,0.1,5.0,0.3,0.5,0.002,1.5,-0.24,3.3,13.9,7.1,0.0061,23,0,-19,9,70.3,259,-200,60,1.5,0.00608,999999.99,99999.99,99999.99,0.23,0.11,0.09,-1,2009-04-09 22:00:00
2009,99,23,2397,51,52,59,15,3.4,3.0,-0.7,358.8,3.0,-0.1,0.0,-0.1,-0.1,0.3,1.4,0.5,1.1,0.8,102573.0,2.7,480.0,1.9,-0.8,0.024,10980.0,0.4,6.0,0.8,0.8,0.005,1.14,0.05,2.24,11.6,6.8,0.0088,23,0,-16,9,70.3,161,-108,53,1.3,0.00608,999999.99,99999.99,99999.99,0.22,0.12,0.1,-1,2009-04-09 23:00:00
2009,100,0,2397,51,52,59,36,2.8,2.4,-5.3,330.7,2.1,-1.2,-0.2,-0.9,-0.8,0.4,1.5,0.7,0.4,1.3,91629.0,2.5,464.0,-0.0,-0.8,0.021,25894.0,0.6,7.0,0.7,1.2,0.003,0.97,0.37,2.92,13.1,7.0,0.0069,20,0,-15,7,69.7,61,-34,27,0.7,0.005973,999999.99,99999.99,99999.99,0.25,0.12,0.08,-1,2009-04-10 00:00:00
2009,100,1,2397,51,52,58,33,3.4,3.2,7.4,324.9,2.6,-1.8,0.4,-1.8,-0.5,0.2,1.2,0.7,0.6,0.7,70208.0,2.7,455.0,-0.9,-0.5,0.024,8213.0,0.3,6.0,0.6,1.0,0.002,1.02,0.23,1.93,11.0,6.7,0.0098,20,0,-15,7,69.7,97,-53,43,1.0,0.005973,999999.99,99999.99,99999.99,0.2,0.13,0.1,-1,2009-04-10 01:00:00
2009,100,2,2397,51,52,60,37,3.3,3.1,5.9,317.2,2.3,-2.1,0.3,-2.0,-0.7,0.2,1.0,0.6,0.6,0.4,76035.0,3.0,451.0,-1.0,-1.5,0.026,8686.0,0.2,3.0,0.6,0.2,0.002,1.13,0.32,2.34,11.8,6.8,0.0085,20,0,-13,7,69.7,254,-197,57,1.4,0.005973,999999.99,99999.99,99999.99,0.24,0.14,0.09,-1,2009-04-10 02:00:00
2009,100,3,2397,51,52,61,37,2.6,0.8,59.9,345.9,0.4,-0.1,0.7,-0.4,0.6,0.5,2.4,1.6,1.3,1.3,85593.0,3.3,457.0,-1.9,-1.8,0.026,15208.0,0.3,10.0,0.4,0.7,0.002,1.27,-0.27,4.35,16.0,7.3,0.0047,13,0,-11,5,69.7,170,-116,54,1.6,0.005973,999999.99,99999.99,99999.99,0.23,0.12,0.08,-1,2009-04-10 03:00:00
2009,100,4,2397,51,52,60,37,2.4,1.1,-1.9,354.3,1.1,-0.1,0.0,-0.1,0.0,0.7,2.2,1.1,1.0,1.7,94070.0,3.6,460.0,-2.5,-1.2,0.024,6460.0,0.1,3.0,0.4,0.3,0.002,1.39,-0.0,5.78,18.2,7.4,0.0036,13,0,-8,5,69.7,45,-17,29,0.6,0.005973,999999.99,99999.99,99999.99,0.24,0.12,0.08,-1,2009-04-10 04:00:00
2009,100,5,2397,51,52,60,37,2.7,2.2,-3.3,325.5,1.8,-1.2,-0.1,-1.1,-0.5,0.3,1.6,0.9,0.8,1.0,93422.0,4.0,460.0,-2.8,-2.2,0.022,6411.0,0.4,2.0,0.4,0.4,0.003,1.54,0.23,5.06,17.0,7.3,0.0041,13,0,-5,5,69.7,26,-3,24,0.5,0.005973,999999.99,99999.99,99999.99,0.23,0.1,0.07,-1,2009-04-10 05:00:00
2009,100,6,2397,51,52,66,40,3.0,1.8,-23.3,350.9,1.6,-0.3,-0.7,-0.1,-0.8,0.7,2.4,1.7,1.1,1.2,112856.0,3.7,482.0,-1.5,-2.0,0.026,27565.0,0.6,27.0,2.0,1.1,0.006,1.58,0.39,4.13,15.5,7.2,0.005,20,0,-5,7,69.7,31,-4,28,0.6,0.005973,999999.99,99999.99,99999.99,0.23,0.12,0.09,-1,2009-04-10 06:00:00
2009,100,7,2397,51,52,57,34,3.1,2.4,-18.4,321.8,1.8,-1.4,-0.7,-1.2,-1.1,0.3,1.9,1.1,1.4,0.5,121290.0,3.4,504.0,-0.0,-1.0,0.029,6756.0,0.2,8.0,0.7,0.3,0.002,1.61,0.55,3.67,15.0,7.3,0.0053,20,0,-6,7,69.7,173,-108,65,1.0,0.005973,999999.99,99999.99,99999.99,0.18,0.11,0.09,-1,2009-04-10 07:00:00
2009,100,8,2397,51,52,61,36,2.6,2.1,-16.5,321.0,1.6,-1.3,-0.6,-1.1,-0.9,0.4,1.5,0.9,0.9,0.7,129397.0,3.6,496.0,0.1,-1.2,0.033,6492.0,0.1,2.0,0.3,0.3,0.003,1.67,0.45,5.71,18.1,7.4,0.0036,20,0,-10,7,69.7,363,-322,41,1.7,0.005973,999999.99,99999.99,99999.99,0.22,0.09,0.07,-1,2009-04-10 08:00:00
2009,100,9,2397,51,52,61,37,2.8,2.2,-18.4,3.9,2.1,0.1,-0.7,0.3,-0.7,0.6,1.8,0.9,1.2,0.9,128649.0,3.5,498.0,1.1,-0.8,0.034,11142.0,0.2,5.0,0.4,0.4,0.001,1.65,0.35,4.77,16.6,7.3,0.0043,13,0,-11,5,69.7,275,-236,39,1.3,0.005973,999999.99,99999.99,99999.99,0.23,0.12,0.1,-1,2009-04-10 09:00:00
2009,100,10,2397,51,52,60,35,2.6,2.0,2.7,296.2,0.9,-1.8,0.1,-1.8,-0.3,0.3,1.7,1.2,1.1,0.5,137757.0,3.4,499.0,0.7,-0.5,0.035,12026.0,0.1,3.0,0.4,0.2,0.003,1.61,0.15,5.57,17.7,7.3,0.0038,13,0,-11,5,69.7,260,-219,41,1.4,0.005973,999999.99,99999.99,99999.99,0.18,0.12,0.09,-1,2009-04-10 10:00:00
2009,100,11,2397,51,52,60,36,2.9,2.3,7.8,340.4,2.2,-0.8,0.3,-0.8,0.1,0.3,1.6,0.6,1.2,1.0,135230.0,3.6,514.0,-0.1,0.5,0.034,7999.0,0.1,4.0,0.5,0.6,0.002,1.8,-0.05,4.69,16.8,7.5,0.0042,13,0,-11,5,69.7,142,-101,41,0.9,0.005973,999999.99,99999.99,99999.99,0.28,0.12,0.09,-1,2009-04-10 11:00:00
2009,100,12,2397,51,52,60,36,3.1,1.8,5.4,337.0,1.6,-0.7,0.2,-0.7,0.0,0.5,2.6,1.2,2.1,0.9,122229.0,3.6,519.0,-0.5,0.7,0.031,14372.0,0.3,7.0,0.7,0.5,0.003,1.82,-0.0,3.91,15.9,7.6,0.0047,17,0,-8,6,69.7,129,-97,32,0.9,0.005973,999999.99,99999.99,99999.99,0.21,0.12,0.08,-1,2009-04-10 12:00:00
2009,100,13,2397,51,52,62,37,3.8,3.5,-8.4,32.2,3.0,1.9,-0.5,2.0,0.0,0.4,1.4,0.6,0.7,1.0,111417.0,3.0,527.0,1.1,0.7,0.036,6198.0,0.2,8.0,0.8,0.6,0.003,1.59,-0.0,2.07,12.0,7.2,0.0082,17,0,-10,6,69.7,93,-66,27,0.4,0.005973,999999.99,99999.99,99999.99,0.24,0.1,0.07,-1,2009-04-10 13:00:00
2009,100,14,2397,51,52,59,37,3.6,2.6,19.9,31.0,2.1,1.2,0.9,0.9,1.2,0.4,2.5,1.6,1.2,1.4,111798.0,2.9,539.0,2.0,0.4,0.037,10979.0,0.3,6.0,0.6,0.8,0.005,1.62,-0.65,2.24,12.7,7.4,0.0073,17,0,-12,6,69.7,67,-44,23,0.6,0.005973,999999.99,99999.99,99999.99,0.19,0.11,0.08,-1,2009-04-10 14:00:00
2009,100,15,2397,51,52,62,37,3.2,2.6,28.3,250.4,-0.8,-2.1,1.2,-2.4,0.5,0.5,2.0,1.8,0.6,0.4,100873.0,3.0,548.0,0.5,0.4,0.031,14493.0,0.2,5.0,0.5,0.4,0.005,1.69,-0.27,2.79,14.8,8.0,0.0054,20,0,-11,7,69.7,221,-210,11,1.0,0.005973,999999.99,99999.99,99999.99,0.22,0.11,0.08,-1,2009-04-10 15:00:00
2009,100,16,2397,51,52,58,35,3.7,3.2,-3.8,271.3,0.1,-3.2,-0.2,-2.9,-1.3,0.2,1.7,1.5,0.7,0.6,105901.0,2.9,534.0,1.1,0.1,0.031,8279.0,0.2,8.0,0.5,0.4,0.003,1.55,0.69,2.06,12.3,7.4,0.0079,20,0,-9,7,69.7,244,-222,22,1.9,0.005973,999999.99,99999.99,99999.99,0.2,0.12,0.09,-1,2009-04-10 16:00:00
2009,100,17,2397,51,52,61,38,4.4,3.1,-2.6,236.9,-1.7,-2.6,-0.1,-2.3,-1.1,0.5,3.0,2.5,1.1,1.3,108880.0,3.0,529.0,1.7,1.0,0.035,22651.0,0.3,7.0,1.0,0.7,0.007,1.6,0.58,1.53,10.4,6.8,0.011,20,0,-11,7,69.7,263,-203,60,1.8,0.005973,999999.99,99999.99,99999.99,0.23,0.11,0.09,-1,2009-04-10 17:00:00
2009,100,18,2397,51,52,54,30,4.4,4.1,-23.9,307.0,2.3,-3.0,-1.7,-1.9,-2.9,0.5,1.3,0.7,0.5,1.0,146025.0,2.9,522.0,1.2,0.4,0.043,25446.0,0.3,8.0,0.8,0.6,0.005,1.55,1.51,1.71,10.1,6.4,0.0117,33,0,-13,18,69.7,295,-206,89,1.6,0.005973,999999.99,99999.99,99999.99,0.25,0.13,0.09,-1,2009-04-10 18:00:00
2009,100,19,2397,51,52,59,37,4.1,2.6,23.7,167.5,-2.3,0.5,1.0,0.0,1.1,0.5,3.2,1.5,2.6,1.1,131742.0,3.8,521.0,1.8,0.9,0.03,28524.0,0.5,5.0,1.2,0.7,0.005,1.93,-0.57,2.45,12.4,7.0,0.0078,33,0,-7,18,69.7,400,-297,103,2.8,0.005973,999999.99,99999.99,99999.99,0.24,0.11,0.07,-1,2009-04-10 19:00:00
2009,100,20,2397,51,52,60,37,3.3,1.8,14.2,156.7,-1.6,0.7,0.5,0.3,0.8,0.5,2.7,1.2,2.1,1.3,130759.0,4.7,520.0,2.4,0.4,0.037,8159.0,0.2,3.0,0.6,0.3,0.003,2.44,-0.42,4.65,17.1,7.6,0.0041,33,0,-1,18,69.7,70,-41,29,0.7,0.005973,999999.99,99999.99,99999.99,0.19,0.11,0.08,-1,2009-04-10 20:00:00
2009,100,21,2397,51,52,61,37,4.4,4.3,-6.0,66.4,1.7,3.9,-0.5,3.6,1.6,0.4,0.9,0.5,0.4,0.6,123079.0,3.8,521.0,1.5,-0.0,0.043,8809.0,0.2,2.0,0.4,0.5,0.003,2.02,-0.83,2.05,11.5,6.9,0.0089,13,0,0,5,69.7,25,-3,22,0.3,0.005973,999999.99,99999.99,99999.99,0.2,0.12,0.09,-1,2009-04-10 21:00:00
2009,100,22,2397,51,52,60,37,3.4,1.7,-27.1,343.8,1.5,-0.4,-0.8,0.1,-0.9,0.9,3.0,1.0,2.6,1.2,143210.0,4.2,521.0,1.4,0.0,0.045,21742.0,0.4,9.0,0.8,0.5,0.005,2.25,0.47,4.1,15.7,7.4,0.0048,13,0,-1,5,69.7,57,-13,45,0.9,0.005973,999999.99,99999.99,99999.99,0.27,0.14,0.1,-1,2009-04-10 22:00:00
2009,100,23,2397,51,52,62,38,3.6,2.8,2.1,270.2,0.0,-2.8,0.1,-2.4,-1.4,0.7,2.2,1.3,0.9,1.6,132406.0,3.7,537.0,1.7,1.2,0.041,10309.0,0.2,8.0,0.5,0.6,0.003,2.07,0.75,3.1,14.3,7.5,0.0058,13,0,-8,5,69.7,160,-107,53,1.1,0.005973,999999.99,99999.99,99999.99,0.22,0.12,0.09,-1,2009-04-10 23:00:00
2009,101,0,2397,51,52,58,33,3.7,3.1,-8.3,293.3,1.2,-2.8,-0.4,-2.2,-1.8,0.3,2.0,1.6,1.0,0.7,128610.0,3.6,539.0,1.1,1.1,0.043,12390.0,0.2,10.0,1.2,0.5,0.005,2.05,0.97,2.81,13.8,7.5,0.0062,33,0,-13,18,69.7,329,-217,112,1.7,0.006003,999999.99,99999.99,99999.99,0.23,0.12,0.09,-1,2009-04-11 00:00:00
2009,101,1,2397,51,52,61,38,3.6,2.7,-12.2,308.1,1.6,-2.1,-0.6,-1.5,-1.6,0.2,2.3,1.5,1.3,1.2,128640.0,3.6,529.0,0.7,1.5,0.043,9035.0,0.2,6.0,0.6,0.7,0.004,1.97,0.85,2.97,13.9,7.4,0.0061,33,0,-11,18,69.7,608,-431,177,4.0,0.006003,999999.99,99999.99,99999.99,0.19,0.1,0.08,-1,2009-04-11 01:00:00
2009,101,2,2397,51,52,59,36,3.0,2.3,-31.5,336.9,1.8,-0.8,-1.2,-0.2,-1.4,0.5,1.8,0.7,1.0,1.3,143628.0,4.0,534.0,1.6,1.2,0.037,10544.0,0.3,4.0,0.7,0.8,0.004,2.19,0.75,5.03,17.8,7.7,0.0038,33,0,-9,18,69.7,258,-163,95,2.3,0.006003,999999.99,99999.99,99999.99,0.22,0.12,0.08,-1,2009-04-11 02:00:00
2009,101,3,2397,51,52,60,37,3.5,3.1,0.2,342.0,3.0,-1.0,0.0,-0.9,-0.4,0.1,1.4,0.5,0.6,1.2,123733.0,3.7,532.0,1.1,1.6,0.032,10246.0,0.3,3.0,0.5,1.0,0.002,1.97,0.21,3.17,14.6,7.6,0.0056,27,0,-11,12,69.7,145,-69,75,1.2,0.006003,999999.99,99999.99,99999.99,0.21,0.12,0.09,-1,2009-04-11 03:00:00
2009,101,4,2397,51,52,61,36,3.8,3.0,8.3,348.7,2.9,-0.6,0.4,-0.7,0.1,0.4,2.3,0.4,1.6,1.6,108321.0,3.4,531.0,0.4,0.4,0.031,13468.0,0.4,5.0,1.0,0.9,0.003,1.8,-0.05,2.32,12.9,7.4,0.0072,27,0,-7,12,69.7,95,-65,30,0.3,0.006003,999999.99,99999.99,99999.99,0.24,0.11,0.08,-1,2009-04-11 04:00:00
2009,101,5,2397,51,52,57,36,2.6,2.4,-44.8,351.1,1.7,-0.3,-1.7,0.3,-1.7,0.6,1.1,0.5,0.6,0.8,132989.0,2.9,536.0,0.4,-0.3,0.033,8016.0,0.3,6.0,0.3,0.4,0.002,1.58,0.91,4.66,17.6,7.8,0.0039,27,0,-6,12,69.7,163,-110,53,1.0,0.006003,999999.99,99999.99,99999.99,0.21,0.1,0.07,-1,2009-04-11 05:00:00
2009,101,6,2397,51,52,59,35,4.0,3.9,-2.1,353.8,3.9,-0.4,-0.1,-0.4,-0.2,0.3,0.5,0.3,0.3,0.3,61657.0,1.9,494.0,0.1,0.5,0.034,18017.0,0.2,12.0,0.4,0.5,0.009,0.88,0.1,0.94,8.5,6.3,0.0164,20,0,-10,7,69.7,194,-146,48,1.1,0.006003,999999.99,99999.99,99999.99,0.22,0.13,0.09,-1,2009-04-11 06:00:00
2009,101,7,2397,51,52,58,35,4.1,4.0,-11.0,342.0,3.7,-1.2,-0.8,-0.9,-1.1,0.1,1.1,0.3,0.7,0.8,53166.0,2.1,494.0,-0.7,-0.3,0.031,14598.0,0.2,10.0,1.2,1.1,0.005,0.96,0.54,0.94,8.7,6.5,0.0156,20,0,-11,7,69.7,191,-150,41,1.3,0.006003,999999.99,99999.99,99999.99,0.21,0.12,0.09,-1,2009-04-11 07:00:00
2009,101,8,2397,51,52,64,38,4.3,3.7,-2.3,339.2,3.4,-1.3,-0.1,-1.2,-0.4,0.3,2.2,1.2,1.2,1.4,68208.0,1.9,492.0,-0.6,-0.1,0.032,25981.0,0.5,13.0,1.3,1.9,0.007,0.87,0.2,0.84,7.9,6.0,0.0191,20,0,-11,7,69.7,112,-76,36,0.7,0.006003,999999.99,99999.99,99999.99,0.2,0.12,0.1,-1,2009-04-11 08:00:00
2009,101,9,2397,51,52,57,33,3.8,3.3,-3.7,310.2,2.1,-2.5,-0.2,-2.4,-0.7,0.4,1.8,1.1,0.4,1.4,103256.0,2.9,499.0,-2.1,-0.8,0.031,20441.0,0.4,12.0,0.6,1.1,0.007,1.36,0.35,1.94,11.2,6.8,0.0095,20,0,-9,7,69.7,86,-55,31,0.8,0.006003,999999.99,99999.99,99999.99,0.23,0.11,0.08,-1,2009-04-11 09:00:00
2009,101,10,2397,51,52,62,38,4.1,2.0,-9.6,320.6,1.5,-1.2,-0.3,-1.1,-0.5,0.7,3.7,2.9,1.6,1.6,91327.0,2.8,493.0,-2.5,-0.8,0.036,15458.0,0.5,8.0,0.9,0.6,0.008,1.3,0.25,1.52,10.1,6.6,0.0118,20,0,-6,7,69.7,273,-204,69,1.0,0.006003,999999.99,99999.99,99999.99,0.18,0.1,0.08,-1,2009-04-11 10:00:00
2009,101,11,2397,51,52,59,37,4.5,4.4,29.3,152.8,-3.4,1.8,2.2,1.3,2.5,0.3,0.9,0.4,0.6,0.5,65995.0,2.9,504.0,-1.3,0.8,0.026,8263.0,0.3,4.0,0.3,0.4,0.002,1.36,-1.26,1.16,9.5,6.7,0.0131,20,0,-4,7,69.7,113,-76,37,0.3,0.006003,999999.99,99999.99,99999.99,0.21,0.11,0.08,-1,2009-04-11 11:00:00
2009,101,12,2397,51,52,60,35,4.7,4.7,24.0,160.7,-4.0,1.4,1.9,1.0,2.2,0.3,0.8,0.3,0.7,0.3,71468.0,3.2,503.0,-1.2,1.2,0.025,13339.0,0.3,5.0,0.4,0.4,0.003,1.49,-1.11,1.2,9.6,6.7,0.013,23,0,-3,9,69.7,51,-16,34,0.1,0.006003,999999.99,99999.99,99999.99,0.2,0.13,0.11,-1,2009-04-11 12:00:00
2009,101,13,2397,51,52,60,33,4.1,1.9,-9.3,58.6,1.0,1.6,-0.3,1.6,0.1,0.5,3.6,2.6,1.9,1.7,139684.0,3.5,499.0,-0.6,1.3,0.042,19198.0,0.4,8.0,0.9,0.8,0.007,1.7,-0.05,2.32,11.4,6.6,0.0092,23,0,-3,9,69.7,47,-22,25,0.7,0.006003,999999.99,99999.99,99999.99,0.2,0.09,0.07,-1,2009-04-11 13:00:00
2009,101,14,2397,51,52,61,37,4.8,4.6,-25.4,305.5,2.4,-3.4,-2.0,-2.7,-2.9,0.3,1.4,0.8,0.9,0.8,111837.0,3.2,510.0,-0.7,1.7,0.041,13757.0,0.2,7.0,0.9,0.4,0.004,1.62,1.48,1.39,9.5,6.4,0.0132,23,0,-8,9,69.7,179,-137,42,1.6,0.006003,999999.99,99999.99,99999.99,0.23,0.12,0.09,-1,2009-04-11 14:00:00
2009,101,15,2397,51,52,62,38,4.5,3.8,-26.2,324.8,2.8,-2.0,-1.7,-1.4,-2.2,0.6,2.4,0.7,1.8,1.4,132059.0,3.2,524.0,0.9,1.3,0.042,25457.0,0.3,8.0,0.8,0.5,0.005,1.71,1.15,1.71,10.4,6.6,0.011,27,0,-8,12,69.7,470,-408,62,2.1,0.006003,999999.99,99999.99,99999.99,0.2,0.13,0.09,-1,2009-04-11 15:00:00
2009,101,16,2397,51,52,61,38,3.5,1.9,-36.3,11.5,1.5,0.3,-1.1,0.7,-0.9,0.6,2.9,1.1,2.3,1.4,174833.0,3.4,542.0,2.2,0.9,0.034,18148.0,0.3,5.0,1.5,0.6,0.005,1.89,0.49,3.5,14.3,7.1,0.0058,27,0,-11,12,69.7,298,-215,82,1.3,0.006003,999999.99,99999.99,99999.99,0.23,0.13,0.1,-1,2009-04-11 16:00:00
2009,101,17,2397,51,52,60,35,3.1,2.9,-7.8,332.9,2.6,-1.3,-0.4,-1.0,-0.9,0.3,1.0,0.4,0.7,0.6,151290.0,2.9,547.0,1.0,-0.2,0.034,13267.0,0.2,3.0,0.6,0.5,0.004,1.65,0.49,3.51,15.0,7.5,0.0053,27,0,-10,12,69.7,254,-210,44,1.2,0.006003,999999.99,99999.99,99999.99,0.19,0.12,0.09,-1,2009-04-11 17:00:00
2009,101,18,2397,51,52,61,37,3.3,3.2,-3.0,302.7,1.7,-2.6,-0.2,-2.2,-1.3,0.4,0.9,0.5,0.6,0.6,146050.0,2.7,557.0,0.9,0.0,0.034,11998.0,0.2,5.0,0.4,0.8,0.004,1.59,0.72,2.83,13.9,7.5,0.0062,17,0,-8,6,69.7,61,-45,16,0.7,0.006003,999999.99,99999.99,99999.99,0.2,0.11,0.08,-1,2009-04-11 18:00:00
2009,101,19,2397,51,52,61,37,2.9,2.5,14.1,300.2,1.2,-2.1,0.6,-2.1,-0.5,0.3,1.4,0.9,0.9,0.6,132357.0,2.4,560.0,1.2,-0.8,0.036,10598.0,0.2,7.0,0.6,0.8,0.003,1.44,0.28,3.1,15.0,7.8,0.0053,17,0,-10,6,69.7,65,-37,28,1.1,0.006003,999999.99,99999.99,99999.99,0.2,0.1,0.08,-1,2009-04-11 19:00:00
2009,101,20,2397,51,52,58,36,2.6,1.0,13.9,35.1,0.8,0.6,0.2,0.4,0.5,0.3,2.3,0.8,2.1,0.8,118291.0,2.3,553.0,1.8,-0.8,0.044,13619.0,0.2,9.0,0.8,0.4,0.005,1.38,-0.28,3.49,16.1,8.0,0.0046,17,0,-10,6,69.7,66,-37,28,0.6,0.006003,999999.99,99999.99,99999.99,0.22,0.13,0.11,-1,2009-04-11 20:00:00
2009,101,21,2397,51,52,60,36,2.7,2.5,-18.1,28.6,2.1,1.1,-0.8,1.4,-0.1,0.1,0.9,0.4,0.7,0.4,104236.0,2.2,538.0,1.7,-0.8,0.045,7500.0,0.2,3.0,0.4,0.3,0.005,1.25,0.05,2.92,14.8,7.9,0.0054,23,0,-10,9,69.7,97,-61,35,0.7,0.006003,999999.99,99999.99,99999.99,0.26,0.11,0.08,-1,2009-04-11 21:00:00
2009,101,22,2397,51,52,58,36,3.0,2.8,-3.4,331.8,2.5,-1.3,-0.2,-1.0,-0.9,0.1,0.9,0.5,0.7,0.3,92855.0,1.7,534.0,1.7,-0.4,0.045,11874.0,0.2,6.0,0.6,0.4,0.005,0.96,0.48,1.74,11.6,7.3,0.0088,23,0,-13,9,69.7,80,-35,45,0.8,0.006003,999999.99,99999.99,99999.99,0.26,0.14,0.08,-1,2009-04-11 22:00:00
2009,101,23,2397,51,52,62,38,2.9,2.6,-7.3,284.2,0.6,-2.5,-0.3,-2.0,-1.6,0.1,1.2,1.0,0.5,0.5,97709.0,1.8,549.0,0.2,-0.1,0.042,9225.0,0.1,13.0,0.8,0.8,0.005,1.06,0.88,2.01,12.7,7.7,0.0074,23,0,-13,9,69.7,335,-244,91,2.2,0.006003,999999.99,99999.99,99999.99,0.2,0.11,0.09,-1,2009-04-11 23:00:00
2009,102,0,2397,51,52,61,37,3.0,2.8,2.4,277.6,0.4,-2.8,0.1,-2.5,-1.4,0.2,1.1,0.7,0.4,0.6,101844.0,1.9,549.0,-0.3,0.6,0.04,11913.0,0.2,7.0,0.5,0.9,0.004,1.11,0.77,2.02,12.6,7.6,0.0075,23,0,-11,9,69.7,305,-224,81,2.9,0.00598,999999.99,99999.99,99999.99,0.2,0.09,0.07,-1,2009-04-12 00:00:00
2009,102,1,2397,51,52,61,36,2.9,2.4,5.1,283.4,0.6,-2.3,0.2,-2.1,-1.0,0.2,1.5,1.3,0.3,0.5,103136.0,2.0,535.0,0.3,0.4,0.043,9176.0,0.1,13.0,0.5,0.6,0.007,1.12,0.54,2.29,13.0,7.6,0.007,23,0,-11,9,69.7,198,-105,93,2.2,0.00598,999999.99,99999.99,99999.99,0.21,0.12,0.1,-1,2009-04-12 01:00:00
2009,102,2,2397,51,52,56,34,2.8,2.0,1.2,283.2,0.5,-1.9,0.0,-1.7,-0.9,0.2,1.9,1.4,0.9,0.9,103391.0,2.1,538.0,0.5,0.6,0.045,8975.0,0.1,15.0,1.3,0.8,0.005,1.2,0.48,2.58,13.9,7.7,0.0061,23,0,-12,9,69.7,171,-81,91,1.8,0.00598,999999.99,99999.99,99999.99,0.25,0.11,0.08,-1,2009-04-12 02:00:00
2009,102,3,2397,51,52,64,39,3.0,2.2,6.1,264.9,-0.2,-2.2,0.2,-2.1,-0.8,0.1,2.0,1.6,0.6,0.9,94046.0,2.0,539.0,-0.4,0.4,0.043,9765.0,0.2,14.0,0.8,1.0,0.005,1.14,0.43,2.06,12.7,7.6,0.0074,23,0,-12,9,69.7,164,-94,70,1.5,0.00598,999999.99,99999.99,99999.99,0.27,0.13,0.1,-1,2009-04-12 03:00:00
2009,102,4,2397,51,52,58,36,3.1,2.5,6.9,231.1,-1.6,-1.9,0.3,-1.9,-0.5,0.2,1.7,1.1,0.7,1.2,86670.0,1.9,548.0,-0.2,0.8,0.04,12105.0,0.2,9.0,0.6,1.2,0.005,1.11,0.27,1.77,12.2,7.7,0.008,23,0,-11,9,69.7,99,-55,44,0.9,0.00598,999999.99,99999.99,99999.99,0.22,0.12,0.09,-1,2009-04-12 04:00:00
2009,102,5,2397,51,52,59,35,3.0,2.7,8.8,253.9,-0.7,-2.5,0.4,-2.5,-0.5,0.2,1.2,0.6,0.5,0.9,87550.0,2.1,533.0,-0.5,0.9,0.039,11804.0,0.1,6.0,0.4,0.7,0.003,1.15,0.27,2.1,12.9,7.7,0.0072,23,0,-7,9,69.7,224,-163,61,1.3,0.00598,999999.99,99999.99,99999.99,0.24,0.13,0.1,-1,2009-04-12 05:00:00
2009,102,6,2397,51,52,58,36,2.8,2.6,10.5,271.8,0.1,-2.6,0.5,-2.6,-0.3,0.2,1.0,0.7,0.4,0.6,86735.0,2.1,523.0,-0.4,0.7,0.041,10583.0,0.2,7.0,0.6,0.8,0.003,1.12,0.16,2.4,13.5,7.7,0.0065,13,0,-9,5,69.7,158,-83,75,1.2,0.00598,999999.99,99999.99,99999.99,0.19,0.1,0.08,-1,2009-04-12 06:00:00
2009,102,7,2397,51,52,62,37,3.0,2.4,-1.4,283.9,0.6,-2.4,-0.1,-2.3,-0.7,0.3,1.6,1.1,0.5,1.1,92568.0,2.2,514.0,0.0,0.4,0.039,17008.0,0.3,7.0,1.2,1.1,0.005,1.12,0.36,2.25,12.7,7.4,0.0074,13,0,-11,5,69.7,263,-221,42,1.2,0.00598,999999.99,99999.99,99999.99,0.23,0.12,0.08,-1,2009-04-12 07:00:00
2009,102,8,2397,51,52,58,37,3.2,3.1,21.1,249.7,-1.0,-2.7,1.1,-2.9,0.4,0.1,0.7,0.5,0.3,0.3,78012.0,2.1,515.0,-0.8,1.4,0.036,9606.0,0.2,5.0,0.4,0.4,0.004,1.06,-0.21,1.76,11.7,7.3,0.0087,13,0,-11,5,69.7,172,-121,51,1.1,0.00598,999999.99,99999.99,99999.99,0.21,0.13,0.1,-1,2009-04-12 08:00:00
2009,102,9,2397,51,52,60,36,2.8,2.5,13.6,238.7,-1.3,-2.1,0.6,-2.2,0.1,0.3,1.1,0.7,0.6,0.6,82757.0,2.3,514.0,-0.6,0.8,0.037,12140.0,0.2,5.0,0.4,0.5,0.004,1.16,-0.05,2.58,13.9,7.8,0.0061,7,0,-9,3,69.7,78,-37,40,0.9,0.00598,999999.99,99999.99,99999.99,0.19,0.11,0.1,-1,2009-04-12 09:00:00
2009,102,10,2397,51,52,59,36,2.6,1.7,9.3,301.8,0.9,-1.5,0.3,-1.5,0.0,0.2,1.9,1.7,0.5,0.6,86744.0,2.3,501.0,-0.2,0.6,0.041,10722.0,0.1,8.0,0.4,0.5,0.003,1.12,-0.0,3.04,14.6,7.7,0.0056,7,0,-8,3,69.7,56,-36,20,0.6,0.00598,999999.99,99999.99,99999.99,0.18,0.1,0.07,-1,2009-04-12 10:00:00
2009,102,11,2397,51,52,61,37,3.0,2.2,45.0,230.5,-1.0,-1.2,1.5,-1.5,1.2,0.5,2.1,1.0,1.2,1.4,82634.0,2.5,509.0,0.0,0.9,0.035,13694.0,0.2,4.0,0.9,0.9,0.003,1.23,-0.61,2.44,13.4,7.6,0.0066,7,0,-7,3,69.7,54,-37,17,0.6,0.00598,999999.99,99999.99,99999.99,0.23,0.14,0.1,-1,2009-04-12 11:00:00
2009,102,12,2397,51,52,57,35,2.8,2.3,18.4,264.8,-0.2,-2.1,0.7,-2.2,0.2,0.3,1.6,1.0,0.6,1.1,83347.0,2.6,502.0,-1.0,0.5,0.035,8780.0,0.2,7.0,0.9,0.8,0.004,1.25,-0.1,2.92,14.5,7.7,0.0057,7,0,-7,3,69.7,57,-36,21,0.6,0.00598,999999.99,99999.99,99999.99,0.22,0.12,0.09,-1,2009-04-12 12:00:00
2009,102,13,2397,51,52,59,36,3.3,2.5,45.9,282.5,0.4,-1.7,1.8,-2.1,1.3,0.3,2.1,1.0,1.4,1.2,73152.0,2.8,490.0,-0.6,1.8,0.031,8020.0,0.3,7.0,0.8,0.8,0.005,1.26,-0.64,2.16,12.4,7.3,0.0077,7,0,-6,3,69.7,73,-54,18,0.1,0.00598,999999.99,99999.99,99999.99,0.17,0.09,0.07,-1,2009-04-12 13:00:00
2009,102,14,2397,51,52,60,37,3.0,2.6,45.7,354.4,1.8,-0.2,1.8,-0.7,1.7,0.1,1.5,1.3,0.5,0.7,78785.0,2.5,477.0,0.6,1.0,0.042,6518.0,0.2,9.0,0.4,0.5,0.005,1.11,-0.81,2.39,12.6,7.2,0.0075,7,0,-4,3,69.7,36,-20,16,0.2,0.00598,999999.99,99999.99,99999.99,0.22,0.13,0.1,-1,2009-04-12 14:00:00
2009,102,15,2397,51,52,60,37,3.2,2.6,49.5,343.2,1.6,-0.5,2.0,-1.1,1.7,0.2,1.7,0.4,1.5,0.7,74503.0,2.8,479.0,0.5,1.1,0.034,5528.0,0.2,3.0,0.9,0.5,0.004,1.22,-0.81,2.31,12.5,7.2,0.0076,13,0,-3,5,69.7,31,-24,7,0.5,0.00598,999999.99,99999.99,99999.99,0.22,0.13,0.11,-1,2009-04-12 15:00:00
2009,102,16,2397,51,52,61,37,3.5,3.4,22.5,271.6,0.1,-3.1,1.3,-3.4,0.1,0.2,1.0,0.8,0.4,0.4,65341.0,3.2,482.0,-0.2,1.0,0.026,5586.0,0.1,4.0,0.4,0.4,0.002,1.37,-0.05,2.1,12.3,7.3,0.0078,13,0,-3,5,69.7,64,-45,19,1.6,0.00598,999999.99,99999.99,99999.99,0.22,0.11,0.09,-1,2009-04-12 16:00:00
2009,102,17,2397,51,52,59,36,3.9,3.6,-12.4,258.7,-0.7,-3.5,-0.8,-2.9,-2.1,0.2,1.2,0.9,0.4,0.8,60849.0,3.3,479.0,0.1,0.3,0.026,7664.0,0.3,5.0,0.4,0.4,0.002,1.4,1.01,1.71,11.2,7.1,0.0096,13,0,-7,5,69.7,214,-176,38,1.8,0.00598,999999.99,99999.99,99999.99,0.2,0.12,0.1,-1,2009-04-12 17:00:00
2009,102,18,2397,51,52,60,37,3.0,2.8,-15.6,247.6,-1.0,-2.5,-0.8,-1.9,-1.8,0.3,0.9,0.7,0.4,0.5,77393.0,3.3,471.0,1.0,0.9,0.031,9786.0,0.2,3.0,0.5,0.5,0.002,1.37,0.85,3.14,14.3,7.4,0.0058,23,0,-14,9,69.7,277,-231,46,1.4,0.00598,999999.99,99999.99,99999.99,0.25,0.11,0.09,-1,2009-04-12 18:00:00
2009,102,19,2397,51,52,60,35,3.6,3.5,8.4,237.8,-1.9,-2.9,0.5,-2.8,-0.9,0.2,0.9,0.5,0.2,0.7,65974.0,3.1,472.0,0.9,1.4,0.031,6801.0,0.3,1.0,0.3,0.3,0.002,1.3,0.42,1.93,11.5,7.1,0.0089,23,0,-14,9,69.7,189,-132,57,1.4,0.00598,999999.99,99999.99,99999.99,0.21,0.13,0.09,-1,2009-04-12 19:00:00
2009,102,20,2397,51,52,58,36,3.5,3.4,-1.3,218.0,-2.7,-2.1,-0.1,-1.8,-1.1,0.2,0.9,0.4,0.3,0.7,68990.0,3.2,464.0,1.2,1.0,0.03,6213.0,0.2,3.0,0.3,0.3,0.002,1.29,0.51,2.14,11.9,7.0,0.0085,23,0,-12,9,69.7,251,-160,91,2.0,0.00598,999999.99,99999.99,99999.99,0.2,0.1,0.08,-1,2009-04-12 20:00:00
2009,102,21,2397,51,52,60,38,3.5,2.6,-41.1,321.0,1.5,-1.2,-1.7,-0.1,-2.1,0.4,2.3,1.9,1.2,0.6,83053.0,3.1,453.0,1.4,1.5,0.037,9371.0,0.3,5.0,0.5,0.7,0.006,1.22,0.95,2.23,11.4,6.7,0.0092,27,0,-13,12,69.7,132,-72,60,1.7,0.00598,999999.99,99999.99,99999.99,0.19,0.11,0.08,-1,2009-04-12 21:00:00
2009,102,22,2397,51,52,59,36,3.9,3.5,-34.5,350.6,2.8,-0.5,-2.0,0.6,-2.0,0.2,1.6,0.6,1.3,0.7,80897.0,2.7,459.0,1.5,1.8,0.039,10024.0,0.3,6.0,0.8,0.8,0.003,1.1,0.92,1.55,9.7,6.3,0.0127,27,0,-13,12,69.7,74,-34,40,1.0,0.00598,999999.99,99999.99,99999.99,0.21,0.1,0.07,-1,2009-04-12 22:00:00
2009,102,23,2397,51,52,61,35,3.8,3.6,-53.3,354.6,2.1,-0.2,-2.9,1.4,-2.6,0.1,1.3,1.0,0.5,0.8,87729.0,2.8,459.0,1.4,0.9,0.036,10276.0,0.3,3.0,0.4,0.9,0.006,1.13,1.19,1.74,10.1,6.4,0.0116,27,0,-15,12,69.7,179,-118,61,1.6,0.00598,999999.99,99999.99,99999.99,0.19,0.1,0.07,-1,2009-04-12 23:00:00
2009,103,0,2397,51,52,58,35,3.8,3.7,-46.3,354.5,2.6,-0.2,-2.7,1.2,-2.4,0.1,0.8,0.5,0.5,0.4,71237.0,2.8,447.0,2.1,0.9,0.032,5625.0,0.1,4.0,0.5,0.8,0.002,1.05,1.07,1.61,9.8,6.4,0.0123,27,0,-18,12,68.8,192,-124,69,2.6,0.005961,999999.99,99999.99,99999.99,0.24,0.12,0.08,-1,2009-04-13 00:00:00
2009,103,1,2397,51,52,60,35,3.5,1.9,-32.8,295.1,0.7,-1.4,-1.0,-0.7,-1.6,0.3,3.0,2.2,1.2,1.5,73745.0,3.1,446.0,2.4,1.2,0.031,13982.0,0.2,4.0,0.7,0.5,0.004,1.16,0.71,2.13,11.2,6.7,0.0095,27,0,-20,12,68.8,126,-68,58,1.4,0.005961,999999.99,99999.99,99999.99,0.21,0.13,0.11,-1,2009-04-13 01:00:00
2009,103,2,2397,51,52,60,38,3.7,3.6,-25.3,8.8,3.2,0.5,-1.5,1.1,-1.1,0.3,0.9,0.4,0.8,0.3,67460.0,3.1,448.0,2.7,1.9,0.029,7835.0,0.3,5.0,0.4,0.4,0.002,1.16,0.49,1.84,10.7,6.6,0.0105,27,0,-19,12,68.8,103,-42,61,1.5,0.005961,999999.99,99999.99,99999.99,0.22,0.11,0.07,-1,2009-04-13 02:00:00
2009,103,3,2397,51,52,61,36,2.9,2.7,-21.4,24.1,2.3,1.0,-1.0,1.3,-0.5,0.4,1.0,0.4,0.6,0.7,79587.0,3.6,450.0,2.3,2.2,0.028,5196.0,0.2,2.0,0.5,0.2,0.002,1.35,0.23,3.7,14.7,7.2,0.0055,20,0,-14,7,68.8,72,-33,39,0.9,0.005961,999999.99,99999.99,99999.99,0.21,0.11,0.08,-1,2009-04-13 03:00:00
2009,103,4,2397,51,52,59,37,2.8,2.4,-14.2,24.5,2.1,1.0,-0.6,1.2,-0.2,0.2,1.4,0.4,0.7,1.1,82027.0,3.6,447.0,2.4,1.9,0.027,5638.0,0.2,4.0,1.1,0.4,0.003,1.33,0.09,4.02,15.1,7.2,0.0052,20,0,-11,7,68.8,139,-81,58,1.1,0.005961,999999.99,99999.99,99999.99,0.26,0.11,0.08,-1,2009-04-13 04:00:00
2009,103,5,2397,51,52,60,36,2.6,2.5,-21.2,10.2,2.3,0.4,-0.9,0.7,-0.7,0.2,0.8,0.3,0.5,0.4,76845.0,3.8,443.0,2.3,1.2,0.026,4767.0,0.1,3.0,0.3,0.3,0.002,1.37,0.31,4.8,16.6,7.3,0.0043,20,0,-8,7,68.8,194,-155,38,1.4,0.005961,999999.99,99999.99,99999.99,0.21,0.11,0.07,-1,2009-04-13 05:00:00
2009,103,6,2397,51,52,58,35,3.0,2.9,-11.5,5.5,2.8,0.3,-0.6,0.5,-0.5,0.1,0.8,0.2,0.5,0.6,71419.0,3.4,436.0,2.2,1.2,0.029,4818.0,0.2,3.0,0.3,0.2,0.002,1.2,0.22,3.14,13.4,7.0,0.0066,10,0,-10,4,68.8,169,-93,77,1.4,0.005961,999999.99,99999.99,99999.99,0.25,0.13,0.08,-1,2009-04-13 06:00:00
2009,103,7,2397,51,52,62,35,2.5,1.7,39.3,338.4,1.2,-0.5,1.1,-0.8,0.9,0.1,1.7,1.4,1.0,0.4,61028.0,3.0,436.0,1.5,1.2,0.024,3732.0,0.2,3.0,0.5,0.4,0.002,1.04,-0.39,3.78,15.1,7.3,0.0052,10,0,-8,4,68.8,129,-105,25,0.6,0.005961,999999.99,99999.99,99999.99,0.19,0.11,0.08,-1,2009-04-13 07:00:00
2009,103,8,2397,51,52,58,35,2.3,1.9,43.2,271.9,0.0,-1.4,1.3,-1.7,0.9,0.3,1.2,0.9,0.7,0.4,59992.0,2.6,436.0,1.1,0.8,0.022,4683.0,0.1,5.0,0.5,0.5,0.001,0.9,-0.39,3.85,15.3,7.3,0.0051,10,0,-7,4,68.8,74,-39,35,0.2,0.005961,999999.99,99999.99,99999.99,0.21,0.11,0.09,-1,2009-04-13 08:00:00
2009,103,9,2397,51,52,61,38,2.0,1.7,59.3,294.3,0.4,-0.8,1.5,-1.1,1.3,0.5,1.1,0.6,0.6,0.7,56428.0,2.4,435.0,1.3,0.7,0.021,7865.0,0.1,4.0,0.4,0.5,0.002,0.82,-0.57,4.61,16.8,7.5,0.0042,3,0,-8,2,68.8,52,-18,34,0.2,0.005961,999999.99,99999.99,99999.99,0.25,0.12,0.09,-1,2009-04-13 09:00:00
2009,103,10,2397,51,52,59,36,2.0,1.8,33.9,296.7,0.7,-1.4,1.0,-1.6,0.7,0.3,0.8,0.6,0.4,0.4,62088.0,2.3,437.0,0.8,0.7,0.023,6239.0,0.1,4.0,0.3,0.2,0.001,0.8,-0.31,4.56,16.6,7.5,0.0043,3,0,-9,2,68.8,36,-23,12,0.1,0.005961,999999.99,99999.99,99999.99,0.24,0.12,0.09,-1,2009-04-13 10:00:00
2009,103,11,2397,51,52,60,37,2.4,2.4,-11.3,338.0,2.2,-0.9,-0.5,-0.8,-0.7,0.1,0.4,0.1,0.3,0.2,42661.0,1.9,426.0,0.8,-0.2,0.021,9109.0,0.3,4.0,0.2,0.3,0.003,0.62,0.3,2.35,12.2,7.0,0.0079,3,0,-9,2,68.8,33,-24,9,0.1,0.005961,999999.99,99999.99,99999.99,0.19,0.11,0.07,-1,2009-04-13 11:00:00
2009,103,12,2397,51,52,59,34,2.5,2.5,-8.6,336.0,2.2,-1.0,-0.4,-0.9,-0.6,0.1,0.3,0.1,0.1,0.2,44471.0,2.0,424.0,1.0,-0.5,0.02,3955.0,0.0,2.0,0.2,0.3,0.001,0.65,0.25,2.3,12.0,6.9,0.0083,7,0,-9,3,68.8,38,-25,13,0.1,0.005961,999999.99,99999.99,99999.99,0.21,0.11,0.07,-1,2009-04-13 12:00:00
2009,103,13,2397,51,52,59,37,2.3,2.3,-7.0,340.2,2.1,-0.8,-0.3,-0.7,-0.5,0.1,0.2,0.1,0.1,0.2,44379.0,2.1,419.0,1.2,-0.5,0.019,3107.0,0.0,2.0,0.3,0.2,0.001,0.66,0.21,2.85,13.2,7.1,0.0068,7,0,-8,3,68.8,31,-23,8,0.3,0.005961,999999.99,99999.99,99999.99,0.2,0.11,0.08,-1,2009-04-13 13:00:00
2009,103,14,2397,51,52,60,37,2.0,2.0,-4.1,330.0,1.7,-1.0,-0.1,-0.9,-0.4,0.1,0.4,0.2,0.2,0.2,41561.0,2.0,416.0,0.9,-0.5,0.019,2573.0,0.1,1.0,0.2,0.1,0.001,0.62,0.17,3.53,14.7,7.3,0.0055,7,0,-3,3,68.8,41,-34,7,0.6,0.005961,999999.99,99999.99,99999.99,0.19,0.11,0.09,-1,2009-04-13 14:00:00
2009,103,15,2397,51,52,60,37,1.5,1.4,4.4,300.0,0.7,-1.2,0.1,-1.2,-0.3,0.2,0.5,0.3,0.2,0.3,44928.0,2.1,413.0,0.2,-1.0,0.018,2972.0,0.1,3.0,1.1,0.4,0.002,0.64,0.12,6.73,19.9,7.6,0.003,3,0,-3,2,68.8,46,-42,4,0.9,0.005961,999999.99,99999.99,99999.99,0.21,0.12,0.08,-1,2009-04-13 15:00:00
2009,103,16,2397,51,52,59,35,2.0,1.8,-24.4,281.2,0.3,-1.6,-0.7,-1.2,-1.2,0.2,0.9,0.5,0.3,0.6,40223.0,2.1,406.0,-0.2,-1.2,0.02,4323.0,0.1,6.0,1.1,0.5,0.002,0.62,0.49,3.68,14.7,7.2,0.0055,3,0,-10,2,68.8,36,-29,8,0.9,0.005961,999999.99,99999.99,99999.99,0.22,0.13,0.09,-1,2009-04-13 16:00:00
2009,103,17,2397,51,52,55,34,2.1,1.9,-24.1,323.9,1.4,-1.0,-0.8,-0.6,-1.1,0.1,0.8,0.7,0.2,0.3,34997.0,2.4,386.0,0.7,-0.9,0.022,4617.0,0.2,4.0,0.3,0.7,0.003,0.65,0.42,3.7,14.2,7.0,0.0059,3,0,-11,2,68.8,90,-73,17,1.1,0.005961,999999.99,99999.99,99999.99,0.19,0.11,0.08,-1,2009-04-13 17:00:00
2009,103,18,2397,51,52,59,36,1.7,1.7,-13.2,337.0,1.5,-0.6,-0.4,-0.4,-0.6,0.1,0.3,0.1,0.2,0.2,37038.0,2.5,380.0,0.6,-0.7,0.024,2282.0,0.1,2.0,0.2,0.5,0.001,0.66,0.23,5.95,17.7,7.1,0.0038,3,0,-13,2,68.8,68,-53,15,0.9,0.005961,999999.99,99999.99,99999.99,0.26,0.12,0.08,-1,2009-04-13 18:00:00
2009,103,19,2397,51,52,61,37,1.9,1.8,-18.7,302.8,0.9,-1.5,-0.6,-1.0,-1.2,0.1,0.6,0.4,0.3,0.2,34487.0,2.4,379.0,-0.4,-0.1,0.023,2044.0,0.1,2.0,0.6,0.4,0.002,0.63,0.45,4.5,15.5,7.0,0.005,3,0,-12,2,68.8,43,-30,13,0.6,0.005961,999999.99,99999.99,99999.99,0.2,0.12,0.09,-1,2009-04-13 19:00:00
2009,103,20,2397,51,52,58,36,2.1,2.1,-31.2,293.1,0.7,-1.6,-1.1,-0.8,-1.8,0.1,0.5,0.3,0.2,0.2,31992.0,2.3,380.0,-1.0,-1.0,0.022,2688.0,0.2,5.0,0.2,0.4,0.002,0.6,0.68,3.48,13.7,6.9,0.0063,3,0,-13,2,68.8,18,-8,9,0.4,0.005961,999999.99,99999.99,99999.99,0.17,0.1,0.07,-1,2009-04-13 20:00:00
2009,103,21,2397,51,52,62,38,2.1,2.1,-20.3,288.4,0.6,-1.8,-0.7,-1.2,-1.5,0.1,0.6,0.6,0.2,0.1,30019.0,2.1,377.0,-1.5,-0.4,0.025,1969.0,0.1,5.0,0.4,0.2,0.002,0.55,0.57,3.14,13.0,6.8,0.007,3,0,-12,2,68.8,26,-8,17,0.4,0.005961,999999.99,99999.99,99999.99,0.25,0.12,0.08,-1,2009-04-13 21:00:00
2009,103,22,2397,51,52,60,36,2.1,2.0,-26.1,244.9,-0.8,-1.6,-0.9,-0.9,-1.6,0.1,0.6,0.6,0.2,0.2,26328.0,2.4,378.0,-0.9,-0.2,0.022,2820.0,0.2,2.0,0.4,0.3,0.002,0.62,0.6,3.5,13.9,7.0,0.0061,3,0,-12,2,68.8,29,-12,18,0.6,0.005961,999999.99,99999.99,99999.99,0.22,0.11,0.08,-1,2009-04-13 22:00:00
2009,103,23,2397,51,52,58,36,2.2,2.1,-38.7,263.2,-0.2,-1.7,-1.3,-0.8,-2.0,0.1,0.5,0.4,0.2,0.3,24965.0,2.5,372.0,-0.0,-0.0,0.02,2206.0,0.1,2.0,1.0,0.3,0.001,0.62,0.74,3.29,13.4,6.8,0.0067,3,0,-11,2,68.8,40,-20,21,0.8,0.005961,999999.99,99999.99,99999.99,0.28,0.14,0.1,-1,2009-04-13 23:00:00
2009,104,0,2397,51,52,60,36,2.2,2.1,-55.3,284.1,0.3,-1.1,-1.7,-0.1,-2.0,0.2,0.7,0.6,0.4,0.2,26412.0,2.7,369.0,-0.1,-0.2,0.021,3224.0,0.1,3.0,0.3,0.3,0.002,0.67,0.74,3.59,13.8,6.8,0.0063,10,0,-10,4,69.9,33,-18,14,0.6,0.005961,999999.99,99999.99,99999.99,0.21,0.12,0.09,-1,2009-04-14 00:00:00
2009,104,1,2397,51,52,59,35,2.2,2.0,-59.0,323.3,0.8,-0.6,-1.7,0.3,-1.8,0.1,1.0,0.7,0.6,0.3,29441.0,2.8,365.0,-0.0,0.1,0.021,4202.0,0.1,3.0,0.3,0.2,0.001,0.68,0.66,3.8,13.9,6.7,0.0062,10,0,-7,4,69.9,28,-11,16,0.6,0.005961,999999.99,99999.99,99999.99,0.27,0.14,0.11,-1,2009-04-14 01:00:00
2009,104,2,2397,51,52,60,37,2.3,2.2,-24.5,318.0,1.5,-1.3,-0.9,-0.7,-1.4,0.2,0.8,0.4,0.7,0.2,31536.0,3.2,361.0,-0.4,0.3,0.021,1186.0,0.1,1.0,0.3,0.2,0.001,0.75,0.51,4.02,14.0,6.6,0.006,10,0,-6,4,69.9,38,-14,24,0.7,0.005961,999999.99,99999.99,99999.99,0.23,0.12,0.1,-1,2009-04-14 02:00:00
2009,104,3,2397,51,52,60,36,2.7,2.6,4.1,321.6,2.1,-1.6,0.2,-1.5,-0.5,0.1,0.6,0.2,0.3,0.5,32023.0,3.3,360.0,-0.7,0.6,0.023,1479.0,0.1,2.0,1.1,0.2,0.002,0.78,0.18,3.02,12.1,6.4,0.0081,7,0,-5,3,69.9,40,-15,25,0.9,0.005961,999999.99,99999.99,99999.99,0.22,0.12,0.09,-1,2009-04-14 03:00:00
2009,104,4,2397,51,52,59,36,2.7,2.6,22.7,342.8,2.3,-0.7,1.0,-1.0,0.7,0.1,0.6,0.1,0.6,0.3,29631.0,3.2,360.0,-0.7,0.7,0.023,2280.0,0.2,1.0,0.3,0.2,0.001,0.76,-0.25,2.89,11.9,6.4,0.0084,7,0,-3,3,69.9,31,-18,13,0.3,0.005961,999999.99,99999.99,99999.99,0.24,0.13,0.09,-1,2009-04-14 04:00:00
2009,104,5,2397,51,52,60,36,2.6,2.5,40.2,26.0,1.7,0.8,1.6,0.2,1.8,0.1,0.5,0.3,0.4,0.2,28407.0,3.2,359.0,-0.8,0.7,0.022,1498.0,0.2,1.0,0.2,0.2,0.002,0.75,-0.65,3.09,12.3,6.5,0.0078,7,0,-1,3,69.9,18,-11,6,0.2,0.005961,999999.99,99999.99,99999.99,0.2,0.13,0.1,-1,2009-04-14 05:00:00
2009,104,6,2397,51,52,60,37,2.0,1.3,25.7,322.9,0.9,-0.7,0.5,-0.8,0.3,0.5,1.6,0.8,1.0,0.9,31465.0,3.5,357.0,-0.6,1.1,0.025,5029.0,0.3,3.0,0.7,0.7,0.004,0.82,-0.11,5.82,16.7,6.8,0.0043,0,0,-1,0,69.9,11,-1,10,0.1,0.005961,999999.99,99999.99,99999.99,0.27,0.1,0.08,-1,2009-04-14 06:00:00
2009,104,7,2397,51,52,60,36,2.4,2.3,-12.9,253.4,-0.6,-2.1,-0.5,-1.9,-1.0,0.1,0.5,0.4,0.1,0.3,21800.0,3.6,358.0,-1.0,0.7,0.021,1622.0,0.2,1.0,0.3,0.2,0.001,0.84,0.36,3.9,14.2,6.8,0.0059,0,0,-2,0,69.9,34,-4,31,0.2,0.005961,999999.99,99999.99,99999.99,0.18,0.1,0.07,-1,2009-04-14 07:00:00
2009,104,8,2397,51,52,60,36,2.5,2.5,-23.1,235.1,-1.3,-1.9,-1.0,-1.6,-1.4,0.1,0.3,0.2,0.1,0.2,21154.0,3.9,357.0,-0.9,0.7,0.022,593.0,0.2,1.0,0.1,0.1,0.001,0.9,0.5,3.88,14.1,6.8,0.006,0,0,-5,0,69.9,71,-28,43,0.3,0.005961,999999.99,99999.99,99999.99,0.22,0.12,0.09,-1,2009-04-14 08:00:00
2009,104,9,2397,51,52,59,37,2.9,2.7,-20.8,244.6,-1.1,-2.3,-1.0,-2.0,-1.5,0.2,0.8,0.4,0.4,0.5,17271.0,4.0,357.0,-1.0,0.9,0.016,3424.0,0.2,1.0,0.3,0.3,0.004,0.91,0.54,2.88,12.3,6.6,0.0078,10,0,-7,4,69.9,129,-102,27,0.7,0.005961,999999.99,99999.99,99999.99,0.27,0.12,0.09,-1,2009-04-14 09:00:00
2009,104,10,2397,51,52,59,36,3.1,3.1,-37.1,226.8,-1.7,-1.8,-1.8,-1.4,-2.1,0.2,0.5,0.1,0.4,0.3,13092.0,4.0,355.0,-0.7,1.0,0.013,2044.0,0.4,1.0,0.4,0.4,0.002,0.89,0.75,2.45,11.5,6.5,0.0091,10,0,-8,4,69.9,98,-75,23,1.0,0.005961,999999.99,99999.99,99999.99,0.26,0.12,0.08,-1,2009-04-14 10:00:00
2009,104,11,2397,51,52,60,37,2.9,2.8,-43.3,218.7,-1.6,-1.3,-1.9,-0.9,-2.1,0.1,0.8,0.3,0.6,0.4,18544.0,4.3,353.0,-0.3,0.8,0.018,2535.0,0.2,1.0,0.3,0.2,0.002,0.96,0.74,3.12,12.6,6.6,0.0075,10,0,-7,4,69.9,145,-99,46,1.0,0.005961,999999.99,99999.99,99999.99,0.25,0.11,0.08,-1,2009-04-14 11:00:00
2009,104,12,2397,51,52,59,35,2.8,2.7,-25.8,215.9,-2.0,-1.4,-1.2,-1.1,-1.5,0.1,0.7,0.2,0.4,0.5,19442.0,4.6,350.0,-0.4,0.7,0.019,2798.0,0.3,2.0,0.4,0.2,0.001,1.01,0.53,3.61,13.4,6.6,0.0066,7,0,-5,3,69.9,161,-134,27,1.5,0.005961,999999.99,99999.99,99999.99,0.21,0.11,0.08,-1,2009-04-14 12:00:00
2009,104,13,2397,51,52,59,32,2.8,2.7,-21.9,222.0,-1.8,-1.7,-1.0,-1.4,-1.4,0.1,0.8,0.4,0.6,0.3,17606.0,4.6,347.0,-0.2,0.8,0.018,925.0,0.2,2.0,1.1,0.2,0.001,0.99,0.49,3.56,13.3,6.6,0.0067,7,0,-3,3,69.9,62,-51,11,1.1,0.005961,999999.99,99999.99,99999.99,0.19,0.09,0.07,-1,2009-04-14 13:00:00
2009,104,14,2397,51,52,60,37,2.7,2.6,-27.5,219.0,-1.8,-1.4,-1.2,-1.0,-1.5,0.1,0.6,0.2,0.5,0.3,17802.0,4.9,345.0,-0.7,0.8,0.019,832.0,0.3,1.0,0.2,0.2,0.001,1.05,0.52,4.09,14.1,6.6,0.0059,7,0,-3,3,69.9,70,-62,8,1.0,0.005961,999999.99,99999.99,99999.99,0.22,0.11,0.07,-1,2009-04-14 14:00:00
2009,104,15,2397,51,52,60,36,2.4,2.4,-27.7,236.4,-1.2,-1.8,-1.1,-1.4,-1.6,0.2,0.5,0.4,0.2,0.2,22832.0,4.8,342.0,-0.6,1.1,0.022,3614.0,0.2,2.0,0.3,0.2,0.002,1.02,0.55,5.24,15.6,6.6,0.0049,3,0,-5,2,69.9,92,-89,3,1.1,0.005961,999999.99,99999.99,99999.99,0.24,0.12,0.08,-1,2009-04-14 15:00:00
2009,104,16,2397,51,52,60,37,2.7,2.6,-31.8,217.5,-1.8,-1.4,-1.4,-0.8,-1.8,0.2,0.7,0.4,0.4,0.4,23327.0,5.4,343.0,-0.8,1.3,0.021,1936.0,0.3,2.0,0.3,0.2,0.001,1.15,0.62,4.67,14.8,6.6,0.0055,3,0,-6,2,69.9,85,-80,5,1.0,0.005961,999999.99,99999.99,99999.99,0.21,0.14,0.11,-1,2009-04-14 16:00:00
2009,104,17,2397,51,52,59,35,3.0,3.0,-31.6,225.5,-1.8,-1.8,-1.6,-1.0,-2.2,0.2,0.4,0.2,0.3,0.1,22484.0,5.0,339.0,-1.1,1.6,0.02,2008.0,0.2,2.0,0.2,0.2,0.002,1.04,0.75,3.49,12.6,6.3,0.0075,3,0,-6,2,69.9,40,-32,8,0.8,0.005961,999999.99,99999.99,99999.99,0.19,0.12,0.1,-1,2009-04-14 17:00:00
2009,104,18,2397,51,52,58,36,2.8,2.4,-13.5,268.8,0.0,-2.3,-0.6,-1.8,-1.5,0.2,1.5,1.4,0.3,0.5,26130.0,5.0,333.0,-1.3,2.1,0.02,3142.0,0.3,3.0,0.4,0.4,0.003,1.0,0.5,4.1,13.3,6.2,0.0067,0,0,-6,0,69.9,30,-16,14,0.9,0.005961,999999.99,99999.99,99999.99,0.23,0.14,0.11,-1,2009-04-14 18:00:00
2009,104,19,2397,51,52,61,37,2.3,2.1,-9.3,309.3,1.3,-1.6,-0.3,-1.3,-1.0,0.2,0.9,0.5,0.5,0.5,31908.0,5.4,335.0,-2.0,1.2,0.025,1771.0,0.2,3.0,0.4,0.7,0.003,1.11,0.34,6.81,16.9,6.5,0.0042,0,0,-5,0,69.9,29,-13,16,0.7,0.005961,999999.99,99999.99,99999.99,0.19,0.1,0.08,-1,2009-04-14 19:00:00
2009,104,20,2397,51,52,59,37,2.8,2.7,-18.1,301.1,1.3,-2.2,-0.8,-1.5,-1.8,0.1,0.8,0.4,0.5,0.3,30317.0,5.3,331.0,-1.4,1.8,0.016,2062.0,0.2,2.0,0.3,0.4,0.003,1.03,0.6,4.46,13.6,6.2,0.0064,0,0,-4,0,69.9,33,-13,20,0.7,0.005961,999999.99,99999.99,99999.99,0.25,0.14,0.09,-1,2009-04-14 20:00:00
2009,104,21,2397,51,52,59,36,3.0,2.8,-19.9,310.1,1.7,-2.0,-1.0,-1.2,-1.9,0.1,1.1,0.8,0.7,0.3,30442.0,5.6,329.0,-1.5,1.4,0.019,1470.0,0.2,2.0,0.3,0.1,0.002,1.09,0.63,4.11,13.0,6.1,0.0071,3,0,-4,2,69.9,31,-11,20,0.7,0.005961,999999.99,99999.99,99999.99,0.21,0.13,0.09,-1,2009-04-14 21:00:00
2009,104,22,2397,51,52,60,37,3.4,3.3,-12.7,297.9,1.5,-2.8,-0.7,-2.0,-2.1,0.2,0.7,0.4,0.4,0.4,29565.0,5.8,328.0,-1.9,1.1,0.02,1908.0,0.2,1.0,0.4,0.3,0.002,1.13,0.69,3.3,11.6,5.9,0.0088,3,0,-5,2,69.9,62,-31,31,0.9,0.005961,999999.99,99999.99,99999.99,0.22,0.13,0.09,-1,2009-04-14 22:00:00
2009,104,23,2397,51,52,60,36,3.6,3.5,-6.4,293.2,1.4,-3.2,-0.4,-2.5,-2.0,0.1,0.7,0.4,0.2,0.6,30866.0,6.6,328.0,-2.2,1.2,0.023,1823.0,0.5,1.0,0.2,0.3,0.002,1.29,0.66,3.37,11.7,5.9,0.0087,3,0,-4,2,69.9,104,-66,38,0.9,0.005961,999999.99,99999.99,99999.99,0.26,0.13,0.1,-1,2009-04-14 23:00:00
2009,105,0,2397,51,52,64,38,4.2,3.7,-0.8,270.0,0.0,-3.7,-0.1,-3.1,-2.0,0.5,1.9,1.3,0.8,1.2,33750.0,8.8,338.0,-1.6,2.3,0.019,3241.0,1.6,6.0,0.5,0.9,0.004,1.81,0.68,3.36,11.9,6.0,0.0083,17,0,-3,6,69.9,169,-85,84,0.9,0.005978,999999.99,99999.99,99999.99,0.22,0.12,0.09,-1,2009-04-15 00:00:00
2009,105,1,2397,51,52,60,36,4.7,4.4,-6.0,258.7,-0.9,-4.3,-0.5,-3.5,-2.5,0.3,1.8,0.7,0.4,1.6,33268.0,11.0,341.0,-1.7,2.2,0.017,2831.0,0.5,2.0,0.4,0.4,0.002,2.28,0.85,3.35,12.0,6.1,0.0082,17,0,-4,6,69.9,283,-145,138,1.6,0.005978,999999.99,99999.99,99999.99,0.21,0.13,0.09,-1,2009-04-15 01:00:00
2009,105,2,2397,51,52,57,35,4.0,3.8,11.3,260.6,-0.6,-3.7,0.7,-3.6,-1.1,0.3,1.3,1.1,0.2,0.7,32170.0,11.2,337.0,-1.6,1.9,0.017,3080.0,0.6,4.0,0.3,0.4,0.003,2.27,0.37,4.67,14.1,6.3,0.006,17,0,-4,6,69.9,171,-56,116,1.4,0.005978,999999.99,99999.99,99999.99,0.22,0.12,0.09,-1,2009-04-15 02:00:00
2009,105,3,2397,51,52,61,38,4.0,3.7,-16.4,266.9,-0.2,-3.5,-1.0,-2.8,-2.4,0.2,1.5,1.2,0.6,0.8,32514.0,11.1,333.0,-0.5,0.4,0.011,4158.0,0.6,4.0,0.8,0.6,0.002,2.15,0.8,4.64,13.9,6.2,0.0062,13,0,-3,5,69.9,130,-11,119,1.3,0.005978,999999.99,99999.99,99999.99,0.19,0.12,0.09,-1,2009-04-15 03:00:00
2009,105,4,2397,51,52,58,34,4.4,4.0,3.6,288.7,1.3,-3.8,0.3,-3.6,-1.2,0.1,1.9,1.3,0.3,1.3,30551.0,11.1,328.0,-0.6,1.3,0.01,2064.0,0.3,3.0,0.5,0.7,0.001,2.07,0.39,3.79,12.4,6.0,0.0077,13,0,-2,5,69.9,127,-18,108,1.3,0.005978,999999.99,99999.99,99999.99,0.19,0.12,0.09,-1,2009-04-15 04:00:00
2009,105,5,2397,51,52,58,36,4.3,3.9,8.5,281.5,0.8,-3.8,0.6,-3.8,-0.7,0.2,1.6,0.5,0.6,1.4,30983.0,12.4,328.0,-0.2,1.4,0.009,1918.0,0.7,3.0,0.3,0.8,0.001,2.31,0.23,4.45,13.4,6.1,0.0066,13,0,-2,5,69.9,102,-10,93,1.0,0.005978,999999.99,99999.99,99999.99,0.23,0.15,0.1,-1,2009-04-15 05:00:00
2009,105,6,2397,51,52,59,36,4.2,4.0,27.4,303.4,2.0,-3.0,1.8,-3.4,0.8,0.1,1.1,0.8,0.7,0.4,31044.0,12.8,322.0,-0.1,1.5,0.011,1627.0,0.5,3.0,0.5,0.3,0.001,2.31,-0.26,4.81,13.7,6.0,0.0063,3,0,-2,2,69.9,40,-5,34,0.2,0.005978,999999.99,99999.99,99999.99,0.27,0.13,0.08,-1,2009-04-15 06:00:00
2009,105,7,2397,51,52,61,37,4.5,4.1,30.2,307.1,2.1,-2.8,2.0,-3.2,1.2,0.1,1.7,1.1,1.1,0.7,30013.0,11.4,320.0,-0.5,1.2,0.011,1653.0,0.6,5.0,1.0,0.6,0.002,2.04,-0.38,3.71,12.0,5.9,0.0083,3,0,-2,2,69.9,42,-5,37,0.1,0.005978,999999.99,99999.99,99999.99,0.27,0.12,0.09,-1,2009-04-15 07:00:00
2009,105,8,2397,51,52,61,37,4.1,3.8,13.5,294.8,1.6,-3.4,0.9,-3.5,0.1,0.3,1.4,0.9,0.2,1.0,30916.0,10.4,320.0,-1.1,-0.7,0.012,2365.0,0.5,4.0,0.5,0.8,0.001,1.86,-0.03,4.1,12.6,5.9,0.0075,3,0,-4,2,69.9,53,-17,36,0.2,0.005978,999999.99,99999.99,99999.99,0.22,0.14,0.1,-1,2009-04-15 08:00:00
2009,105,9,2397,51,52,60,35,4.2,3.7,27.8,251.0,-1.1,-3.1,1.7,-3.4,1.0,0.3,2.0,1.9,0.3,0.5,26347.0,10.0,324.0,-0.6,-0.6,0.012,4240.0,0.7,3.0,0.4,0.4,0.002,1.84,-0.32,3.65,12.2,6.0,0.008,3,0,-6,2,69.9,44,-20,24,0.1,0.005978,999999.99,99999.99,99999.99,0.23,0.14,0.11,-1,2009-04-15 09:00:00
2009,105,10,2397,51,52,59,36,4.5,4.4,20.4,233.2,-2.5,-3.3,1.6,-3.5,0.9,0.1,0.5,0.3,0.2,0.2,22448.0,9.3,324.0,-0.4,-0.5,0.012,1213.0,0.4,1.0,0.3,0.3,0.002,1.71,-0.29,2.88,11.0,5.9,0.0099,3,0,-6,2,69.9,98,-72,26,0.0,0.005978,999999.99,99999.99,99999.99,0.25,0.15,0.11,-1,2009-04-15 10:00:00
2009,105,11,2397,51,52,59,36,3.7,3.0,-4.4,286.4,0.8,-2.8,-0.2,-2.7,-0.7,0.5,2.3,1.3,1.3,1.4,29829.0,10.6,316.0,-0.4,-1.0,0.012,2419.0,1.3,2.0,0.5,0.5,0.001,1.85,0.22,5.1,13.9,6.0,0.0062,3,0,-3,2,69.9,60,-31,29,0.4,0.005978,999999.99,99999.99,99999.99,0.23,0.13,0.1,-1,2009-04-15 11:00:00
2009,105,12,2397,51,52,62,38,3.9,3.0,12.9,247.2,-1.1,-2.7,0.7,-2.8,0.1,0.7,2.6,1.9,1.1,1.4,23973.0,9.4,317.0,0.1,-0.9,0.012,6433.0,1.5,4.0,0.5,0.6,0.001,1.65,-0.03,3.92,12.5,6.0,0.0077,13,0,-3,5,69.9,49,-35,14,0.4,0.005978,999999.99,99999.99,99999.99,0.25,0.12,0.08,-1,2009-04-15 12:00:00
2009,105,13,2397,51,52,58,35,5.0,5.0,23.1,226.1,-3.2,-3.3,2.0,-3.7,1.2,0.3,0.4,0.2,0.3,0.3,17140.0,5.7,318.0,0.1,-0.9,0.012,908.0,1.5,2.0,0.3,0.4,0.002,1.01,-0.38,1.38,7.6,5.1,0.0206,13,0,-3,5,69.9,47,-37,9,0.7,0.005978,999999.99,99999.99,99999.99,0.24,0.11,0.08,-1,2009-04-15 13:00:00
2009,105,14,2397,51,52,59,36,4.5,4.4,20.9,233.9,-2.4,-3.3,1.6,-3.6,0.7,0.4,0.7,0.6,0.4,0.2,18913.0,6.3,316.0,-0.6,-0.9,0.011,1937.0,1.1,2.0,0.6,0.4,0.001,1.1,-0.22,1.91,8.8,5.4,0.0153,13,0,-1,5,69.9,40,-29,11,0.8,0.005978,999999.99,99999.99,99999.99,0.25,0.15,0.1,-1,2009-04-15 14:00:00
2009,105,15,2397,51,52,60,36,4.2,4.1,15.9,247.8,-1.5,-3.7,1.1,-3.9,-0.1,0.3,0.8,0.3,0.3,0.6,22113.0,6.6,310.0,0.2,-1.9,0.012,1592.0,0.8,1.0,0.4,0.3,0.001,1.11,0.03,2.34,9.5,5.5,0.0132,13,0,-1,5,69.9,31,-26,5,1.4,0.005978,999999.99,99999.99,99999.99,0.22,0.13,0.1,-1,2009-04-15 15:00:00
2009,105,16,2397,51,52,60,37,4.7,4.6,16.3,241.4,-2.1,-3.8,1.3,-4.0,-0.1,0.4,1.1,0.8,0.3,0.6,20084.0,5.3,311.0,-0.1,-2.0,0.013,3882.0,1.0,3.0,0.6,0.4,0.001,0.9,0.03,1.48,7.6,5.0,0.0205,13,0,-3,5,69.9,44,-36,8,1.5,0.005978,999999.99,99999.99,99999.99,0.27,0.15,0.11,-1,2009-04-15 16:00:00
2009,105,17,2397,51,52,60,36,4.6,4.6,22.2,240.4,-2.1,-3.7,1.7,-4.1,0.1,0.3,0.4,0.3,0.2,0.3,20515.0,5.0,311.0,0.1,-2.0,0.014,3518.0,0.7,2.0,0.4,0.3,0.001,0.85,-0.03,1.46,7.6,5.0,0.0208,13,0,-3,5,69.9,48,-33,15,1.3,0.005978,999999.99,99999.99,99999.99,0.23,0.13,0.1,-1,2009-04-15 17:00:00
2009,105,18,2397,51,52,61,37,4.8,4.7,19.8,235.3,-2.5,-3.7,1.6,-4.0,-0.2,0.2,0.6,0.3,0.4,0.3,16246.0,4.3,314.0,-0.0,-2.2,0.014,1056.0,0.5,2.0,0.3,0.2,0.002,0.75,0.06,1.12,6.8,4.8,0.0259,13,0,-4,5,69.9,41,-21,20,1.4,0.005978,999999.99,99999.99,99999.99,0.2,0.12,0.09,-1,2009-04-15 18:00:00
2009,105,19,2397,51,52,59,36,4.3,4.3,15.1,230.7,-2.6,-3.2,1.1,-3.3,-0.5,0.1,0.7,0.5,0.5,0.2,15934.0,5.5,314.0,-0.5,-2.1,0.009,2681.0,0.4,2.0,0.4,0.2,0.002,0.94,0.16,1.79,8.6,5.4,0.0162,13,0,-5,5,69.9,45,-20,25,1.1,0.005978,999999.99,99999.99,99999.99,0.24,0.13,0.1,-1,2009-04-15 19:00:00
2009,105,20,2397,51,52,60,36,4.3,4.3,8.5,234.7,-2.4,-3.4,0.6,-3.2,-1.2,0.1,0.5,0.3,0.3,0.3,13772.0,5.8,312.0,-0.8,-2.3,0.007,666.0,0.2,1.0,0.2,0.2,0.0,0.97,0.37,1.85,8.7,5.4,0.0156,13,0,-4,5,69.9,60,-33,26,1.1,0.005978,999999.99,99999.99,99999.99,0.21,0.13,0.08,-1,2009-04-15 20:00:00
2009,105,21,2397,51,52,59,21,4.4,4.1,-7.8,254.6,-1.1,-3.9,-0.6,-3.0,-2.5,0.5,1.5,0.7,0.4,1.3,20407.0,7.0,309.0,-0.1,-1.9,0.009,4784.0,0.6,2.0,0.6,0.3,0.001,1.16,0.77,2.24,9.3,5.4,0.0138,7,0,-6,3,69.9,52,-25,27,1.0,0.005978,999999.99,99999.99,99999.99,0.23,0.12,0.09,-1,2009-04-15 21:00:00
2009,105,22,2397,51,51,61,9,5.2,5.1,10.8,255.1,-1.3,-4.9,1.0,-4.7,-1.7,0.1,0.6,0.4,0.1,0.5,19791.0,4.7,309.0,-0.4,-2.0,9.999,1589.0,0.2,1.0,1.0,0.3,9.999,0.9,0.53,1.07,6.4,4.6,0.0287,7,0,-8,3,69.9,45,-17,28,1.1,0.005978,999999.99,99999.99,99999.99,0.22,0.12,0.09,-1,2009-04-15 22:00:00
2009,105,23,2397,51,52,59,20,4.7,4.7,5.5,255.8,-1.1,-4.5,0.4,-4.1,-2.0,0.2,0.5,0.2,0.2,0.4,22607.0,6.3,306.0,-0.6,-2.8,0.009,1480.0,0.4,1.0,0.2,0.2,0.001,1.02,0.61,1.79,8.2,5.1,0.0178,7,0,-6,3,69.9,51,-13,38,1.0,0.005978,999999.99,99999.99,99999.99,0.21,0.11,0.09,-1,2009-04-15 23:00:00
2009,106,0,2397,51,52,60,37,4.2,4.1,-7.8,273.0,0.2,-4.1,-0.6,-3.2,-2.6,0.2,0.9,0.7,0.1,0.4,21997.0,7.2,307.0,-0.8,-2.5,0.007,1095.0,0.5,1.0,0.4,0.3,0.001,1.16,0.8,2.55,9.8,5.5,0.0124,7,0,-6,3,70.5,47,-11,36,1.0,0.005979,999999.99,99999.99,99999.99,0.22,0.12,0.1,-1,2009-04-16 00:00:00
2009,106,1,2397,51,52,61,36,4.6,4.5,-13.0,280.3,0.8,-4.3,-1.0,-3.3,-3.0,0.4,1.1,0.4,0.3,0.9,20486.0,7.8,309.0,-1.5,-2.8,0.006,1950.0,0.6,2.0,0.8,0.4,0.001,1.27,0.93,2.28,9.4,5.4,0.0135,7,0,-6,3,70.5,58,-12,46,0.9,0.005979,999999.99,99999.99,99999.99,0.27,0.14,0.08,-1,2009-04-16 01:00:00
2009,106,2,2397,51,52,61,38,5.5,5.1,2.8,278.2,0.7,-5.0,0.2,-4.5,-2.1,0.4,2.1,0.7,0.3,2.0,17264.0,7.7,310.0,-2.3,-3.7,0.005,3034.0,0.8,3.0,0.6,0.8,0.001,1.26,0.65,1.54,7.8,5.1,0.0194,7,0,-8,3,70.5,136,-25,111,1.4,0.005979,999999.99,99999.99,99999.99,0.22,0.11,0.09,-1,2009-04-16 02:00:00
2009,106,3,2397,51,52,60,36,6.7,6.7,9.4,284.8,1.7,-6.4,1.1,-6.3,-1.7,0.2,0.8,0.6,0.3,0.5,12940.0,6.7,315.0,-2.5,-2.8,0.003,873.0,0.3,1.0,0.1,0.2,0.001,1.12,0.54,0.88,6.1,4.6,0.0321,10,0,-8,4,70.5,106,-10,96,0.9,0.005979,999999.99,99999.99,99999.99,0.2,0.11,0.08,-1,2009-04-16 03:00:00
2009,106,4,2397,51,52,61,38,6.5,6.5,-6.5,289.1,2.1,-6.1,-0.7,-5.4,-2.9,0.3,1.0,0.6,0.3,0.7,16416.0,9.7,314.0,-3.4,-2.6,0.003,1855.0,1.4,4.0,0.5,0.5,0.0,1.62,0.91,1.38,7.5,5.1,0.021,10,0,-5,4,70.5,110,-11,99,0.9,0.005979,999999.99,99999.99,99999.99,0.21,0.09,0.07,-1,2009-04-16 04:00:00
2009,106,5,2397,51,52,60,37,7.5,7.3,-22.9,298.8,3.2,-5.9,-2.8,-4.6,-4.6,0.2,1.5,0.3,0.7,1.3,13824.0,10.1,321.0,-4.8,-1.0,0.005,1043.0,1.1,1.0,0.6,0.5,0.001,1.77,1.48,1.06,6.8,4.9,0.0257,10,0,-3,4,70.5,219,-53,166,1.7,0.005979,999999.99,99999.99,99999.99,0.23,0.12,0.1,-1,2009-04-16 05:00:00
2009,106,6,2397,51,52,59,36,7.7,7.6,-25.0,299.3,3.4,-6.0,-3.2,-4.8,-4.8,0.1,1.0,0.2,0.4,0.9,13185.0,9.3,318.0,-5.3,-0.1,0.004,1586.0,0.7,1.0,0.3,0.7,0.0,1.6,1.53,0.92,6.3,4.7,0.03,13,0,-7,5,70.5,279,-115,163,2.1,0.005979,999999.99,99999.99,99999.99,0.2,0.13,0.1,-1,2009-04-16 06:00:00
2009,106,7,2397,51,52,58,35,7.6,7.2,35.4,290.4,2.0,-5.5,4.2,-6.4,2.7,0.2,2.3,0.8,0.7,2.0,17140.0,8.1,314.0,-4.7,-2.0,0.004,2029.0,1.4,3.0,0.5,1.0,0.0,1.36,-0.85,0.85,5.9,4.5,0.0344,13,0,-11,5,70.5,210,-77,133,1.3,0.005979,999999.99,99999.99,99999.99,0.22,0.13,0.09,-1,2009-04-16 07:00:00
2009,106,8,2397,51,52,58,33,7.9,7.8,21.1,297.0,3.3,-6.5,2.8,-7.0,1.3,0.1,1.5,0.4,0.4,1.4,14611.0,6.3,307.0,-4.6,-3.3,0.004,1939.0,0.6,2.0,0.4,0.5,0.001,1.01,-0.4,0.6,4.9,4.0,0.05,13,0,-9,5,70.5,55,-18,38,0.2,0.005979,999999.99,99999.99,99999.99,0.22,0.11,0.09,-1,2009-04-16 08:00:00
2009,106,9,2397,51,52,62,37,7.2,7.0,-1.0,296.7,3.2,-6.3,-0.1,-6.1,-1.4,0.3,1.4,0.6,0.4,1.2,15242.0,6.3,306.0,-4.3,-3.7,0.004,3648.0,0.7,2.0,0.4,0.9,0.001,1.0,0.43,0.73,5.3,4.2,0.0418,7,0,-6,3,70.5,49,-16,33,0.2,0.005979,999999.99,99999.99,99999.99,0.22,0.13,0.09,-1,2009-04-16 09:00:00
2009,106,10,2397,51,52,58,31,6.9,6.8,0.9,287.1,2.0,-6.5,0.1,-6.4,-1.1,0.3,1.5,0.2,0.6,1.4,14037.0,7.7,309.0,-1.9,-3.1,0.003,2730.0,1.1,2.0,0.3,0.6,0.001,1.24,0.34,0.96,6.2,4.6,0.0308,7,0,-6,3,70.5,87,-48,39,0.3,0.005979,999999.99,99999.99,99999.99,0.22,0.12,0.08,-1,2009-04-16 10:00:00
2009,106,11,2397,51,52,64,39,6.8,6.7,-9.1,293.8,2.7,-6.1,-1.1,-5.8,-2.3,0.5,1.0,0.3,0.7,0.5,15214.0,9.0,314.0,-1.0,-2.9,0.002,2687.0,1.4,3.0,0.7,0.3,0.0,1.49,0.72,1.16,6.9,4.9,0.0248,7,0,-4,3,70.5,201,-140,61,1.0,0.005979,999999.99,99999.99,99999.99,0.18,0.11,0.09,-1,2009-04-16 11:00:00
2009,106,12,2397,51,52,63,38,8.2,8.1,-10.3,305.0,4.6,-6.5,-1.5,-6.1,-2.8,0.2,0.9,0.3,0.3,0.9,16193.0,12.0,329.0,-4.4,-2.0,0.002,4273.0,1.1,4.0,0.7,0.3,0.0,2.19,0.92,1.07,6.9,5.0,0.0246,17,0,-1,6,70.5,223,-112,111,1.6,0.005979,999999.99,99999.99,99999.99,0.23,0.11,0.09,-1,2009-04-16 12:00:00
2009,106,13,2397,51,52,56,34,8.0,7.8,-14.5,307.5,4.6,-6.0,-2.0,-5.4,-3.3,0.4,1.8,0.6,1.0,1.4,26956.0,13.2,332.0,-5.4,-0.5,0.002,5975.0,1.7,5.0,1.7,0.9,0.0,2.45,1.1,1.33,7.5,5.1,0.0209,17,0,-1,6,70.5,263,-113,150,1.5,0.005979,999999.99,99999.99,99999.99,0.23,0.11,0.07,-1,2009-04-16 13:00:00
2009,106,14,2397,51,52,60,37,6.2,4.2,-44.1,115.2,-1.3,2.7,-2.9,3.4,-2.1,1.0,4.7,3.1,2.0,2.9,31303.0,19.7,320.0,-8.3,-2.0,0.003,4917.0,3.6,2.0,0.4,1.1,0.0,3.41,0.67,3.4,11.5,5.8,0.0091,17,0,2,6,70.5,282,-163,119,2.2,0.005979,999999.99,99999.99,99999.99,0.22,0.11,0.08,-1,2009-04-16 14:00:00
2009,106,15,2397,51,52,60,36,5.4,4.8,1.0,134.5,-3.3,3.4,0.1,3.2,1.1,0.2,2.5,1.0,1.0,2.0,32416.0,26.2,320.0,-8.2,-3.3,0.002,3258.0,2.0,2.0,0.6,1.4,0.0,4.52,-0.35,6.01,15.2,6.1,0.0052,23,0,8,9,70.5,114,-73,41,0.7,0.005979,999999.99,99999.99,99999.99,0.21,0.12,0.1,-1,2009-04-16 15:00:00
2009,106,16,2397,51,52,70,40,8.0,6.1,-34.6,125.3,-2.9,4.1,-3.4,5.0,-1.8,2.3,5.6,3.3,3.1,3.4,40153.0,18.6,340.0,-5.8,0.3,0.006,8550.0,8.7,16.0,2.4,1.1,0.005,3.68,0.61,2.04,9.2,5.5,0.0142,23,0,10,9,70.5,92,-68,24,1.0,0.005979,999999.99,99999.99,99999.99,0.19,0.1,0.07,-1,2009-04-16 16:00:00
2009,106,17,2397,51,52,63,38,10.6,9.3,41.5,134.7,-4.9,4.9,6.2,2.1,7.6,0.2,5.0,1.6,2.3,4.1,70736.0,6.6,378.0,-0.2,-0.7,0.022,7947.0,0.8,8.0,1.3,1.9,0.007,1.71,-2.87,0.49,4.6,3.8,0.0567,23,0,-2,9,70.5,109,-90,19,0.2,0.005979,999999.99,99999.99,99999.99,0.19,0.11,0.07,-1,2009-04-16 17:00:00
2009,106,18,2397,51,52,63,37,9.7,9.1,34.0,138.3,-5.6,5.0,5.1,2.3,6.8,0.4,3.5,1.5,1.7,2.6,99331.0,5.2,398.0,3.9,-4.1,0.025,29048.0,1.2,9.0,1.3,1.0,0.003,1.51,-2.71,0.52,4.7,3.9,0.0543,10,0,1,4,70.5,95,-72,22,0.0,0.005979,999999.99,99999.99,99999.99,0.19,0.1,0.08,-1,2009-04-16 18:00:00
2009,106,19,2397,51,52,60,33,9.9,9.9,8.3,133.0,-6.7,7.2,1.4,5.7,4.6,0.2,1.0,0.3,0.4,0.9,79720.0,4.0,406.0,5.2,-4.5,0.025,22180.0,0.9,2.0,0.5,0.6,0.005,1.21,-1.87,0.35,4.1,3.6,0.0707,10,0,1,4,70.5,35,-6,30,0.0,0.005979,999999.99,99999.99,99999.99,0.25,0.11,0.09,-1,2009-04-16 19:00:00
2009,106,20,2397,51,52,63,36,9.9,9.6,-21.5,134.2,-6.2,6.4,-3.5,7.3,0.1,0.7,2.6,1.1,1.1,2.1,143418.0,4.3,415.0,6.6,-5.1,0.037,52833.0,0.8,6.0,1.3,2.2,0.015,1.42,-0.04,0.5,4.3,3.6,0.063,10,0,-1,4,70.5,34,-7,27,-0.3,0.005979,999999.99,99999.99,99999.99,0.22,0.12,0.09,-1,2009-04-16 20:00:00
2009,106,21,2397,51,52,61,37,9.9,9.7,-21.2,129.5,-5.8,7.0,-3.5,7.8,0.6,1.0,2.1,1.3,1.6,0.7,137183.0,4.5,427.0,7.9,-6.4,0.027,34832.0,0.6,5.0,0.7,1.0,0.007,1.52,-0.26,0.51,4.6,3.8,0.0568,20,0,-3,7,70.5,46,-12,34,0.2,0.005979,999999.99,99999.99,99999.99,0.2,0.11,0.08,-1,2009-04-16 21:00:00
2009,106,22,2397,51,52,59,37,8.2,7.6,-40.4,122.0,-3.1,4.9,-4.9,6.7,-1.6,0.5,2.8,1.2,1.4,2.1,207103.0,6.2,421.0,6.5,-4.7,0.034,56686.0,1.3,12.0,2.5,1.7,0.005,2.08,0.67,1.29,6.4,4.4,0.0291,20,0,-2,7,70.5,90,-45,46,0.5,0.005979,999999.99,99999.99,99999.99,0.22,0.13,0.1,-1,2009-04-16 22:00:00
2009,106,23,2397,51,52,57,33,9.7,9.1,-0.7,122.6,-4.9,7.6,-0.1,6.6,3.8,0.2,3.3,1.3,0.7,3.0,128407.0,5.6,399.0,2.7,-5.8,0.028,31787.0,1.2,9.0,1.4,2.0,0.004,1.66,-1.52,0.64,4.9,3.9,0.0502,20,0,-8,7,70.5,164,-115,49,1.4,0.005979,999999.99,99999.99,99999.99,0.22,0.12,0.09,-1,2009-04-16 23:00:00
2009,107,0,2397,51,52,54,31,9.9,9.5,14.9,125.0,-5.3,7.5,2.4,5.3,5.8,0.4,2.8,1.7,0.9,2.1,103244.0,5.1,381.0,1.3,-5.4,0.018,24409.0,1.4,12.0,1.3,1.1,0.0,1.33,-2.21,0.5,4.3,3.6,0.063,17,0,-6,6,70.4,69,-37,33,0.5,0.006051,999999.99,99999.99,99999.99,0.22,0.1,0.07,-1,2009-04-17 00:00:00
2009,107,1,2397,51,52,59,35,10.4,10.0,33.8,126.6,-4.9,6.7,5.6,3.2,8.1,0.5,3.0,2.5,0.6,1.5,50686.0,4.1,369.0,-0.6,-3.0,0.017,13660.0,1.3,11.0,1.4,0.8,0.003,1.0,-2.99,0.28,3.6,3.2,0.0922,17,0,-5,6,70.4,30,-13,17,0.1,0.006051,999999.99,99999.99,99999.99,0.25,0.13,0.09,-1,2009-04-17 01:00:00
2009,107,2,2397,51,52,61,36,11.1,11.0,38.2,117.7,-4.0,7.6,6.8,3.7,9.5,0.6,1.7,1.0,1.0,0.7,42623.0,3.9,365.0,-2.0,-1.9,0.011,21550.0,1.1,6.0,1.1,1.4,0.003,0.91,-3.47,0.23,3.2,3.0,0.1128,17,0,-2,6,70.4,25,-13,12,-0.5,0.006051,999999.99,99999.99,99999.99,0.24,0.12,0.08,-1,2009-04-17 02:00:00
2009,107,3,2397,51,52,60,36,11.2,11.0,10.3,102.3,-2.3,10.6,2.0,8.8,6.2,0.4,1.8,1.3,0.4,1.2,42054.0,4.5,368.0,-1.9,-3.1,0.009,13317.0,1.2,5.0,0.5,0.6,0.002,1.05,-2.28,0.25,3.5,3.2,0.0979,7,0,0,3,70.4,26,-13,13,0.1,0.006051,999999.99,99999.99,99999.99,0.22,0.12,0.08,-1,2009-04-17 03:00:00
2009,107,4,2397,51,52,69,40,10.5,9.9,9.5,97.7,-1.3,9.7,1.6,8.4,5.1,0.6,3.5,1.9,2.7,1.3,52137.0,4.1,386.0,-2.1,-1.7,0.009,25705.0,0.8,24.0,1.3,1.5,0.002,1.06,-1.97,0.28,3.7,3.3,0.0859,7,0,1,3,70.4,26,-9,17,0.2,0.006051,999999.99,99999.99,99999.99,0.22,0.1,0.08,-1,2009-04-17 04:00:00
2009,107,5,2397,51,52,64,34,8.0,6.4,28.6,169.5,-5.5,1.0,3.1,-0.1,3.3,0.8,4.8,1.9,3.9,2.2,121097.0,4.1,420.0,3.6,0.8,0.032,35057.0,1.6,12.0,2.0,1.4,0.003,1.36,-1.39,0.66,5.3,4.2,0.0421,7,0,4,3,70.4,36,-8,29,-0.2,0.006051,999999.99,99999.99,99999.99,0.21,0.13,0.08,-1,2009-04-17 05:00:00
2009,107,6,2397,51,52,60,37,6.3,4.7,21.9,170.2,-4.3,0.7,1.8,0.2,1.9,0.4,4.2,0.7,4.0,0.9,171057.0,6.1,449.0,3.5,2.4,0.031,16172.0,0.5,6.0,0.6,0.9,0.003,2.31,-0.85,1.91,8.8,5.4,0.0154,7,0,6,3,70.4,31,-1,30,0.3,0.006051,999999.99,99999.99,99999.99,0.22,0.11,0.08,-1,2009-04-17 06:00:00
2009,107,7,2397,51,52,61,38,5.6,4.6,40.1,193.3,-3.5,-0.8,3.0,-1.5,2.7,0.6,3.1,0.7,2.8,1.1,159992.0,5.2,466.0,4.9,0.3,0.027,13486.0,0.3,7.0,1.1,0.5,0.002,2.09,-1.26,1.99,9.5,5.8,0.0132,7,0,2,3,70.4,44,-8,36,0.2,0.006051,999999.99,99999.99,99999.99,0.27,0.12,0.1,-1,2009-04-17 07:00:00
2009,107,8,2397,51,52,62,38,5.7,4.7,3.3,109.2,-1.5,4.4,0.3,4.2,1.3,0.4,3.1,2.5,0.8,1.7,174879.0,5.6,464.0,4.1,0.5,0.027,12640.0,0.4,9.0,0.6,0.9,0.002,2.23,-0.6,2.17,9.6,5.7,0.0128,7,0,1,3,70.4,48,-24,23,0.1,0.006051,999999.99,99999.99,99999.99,0.22,0.13,0.1,-1,2009-04-17 08:00:00
2009,107,9,2397,51,52,57,35,5.7,5.0,-8.0,54.1,2.9,4.0,-0.7,4.1,0.1,0.6,2.8,1.6,1.2,1.9,166340.0,5.1,469.0,4.6,0.5,0.022,18246.0,0.5,8.0,0.8,0.8,0.005,2.04,-0.05,1.92,9.3,5.7,0.0138,13,0,0,5,70.4,41,-22,20,0.5,0.006051,999999.99,99999.99,99999.99,0.23,0.12,0.09,-1,2009-04-17 09:00:00
2009,107,10,2397,51,52,60,36,6.6,5.7,-15.5,83.0,0.7,5.5,-1.5,5.7,-0.4,0.5,3.2,1.1,0.9,2.8,160442.0,5.7,459.0,4.2,1.3,0.021,15712.0,0.3,4.0,0.5,1.2,0.003,2.17,0.18,1.57,8.3,5.4,0.0173,13,0,-2,5,70.4,133,-108,26,0.8,0.006051,999999.99,99999.99,99999.99,0.24,0.12,0.08,-1,2009-04-17 10:00:00
2009,107,11,2397,51,52,59,37,5.8,4.9,-42.5,54.6,2.1,3.0,-3.3,3.6,-2.7,0.6,2.9,1.7,1.8,1.6,152713.0,5.3,456.0,4.7,2.1,0.019,13234.0,0.3,6.0,0.9,1.1,0.003,1.98,1.23,1.84,9.0,5.6,0.0145,13,0,-4,5,70.4,220,-167,53,1.2,0.006051,999999.99,99999.99,99999.99,0.25,0.12,0.09,-1,2009-04-17 11:00:00
2009,107,12,2397,51,52,60,36,5.3,3.9,21.6,87.7,0.1,3.7,1.5,3.3,2.2,1.3,3.7,1.4,3.0,1.6,145831.0,4.4,445.0,4.6,0.5,0.022,19923.0,0.6,7.0,2.0,1.1,0.003,1.58,-0.98,1.79,8.8,5.5,0.0153,20,0,-6,7,70.4,164,-108,56,0.3,0.006051,999999.99,99999.99,99999.99,0.22,0.11,0.07,-1,2009-04-17 12:00:00
2009,107,13,2397,51,52,56,34,4.4,3.9,-44.7,125.3,-1.6,2.3,-2.8,2.9,-2.2,1.1,2.1,0.7,1.4,1.4,140925.0,4.8,423.0,5.4,4.6,0.019,22655.0,0.6,4.0,1.4,1.5,0.004,1.54,0.93,2.78,10.5,5.7,0.0107,20,0,-5,7,70.4,99,-72,27,0.9,0.006051,999999.99,99999.99,99999.99,0.18,0.11,0.08,-1,2009-04-17 13:00:00
2009,107,14,2397,51,52,59,33,6.1,5.3,-3.0,117.3,-2.4,4.7,-0.3,4.6,0.9,0.7,3.1,0.9,1.3,2.6,89972.0,3.5,415.0,3.4,3.4,0.023,36050.0,0.9,5.0,1.0,1.5,0.006,1.1,-0.37,0.85,6.4,4.8,0.0294,20,0,-3,7,70.4,111,-97,13,0.9,0.006051,999999.99,99999.99,99999.99,0.19,0.12,0.09,-1,2009-04-17 14:00:00
2009,107,15,2397,51,52,60,34,5.9,5.4,9.1,127.6,-3.2,4.2,0.8,3.8,2.0,0.3,2.4,1.1,1.6,1.5,54143.0,2.3,406.0,2.9,3.3,0.025,30552.0,0.9,8.0,1.1,1.1,0.007,0.7,-0.81,0.5,5.2,4.4,0.0437,13,0,-4,5,70.4,185,-170,15,0.6,0.006051,999999.99,99999.99,99999.99,0.24,0.14,0.09,-1,2009-04-17 15:00:00
2009,107,16,2397,51,52,59,34,6.2,6.0,-13.1,128.4,-3.6,4.6,-1.4,4.8,0.3,0.2,1.3,0.5,0.8,0.9,56537.0,2.5,400.0,2.3,5.6,0.031,15440.0,0.5,6.0,1.1,1.4,0.0,0.75,-0.12,0.5,5.1,4.3,0.0457,13,0,-4,5,70.4,47,-31,17,0.3,0.006051,999999.99,99999.99,99999.99,0.25,0.13,0.09,-1,2009-04-17 16:00:00
2009,107,17,2397,51,52,60,37,6.1,5.6,-23.1,124.3,-2.9,4.3,-2.2,4.8,-0.4,0.4,2.2,0.8,1.6,1.3,76358.0,3.2,405.0,2.2,6.3,0.017,16512.0,0.7,7.0,1.6,1.3,0.001,0.94,0.16,0.73,5.9,4.6,0.0337,13,0,-1,5,70.4,59,-38,21,0.5,0.006051,999999.99,99999.99,99999.99,0.21,0.12,0.08,-1,2009-04-17 17:00:00
2009,107,18,2397,51,52,57,34,6.6,6.2,-5.9,116.6,-2.8,5.5,-0.6,5.2,1.8,0.2,2.0,1.7,0.6,0.9,89032.0,3.8,399.0,0.7,5.0,0.016,27712.0,1.0,16.0,0.9,1.3,0.009,1.07,-0.72,0.79,5.9,4.5,0.0343,7,0,0,3,70.4,18,-1,17,0.1,0.006051,999999.99,99999.99,99999.99,0.23,0.13,0.09,-1,2009-04-17 18:00:00
2009,107,19,2397,51,52,60,35,6.2,6.0,-12.0,116.7,-2.6,5.3,-1.3,5.3,1.3,0.1,1.3,1.1,0.5,0.3,84107.0,4.1,388.0,0.7,5.4,0.013,14343.0,0.7,7.0,0.7,0.5,0.002,1.08,-0.5,0.94,6.3,4.7,0.0296,7,0,-1,3,70.4,21,-1,20,0.4,0.006051,999999.99,99999.99,99999.99,0.2,0.12,0.09,-1,2009-04-17 19:00:00
2009,107,20,2397,51,52,27,15,6.3,6.2,-6.7,103.5,-1.4,6.0,-0.7,5.6,2.3,0.1,0.9,0.3,0.2,0.8,95917.0,4.6,392.0,1.0,4.5,0.013,7655.0,0.4,2.0,0.3,0.8,0.0,1.24,-0.9,1.08,6.7,4.8,0.0267,7,0,-3,3,70.4,24,-2,22,0.4,0.006051,999999.99,99999.99,99999.99,0.22,0.12,0.08,-1,2009-04-17 20:00:00
2009,107,21,2397,51,52,9,4,7.4,7.4,18.1,93.0,-0.4,7.0,2.3,4.8,5.5,0.2,0.6,0.5,0.3,0.2,83429.0,4.0,415.0,0.1,-1.0,0.011,26014.0,1.0,6.0,0.9,0.2,0.0,1.2,-2.28,0.64,5.6,4.5,0.0378,20,0,-1,7,70.4,74,-32,42,1.0,0.006051,999999.99,99999.99,99999.99,0.21,0.13,0.09,-1,2009-04-17 21:00:00
2009,107,22,2397,51,52,62,39,8.3,8.2,36.0,97.1,-0.8,6.6,4.8,3.2,7.5,0.1,1.5,0.5,0.7,1.2,54279.0,4.0,410.0,-0.2,-3.4,0.006,7556.0,0.3,6.0,0.7,0.9,0.001,1.15,-3.08,0.44,4.9,4.2,0.0487,20,0,-4,7,70.4,31,-8,23,0.2,0.006051,999999.99,99999.99,99999.99,0.17,0.11,0.06,-1,2009-04-17 22:00:00
2009,107,23,2397,51,52,62,37,5.4,2.9,4.4,71.7,0.9,2.8,0.2,2.3,1.6,1.4,4.6,1.3,2.2,3.9,124751.0,7.6,434.0,3.0,1.8,0.01,20974.0,1.7,9.0,1.3,2.8,0.003,2.49,-0.69,2.74,11.1,6.0,0.0097,20,0,3,7,70.4,56,-7,49,0.9,0.006051,999999.99,99999.99,99999.99,0.22,0.1,0.08,-1,2009-04-17 23:00:00
2009,108,0,2397,51,52,60,36,4.3,2.8,4.9,75.1,0.7,2.7,0.2,2.2,1.5,0.7,3.1,1.1,2.0,2.2,149444.0,8.3,444.0,2.0,3.1,0.012,11730.0,1.0,3.0,1.1,0.5,0.002,2.86,-0.67,5.19,14.9,6.4,0.0054,17,0,3,6,70.5,33,-8,25,0.3,0.006033,999999.99,99999.99,99999.99,0.21,0.08,0.06,-1,2009-04-18 00:00:00
2009,108,1,2397,51,52,62,36,5.0,3.5,-5.6,98.2,-0.5,3.5,-0.3,3.2,1.4,0.9,3.5,1.3,1.7,2.7,135387.0,8.7,453.0,0.7,3.6,0.011,27382.0,1.3,6.0,1.3,0.8,0.003,3.11,-0.63,3.82,13.4,6.4,0.0067,17,0,3,6,70.5,55,-11,43,0.5,0.006033,999999.99,99999.99,99999.99,0.2,0.11,0.09,-1,2009-04-18 01:00:00
2009,108,2,2397,51,52,58,36,5.2,3.9,-19.9,79.5,0.7,3.6,-1.3,3.8,0.4,0.6,3.4,1.5,1.5,2.6,118991.0,8.5,456.0,-0.0,4.1,0.007,15044.0,0.5,7.0,1.7,1.2,0.002,3.03,-0.18,3.23,12.8,6.6,0.0073,17,0,0,6,70.5,85,-30,55,0.6,0.006033,999999.99,99999.99,99999.99,0.19,0.12,0.1,-1,2009-04-18 02:00:00
2009,108,3,2397,51,52,60,37,3.0,2.4,-8.0,142.1,-1.9,1.5,-0.3,1.5,0.3,0.8,1.9,0.9,1.2,1.3,147530.0,7.7,449.0,0.0,3.9,0.013,18379.0,1.2,6.0,0.6,0.9,0.003,2.73,-0.13,9.82,20.8,6.7,0.0028,33,0,-1,18,70.5,202,-115,87,1.8,0.006033,999999.99,99999.99,99999.99,0.23,0.12,0.08,-1,2009-04-18 03:00:00
2009,108,4,2397,51,52,60,31,5.7,5.1,-44.6,187.4,-3.6,-0.5,-3.6,0.9,-3.5,1.4,2.8,1.0,2.1,1.7,84428.0,3.8,449.0,0.6,4.2,0.019,42659.0,2.4,6.0,1.4,0.7,0.004,1.38,1.57,1.04,7.7,5.6,0.0202,33,0,-6,18,70.5,248,-136,112,2.0,0.006033,999999.99,99999.99,99999.99,0.2,0.11,0.09,-1,2009-04-18 04:00:00
2009,108,5,2397,51,52,60,32,6.0,5.1,-39.0,173.9,-4.0,0.4,-3.2,1.4,-2.9,0.3,3.1,1.8,1.1,2.3,77463.0,2.8,448.0,1.8,4.9,0.016,25866.0,0.9,10.0,0.6,1.5,0.005,1.0,1.3,0.67,6.2,5.0,0.0305,33,0,-15,18,70.5,483,-356,126,2.6,0.006033,999999.99,99999.99,99999.99,0.2,0.11,0.08,-1,2009-04-18 05:00:00
2009,108,6,2397,51,52,61,33,4.8,3.8,-20.8,170.8,-3.5,0.6,-1.4,1.0,-1.2,0.9,2.9,2.0,1.7,1.3,117423.0,3.2,455.0,1.4,3.9,0.027,50343.0,1.0,10.0,1.8,2.1,0.004,1.23,0.55,1.42,8.5,5.7,0.0165,27,0,-25,12,70.5,489,-292,196,3.3,0.006033,999999.99,99999.99,99999.99,0.2,0.12,0.09,-1,2009-04-18 06:00:00
2009,108,7,2397,51,52,63,39,3.4,2.3,0.2,98.0,-0.3,2.3,0.0,2.2,0.6,1.0,2.6,1.5,1.6,1.4,158406.0,3.4,475.0,3.1,0.4,0.036,34051.0,0.6,10.0,1.4,1.2,0.005,1.47,-0.28,3.51,12.9,6.4,0.0072,27,0,-21,12,70.5,255,-147,108,1.3,0.006033,999999.99,99999.99,99999.99,0.22,0.11,0.07,-1,2009-04-18 07:00:00
2009,108,8,2397,51,52,58,34,3.5,2.7,15.0,97.3,-0.3,2.5,0.7,2.3,1.2,0.5,2.2,1.0,1.1,1.6,149459.0,3.4,477.0,2.8,-0.4,0.039,12903.0,0.2,6.0,0.9,1.0,0.006,1.49,-0.57,3.21,12.6,6.5,0.0075,27,0,-17,12,70.5,118,-66,52,0.6,0.006033,999999.99,99999.99,99999.99,0.23,0.14,0.11,-1,2009-04-18 08:00:00
2009,108,9,2397,51,52,60,36,3.9,3.0,33.8,126.6,-1.5,2.0,1.7,1.6,2.1,0.3,2.3,1.2,1.1,1.6,112248.0,3.2,471.0,1.6,-0.8,0.035,19181.0,0.2,7.0,0.8,1.4,0.005,1.35,-0.99,2.11,10.8,6.4,0.0102,13,0,-15,5,70.5,45,-30,16,0.8,0.006033,999999.99,99999.99,99999.99,0.28,0.12,0.09,-1,2009-04-18 09:00:00
2009,108,10,2397,51,52,61,37,4.2,3.8,-6.9,142.3,-3.0,2.3,-0.5,2.4,-0.1,0.1,1.6,0.6,0.9,1.2,89048.0,2.9,469.0,0.4,1.0,0.03,4241.0,0.2,7.0,0.6,1.0,0.003,1.19,0.05,1.49,9.5,6.3,0.0132,13,0,-11,5,70.5,108,-92,15,0.6,0.006033,999999.99,99999.99,99999.99,0.2,0.11,0.08,-1,2009-04-18 10:00:00
2009,108,11,2397,51,52,61,35,4.7,4.1,-2.8,132.6,-2.8,3.0,-0.2,3.0,0.4,0.2,2.1,0.4,0.9,1.9,90300.0,3.1,483.0,-0.2,0.1,0.03,5378.0,0.1,4.0,1.0,1.2,0.003,1.35,-0.19,1.28,9.0,6.2,0.0145,13,0,-11,5,70.5,78,-64,14,0.8,0.006033,999999.99,99999.99,99999.99,0.23,0.12,0.08,-1,2009-04-18 11:00:00
2009,108,12,2397,51,52,61,35,4.6,4.4,-0.3,146.6,-3.6,2.4,0.0,2.4,0.5,0.2,1.5,0.8,1.0,0.9,89890.0,2.9,485.0,-1.1,-0.2,0.034,9115.0,0.3,6.0,0.8,1.0,0.005,1.29,-0.24,1.24,9.0,6.2,0.0148,17,0,-10,6,70.5,98,-82,16,0.9,0.006033,999999.99,99999.99,99999.99,0.19,0.11,0.08,-1,2009-04-18 12:00:00
2009,108,13,2397,51,52,64,37,4.0,2.7,-28.2,208.6,-2.1,-1.1,-1.3,-0.8,-1.5,0.5,2.8,1.9,1.2,1.7,123553.0,3.1,515.0,2.4,0.5,0.033,16040.0,0.4,13.0,1.1,1.3,0.005,1.55,0.77,2.03,11.3,6.8,0.0093,17,0,-7,6,70.5,72,-49,22,0.8,0.006033,999999.99,99999.99,99999.99,0.29,0.14,0.1,-1,2009-04-18 13:00:00
2009,108,14,2397,51,52,61,37,4.1,2.8,33.7,43.1,1.7,1.6,1.6,1.1,2.0,0.8,3.0,1.3,2.2,1.5,122710.0,2.9,536.0,0.1,-0.7,0.033,17716.0,0.6,7.0,1.5,0.6,0.005,1.58,-1.07,1.8,11.1,7.0,0.0096,17,0,-5,6,70.5,51,-36,15,1.0,0.006033,999999.99,99999.99,99999.99,0.19,0.1,0.07,-1,2009-04-18 14:00:00
2009,108,15,2397,51,52,59,37,3.5,2.5,-21.3,164.4,-2.3,0.6,-0.9,0.8,-0.7,0.4,2.4,1.0,1.9,1.0,129203.0,2.4,530.0,1.2,0.1,0.044,12212.0,0.1,5.0,0.9,0.6,0.003,1.32,0.37,2.1,11.7,7.0,0.0086,17,0,-4,6,70.5,235,-199,37,1.4,0.006033,999999.99,99999.99,99999.99,0.24,0.12,0.09,-1,2009-04-18 15:00:00
2009,108,16,2397,51,52,60,34,3.2,2.9,-12.2,170.8,-2.8,0.5,-0.6,0.7,-0.4,0.1,1.3,0.4,1.1,0.4,98600.0,2.0,520.0,1.1,-0.0,0.043,14545.0,0.1,6.0,0.8,0.5,0.004,1.06,0.21,1.84,11.5,7.1,0.009,17,0,-3,6,70.5,161,-126,35,1.0,0.006033,999999.99,99999.99,99999.99,0.21,0.09,0.07,-1,2009-04-18 16:00:00
2009,108,17,2397,51,52,59,36,3.1,3.0,-6.0,140.1,-2.3,1.9,-0.3,1.9,0.5,0.1,0.8,0.4,0.5,0.5,83846.0,1.8,529.0,-0.4,0.3,0.036,4057.0,0.1,3.0,0.3,0.4,0.002,0.96,-0.26,1.65,11.4,7.3,0.0091,17,0,-4,6,70.5,125,-102,23,0.9,0.006033,999999.99,99999.99,99999.99,0.24,0.13,0.1,-1,2009-04-18 17:00:00
2009,108,18,2397,51,52,60,37,2.7,2.5,24.7,122.7,-1.2,1.9,1.0,1.3,1.7,0.2,1.0,0.5,0.5,0.7,85054.0,1.7,529.0,-0.5,-1.3,0.035,8258.0,0.1,4.0,0.2,1.0,0.003,0.91,-0.9,2.07,12.8,7.6,0.0073,10,0,-5,4,70.5,27,-12,16,0.4,0.006033,999999.99,99999.99,99999.99,0.22,0.11,0.08,-1,2009-04-18 18:00:00
2009,108,19,2397,51,52,62,38,2.3,1.7,60.9,124.6,-0.5,0.7,1.5,-0.1,1.7,0.6,1.6,1.0,1.1,0.6,92972.0,2.0,531.0,-0.1,-1.6,0.034,8063.0,0.2,9.0,1.0,0.6,0.003,1.07,-0.9,3.48,16.3,8.2,0.0045,10,0,-5,4,70.5,32,-3,29,0.2,0.006033,999999.99,99999.99,99999.99,0.22,0.12,0.08,-1,2009-04-18 19:00:00
2009,108,20,2397,51,52,59,36,2.0,1.7,32.9,139.6,-1.1,0.9,0.9,0.3,1.2,0.6,1.1,0.8,0.7,0.5,100249.0,2.0,528.0,-0.4,-1.3,0.032,9329.0,0.2,8.0,0.9,0.6,0.003,1.05,-0.63,4.76,18.7,8.3,0.0034,10,0,-6,4,70.5,53,-20,33,0.4,0.006033,999999.99,99999.99,99999.99,0.2,0.13,0.09,-1,2009-04-18 20:00:00
2009,108,21,2397,51,52,61,37,2.7,2.4,35.8,123.2,-1.1,1.6,1.4,0.7,2.0,0.2,1.3,0.9,0.4,0.8,88476.0,1.9,522.0,-1.8,-1.6,0.032,9358.0,0.2,11.0,0.5,1.0,0.003,0.98,-1.04,2.35,13.3,7.7,0.0067,17,0,-9,6,70.5,35,-14,21,-0.0,0.006033,999999.99,99999.99,99999.99,0.18,0.11,0.08,-1,2009-04-18 21:00:00
2009,108,22,2397,51,52,58,34,2.6,2.0,33.8,102.5,-0.4,1.6,1.1,0.8,1.8,0.3,1.5,1.3,0.5,0.7,96441.0,2.1,523.0,-2.0,-1.1,0.027,10794.0,0.1,15.0,0.8,0.9,0.002,1.06,-0.94,2.91,14.6,7.8,0.0056,17,0,-12,6,70.5,48,-21,27,0.5,0.006033,999999.99,99999.99,99999.99,0.26,0.11,0.08,-1,2009-04-18 22:00:00
2009,108,23,2397,51,52,58,35,3.0,2.5,18.0,116.7,-1.1,2.1,0.8,1.4,1.8,0.3,1.6,0.9,0.6,1.1,102691.0,2.6,516.0,-1.8,-0.6,0.029,11502.0,0.2,7.0,0.4,0.9,0.005,1.29,-0.93,2.78,13.9,7.5,0.0062,17,0,-7,6,70.5,37,-18,18,0.1,0.006033,999999.99,99999.99,99999.99,0.27,0.12,0.08,-1,2009-04-18 23:00:00
2009,109,0,2398,51,52,57,36,3.6,3.6,-6.0,163.5,-3.4,1.0,-0.4,1.1,0.2,0.1,0.5,0.2,0.4,0.2,72363.0,1.8,481.0,-1.9,0.6,0.026,13545.0,0.2,8.0,0.7,0.5,0.005,0.77,-0.1,1.16,9.0,6.3,0.0148,17,0,-8,6,70.8,30,-14,16,0.1,0.005957,999999.99,99999.99,99999.99,0.2,0.12,0.09,-1,2009-04-19 00:00:00
2009,109,1,2398,51,52,61,32,3.7,3.6,-11.6,166.2,-3.4,0.8,-0.7,1.0,-0.2,0.1,0.5,0.1,0.5,0.2,57242.0,1.9,484.0,-0.9,0.7,0.032,13248.0,0.2,7.0,0.7,0.5,0.007,0.84,0.1,1.07,9.0,6.5,0.0146,17,0,-10,6,70.8,38,-16,21,0.3,0.005957,999999.99,99999.99,99999.99,0.26,0.14,0.1,-1,2009-04-19 01:00:00
2009,109,2,2398,51,52,58,35,3.5,3.5,-19.6,185.9,-3.2,-0.3,-1.2,0.3,-1.2,0.1,0.6,0.2,0.5,0.3,56014.0,1.9,475.0,0.7,1.4,0.031,11245.0,0.2,10.0,0.9,0.7,0.005,0.8,0.57,1.19,9.4,6.6,0.0136,17,0,-9,6,70.8,103,-30,74,0.6,0.005957,999999.99,99999.99,99999.99,0.26,0.15,0.1,-1,2009-04-19 02:00:00
2009,109,3,2398,51,52,60,36,3.4,3.3,-15.8,202.6,-3.0,-1.2,-0.9,-0.7,-1.3,0.2,0.7,0.4,0.5,0.2,64909.0,1.8,471.0,2.1,1.2,0.03,17602.0,0.4,8.0,0.8,0.5,0.003,0.75,0.61,1.25,9.3,6.4,0.0138,23,0,-8,9,70.8,135,-74,61,1.3,0.005957,999999.99,99999.99,99999.99,0.19,0.1,0.07,-1,2009-04-19 03:00:00
2009,109,4,2398,51,52,60,37,3.3,3.0,-13.4,184.0,-2.9,-0.2,-0.7,0.1,-0.7,0.2,1.2,0.4,1.1,0.5,88940.0,2.5,475.0,0.6,0.7,0.031,11846.0,0.1,4.0,1.0,0.4,0.002,1.06,0.33,2.08,11.4,6.8,0.0092,23,0,-8,9,70.8,86,-33,53,0.7,0.005957,999999.99,99999.99,99999.99,0.21,0.12,0.08,-1,2009-04-19 04:00:00
2009,109,5,2398,51,52,61,37,3.2,2.8,-12.8,163.8,-2.6,0.8,-0.6,1.0,-0.3,0.2,1.4,1.0,0.7,0.7,91390.0,2.5,474.0,-0.2,0.5,0.031,10851.0,0.2,12.0,0.7,1.0,0.003,1.05,0.14,2.23,11.7,6.8,0.0087,23,0,-8,9,70.8,59,-12,47,0.3,0.005957,999999.99,99999.99,99999.99,0.21,0.12,0.09,-1,2009-04-19 05:00:00
2009,109,6,2398,51,52,59,37,3.5,3.0,-37.7,166.2,-2.3,0.6,-1.9,1.1,-1.7,0.2,1.7,0.6,1.5,0.6,74625.0,2.7,476.0,1.0,1.9,0.019,10848.0,0.2,5.0,1.6,0.7,0.003,1.1,0.81,1.86,11.2,6.9,0.0095,17,0,-7,6,70.8,206,-153,53,0.6,0.005957,999999.99,99999.99,99999.99,0.21,0.11,0.08,-1,2009-04-19 06:00:00
2009,109,7,2398,51,52,61,36,3.0,2.6,-8.5,109.7,-0.9,2.5,-0.4,2.5,0.2,0.2,1.3,0.9,0.7,0.6,102702.0,2.7,488.0,0.2,0.1,0.033,8796.0,0.1,7.0,0.7,0.6,0.003,1.22,-0.1,2.88,13.4,7.2,0.0067,17,0,-7,6,70.8,185,-126,58,0.6,0.005957,999999.99,99999.99,99999.99,0.21,0.1,0.08,-1,2009-04-19 07:00:00
2009,109,8,2398,51,52,60,37,3.0,2.8,12.2,94.4,-0.2,2.8,0.6,2.6,1.2,0.3,0.9,0.6,0.4,0.6,95517.0,2.6,487.0,-0.5,-0.8,0.028,7339.0,0.1,5.0,0.6,0.3,0.006,1.15,-0.58,2.69,13.1,7.2,0.0069,17,0,-7,6,70.8,123,-105,19,0.7,0.005957,999999.99,99999.99,99999.99,0.23,0.13,0.11,-1,2009-04-19 08:00:00
2009,109,9,2398,51,52,58,35,3.4,3.3,16.3,99.7,-0.5,3.1,0.9,2.9,1.5,0.1,1.0,0.9,0.1,0.3,78919.0,2.6,483.0,-1.0,-1.4,0.02,5918.0,0.1,7.0,0.1,0.3,0.002,1.09,-0.72,1.94,11.5,7.0,0.0091,3,0,-6,2,70.8,74,-33,41,0.6,0.005957,999999.99,99999.99,99999.99,0.2,0.11,0.09,-1,2009-04-19 09:00:00
2009,109,10,2398,51,52,60,37,3.4,3.2,-3.3,122.3,-1.7,2.7,-0.2,2.7,0.3,0.2,0.9,0.3,0.3,0.8,85142.0,2.8,466.0,-1.8,-0.9,0.019,13105.0,0.1,3.0,0.6,0.7,0.002,1.09,-0.14,2.15,11.5,6.8,0.009,3,0,-5,2,70.8,39,-18,21,0.4,0.005957,999999.99,99999.99,99999.99,0.24,0.15,0.1,-1,2009-04-19 10:00:00
2009,109,11,2398,51,52,60,35,3.6,3.2,-1.3,126.2,-1.9,2.6,-0.1,2.6,0.4,0.2,1.7,0.7,0.7,1.4,90073.0,3.0,466.0,-1.9,-1.5,0.019,10326.0,0.2,3.0,0.5,0.6,0.001,1.17,-0.19,2.1,11.2,6.7,0.0095,3,0,-2,2,70.8,40,-31,9,0.6,0.005957,999999.99,99999.99,99999.99,0.24,0.12,0.08,-1,2009-04-19 11:00:00
2009,109,12,2398,51,52,60,38,3.5,3.1,10.9,99.9,-0.5,3.0,0.6,2.8,1.2,0.4,1.7,1.4,0.4,1.0,101465.0,3.3,469.0,-2.0,-1.4,0.019,13106.0,0.3,6.0,0.4,0.8,0.001,1.3,-0.56,2.58,12.2,6.8,0.008,10,0,0,4,70.8,108,-97,10,0.5,0.005957,999999.99,99999.99,99999.99,0.25,0.12,0.09,-1,2009-04-19 12:00:00
2009,109,13,2398,51,52,59,36,3.0,2.0,1.6,106.6,-0.6,1.9,0.1,1.8,0.5,0.5,2.2,1.6,0.7,1.3,109759.0,3.8,463.0,-0.9,-1.3,0.018,9449.0,0.3,9.0,0.6,1.0,0.002,1.46,-0.23,4.18,15.0,7.0,0.0053,10,0,1,4,70.8,70,-60,9,0.5,0.005957,999999.99,99999.99,99999.99,0.2,0.13,0.09,-1,2009-04-19 13:00:00
2009,109,14,2398,51,52,63,38,3.3,1.9,-39.1,131.9,-1.0,1.1,-1.2,1.4,-0.9,0.4,2.7,1.9,1.0,1.6,99478.0,4.1,462.0,-0.4,-0.3,0.021,8479.0,0.2,10.0,0.4,1.1,0.003,1.58,0.42,3.57,14.2,7.0,0.0059,10,0,3,4,70.8,67,-53,14,0.7,0.005957,999999.99,99999.99,99999.99,0.2,0.11,0.08,-1,2009-04-19 14:00:00
2009,109,15,2398,51,52,59,36,4.3,4.1,46.0,46.3,1.9,2.0,2.9,1.1,3.4,0.4,1.3,0.6,0.7,0.9,69279.0,4.3,476.0,-0.8,-2.9,0.029,11020.0,0.2,5.0,0.3,0.6,0.002,1.82,-1.62,1.91,11.5,7.0,0.009,3,0,4,2,70.8,46,-24,22,-0.2,0.005957,999999.99,99999.99,99999.99,0.21,0.12,0.09,-1,2009-04-19 15:00:00
2009,109,16,2398,51,52,57,35,4.2,3.8,28.3,102.2,-0.7,3.3,1.8,2.5,2.8,0.3,1.6,1.5,0.3,0.6,77384.0,4.5,464.0,-1.4,-2.3,0.031,7998.0,0.4,6.0,0.4,0.2,0.003,1.82,-1.3,2.18,11.7,6.9,0.0087,3,0,7,2,70.8,30,-9,21,-0.4,0.005957,999999.99,99999.99,99999.99,0.18,0.1,0.07,-1,2009-04-19 16:00:00
2009,109,17,2398,51,52,60,36,4.4,3.8,-21.1,141.4,-2.8,2.2,-1.4,2.6,-0.4,0.3,2.2,0.5,1.4,1.6,83008.0,3.9,452.0,-1.7,-1.1,0.036,11726.0,0.3,4.0,0.8,1.1,0.003,1.52,0.18,1.77,10.1,6.4,0.0116,3,0,5,2,70.8,28,-11,17,0.1,0.005957,999999.99,99999.99,99999.99,0.2,0.11,0.07,-1,2009-04-19 17:00:00
2009,109,18,2398,51,52,62,38,3.7,2.2,-4.8,109.9,-0.7,2.1,-0.2,2.0,0.7,0.6,3.0,1.8,0.9,2.2,87388.0,4.2,458.0,-1.4,-2.1,0.033,11398.0,0.5,8.0,0.6,1.2,0.004,1.67,-0.32,2.75,12.7,6.9,0.0074,10,0,4,4,70.8,49,-25,24,0.6,0.005957,999999.99,99999.99,99999.99,0.25,0.12,0.08,-1,2009-04-19 18:00:00
2009,109,19,2398,51,52,61,37,3.2,1.4,26.6,56.0,0.7,1.0,0.6,0.6,1.0,0.7,2.9,0.9,1.3,2.4,86174.0,4.5,462.0,-0.5,-2.1,0.029,8691.0,0.4,7.0,1.0,2.0,0.002,1.79,-0.46,3.92,15.3,7.3,0.0051,10,0,1,4,70.8,40,-20,20,1.2,0.005957,999999.99,99999.99,99999.99,0.22,0.13,0.09,-1,2009-04-19 19:00:00
2009,109,20,2398,51,52,57,34,3.0,1.7,22.3,71.4,0.5,1.5,0.6,1.0,1.3,0.9,2.6,2.1,1.0,1.0,90300.0,4.7,462.0,-0.5,-1.7,0.024,11826.0,0.5,13.0,0.7,0.7,0.002,1.84,-0.6,4.75,16.7,7.4,0.0043,10,0,-1,4,70.8,38,-16,21,0.6,0.005957,999999.99,99999.99,99999.99,0.23,0.11,0.09,-1,2009-04-19 20:00:00
2009,109,21,2398,51,52,60,36,4.3,4.1,-4.8,121.8,-2.1,3.4,-0.3,3.1,1.5,0.3,1.5,0.7,0.4,1.3,75611.0,4.4,446.0,-2.6,-1.0,0.024,7183.0,0.4,4.0,0.5,0.6,0.003,1.6,-0.67,2.02,10.9,6.6,0.0101,13,0,-2,5,70.8,30,-14,16,0.5,0.005957,999999.99,99999.99,99999.99,0.2,0.11,0.08,-1,2009-04-19 21:00:00
2009,109,22,2398,51,52,59,37,3.8,3.1,-57.4,106.7,-0.5,1.6,-2.6,2.7,-1.4,0.3,2.1,0.7,1.5,1.2,79983.0,4.0,451.0,-1.5,-0.3,0.025,8515.0,0.3,5.0,1.1,1.2,0.002,1.49,0.63,2.4,11.9,6.8,0.0084,13,0,-4,5,70.8,60,-31,29,0.6,0.005957,999999.99,99999.99,99999.99,0.21,0.11,0.09,-1,2009-04-19 22:00:00
2009,109,23,2398,51,52,61,37,3.2,2.6,-9.9,74.0,0.7,2.5,-0.4,2.4,0.9,0.4,2.0,0.7,0.9,1.6,80842.0,4.0,456.0,-1.5,-1.4,0.026,6882.0,0.2,3.0,0.7,0.9,0.002,1.53,-0.41,3.4,14.2,7.2,0.0059,13,0,-3,5,70.8,43,-19,24,0.3,0.005957,999999.99,99999.99,99999.99,0.24,0.15,0.12,-1,2009-04-19 23:00:00
2009,110,0,2398,51,52,59,36,3.3,3.2,-30.5,97.8,-0.4,2.7,-1.6,3.1,-0.1,0.1,0.9,0.4,0.3,0.7,75769.0,3.4,450.0,-2.2,-0.3,0.027,4570.0,0.2,2.0,0.3,0.4,0.002,1.27,0.04,2.65,12.6,6.9,0.0075,20,0,-4,7,70.4,38,-11,26,0.3,0.005966,999999.99,99999.99,99999.99,0.24,0.13,0.09,-1,2009-04-20 00:00:00
2009,110,1,2398,51,52,59,35,3.5,3.2,-58.5,139.9,-1.3,1.1,-2.7,2.2,-1.9,0.1,1.2,0.6,1.0,0.3,76701.0,3.3,443.0,-1.1,0.4,0.028,4381.0,0.1,4.0,0.7,0.6,0.001,1.2,0.84,2.3,11.5,6.7,0.009,20,0,-4,7,70.4,72,-23,49,0.6,0.005966,999999.99,99999.99,99999.99,0.25,0.15,0.1,-1,2009-04-20 01:00:00
2009,110,2,2398,51,52,65,39,3.5,2.4,-14.1,78.9,0.5,2.3,-0.6,2.3,0.5,0.3,2.5,1.8,0.7,1.6,73373.0,3.4,451.0,-1.8,-0.4,0.024,6974.0,0.2,15.0,0.4,1.2,0.002,1.27,-0.23,2.33,11.9,6.8,0.0084,20,0,-2,7,70.4,99,-41,59,1.0,0.005966,999999.99,99999.99,99999.99,0.27,0.12,0.1,-1,2009-04-20 02:00:00
2009,110,3,2398,51,52,54,33,3.9,3.7,1.3,44.4,2.6,2.6,0.1,2.3,1.1,0.1,1.3,0.8,0.8,0.7,70432.0,4.0,468.0,-2.0,-0.7,0.021,10090.0,0.3,7.0,0.4,0.6,0.003,1.59,-0.51,2.17,12.0,7.1,0.0083,17,0,0,6,70.4,42,-11,31,0.1,0.005966,999999.99,99999.99,99999.99,0.2,0.1,0.08,-1,2009-04-20 03:00:00
2009,110,4,2398,51,52,59,37,3.3,2.3,-15.9,157.4,-2.1,0.9,-0.6,1.1,-0.2,0.5,2.4,1.3,1.9,0.7,84314.0,3.8,439.0,-0.1,-0.2,0.025,11614.0,0.2,8.0,2.0,0.6,0.002,1.35,0.09,3.09,13.0,6.8,0.0071,17,0,0,6,70.4,50,-13,37,0.2,0.005966,999999.99,99999.99,99999.99,0.27,0.13,0.09,-1,2009-04-20 04:00:00
2009,110,5,2398,51,52,64,38,4.0,3.5,-7.0,172.3,-3.4,0.5,-0.4,0.6,-0.2,0.2,1.9,1.2,1.4,0.6,72473.0,3.2,426.0,0.2,-0.1,0.029,18259.0,0.4,13.0,1.3,0.9,0.003,1.08,0.09,1.67,9.5,6.1,0.0131,17,0,-2,6,70.4,206,-131,75,0.6,0.005966,999999.99,99999.99,99999.99,0.26,0.1,0.07,-1,2009-04-20 05:00:00
2009,110,6,2398,51,52,60,36,3.9,3.7,-0.3,68.6,1.4,3.4,0.0,3.3,0.9,0.3,1.3,1.1,0.2,0.6,76207.0,3.7,458.0,-2.3,-0.5,0.025,7877.0,0.2,5.0,0.3,0.9,0.004,1.43,-0.41,2.07,11.3,6.8,0.0093,10,0,-1,4,70.4,218,-165,53,1.1,0.005966,999999.99,99999.99,99999.99,0.25,0.14,0.1,-1,2009-04-20 06:00:00
2009,110,7,2398,51,52,61,38,3.9,3.6,8.5,38.2,2.8,2.2,0.5,2.0,1.0,0.2,1.4,0.6,1.2,0.5,77694.0,4.0,457.0,-0.5,-1.1,0.023,6376.0,0.2,6.0,1.6,0.8,0.001,1.52,-0.46,2.25,11.7,6.8,0.0087,10,0,0,4,70.4,43,-15,28,0.3,0.005966,999999.99,99999.99,99999.99,0.19,0.13,0.09,-1,2009-04-20 07:00:00
2009,110,8,2398,51,52,57,35,3.7,3.2,3.3,74.2,0.9,3.0,0.2,2.9,0.8,0.3,1.9,1.3,0.7,1.2,71955.0,4.0,449.0,-1.3,-1.7,0.027,7689.0,0.3,7.0,0.9,0.8,0.003,1.49,-0.36,2.43,12.1,6.9,0.0081,10,0,1,4,70.4,39,-14,25,0.2,0.005966,999999.99,99999.99,99999.99,0.21,0.1,0.07,-1,2009-04-20 08:00:00
2009,110,9,2398,51,52,60,36,3.4,3.3,-18.9,88.1,0.1,3.2,-1.1,3.4,-0.5,0.3,0.7,0.4,0.3,0.5,70249.0,3.6,441.0,-2.4,-0.8,0.028,12277.0,0.2,3.0,0.4,0.4,0.002,1.3,0.22,2.57,12.3,6.9,0.0079,7,0,-1,3,70.4,41,-20,21,0.6,0.005966,999999.99,99999.99,99999.99,0.24,0.13,0.09,-1,2009-04-20 09:00:00
2009,110,10,2398,51,52,60,37,3.4,3.3,-21.2,103.3,-0.7,3.0,-1.2,3.2,-0.6,0.2,0.9,0.5,0.5,0.5,72592.0,3.4,438.0,-2.3,-0.6,0.026,8424.0,0.2,3.0,0.6,0.5,0.003,1.2,0.26,2.46,11.9,6.7,0.0084,7,0,-2,3,70.4,122,-108,14,0.6,0.005966,999999.99,99999.99,99999.99,0.19,0.1,0.08,-1,2009-04-20 10:00:00
2009,110,11,2398,51,52,61,37,4.8,4.1,31.9,76.2,0.8,3.4,2.2,2.9,2.8,0.8,2.4,0.8,1.6,1.7,76494.0,3.5,445.0,-2.0,-1.7,0.025,9435.0,0.3,3.0,0.8,0.6,0.002,1.27,-1.25,1.29,8.7,6.0,0.0158,7,0,-5,3,70.4,114,-106,8,0.5,0.005966,999999.99,99999.99,99999.99,0.18,0.12,0.08,-1,2009-04-20 11:00:00
2009,110,12,2398,51,52,59,36,4.4,4.0,6.4,89.2,0.1,4.0,0.4,3.8,1.2,0.5,1.8,0.9,0.9,1.4,77629.0,3.7,444.0,-2.5,-1.7,0.024,14688.0,0.5,3.0,0.6,1.0,0.003,1.34,-0.53,1.64,9.7,6.2,0.0126,10,0,-6,4,70.4,34,-21,13,0.7,0.005966,999999.99,99999.99,99999.99,0.2,0.12,0.08,-1,2009-04-20 12:00:00
2009,110,13,2398,51,52,60,36,4.3,4.1,0.6,86.8,0.2,4.1,0.0,4.0,0.9,0.2,1.3,1.0,0.4,0.7,73807.0,3.5,442.0,-2.7,-1.7,0.023,8714.0,0.3,3.0,0.4,0.4,0.004,1.25,-0.4,1.59,9.6,6.2,0.0129,10,0,-6,4,70.4,27,-12,16,0.5,0.005966,999999.99,99999.99,99999.99,0.17,0.1,0.08,-1,2009-04-20 13:00:00
2009,110,14,2398,51,52,59,35,4.2,3.2,4.0,108.4,-1.0,3.1,0.2,3.0,1.0,0.5,2.6,1.9,1.0,1.6,84075.0,3.8,438.0,-2.3,-1.8,0.024,10383.0,0.4,8.0,0.6,1.2,0.004,1.33,-0.44,1.9,10.2,6.3,0.0115,10,0,-5,4,70.4,45,-39,7,0.1,0.005966,999999.99,99999.99,99999.99,0.24,0.12,0.09,-1,2009-04-20 14:00:00
2009,110,15,2398,51,52,59,36,4.3,3.9,-41.1,168.3,-2.9,0.6,-2.6,1.3,-2.3,0.3,1.8,0.5,1.5,0.9,79863.0,3.1,427.0,-0.5,-0.0,0.029,8211.0,0.3,3.0,1.3,0.9,0.003,1.05,0.98,1.45,8.7,5.8,0.0156,13,0,-5,5,70.4,66,-61,5,0.0,0.005966,999999.99,99999.99,99999.99,0.19,0.12,0.1,-1,2009-04-20 15:00:00
2009,110,16,2398,51,52,63,38,3.6,2.9,-63.6,169.7,-1.3,0.2,-2.6,1.1,-2.4,0.7,2.1,0.7,1.2,1.5,92969.0,3.0,435.0,-0.3,0.1,0.031,14305.0,0.2,7.0,0.7,1.3,0.005,1.07,1.04,2.13,10.5,6.2,0.0109,13,0,-4,5,70.4,39,-25,13,0.7,0.005966,999999.99,99999.99,99999.99,0.21,0.11,0.08,-1,2009-04-20 16:00:00
2009,110,17,2398,51,52,60,37,2.7,2.4,-33.0,126.5,-1.2,1.6,-1.3,2.0,-0.6,0.2,1.1,0.8,0.6,0.5,101797.0,3.4,444.0,0.2,-2.0,0.041,3376.0,0.1,2.0,0.4,0.3,0.002,1.3,0.27,4.47,15.2,6.9,0.0052,13,0,-4,5,70.4,38,-21,17,0.7,0.005966,999999.99,99999.99,99999.99,0.2,0.11,0.08,-1,2009-04-20 17:00:00
2009,110,18,2398,51,52,59,36,2.0,1.2,20.4,111.1,-0.4,1.0,0.4,0.7,0.8,0.5,1.6,1.1,0.7,1.0,99758.0,3.5,443.0,-0.4,-2.1,0.034,7956.0,0.2,4.0,0.8,0.5,0.002,1.3,-0.35,8.3,20.7,7.2,0.0028,3,0,-5,2,70.4,24,-10,14,0.4,0.005966,999999.99,99999.99,99999.99,0.2,0.1,0.08,-1,2009-04-20 18:00:00
2009,110,19,2398,51,52,60,37,3.4,2.5,14.8,130.1,-1.6,1.9,0.6,1.4,1.4,0.2,2.2,1.4,1.5,0.7,82799.0,2.8,436.0,-1.8,-2.3,0.031,16587.0,0.3,7.0,0.8,0.7,0.005,1.0,-0.61,2.13,10.7,6.4,0.0103,3,0,-6,2,70.4,32,-16,17,0.0,0.005966,999999.99,99999.99,99999.99,0.24,0.13,0.1,-1,2009-04-20 19:00:00
2009,110,20,2398,51,52,61,34,3.4,3.2,29.9,87.3,0.1,2.8,1.6,1.7,2.8,0.3,1.0,0.8,0.4,0.5,74217.0,3.2,447.0,-1.9,-2.7,0.023,9739.0,0.1,5.0,0.3,0.5,0.002,1.17,-1.25,2.33,11.8,6.8,0.0086,3,0,-3,2,70.4,31,-15,16,-0.1,0.005966,999999.99,99999.99,99999.99,0.2,0.13,0.09,-1,2009-04-20 20:00:00
2009,110,21,2398,51,52,61,36,3.7,3.5,49.9,80.8,0.4,2.2,2.6,0.6,3.4,0.2,1.3,1.1,0.6,0.4,64985.0,3.1,444.0,-1.3,-3.4,0.022,7359.0,0.2,7.0,0.5,0.6,0.002,1.11,-1.51,1.82,10.6,6.6,0.0107,3,0,-3,2,70.4,37,-18,19,0.2,0.005966,999999.99,99999.99,99999.99,0.23,0.11,0.08,-1,2009-04-20 21:00:00
2009,110,22,2398,51,52,60,37,2.9,2.3,61.2,32.5,1.0,0.6,2.1,-0.6,2.1,1.0,1.9,1.1,1.3,1.0,75032.0,3.4,456.0,0.3,-2.2,0.023,15384.0,0.4,8.0,1.1,0.9,0.002,1.29,-0.96,3.42,14.5,7.3,0.0057,3,0,-2,2,70.4,35,-17,18,-0.0,0.005966,999999.99,99999.99,99999.99,0.24,0.12,0.09,-1,2009-04-20 22:00:00
2009,110,23,2398,51,52,61,37,2.9,2.7,33.9,3.8,2.2,0.1,1.5,-0.7,1.3,0.5,1.1,0.7,0.8,0.5,66684.0,3.9,461.0,0.6,-1.6,0.02,10950.0,0.2,3.0,0.8,0.3,0.002,1.49,-0.6,3.76,15.7,7.6,0.0048,3,0,-2,2,70.4,33,-15,18,-0.0,0.005966,999999.99,99999.99,99999.99,0.19,0.11,0.07,-1,2009-04-20 23:00:00
2009,111,0,2398,51,52,59,36,2.9,2.9,38.0,22.0,2.1,0.9,1.8,-0.1,2.0,0.2,0.5,0.3,0.4,0.1,63444.0,3.8,457.0,0.1,-2.0,0.019,4354.0,0.1,2.0,0.3,0.2,0.001,1.43,-0.91,3.61,15.4,7.6,0.005,10,11,-4,4,71.8,37,-16,21,0.1,0.005965,999999.99,99999.99,99999.99,0.23,0.12,0.1,-1,2009-04-21 00:00:00
2009,111,1,2398,51,52,59,35,2.6,2.5,35.6,40.4,1.5,1.3,1.5,0.4,1.9,0.4,0.8,0.5,0.4,0.6,69812.0,3.6,450.0,0.3,-1.5,0.021,7631.0,0.1,3.0,0.3,0.3,0.002,1.32,-0.85,4.39,16.4,7.5,0.0044,10,11,-5,4,71.8,32,-12,20,-0.0,0.005965,999999.99,99999.99,99999.99,0.24,0.11,0.08,-1,2009-04-21 01:00:00
2009,111,2,2398,51,52,59,36,3.0,2.7,29.1,107.4,-0.7,2.3,1.3,1.5,2.2,0.2,1.3,0.7,0.4,1.0,73781.0,3.5,443.0,0.3,-1.5,0.023,5532.0,0.1,3.0,0.2,0.3,0.002,1.25,-0.97,3.27,13.8,7.1,0.0062,10,11,-4,4,71.8,25,-11,14,-0.3,0.005965,999999.99,99999.99,99999.99,0.2,0.11,0.07,-1,2009-04-21 02:00:00
2009,111,3,2398,51,52,61,37,2.8,2.1,-5.1,138.5,-1.6,1.4,-0.2,1.4,0.4,0.3,1.8,1.1,0.9,1.1,80135.0,3.4,443.0,0.6,-1.1,0.027,5925.0,0.2,3.0,0.5,0.4,0.003,1.23,-0.18,3.76,14.6,7.1,0.0056,10,11,-2,4,71.8,35,-11,24,-0.1,0.005965,999999.99,99999.99,99999.99,0.23,0.11,0.08,-1,2009-04-21 03:00:00
2009,111,4,2398,51,52,60,37,3.3,1.8,-23.8,174.4,-1.6,0.2,-0.7,0.4,-0.6,0.8,2.9,2.2,0.9,1.6,80966.0,2.9,449.0,1.2,-0.1,0.028,12226.0,0.4,4.0,0.5,0.5,0.003,1.09,0.27,2.32,11.6,6.7,0.0089,10,11,-1,4,71.8,37,-12,25,-0.2,0.005965,999999.99,99999.99,99999.99,0.24,0.11,0.09,-1,2009-04-21 04:00:00
2009,111,5,2398,51,52,60,35,3.5,2.8,28.2,192.8,-2.4,-0.5,1.3,-0.9,1.1,0.2,2.0,0.7,1.2,1.5,93437.0,3.1,453.0,1.0,-1.6,0.03,7281.0,0.2,4.0,0.7,0.8,0.001,1.19,-0.5,2.33,11.4,6.6,0.0092,10,11,-3,4,71.8,60,-17,43,0.3,0.005965,999999.99,99999.99,99999.99,0.24,0.13,0.09,-1,2009-04-21 05:00:00
2009,111,6,2398,51,52,62,38,3.1,2.8,23.3,107.7,-0.8,2.5,1.1,2.1,1.7,0.3,1.2,1.0,0.3,0.7,99944.0,3.5,459.0,-0.7,-1.2,0.026,8374.0,0.2,5.0,0.3,0.6,0.003,1.36,-0.78,3.46,13.9,6.9,0.0062,23,11,-2,9,71.8,124,-79,45,0.5,0.005965,999999.99,99999.99,99999.99,0.2,0.11,0.09,-1,2009-04-21 06:00:00
2009,111,7,2398,51,52,57,35,3.7,3.3,-4.9,107.2,-1.0,3.2,-0.3,3.2,0.5,0.1,1.5,1.2,0.3,0.9,87680.0,3.6,449.0,-0.7,0.3,0.023,5621.0,0.2,8.0,0.4,0.8,0.002,1.32,-0.22,2.36,11.5,6.6,0.009,23,11,1,9,71.8,88,-71,17,0.0,0.005965,999999.99,99999.99,99999.99,0.24,0.12,0.09,-1,2009-04-21 07:00:00
2009,111,8,2398,51,52,60,36,3.7,3.5,-18.3,150.6,-2.9,1.6,-1.1,1.8,-0.7,0.1,1.3,0.6,1.1,0.4,82529.0,3.5,434.0,0.3,0.5,0.023,7260.0,0.2,5.0,1.0,0.4,0.002,1.2,0.3,2.24,11.0,6.4,0.0099,23,11,-1,9,71.8,50,-27,22,0.2,0.005965,999999.99,99999.99,99999.99,0.21,0.12,0.1,-1,2009-04-21 08:00:00
2009,111,9,2398,51,52,60,36,3.8,3.7,-24.9,140.4,-2.6,2.1,-1.6,2.4,-1.2,0.1,0.6,0.3,0.4,0.4,81740.0,3.4,439.0,-1.2,0.1,0.025,4301.0,0.2,3.0,0.6,0.4,0.004,1.2,0.53,2.06,10.7,6.4,0.0105,13,11,-1,5,71.8,181,-165,16,0.4,0.005965,999999.99,99999.99,99999.99,0.27,0.14,0.1,-1,2009-04-21 09:00:00
2009,111,10,2398,51,52,61,37,2.9,1.7,32.6,67.7,0.5,1.3,0.9,1.1,1.1,0.6,2.4,2.0,0.7,1.2,85424.0,3.6,449.0,-1.5,-1.1,0.026,11024.0,0.4,8.0,0.6,0.6,0.003,1.34,-0.49,3.81,14.7,7.1,0.0055,13,11,1,5,71.8,105,-81,24,0.4,0.005965,999999.99,99999.99,99999.99,0.23,0.12,0.09,-1,2009-04-21 10:00:00
2009,111,11,2398,51,52,57,35,3.4,2.9,39.4,105.4,-0.6,2.1,1.8,1.7,2.1,0.2,1.8,1.3,0.8,1.1,79096.0,3.6,440.0,-2.5,-1.7,0.028,6679.0,0.2,7.0,0.5,0.6,0.004,1.29,-0.92,2.69,12.3,6.7,0.0079,13,11,4,5,71.8,48,-33,15,0.0,0.005965,999999.99,99999.99,99999.99,0.24,0.14,0.1,-1,2009-04-21 11:00:00
2009,111,12,2398,51,52,60,37,3.8,3.6,4.1,135.2,-2.6,2.5,0.3,2.4,0.8,0.1,1.0,0.4,0.3,0.9,80788.0,3.4,428.0,-2.7,-0.7,0.031,6158.0,0.2,4.0,0.5,0.6,0.002,1.17,-0.34,2.05,10.4,6.2,0.011,7,11,5,3,71.8,29,-17,12,0.3,0.005965,999999.99,99999.99,99999.99,0.24,0.15,0.12,-1,2009-04-21 12:00:00
2009,111,13,2398,51,52,60,36,3.9,3.1,16.3,92.2,-0.1,3.0,0.9,2.7,1.5,0.1,2.4,1.6,0.7,1.6,77663.0,3.6,440.0,-2.5,-0.8,0.032,6967.0,0.2,9.0,0.6,1.1,0.004,1.31,-0.66,2.03,10.7,6.5,0.0104,7,11,4,3,71.8,27,-15,12,0.3,0.005965,999999.99,99999.99,99999.99,0.2,0.12,0.08,-1,2009-04-21 13:00:00
2009,111,14,2398,51,52,60,36,3.9,3.6,-13.9,132.4,-2.4,2.6,-0.9,2.7,-0.2,0.1,1.2,0.4,0.5,1.0,77986.0,3.2,426.0,-2.2,0.1,0.044,5138.0,0.2,4.0,0.6,0.9,0.003,1.14,0.09,1.81,9.8,6.1,0.0125,7,11,2,3,71.8,25,-16,9,-0.0,0.005965,999999.99,99999.99,99999.99,0.22,0.13,0.09,-1,2009-04-21 14:00:00
2009,111,15,2398,51,52,58,36,3.7,3.6,-8.1,157.0,-3.3,1.4,-0.5,1.5,-0.1,0.1,0.9,0.3,0.6,0.6,71184.0,2.9,415.0,-1.1,-0.1,0.047,4235.0,0.1,3.0,0.7,0.6,0.003,0.99,0.04,1.76,9.6,6.0,0.013,3,11,0,2,71.8,22,-17,4,0.2,0.005965,999999.99,99999.99,99999.99,0.22,0.12,0.09,-1,2009-04-21 15:00:00
2009,111,16,2398,51,52,60,36,3.3,2.6,-20.1,165.4,-2.3,0.6,-0.9,0.9,-0.6,0.2,2.1,0.6,0.5,2.0,64700.0,2.6,413.0,-0.1,-0.3,0.043,4429.0,0.2,3.0,0.6,2.0,0.003,0.87,0.25,1.92,10.1,6.2,0.0117,3,11,-1,2,71.8,65,-62,3,0.5,0.005965,999999.99,99999.99,99999.99,0.19,0.12,0.09,-1,2009-04-21 16:00:00
2009,111,17,2398,51,52,58,33,3.1,2.8,4.9,187.6,-2.8,-0.4,0.2,-0.4,0.0,0.1,1.2,0.4,0.6,0.9,53534.0,2.0,400.0,1.9,-1.7,0.046,13284.0,0.3,7.0,1.2,0.8,0.008,0.63,-0.0,1.57,9.1,5.9,0.0143,3,11,-3,2,71.8,39,-34,4,0.5,0.005965,999999.99,99999.99,99999.99,0.22,0.1,0.07,-1,2009-04-21 17:00:00
2009,111,18,2398,51,52,59,38,2.9,2.8,-10.8,181.0,-2.8,0.0,-0.5,0.2,-0.5,0.1,0.5,0.1,0.3,0.4,56541.0,2.1,401.0,1.3,-1.3,0.042,11874.0,0.2,4.0,0.7,0.6,0.004,0.66,0.2,1.92,10.0,6.1,0.0118,10,11,-2,4,71.8,38,-20,18,0.6,0.005965,999999.99,99999.99,99999.99,0.19,0.13,0.09,-1,2009-04-21 18:00:00
2009,111,19,2398,51,52,60,36,2.6,2.6,-7.4,176.9,-2.6,0.1,-0.3,0.2,-0.2,0.1,0.4,0.1,0.3,0.2,81664.0,2.3,401.0,1.4,-1.8,0.037,38142.0,0.1,1.0,0.3,0.3,0.003,0.71,0.08,2.97,11.7,6.2,0.0087,10,11,-3,4,71.8,33,-15,18,0.5,0.005965,999999.99,99999.99,99999.99,0.2,0.12,0.09,-1,2009-04-21 19:00:00
2009,111,20,2398,51,52,59,36,2.6,2.5,-8.3,187.0,-2.4,-0.3,-0.4,-0.1,-0.5,0.1,0.6,0.1,0.3,0.5,53786.0,2.2,402.0,2.0,-2.0,0.037,4663.0,0.1,2.0,0.4,0.6,0.002,0.68,0.2,2.47,11.5,6.5,0.009,10,11,-4,4,71.8,36,-17,19,0.6,0.005965,999999.99,99999.99,99999.99,0.21,0.11,0.08,-1,2009-04-21 20:00:00
2009,111,21,2398,51,52,62,37,2.5,2.4,-21.5,157.5,-2.1,0.9,-0.9,1.2,-0.3,0.1,0.5,0.2,0.4,0.3,61192.0,2.4,405.0,0.7,-1.5,0.036,4778.0,0.1,4.0,0.7,0.4,0.002,0.75,0.12,3.03,12.5,6.6,0.0076,7,11,-3,3,71.8,45,-16,29,0.6,0.005965,999999.99,99999.99,99999.99,0.2,0.12,0.08,-1,2009-04-21 21:00:00
2009,111,22,2398,51,52,61,37,2.4,2.3,6.8,183.6,-2.3,-0.1,0.3,-0.2,0.2,0.1,0.7,0.2,0.5,0.4,64407.0,2.7,408.0,1.1,-2.6,0.038,6618.0,0.1,1.0,0.5,0.5,0.002,0.86,-0.08,3.76,14.0,6.8,0.0061,7,11,-4,3,71.8,39,-13,26,0.6,0.005965,999999.99,99999.99,99999.99,0.19,0.1,0.07,-1,2009-04-21 22:00:00
2009,111,23,2398,51,52,60,37,2.4,1.6,33.4,156.6,-1.2,0.5,0.9,0.0,1.0,0.1,1.7,0.6,1.4,0.8,65543.0,2.7,415.0,0.2,-3.1,0.036,8377.0,0.2,5.0,1.7,1.0,0.003,0.89,-0.41,3.78,14.2,6.9,0.0059,7,11,-3,3,71.8,36,-13,23,0.3,0.005965,999999.99,99999.99,99999.99,0.22,0.12,0.09,-1,2009-04-21 23:00:00
2009,112,0,2398,51,52,58,35,2.7,2.4,-31.4,143.3,-1.6,1.2,-1.2,1.6,-0.5,0.1,1.2,0.7,0.9,0.4,61151.0,2.6,411.0,-0.9,-0.6,0.035,5728.0,0.1,6.0,1.0,0.5,0.003,0.84,0.21,2.81,12.3,6.6,0.0079,17,0,-2,6,71.9,33,-12,21,0.3,0.005978,999999.99,99999.99,99999.99,0.21,0.11,0.09,-1,2009-04-22 00:00:00
2009,112,1,2398,51,52,59,36,2.8,2.7,-16.3,166.7,-2.5,0.6,-0.8,0.9,-0.4,0.0,0.5,0.2,0.3,0.4,60845.0,2.4,399.0,-0.1,-0.7,0.039,5909.0,0.1,2.0,0.5,0.7,0.002,0.74,0.16,2.41,11.0,6.3,0.0098,17,0,-5,6,71.9,26,-10,17,0.1,0.005978,999999.99,99999.99,99999.99,0.27,0.12,0.09,-1,2009-04-22 01:00:00
2009,112,2,2398,51,52,61,37,2.7,2.7,-8.8,159.3,-2.5,0.9,-0.4,1.0,0.0,0.0,0.5,0.1,0.3,0.3,52432.0,2.5,398.0,-0.3,-1.7,0.038,4134.0,0.1,1.0,0.4,0.4,0.003,0.76,-0.0,2.58,11.7,6.5,0.0088,17,0,-5,6,71.9,33,-14,19,0.1,0.005978,999999.99,99999.99,99999.99,0.27,0.14,0.09,-1,2009-04-22 02:00:00
2009,112,3,2398,51,52,59,37,2.6,2.5,-12.8,174.8,-2.4,0.2,-0.6,0.4,-0.5,0.1,0.6,0.1,0.4,0.4,58958.0,2.6,400.0,0.5,-1.9,0.04,6488.0,0.1,1.0,0.5,0.5,0.002,0.81,0.2,3.0,12.4,6.5,0.0077,17,0,-2,6,71.9,37,-12,25,0.1,0.005978,999999.99,99999.99,99999.99,0.24,0.14,0.11,-1,2009-04-22 03:00:00
2009,112,4,2398,51,52,60,37,2.6,2.3,15.3,157.4,-2.1,0.9,0.6,0.6,0.9,0.2,1.2,0.4,0.6,1.0,62913.0,2.7,402.0,-0.6,-3.2,0.038,7954.0,0.2,4.0,0.7,1.1,0.005,0.84,-0.36,3.18,12.7,6.6,0.0074,17,0,1,6,71.9,24,-9,16,-0.2,0.005978,999999.99,99999.99,99999.99,0.25,0.14,0.11,-1,2009-04-22 04:00:00
2009,112,5,2398,51,52,60,37,2.4,2.2,17.4,136.6,-1.5,1.4,0.6,1.1,1.0,0.3,1.0,0.6,0.7,0.5,61557.0,2.5,397.0,-0.7,-3.0,0.036,9236.0,0.1,5.0,0.9,0.5,0.003,0.75,-0.4,3.43,13.1,6.6,0.007,17,0,0,6,71.9,32,-2,30,-0.1,0.005978,999999.99,99999.99,99999.99,0.25,0.12,0.09,-1,2009-04-22 05:00:00
2009,112,6,2398,51,52,58,32,2.5,2.1,-16.1,184.9,-2.0,-0.2,-0.6,0.0,-0.6,0.2,1.3,0.5,1.1,0.4,60767.0,2.6,396.0,1.2,-1.8,0.043,5174.0,0.1,5.0,0.7,0.4,0.005,0.8,0.24,3.27,12.8,6.5,0.0073,3,0,0,2,71.9,31,-6,25,-0.2,0.005978,999999.99,99999.99,99999.99,0.22,0.12,0.08,-1,2009-04-22 06:00:00
2009,112,7,2398,51,52,60,37,2.8,2.6,-22.2,153.5,-2.2,1.1,-1.0,1.3,-0.7,0.1,0.9,0.3,0.6,0.6,59492.0,2.6,393.0,1.4,-1.2,0.046,4659.0,0.1,3.0,0.5,0.4,0.003,0.79,0.28,2.59,11.3,6.3,0.0093,3,0,0,2,71.9,20,-4,16,-0.2,0.005978,999999.99,99999.99,99999.99,0.24,0.12,0.1,-1,2009-04-22 07:00:00
2009,112,8,2398,51,52,59,36,2.8,2.6,-27.0,178.2,-2.3,0.1,-1.2,0.3,-1.2,0.2,1.0,0.2,0.6,0.8,60393.0,2.7,391.0,2.4,-1.3,0.043,7999.0,0.1,3.0,0.5,1.1,0.003,0.81,0.47,2.7,11.5,6.3,0.009,3,0,-2,2,71.9,34,-11,23,-0.2,0.005978,999999.99,99999.99,99999.99,0.22,0.13,0.09,-1,2009-04-22 08:00:00
2009,112,9,2398,51,52,63,37,2.8,2.3,10.7,169.6,-2.2,0.4,0.4,0.3,0.5,0.1,1.5,1.2,0.7,0.7,59023.0,2.6,388.0,1.7,-2.6,0.046,6627.0,0.2,8.0,0.9,0.7,0.007,0.77,-0.19,2.59,11.2,6.2,0.0095,13,0,-3,5,71.9,36,-18,17,-0.0,0.005978,999999.99,99999.99,99999.99,0.24,0.13,0.1,-1,2009-04-22 09:00:00
2009,112,10,2398,51,51,56,9,2.4,2.0,32.6,113.6,-0.7,1.5,1.1,1.3,1.3,0.2,1.3,0.9,0.5,0.8,64394.0,2.8,393.0,-0.1,-3.1,9.999,9294.0,0.2,6.0,1.1,0.8,9.999,0.86,-0.51,3.9,13.7,6.6,0.0063,13,0,-1,5,71.9,39,-22,17,0.2,0.005978,999999.99,99999.99,99999.99,0.27,0.13,0.09,-1,2009-04-22 10:00:00
2009,112,11,2398,51,52,60,5,2.6,2.2,11.9,176.8,-2.2,0.1,0.5,0.0,0.5,0.2,1.4,0.6,1.0,0.7,67345.0,2.9,391.0,2.7,-3.8,0.032,6805.0,0.1,3.0,0.1,0.3,0.002,0.84,-0.2,3.49,12.8,6.4,0.0073,13,0,-3,5,71.9,157,-139,18,0.9,0.005978,999999.99,99999.99,99999.99,0.21,0.13,0.11,-1,2009-04-22 11:00:00
2009,112,12,2398,51,52,62,38,2.5,2.0,59.1,101.3,-0.2,1.0,1.7,0.7,1.9,0.3,1.4,1.2,0.8,0.4,61337.0,3.0,398.0,1.2,-3.6,0.03,8094.0,0.2,8.0,0.6,0.6,0.005,0.89,-0.76,3.79,13.8,6.7,0.0063,10,0,-7,4,71.9,154,-137,17,0.5,0.005978,999999.99,99999.99,99999.99,0.23,0.12,0.09,-1,2009-04-22 12:00:00
2009,112,13,2398,51,52,60,37,2.8,2.8,61.9,50.6,0.8,1.0,2.5,0.5,2.7,0.1,0.5,0.3,0.3,0.2,51403.0,3.0,402.0,1.4,-4.1,0.027,4662.0,0.1,2.0,0.3,0.4,0.001,0.9,-1.09,2.86,12.4,6.7,0.0077,10,0,-6,4,71.9,38,-24,14,-0.1,0.005978,999999.99,99999.99,99999.99,0.21,0.12,0.09,-1,2009-04-22 13:00:00
2009,112,14,2398,51,52,61,36,2.7,2.6,67.8,43.3,0.7,0.7,2.4,0.1,2.5,0.2,0.8,0.5,0.6,0.2,55703.0,3.0,400.0,1.6,-4.0,0.029,5930.0,0.2,3.0,0.6,0.5,0.002,0.89,-1.0,3.15,12.8,6.7,0.0072,10,0,-4,4,71.9,27,-12,15,-0.2,0.005978,999999.99,99999.99,99999.99,0.27,0.16,0.11,-1,2009-04-22 14:00:00
2009,112,15,2398,51,52,60,37,2.8,2.6,56.3,89.6,0.0,1.4,2.1,0.7,2.4,0.3,1.2,0.7,0.7,0.6,54005.0,3.0,398.0,0.8,-3.0,0.027,10866.0,0.2,5.0,1.1,0.5,0.002,0.88,-0.96,2.9,12.3,6.6,0.0078,3,0,-2,2,71.9,31,-16,15,-0.2,0.005978,999999.99,99999.99,99999.99,0.22,0.14,0.1,-1,2009-04-22 15:00:00
2009,112,16,2398,51,52,61,37,3.5,3.3,67.7,47.6,0.8,0.9,3.0,-0.1,3.1,0.2,1.4,0.8,1.1,0.4,42798.0,3.1,400.0,1.2,-2.7,0.025,4108.0,0.2,5.0,0.8,0.4,0.002,0.91,-1.24,1.8,10.1,6.3,0.0118,3,0,0,2,71.9,20,-17,3,-0.1,0.005978,999999.99,99999.99,99999.99,0.21,0.12,0.07,-1,2009-04-22 16:00:00
2009,112,17,2398,51,52,57,34,4.0,3.7,44.7,80.9,0.4,2.6,2.6,1.4,3.4,0.2,1.6,0.5,1.2,0.9,45446.0,3.4,396.0,0.6,-2.4,0.024,4341.0,0.3,4.0,0.7,0.6,0.003,0.98,-1.35,1.54,9.1,6.0,0.0143,3,0,2,2,71.9,20,-18,1,-0.0,0.005978,999999.99,99999.99,99999.99,0.22,0.14,0.1,-1,2009-04-22 17:00:00
2009,112,18,2398,51,52,58,34,3.7,3.5,10.5,100.2,-0.6,3.4,0.6,2.8,2.0,0.2,0.8,0.4,0.2,0.7,53089.0,3.6,384.0,0.2,-1.6,0.024,14357.0,0.3,8.0,1.0,0.7,0.003,0.97,-0.77,1.98,9.8,6.0,0.0123,3,0,3,2,71.9,24,-16,8,-0.3,0.005978,999999.99,99999.99,99999.99,0.22,0.1,0.08,-1,2009-04-22 18:00:00
2009,112,19,2398,51,52,59,36,3.9,3.7,-13.6,116.4,-1.6,3.2,-0.9,3.3,0.6,0.1,1.1,0.6,0.4,0.8,43079.0,3.5,383.0,-0.0,-1.5,0.023,1464.0,0.1,1.0,0.3,0.2,0.001,0.94,-0.23,1.64,9.2,5.9,0.0141,3,0,2,2,71.9,31,-16,15,-0.1,0.005978,999999.99,99999.99,99999.99,0.22,0.11,0.08,-1,2009-04-22 19:00:00
2009,112,20,2398,51,52,58,36,3.9,3.9,-58.3,137.1,-1.5,1.4,-3.3,2.8,-2.2,0.0,0.7,0.4,0.4,0.3,43987.0,3.4,379.0,0.3,-1.1,0.024,2164.0,0.2,3.0,0.3,0.2,0.002,0.89,0.83,1.6,9.0,5.8,0.0148,3,0,-1,2,71.9,34,-12,22,0.3,0.005978,999999.99,99999.99,99999.99,0.19,0.13,0.1,-1,2009-04-22 20:00:00
2009,112,21,2398,51,52,60,37,3.8,3.7,-59.6,186.3,-1.9,-0.2,-3.2,1.4,-2.9,0.2,0.7,0.3,0.6,0.1,44789.0,3.0,375.0,0.5,-1.0,0.027,2239.0,0.1,2.0,0.4,0.3,0.002,0.78,1.09,1.5,8.5,5.6,0.0163,13,0,-3,5,71.9,56,-17,39,0.6,0.005978,999999.99,99999.99,99999.99,0.22,0.11,0.08,-1,2009-04-22 21:00:00
2009,112,22,2398,51,52,63,36,2.5,1.7,-0.7,115.9,-0.7,1.5,0.0,1.3,0.8,0.6,2.0,0.9,1.2,1.2,67110.0,3.1,390.0,0.6,-3.5,0.035,10752.0,0.3,7.0,0.7,1.7,0.003,0.9,-0.31,4.03,13.7,6.5,0.0063,13,0,-5,5,71.9,65,-27,38,0.8,0.005978,999999.99,99999.99,99999.99,0.29,0.18,0.12,-1,2009-04-22 22:00:00
2009,112,23,2398,51,52,60,37,3.2,3.0,58.9,15.4,1.5,0.4,2.6,-1.0,2.5,0.2,0.8,0.3,0.7,0.3,35795.0,3.7,391.0,1.0,-2.6,0.031,3516.0,0.2,3.0,0.5,0.4,0.002,1.06,-0.98,2.47,11.8,6.6,0.0086,13,0,-2,5,71.9,28,-15,13,0.3,0.005978,999999.99,99999.99,99999.99,0.23,0.11,0.08,-1,2009-04-22 23:00:00
2009,113,0,2398,51,52,59,36,3.1,2.9,34.9,85.5,0.2,2.4,1.7,1.3,2.7,0.3,1.1,0.7,0.5,0.6,45070.0,3.1,385.0,0.9,-2.2,0.038,5377.0,0.2,2.0,0.9,0.3,0.005,0.88,-1.04,2.33,10.9,6.3,0.01,7,0,0,3,71.4,18,-9,9,-0.1,0.005974,999999.99,99999.99,99999.99,0.21,0.12,0.08,-1,2009-04-23 00:00:00
2009,113,1,2398,51,52,59,36,2.7,2.3,32.4,107.8,-0.6,1.9,1.2,1.1,1.9,0.1,1.3,0.9,0.6,0.7,42850.0,3.1,383.0,0.6,-1.8,0.039,4279.0,0.2,4.0,0.3,0.5,0.003,0.88,-0.73,3.03,12.5,6.6,0.0076,7,0,0,3,71.4,20,-10,10,-0.2,0.005974,999999.99,99999.99,99999.99,0.24,0.13,0.09,-1,2009-04-23 01:00:00
2009,113,2,2398,51,52,62,37,2.9,1.8,-35.0,148.7,-1.3,0.8,-1.0,1.2,-0.6,0.4,2.3,1.6,0.6,1.5,38582.0,2.8,378.0,0.6,-1.0,0.03,3903.0,0.3,5.0,0.5,0.7,0.003,0.75,0.23,2.31,10.9,6.3,0.01,7,0,-1,3,71.4,32,-14,18,0.1,0.005974,999999.99,99999.99,99999.99,0.21,0.1,0.08,-1,2009-04-23 02:00:00
2009,113,3,2398,51,52,58,36,2.6,1.7,-3.6,124.6,-1.0,1.4,-0.1,1.3,0.5,0.2,1.9,1.4,0.6,1.2,40802.0,3.2,380.0,-0.2,-1.5,0.039,5306.0,0.2,4.0,0.5,0.8,0.005,0.89,-0.19,3.33,13.1,6.6,0.007,3,0,-1,2,71.4,23,-13,10,-0.2,0.005974,999999.99,99999.99,99999.99,0.24,0.14,0.1,-1,2009-04-23 03:00:00
2009,113,4,2398,51,52,60,37,2.5,2.3,35.7,133.8,-1.3,1.4,1.4,0.8,1.8,0.2,0.9,0.6,0.5,0.5,41685.0,3.3,378.0,0.2,-2.4,0.038,3202.0,0.1,4.0,0.4,0.7,0.003,0.91,-0.68,3.74,13.7,6.7,0.0063,3,0,-1,2,71.4,31,-10,20,0.1,0.005974,999999.99,99999.99,99999.99,0.25,0.13,0.1,-1,2009-04-23 04:00:00
2009,113,5,2398,51,52,60,37,2.3,1.3,5.0,144.7,-1.0,0.7,0.1,0.6,0.3,0.4,2.0,1.6,0.4,1.1,42153.0,3.0,375.0,-0.1,-1.7,0.034,6892.0,0.3,9.0,0.4,1.2,0.005,0.8,-0.11,4.02,14.1,6.7,0.006,3,0,-2,2,71.4,35,-21,13,-0.3,0.005974,999999.99,99999.99,99999.99,0.27,0.13,0.09,-1,2009-04-23 05:00:00
2009,113,6,2398,51,52,61,36,2.1,1.7,42.9,41.4,0.9,0.8,1.1,0.5,1.3,0.4,1.4,0.7,0.8,0.8,43154.0,3.3,379.0,0.1,-1.6,0.034,2652.0,0.1,2.0,0.6,0.3,0.003,0.9,-0.49,5.34,16.4,6.9,0.0044,3,0,-2,2,71.4,22,-7,15,-0.2,0.005974,999999.99,99999.99,99999.99,0.19,0.1,0.09,-1,2009-04-23 06:00:00
2009,113,7,2398,51,52,57,36,2.5,1.1,74.3,110.8,-0.1,0.3,1.0,0.1,1.0,0.3,2.3,1.8,0.9,1.1,41531.0,3.2,376.0,0.1,-1.9,0.033,4836.0,0.2,5.0,0.5,0.6,0.003,0.86,-0.38,3.62,13.5,6.6,0.0066,3,0,-2,2,71.4,26,-10,16,-0.2,0.005974,999999.99,99999.99,99999.99,0.2,0.12,0.09,-1,2009-04-23 07:00:00
2009,113,8,2398,51,52,60,36,2.4,2.3,-20.8,151.7,-1.9,1.0,-0.8,1.1,-0.6,0.2,0.8,0.4,0.5,0.6,41625.0,3.2,367.0,-0.3,-0.6,0.026,6675.0,0.1,3.0,0.3,0.6,0.005,0.79,0.22,3.93,13.7,6.5,0.0064,3,0,-3,2,71.4,34,-16,18,-0.2,0.005974,999999.99,99999.99,99999.99,0.21,0.12,0.08,-1,2009-04-23 08:00:00
2009,113,9,2398,51,52,60,35,2.7,2.6,-9.2,149.9,-2.3,1.3,-0.4,1.4,-0.2,0.1,0.3,0.1,0.2,0.2,31621.0,3.1,367.0,-0.6,-0.7,0.019,1638.0,0.1,2.0,0.3,0.3,0.001,0.75,0.07,2.83,12.0,6.4,0.0083,3,0,-3,2,71.4,56,-33,23,0.0,0.005974,999999.99,99999.99,99999.99,0.25,0.15,0.11,-1,2009-04-23 09:00:00
2009,113,10,2398,51,52,60,37,2.4,2.4,-6.3,155.7,-2.2,1.0,-0.3,1.0,-0.1,0.1,0.3,0.1,0.3,0.1,33046.0,3.3,367.0,-0.5,-1.1,0.022,2335.0,0.2,3.0,0.4,0.2,0.004,0.81,0.04,3.85,13.9,6.7,0.0062,3,0,-3,2,71.4,43,-28,14,0.1,0.005974,999999.99,99999.99,99999.99,0.19,0.1,0.08,-1,2009-04-23 10:00:00
2009,113,11,2398,51,52,59,36,2.2,2.2,-11.7,159.7,-2.0,0.7,-0.4,0.8,-0.3,0.1,0.4,0.1,0.3,0.2,36424.0,3.4,364.0,-0.8,-1.1,0.025,2542.0,0.1,2.0,0.2,0.2,0.002,0.83,0.11,4.82,15.3,6.7,0.0051,3,0,-3,2,71.4,54,-40,14,0.3,0.005974,999999.99,99999.99,99999.99,0.21,0.12,0.1,-1,2009-04-23 11:00:00
2009,113,12,2398,51,52,60,35,2.2,2.0,19.6,167.6,-1.8,0.4,0.7,0.3,0.8,0.2,0.9,0.4,0.4,0.7,35152.0,3.3,359.0,-1.2,-1.2,0.025,3564.0,0.2,1.0,0.3,0.4,0.004,0.78,-0.29,4.64,14.8,6.6,0.0054,3,0,-3,2,71.4,41,-18,24,0.2,0.005974,999999.99,99999.99,99999.99,0.23,0.13,0.09,-1,2009-04-23 12:00:00
2009,113,13,2398,51,52,58,35,1.9,1.4,12.0,161.1,-1.3,0.4,0.3,0.3,0.4,0.2,1.3,0.6,0.4,1.1,36353.0,3.7,351.0,-1.8,-1.6,0.023,5263.0,0.1,3.0,0.4,0.6,0.003,0.83,-0.14,7.02,17.8,6.7,0.0038,3,0,-4,2,71.4,33,-16,17,0.2,0.005974,999999.99,99999.99,99999.99,0.26,0.11,0.08,-1,2009-04-23 13:00:00
2009,113,14,2398,51,52,59,36,1.7,1.6,-43.6,154.9,-1.1,0.5,-1.1,0.7,-0.9,0.2,0.6,0.2,0.4,0.4,32622.0,3.9,347.0,-2.2,-0.1,0.02,1240.0,0.2,2.0,0.2,0.2,0.002,0.85,0.31,9.04,20.2,6.8,0.0029,3,0,-2,2,71.4,24,-13,11,0.2,0.005974,999999.99,99999.99,99999.99,0.23,0.13,0.1,-1,2009-04-23 14:00:00
2009,113,15,2398,51,52,60,37,1.6,1.3,25.9,147.2,-1.0,0.6,0.6,0.4,0.7,0.2,0.9,0.5,0.5,0.5,33326.0,4.0,346.0,-2.6,-0.9,0.022,2797.0,0.1,3.0,0.4,0.5,0.002,0.87,-0.24,10.51,21.6,6.8,0.0025,7,0,-1,3,71.4,29,-20,9,0.4,0.005974,999999.99,99999.99,99999.99,0.21,0.11,0.08,-1,2009-04-23 15:00:00
2009,113,16,2398,51,52,60,33,1.7,1.6,49.7,126.7,-0.6,0.8,1.2,0.4,1.4,0.1,0.6,0.2,0.4,0.4,28260.0,4.1,346.0,-1.9,-0.4,0.018,1691.0,0.1,1.0,0.2,0.2,0.001,0.88,-0.48,9.24,20.6,6.9,0.0028,7,0,-1,3,71.4,27,-22,5,0.4,0.005974,999999.99,99999.99,99999.99,0.24,0.12,0.1,-1,2009-04-23 16:00:00
2009,113,17,2398,51,52,62,39,2.0,1.9,43.0,109.4,-0.4,1.3,1.3,0.7,1.7,0.2,0.8,0.5,0.5,0.2,28243.0,4.8,352.0,-2.5,-0.6,0.017,2028.0,0.5,4.0,0.5,0.3,0.001,1.06,-0.6,7.82,19.3,6.9,0.0032,7,0,2,3,71.4,24,-19,5,0.4,0.005974,999999.99,99999.99,99999.99,0.21,0.12,0.09,-1,2009-04-23 17:00:00
2009,113,18,2398,51,52,59,36,1.9,1.6,35.0,105.1,-0.3,1.3,0.9,0.8,1.4,0.2,1.0,0.5,0.3,0.7,29072.0,5.7,354.0,-3.1,-0.7,0.016,1139.0,0.2,2.0,0.2,0.3,0.001,1.27,-0.5,10.34,22.2,7.1,0.0024,3,0,3,2,71.4,28,-19,8,0.4,0.005974,999999.99,99999.99,99999.99,0.21,0.13,0.09,-1,2009-04-23 18:00:00
2009,113,19,2398,51,52,61,37,1.9,1.7,-9.6,142.0,-1.3,1.0,-0.3,1.0,0.2,0.1,0.9,0.4,0.3,0.8,30548.0,6.4,354.0,-3.4,-0.4,0.017,1364.0,0.5,2.0,0.2,0.3,0.001,1.43,-0.07,11.72,23.6,7.1,0.0021,3,0,7,2,71.4,37,-19,18,0.4,0.005974,999999.99,99999.99,99999.99,0.22,0.13,0.1,-1,2009-04-23 19:00:00
2009,113,20,2398,51,52,59,36,2.0,1.9,5.7,144.1,-1.6,1.1,0.2,0.9,0.7,0.1,0.6,0.1,0.2,0.6,29793.0,7.1,353.0,-3.8,-0.5,0.019,1244.0,0.1,1.0,0.1,0.3,0.001,1.59,-0.25,11.68,23.5,7.1,0.0022,3,0,7,2,71.4,35,-15,20,0.2,0.005974,999999.99,99999.99,99999.99,0.2,0.14,0.1,-1,2009-04-23 20:00:00
2009,113,21,2398,51,52,60,25,2.3,2.1,43.9,138.5,-1.1,1.0,1.4,0.2,1.7,0.3,0.9,0.4,0.4,0.7,26696.0,7.0,350.0,-3.7,-1.0,0.017,1274.0,0.1,1.0,0.2,0.3,0.001,1.53,-0.59,8.54,20.1,7.0,0.0029,0,0,5,0,71.4,33,-12,22,0.0,0.005974,999999.99,99999.99,99999.99,0.23,0.12,0.1,-1,2009-04-23 21:00:00
2009,113,22,2398,51,51,58,7,2.8,2.8,42.7,131.9,-1.3,1.5,1.9,0.3,2.4,0.1,0.6,0.4,0.3,0.4,22623.0,5.5,344.0,-3.7,-0.2,9.999,2446.0,0.6,3.0,1.4,0.6,9.999,1.3,-0.83,4.41,14.4,6.6,0.0057,0,0,5,0,71.4,32,-12,20,-0.1,0.005974,999999.99,99999.99,99999.99,0.23,0.13,0.1,-1,2009-04-23 22:00:00
2009,113,23,2398,51,52,58,17,2.6,2.5,37.3,145.5,-1.7,1.1,1.5,0.2,1.8,0.1,0.6,0.3,0.5,0.2,22705.0,5.8,336.0,-3.1,0.1,0.011,635.0,0.1,1.0,0.4,0.3,0.002,1.14,-0.6,5.39,15.6,6.5,0.0049,0,0,6,0,71.4,30,-13,16,-0.1,0.005974,999999.99,99999.99,99999.99,0.21,0.12,0.08,-1,2009-04-23 23:00:00
2009,114,0,2398,51,52,60,36,2.7,2.7,19.2,143.6,-2.0,1.5,0.9,0.9,1.5,0.0,0.5,0.3,0.3,0.2,23717.0,6.2,333.0,-3.7,0.0,0.013,1274.0,0.2,1.0,0.3,0.2,0.001,1.21,-0.5,5.38,15.4,6.5,0.005,23,0,8,9,70.5,30,-14,16,-0.2,0.005969,999999.99,99999.99,99999.99,0.2,0.12,0.09,-1,2009-04-24 00:00:00
2009,114,1,2398,51,52,68,40,4.7,3.9,15.9,125.1,-2.1,3.1,1.1,2.2,2.4,0.8,2.7,1.3,0.9,2.2,36620.0,11.7,358.0,-6.1,2.4,0.014,6342.0,2.5,9.0,0.9,1.5,0.003,2.64,-0.86,3.64,13.0,6.4,0.007,23,0,17,9,70.5,33,-11,22,-0.1,0.005969,999999.99,99999.99,99999.99,0.22,0.13,0.09,-1,2009-04-24 01:00:00
2009,114,2,2398,51,52,59,37,5.5,4.7,59.1,59.0,1.3,2.1,4.1,0.1,4.6,0.4,2.8,1.8,1.5,1.6,40527.0,10.5,366.0,-5.3,2.1,0.016,7186.0,1.2,7.0,1.3,1.5,0.003,2.5,-1.68,2.44,10.8,6.1,0.0102,23,0,13,9,70.5,31,-12,19,-0.2,0.005969,999999.99,99999.99,99999.99,0.24,0.14,0.1,-1,2009-04-24 02:00:00
2009,114,3,2398,51,52,59,35,5.5,5.0,57.4,12.9,2.6,0.6,4.2,-1.1,4.1,0.4,2.2,0.7,1.9,0.8,44519.0,9.3,368.0,-3.4,0.9,0.016,9979.0,0.9,5.0,1.1,1.0,0.003,2.24,-1.51,2.21,10.2,6.0,0.0114,13,0,10,5,70.5,28,-12,16,-0.5,0.005969,999999.99,99999.99,99999.99,0.32,0.16,0.12,-1,2009-04-24 03:00:00
2009,114,4,2398,51,52,60,36,4.9,4.3,58.9,32.2,1.9,1.2,3.7,-0.2,3.9,0.5,2.3,1.1,1.8,0.9,51926.0,10.0,363.0,-2.4,0.4,0.013,8454.0,0.9,4.0,0.9,1.1,0.002,2.31,-1.42,3.12,11.7,6.1,0.0087,13,0,10,5,70.5,34,-7,26,-0.3,0.005969,999999.99,99999.99,99999.99,0.22,0.11,0.09,-1,2009-04-24 04:00:00
2009,114,5,2398,51,52,60,37,4.1,2.3,40.0,261.0,-0.3,-1.7,1.5,-2.1,0.9,0.7,3.5,1.6,2.1,2.2,54430.0,10.6,359.0,-2.2,1.0,0.016,8144.0,1.1,6.0,0.9,1.4,0.002,2.43,-0.32,4.8,14.3,6.3,0.0059,13,0,8,5,70.5,86,-25,61,0.2,0.005969,999999.99,99999.99,99999.99,0.27,0.12,0.1,-1,2009-04-24 05:00:00
2009,114,6,2398,51,52,60,38,3.9,3.2,8.2,277.1,0.4,-3.1,0.5,-3.1,-0.3,0.4,2.2,1.1,0.8,1.8,49257.0,11.8,358.0,-1.9,1.6,0.015,4202.0,0.6,3.0,0.4,0.5,0.002,2.68,0.11,5.73,15.8,6.5,0.0048,17,0,6,6,70.5,204,-140,64,0.4,0.005969,999999.99,99999.99,99999.99,0.27,0.15,0.1,-1,2009-04-24 06:00:00
2009,114,7,2398,51,52,59,34,4.7,3.3,52.4,249.5,-0.7,-1.9,2.6,-2.4,2.1,0.7,3.4,2.8,1.8,0.7,52558.0,15.2,360.0,-1.6,2.5,0.014,3357.0,2.0,2.0,0.4,0.5,0.001,3.47,-0.76,5.18,14.9,6.4,0.0053,17,0,11,6,70.5,108,-59,49,0.2,0.005969,999999.99,99999.99,99999.99,0.2,0.11,0.08,-1,2009-04-24 07:00:00
2009,114,8,2398,51,52,62,39,4.3,2.6,9.3,192.4,-2.6,-0.6,0.4,-0.7,0.3,0.5,3.4,2.9,1.0,1.5,53763.0,16.6,358.0,-0.8,2.3,0.016,3411.0,0.7,5.0,0.6,0.7,0.003,3.78,-0.11,6.8,17.0,6.5,0.0041,17,0,12,6,70.5,64,-29,35,-0.1,0.005969,999999.99,99999.99,99999.99,0.22,0.13,0.1,-1,2009-04-24 08:00:00
2009,114,9,2398,51,52,62,37,5.2,4.5,38.0,318.8,2.7,-2.3,2.8,-2.8,2.4,1.1,2.7,1.4,2.1,1.0,44972.0,15.6,371.0,0.4,1.5,0.016,4053.0,2.1,5.0,0.9,0.7,0.002,3.82,-0.89,4.16,14.1,6.6,0.006,13,0,12,5,70.5,42,-9,32,-0.2,0.005969,999999.99,99999.99,99999.99,0.23,0.11,0.08,-1,2009-04-24 09:00:00
2009,114,10,2398,51,52,57,31,6.1,5.8,29.8,14.7,4.8,1.3,2.9,0.8,3.1,0.2,2.1,0.5,1.8,0.9,44490.0,15.2,376.0,0.8,0.9,0.016,2974.0,0.7,6.0,0.5,0.5,0.003,3.82,-1.17,2.94,12.0,6.4,0.0082,13,0,14,5,70.5,45,-14,31,-0.1,0.005969,999999.99,99999.99,99999.99,0.19,0.1,0.08,-1,2009-04-24 10:00:00
2009,114,11,2398,51,52,63,36,5.9,5.5,22.7,330.1,4.4,-2.5,2.1,-2.8,1.7,0.6,2.2,0.8,1.9,0.6,55020.0,13.7,366.0,1.7,1.5,0.017,12218.0,1.7,8.0,0.7,1.0,0.006,3.27,-0.62,3.0,11.5,6.1,0.009,13,0,11,5,70.5,59,-37,22,-0.1,0.005969,999999.99,99999.99,99999.99,0.25,0.11,0.08,-1,2009-04-24 11:00:00
2009,114,12,2398,51,52,54,32,3.9,3.0,25.0,48.3,1.8,2.0,1.2,1.8,1.5,1.3,2.8,2.2,1.5,0.9,104242.0,9.2,381.0,1.1,-1.1,0.038,12567.0,1.7,7.0,1.4,0.8,0.009,2.57,-0.57,5.85,14.8,6.0,0.0054,23,0,10,9,70.5,52,-28,24,0.2,0.005969,999999.99,99999.99,99999.99,0.22,0.13,0.1,-1,2009-04-24 12:00:00
2009,114,13,2398,51,52,69,41,5.9,3.7,20.4,21.2,3.3,1.3,1.3,1.0,1.5,0.8,4.6,4.1,1.3,1.7,124462.0,4.4,370.0,3.6,0.2,0.066,26426.0,0.9,12.0,1.3,1.1,0.02,1.27,-0.56,1.33,6.6,4.5,0.0275,23,0,6,9,70.5,44,-17,26,0.7,0.005969,999999.99,99999.99,99999.99,0.21,0.14,0.09,-1,2009-04-24 13:00:00
2009,114,14,2398,51,52,65,40,5.2,4.4,-4.3,135.3,-3.1,3.1,-0.3,3.1,0.4,0.4,2.8,1.5,1.8,1.5,149003.0,5.4,410.0,2.2,-2.6,0.053,12633.0,0.4,11.0,0.9,0.7,0.008,1.84,-0.16,2.3,9.2,5.3,0.0142,23,0,5,9,70.5,57,-39,18,0.9,0.005969,999999.99,99999.99,99999.99,0.25,0.13,0.09,-1,2009-04-24 14:00:00
2009,114,15,2398,51,52,55,16,7.1,7.0,-15.7,144.1,-5.4,3.9,-1.9,4.3,-0.7,0.8,1.3,0.8,0.7,0.7,114003.0,4.5,411.0,2.3,-1.0,0.043,25269.0,1.0,5.0,0.7,1.1,0.006,1.49,0.29,0.9,6.1,4.6,0.0316,13,0,8,5,70.5,71,-59,12,0.2,0.005969,999999.99,99999.99,99999.99,0.22,0.12,0.09,-1,2009-04-24 15:00:00
2009,114,16,2398,51,52,56,4,7.8,7.7,-28.5,154.2,-6.1,3.0,-3.7,4.0,-2.5,0.2,0.9,0.4,0.5,0.6,104031.0,3.7,416.0,2.2,-1.4,0.037,5865.0,0.1,7.0,0.2,1.0,0.006,1.23,1.04,0.59,5.1,4.2,0.0452,13,0,4,5,70.5,112,-89,23,0.8,0.005969,999999.99,99999.99,99999.99,0.23,0.11,0.07,-1,2009-04-24 16:00:00
2009,114,17,2398,51,52,54,3,7.8,7.8,-22.8,158.1,-6.7,2.7,-3.0,3.6,-1.8,0.3,0.7,0.3,0.5,0.3,90581.0,3.0,426.0,0.1,-1.8,0.052,12268.0,0.3,2.0,0.8,1.0,0.006,1.1,0.77,0.45,4.7,4.0,0.0532,13,0,0,5,70.5,174,-140,34,0.9,0.005969,999999.99,99999.99,99999.99,0.24,0.12,0.08,-1,2009-04-24 17:00:00
2009,114,18,2398,51,52,60,35,6.6,6.4,-22.5,153.6,-5.3,2.6,-2.4,3.4,-1.1,1.0,1.9,1.0,1.4,0.8,127094.0,4.3,411.0,4.5,0.6,0.039,46863.0,1.2,6.0,1.4,1.1,0.006,1.4,0.45,1.05,6.5,4.7,0.0285,17,0,-4,6,70.5,107,-83,24,0.9,0.005969,999999.99,99999.99,99999.99,0.23,0.13,0.09,-1,2009-04-24 18:00:00
2009,114,19,2398,51,52,64,38,5.3,4.0,7.9,118.3,-1.9,3.5,0.5,2.9,2.0,0.7,3.4,2.0,2.0,1.9,151236.0,4.1,421.0,4.4,-0.3,0.043,23502.0,0.3,16.0,1.8,1.6,0.008,1.42,-0.84,1.7,8.0,5.1,0.0184,17,0,-3,6,70.5,67,-36,31,0.7,0.005969,999999.99,99999.99,99999.99,0.23,0.12,0.09,-1,2009-04-24 19:00:00
