YEAR,DOY,Hour,Bartels_rotation_number,ID_for_IMF_spacecraft,ID_for_SW_Plasma_spacecraft,num_points_IMF_averages,num_points_Plasma_averages,Scalar_B_nT,Vector_B_Magnitude_nT,Lat_Angle_of_B_GSE,Long_Angle_of_B_GSE,BX_nT_GSE_GSM,BY_nT_GSE,BZ_nT_GSE,BY_nT_GSM,BZ_nT_GSM,RMS_magnitude_nT,RMS_field_vector_nT,RMS_BX_GSE_nT,RMS_BY_GSE_nT,RMS_BZ_GSE_nT,SW_Plasma_Temperature_K,SW_Proton_Density_N_cm3,SW_Plasma_Speed_km_s,SW_Plasma_flow_long_angle,SW_Plasma_flow_lat_angle,Alpha_Prot_ratio,sigma_T_K,sigma_n_N_cm3,sigma_V_km_s,sigma_phi_V_degrees,sigma_theta_V_degrees,sigma_ratio,Flow_pressure,E_electric_field,Plasma_Beta,Alfen_mach_number,Magnetosonic_Mach_number,Quasy_Invariant,Kp_index,R_Sunspot_No,Dst_index_nT,ap_index_nT,f10.7_index,AE_index_nT,AL_index_nT,AU_index_nT,pc_index,Lyman_alpha,Proton_flux_>1_Mev,Proton_flux_>2_Mev,Proton_flux_>4_Mev,Proton_flux_>10_Mev,Proton_flux_>30_Mev,Proton_flux_>60_Mev,Flux_FLAG,Timestamp
2000,258,11,2281,71,71,15,15,4.3,4.2,11.2,198.2,-3.9,-1.3,0.8,-0.6,1.4,0.1,0.9,0.3,0.5,0.7,9999999.0,999.9,339.0,-1.9,0.9,0.035,9999999.0,999.9,2.0,0.3,0.4,0.01,99.99,-0.47,999.99,999.9,99.9,9.9999,7,85,-17,3,152.5,65,-36,28,0.1,0.008934,2570.0,1050.0,255.0,24.3,1.56,0.68,-1,2000-09-14 11:00:00
2000,258,12,2281,71,71,15,15,4.6,4.0,5.3,178.6,-4.0,0.1,0.4,0.3,0.3,0.2,2.1,0.3,2.0,0.2,9999999.0,999.9,341.0,-1.7,1.6,0.043,9999999.0,999.9,3.0,0.6,0.3,0.011,99.99,-0.1,999.99,999.9,99.9,9.9999,7,85,-15,3,152.5,62,-33,29,0.0,0.008934,2350.0,949.0,230.0,22.1,1.39,0.61,-1,2000-09-14 12:00:00
2000,258,13,2281,71,71,15,15,4.7,4.5,3.6,143.0,-3.6,2.7,0.3,2.5,-1.1,0.3,1.0,0.7,0.6,0.4,51128.0,4.7,339.0,-2.4,1.9,0.029,3936.0,0.1,2.0,0.7,0.4,0.005,1.01,0.37,1.59,7.8,5.1,0.0195,7,85,-14,3,152.5,56,-29,27,0.5,0.008934,2090.0,846.0,206.0,20.3,1.27,0.51,-1,2000-09-14 13:00:00
2000,258,14,2281,71,71,15,15,5.0,4.7,-4.0,106.8,-1.4,4.5,-0.3,3.8,-2.4,0.3,1.4,0.9,0.6,1.0,30113.0,4.7,347.0,-1.5,2.6,0.028,4975.0,0.4,2.0,0.6,0.5,0.003,1.05,0.83,1.24,7.5,5.2,0.021,7,85,-13,3,152.5,62,-35,27,0.5,0.008934,1550.0,647.0,168.0,18.3,1.27,0.49,-1,2000-09-14 14:00:00
2000,258,15,2281,71,71,15,15,4.8,4.8,-5.9,93.9,-0.3,4.8,-0.5,4.1,-2.6,0.1,0.4,0.3,0.1,0.2,24769.0,4.6,350.0,-0.9,2.8,0.026,2044.0,0.2,2.0,0.2,0.2,0.002,1.04,0.91,1.27,7.8,5.4,0.0195,10,85,-12,4,152.5,101,-46,55,0.7,0.008934,1610.0,664.0,170.0,18.7,1.4,0.63,-1,2000-09-14 15:00:00
2000,258,16,2281,71,71,15,15,5.1,5.0,-0.8,97.9,-0.7,5.0,-0.1,4.5,-2.1,0.2,0.6,0.4,0.2,0.4,24354.0,4.6,347.0,-1.4,2.7,0.027,1367.0,0.2,2.0,0.5,0.3,0.003,1.02,0.73,1.12,7.3,5.2,0.0223,10,85,-10,4,152.5,211,-151,59,0.7,0.008934,1460.0,585.0,148.0,16.4,1.21,0.52,-1,2000-09-14 16:00:00
2000,258,17,2281,71,71,12,12,5.1,5.0,1.2,97.4,-0.6,5.0,0.1,4.7,-1.7,0.2,1.0,0.9,0.4,0.4,23592.0,4.7,344.0,-1.5,2.1,0.031,1859.0,0.2,7.0,0.5,0.8,0.006,1.04,0.58,1.14,7.3,5.2,0.0222,10,85,-10,4,152.5,267,-193,74,0.7,0.008934,1610.0,629.0,155.0,17.0,1.35,0.6,-1,2000-09-14 17:00:00
2000,258,18,2281,71,71,15,15,5.2,5.1,5.6,111.2,-1.8,4.7,0.5,4.6,-1.0,0.2,0.9,0.5,0.2,0.7,9999999.0,999.9,332.0,-1.5,0.9,0.032,9999999.0,999.9,4.0,0.5,0.6,0.004,99.99,0.33,999.99,999.9,99.9,9.9999,10,85,-13,4,152.5,232,-157,75,0.7,0.008934,1420.0,554.0,137.0,15.1,1.2,0.52,-1,2000-09-14 18:00:00
2000,258,19,2281,71,71,15,15,5.3,5.2,10.0,117.5,-2.4,4.6,0.9,4.7,-0.4,0.1,0.4,0.3,0.2,0.3,9999999.0,999.9,329.0,-2.1,1.2,0.034,9999999.0,999.9,3.0,0.3,0.4,0.005,99.99,0.13,999.99,999.9,99.9,9.9999,10,85,-14,4,152.5,149,-84,65,0.6,0.008934,1340.0,518.0,128.0,14.3,1.23,0.56,-1,2000-09-14 19:00:00
2000,258,20,2281,71,71,15,15,5.2,5.1,15.4,117.3,-2.3,4.4,1.4,4.6,0.3,0.1,0.6,0.4,0.2,0.4,9999999.0,999.9,329.0,-2.3,0.9,0.039,9999999.0,999.9,4.0,0.3,0.7,0.008,99.99,-0.1,999.99,999.9,99.9,9.9999,10,85,-14,4,152.5,91,-46,45,0.3,0.008934,1290.0,488.0,120.0,13.6,1.04,0.46,-1,2000-09-14 20:00:00
2000,258,21,2281,71,71,15,15,5.1,4.9,19.8,114.5,-1.9,4.2,1.6,4.5,0.6,0.2,1.0,0.8,0.4,0.5,9999999.0,999.9,328.0,-1.7,1.2,0.038,9999999.0,999.9,6.0,0.7,0.7,0.005,99.99,-0.2,999.99,999.9,99.9,9.9999,10,85,-14,4,152.5,158,-100,58,0.3,0.008934,1320.0,486.0,117.0,13.1,1.09,0.47,-1,2000-09-14 21:00:00
2000,258,22,2281,71,71,15,15,4.8,4.5,10.4,126.2,-2.6,3.6,0.8,3.7,0.0,0.1,1.1,0.5,0.4,0.9,9999999.0,999.9,326.0,-1.1,1.7,0.037,9999999.0,999.9,3.0,0.7,1.3,0.005,99.99,-0.0,999.99,999.9,99.9,9.9999,10,85,-15,4,152.5,103,-51,52,0.6,0.008934,1220.0,445.0,107.0,12.3,1.02,0.44,-1,2000-09-14 22:00:00
2000,258,23,2281,71,71,15,15,4.7,4.5,6.3,136.2,-3.2,3.1,0.5,3.1,-0.2,0.1,0.6,0.4,0.4,0.3,9999999.0,999.9,324.0,-0.4,2.0,0.037,9999999.0,999.9,2.0,0.5,0.6,0.007,99.99,0.06,999.99,999.9,99.9,9.9999,10,85,-18,4,152.5,83,-49,35,0.6,0.008934,1270.0,447.0,105.0,12.0,1.06,0.48,-1,2000-09-14 23:00:00
2000,259,0,2281,71,71,14,14,4.2,3.3,9.8,126.1,-1.9,2.6,0.6,2.7,0.0,0.3,2.3,1.4,1.2,1.4,9999999.0,999.9,324.0,-0.6,2.2,0.032,9999999.0,999.9,5.0,1.8,1.0,0.01,99.99,-0.0,999.99,999.9,99.9,9.9999,3,109,-17,2,161.1,72,-44,29,0.8,0.008832,1670.0,559.0,125.0,13.8,1.12,0.46,-1,2000-09-15 00:00:00
2000,259,1,2281,71,71,15,15,3.4,3.3,5.7,136.0,-2.4,2.3,0.3,2.3,-0.3,0.2,0.7,0.5,0.4,0.4,9999999.0,999.9,312.0,-2.6,3.5,0.023,9999999.0,999.9,2.0,0.4,0.3,0.004,99.99,0.09,999.99,999.9,99.9,9.9999,3,109,-15,2,161.1,48,-29,19,0.5,0.008832,1880.0,629.0,137.0,14.7,1.15,0.49,-1,2000-09-15 01:00:00
2000,259,2,2281,71,71,15,15,3.4,3.4,-13.2,157.6,-3.0,1.2,-0.8,0.9,-1.1,0.2,0.5,0.2,0.3,0.3,9999999.0,999.9,313.0,-1.9,3.5,0.022,9999999.0,999.9,2.0,0.3,0.6,0.004,99.99,0.34,999.99,999.9,99.9,9.9999,3,109,-13,2,161.1,46,-22,24,0.7,0.008832,1970.0,636.0,136.0,14.3,1.02,0.4,-1,2000-09-15 02:00:00
2000,259,3,2281,71,71,15,15,3.5,3.3,-33.9,163.1,-2.7,0.8,-1.9,0.1,-2.1,0.2,1.0,0.4,0.6,0.6,9999999.0,999.9,316.0,-1.7,4.2,0.026,9999999.0,999.9,1.0,0.5,0.5,0.004,99.99,0.66,999.99,999.9,99.9,9.9999,27,109,-10,12,161.1,83,-35,48,0.8,0.008832,1930.0,627.0,135.0,14.4,1.16,0.51,-1,2000-09-15 03:00:00
2000,259,4,2281,71,71,15,15,3.3,3.1,-19.3,187.1,-2.9,-0.4,-1.0,-0.8,-0.8,0.3,1.2,0.4,1.1,0.4,9999999.0,999.9,314.0,-1.4,4.5,0.029,9999999.0,999.9,3.0,0.7,0.3,0.007,99.99,0.25,999.99,999.9,99.9,9.9999,27,109,-3,12,161.1,133,-71,63,0.9,0.008832,1910.0,601.0,130.0,13.9,1.22,0.6,-1,2000-09-15 04:00:00
2000,259,5,2281,71,71,19,19,6.3,4.3,17.9,291.1,1.5,-3.9,1.3,-3.0,2.9,2.3,4.6,3.5,2.0,2.1,58410.0,22.9,362.0,4.1,10.0,0.042,12041.0,3.1,24.0,2.4,2.8,0.009,5.85,-1.05,4.48,13.7,6.2,0.0063,27,109,17,12,161.1,195,-103,92,1.6,0.008832,999999.99,99999.99,99999.99,99999.99,99999.99,99999.99,0,2000-09-15 05:00:00
2000,259,6,2281,71,71,15,15,9.6,9.2,18.1,277.5,1.1,-8.6,2.9,-6.2,6.6,0.6,2.6,2.1,1.2,1.0,119636.0,14.3,381.0,6.9,9.4,0.034,18099.0,1.8,9.0,0.6,0.5,0.004,3.94,-2.51,1.6,7.5,4.9,0.0211,7,109,12,3,161.1,85,-22,63,0.2,0.008832,999999.99,99999.99,99999.99,99999.99,99999.99,99999.99,0,2000-09-15 06:00:00
2000,259,7,2281,71,71,15,15,9.3,8.7,3.7,259.6,-1.6,-8.5,0.6,-7.0,4.8,0.4,2.7,2.5,0.7,0.8,100874.0,11.7,388.0,5.6,8.6,0.032,13595.0,0.8,5.0,0.6,1.1,0.002,3.32,-1.86,1.29,7.1,4.9,0.0234,7,109,7,3,161.1,61,-13,47,-0.1,0.008832,999999.99,99999.99,99999.99,99999.99,99999.99,99999.99,0,2000-09-15 07:00:00
2000,259,8,2281,71,71,14,14,8.4,8.2,19.8,294.2,3.2,-7.0,2.8,-4.4,6.1,0.4,1.7,1.1,1.0,0.8,63419.0,15.0,376.0,6.9,8.4,0.041,8778.0,2.2,5.0,0.7,0.3,0.01,4.12,-2.29,1.7,8.7,5.5,0.0158,7,109,7,3,161.1,61,-11,50,-0.2,0.008832,999999.99,99999.99,99999.99,99999.99,99999.99,99999.99,0,2000-09-15 08:00:00
2000,259,9,2281,71,71,15,15,8.5,8.5,19.1,286.1,2.2,-7.7,2.8,-4.9,6.6,0.4,0.8,0.4,0.4,0.4,63680.0,12.7,367.0,6.5,7.8,0.047,5246.0,1.2,3.0,0.6,0.3,0.005,3.39,-2.42,1.4,7.7,5.2,0.0201,10,109,6,4,161.1,43,-17,26,-0.5,0.008832,999999.99,99999.99,99999.99,99999.99,99999.99,99999.99,0,2000-09-15 09:00:00
2000,259,10,2281,71,71,15,15,7.9,7.7,15.7,289.5,2.5,-7.0,2.1,-4.7,5.6,1.1,1.5,0.4,0.9,1.2,74380.0,11.5,369.0,6.3,7.5,0.027,14913.0,1.1,2.0,0.2,0.8,0.005,2.9,-2.07,1.55,7.9,5.2,0.019,10,109,10,4,161.1,47,-16,30,-0.6,0.008832,999999.99,99999.99,99999.99,99999.99,99999.99,99999.99,0,2000-09-15 10:00:00
2000,259,11,2281,71,71,15,15,5.2,4.8,-3.9,304.4,2.7,-4.0,-0.3,-3.5,2.0,0.7,1.8,0.7,1.2,1.1,46375.0,12.3,360.0,5.8,6.6,0.027,4258.0,0.7,4.0,1.6,0.6,0.003,2.95,-0.72,3.31,12.1,6.2,0.0081,10,109,14,4,161.1,47,-18,29,-0.3,0.008832,1260.0,475.0,118.0,13.0,1.02,0.48,-1,2000-09-15 11:00:00
2000,259,12,2281,71,71,15,15,5.2,5.0,-1.2,323.1,4.0,-3.0,-0.1,-2.6,1.5,0.1,1.2,0.4,0.8,0.8,56591.0,11.3,357.0,3.5,6.7,0.035,4555.0,0.9,1.0,0.3,0.4,0.009,2.74,-0.54,3.22,11.5,5.9,0.0089,10,109,15,4,161.1,49,-19,29,-0.0,0.008832,1200.0,447.0,110.0,12.4,0.95,0.41,-1,2000-09-15 12:00:00
2000,259,13,2281,71,71,16,16,6.3,5.5,-4.4,292.3,2.1,-5.1,-0.4,-4.6,2.3,1.1,3.1,1.3,2.4,1.5,46468.0,12.2,377.0,4.0,6.0,0.021,5640.0,1.1,11.0,0.7,0.5,0.004,3.14,-0.87,2.24,10.5,6.1,0.0109,10,109,14,4,161.1,42,-17,25,0.5,0.008832,1260.0,495.0,124.0,13.8,1.15,0.52,-1,2000-09-15 13:00:00
2000,259,14,2281,71,71,16,16,6.3,6.1,-11.4,301.3,3.1,-5.1,-1.2,-5.0,1.4,0.7,1.4,0.5,1.0,0.8,45951.0,13.4,388.0,4.0,3.6,0.034,6902.0,1.0,7.0,0.7,0.8,0.011,3.83,-0.54,2.45,11.3,6.4,0.0094,10,109,11,4,161.1,51,-30,22,1.6,0.008832,1280.0,510.0,128.0,13.5,0.94,0.43,-1,2000-09-15 14:00:00
2000,259,15,2281,71,71,14,14,7.1,6.1,-6.5,285.1,1.6,-5.8,-0.7,-5.5,2.0,0.2,3.4,2.5,1.5,1.7,103469.0,12.4,402.0,2.8,1.2,0.03,21205.0,1.5,11.0,1.0,0.7,0.004,3.75,-0.8,2.37,10.0,5.7,0.012,17,109,10,6,161.1,113,-72,41,2.2,0.008832,1230.0,488.0,121.0,12.8,0.92,0.42,-1,2000-09-15 15:00:00
2000,259,16,2281,71,71,15,15,6.3,5.7,24.0,339.0,4.9,-1.9,2.3,-0.8,2.9,0.4,2.3,0.9,2.1,0.5,131529.0,11.7,383.0,4.7,1.1,0.036,16706.0,0.8,3.0,0.6,0.5,0.004,3.28,-1.11,3.19,10.4,5.4,0.011,17,109,10,6,161.1,79,-65,15,0.2,0.008832,1000.0,382.0,92.2,9.79,0.85,0.41,-1,2000-09-15 16:00:00
2000,259,17,2281,71,71,15,15,6.1,5.8,25.1,331.4,4.6,-2.5,2.5,-1.4,3.2,0.2,1.6,0.8,1.2,0.6,136599.0,11.0,377.0,4.4,-0.2,0.03,14572.0,0.7,3.0,0.7,0.4,0.001,2.92,-1.21,3.26,10.2,5.2,0.0113,17,109,10,6,161.1,44,-32,12,-0.1,0.008832,906.0,340.0,81.2,8.98,0.81,0.41,-1,2000-09-15 17:00:00
2000,259,18,2281,71,71,14,14,5.8,5.4,16.6,317.7,3.9,-3.5,1.6,-2.8,2.6,0.3,1.6,0.5,0.8,1.3,125904.0,11.5,373.0,2.9,-0.3,0.039,9381.0,0.8,3.0,0.8,0.3,0.004,3.09,-0.97,3.62,10.9,5.4,0.01,33,109,11,18,161.1,45,-28,17,-0.1,0.008832,992.0,373.0,87.5,9.06,0.71,0.31,-1,2000-09-15 18:00:00
2000,259,19,2281,71,71,16,16,7.4,6.8,-31.8,295.1,2.5,-5.2,-3.6,-6.0,-2.0,1.4,3.0,0.9,2.0,2.0,72592.0,19.4,383.0,0.2,-0.3,0.035,16203.0,6.7,9.0,1.5,0.6,0.006,5.42,0.77,2.96,11.4,6.0,0.0092,33,109,20,18,161.1,143,-66,78,1.1,0.008832,1100.0,426.0,101.0,10.4,0.74,0.31,-1,2000-09-15 19:00:00
2000,259,20,2281,71,71,14,14,10.4,10.0,-87.3,327.0,0.4,-0.3,-9.9,-2.8,-9.5,1.2,2.8,0.9,2.3,1.3,57424.0,20.3,377.0,-2.8,1.4,0.024,11586.0,2.8,4.0,0.7,0.9,0.007,5.28,3.58,1.45,8.2,5.4,0.0178,33,109,11,18,161.1,336,-161,176,2.0,0.008832,575.0,218.0,52.2,6.17,0.53,0.26,-1,2000-09-15 20:00:00
2000,259,21,2281,71,71,15,15,9.6,8.5,-15.8,114.1,-3.3,7.4,-2.3,6.7,-3.9,0.7,3.9,0.7,1.7,3.5,63286.0,19.7,371.0,-2.9,1.6,0.033,27992.0,2.7,9.0,2.5,1.0,0.008,5.13,1.45,1.7,8.6,5.5,0.0162,50,109,-7,48,161.1,755,-489,266,4.5,0.008832,896.0,333.0,74.6,7.89,0.6,0.28,-1,2000-09-15 21:00:00
2000,259,22,2281,71,71,15,15,8.2,7.4,-39.1,103.4,-1.3,5.6,-4.6,4.4,-5.7,0.6,2.8,0.9,1.8,1.9,97897.0,19.6,378.0,-0.5,1.7,0.034,7571.0,2.0,3.0,0.4,1.2,0.004,5.31,2.15,2.74,10.2,5.6,0.0114,50,109,-11,48,161.1,409,-204,206,2.7,0.008832,549.0,187.0,42.5,5.01,0.53,0.3,-1,2000-09-15 22:00:00
2000,259,23,2281,71,71,14,14,8.1,7.5,-34.5,108.2,-1.9,5.8,-4.2,4.7,-5.4,1.3,2.8,0.6,0.8,2.6,75078.0,19.1,372.0,-1.2,3.7,0.032,6124.0,2.5,3.0,0.4,0.4,0.003,4.98,2.01,2.46,10.0,5.7,0.0118,50,109,-21,48,161.1,536,-272,264,4.2,0.008832,642.0,221.0,48.5,5.5,0.58,0.31,-1,2000-09-15 23:00:00
2000,260,0,2281,71,71,15,15,6.6,6.2,-43.3,110.8,-1.6,4.2,-4.2,3.1,-5.1,0.7,2.0,1.0,1.0,1.4,58421.0,19.6,363.0,-0.3,5.3,0.027,6368.0,1.9,4.0,0.7,1.0,0.005,4.78,1.85,3.5,12.2,6.1,0.008,37,121,-34,22,176.4,529,-287,242,3.8,0.008571,669.0,241.0,53.4,5.71,0.59,0.32,-1,2000-09-16 00:00:00
2000,260,1,2281,71,71,15,15,5.3,4.4,-27.2,104.9,-1.0,3.8,-2.0,3.1,-2.9,1.4,2.9,1.1,1.6,2.1,46290.0,21.2,358.0,0.4,5.9,0.014,5089.0,2.5,4.0,0.7,0.5,0.005,4.79,1.04,5.48,15.6,6.5,0.0049,37,121,-38,22,176.4,449,-265,183,3.2,0.008571,707.0,260.0,57.2,5.81,0.6,0.35,-1,2000-09-16 01:00:00
2000,260,2,2281,71,71,15,15,7.9,5.8,12.6,116.7,-2.6,5.1,1.3,5.3,-0.3,0.4,5.1,1.7,2.3,4.3,93640.0,11.5,356.0,-0.1,1.6,0.03,19248.0,2.0,3.0,0.9,2.9,0.005,2.73,0.11,1.7,7.6,4.9,0.0204,37,121,-39,22,176.4,383,-196,187,3.0,0.008571,627.0,215.0,46.6,5.12,0.56,0.3,-1,2000-09-16 02:00:00
2000,260,3,2281,71,71,15,15,6.6,0.8,36.4,128.2,-0.4,0.5,0.5,0.6,0.3,0.8,6.4,1.7,5.3,3.1,114893.0,10.8,360.0,1.1,1.5,0.043,5062.0,0.6,3.0,0.9,1.1,0.009,2.74,-0.11,2.51,9.0,5.0,0.0148,30,121,-33,15,176.4,222,-96,126,1.9,0.008571,663.0,217.0,45.5,4.9,0.49,0.25,-1,2000-09-16 03:00:00
2000,260,4,2281,71,71,15,15,5.5,1.9,84.5,206.5,-0.2,-0.1,1.9,0.6,1.8,1.8,5.3,1.2,4.5,2.4,124052.0,13.8,367.0,2.6,0.4,0.039,6673.0,1.7,6.0,1.1,0.9,0.004,3.59,-0.66,4.79,12.4,5.5,0.0077,30,121,-23,15,176.4,124,-50,74,1.4,0.008571,515.0,167.0,34.7,3.99,0.53,0.31,-1,2000-09-16 04:00:00
2000,260,5,2281,71,71,16,16,8.1,7.7,28.4,77.3,1.5,6.6,3.7,7.6,0.5,0.4,2.1,1.4,1.0,1.2,119074.0,16.7,379.0,2.8,0.6,0.037,5831.0,1.1,4.0,0.5,0.6,0.003,4.6,-0.19,2.62,9.6,5.3,0.013,30,121,-18,15,176.4,99,-27,72,2.1,0.008571,510.0,164.0,34.9,4.08,0.53,0.3,-1,2000-09-16 05:00:00
2000,260,6,2281,71,71,14,14,8.3,8.2,34.9,81.6,1.0,6.7,4.7,8.1,1.0,0.3,1.1,0.5,0.7,0.8,120989.0,14.7,378.0,2.1,0.4,0.037,5120.0,0.8,3.0,0.3,0.5,0.004,4.03,-0.38,2.21,8.7,5.1,0.0156,27,121,-19,12,176.4,134,-55,78,2.4,0.008571,499.0,159.0,33.7,4.07,0.53,0.3,-1,2000-09-16 06:00:00
2000,260,7,2281,71,71,16,16,8.2,7.6,20.6,70.7,2.4,6.8,2.7,7.2,-1.1,0.4,2.4,1.3,1.1,1.7,103993.0,14.9,375.0,1.6,1.0,0.046,13294.0,2.1,3.0,0.6,0.9,0.003,4.14,0.41,2.14,8.8,5.2,0.0153,27,121,-20,12,176.4,272,-123,149,2.6,0.008571,454.0,143.0,30.5,4.0,0.55,0.32,-1,2000-09-16 07:00:00
2000,260,8,2281,71,71,15,15,8.5,8.2,38.6,50.0,4.1,4.9,5.1,6.9,1.7,0.1,1.7,0.8,0.7,1.3,82545.0,15.3,376.0,0.9,0.8,0.046,6994.0,1.0,3.0,0.3,0.6,0.006,4.28,-0.64,1.86,8.7,5.4,0.0159,27,121,-16,12,176.4,379,-212,167,2.8,0.008571,402.0,126.0,27.3,3.91,0.6,0.36,-1,2000-09-16 08:00:00
2000,260,9,2281,71,71,14,14,7.9,6.9,25.8,79.1,1.2,6.1,3.0,6.7,-0.8,0.2,3.6,1.9,2.0,2.3,94851.0,14.7,371.0,0.5,1.4,0.036,6055.0,0.6,5.0,0.7,0.6,0.005,3.87,0.3,2.19,9.0,5.3,0.0147,33,121,-10,18,176.4,165,-70,95,2.0,0.008571,384.0,122.0,27.0,4.19,0.61,0.33,-1,2000-09-16 09:00:00
2000,260,10,2281,71,71,16,16,8.0,7.3,-7.8,68.0,2.7,6.7,-1.0,5.0,-4.6,0.2,3.0,2.1,1.3,1.7,81831.0,15.1,371.0,-0.3,2.2,0.04,10853.0,1.1,4.0,0.4,0.8,0.007,4.03,1.71,2.06,9.0,5.4,0.0147,33,121,-7,18,176.4,209,-65,145,2.6,0.008571,356.0,117.0,26.7,4.26,0.58,0.3,-1,2000-09-16 10:00:00
2000,260,11,2281,71,71,14,14,7.6,7.1,-1.3,43.5,5.2,4.9,-0.2,4.0,-2.9,0.5,2.4,1.6,0.7,1.7,73906.0,16.1,372.0,-0.3,0.5,0.042,7723.0,1.2,5.0,0.5,0.6,0.005,4.35,1.08,2.35,9.8,5.6,0.0123,33,121,-5,18,176.4,643,-423,220,2.8,0.008571,340.0,113.0,25.7,4.13,0.6,0.32,-1,2000-09-16 11:00:00
2000,260,12,2281,71,71,15,15,7.4,7.1,-58.8,23.7,3.4,1.5,-6.1,-2.0,-5.9,0.6,2.0,1.1,1.3,1.2,71343.0,12.4,360.0,-0.3,1.8,0.043,5906.0,1.2,4.0,0.3,0.5,0.004,3.15,2.12,1.88,8.6,5.3,0.0162,30,121,-9,15,176.4,578,-389,188,2.8,0.008571,332.0,111.0,26.1,4.25,0.63,0.34,-1,2000-09-16 12:00:00
2000,260,13,2281,71,71,14,14,6.7,5.4,-26.2,77.5,1.0,4.7,-2.4,2.8,-4.5,0.4,3.5,2.0,1.5,2.5,75904.0,13.0,354.0,-2.5,1.1,0.04,6849.0,1.2,2.0,0.6,0.6,0.003,3.16,1.59,2.46,9.5,5.4,0.0131,30,121,-18,15,176.4,512,-359,153,2.5,0.008571,333.0,110.0,25.4,4.07,0.56,0.3,-1,2000-09-16 13:00:00
2000,260,14,2281,71,71,16,16,5.9,4.2,-49.3,124.9,-1.6,2.2,-3.2,0.4,-3.9,0.6,4.0,1.1,3.2,2.1,83002.0,11.1,349.0,-1.4,2.3,0.038,3696.0,1.2,2.0,0.5,0.6,0.003,2.6,1.36,2.8,9.9,5.3,0.0122,30,121,-26,15,176.4,550,-316,235,2.5,0.008571,310.0,105.0,24.3,4.01,0.56,0.31,-1,2000-09-16 14:00:00
2000,260,15,2281,71,71,14,14,6.0,5.5,-72.8,255.2,-0.4,-1.6,-5.2,-3.8,-3.9,0.3,2.1,0.8,1.8,0.9,74592.0,10.7,350.0,-1.6,3.2,0.045,5666.0,0.6,1.0,0.4,1.1,0.004,2.58,1.36,2.51,9.5,5.4,0.0131,37,121,-25,22,176.4,457,-257,200,1.9,0.008571,301.0,104.0,24.7,4.12,0.57,0.31,-1,2000-09-16 15:00:00
2000,260,16,2281,71,71,16,16,5.7,4.7,-78.4,52.1,0.6,0.8,-4.6,-1.1,-4.5,0.3,2.9,2.6,0.9,0.8,76296.0,11.0,353.0,-1.5,3.5,0.043,3926.0,0.7,3.0,0.1,0.4,0.003,2.68,1.59,2.88,10.3,5.5,0.0113,37,121,-25,22,176.4,524,-287,237,1.8,0.008571,256.0,93.0,23.2,3.93,0.56,0.31,-1,2000-09-16 16:00:00
2000,260,17,2281,71,71,15,15,6.3,5.8,-6.7,105.8,-1.6,5.5,-0.7,4.9,-2.6,0.4,2.5,1.1,0.6,2.2,73630.0,11.4,357.0,-2.5,3.4,0.047,2743.0,0.5,3.0,0.5,0.3,0.002,2.88,0.93,2.41,9.6,5.4,0.013,37,121,-27,22,176.4,528,-223,305,2.2,0.008571,213.0,83.1,21.7,3.8,0.57,0.33,-1,2000-09-16 17:00:00
2000,260,18,2281,71,71,15,15,6.9,6.3,-22.1,110.3,-2.0,5.5,-2.4,4.5,-4.0,0.9,2.7,1.2,0.7,2.3,73638.0,13.2,357.0,-3.9,3.3,0.042,2193.0,1.1,4.0,0.6,0.6,0.004,3.28,1.43,2.33,9.4,5.4,0.0135,43,121,-21,32,176.4,479,-220,259,2.3,0.008571,223.0,86.8,22.4,3.69,0.52,0.29,-1,2000-09-16 18:00:00
2000,260,19,2281,71,71,16,16,10.2,8.0,22.1,99.3,-1.2,7.3,3.0,7.8,0.8,1.2,6.2,1.8,2.1,5.5,78364.0,16.2,378.0,-5.3,1.2,0.022,4575.0,2.4,7.0,0.8,1.3,0.005,4.21,-0.3,1.34,7.5,5.1,0.0214,43,121,-23,32,176.4,552,-306,246,1.8,0.008571,235.0,90.0,22.5,3.59,0.52,0.31,-1,2000-09-16 19:00:00
2000,260,20,2281,71,71,15,15,12.5,11.1,-38.9,105.3,-2.3,8.3,-7.0,6.3,-8.9,1.4,5.7,0.3,2.8,4.9,70588.0,19.6,388.0,-6.2,-0.8,0.03,4263.0,4.4,3.0,0.9,1.0,0.003,5.52,3.45,1.04,6.9,5.0,0.0252,43,121,-19,32,176.4,397,-203,193,2.5,0.008571,238.0,91.1,21.7,3.37,0.49,0.29,-1,2000-09-16 20:00:00
2000,260,21,2281,71,71,15,15,16.5,16.2,-72.1,127.5,-3.0,3.9,-15.4,0.2,-15.9,0.6,3.0,1.3,2.5,1.1,63433.0,11.4,392.0,-5.6,1.7,0.031,3650.0,1.6,5.0,0.8,0.9,0.004,3.29,6.23,0.33,4.0,3.5,0.0739,63,121,-36,94,176.4,1009,-702,308,7.1,0.008571,192.0,77.1,19.2,3.17,0.51,0.32,-1,2000-09-16 21:00:00
2000,260,22,2281,71,71,16,16,14.7,12.0,-54.9,257.1,-1.5,-6.7,-9.8,-8.7,-8.1,1.2,8.3,2.8,5.1,5.9,71911.0,15.3,389.0,-2.4,1.1,0.027,9415.0,4.0,6.0,1.7,1.3,0.006,4.28,3.15,0.59,5.2,4.2,0.0444,63,121,-59,94,176.4,791,-646,145,6.7,0.008571,181.0,74.7,18.5,2.96,0.49,0.3,-1,2000-09-16 22:00:00
2000,260,23,2281,71,71,15,15,14.3,7.7,9.7,124.7,-4.3,6.2,1.3,6.3,-0.1,1.8,12.0,2.1,11.2,3.7,79093.0,13.0,401.0,-2.6,-2.3,0.052,20105.0,5.9,4.0,1.1,1.3,0.02,4.22,0.04,0.55,5.1,4.2,0.0465,63,121,-68,94,176.4,501,-234,268,2.0,0.008571,210.0,88.7,22.3,3.17,0.45,0.28,-1,2000-09-16 23:00:00
2000,261,0,2281,71,71,16,16,11.0,7.9,-14.0,101.7,-1.5,7.5,-1.9,6.8,-3.7,5.3,9.1,2.1,8.6,1.9,89558.0,18.5,416.0,-0.2,-3.8,0.082,7650.0,16.1,10.0,2.5,2.5,0.041,7.1,1.54,1.39,8.1,5.5,0.018,47,154,-52,39,183.2,402,-132,270,3.7,0.008284,284.0,113.0,26.7,3.56,0.53,0.33,-1,2000-09-17 00:00:00
2000,261,1,2281,71,71,15,15,5.8,4.7,-24.6,279.2,0.7,-4.2,-2.0,-4.6,-0.8,1.3,3.1,2.3,1.6,1.4,64800.0,29.9,428.0,2.4,-0.4,0.036,9037.0,4.0,3.0,0.5,0.3,0.005,10.46,0.34,7.14,20.2,7.5,0.0029,47,154,-33,39,183.2,578,-402,176,4.2,0.008284,492.0,170.0,36.8,4.49,0.56,0.34,-1,2000-09-17 01:00:00
2000,261,2,2281,71,71,15,15,11.5,10.4,-54.1,290.8,2.2,-5.7,-8.4,-8.0,-6.3,1.2,4.6,2.6,3.2,2.1,72971.0,15.1,424.0,1.7,0.1,0.029,14278.0,4.9,7.0,1.0,1.6,0.004,5.06,2.67,0.96,7.2,5.3,0.0232,47,154,-47,39,183.2,431,-265,166,2.9,0.008284,771.0,269.0,55.2,5.64,0.55,0.34,-1,2000-09-17 02:00:00
2000,261,3,2281,71,71,15,15,12.7,12.4,-11.7,304.7,6.9,-9.9,-2.5,-10.2,1.1,1.0,2.1,0.6,0.7,1.8,172073.0,5.5,444.0,2.1,-2.7,0.038,48871.0,1.2,8.0,1.0,3.3,0.009,2.09,-0.49,0.43,4.1,3.5,0.0708,40,154,-60,27,183.2,372,-253,119,2.0,0.008284,806.0,282.0,54.4,5.29,0.5,0.29,-1,2000-09-17 03:00:00
2000,261,4,2281,71,71,15,15,10.8,10.4,9.0,311.5,6.8,-7.7,1.6,-6.5,4.5,0.4,2.1,1.2,0.9,1.4,197838.0,5.3,445.0,2.6,-1.0,0.042,16234.0,0.5,8.0,1.0,2.2,0.006,2.05,-2.0,0.62,4.7,3.8,0.0529,40,154,-44,27,183.2,235,-119,116,2.5,0.008284,677.0,241.0,46.4,5.05,0.56,0.34,-1,2000-09-17 04:00:00
2000,261,5,2281,71,71,16,16,10.3,9.7,-9.1,310.3,6.2,-7.3,-1.5,-7.2,1.8,0.3,3.0,1.0,1.3,2.5,215008.0,5.8,459.0,1.8,0.2,0.035,12402.0,0.5,7.0,1.1,1.6,0.008,2.33,-0.83,0.78,5.4,4.1,0.0413,40,154,-35,27,183.2,95,-18,77,1.0,0.008284,1170.0,339.0,54.8,6.22,1.09,0.77,-1,2000-09-17 05:00:00
2000,261,6,2281,71,71,15,15,8.9,7.9,-18.2,315.7,5.4,-5.2,-2.5,-5.8,0.2,0.6,3.5,2.2,1.3,2.4,210990.0,5.5,484.0,0.9,-0.7,0.031,26182.0,0.6,19.0,1.5,1.9,0.009,2.42,-0.1,0.98,6.4,4.7,0.0292,23,154,-34,9,183.2,150,-49,102,1.1,0.008284,957.0,266.0,46.6,4.75,0.5,0.29,-1,2000-09-17 06:00:00
2000,261,7,2281,71,71,16,16,7.0,5.8,-13.3,329.8,4.8,-2.8,-1.3,-3.1,0.3,0.6,3.7,2.1,2.5,1.7,224807.0,5.0,492.0,0.2,-0.0,0.041,31715.0,1.8,18.0,3.3,1.3,0.007,2.35,-0.15,1.5,7.9,5.2,0.0193,23,154,-42,9,183.2,182,-68,114,1.2,0.008284,1020.0,271.0,47.2,4.64,0.53,0.34,-1,2000-09-17 07:00:00
2000,261,8,2281,71,71,16,16,6.5,4.9,58.3,251.6,-0.8,-2.4,4.1,0.1,4.7,0.4,3.7,2.4,2.2,1.8,191308.0,4.0,546.0,-0.2,3.6,0.043,22527.0,0.3,20.0,2.0,1.0,0.007,2.33,-2.57,1.26,8.4,5.8,0.0169,23,154,-45,9,183.2,162,-45,117,0.8,0.008284,1040.0,285.0,49.0,4.7,0.51,0.3,-1,2000-09-17 08:00:00
2000,261,9,2281,71,71,15,15,7.9,6.7,-7.8,283.9,1.6,-6.5,-0.9,-5.9,2.8,0.5,3.6,0.7,1.5,3.2,142481.0,3.6,530.0,-2.8,-0.4,0.032,19174.0,0.4,6.0,1.6,2.5,0.004,1.9,-1.48,0.65,6.4,5.1,0.0294,30,154,-39,15,183.2,126,-37,89,0.4,0.008284,1270.0,355.0,55.5,4.58,0.45,0.28,-1,2000-09-17 09:00:00
2000,261,10,2281,71,71,15,15,8.4,7.6,-15.5,277.9,1.0,-7.2,-2.0,-7.1,2.3,0.5,3.1,0.9,1.9,2.2,113905.0,3.6,544.0,-2.3,-1.4,0.038,17018.0,0.5,9.0,1.8,1.9,0.007,2.05,-1.25,0.51,6.1,5.1,0.0315,30,154,-35,15,183.2,170,-82,87,0.1,0.008284,1820.0,499.0,73.2,5.13,0.5,0.3,-1,2000-09-17 10:00:00
2000,261,11,2281,71,71,15,15,6.5,4.5,1.4,326.2,3.7,-2.5,0.1,-2.0,1.5,0.7,4.6,2.0,2.7,3.2,248862.0,4.6,521.0,2.8,-0.8,0.047,48633.0,0.7,13.0,1.7,2.1,0.006,2.48,-0.78,1.71,8.6,5.5,0.0161,30,154,-31,15,183.2,307,-148,159,2.2,0.008284,2610.0,740.0,103.0,5.69,0.44,0.26,-1,2000-09-17 11:00:00
2000,261,12,2281,71,71,15,15,6.2,5.8,-71.8,32.9,1.5,1.0,-5.5,-2.1,-5.2,0.2,1.9,1.5,1.0,0.5,175038.0,4.3,541.0,5.4,-6.0,0.051,18117.0,0.2,9.0,0.7,0.5,0.006,2.53,2.81,1.41,9.0,6.1,0.0145,40,154,-29,27,183.2,383,-218,165,3.0,0.008284,1810.0,526.0,78.4,4.87,0.42,0.27,-1,2000-09-17 12:00:00
2000,261,13,2281,71,71,15,15,6.7,6.0,-53.9,268.0,-0.1,-3.5,-4.9,-5.5,-2.4,0.2,2.3,0.7,1.7,1.3,119037.0,3.8,546.0,2.1,-5.0,0.04,7177.0,0.4,8.0,1.4,1.6,0.005,2.19,1.31,0.87,7.9,6.0,0.0189,40,154,-29,27,183.2,873,-524,349,4.7,0.008284,1730.0,471.0,66.4,4.38,0.43,0.26,-1,2000-09-17 13:00:00
2000,261,14,2281,71,71,15,15,5.4,3.8,-28.4,283.6,0.8,-3.3,-1.8,-3.8,0.0,1.3,3.8,1.1,2.7,2.5,155912.0,6.4,543.0,2.7,-2.8,0.038,21208.0,2.8,4.0,1.6,1.0,0.005,3.63,-0.0,2.6,12.7,7.1,0.0074,40,154,-28,27,183.2,390,-233,158,4.3,0.008284,1670.0,428.0,60.7,4.15,0.43,0.28,-1,2000-09-17 14:00:00
2000,261,15,2281,71,71,15,15,6.0,3.3,53.8,317.7,1.5,-1.3,2.7,0.0,3.0,2.0,5.1,1.9,4.0,2.5,198311.0,9.6,541.0,3.4,-1.5,0.037,17726.0,2.2,6.0,2.0,0.4,0.006,5.39,-1.62,3.62,14.0,6.9,0.0061,47,154,-18,39,183.2,173,-84,89,0.6,0.008284,1360.0,362.0,53.0,3.9,0.43,0.27,-1,2000-09-17 15:00:00
2000,261,16,2281,71,71,17,17,16.9,11.2,17.6,301.6,5.6,-9.1,3.4,-6.9,6.8,6.2,13.7,6.1,11.3,4.9,170286.0,12.5,601.0,-2.5,-1.4,0.041,58328.0,4.1,21.0,2.9,2.7,0.011,8.78,-4.09,0.54,6.3,5.2,0.0301,47,154,-1,39,183.2,357,-282,75,3.4,0.008284,2610.0,532.0,62.1,3.76,0.41,0.25,-1,2000-09-17 16:00:00
2000,261,17,2281,71,71,14,14,25.3,22.0,44.0,302.5,8.5,-13.3,15.3,-6.9,19.1,7.0,13.3,7.6,2.9,10.6,381364.0,12.2,666.0,1.2,7.4,0.046,211067.0,2.5,41.0,4.8,4.5,0.014,10.7,-12.72,0.4,4.6,4.0,0.0563,47,154,16,39,183.2,215,-91,124,1.2,0.008284,2020.0,381.0,43.4,3.07,0.42,0.27,-1,2000-09-17 17:00:00
2000,261,18,2281,71,71,16,16,30.0,26.0,57.3,318.2,10.5,-9.4,21.8,-2.0,23.7,2.3,13.5,6.9,5.7,10.1,623526.0,11.5,687.0,7.3,6.7,0.061,108280.0,2.0,54.0,4.1,1.7,0.031,11.28,-16.28,0.4,3.9,3.3,0.0789,53,154,19,56,183.2,165,-59,106,-1.5,0.008284,836.0,181.0,23.4,2.18,0.38,0.26,-1,2000-09-17 18:00:00
2000,261,19,2281,71,71,15,15,25.0,16.9,26.6,312.7,10.2,-11.1,7.6,-8.5,10.4,4.1,17.9,5.0,8.3,15.0,769105.0,14.1,696.0,4.7,1.5,0.045,116052.0,3.9,23.0,2.3,1.7,0.014,13.46,-7.24,0.84,5.2,4.0,0.0435,53,154,28,56,183.2,310,-145,165,0.1,0.008284,587.0,131.0,17.3,1.9,0.39,0.27,-1,2000-09-17 19:00:00
2000,261,20,2281,71,71,14,14,15.6,14.4,-42.5,314.4,7.5,-7.6,-9.7,-9.8,-7.5,1.9,4.5,2.0,3.6,1.9,494141.0,17.8,642.0,1.3,-0.7,0.05,89331.0,4.1,22.0,1.3,1.6,0.01,14.7,4.82,1.89,8.7,5.3,0.0158,53,154,-4,56,183.2,752,-417,335,4.1,0.008284,706.0,154.0,20.4,2.06,0.39,0.27,-1,2000-09-17 20:00:00
2000,261,21,2281,71,71,16,16,28.1,25.1,-66.5,42.3,7.4,6.7,-23.0,1.2,-23.9,4.3,10.1,5.4,7.4,4.4,313355.0,32.4,625.0,3.8,-2.1,0.08,59355.0,3.6,22.0,2.2,1.3,0.029,27.9,14.94,0.75,6.3,4.9,0.0297,83,154,-61,236,183.2,896,-1077,-181,14.6,0.008284,579.0,133.0,18.6,2.0,0.4,0.27,-1,2000-09-17 21:00:00
2000,261,22,2281,71,71,17,17,24.9,11.7,-59.9,169.2,-5.8,1.1,-10.2,-1.2,-10.2,4.9,20.5,6.8,11.3,15.7,850933.0,13.1,749.0,0.1,6.4,0.107,127848.0,6.8,51.0,3.4,4.8,0.048,17.53,7.64,0.86,5.4,4.1,0.0401,83,154,-171,236,183.2,1013,-961,52,10.8,0.008284,599.0,110.0,14.3,1.66,0.39,0.28,-1,2000-09-17 22:00:00
2000,261,23,2281,71,71,14,14,27.5,8.5,-43.5,151.3,-5.4,3.0,-5.8,1.6,-6.3,5.0,25.9,19.0,14.6,10.0,673861.0,11.3,795.0,0.2,4.4,0.08,262509.0,2.4,8.0,1.8,4.6,0.027,15.74,5.01,0.5,4.9,4.1,0.0504,83,154,-201,236,183.2,657,-537,119,5.0,0.008284,358.0,64.8,8.43,1.16,0.35,0.25,-1,2000-09-17 23:00:00
2000,262,0,2281,71,71,16,16,39.5,38.6,21.0,35.4,29.4,20.9,13.8,23.6,8.3,1.0,7.9,1.2,5.5,5.6,127228.0,10.2,840.0,-3.0,-1.0,0.099,30116.0,4.3,25.0,0.8,1.7,0.023,16.78,-6.97,0.07,3.4,3.3,0.1031,77,159,-193,179,205.7,858,-309,549,8.1,0.008297,221.0,38.8,5.35,0.93,0.32,0.23,-1,2000-09-18 00:00:00
2000,262,1,2281,71,71,15,15,34.8,33.9,39.7,357.0,26.1,-1.4,21.7,4.5,21.3,1.0,7.1,2.7,6.3,1.8,228502.0,8.3,836.0,1.0,-4.9,0.116,60247.0,2.9,21.0,1.8,1.1,0.016,14.18,-17.81,0.1,3.5,3.3,0.0993,77,159,-182,179,205.7,476,-199,277,3.3,0.008297,129.0,27.4,3.87,0.75,0.28,0.2,-1,2000-09-18 01:00:00
2000,262,2,2281,71,71,14,14,31.1,30.5,34.5,316.4,18.2,-17.3,17.3,-11.2,21.7,1.1,5.6,3.3,2.7,3.6,290706.0,7.6,780.0,5.5,-3.2,0.128,41237.0,1.4,13.0,0.5,1.0,0.022,11.68,-16.93,0.14,3.5,3.3,0.0995,77,159,-160,179,205.7,159,-111,48,-0.8,0.008297,77.2,19.4,3.25,0.75,0.3,0.22,-1,2000-09-18 02:00:00
2000,262,3,2281,71,71,15,15,29.3,27.8,41.6,304.8,11.9,-17.0,18.5,-9.6,23.2,1.0,8.1,3.8,6.2,3.6,218451.0,6.6,777.0,5.6,-1.5,0.121,42073.0,1.5,32.0,2.1,0.9,0.016,9.87,-18.03,0.11,3.4,3.3,0.1025,57,159,-154,67,205.7,148,-92,57,-0.4,0.008297,75.0,18.6,3.0,0.71,0.31,0.23,-1,2000-09-18 03:00:00
2000,262,4,2281,71,71,15,15,29.3,27.5,45.2,269.8,-0.1,-19.4,19.5,-10.3,25.5,2.3,8.7,6.1,4.1,4.7,96355.0,4.5,816.0,5.4,0.0,0.103,34703.0,1.2,26.0,2.3,0.9,0.015,7.07,-20.81,0.05,3.0,2.9,0.1363,57,159,-143,67,205.7,178,-153,25,-1.1,0.008297,80.3,19.0,2.94,0.71,0.32,0.24,-1,2000-09-18 04:00:00
2000,262,5,2281,71,71,15,15,21.9,21.3,15.6,289.0,6.7,-19.4,5.8,-15.0,13.6,1.6,4.2,3.0,1.6,2.4,67313.0,3.1,778.0,6.8,2.1,0.105,17447.0,0.6,14.0,1.2,0.7,0.018,4.45,-10.58,0.05,3.1,3.1,0.1216,57,159,-130,67,205.7,176,-117,58,0.9,0.008297,60.9,14.5,2.47,0.67,0.31,0.23,-1,2000-09-18 05:00:00
2000,262,6,2281,71,71,15,15,19.9,19.4,28.9,294.0,6.9,-15.5,9.4,-9.2,15.6,0.4,3.4,2.6,1.4,1.8,67799.0,2.5,764.0,7.8,2.5,0.145,27699.0,0.6,11.0,1.0,0.8,0.063,3.85,-11.92,0.05,3.0,3.0,0.1291,50,159,-129,48,205.7,114,-86,28,-0.4,0.008297,51.5,12.2,2.12,0.58,0.28,0.22,-1,2000-09-18 06:00:00
2000,262,7,2281,71,71,15,15,21.3,21.1,26.4,289.3,6.2,-17.8,9.4,-10.6,17.1,0.3,2.8,1.3,1.2,2.1,62573.0,2.3,778.0,7.3,3.3,0.101,20367.0,0.5,7.0,0.9,0.5,0.022,3.26,-13.3,0.04,2.8,2.7,0.155,50,159,-114,48,205.7,170,-112,58,-0.6,0.008297,53.6,12.3,2.14,0.64,0.33,0.25,-1,2000-09-18 07:00:00
2000,262,8,2281,71,71,15,15,21.2,21.0,25.3,288.8,6.1,-17.9,9.0,-10.4,17.1,0.8,2.6,1.5,1.3,1.6,84324.0,2.9,764.0,5.0,4.4,0.114,37908.0,0.9,10.0,0.9,1.2,0.027,4.12,-13.06,0.06,3.1,3.0,0.1263,50,159,-108,48,205.7,142,-82,60,-0.8,0.008297,52.0,11.5,2.1,0.66,0.33,0.24,-1,2000-09-18 08:00:00
2000,262,9,2281,71,71,15,15,21.1,20.7,21.6,284.6,4.8,-18.6,7.6,-11.4,16.6,0.9,4.0,2.1,1.6,3.0,70152.0,4.7,755.0,5.6,4.7,0.11,16216.0,1.0,10.0,1.5,1.7,0.059,6.44,-12.53,0.09,3.9,3.7,0.0791,60,159,-94,80,205.7,146,-82,64,-0.6,0.008297,50.4,11.2,1.99,0.61,0.32,0.26,-1,2000-09-18 09:00:00
2000,262,10,2281,71,71,15,15,20.4,19.7,17.9,289.7,6.3,-17.6,6.1,-11.2,14.9,0.9,4.4,2.0,2.3,3.1,201750.0,3.3,761.0,4.6,1.8,0.206,73345.0,1.8,15.0,1.3,1.1,0.052,5.82,-11.34,0.11,3.4,3.2,0.1036,60,159,-90,80,205.7,223,-129,94,-0.9,0.008297,41.9,9.99,1.86,0.62,0.34,0.25,-1,2000-09-18 10:00:00
2000,262,11,2281,71,71,15,15,20.2,19.0,37.4,304.0,8.4,-12.5,11.5,-4.1,16.5,0.7,5.7,2.0,3.8,3.7,126704.0,3.9,757.0,4.3,2.5,0.164,66681.0,1.0,6.0,1.9,2.4,0.025,6.18,-12.49,0.1,3.7,3.5,0.0869,60,159,-80,80,205.7,178,-119,59,-0.8,0.008297,42.2,9.46,1.71,0.58,0.31,0.24,-1,2000-09-18 11:00:00
2000,262,12,2281,71,71,14,14,19.7,18.6,10.2,308.5,11.4,-14.3,3.3,-10.3,10.5,0.4,6.3,3.0,1.9,5.2,138184.0,3.2,735.0,0.6,3.7,0.157,57169.0,0.4,20.0,0.8,2.0,0.027,4.7,-7.72,0.09,3.3,3.2,0.1068,60,159,-82,80,205.7,153,-120,33,1.1,0.008297,33.5,7.95,1.55,0.56,0.31,0.24,-1,2000-09-18 12:00:00
2000,262,13,2281,71,71,16,16,19.0,18.8,-4.5,303.2,10.3,-15.7,-1.5,-14.2,6.8,0.5,2.4,0.7,0.4,2.2,58496.0,2.9,707.0,0.7,4.1,0.126,9337.0,0.4,8.0,0.6,0.7,0.017,3.64,-4.81,0.06,3.2,3.1,0.1185,60,159,-86,80,205.7,159,-124,35,4.0,0.008297,36.4,8.84,1.66,0.59,0.32,0.24,-1,2000-09-18 13:00:00
2000,262,14,2281,71,71,15,15,17.6,15.6,1.3,312.4,10.5,-11.6,0.3,-10.0,5.9,2.6,7.5,3.8,3.8,5.3,112978.0,4.9,728.0,1.3,1.7,0.107,53958.0,5.4,20.0,1.6,2.0,0.02,6.19,-4.3,0.16,4.6,4.3,0.0567,60,159,-77,80,205.7,240,-179,61,3.4,0.008297,37.8,8.89,1.71,0.59,0.32,0.23,-1,2000-09-18 14:00:00
2000,262,15,2281,71,71,15,15,12.1,7.7,27.0,326.1,5.7,-3.8,3.5,-1.8,4.8,2.4,9.2,4.5,3.7,7.1,157756.0,7.9,750.0,0.0,-2.6,0.085,43152.0,4.9,19.0,2.0,2.0,0.014,9.94,-3.6,0.64,8.7,7.0,0.0157,60,159,-67,80,205.7,713,-502,210,3.0,0.008297,26.6,6.24,1.41,0.55,0.31,0.22,-1,2000-09-18 15:00:00
2000,262,16,2281,71,71,14,14,13.8,13.6,8.3,319.6,10.3,-8.7,2.0,-7.1,5.3,0.3,1.3,0.9,0.6,0.7,82783.0,2.2,737.0,-3.8,-5.1,0.068,22789.0,0.3,10.0,0.6,1.0,0.029,2.54,-3.91,0.1,4.0,3.8,0.0758,60,159,-85,80,205.7,214,-184,30,2.4,0.008297,40.9,8.32,1.53,0.54,0.3,0.22,-1,2000-09-18 16:00:00
2000,262,17,2281,71,71,16,16,12.3,11.6,9.2,328.1,9.7,-6.0,1.8,-4.9,3.8,0.7,3.9,1.2,2.5,2.7,200886.0,2.5,724.0,-1.8,-1.8,0.083,90807.0,0.2,13.0,2.0,1.6,0.026,2.91,-2.75,0.23,4.7,4.3,0.0549,60,159,-76,80,205.7,150,-73,77,1.1,0.008297,34.0,6.92,1.41,0.53,0.31,0.23,-1,2000-09-18 17:00:00
2000,262,18,2281,71,71,14,14,11.1,11.0,-7.4,355.8,10.9,-0.8,-1.4,-1.2,-1.1,0.3,0.9,0.4,0.8,0.3,180641.0,1.7,698.0,1.2,-3.8,0.112,97022.0,0.6,11.0,0.7,0.6,0.047,2.0,0.77,0.18,4.1,3.8,0.0708,30,159,-83,15,205.7,334,-201,133,1.2,0.008297,32.1,6.89,1.4,0.54,0.31,0.23,-1,2000-09-18 18:00:00
2000,262,19,2281,71,71,15,15,10.1,10.1,-6.3,346.2,9.8,-2.4,-1.1,-2.6,-0.4,0.3,0.7,0.3,0.6,0.3,112862.0,1.3,696.0,-0.9,-2.4,0.127,12205.0,0.1,4.0,0.7,0.4,0.048,1.59,0.28,0.13,3.9,3.7,0.0771,30,159,-84,15,205.7,460,-323,138,1.0,0.008297,35.8,7.08,1.37,0.51,0.3,0.23,-1,2000-09-18 19:00:00
2000,262,20,2281,71,71,15,15,9.2,9.1,-8.5,345.1,8.7,-2.3,-1.4,-2.6,-0.8,0.3,0.5,0.3,0.4,0.2,152337.0,1.5,682.0,-0.7,-1.2,0.156,18820.0,0.1,4.0,0.2,0.4,0.074,1.89,0.55,0.21,4.5,4.2,0.0577,30,159,-74,15,205.7,280,-200,80,1.3,0.008297,32.2,6.38,1.3,0.52,0.31,0.23,-1,2000-09-18 20:00:00
2000,262,21,2281,71,71,15,15,8.3,8.3,-8.3,347.3,8.0,-1.8,-1.2,-2.0,-0.7,0.2,0.7,0.1,0.6,0.1,134199.0,1.1,666.0,-0.8,0.2,0.121,21684.0,0.1,7.0,0.5,0.4,0.092,1.21,0.47,0.17,4.2,3.9,0.0672,30,159,-69,15,205.7,243,-159,84,1.0,0.008297,29.9,6.03,1.3,0.56,0.35,0.27,-1,2000-09-18 21:00:00
2000,262,22,2281,71,71,15,15,8.6,8.4,-3.4,342.0,8.0,-2.6,-0.5,-2.6,0.1,0.3,1.7,0.6,1.5,0.5,62916.0,0.8,649.0,-3.5,1.7,0.094,34594.0,0.1,11.0,2.1,0.8,0.032,0.77,-0.06,0.09,3.4,3.3,0.1044,30,159,-62,15,205.7,321,-257,64,2.1,0.008297,28.8,6.07,1.31,0.54,0.33,0.25,-1,2000-09-18 22:00:00
2000,262,23,2281,71,71,15,15,8.2,7.9,-4.2,310.0,5.1,-6.1,-0.6,-6.1,0.8,0.3,1.8,1.2,1.2,0.7,206572.0,0.8,685.0,-4.7,2.6,0.126,90876.0,0.3,13.0,1.4,0.6,0.029,0.94,-0.55,0.17,3.7,3.5,0.0852,30,159,-59,15,205.7,218,-155,63,1.5,0.008297,24.9,5.56,1.24,0.52,0.31,0.23,-1,2000-09-18 23:00:00
2000,263,0,2281,71,71,15,15,7.9,7.6,-3.5,302.9,4.1,-6.4,-0.5,-6.3,1.1,0.6,1.9,1.5,0.9,0.8,122561.0,0.8,666.0,-4.1,1.4,0.14,57526.0,0.3,15.0,1.9,0.5,0.028,0.92,-0.73,0.13,3.8,3.6,0.0837,30,172,-60,15,208.8,175,-82,93,0.4,0.008084,24.8,5.64,1.26,0.54,0.34,0.26,-1,2000-09-19 00:00:00
2000,263,1,2281,71,71,15,15,7.1,6.9,-16.2,290.9,2.3,-6.2,-1.9,-6.5,-0.2,0.1,1.5,0.9,0.4,1.2,87143.0,1.6,675.0,-3.8,0.3,0.136,16789.0,0.1,8.0,0.4,0.7,0.019,1.88,0.14,0.28,6.0,5.4,0.0329,30,172,-54,15,208.8,206,-77,129,1.2,0.008084,22.0,5.03,1.15,0.5,0.31,0.23,-1,2000-09-19 01:00:00
2000,263,2,2281,71,71,14,14,7.2,5.9,5.2,329.3,5.0,-3.0,0.5,-2.7,1.4,0.1,4.1,2.1,2.9,1.9,101162.0,1.2,651.0,-2.4,1.6,0.127,16162.0,0.3,21.0,1.5,1.2,0.012,1.28,-0.91,0.22,5.0,4.5,0.0485,30,172,-58,15,208.8,189,-83,106,1.5,0.008084,19.1,4.3,1.05,0.49,0.31,0.23,-1,2000-09-19 02:00:00
2000,263,3,2281,71,71,17,17,7.4,5.3,1.1,322.9,4.3,-3.2,0.1,-3.0,1.2,0.4,4.9,3.1,2.7,2.6,123764.0,1.1,671.0,-3.6,-0.2,0.123,14598.0,0.2,45.0,1.9,2.3,0.017,1.23,-0.81,0.21,4.8,4.4,0.0526,30,172,-53,15,208.8,95,-39,56,0.7,0.008084,17.3,4.01,1.18,0.64,0.46,0.3,-1,2000-09-19 03:00:00
2000,263,4,2281,71,71,14,14,7.7,5.9,-5.6,311.6,3.9,-4.4,-0.6,-4.3,1.2,0.3,4.9,3.1,2.7,2.7,70319.0,1.9,691.0,-2.3,-0.9,0.11,37737.0,0.7,19.0,1.9,1.1,0.021,2.18,-0.83,0.26,6.2,5.6,0.0311,30,172,-50,15,208.8,197,-89,109,1.4,0.008084,15.9,3.74,0.97,0.47,0.31,0.23,-1,2000-09-19 04:00:00
2000,263,5,2281,71,71,15,15,7.4,7.0,24.3,2.5,6.4,0.3,2.9,1.5,2.5,0.1,1.8,0.6,1.4,1.0,68569.0,1.7,685.0,1.1,0.2,0.08,27777.0,0.3,10.0,1.2,0.9,0.018,1.76,-1.71,0.25,6.0,5.5,0.0327,30,172,-52,15,208.8,110,-24,85,1.2,0.008084,16.1,3.65,0.94,0.45,0.29,0.21,-1,2000-09-19 05:00:00
2000,263,6,2281,71,71,16,16,6.4,5.1,38.4,330.7,3.5,-2.0,3.2,-0.2,3.8,0.8,3.7,2.4,2.2,1.8,51478.0,1.6,683.0,0.9,1.0,0.086,39913.0,0.4,17.0,2.0,1.2,0.017,1.68,-2.6,0.29,6.7,6.0,0.0261,30,172,-51,15,208.8,72,-29,43,0.6,0.008084,14.8,3.43,0.94,0.48,0.33,0.26,-1,2000-09-19 06:00:00
2000,263,7,2281,71,71,14,14,9.2,8.5,48.4,244.6,-2.4,-5.1,6.4,-1.2,8.1,1.4,3.7,1.2,3.5,0.8,33998.0,3.8,710.0,0.6,2.0,0.095,3494.0,1.4,13.0,1.3,0.6,0.012,4.41,-5.75,0.3,7.5,6.7,0.021,30,172,-36,15,208.8,67,-20,47,0.4,0.008084,14.6,3.46,0.95,0.49,0.31,0.23,-1,2000-09-19 07:00:00
2000,263,8,2281,71,71,15,15,11.2,9.4,-7.1,276.2,1.0,-9.3,-1.2,-8.5,3.9,0.6,5.9,4.8,1.0,3.3,45775.0,6.0,677.0,-0.7,-0.3,0.123,4823.0,0.5,16.0,0.3,0.7,0.025,6.85,-2.64,0.35,7.4,6.5,0.0217,30,172,-28,15,208.8,102,-28,74,0.3,0.008084,13.3,3.16,0.91,0.48,0.32,0.25,-1,2000-09-19 08:00:00
2000,263,9,2281,71,71,15,15,9.1,8.1,-32.8,252.7,-2.0,-6.5,-4.4,-7.8,-0.1,0.3,3.6,2.9,0.5,2.0,42739.0,5.8,684.0,-0.2,-1.0,0.111,5124.0,0.9,9.0,0.7,1.0,0.016,6.54,0.07,0.5,9.1,7.6,0.0145,50,172,-36,48,208.8,336,-191,145,1.5,0.008084,12.8,3.12,0.88,0.48,0.33,0.25,-1,2000-09-19 09:00:00
2000,263,10,2281,71,71,15,15,9.2,8.7,-49.5,252.3,-1.7,-5.4,-6.6,-8.2,-2.5,0.2,2.7,2.4,0.9,0.8,35444.0,5.8,666.0,-0.1,-1.6,0.086,6307.0,0.5,14.0,0.3,0.5,0.022,5.77,1.67,0.47,8.7,7.4,0.0157,50,172,-44,48,208.8,501,-416,85,3.1,0.008084,11.5,2.84,0.85,0.46,0.31,0.23,-1,2000-09-19 10:00:00
2000,263,11,2281,71,71,15,15,9.2,9.1,-63.7,295.2,1.7,-3.7,-8.2,-7.6,-4.8,0.3,1.0,0.7,0.7,0.2,41153.0,5.1,645.0,0.2,-2.3,0.094,10921.0,1.9,4.0,0.5,0.6,0.025,4.88,3.1,0.42,7.9,6.8,0.019,50,172,-59,48,208.8,618,-548,70,5.0,0.008084,10.8,2.79,0.9,0.5,0.34,0.24,-1,2000-09-19 11:00:00
2000,263,12,2281,71,71,15,15,6.9,6.3,-71.5,76.7,0.5,1.9,-6.0,-1.6,-6.1,1.6,2.6,0.7,1.5,2.0,66362.0,6.2,640.0,0.9,-1.2,0.107,12581.0,1.5,3.0,0.4,0.8,0.02,6.06,3.9,1.05,11.5,8.4,0.0089,60,172,-68,80,208.8,800,-608,192,5.1,0.008084,10.2,2.68,0.91,0.52,0.35,0.26,-1,2000-09-19 12:00:00
2000,263,13,2281,71,71,14,14,4.9,4.2,-65.7,66.4,0.7,1.6,-3.8,-0.6,-4.1,0.9,2.4,1.2,1.7,1.3,65828.0,5.2,634.0,0.5,-0.9,0.104,9663.0,2.7,5.0,0.3,0.6,0.02,4.94,2.6,1.75,14.8,9.3,0.0055,60,172,-63,80,208.8,864,-577,287,4.3,0.008084,10.9,2.81,0.96,0.54,0.34,0.26,-1,2000-09-19 13:00:00
2000,263,14,2281,71,71,15,15,4.7,1.8,-33.4,315.7,1.1,-1.1,-1.0,-1.4,-0.3,0.7,4.2,1.2,3.5,2.1,53473.0,4.7,622.0,0.3,0.1,0.099,16530.0,1.8,6.0,1.3,0.7,0.02,4.24,0.19,1.61,14.3,9.3,0.0058,60,172,-77,80,208.8,681,-479,202,2.1,0.008084,10.3,2.83,1.07,0.61,0.38,0.28,-1,2000-09-19 14:00:00
2000,263,15,2281,71,71,15,15,4.5,4.3,-2.8,285.0,1.1,-4.2,-0.2,-3.8,1.7,0.4,1.1,0.5,0.5,0.9,48230.0,5.6,619.0,-1.2,-0.1,0.09,1975.0,0.6,2.0,0.2,0.6,0.011,4.87,-1.05,2.03,16.3,9.8,0.0045,40,172,-77,27,208.8,383,-293,90,0.8,0.008084,10.5,3.08,1.21,0.63,0.35,0.25,-1,2000-09-19 15:00:00
2000,263,16,2281,71,71,15,15,5.0,3.7,-2.6,309.3,2.3,-2.8,-0.2,-2.6,1.0,0.3,3.2,2.3,2.1,0.8,54790.0,4.6,608.0,-0.2,-0.2,0.096,8327.0,0.4,8.0,1.2,0.4,0.005,3.93,-0.61,1.4,13.0,8.8,0.007,40,172,-73,27,208.8,207,-135,72,1.7,0.008084,10.2,3.2,1.3,0.63,0.32,0.24,-1,2000-09-19 16:00:00
2000,263,17,2281,71,71,15,15,6.1,6.0,8.9,351.0,5.8,-0.9,0.9,-0.5,1.2,0.4,1.1,0.4,0.9,0.5,41994.0,4.7,598.0,0.6,0.2,0.11,10292.0,0.6,2.0,0.6,0.4,0.026,4.04,-0.72,0.9,10.6,8.0,0.0105,40,172,-66,27,208.8,334,-225,109,0.9,0.008084,10.5,3.57,1.5,0.69,0.32,0.23,-1,2000-09-19 17:00:00
2000,263,18,2281,71,71,15,15,5.9,5.8,10.3,350.7,5.6,-0.9,1.0,-0.5,1.2,0.3,1.1,0.3,0.5,0.9,40053.0,5.5,589.0,0.2,0.1,0.119,3935.0,0.4,3.0,0.2,0.5,0.015,4.7,-0.71,1.11,11.7,8.4,0.0087,30,172,-59,15,208.8,254,-157,97,1.1,0.008084,11.3,3.97,1.68,0.73,0.32,0.23,-1,2000-09-19 18:00:00
2000,263,19,2281,71,71,15,15,6.5,6.4,7.6,351.5,6.3,-0.9,0.8,-0.6,1.0,0.2,0.7,0.2,0.3,0.6,34063.0,3.9,585.0,0.2,0.4,0.112,3651.0,0.7,2.0,0.3,0.5,0.013,3.23,-0.58,0.62,8.9,7.2,0.0151,30,172,-61,15,208.8,130,-64,66,0.1,0.008084,11.4,4.36,1.89,0.78,0.32,0.23,-1,2000-09-19 19:00:00
2000,263,20,2281,71,71,14,14,5.7,5.6,9.8,1.8,5.5,0.2,1.0,0.4,0.9,0.1,1.0,0.2,0.9,0.6,42018.0,3.4,573.0,1.0,0.4,0.092,3514.0,0.3,3.0,0.5,0.6,0.003,2.55,-0.52,0.74,9.3,7.2,0.0138,30,172,-56,15,208.8,191,-118,73,0.2,0.008084,12.7,4.83,2.03,0.81,0.34,0.25,-1,2000-09-19 20:00:00
2000,263,21,2281,71,71,15,15,5.4,5.4,-0.2,358.4,5.4,-0.1,0.0,-0.1,0.0,0.1,0.6,0.2,0.2,0.5,37728.0,2.9,568.0,0.4,-0.4,0.095,2446.0,0.2,1.0,0.2,0.5,0.012,2.16,-0.0,0.69,9.0,7.1,0.0148,37,172,-53,22,208.8,399,-285,114,1.1,0.008084,11.4,4.89,2.08,0.84,0.38,0.28,-1,2000-09-19 21:00:00
2000,263,22,2281,71,71,15,15,5.7,5.5,-7.3,0.5,5.5,0.0,-0.7,-0.2,-0.7,0.1,1.0,0.2,0.6,0.8,40433.0,2.8,566.0,0.6,-1.3,0.097,5331.0,0.4,3.0,0.7,0.7,0.005,2.08,0.4,0.61,8.3,6.7,0.0172,37,172,-55,22,208.8,383,-251,132,1.4,0.008084,12.8,5.33,2.19,0.82,0.34,0.25,-1,2000-09-19 22:00:00
2000,263,23,2281,71,71,15,15,6.0,5.7,-15.4,347.8,5.3,-1.2,-1.5,-1.5,-1.2,0.1,1.8,0.4,1.1,1.3,40670.0,3.2,564.0,-0.0,-1.7,0.09,5860.0,0.6,3.0,0.7,0.7,0.004,2.31,0.68,0.63,8.4,6.8,0.0168,37,172,-59,22,208.8,456,-311,145,1.9,0.008084,12.5,5.39,2.21,0.82,0.33,0.22,-1,2000-09-19 23:00:00
2000,264,0,2281,71,71,15,15,5.9,5.7,17.4,344.0,5.3,-1.5,1.7,-1.0,2.0,0.3,1.4,0.2,0.2,1.4,28641.0,3.0,552.0,0.0,0.9,0.083,1779.0,0.2,1.0,0.2,1.0,0.004,2.03,-1.1,0.56,8.1,6.6,0.0181,37,176,-56,22,213.1,366,-298,68,2.0,0.008356,15.6,6.44,2.47,0.87,0.37,0.25,-1,2000-09-20 00:00:00
2000,264,1,2281,71,71,15,15,5.6,5.5,13.4,343.4,5.1,-1.5,1.3,-1.1,1.7,0.2,1.2,0.2,0.8,0.8,27894.0,3.1,546.0,0.1,0.6,0.091,6273.0,0.3,3.0,0.7,0.7,0.006,2.11,-0.93,0.64,8.6,6.9,0.0161,37,176,-51,22,213.1,205,-91,114,1.0,0.008356,14.8,6.25,2.37,0.85,0.38,0.29,-1,2000-09-20 01:00:00
2000,264,2,2281,71,71,15,15,5.8,5.3,-2.0,339.2,4.9,-1.9,-0.2,-1.9,0.4,0.2,2.1,0.5,1.2,1.7,43319.0,2.7,541.0,-0.1,0.3,0.082,10308.0,0.2,5.0,0.8,1.1,0.008,1.75,-0.22,0.57,7.7,6.3,0.0203,37,176,-52,22,213.1,177,-73,104,1.3,0.008356,14.0,6.1,2.31,0.79,0.33,0.25,-1,2000-09-20 02:00:00
2000,264,3,2281,71,71,15,15,5.5,3.3,-42.0,351.8,2.4,-0.3,-2.2,-1.0,-2.0,0.2,4.3,1.8,2.4,3.1,44311.0,2.9,553.0,1.8,-0.1,0.084,7611.0,0.5,15.0,3.0,2.3,0.01,1.98,1.11,0.69,8.6,6.8,0.0162,37,176,-50,22,213.1,386,-246,140,2.7,0.008356,14.7,6.01,2.24,0.81,0.36,0.27,-1,2000-09-20 03:00:00
2000,264,4,2281,71,71,15,15,5.7,5.6,36.0,19.2,4.3,1.5,3.3,2.7,2.5,0.1,1.2,0.5,1.0,0.2,32277.0,2.3,537.0,4.6,3.4,0.08,4214.0,0.2,5.0,1.8,0.2,0.006,1.46,-1.34,0.47,7.1,6.0,0.0233,37,176,-55,22,213.1,292,-256,36,3.4,0.008356,18.3,6.97,2.46,0.84,0.36,0.26,-1,2000-09-20 04:00:00
2000,264,5,2281,71,71,15,15,6.0,6.0,32.5,2.3,5.0,0.2,3.2,1.6,2.8,0.1,0.7,0.2,0.5,0.5,25336.0,2.3,529.0,2.1,3.1,0.084,2503.0,0.2,3.0,0.5,0.4,0.006,1.44,-1.48,0.41,6.7,5.7,0.0266,37,176,-49,22,213.1,129,-48,81,0.8,0.008356,17.1,6.84,2.39,0.81,0.35,0.25,-1,2000-09-20 05:00:00
2000,264,6,2281,71,71,14,14,6.1,6.1,29.8,359.4,5.3,-0.1,3.0,1.3,2.7,0.1,0.7,0.1,0.6,0.3,19542.0,2.4,526.0,1.7,2.7,0.077,2094.0,0.5,4.0,0.7,0.2,0.004,1.45,-1.42,0.4,6.7,5.8,0.0267,10,176,-44,4,213.1,51,-16,35,0.5,0.008356,16.0,6.46,2.25,0.77,0.35,0.26,-1,2000-09-20 06:00:00
2000,264,7,2281,71,71,15,15,5.9,5.8,26.1,352.5,5.1,-0.7,2.5,0.7,2.5,0.1,1.2,0.2,1.1,0.5,19682.0,2.6,521.0,1.2,2.5,0.088,2417.0,0.4,3.0,1.0,0.4,0.004,1.59,-1.3,0.46,7.1,6.0,0.0235,10,176,-44,4,213.1,31,-17,14,0.1,0.008356,15.4,6.17,2.12,0.67,0.31,0.24,-1,2000-09-20 07:00:00
2000,264,8,2281,71,71,15,15,5.7,5.6,26.5,352.8,4.9,-0.6,2.5,0.8,2.4,0.1,1.2,0.2,0.8,0.9,26196.0,2.6,519.0,1.0,2.7,0.088,5702.0,0.2,2.0,0.7,0.8,0.012,1.58,-1.25,0.51,7.3,6.1,0.0221,10,176,-44,4,213.1,36,-19,17,0.1,0.008356,15.0,5.86,2.02,0.71,0.34,0.25,-1,2000-09-20 08:00:00
2000,264,9,2281,71,71,15,15,5.9,5.5,40.2,11.2,4.2,0.8,3.6,2.6,2.6,0.1,1.9,0.5,1.6,0.8,26639.0,2.5,525.0,2.0,3.3,0.089,2756.0,0.5,5.0,1.1,0.5,0.007,1.56,-1.36,0.46,7.0,5.9,0.024,27,176,-43,12,213.1,34,-23,11,0.2,0.008356,15.1,5.75,1.95,0.7,0.33,0.25,-1,2000-09-20 09:00:00
2000,264,10,2281,71,71,15,15,6.2,6.0,36.3,15.2,4.7,1.3,3.6,3.1,2.3,0.1,1.3,0.5,0.9,0.9,28178.0,2.5,521.0,2.4,3.5,0.094,6442.0,0.3,4.0,0.9,1.0,0.013,1.56,-1.2,0.42,6.6,5.7,0.027,27,176,-40,12,213.1,77,-30,46,0.3,0.008356,14.1,5.47,1.87,0.69,0.34,0.25,-1,2000-09-20 10:00:00
2000,264,11,2281,71,71,16,16,5.7,4.6,-20.6,352.4,4.2,-0.6,-1.6,-1.4,-1.0,0.3,3.2,1.6,1.9,2.0,34663.0,2.7,518.0,-0.3,-0.9,0.112,6848.0,0.5,12.0,1.7,1.5,0.009,1.75,0.52,0.56,7.5,6.1,0.0213,27,176,-35,12,213.1,153,-63,89,0.5,0.008356,13.2,5.04,1.72,0.66,0.34,0.25,-1,2000-09-20 11:00:00
2000,264,12,2281,71,71,14,14,5.2,3.6,-26.2,9.8,3.2,0.5,-1.6,-0.4,-1.6,0.1,3.5,1.9,1.6,2.5,31086.0,2.4,518.0,1.9,-0.8,0.104,4728.0,0.6,17.0,1.7,2.0,0.011,1.52,0.83,0.59,7.7,6.3,0.02,33,176,-31,18,213.1,603,-446,157,2.3,0.008356,13.2,4.99,1.68,0.64,0.32,0.24,-1,2000-09-20 12:00:00
2000,264,13,2281,71,71,15,15,5.4,5.1,-25.5,343.1,4.4,-1.3,-2.2,-2.3,-1.2,0.0,1.5,0.4,1.0,1.0,21342.0,2.6,498.0,-0.3,-1.0,0.115,4581.0,0.3,2.0,0.8,0.8,0.013,1.57,0.6,0.56,7.4,6.1,0.0215,33,176,-34,18,213.1,310,-177,133,1.6,0.008356,13.0,4.98,1.74,0.7,0.32,0.23,-1,2000-09-20 13:00:00
2000,264,14,2281,71,71,15,15,5.3,4.7,2.3,338.1,4.4,-1.8,0.2,-1.5,1.0,0.1,2.2,0.5,1.2,1.8,23580.0,2.5,493.0,-0.7,1.7,0.114,3347.0,0.3,3.0,0.9,1.8,0.023,1.48,-0.49,0.56,7.4,6.0,0.022,33,176,-39,18,213.1,201,-155,46,1.3,0.008356,12.7,4.82,1.6,0.62,0.33,0.24,-1,2000-09-20 14:00:00
2000,264,15,2281,71,71,14,14,4.9,4.8,-5.0,344.1,4.6,-1.3,-0.4,-1.3,0.2,0.1,0.8,0.2,0.6,0.4,21734.0,2.3,483.0,-0.7,0.9,0.117,2166.0,0.1,3.0,0.5,0.4,0.01,1.32,-0.1,0.6,7.5,6.1,0.0213,20,176,-38,7,213.1,93,-97,-5,0.8,0.008356,12.6,4.72,1.59,0.62,0.34,0.26,-1,2000-09-20 15:00:00
2000,264,16,2281,71,71,16,16,4.9,4.7,-15.1,330.2,4.0,-2.3,-1.2,-2.6,-0.2,0.1,1.1,0.6,0.6,0.7,22237.0,2.3,484.0,-1.4,0.4,0.105,3190.0,0.1,6.0,0.7,0.9,0.009,1.28,0.1,0.6,7.5,6.1,0.0212,20,176,-31,7,213.1,151,-115,36,1.6,0.008356,11.4,4.46,1.59,0.7,0.38,0.25,-1,2000-09-20 16:00:00
2000,264,17,2281,71,71,14,14,4.6,4.1,-10.0,348.3,4.0,-0.8,-0.7,-1.0,-0.4,0.1,1.9,0.3,1.8,0.6,44404.0,2.3,481.0,0.5,1.1,0.153,8755.0,0.2,4.0,2.0,0.8,0.025,1.43,0.19,0.78,7.9,6.1,0.0189,20,176,-27,7,213.1,212,-153,59,1.6,0.008356,10.6,4.17,1.42,0.59,0.32,0.24,-1,2000-09-20 17:00:00
2000,264,18,2281,71,71,16,16,4.7,4.1,7.5,349.9,4.0,-0.7,0.5,-0.5,0.7,0.1,2.0,0.6,1.6,1.0,44462.0,2.2,480.0,0.1,2.8,0.149,8306.0,0.2,8.0,1.9,1.4,0.013,1.35,-0.34,0.72,7.6,6.0,0.0207,17,176,-26,6,213.1,123,-69,54,0.5,0.008356,10.1,4.05,1.4,0.58,0.34,0.25,-1,2000-09-20 18:00:00
2000,264,19,2281,71,71,14,14,4.8,4.3,24.4,329.1,3.4,-2.0,1.8,-1.4,2.3,0.1,1.8,0.6,1.6,0.5,49967.0,1.8,488.0,-1.1,4.3,0.142,7713.0,0.1,6.0,1.9,0.7,0.022,1.12,-1.12,0.58,6.8,5.6,0.0256,17,176,-26,6,213.1,73,-48,25,-0.6,0.008356,9.9,3.99,1.35,0.59,0.34,0.26,-1,2000-09-20 19:00:00
2000,264,20,2281,71,71,15,15,4.8,4.5,13.4,3.2,4.4,0.2,1.0,0.4,0.9,0.1,1.1,0.3,0.9,0.6,51111.0,1.8,471.0,1.9,3.6,0.154,4560.0,0.1,3.0,1.2,0.7,0.01,1.08,-0.42,0.58,6.6,5.4,0.0275,17,176,-26,6,213.1,61,-41,20,-0.2,0.008356,9.82,3.93,1.36,0.58,0.33,0.24,-1,2000-09-20 20:00:00
2000,264,21,2281,71,71,15,15,4.9,4.7,-3.4,346.3,4.6,-1.1,-0.3,-1.1,0.0,0.0,1.0,0.2,0.8,0.6,46334.0,1.9,466.0,-0.3,2.0,0.138,4237.0,0.1,3.0,0.9,1.0,0.038,1.07,-0.0,0.58,6.6,5.4,0.0277,17,176,-24,6,213.1,48,-29,20,-0.1,0.008356,8.87,3.54,1.22,0.52,0.3,0.23,-1,2000-09-20 21:00:00
2000,264,22,2281,71,71,15,15,4.9,4.6,-3.6,0.3,4.6,0.0,-0.3,-0.1,-0.3,0.1,1.4,0.2,0.5,1.3,44528.0,1.9,459.0,1.1,2.1,0.125,5093.0,0.1,2.0,0.6,1.5,0.036,1.0,0.14,0.57,6.5,5.3,0.0285,17,176,-24,6,213.1,87,-59,28,0.7,0.008356,8.67,3.39,1.17,0.52,0.31,0.24,-1,2000-09-20 22:00:00
2000,264,23,2281,71,71,15,15,4.9,4.1,11.8,327.0,3.4,-2.2,0.8,-2.0,1.3,0.1,2.3,0.9,1.2,1.7,49501.0,2.2,472.0,-1.3,3.4,0.107,7546.0,0.2,11.0,1.2,1.9,0.046,1.17,-0.61,0.68,7.1,5.7,0.0233,17,176,-24,6,213.1,147,-107,40,0.9,0.008356,8.74,3.47,1.22,0.57,0.33,0.25,-1,2000-09-20 23:00:00
2000,265,0,2282,71,71,15,15,4.8,4.6,11.3,325.6,3.7,-2.5,0.9,-2.2,1.5,0.0,1.3,0.7,1.0,0.4,62587.0,2.2,466.0,-1.7,3.8,0.134,5408.0,0.1,8.0,1.1,0.6,0.028,1.23,-0.7,0.76,7.2,5.6,0.0229,20,195,-25,7,226.7,62,-41,21,0.8,0.00849,9.05,3.61,1.23,0.54,0.32,0.25,-1,2000-09-21 00:00:00
2000,265,1,2282,71,71,15,15,4.7,4.0,-22.7,358.8,3.7,-0.1,-1.5,-0.5,-1.4,0.2,2.4,0.7,1.5,1.7,56212.0,2.3,462.0,0.8,0.6,0.132,7031.0,0.1,8.0,1.3,2.0,0.026,1.25,0.65,0.8,7.5,5.7,0.0214,20,195,-27,7,226.7,107,-57,50,1.3,0.00849,8.77,3.51,1.25,0.61,0.4,0.32,-1,2000-09-21 01:00:00
2000,265,2,2282,71,71,15,15,4.7,4.5,27.6,320.2,3.1,-2.6,2.1,-1.8,2.8,0.1,1.2,0.8,0.5,0.7,69513.0,2.5,470.0,-1.1,4.6,0.145,9920.0,0.1,7.0,0.5,0.7,0.026,1.46,-1.32,0.93,7.9,5.9,0.019,20,195,-30,7,226.7,94,-66,28,0.4,0.00849,999999.99,99999.99,99999.99,99999.99,99999.99,99999.99,0,2000-09-21 02:00:00
2000,265,3,2282,71,71,14,14,4.8,4.7,-13.7,345.4,4.4,-1.1,-1.1,-1.4,-0.7,0.1,1.0,0.2,0.6,0.8,81609.0,2.5,452.0,-0.7,1.5,0.149,9374.0,0.1,4.0,0.6,0.9,0.011,1.36,0.32,0.95,7.4,5.5,0.0215,27,195,-30,12,226.7,163,-115,48,1.3,0.00849,999999.99,99999.99,99999.99,99999.99,99999.99,99999.99,0,2000-09-21 03:00:00
2000,265,4,2282,71,71,15,15,4.8,4.4,-16.3,356.3,4.2,-0.3,-1.2,-0.7,-1.0,0.1,1.7,0.3,1.5,0.7,83046.0,2.6,452.0,0.4,1.2,0.143,8158.0,0.1,4.0,1.7,1.0,0.01,1.39,0.45,0.99,7.6,5.6,0.0206,27,195,-31,12,226.7,220,-157,63,1.5,0.00849,999999.99,99999.99,99999.99,99999.99,99999.99,99999.99,0,2000-09-21 04:00:00
2000,265,5,2282,71,71,15,15,4.9,4.4,-11.1,357.9,4.3,-0.2,-0.9,-0.6,-0.7,0.1,1.5,0.5,1.2,0.7,85410.0,2.6,449.0,0.5,1.6,0.124,9127.0,0.2,5.0,1.7,0.9,0.046,1.31,0.31,0.96,7.4,5.5,0.0218,27,195,-28,12,226.7,292,-208,85,2.2,0.00849,8.84,3.3,1.15,0.57,0.37,0.28,-1,2000-09-21 05:00:00
2000,265,6,2282,71,71,17,17,5.1,4.3,2.3,286.1,1.2,-4.2,0.2,-3.6,2.2,0.5,2.6,1.7,1.9,0.4,58506.0,2.7,475.0,-3.0,2.6,0.129,30574.0,0.3,14.0,1.3,0.4,0.014,1.54,-1.04,0.81,7.7,5.9,0.0203,20,195,-26,7,226.7,88,-55,33,0.4,0.00849,8.38,3.18,1.12,0.55,0.36,0.28,-1,2000-09-21 06:00:00
2000,265,7,2282,71,71,14,14,5.4,3.1,-4.8,308.8,1.9,-2.4,-0.3,-2.2,1.0,0.3,4.3,2.3,3.2,1.7,62029.0,2.9,465.0,-0.8,2.2,0.123,27670.0,0.2,17.0,2.6,1.4,0.012,1.56,-0.47,0.79,7.3,5.7,0.0221,20,195,-25,7,226.7,61,-31,30,0.0,0.00849,8.24,3.1,1.08,0.54,0.35,0.26,-1,2000-09-21 07:00:00
2000,265,8,2282,71,71,14,14,5.2,5.0,-32.1,32.5,3.5,2.3,-2.6,0.6,-3.4,0.1,1.3,0.6,1.0,0.6,73085.0,3.3,453.0,2.9,-0.1,0.118,9118.0,0.3,6.0,1.1,0.7,0.018,1.66,1.54,1.02,7.9,5.8,0.019,20,195,-29,7,226.7,211,-95,116,1.6,0.00849,7.92,2.98,1.03,0.51,0.34,0.26,-1,2000-09-21 08:00:00
2000,265,9,2282,71,71,16,16,5.2,3.9,-37.2,351.2,3.1,-0.5,-2.4,-1.7,-1.7,0.3,3.1,0.6,2.0,2.3,86270.0,3.1,456.0,0.1,0.3,0.097,14274.0,0.2,6.0,1.6,2.3,0.013,1.49,0.78,1.02,7.7,5.6,0.02,30,195,-34,15,226.7,477,-351,126,2.9,0.00849,7.99,3.0,1.05,0.53,0.35,0.27,-1,2000-09-21 09:00:00
2000,265,10,2282,71,71,15,15,5.1,4.5,-21.1,353.1,4.2,-0.5,-1.6,-1.3,-1.1,0.2,1.9,1.0,1.1,1.1,119874.0,3.4,453.0,0.5,1.2,0.077,11726.0,0.3,6.0,1.3,1.0,0.012,1.52,0.5,1.35,8.2,5.6,0.0177,30,195,-35,15,226.7,436,-304,132,2.0,0.00849,7.13,2.7,0.98,0.52,0.35,0.27,-1,2000-09-21 10:00:00
2000,265,11,2282,71,71,15,15,5.3,4.6,-10.8,355.5,4.5,-0.4,-0.9,-0.8,-0.5,0.3,2.4,0.6,2.1,1.0,118942.0,3.8,451.0,0.7,1.5,0.074,11763.0,0.3,3.0,2.2,0.8,0.009,1.67,0.23,1.39,8.3,5.6,0.0173,30,195,-33,15,226.7,251,-161,90,0.8,0.00849,7.13,2.69,0.97,0.51,0.34,0.27,-1,2000-09-21 11:00:00
2000,265,12,2282,71,71,15,15,5.3,3.8,-13.8,320.8,2.9,-2.3,-0.9,-2.4,0.5,0.1,3.2,0.9,1.3,2.8,110874.0,3.6,457.0,-0.9,1.2,0.083,12935.0,0.2,5.0,1.2,2.2,0.013,1.67,-0.23,1.28,8.2,5.6,0.0178,27,195,-25,12,226.7,142,-108,33,0.4,0.00849,6.8,2.56,0.9,0.47,0.31,0.23,-1,2000-09-21 12:00:00
2000,265,13,2282,71,71,14,14,5.5,5.1,-45.4,290.1,1.2,-3.4,-3.7,-4.8,-1.4,0.2,1.7,1.3,0.7,0.8,85360.0,3.8,466.0,-1.3,-0.5,0.086,7177.0,0.2,7.0,0.6,0.8,0.014,1.85,0.65,1.12,8.3,5.9,0.0174,27,195,-27,12,226.7,175,-120,55,1.8,0.00849,6.44,2.63,1.14,0.73,0.58,0.4,-1,2000-09-21 13:00:00
2000,265,14,2282,71,71,15,15,5.6,5.4,-8.3,328.7,4.5,-2.8,-0.8,-2.8,0.7,0.1,1.2,0.4,0.5,1.0,119935.0,3.3,444.0,-0.3,1.7,0.065,6778.0,0.2,5.0,0.3,1.0,0.005,1.37,-0.31,1.09,7.2,5.2,0.0229,27,195,-35,12,226.7,145,-128,17,0.7,0.00849,5.76,2.24,0.83,0.45,0.31,0.23,-1,2000-09-21 14:00:00
2000,265,15,2282,71,71,15,15,5.0,4.6,8.9,340.8,4.2,-1.5,0.7,-1.0,1.3,0.5,1.7,0.6,1.0,1.3,127792.0,3.1,443.0,0.7,2.3,0.069,10976.0,0.1,5.0,1.3,1.0,0.012,1.3,-0.58,1.32,7.8,5.3,0.0196,17,195,-33,6,226.7,128,-110,18,0.4,0.00849,5.94,2.26,0.87,0.5,0.36,0.28,-1,2000-09-21 15:00:00
2000,265,16,2282,71,71,15,15,4.7,4.4,23.5,357.0,4.0,-0.2,1.7,0.5,1.6,0.1,1.5,0.4,1.1,0.9,126982.0,3.0,446.0,1.8,2.7,0.063,12181.0,0.1,4.0,1.3,0.8,0.009,1.25,-0.71,1.44,8.2,5.5,0.0176,17,195,-27,6,226.7,34,-28,6,-0.2,0.00849,5.54,2.17,0.84,0.48,0.34,0.26,-1,2000-09-21 16:00:00
2000,265,17,2282,71,71,13,13,4.5,4.2,-1.1,326.3,3.5,-2.4,-0.1,-2.3,0.8,0.4,1.5,0.4,1.0,1.1,133162.0,3.4,450.0,-0.8,0.8,0.061,11857.0,0.2,3.0,1.2,1.3,0.007,1.43,-0.36,1.83,9.2,5.7,0.014,17,195,-22,6,226.7,63,-41,23,0.8,0.00849,5.28,2.08,0.8,0.46,0.32,0.24,-1,2000-09-21 17:00:00
2000,265,18,2282,71,71,16,16,4.5,3.8,0.2,345.8,3.7,-0.9,0.0,-0.9,0.3,0.5,2.3,1.4,1.5,1.0,139526.0,4.3,449.0,0.6,-0.3,0.061,10017.0,0.4,11.0,1.1,0.8,0.016,1.8,-0.13,2.37,10.3,5.9,0.0111,20,195,-23,7,226.7,137,-99,38,0.8,0.00849,5.36,2.09,0.83,0.49,0.36,0.28,-1,2000-09-21 18:00:00
2000,265,19,2282,71,71,15,15,4.3,3.5,37.7,60.2,1.4,2.4,2.1,2.9,1.3,0.3,1.9,1.0,1.3,1.0,127424.0,4.3,465.0,2.5,0.4,0.053,11107.0,0.3,7.0,1.1,0.6,0.006,1.88,-0.6,2.47,11.2,6.3,0.0095,20,195,-19,7,226.7,250,-195,55,0.7,0.00849,5.13,2.0,0.81,0.49,0.36,0.29,-1,2000-09-21 19:00:00
2000,265,20,2282,71,71,15,15,4.6,2.8,23.1,352.6,2.6,-0.3,1.1,0.0,1.1,0.2,3.4,1.0,3.0,1.3,134164.0,4.4,459.0,1.0,0.2,0.051,9894.0,0.4,10.0,2.3,0.9,0.004,1.86,-0.5,2.27,10.5,6.1,0.0109,20,195,-18,7,226.7,154,-117,36,0.3,0.00849,5.0,1.96,0.79,0.47,0.34,0.25,-1,2000-09-21 20:00:00
2000,265,21,2282,71,71,15,15,5.1,4.1,32.9,7.7,3.4,0.5,2.2,1.0,2.0,0.5,3.0,0.7,2.6,1.2,122427.0,4.9,456.0,2.0,0.6,0.055,10905.0,0.5,5.0,1.6,0.8,0.006,2.08,-0.91,1.97,9.9,6.0,0.0121,17,195,-14,6,226.7,106,-74,32,0.3,0.00849,4.36,1.7,0.69,0.41,0.29,0.23,-1,2000-09-21 21:00:00
2000,265,22,2282,71,71,14,14,5.2,4.5,5.4,320.9,3.5,-2.8,0.4,-2.6,1.0,0.2,2.3,0.7,0.9,2.0,122050.0,4.6,451.0,-0.7,-0.1,0.06,8658.0,0.6,6.0,0.8,1.4,0.007,1.94,-0.45,1.77,9.3,5.8,0.0137,17,195,-12,6,226.7,83,-51,32,0.5,0.00849,4.19,1.68,0.72,0.44,0.31,0.23,-1,2000-09-21 22:00:00
2000,265,23,2282,71,71,15,15,5.1,4.3,0.6,16.6,4.1,1.2,0.0,1.2,-0.3,0.1,2.6,0.5,2.3,1.1,118194.0,4.3,445.0,2.3,-1.3,0.058,10346.0,0.4,3.0,1.8,0.4,0.006,1.75,0.13,1.7,9.0,5.8,0.0145,17,195,-13,6,226.7,202,-130,72,1.4,0.00849,4.14,1.64,0.7,0.44,0.31,0.23,-1,2000-09-21 23:00:00
2000,266,0,2282,71,71,15,15,5.0,4.5,-4.9,31.8,3.8,2.4,-0.4,2.2,-1.0,0.2,1.9,0.7,1.7,0.6,116369.0,4.3,446.0,3.0,-1.9,0.051,13370.0,0.3,6.0,1.2,0.5,0.007,1.72,0.45,1.75,9.2,5.8,0.0139,27,202,-19,12,233.8,258,-181,77,1.7,0.008616,4.32,1.76,0.76,0.49,0.37,0.29,-1,2000-09-22 00:00:00
2000,266,1,2282,71,71,15,15,4.9,4.1,-11.5,3.6,4.1,0.3,-0.8,0.1,-0.9,0.1,2.3,0.5,1.8,1.3,116268.0,4.5,445.0,1.2,-1.8,0.049,5205.0,0.4,4.0,1.4,1.4,0.005,1.78,0.4,1.91,9.6,5.9,0.0128,27,202,-24,12,233.8,263,-198,65,2.2,0.008616,4.09,1.64,0.71,0.46,0.33,0.25,-1,2000-09-22 01:00:00
2000,266,2,2282,71,71,16,16,4.7,4.0,-4.7,346.2,3.8,-0.9,-0.3,-0.9,0.0,0.1,2.2,0.8,1.5,1.4,118025.0,4.5,443.0,0.4,-0.9,0.051,6201.0,0.3,4.0,1.1,1.6,0.006,1.78,-0.0,2.09,10.0,6.0,0.0119,27,202,-25,12,233.8,166,-109,57,1.2,0.008616,3.95,1.61,0.71,0.47,0.35,0.28,-1,2000-09-22 02:00:00
2000,266,3,2282,71,71,14,14,4.9,4.2,3.2,326.9,3.5,-2.3,0.2,-2.1,1.0,0.1,2.3,1.0,0.8,1.9,109509.0,4.3,445.0,0.1,-0.2,0.047,10490.0,0.4,7.0,0.7,1.8,0.008,1.69,-0.45,1.77,9.4,5.9,0.0134,23,202,-21,9,233.8,73,-33,41,0.6,0.008616,3.72,1.54,0.7,0.47,0.36,0.28,-1,2000-09-22 03:00:00
2000,266,4,2282,71,71,16,16,5.9,5.2,-27.4,354.4,4.6,-0.4,-2.4,-1.3,-2.1,0.3,2.0,0.5,1.5,1.2,128546.0,4.7,455.0,1.1,-4.0,0.054,6004.0,0.3,7.0,1.4,1.6,0.008,1.98,0.96,1.44,8.4,5.6,0.017,23,202,-18,9,233.8,170,-74,96,1.6,0.008616,3.5,1.43,0.64,0.42,0.32,0.25,-1,2000-09-22 04:00:00
2000,266,5,2282,71,71,15,15,6.4,5.3,5.5,297.3,2.4,-4.7,0.5,-4.0,2.5,0.4,3.2,1.6,1.6,2.2,116719.0,4.7,466.0,-1.6,-1.5,0.053,9640.0,0.6,10.0,0.8,1.7,0.007,2.07,-1.17,1.17,7.9,5.6,0.0191,23,202,-21,9,233.8,146,-82,64,0.7,0.008616,3.45,1.43,0.65,0.44,0.33,0.24,-1,2000-09-22 05:00:00
2000,266,6,2282,71,71,15,15,6.0,2.3,61.4,252.1,-0.3,-1.1,2.0,0.0,2.3,0.5,5.0,3.4,1.6,3.4,163134.0,5.0,482.0,2.4,-1.0,0.048,21979.0,0.3,19.0,1.4,2.3,0.006,2.31,-1.11,1.68,9.0,5.7,0.0147,17,202,-19,6,233.8,126,-56,71,1.0,0.008616,2.99,1.26,0.59,0.4,0.31,0.25,-1,2000-09-22 06:00:00
2000,266,7,2282,71,71,15,15,6.1,5.1,24.7,274.6,0.4,-4.6,2.1,-2.9,4.1,0.2,2.9,0.9,1.6,2.2,137280.0,4.7,476.0,0.4,-0.0,0.05,11000.0,0.6,7.0,1.5,1.1,0.006,2.13,-1.95,1.4,8.5,5.7,0.0166,17,202,-19,6,233.8,95,-15,81,0.1,0.008616,2.65,1.16,0.58,0.4,0.31,0.24,-1,2000-09-22 07:00:00
2000,266,8,2282,71,71,15,15,5.9,5.1,-9.9,282.3,1.1,-4.9,-0.9,-4.6,1.9,0.1,2.3,0.9,0.5,2.1,124983.0,4.3,477.0,-0.8,-1.4,0.051,5886.0,0.3,6.0,0.9,1.8,0.004,1.97,-0.91,1.3,8.4,5.8,0.0169,17,202,-17,6,233.8,60,-16,44,-0.2,0.008616,2.74,1.24,0.65,0.46,0.35,0.27,-1,2000-09-22 08:00:00
2000,266,9,2282,71,71,15,15,5.8,4.9,0.1,286.1,1.4,-4.7,0.0,-3.9,2.6,0.2,2.1,1.0,1.1,1.5,122844.0,4.3,475.0,-0.7,-0.3,0.048,8814.0,0.3,7.0,1.2,1.0,0.007,1.93,-1.24,1.34,8.5,5.8,0.0165,13,202,-15,5,233.8,55,-23,31,-0.4,0.008616,2.63,1.2,0.61,0.44,0.35,0.28,-1,2000-09-22 09:00:00
2000,266,10,2282,71,71,14,14,5.5,4.8,-11.1,313.8,3.2,-3.4,-0.9,-3.3,1.1,0.1,2.4,1.4,2.0,0.5,123302.0,4.5,457.0,0.0,-0.8,0.052,8426.0,0.4,12.0,1.5,0.9,0.007,1.9,-0.5,1.56,8.8,5.8,0.0153,13,202,-13,5,233.8,60,-27,33,-0.3,0.008616,2.58,1.14,0.6,0.42,0.33,0.25,-1,2000-09-22 10:00:00
2000,266,11,2282,71,71,16,16,5.2,4.3,-8.0,344.1,4.1,-1.2,-0.6,-1.3,0.2,0.1,2.7,0.7,2.5,0.8,122564.0,4.7,449.0,2.0,-0.9,0.051,7876.0,0.5,5.0,2.1,1.1,0.005,1.91,-0.09,1.81,9.4,5.8,0.0136,13,202,-11,5,233.8,131,-51,80,0.5,0.008616,2.41,1.09,0.6,0.45,0.35,0.26,-1,2000-09-22 11:00:00
2000,266,12,2282,71,71,15,15,4.9,4.3,0.9,326.1,3.5,-2.4,0.1,-2.0,1.4,0.1,1.9,0.6,0.8,1.6,107585.0,4.9,450.0,0.7,0.1,0.047,10097.0,0.4,5.0,0.9,1.2,0.007,1.97,-0.63,2.0,10.2,6.2,0.0115,17,202,-11,6,233.8,194,-108,86,0.4,0.008616,2.34,1.04,0.56,0.4,0.31,0.24,-1,2000-09-22 12:00:00
2000,266,13,2282,71,71,15,15,4.9,4.6,6.2,289.0,1.5,-4.3,0.5,-3.4,2.7,0.0,1.3,0.8,0.5,1.0,83168.0,4.1,458.0,-1.0,1.0,0.046,4830.0,0.4,5.0,0.6,0.8,0.004,1.7,-1.24,1.5,9.5,6.2,0.0133,17,202,-13,6,233.8,77,-31,46,0.1,0.008616,2.4,1.07,0.57,0.42,0.34,0.26,-1,2000-09-22 13:00:00
2000,266,14,2282,71,71,14,14,4.8,4.3,-3.2,297.1,2.0,-3.8,-0.2,-3.4,1.7,0.0,1.9,1.2,0.9,1.2,85609.0,4.1,454.0,-0.9,0.8,0.043,4090.0,0.2,8.0,0.4,1.0,0.004,1.65,-0.77,1.58,9.6,6.2,0.013,17,202,-13,6,233.8,62,-29,33,0.6,0.008616,2.27,1.02,0.54,0.39,0.3,0.23,-1,2000-09-22 14:00:00
2000,266,15,2282,71,71,16,16,4.7,4.2,-8.5,304.5,2.4,-3.5,-0.6,-3.4,1.0,0.1,1.4,0.6,0.5,1.2,83517.0,4.1,449.0,-0.5,0.7,0.049,4124.0,0.3,4.0,0.4,1.0,0.004,1.65,-0.45,1.64,9.7,6.2,0.0127,13,202,-12,5,233.8,139,-120,20,1.0,0.008616,2.31,1.09,0.62,0.47,0.37,0.29,-1,2000-09-22 15:00:00
2000,266,16,2282,71,71,14,14,4.7,3.7,-13.5,300.9,1.9,-3.1,-0.9,-3.2,0.4,0.1,2.3,1.6,1.3,1.1,81389.0,4.1,452.0,-0.7,0.3,0.051,7322.0,0.5,10.0,1.1,1.1,0.003,1.68,-0.18,1.62,9.7,6.3,0.0125,13,202,-12,5,233.8,102,-77,25,1.3,0.008616,2.63,1.4,0.94,0.78,0.69,0.46,-1,2000-09-22 16:00:00
2000,266,17,2282,71,71,15,15,5.0,3.9,-0.3,325.7,3.2,-2.2,0.0,-2.1,0.8,0.2,2.9,0.7,1.4,2.5,75250.0,4.2,441.0,0.1,1.3,0.051,3404.0,0.5,6.0,1.4,1.9,0.005,1.64,-0.35,1.42,9.0,6.1,0.0146,13,202,-13,5,233.8,101,-46,55,0.6,0.008616,2.23,1.05,0.59,0.44,0.36,0.28,-1,2000-09-22 17:00:00
2000,266,18,2282,71,71,15,15,4.9,4.6,-34.5,325.6,3.1,-2.1,-2.6,-2.8,-1.8,0.1,1.4,0.3,1.2,0.6,70001.0,3.4,436.0,-1.4,-0.9,0.048,3510.0,0.3,3.0,1.1,0.8,0.003,1.29,0.78,1.17,8.2,5.8,0.0177,17,202,-17,6,233.8,186,-121,65,1.3,0.008616,2.12,1.0,0.57,0.43,0.34,0.25,-1,2000-09-22 18:00:00
2000,266,19,2282,71,71,15,15,4.8,3.7,34.8,357.2,3.0,-0.1,2.1,0.5,2.0,0.1,2.8,0.8,1.9,1.8,75187.0,3.6,433.0,1.0,1.6,0.041,11667.0,0.4,7.0,1.9,1.4,0.004,1.31,-0.87,1.32,8.6,5.8,0.0162,17,202,-19,6,233.8,159,-116,43,0.2,0.008616,1.94,0.91,0.51,0.38,0.31,0.23,-1,2000-09-22 19:00:00
2000,266,20,2282,71,71,15,15,4.8,4.3,43.1,353.3,3.1,-0.4,2.9,0.3,2.9,0.1,1.8,0.9,1.3,0.9,74435.0,3.8,431.0,0.9,2.2,0.038,11340.0,0.3,7.0,1.5,1.0,0.003,1.36,-1.25,1.39,8.8,5.9,0.0155,17,202,-12,6,233.8,53,-25,28,-0.4,0.008616,1.9,0.93,0.54,0.41,0.32,0.24,-1,2000-09-22 20:00:00
2000,266,21,2282,71,71,15,15,4.8,4.2,42.3,359.0,3.1,-0.1,2.8,0.6,2.7,0.1,1.9,1.0,1.4,0.8,72090.0,3.7,428.0,1.3,2.3,0.042,10568.0,0.5,8.0,1.3,0.9,0.007,1.32,-1.16,1.34,8.6,5.8,0.0162,7,202,-8,3,233.8,46,-18,28,0.1,0.008616,1.91,0.96,0.56,0.44,0.35,0.27,-1,2000-09-22 21:00:00
2000,266,22,2282,71,71,15,15,4.8,4.4,11.4,326.1,3.6,-2.4,0.9,-2.1,1.4,0.1,1.4,0.3,0.7,1.1,93750.0,3.0,423.0,-1.7,1.5,0.048,4668.0,0.1,3.0,0.7,1.0,0.006,1.07,-0.59,1.2,7.6,5.3,0.0204,7,202,-9,3,233.8,73,-24,49,0.3,0.008616,1.98,0.95,0.56,0.43,0.35,0.27,-1,2000-09-22 22:00:00
2000,266,23,2282,71,71,15,15,4.8,4.3,37.5,307.7,2.1,-2.7,2.6,-2.0,3.2,0.2,1.9,1.3,0.7,1.1,69245.0,3.4,434.0,-1.4,3.2,0.044,19364.0,0.2,9.0,0.7,1.1,0.004,1.26,-1.39,1.21,8.3,5.8,0.0171,7,202,-11,3,233.8,67,-29,38,0.2,0.008616,1.83,0.91,0.52,0.39,0.31,0.24,-1,2000-09-22 23:00:00
2000,267,0,2282,71,71,15,15,4.6,3.0,-8.0,355.0,3.0,-0.3,-0.4,-0.4,-0.3,0.2,3.1,1.4,2.2,1.6,86350.0,3.5,428.0,0.2,-0.3,0.049,15071.0,0.2,10.0,1.8,2.1,0.005,1.28,0.13,1.48,8.7,5.8,0.0157,20,227,-15,7,226.7,87,-34,52,0.6,0.008849,2.32,1.4,1.05,0.92,0.84,0.67,-1,2000-09-23 00:00:00
2000,267,1,2282,71,71,15,15,4.8,4.5,-27.7,47.6,2.7,3.0,-2.1,2.3,-2.8,0.1,1.2,0.7,0.7,0.7,65515.0,3.7,429.0,2.1,-2.2,0.051,9206.0,0.2,6.0,0.8,0.6,0.005,1.37,1.2,1.3,8.6,5.9,0.0161,20,227,-17,7,226.7,109,-58,52,1.1,0.008849,1.72,0.84,0.5,0.38,0.3,0.22,-1,2000-09-23 01:00:00
2000,267,2,2282,71,71,15,15,4.8,3.8,1.2,334.1,3.4,-1.7,0.1,-1.6,0.6,0.1,2.4,0.8,1.8,1.4,89228.0,3.5,424.0,-1.9,1.6,0.045,10460.0,0.3,7.0,1.7,1.5,0.004,1.24,-0.25,1.38,8.3,5.6,0.0174,20,227,-20,7,226.7,161,-104,57,1.0,0.008849,1.8,0.88,0.52,0.4,0.32,0.24,-1,2000-09-23 02:00:00
2000,267,3,2282,71,71,15,15,4.7,3.4,-27.7,348.1,3.0,-0.6,-1.6,-1.1,-1.3,0.1,3.0,1.2,2.0,1.9,79022.0,3.4,424.0,-1.2,-0.2,0.045,12458.0,0.2,9.0,1.4,1.9,0.004,1.2,0.55,1.33,8.3,5.7,0.0172,30,227,-20,15,226.7,219,-138,81,1.6,0.008849,1.75,0.86,0.5,0.39,0.31,0.24,-1,2000-09-23 03:00:00
2000,267,4,2282,71,71,14,14,5.0,4.5,2.2,323.9,3.7,-2.7,0.2,-2.4,1.2,0.1,1.8,0.6,0.6,1.6,85109.0,3.2,419.0,-2.5,1.6,0.045,12160.0,0.1,5.0,0.5,1.3,0.004,1.11,-0.5,1.14,7.5,5.3,0.0212,30,227,-22,15,226.7,168,-103,66,1.0,0.008849,1.76,0.88,0.54,0.43,0.34,0.26,-1,2000-09-23 04:00:00
2000,267,5,2282,71,71,15,15,4.8,4.3,-0.9,321.5,3.3,-2.6,-0.1,-2.4,1.0,0.1,1.6,0.6,0.6,1.4,84483.0,3.3,418.0,-2.5,1.2,0.048,10574.0,0.1,4.0,0.7,1.3,0.006,1.15,-0.42,1.27,7.9,5.5,0.019,30,227,-17,15,226.7,183,-130,53,1.0,0.008849,1.72,0.84,0.52,0.4,0.32,0.24,-1,2000-09-23 05:00:00
2000,267,6,2282,71,71,16,16,4.7,3.7,10.9,338.8,3.4,-1.3,0.7,-0.8,1.2,0.1,2.7,1.5,2.0,1.0,84342.0,3.4,414.0,-1.2,1.6,0.052,18407.0,0.3,12.0,1.8,1.2,0.005,1.18,-0.5,1.36,8.1,5.5,0.018,17,227,-18,6,226.7,90,-57,33,0.2,0.008849,1.7,0.86,0.53,0.42,0.34,0.27,-1,2000-09-23 06:00:00
2000,267,7,2282,71,71,14,14,4.9,4.5,41.7,299.5,1.7,-2.9,3.0,-1.0,4.1,0.1,1.7,1.2,0.5,1.1,53069.0,3.4,426.0,-1.7,3.6,0.043,13545.0,0.2,9.0,0.5,0.8,0.005,1.21,-1.75,1.07,8.0,5.8,0.0185,17,227,-17,6,226.7,64,-31,32,-0.2,0.008849,1.67,0.84,0.52,0.41,0.34,0.27,-1,2000-09-23 07:00:00
2000,267,8,2282,71,71,16,16,4.8,4.4,-21.3,312.3,2.8,-3.1,-1.6,-3.5,0.3,0.2,1.7,0.7,1.0,1.2,70330.0,3.0,415.0,-2.8,-0.2,0.042,11701.0,0.1,4.0,0.7,1.2,0.005,1.01,-0.12,1.08,7.5,5.4,0.0212,17,227,-19,6,226.7,49,-9,40,-0.5,0.008849,1.69,0.84,0.52,0.42,0.34,0.27,-1,2000-09-23 08:00:00
2000,267,9,2282,71,71,14,14,4.8,3.0,10.0,324.6,2.4,-1.7,0.5,-1.1,1.4,0.1,3.6,0.7,1.7,3.0,62176.0,3.2,415.0,-1.1,1.4,0.05,10807.0,0.2,7.0,0.9,2.7,0.008,1.1,-0.58,1.1,7.7,5.5,0.0199,10,227,-18,4,226.7,51,-22,29,-0.6,0.008849,1.67,0.81,0.49,0.39,0.32,0.24,-1,2000-09-23 09:00:00
2000,267,10,2282,71,71,15,15,4.6,3.7,2.7,11.0,3.6,0.7,0.2,0.7,-0.2,0.2,2.4,0.6,1.9,1.3,85972.0,3.4,406.0,0.7,0.9,0.051,15227.0,0.4,4.0,1.3,1.5,0.005,1.13,0.08,1.43,8.1,5.4,0.018,10,227,-17,4,226.7,57,-25,32,-0.4,0.008849,1.6,0.82,0.53,0.42,0.35,0.27,-1,2000-09-23 10:00:00
2000,267,11,2282,71,71,15,15,4.5,4.1,10.9,23.2,3.7,1.6,0.8,1.8,-0.2,0.1,1.7,0.4,1.2,1.2,81073.0,3.8,406.0,1.7,0.8,0.05,12968.0,0.4,4.0,1.4,0.9,0.004,1.26,0.08,1.63,8.8,5.7,0.0154,10,227,-15,4,226.7,85,-21,64,0.1,0.008849,1.67,0.88,0.59,0.48,0.41,0.31,-1,2000-09-23 11:00:00
2000,267,12,2282,71,71,15,15,4.5,3.8,8.8,6.1,3.7,0.4,0.6,0.7,0.3,0.1,2.1,0.6,1.7,1.0,86342.0,3.4,405.0,0.5,1.2,0.053,14745.0,0.3,5.0,1.8,1.1,0.003,1.13,-0.12,1.5,8.3,5.5,0.0173,17,227,-18,6,226.7,108,-32,76,-0.0,0.008849,1.63,0.83,0.54,0.43,0.36,0.28,-1,2000-09-23 12:00:00
2000,267,13,2282,71,71,15,15,4.3,2.4,1.7,327.9,2.1,-1.3,0.1,-1.1,0.8,0.2,3.2,1.3,2.8,0.9,70975.0,3.6,416.0,-1.2,1.0,0.048,19604.0,0.4,10.0,2.6,0.9,0.004,1.24,-0.33,1.61,9.2,5.9,0.0141,17,227,-19,6,226.7,97,-48,49,-0.3,0.008849,1.61,0.84,0.55,0.45,0.37,0.28,-1,2000-09-23 13:00:00
2000,267,14,2282,71,71,15,15,4.4,3.9,-14.1,33.3,3.1,2.1,-0.9,1.4,-1.8,0.2,1.9,0.8,0.8,1.6,74175.0,3.6,407.0,1.7,-0.5,0.05,11803.0,0.3,6.0,0.8,1.5,0.008,1.2,0.73,1.57,8.8,5.7,0.0154,17,227,-21,6,226.7,63,-29,34,0.2,0.008849,1.54,0.8,0.51,0.41,0.35,0.27,-1,2000-09-23 14:00:00
2000,267,15,2282,71,71,16,16,4.5,4.1,-30.8,323.5,2.8,-2.1,-2.1,-2.8,-0.9,0.1,1.6,0.5,1.3,0.7,83677.0,3.4,411.0,-1.7,-0.3,0.049,9990.0,0.2,4.0,0.8,0.7,0.004,1.15,0.37,1.48,8.4,5.6,0.0168,17,227,-17,6,226.7,176,-150,26,1.1,0.008849,1.54,0.82,0.54,0.44,0.35,0.28,-1,2000-09-23 15:00:00
2000,267,16,2282,71,71,14,14,4.6,4.1,-34.1,305.5,2.0,-2.8,-2.3,-3.5,-1.0,0.1,1.8,0.8,0.6,1.5,66311.0,3.7,418.0,-1.8,-0.7,0.051,12165.0,0.2,5.0,0.5,1.4,0.004,1.3,0.42,1.42,8.7,5.9,0.0156,17,227,-14,6,226.7,222,-186,36,1.5,0.008849,1.48,0.76,0.5,0.4,0.34,0.26,-1,2000-09-23 16:00:00
2000,267,17,2282,71,71,15,15,4.5,3.6,5.6,12.1,3.5,0.7,0.3,0.8,0.0,0.1,2.3,0.6,1.4,1.8,87573.0,4.1,408.0,1.4,1.1,0.055,12356.0,0.2,5.0,1.2,1.3,0.004,1.39,-0.0,1.82,9.2,5.7,0.0141,17,227,-12,6,226.7,287,-240,46,1.5,0.008849,1.42,0.76,0.51,0.42,0.35,0.28,-1,2000-09-23 17:00:00
2000,267,18,2282,71,71,15,15,4.5,4.0,41.7,352.9,3.0,-0.4,2.6,0.4,2.6,0.3,1.6,0.5,1.2,1.0,79801.0,3.5,408.0,1.0,2.9,0.056,10437.0,0.3,3.0,1.6,0.7,0.005,1.19,-1.06,1.5,8.5,5.6,0.0165,13,227,-13,5,226.7,157,-102,55,0.3,0.008849,1.4,0.74,0.48,0.38,0.32,0.25,-1,2000-09-23 18:00:00
2000,267,19,2282,71,71,15,15,4.8,3.8,16.6,305.4,2.1,-3.0,1.1,-2.6,1.9,0.1,2.6,1.2,1.6,1.7,66555.0,3.3,417.0,-1.1,2.3,0.051,10496.0,0.2,8.0,1.8,1.0,0.008,1.15,-0.79,1.16,7.9,5.6,0.0191,13,227,-10,5,226.7,56,-21,35,-0.1,0.008849,1.38,0.72,0.47,0.38,0.31,0.24,-1,2000-09-23 19:00:00
2000,267,20,2282,71,71,16,16,4.7,3.3,1.9,302.0,1.8,-2.8,0.1,-2.7,0.8,0.1,2.9,1.3,2.1,1.5,67027.0,3.5,416.0,-0.5,1.5,0.044,12961.0,0.3,8.0,2.1,1.1,0.005,1.19,-0.33,1.29,8.3,5.7,0.0174,13,227,-6,5,226.7,57,-24,33,0.6,0.008849,1.39,0.74,0.49,0.4,0.32,0.25,-1,2000-09-23 20:00:00
2000,267,21,2282,71,71,14,14,4.8,3.8,3.3,287.1,1.1,-3.6,0.2,-3.5,1.0,0.1,2.7,2.1,0.3,1.6,68779.0,3.7,418.0,-1.0,1.9,0.046,8878.0,0.3,13.0,0.7,1.3,0.005,1.28,-0.42,1.32,8.4,5.7,0.017,10,227,-4,4,226.7,102,-57,45,1.0,0.008849,1.38,0.75,0.5,0.41,0.34,0.26,-1,2000-09-23 21:00:00
2000,267,22,2282,71,71,16,16,4.5,3.7,28.6,298.0,1.5,-2.9,1.8,-2.4,2.4,0.2,2.1,0.6,1.0,1.8,66930.0,3.7,417.0,-0.4,2.6,0.048,7244.0,0.3,4.0,1.2,1.5,0.004,1.28,-1.0,1.48,8.9,5.9,0.015,10,227,-4,4,226.7,63,-34,29,0.5,0.008849,1.36,0.73,0.49,0.41,0.34,0.25,-1,2000-09-23 22:00:00
2000,267,23,2282,71,71,14,14,4.9,4.7,-17.8,280.0,0.8,-4.4,-1.5,-4.6,-0.5,0.1,1.0,0.6,0.3,0.8,49979.0,3.5,419.0,-2.4,0.8,0.042,5101.0,0.2,5.0,0.3,0.4,0.004,1.2,0.21,1.08,8.0,5.8,0.0186,10,227,-5,4,226.7,65,-34,32,0.7,0.008849,1.32,0.72,0.49,0.4,0.33,0.25,-1,2000-09-23 23:00:00
2000,268,0,2282,71,71,15,15,4.7,4.2,-7.0,292.9,1.6,-3.8,-0.5,-3.8,0.4,0.2,1.9,0.8,0.6,1.7,64980.0,3.4,414.0,-1.9,1.7,0.043,11165.0,0.2,4.0,0.4,1.1,0.003,1.14,-0.17,1.24,8.1,5.6,0.018,3,232,-9,2,225.8,53,-24,29,0.3,0.008745,1.34,0.73,0.5,0.41,0.34,0.25,-1,2000-09-24 00:00:00
2000,268,1,2282,71,71,15,15,4.0,3.5,33.8,318.2,2.2,-1.9,2.0,-1.3,2.4,0.3,1.6,0.5,0.8,1.3,80718.0,3.9,414.0,0.0,2.3,0.048,11466.0,0.2,2.0,0.7,0.7,0.004,1.33,-0.99,2.12,10.2,6.1,0.0114,3,232,-9,2,225.8,53,-28,25,0.2,0.008745,1.36,0.77,0.53,0.44,0.37,0.29,-1,2000-09-24 01:00:00
2000,268,2,2282,71,71,16,16,3.7,2.8,18.2,304.3,1.5,-2.2,0.9,-1.8,1.5,0.6,2.3,1.4,1.0,1.5,78085.0,3.8,416.0,-0.6,1.7,0.048,10450.0,0.3,7.0,0.8,1.1,0.002,1.31,-0.62,2.38,11.0,6.3,0.0099,3,232,-9,2,225.8,51,-32,19,-0.1,0.008745,1.29,0.69,0.48,0.39,0.32,0.24,-1,2000-09-24 02:00:00
2000,268,3,2282,71,71,14,14,3.2,2.5,13.3,346.7,2.4,-0.6,0.6,-0.4,0.8,0.3,1.8,1.2,0.4,1.3,89545.0,4.6,414.0,0.4,1.4,0.052,9300.0,0.2,4.0,0.5,0.6,0.004,1.59,-0.33,4.07,13.9,6.5,0.0062,13,232,-6,5,225.8,62,-36,26,0.1,0.008745,1.26,0.71,0.51,0.44,0.38,0.31,-1,2000-09-24 03:00:00
2000,268,4,2282,71,71,15,15,3.2,2.9,-0.7,343.4,2.8,-0.8,0.0,-0.7,0.3,0.2,1.2,0.6,0.2,1.0,95187.0,4.5,410.0,-0.1,1.7,0.059,7090.0,0.2,1.0,0.3,0.3,0.003,1.56,-0.12,4.09,13.6,6.4,0.0064,13,232,-7,5,225.8,60,-35,25,-0.1,0.008745,1.26,0.73,0.53,0.45,0.38,0.29,-1,2000-09-24 04:00:00
2000,268,5,2282,71,71,15,15,3.3,3.0,-16.4,347.2,2.8,-0.6,-0.9,-0.9,-0.5,0.1,1.2,0.6,0.7,0.8,94731.0,4.3,407.0,-0.3,1.7,0.061,7631.0,0.2,2.0,0.3,0.2,0.003,1.48,0.2,3.66,12.8,6.3,0.0073,13,232,-7,5,225.8,55,-28,27,-0.1,0.008745,1.2,0.68,0.49,0.42,0.35,0.27,-1,2000-09-24 05:00:00
2000,268,6,2282,71,71,15,15,3.7,3.7,-20.8,323.8,2.8,-2.0,-1.3,-2.4,-0.2,0.4,0.7,0.4,0.4,0.4,78631.0,4.1,401.0,-1.3,2.1,0.054,8611.0,0.3,4.0,0.6,0.4,0.006,1.34,0.08,2.58,11.0,6.1,0.0099,7,232,-9,3,225.8,65,-21,45,-0.1,0.008745,1.3,0.73,0.52,0.44,0.37,0.28,-1,2000-09-24 06:00:00
2000,268,7,2282,71,71,15,15,3.9,3.6,-15.3,323.1,2.8,-2.1,-1.0,-2.3,0.2,0.2,1.2,0.2,0.3,1.1,71700.0,4.6,398.0,-1.7,2.5,0.041,5790.0,0.2,2.0,0.2,0.3,0.003,1.42,-0.08,2.52,10.9,6.1,0.0099,7,232,-10,3,225.8,87,-57,30,-0.3,0.008745,1.25,0.69,0.48,0.4,0.33,0.25,-1,2000-09-24 07:00:00
2000,268,8,2282,71,71,14,14,4.0,3.9,-11.2,341.4,3.7,-1.2,-0.8,-1.4,0.0,0.1,0.6,0.2,0.4,0.4,73345.0,4.9,393.0,-1.4,2.8,0.048,2330.0,0.1,1.0,0.2,0.1,0.003,1.51,-0.0,2.57,10.9,6.1,0.0101,7,232,-9,3,225.8,68,-40,28,-0.1,0.008745,1.18,0.67,0.47,0.4,0.33,0.25,-1,2000-09-24 08:00:00
2000,268,9,2282,71,71,15,15,4.0,3.9,11.3,352.4,3.8,-0.5,0.8,0.0,0.9,0.1,0.7,0.2,0.2,0.6,66782.0,4.8,390.0,-1.2,3.1,0.046,2653.0,0.1,1.0,0.2,0.1,0.002,1.44,-0.35,2.44,10.7,6.1,0.0104,10,232,-9,4,225.8,40,-26,15,-0.4,0.008745,1.27,0.69,0.5,0.42,0.35,0.26,-1,2000-09-24 09:00:00
2000,268,10,2282,71,71,15,15,4.1,3.9,14.1,342.4,3.6,-1.2,1.0,-0.4,1.5,0.1,1.0,0.3,0.4,0.8,64200.0,4.7,386.0,-1.8,3.3,0.045,6870.0,0.1,1.0,0.2,0.1,0.003,1.38,-0.58,2.24,10.2,6.0,0.0114,10,232,-7,4,225.8,42,-29,13,-0.3,0.008745,1.23,0.67,0.47,0.39,0.33,0.25,-1,2000-09-24 10:00:00
2000,268,11,2282,71,71,15,15,4.2,4.2,-20.8,333.7,3.5,-1.7,-1.5,-2.2,-0.3,0.1,0.7,0.3,0.3,0.5,68750.0,4.6,386.0,-2.0,3.1,0.047,4838.0,0.1,1.0,0.2,0.1,0.002,1.36,0.12,2.14,9.9,5.8,0.0122,10,232,-6,4,225.8,47,-20,28,0.1,0.008745,1.32,0.73,0.51,0.43,0.36,0.28,-1,2000-09-24 11:00:00
2000,268,12,2282,71,71,15,15,4.1,3.8,3.8,335.5,3.5,-1.6,0.3,-1.2,1.1,0.2,1.4,0.3,0.3,1.3,68826.0,4.5,378.0,-2.8,2.9,0.041,8336.0,0.2,2.0,0.6,0.4,0.003,1.25,-0.42,2.2,9.8,5.7,0.0124,13,232,-4,5,225.8,49,-29,20,0.0,0.008745,1.28,0.68,0.46,0.38,0.31,0.22,-1,2000-09-24 12:00:00
2000,268,13,2282,71,71,15,15,5.0,4.7,-10.1,323.2,3.7,-2.8,-0.8,-2.8,0.8,0.6,1.4,0.4,0.9,1.1,68829.0,6.2,385.0,-3.4,4.7,0.039,8714.0,0.9,4.0,0.8,0.6,0.003,1.77,-0.31,2.03,9.6,5.8,0.0129,13,232,-1,5,225.8,45,-31,14,0.1,0.008745,1.32,0.7,0.49,0.41,0.34,0.26,-1,2000-09-24 13:00:00
2000,268,14,2282,71,71,16,16,6.5,6.3,-27.5,300.6,2.9,-4.8,-2.9,-5.6,-0.2,0.4,1.4,0.8,0.7,0.9,49586.0,10.0,394.0,-5.7,5.3,0.036,4728.0,1.5,3.0,0.7,0.3,0.002,2.97,0.08,1.75,9.6,6.0,0.0129,13,232,1,5,225.8,82,-59,23,1.3,0.008745,1.32,0.7,0.49,0.42,0.35,0.26,-1,2000-09-24 14:00:00
2000,268,15,2282,71,71,15,15,8.4,8.1,-32.0,289.5,2.3,-6.5,-4.3,-7.7,-0.9,0.4,2.0,1.4,0.4,1.4,46271.0,12.7,399.0,-6.4,6.3,0.031,2536.0,1.1,6.0,0.3,0.9,0.005,3.8,0.36,1.31,8.5,5.8,0.0166,30,232,1,15,225.8,151,-113,38,2.1,0.008745,1.34,0.7,0.47,0.39,0.33,0.26,-1,2000-09-24 15:00:00
2000,268,16,2282,71,71,17,17,10.6,7.0,15.8,116.4,-3.0,6.0,1.9,6.3,-0.7,1.7,7.9,2.5,7.2,2.2,45329.0,9.3,433.0,-1.5,6.5,0.029,7951.0,4.7,18.0,2.9,0.9,0.011,3.25,0.3,0.6,6.2,5.1,0.0307,30,232,-1,15,225.8,320,-246,74,1.8,0.008745,1.15,0.65,0.48,0.41,0.34,0.26,-1,2000-09-24 16:00:00
2000,268,17,2282,71,71,14,14,7.8,5.0,3.6,138.5,-3.7,3.3,0.3,3.2,-0.9,1.3,5.9,0.9,5.3,2.5,59042.0,16.4,435.0,-2.6,5.6,0.041,7396.0,3.9,5.0,1.9,0.7,0.01,6.03,0.39,2.1,11.3,6.7,0.0093,30,232,9,15,225.8,413,-301,112,1.8,0.008745,1.23,0.65,0.46,0.38,0.32,0.25,-1,2000-09-24 17:00:00
2000,268,18,2282,71,71,16,16,11.0,6.8,-42.3,205.5,-4.6,-2.2,-4.6,-3.5,-3.7,1.2,8.5,6.5,5.0,2.1,123541.0,8.3,456.0,-6.0,2.1,0.054,53080.0,6.1,26.0,1.5,1.7,0.016,3.5,1.69,0.72,6.0,4.7,0.0334,50,232,-5,48,225.8,391,-275,116,1.4,0.008745,1.06,0.64,0.49,0.43,0.37,0.28,-1,2000-09-24 18:00:00
2000,268,19,2282,71,71,15,15,11.8,10.8,-29.2,162.8,-9.0,2.8,-5.3,1.2,-5.9,0.4,4.2,0.4,3.6,2.1,194420.0,5.6,470.0,-2.2,2.1,0.064,15938.0,1.7,7.0,1.3,1.1,0.03,2.59,2.77,0.54,4.7,3.9,0.0536,50,232,-14,48,225.8,583,-341,242,2.5,0.008745,0.87,0.56,0.46,0.41,0.35,0.27,-1,2000-09-24 19:00:00
2000,268,20,2282,71,71,17,17,10.8,9.8,-10.9,142.0,-7.6,5.9,-1.9,5.2,-3.3,0.6,4.0,1.6,2.3,2.9,277769.0,5.2,483.0,1.5,2.9,0.053,58259.0,1.1,26.0,2.0,1.3,0.019,2.46,1.59,0.75,5.1,4.0,0.0457,50,232,-29,48,225.8,713,-479,234,3.8,0.008745,0.74,0.51,0.43,0.38,0.33,0.25,-1,2000-09-24 20:00:00
2000,268,21,2282,71,71,15,15,8.5,7.5,-34.6,177.5,-6.1,0.3,-4.2,-0.7,-4.2,0.4,3.6,1.7,2.4,2.0,445903.0,2.9,556.0,7.3,1.6,0.076,23413.0,0.2,11.0,0.8,1.0,0.042,1.95,2.34,0.96,5.6,4.1,0.0383,33,232,-30,18,225.8,542,-290,252,4.2,0.008745,0.62,0.47,0.42,0.38,0.33,0.26,-1,2000-09-24 21:00:00
2000,268,22,2282,71,71,15,15,7.7,7.0,5.6,144.1,-5.6,4.1,0.7,4.2,-0.2,0.3,2.5,1.3,1.0,1.8,381873.0,2.5,556.0,9.1,4.9,0.09,27618.0,0.4,9.0,1.2,2.0,0.02,1.76,0.11,0.9,5.7,4.3,0.0365,33,232,-38,18,225.8,370,-190,180,2.2,0.008745,0.65,0.51,0.45,0.41,0.36,0.27,-1,2000-09-24 22:00:00
2000,268,23,2282,71,71,16,16,7.6,6.9,20.9,120.6,-3.3,5.5,2.4,5.9,1.1,0.2,2.5,1.8,1.1,1.5,385928.0,1.9,569.0,11.4,6.0,0.094,23870.0,0.2,16.0,1.6,1.9,0.02,1.41,-0.63,0.7,5.2,4.1,0.0447,33,232,-37,18,225.8,279,-156,123,1.3,0.008745,1.21,1.07,1.01,0.97,0.92,0.73,-1,2000-09-24 23:00:00
2000,269,0,2282,71,71,14,14,5.6,3.5,21.6,98.6,-0.5,3.2,1.3,3.4,0.5,1.1,3.9,1.5,3.3,1.6,471945.0,1.8,570.0,16.1,6.8,0.093,47956.0,0.2,17.0,5.4,2.1,0.023,1.34,-0.28,1.43,6.8,4.6,0.0255,27,218,-37,12,226.8,202,-116,86,0.4,0.008998,0.6,0.47,0.42,0.38,0.34,0.26,-1,2000-09-25 00:00:00
2000,269,1,2282,71,71,15,15,6.5,6.1,18.5,85.3,0.5,5.8,2.0,6.1,0.4,0.6,1.8,1.2,0.9,1.0,389418.0,1.6,544.0,13.1,5.1,0.062,11299.0,0.1,14.0,1.7,1.4,0.019,0.99,-0.22,0.82,5.3,4.1,0.0425,27,218,-36,12,226.8,248,-159,89,1.6,0.008998,0.63,0.5,0.46,0.42,0.36,0.27,-1,2000-09-25 01:00:00
2000,269,2,2282,71,71,14,14,6.6,6.3,18.5,101.8,-1.2,5.9,2.0,6.2,0.1,0.2,1.3,0.3,0.5,1.2,336123.0,1.5,514.0,12.4,3.8,0.065,31213.0,0.1,6.0,1.5,2.0,0.018,0.83,-0.05,0.67,4.8,3.8,0.0523,27,218,-37,12,226.8,176,-99,78,1.5,0.008998,0.65,0.53,0.49,0.46,0.39,0.3,-1,2000-09-25 02:00:00
2000,269,3,2282,71,71,15,15,6.7,6.7,37.2,98.2,-0.8,5.3,4.0,6.4,1.9,0.1,0.7,0.4,0.4,0.4,241980.0,1.2,508.0,8.9,1.8,0.035,24412.0,0.1,7.0,2.4,0.7,0.004,0.59,-0.97,0.41,4.2,3.6,0.069,27,218,-36,12,226.8,119,-87,32,0.9,0.008998,0.61,0.47,0.41,0.38,0.34,0.27,-1,2000-09-25 03:00:00
2000,269,4,2282,71,71,15,15,6.2,6.1,29.9,94.6,-0.4,5.3,3.0,6.1,0.7,0.3,0.7,0.2,0.3,0.6,218802.0,1.9,502.0,2.2,1.0,0.037,5807.0,0.3,4.0,0.7,0.3,0.006,0.92,-0.35,0.71,5.6,4.4,0.0382,27,218,-32,12,226.8,130,-103,27,0.6,0.008998,0.72,0.52,0.44,0.41,0.35,0.26,-1,2000-09-25 04:00:00
2000,269,5,2282,71,71,15,15,5.5,5.2,11.4,95.5,-0.5,5.1,1.0,5.0,-1.3,0.3,1.4,0.4,0.3,1.3,168235.0,2.5,494.0,0.6,1.8,0.028,12677.0,0.4,5.0,0.7,1.4,0.004,1.13,0.64,1.02,7.1,5.2,0.0236,27,218,-29,12,226.8,230,-176,54,1.9,0.008998,0.78,0.55,0.47,0.43,0.36,0.28,-1,2000-09-25 05:00:00
2000,269,6,2282,71,71,14,14,5.3,4.6,3.6,106.3,-1.3,4.4,0.3,4.0,-1.8,0.3,2.2,1.5,1.1,1.1,155924.0,3.4,482.0,0.3,2.0,0.038,8043.0,0.5,11.0,0.7,0.7,0.009,1.52,0.87,1.43,8.4,5.6,0.0169,30,218,-32,15,226.8,265,-189,76,2.4,0.008998,0.78,0.53,0.44,0.4,0.34,0.25,-1,2000-09-25 06:00:00
2000,269,7,2282,71,71,15,15,5.8,4.0,-4.0,111.6,-1.5,3.8,-0.3,3.1,-2.2,0.5,3.4,2.8,0.8,1.7,155708.0,4.3,476.0,0.7,3.5,0.047,10731.0,0.4,13.0,0.6,0.9,0.009,1.93,1.05,1.51,8.5,5.6,0.0164,30,218,-31,15,226.8,337,-235,102,2.2,0.008998,0.75,0.54,0.45,0.41,0.36,0.27,-1,2000-09-25 07:00:00
2000,269,8,2282,71,71,16,16,6.3,4.6,16.9,77.7,0.9,4.3,1.3,4.3,-1.2,0.4,4.1,3.6,0.8,1.8,146555.0,4.4,483.0,0.2,2.3,0.051,17134.0,0.2,13.0,0.8,0.9,0.012,2.06,0.58,1.27,8.0,5.6,0.0184,30,218,-29,15,226.8,427,-298,129,2.5,0.008998,0.72,0.51,0.44,0.41,0.34,0.25,-1,2000-09-25 08:00:00
2000,269,9,2282,71,71,15,15,5.9,4.9,5.1,84.5,0.5,4.8,0.4,4.2,-2.3,0.4,2.8,2.0,0.7,1.9,149271.0,5.0,482.0,1.1,2.0,0.061,10364.0,0.4,7.0,0.4,0.5,0.011,2.41,1.11,1.66,9.1,5.9,0.0143,33,218,-26,18,226.8,327,-185,142,2.5,0.008998,0.5,0.37,0.28,0.24,0.22,0.17,-1,2000-09-25 09:00:00
2000,269,10,2282,71,71,14,14,5.7,4.0,43.2,141.4,-2.3,1.8,2.7,3.0,1.2,0.4,3.6,2.4,2.2,1.5,180950.0,7.0,469.0,2.5,1.1,0.063,15815.0,1.1,9.0,1.1,0.7,0.012,3.22,-0.56,2.77,10.9,5.9,0.01,33,218,-26,18,226.8,555,-411,144,2.0,0.008998,0.69,0.5,0.43,0.39,0.33,0.25,-1,2000-09-25 10:00:00
2000,269,11,2282,71,71,16,16,6.9,5.6,16.3,150.9,-4.7,2.6,1.6,3.1,-0.1,0.3,3.7,1.9,2.5,2.0,188258.0,8.1,465.0,2.2,1.8,0.057,10828.0,1.0,9.0,1.5,1.1,0.011,3.59,0.05,2.24,9.6,5.6,0.0129,33,218,-19,18,226.8,325,-224,101,1.0,0.008998,0.67,0.49,0.41,0.37,0.31,0.2,-1,2000-09-25 11:00:00
2000,269,12,2282,71,71,15,15,6.8,4.9,46.0,108.9,-1.1,3.2,3.6,4.6,1.3,0.7,4.3,1.6,3.1,2.5,207768.0,7.0,480.0,0.5,0.5,0.046,9488.0,0.6,10.0,1.9,1.3,0.007,3.19,-0.62,2.12,9.3,5.6,0.0136,33,218,-15,18,226.8,274,-135,139,1.5,0.008998,0.73,0.58,0.5,0.45,0.37,0.28,-1,2000-09-25 12:00:00
2000,269,13,2282,71,71,15,15,7.6,6.0,18.3,83.8,0.6,5.6,1.9,5.8,-1.3,0.8,4.4,1.7,2.6,3.0,227575.0,6.4,500.0,-1.6,-0.1,0.033,10578.0,0.5,9.0,1.0,1.2,0.004,3.02,0.65,1.64,8.3,5.4,0.0172,33,218,-15,18,226.8,278,-163,115,1.6,0.008998,0.74,0.59,0.54,0.5,0.44,0.33,-1,2000-09-25 13:00:00
2000,269,14,2282,71,71,16,16,9.5,7.9,8.4,101.5,-1.6,7.6,1.2,7.2,-2.6,0.9,4.7,2.5,2.0,3.3,344744.0,3.8,522.0,1.7,-1.7,0.065,63407.0,1.5,18.0,2.6,2.2,0.032,2.18,1.36,0.83,5.4,4.1,0.0415,33,218,-23,18,226.8,448,-329,119,1.7,0.008998,999999.99,99999.99,99999.99,99999.99,99999.99,99999.99,0,2000-09-25 14:00:00
2000,269,15,2282,71,71,15,15,9.0,8.3,-13.3,102.5,-1.7,7.9,-1.9,6.2,-5.2,0.5,2.8,1.8,0.9,2.0,416629.0,2.6,528.0,4.9,-1.8,0.084,12015.0,0.2,19.0,0.9,1.8,0.013,1.62,2.75,0.73,4.7,3.7,0.0532,40,218,-29,27,226.8,561,-384,177,2.6,0.008998,999999.99,99999.99,99999.99,99999.99,99999.99,99999.99,0,2000-09-25 15:00:00
2000,269,16,2282,71,71,15,15,8.6,7.7,-26.0,98.8,-1.1,6.9,-3.4,4.9,-5.9,0.3,2.4,1.9,1.0,1.2,395927.0,2.5,538.0,5.4,-2.7,0.073,19731.0,0.2,20.0,1.0,1.4,0.024,1.56,3.17,0.74,4.9,3.9,0.0486,40,218,-33,27,226.8,744,-430,314,3.1,0.008998,0.63,0.53,0.47,0.43,0.34,0.26,-1,2000-09-25 16:00:00
2000,269,17,2282,71,71,14,14,7.9,6.5,-24.6,120.1,-3.0,5.1,-2.7,3.8,-4.4,0.6,3.9,1.7,2.7,2.3,423843.0,2.5,524.0,6.6,-4.1,0.055,22602.0,0.3,11.0,2.8,2.0,0.009,1.4,2.31,0.92,5.2,3.9,0.0433,40,218,-34,27,226.8,811,-476,335,4.8,0.008998,0.54,0.44,0.37,0.34,0.29,0.23,-1,2000-09-25 17:00:00
2000,269,18,2282,71,71,15,15,8.2,6.8,-16.2,113.1,-2.6,6.0,-1.9,5.1,-3.7,0.2,3.9,2.4,1.7,2.6,399721.0,2.8,531.0,4.6,-3.9,0.046,14629.0,0.2,20.0,1.9,2.8,0.013,1.56,1.96,0.91,5.4,4.0,0.0405,37,218,-39,22,226.8,657,-386,271,3.7,0.008998,0.67,0.59,0.52,0.5,0.41,0.37,-1,2000-09-25 18:00:00
2000,269,19,2282,71,71,15,15,8.5,8.0,-15.5,133.2,-5.3,5.6,-2.1,4.8,-3.6,0.2,1.8,1.0,0.8,1.3,360489.0,2.5,502.0,4.6,-3.9,0.064,23770.0,0.3,13.0,1.1,1.3,0.015,1.32,1.81,0.7,4.7,3.7,0.0546,37,218,-42,22,226.8,547,-269,278,3.3,0.008998,0.69,0.56,0.51,0.47,0.42,0.34,-1,2000-09-25 19:00:00
2000,269,20,2282,71,71,16,16,7.4,6.1,-39.5,137.8,-3.5,3.2,-3.9,2.1,-4.6,0.5,3.7,1.6,2.8,1.7,418297.0,2.5,534.0,5.1,-5.0,0.078,11532.0,0.2,19.0,2.5,1.2,0.028,1.56,2.46,1.04,5.7,4.1,0.0365,37,218,-37,22,226.8,681,-432,249,3.8,0.008998,0.61,0.47,0.42,0.39,0.34,0.25,-1,2000-09-25 20:00:00
2000,269,21,2282,71,71,15,15,7.9,6.9,-35.1,127.1,-3.4,4.5,-4.0,3.4,-4.9,0.5,2.9,1.4,1.8,1.8,439465.0,2.3,534.0,3.5,-5.5,0.088,10550.0,0.3,14.0,2.2,1.7,0.021,1.48,2.62,0.87,5.1,3.9,0.0453,40,218,-38,27,226.8,601,-349,252,4.7,0.008998,0.62,0.51,0.45,0.42,0.36,0.28,-1,2000-09-25 21:00:00
2000,269,22,2282,71,71,14,14,7.5,6.0,-60.6,167.5,-2.9,0.6,-5.3,-0.6,-5.3,0.7,4.2,1.3,3.9,1.1,433821.0,2.5,534.0,6.1,-4.8,0.088,21132.0,0.3,13.0,2.5,1.1,0.022,1.61,2.83,1.04,5.6,4.1,0.0375,40,218,-45,27,226.8,633,-388,245,3.8,0.008998,0.63,0.5,0.44,0.41,0.35,0.27,-1,2000-09-25 22:00:00
2000,269,23,2282,71,71,15,15,9.4,8.9,-22.6,127.0,-4.9,6.6,-3.4,5.6,-4.8,0.4,2.5,1.7,1.4,1.1,368709.0,1.9,502.0,-0.3,-5.6,0.051,29608.0,0.2,18.0,1.7,3.4,0.013,0.96,2.41,0.44,3.7,3.1,0.0878,40,218,-50,27,226.8,432,-259,173,2.9,0.008998,0.61,0.5,0.45,0.42,0.36,0.27,-1,2000-09-25 23:00:00
2000,270,0,2282,71,71,15,15,10.2,9.5,-23.9,117.6,-4.0,7.7,-3.8,6.5,-5.6,0.2,2.4,0.9,1.4,1.7,360283.0,2.0,517.0,1.2,-0.1,0.067,22081.0,0.3,13.0,1.8,1.6,0.02,1.13,2.9,0.39,3.6,3.1,0.0926,47,229,-46,39,224.7,564,-388,176,5.0,0.009382,0.6,0.48,0.42,0.39,0.33,0.25,-1,2000-09-26 00:00:00
2000,270,1,2282,71,71,16,16,9.7,8.8,-11.1,120.9,-4.5,7.4,-1.7,6.7,-3.6,0.7,3.1,0.8,1.2,2.7,360077.0,2.4,521.0,1.6,0.0,0.056,18795.0,0.4,9.0,1.3,2.5,0.018,1.33,1.88,0.52,4.2,3.5,0.0687,47,229,-50,39,224.7,549,-360,189,3.7,0.009382,0.61,0.5,0.44,0.41,0.37,0.28,-1,2000-09-26 01:00:00
2000,270,2,2282,71,71,15,15,8.0,6.0,-8.9,140.5,-4.5,3.7,-0.9,3.2,-2.0,1.1,4.7,1.3,2.3,3.9,315019.0,2.0,537.0,3.6,-0.2,0.045,33942.0,0.4,18.0,0.8,5.0,0.008,1.14,1.07,0.58,4.7,3.9,0.0528,47,229,-55,39,224.7,498,-344,154,3.0,0.009382,0.59,0.47,0.42,0.39,0.33,0.25,-1,2000-09-26 02:00:00
2000,270,3,2282,71,71,15,15,6.2,5.3,11.5,148.4,-4.4,2.7,1.0,2.9,0.0,0.1,2.3,0.6,1.4,1.8,216577.0,1.4,569.0,1.7,-0.2,0.039,18245.0,0.1,6.0,1.3,2.6,0.006,0.88,-0.0,0.52,5.4,4.5,0.0403,40,229,-53,27,224.7,233,-212,21,1.3,0.009382,0.59,0.47,0.42,0.39,0.33,0.25,-1,2000-09-26 03:00:00
2000,270,4,2282,71,71,15,15,6.1,5.0,12.0,151.1,-4.2,2.3,1.0,2.5,0.0,0.1,3.3,0.9,2.0,2.4,215066.0,1.4,573.0,1.7,0.1,0.035,12367.0,0.1,12.0,2.0,3.6,0.005,0.88,-0.0,0.54,5.6,4.6,0.0385,40,229,-50,27,224.7,179,-122,56,1.4,0.009382,0.58,0.45,0.4,0.37,0.33,0.25,-1,2000-09-26 04:00:00
2000,270,5,2282,71,71,15,15,6.1,5.1,-5.5,126.8,-3.1,4.1,-0.5,3.5,-2.2,0.1,2.7,1.3,0.9,2.2,242284.0,1.4,587.0,-0.4,3.0,0.036,13656.0,0.1,17.0,1.5,3.3,0.006,0.92,1.29,0.58,5.7,4.6,0.0367,40,229,-49,27,224.7,318,-250,67,2.0,0.009382,0.66,0.52,0.47,0.44,0.37,0.28,-1,2000-09-26 05:00:00
2000,270,6,2282,71,71,16,16,6.2,4.9,36.5,169.8,-3.9,0.7,2.9,2.0,2.2,0.2,3.5,0.7,1.9,2.8,233412.0,1.5,579.0,3.6,-2.2,0.045,12377.0,0.1,13.0,2.1,4.0,0.007,0.99,-1.27,0.59,5.7,4.7,0.0364,37,229,-47,22,224.7,418,-316,101,3.2,0.009382,0.64,0.5,0.45,0.42,0.36,0.28,-1,2000-09-26 06:00:00
2000,270,7,2282,71,71,15,15,6.4,5.2,7.0,115.8,-2.2,4.6,0.6,4.3,-1.8,0.1,3.0,1.8,1.5,1.8,254540.0,1.5,588.0,-0.7,1.5,0.048,22164.0,0.1,23.0,1.6,2.6,0.011,1.03,1.06,0.58,5.6,4.6,0.0376,37,229,-42,22,224.7,187,-90,97,2.2,0.009382,0.62,0.47,0.42,0.4,0.34,0.26,-1,2000-09-26 07:00:00
2000,270,8,2282,71,71,15,15,6.1,4.8,21.9,138.2,-3.3,3.0,1.8,3.5,-0.1,0.2,3.1,1.4,1.5,2.3,229091.0,1.5,573.0,0.9,0.0,0.044,14858.0,0.1,19.0,2.0,3.3,0.006,0.97,0.06,0.6,5.8,4.7,0.0359,37,229,-43,22,224.7,311,-222,89,2.2,0.009382,0.64,0.5,0.45,0.43,0.37,0.27,-1,2000-09-26 08:00:00
2000,270,9,2282,71,71,15,15,6.3,5.1,-17.6,104.2,-1.2,4.8,-1.6,3.1,-4.0,0.1,3.0,2.1,1.0,1.9,245498.0,1.5,596.0,-0.4,5.0,0.04,13623.0,0.1,27.0,1.3,2.4,0.01,1.03,2.38,0.59,5.8,4.7,0.0354,37,229,-35,22,224.7,569,-384,185,3.7,0.009382,0.64,0.49,0.44,0.41,0.36,0.28,-1,2000-09-26 09:00:00
2000,270,10,2282,71,71,15,15,6.4,5.1,8.0,128.8,-3.2,3.9,0.7,3.6,-1.6,0.1,3.1,1.3,0.8,2.6,230447.0,1.6,568.0,0.0,1.5,0.031,14760.0,0.1,19.0,1.4,3.7,0.005,0.97,0.91,0.58,5.6,4.6,0.0378,37,229,-43,22,224.7,627,-509,119,3.9,0.009382,0.65,0.5,0.46,0.43,0.37,0.28,-1,2000-09-26 10:00:00
2000,270,11,2282,71,71,15,15,5.7,4.2,-9.0,122.3,-2.2,3.5,-0.7,2.5,-2.5,0.6,3.3,1.6,1.0,2.7,193823.0,1.6,582.0,-0.7,1.9,0.044,30782.0,0.2,21.0,1.8,3.8,0.009,1.06,1.46,0.66,6.5,5.2,0.0285,37,229,-41,22,224.7,549,-385,164,3.1,0.009382,0.63,0.47,0.42,0.39,0.34,0.27,-1,2000-09-26 11:00:00
2000,270,12,2282,71,71,14,14,5.0,3.0,-18.4,168.5,-2.8,0.6,-1.0,0.0,-1.2,0.2,3.6,1.4,2.1,2.5,159579.0,1.4,580.0,1.6,1.9,0.035,11529.0,0.2,20.0,2.8,3.8,0.006,0.9,0.7,0.67,6.9,5.5,0.0253,43,229,-34,32,224.7,630,-476,155,2.8,0.009382,0.63,0.47,0.42,0.39,0.34,0.26,-1,2000-09-26 12:00:00
2000,270,13,2282,71,71,16,16,5.1,4.1,-21.8,133.1,-2.6,2.8,-1.5,1.6,-2.7,0.1,2.8,1.4,1.1,2.1,135927.0,1.4,583.0,-2.0,2.7,0.036,8114.0,0.2,21.0,1.7,3.2,0.003,0.91,1.57,0.59,6.8,5.5,0.026,43,229,-33,32,224.7,314,-218,95,1.5,0.009382,0.62,0.48,0.44,0.41,0.34,0.25,-1,2000-09-26 13:00:00
2000,270,14,2282,71,71,15,15,5.0,4.4,-18.9,117.7,-2.0,3.7,-1.4,2.6,-3.0,0.0,1.7,0.9,0.6,1.3,120388.0,1.4,589.0,-3.8,2.7,0.038,12643.0,0.2,17.0,1.1,2.0,0.004,0.93,1.77,0.58,7.0,5.7,0.0245,43,229,-33,32,224.7,758,-532,226,4.2,0.009382,0.63,0.49,0.45,0.43,0.38,0.3,-1,2000-09-26 14:00:00
2000,270,15,2282,71,71,14,14,5.0,4.5,-11.1,125.9,-2.6,3.5,-0.9,2.7,-2.4,0.0,1.5,1.1,0.7,0.8,115931.0,1.4,577.0,-3.7,1.7,0.035,9932.0,0.1,18.0,1.0,1.8,0.002,0.89,1.38,0.57,6.8,5.6,0.0255,30,229,-41,15,224.7,472,-344,127,2.4,0.009382,0.59,0.46,0.41,0.39,0.34,0.27,-1,2000-09-26 15:00:00
2000,270,16,2282,71,71,16,16,5.0,4.7,-1.1,112.2,-1.8,4.3,-0.1,3.9,-1.8,0.0,1.5,0.9,0.5,1.1,121477.0,1.5,583.0,-4.6,0.8,0.037,6687.0,0.1,13.0,0.8,1.6,0.004,0.98,1.05,0.62,7.1,5.8,0.0233,30,229,-41,15,224.7,446,-320,125,2.0,0.009382,0.58,0.47,0.42,0.4,0.34,0.26,-1,2000-09-26 16:00:00
2000,270,17,2282,71,71,14,14,4.9,3.6,-14.3,175.4,-3.5,0.3,-0.9,0.0,-0.9,0.1,2.9,0.9,2.5,1.2,130042.0,1.4,555.0,1.5,1.8,0.038,11869.0,0.2,15.0,4.1,1.3,0.005,0.83,0.5,0.63,6.7,5.4,0.0265,30,229,-42,15,224.7,443,-326,117,1.9,0.009382,0.61,0.47,0.43,0.4,0.34,0.26,-1,2000-09-26 17:00:00
2000,270,18,2282,71,71,15,15,4.9,3.1,-1.2,193.5,-3.0,-0.7,-0.1,-0.7,0.1,0.1,3.5,0.8,3.3,0.8,137768.0,1.6,565.0,2.5,-0.1,0.037,11938.0,0.1,14.0,4.7,1.2,0.007,0.98,-0.06,0.74,7.3,5.7,0.0224,30,229,-40,15,224.7,355,-263,92,1.9,0.009382,0.61,0.47,0.44,0.41,0.36,0.28,-1,2000-09-26 18:00:00
2000,270,19,2282,71,71,16,16,4.9,4.2,-30.1,122.1,-1.9,3.1,-2.1,2.4,-2.9,0.1,2.1,1.2,1.3,1.1,130704.0,1.4,573.0,-2.4,3.7,0.034,11065.0,0.1,16.0,1.9,1.6,0.004,0.87,1.66,0.63,6.9,5.6,0.0249,30,229,-38,15,224.7,412,-268,144,2.5,0.009382,0.6,0.47,0.44,0.41,0.36,0.28,-1,2000-09-26 19:00:00
2000,270,20,2282,71,71,14,14,4.7,4.0,-2.8,153.3,-3.5,1.8,-0.2,1.7,-0.6,0.2,2.2,0.8,1.8,1.0,148453.0,1.3,547.0,-0.9,1.1,0.037,15761.0,0.2,12.0,2.6,1.6,0.006,0.75,0.33,0.68,6.6,5.3,0.027,30,229,-41,15,224.7,475,-298,177,2.2,0.009382,0.61,0.48,0.45,0.42,0.37,0.29,-1,2000-09-26 20:00:00
2000,270,21,2282,71,71,15,15,4.8,3.9,-11.4,173.7,-3.8,0.4,-0.8,0.2,-0.9,0.2,2.4,0.7,2.2,0.7,147719.0,1.4,546.0,1.9,1.9,0.035,11318.0,0.2,12.0,3.5,1.2,0.003,0.79,0.49,0.7,6.7,5.3,0.0263,33,229,-31,18,224.7,483,-325,159,3.2,0.009382,0.67,0.54,0.5,0.48,0.36,0.27,-1,2000-09-26 21:00:00
2000,270,22,2282,71,71,15,15,4.9,4.2,17.5,151.0,-3.5,2.0,1.3,2.2,0.8,0.2,2.1,0.9,0.9,1.6,143520.0,1.4,549.0,-1.1,-0.5,0.038,19431.0,0.3,16.0,1.5,2.7,0.003,0.81,-0.44,0.66,6.6,5.3,0.0271,33,229,-27,18,224.7,233,-128,105,2.2,0.009382,0.6,0.48,0.44,0.41,0.36,0.27,-1,2000-09-26 22:00:00
2000,270,23,2282,71,71,15,15,4.8,3.6,-19.2,140.4,-2.7,2.2,-1.2,1.9,-1.7,0.1,2.8,1.2,2.1,1.4,148432.0,1.6,558.0,-0.5,3.0,0.04,13829.0,0.2,18.0,3.2,2.0,0.004,0.97,0.95,0.8,7.4,5.7,0.022,33,229,-29,18,224.7,333,-185,148,2.3,0.009382,0.73,0.6,0.57,0.54,0.49,0.33,-1,2000-09-26 23:00:00
2000,271,0,2282,71,71,15,15,4.7,4.0,-16.0,168.9,-3.8,0.7,-1.1,0.4,-1.2,0.0,2.2,0.5,1.8,1.2,136545.0,1.5,535.0,2.1,3.1,0.039,5427.0,0.2,7.0,3.1,1.2,0.005,0.83,0.64,0.75,7.0,5.4,0.0245,27,230,-40,12,205.5,374,-256,118,2.1,0.009309,0.57,0.47,0.44,0.41,0.35,0.27,-1,2000-09-27 00:00:00
2000,271,1,2282,71,71,16,16,4.8,2.8,-2.4,165.2,-2.7,0.7,-0.1,0.6,-0.3,0.1,3.4,1.2,2.6,1.9,137461.0,1.6,550.0,1.7,1.9,0.037,5638.0,0.2,17.0,4.3,2.6,0.003,0.93,0.17,0.77,7.2,5.6,0.0226,27,230,-40,12,205.5,302,-204,98,2.2,0.009309,0.52,0.42,0.38,0.36,0.32,0.25,-1,2000-09-27 01:00:00
2000,271,2,2282,71,71,13,13,4.7,4.0,10.8,139.9,-3.0,2.6,0.8,2.7,0.0,0.1,2.2,0.8,1.1,1.7,145427.0,1.5,538.0,-0.9,1.3,0.037,9956.0,0.1,12.0,1.9,2.2,0.005,0.83,-0.0,0.77,7.0,5.4,0.0242,27,230,-40,12,205.5,105,-38,67,0.6,0.009309,0.56,0.45,0.42,0.4,0.34,0.26,-1,2000-09-27 02:00:00
2000,271,3,2282,71,71,16,16,4.5,3.7,23.1,127.1,-2.1,2.7,1.5,3.1,0.5,0.2,2.1,1.2,0.8,1.5,136617.0,1.6,548.0,-1.7,0.3,0.036,9330.0,0.1,16.0,1.3,1.9,0.005,0.92,-0.27,0.87,7.7,5.8,0.0201,27,230,-35,12,205.5,84,-42,43,0.6,0.009309,0.56,0.46,0.43,0.41,0.36,0.28,-1,2000-09-27 03:00:00
2000,271,4,2282,71,71,15,15,4.4,3.4,-6.4,133.5,-2.3,2.5,-0.4,2.1,-1.3,0.0,2.5,1.2,1.2,1.9,132676.0,1.8,547.0,-0.9,2.1,0.036,6457.0,0.2,17.0,2.1,2.4,0.006,1.03,0.71,1.01,8.3,6.1,0.0171,27,230,-31,12,205.5,172,-102,70,1.2,0.009309,0.58,0.49,0.46,0.44,0.39,0.31,-1,2000-09-27 04:00:00
2000,271,5,2282,71,71,15,15,4.4,3.6,-12.7,142.5,-2.8,2.1,-0.8,1.5,-1.6,0.1,2.2,0.6,1.3,1.7,121554.0,1.6,538.0,-0.6,2.9,0.03,10161.0,0.2,8.0,1.7,2.1,0.002,0.87,0.86,0.86,7.7,5.9,0.0199,27,230,-30,12,205.5,281,-224,57,2.0,0.009309,0.59,0.48,0.45,0.42,0.37,0.29,-1,2000-09-27 05:00:00
2000,271,6,2282,71,71,14,14,4.4,4.2,-22.4,180.4,-3.9,0.0,-1.6,-0.8,-1.4,0.1,1.2,0.3,1.0,0.4,100221.0,1.8,523.0,2.2,3.2,0.025,6476.0,0.2,5.0,1.6,0.6,0.005,0.9,0.73,0.88,8.0,6.0,0.0187,33,230,-34,18,205.5,328,-243,85,2.8,0.009309,0.54,0.46,0.41,0.39,0.35,0.28,-1,2000-09-27 06:00:00
2000,271,7,2282,71,71,15,15,4.5,4.2,-24.0,190.6,-3.8,-0.7,-1.7,-1.5,-1.1,0.1,1.4,0.5,0.8,1.1,108666.0,1.9,521.0,2.5,3.0,0.022,7549.0,0.3,8.0,1.3,1.2,0.002,0.94,0.57,0.93,8.0,5.9,0.0187,33,230,-35,18,205.5,209,-99,110,1.4,0.009309,0.56,0.46,0.42,0.39,0.33,0.23,-1,2000-09-27 07:00:00
2000,271,8,2282,71,71,15,15,4.3,3.3,21.1,136.8,-2.3,2.1,1.2,2.4,-0.1,0.2,2.6,1.5,1.4,1.6,144706.0,1.6,531.0,-0.6,0.8,0.021,22501.0,0.2,17.0,1.9,1.7,0.002,0.82,0.05,0.98,7.8,5.7,0.0195,33,230,-31,18,205.5,82,-24,59,0.8,0.009309,0.61,0.47,0.41,0.37,0.33,0.25,-1,2000-09-27 08:00:00
2000,271,9,2282,71,71,16,16,4.2,2.9,-0.3,141.0,-2.2,1.8,0.0,1.5,-1.0,0.2,2.8,1.3,1.5,1.9,155510.0,1.7,529.0,0.1,2.1,0.023,18570.0,0.1,15.0,2.2,2.2,0.002,0.87,0.53,1.14,8.2,5.8,0.0176,27,230,-29,12,205.5,199,-126,73,1.2,0.009309,0.63,0.49,0.43,0.38,0.33,0.27,-1,2000-09-27 09:00:00
2000,271,10,2282,71,71,15,15,4.3,3.8,69.3,99.5,-0.2,1.3,3.5,3.0,2.2,0.1,1.6,1.0,1.1,0.6,139908.0,1.6,552.0,0.2,-2.4,0.03,14566.0,0.1,10.0,1.4,1.0,0.005,0.91,-1.21,0.97,8.1,6.0,0.018,27,230,-26,12,205.5,307,-239,68,1.1,0.009309,0.79,0.57,0.48,0.44,0.38,0.29,-1,2000-09-27 10:00:00
2000,271,11,2282,71,71,15,15,4.2,3.3,39.1,120.0,-1.3,2.2,2.1,3.0,0.5,0.1,2.3,1.9,0.9,1.1,161322.0,1.6,536.0,-0.5,-0.1,0.041,23294.0,0.1,23.0,1.3,1.4,0.007,0.89,-0.27,1.09,8.1,5.8,0.0183,27,230,-22,12,205.5,113,-66,47,0.9,0.009309,0.78,0.53,0.43,0.38,0.33,0.26,-1,2000-09-27 11:00:00
2000,271,12,2282,71,71,16,16,4.4,3.4,38.5,100.6,-0.5,2.6,2.1,3.3,0.4,0.2,2.3,1.7,1.2,1.0,130464.0,1.6,544.0,-1.5,-0.8,0.047,13746.0,0.1,23.0,1.6,1.5,0.004,0.94,-0.22,0.89,7.8,5.9,0.0195,23,230,-21,9,205.5,78,-39,39,1.0,0.009309,0.85,0.58,0.48,0.44,0.38,0.3,-1,2000-09-27 12:00:00
2000,271,13,2282,71,71,13,13,4.4,2.7,-1.7,139.2,-2.1,1.8,-0.1,1.5,-1.0,0.1,3.3,2.3,1.4,1.9,136410.0,1.6,522.0,0.5,2.0,0.04,17612.0,0.2,31.0,2.6,2.4,0.008,0.84,0.52,0.91,7.5,5.6,0.0211,23,230,-21,9,205.5,180,-127,53,1.0,0.009309,0.83,0.54,0.45,0.41,0.35,0.27,-1,2000-09-27 13:00:00
2000,271,14,2282,71,71,15,15,4.4,3.1,-2.8,131.4,-2.0,2.3,-0.2,1.9,-1.3,0.2,2.9,1.4,2.0,1.4,122359.0,1.7,522.0,-0.8,2.0,0.038,8448.0,0.3,17.0,2.7,1.9,0.004,0.89,0.68,0.92,7.7,5.8,0.0199,23,230,-25,9,205.5,220,-163,56,2.0,0.009309,0.97,0.59,0.49,0.44,0.38,0.29,-1,2000-09-27 14:00:00
2000,271,15,2282,71,71,15,15,4.3,3.6,33.5,150.4,-2.6,1.5,2.0,2.2,1.1,0.1,2.1,0.9,1.7,0.9,144869.0,1.6,510.0,-0.0,-1.0,0.044,18004.0,0.1,13.0,2.5,1.7,0.005,0.82,-0.56,0.98,7.5,5.5,0.0211,23,230,-27,9,205.5,214,-171,43,1.0,0.009309,0.96,0.58,0.47,0.42,0.36,0.29,-1,2000-09-27 15:00:00
2000,271,16,2282,71,71,15,15,4.2,3.4,30.9,147.6,-2.5,1.6,1.8,2.2,1.0,0.2,2.1,0.9,1.5,1.2,160949.0,1.5,506.0,0.2,-0.8,0.049,20320.0,0.1,12.0,1.8,2.1,0.008,0.77,-0.51,1.02,7.4,5.4,0.0219,23,230,-22,9,205.5,186,-153,33,0.4,0.009309,999999.99,99999.99,99999.99,99999.99,99999.99,99999.99,0,2000-09-27 16:00:00
2000,271,17,2282,71,71,15,15,4.3,3.8,-5.6,184.4,-3.8,-0.3,-0.4,-0.4,-0.3,0.1,1.7,0.5,1.2,1.2,163155.0,1.7,486.0,3.2,1.5,0.05,13774.0,0.2,6.0,1.3,1.6,0.005,0.8,0.15,1.11,7.4,5.3,0.0219,23,230,-20,9,205.5,257,-209,49,1.4,0.009309,1.51,0.68,0.49,0.43,0.37,0.29,-1,2000-09-27 17:00:00
2000,271,18,2282,71,71,15,15,4.1,3.7,-10.8,166.4,-3.5,0.8,-0.7,0.5,-0.9,0.1,1.6,0.5,1.3,0.8,177594.0,1.7,494.0,1.5,2.1,0.051,18448.0,0.2,7.0,1.8,1.0,0.007,0.83,0.44,1.29,7.9,5.4,0.0193,20,230,-16,7,205.5,232,-167,65,1.6,0.009309,2.19,1.3,1.13,1.07,1.02,0.6,-1,2000-09-27 18:00:00
2000,271,19,2282,71,71,16,16,4.2,3.6,18.9,64.6,1.5,3.1,1.2,3.3,0.3,0.1,1.9,1.3,0.6,1.2,118660.0,2.1,556.0,-1.6,-0.5,0.044,12668.0,0.1,16.0,0.7,1.7,0.009,1.27,-0.17,1.22,9.6,6.7,0.0129,20,230,-16,7,205.5,149,-111,38,0.6,0.009309,1.86,0.61,0.34,0.29,0.23,0.15,-1,2000-09-27 19:00:00
2000,271,20,2282,71,71,15,15,4.2,3.8,-8.2,82.3,0.5,3.7,-0.5,3.5,-1.4,0.1,1.3,0.6,0.4,1.1,113023.0,2.1,543.0,-2.2,1.9,0.034,6920.0,0.2,7.0,0.8,1.3,0.007,1.17,0.76,1.2,9.4,6.6,0.0136,20,230,-15,7,205.5,160,-104,56,1.3,0.009309,999999.99,99999.99,99999.99,99999.99,99999.99,99999.99,0,2000-09-27 20:00:00
2000,271,21,2282,71,71,15,15,4.7,3.9,-20.3,71.3,1.2,3.5,-1.4,3.1,-2.2,0.3,2.4,2.2,0.6,0.6,114835.0,2.1,543.0,-0.6,1.8,0.042,18881.0,0.2,22.0,0.4,0.8,0.005,1.21,1.19,0.96,8.4,6.2,0.017,27,230,-17,12,205.5,265,-171,93,2.1,0.009309,999999.99,99999.99,99999.99,99999.99,99999.99,99999.99,0,2000-09-27 21:00:00
2000,271,22,2282,71,71,15,15,4.9,4.6,7.6,50.4,2.9,3.5,0.6,3.5,-0.2,0.1,1.3,0.6,0.4,1.0,110945.0,2.4,554.0,-0.8,-0.4,0.042,7460.0,0.1,7.0,0.4,1.1,0.012,1.44,0.11,1.0,8.8,6.4,0.0155,27,230,-20,12,205.5,430,-298,131,2.6,0.009309,2.56,0.92,0.62,0.56,0.5,0.38,-1,2000-09-27 22:00:00
2000,271,23,2282,71,71,15,15,4.7,4.5,19.2,63.6,1.9,3.8,1.5,4.0,0.6,0.1,1.0,0.8,0.3,0.6,126177.0,2.5,544.0,-1.5,-1.3,0.048,9412.0,0.1,8.0,0.5,0.6,0.009,1.47,-0.33,1.2,9.2,6.4,0.0142,27,230,-22,12,205.5,258,-206,52,1.0,0.009309,2.57,0.81,0.52,0.46,0.39,0.28,-1,2000-09-27 23:00:00
2000,272,0,2282,71,71,15,15,4.5,3.6,-6.2,123.4,-2.0,3.0,-0.4,2.8,-1.1,0.2,2.5,1.9,1.5,0.7,175947.0,2.6,510.0,-0.4,0.2,0.052,24987.0,0.2,17.0,1.4,0.7,0.008,1.36,0.56,1.63,9.1,5.9,0.0142,23,202,-25,9,203.0,186,-146,40,1.4,0.009499,2.68,0.79,0.5,0.42,0.38,0.32,-1,2000-09-28 00:00:00
2000,272,1,2282,71,71,14,14,4.9,4.6,4.9,95.1,-0.4,4.6,0.4,4.5,-0.9,0.3,1.5,1.2,0.3,0.9,145111.0,2.9,522.0,-2.1,-0.7,0.046,17377.0,0.2,11.0,0.4,0.8,0.008,1.56,0.47,1.37,9.1,6.1,0.0145,23,202,-27,9,203.0,258,-156,102,1.4,0.009499,3.05,0.81,0.49,0.4,0.34,0.25,-1,2000-09-28 01:00:00
2000,272,2,2282,71,71,15,15,4.8,4.1,-3.8,116.0,-1.8,3.7,-0.3,3.4,-1.4,0.2,1.9,1.5,0.5,1.1,156293.0,2.9,503.0,-1.1,-0.1,0.049,9295.0,0.2,12.0,0.7,1.0,0.005,1.47,0.7,1.49,8.9,5.9,0.0149,23,202,-31,9,203.0,340,-244,97,1.8,0.009499,4.68,1.33,0.94,0.84,0.77,0.51,-1,2000-09-28 02:00:00
2000,272,3,2282,71,71,15,15,4.9,4.4,-36.3,161.3,-3.3,1.1,-2.6,0.1,-2.8,0.2,2.0,0.8,1.7,0.6,136396.0,2.9,481.0,1.6,1.9,0.052,15043.0,0.2,4.0,1.1,0.9,0.006,1.35,1.35,1.33,8.4,5.7,0.017,37,202,-31,22,203.0,470,-309,161,2.1,0.009499,3.68,0.87,0.5,0.41,0.37,0.29,-1,2000-09-28 03:00:00
2000,272,4,2282,71,71,15,15,5.1,4.0,23.2,47.8,2.5,2.7,1.6,3.1,0.4,0.1,2.9,2.3,0.8,1.6,136417.0,2.6,522.0,0.3,-0.9,0.052,8266.0,0.2,18.0,0.8,1.1,0.006,1.43,-0.21,1.1,8.3,5.9,0.0175,37,202,-26,22,203.0,489,-292,196,3.7,0.009499,3.9,0.88,0.53,0.44,0.37,0.31,-1,2000-09-28 04:00:00
2000,272,5,2282,71,71,15,15,5.0,4.6,29.5,67.9,1.5,3.7,2.3,4.3,0.5,0.1,1.4,0.5,0.7,1.1,123354.0,2.5,507.0,-0.6,-1.1,0.043,6977.0,0.1,5.0,0.5,1.2,0.004,1.26,-0.25,1.05,8.0,5.8,0.0185,37,202,-23,22,203.0,283,-70,213,1.5,0.009499,3.95,0.86,0.5,0.41,0.35,0.27,-1,2000-09-28 05:00:00
2000,272,6,2282,71,71,15,15,5.1,4.8,40.3,70.5,1.2,3.5,3.1,4.6,1.1,0.1,1.3,0.6,0.7,0.9,116721.0,2.7,503.0,-0.7,-1.5,0.04,6380.0,0.2,6.0,0.8,0.9,0.005,1.32,-0.55,1.06,8.1,5.9,0.0181,17,202,-22,6,203.0,210,-15,195,0.9,0.009499,3.91,0.92,0.57,0.48,0.43,0.35,-1,2000-09-28 06:00:00
2000,272,7,2282,71,71,15,15,5.3,5.0,33.2,54.6,2.4,3.4,2.7,4.3,0.6,0.1,1.2,0.8,0.6,0.6,116350.0,2.6,511.0,-1.0,-1.1,0.036,9175.0,0.2,8.0,0.8,0.7,0.003,1.3,-0.31,0.94,7.8,5.8,0.0197,17,202,-23,6,203.0,229,-30,199,1.0,0.009499,3.74,0.86,0.52,0.44,0.38,0.3,-1,2000-09-28 07:00:00
2000,272,8,2282,71,71,14,14,5.0,4.2,20.5,99.0,-0.6,3.9,1.5,4.1,-0.8,0.2,2.4,1.7,0.6,1.6,108301.0,2.9,488.0,-2.4,0.0,0.036,10471.0,0.3,16.0,0.6,1.6,0.003,1.32,0.39,1.14,8.3,5.9,0.0172,17,202,-24,6,203.0,505,-235,270,1.8,0.009499,3.97,0.91,0.54,0.45,0.38,0.29,-1,2000-09-28 08:00:00
2000,272,9,2282,71,71,15,15,5.1,4.8,-3.8,95.7,-0.5,4.7,-0.3,3.8,-2.8,0.1,1.5,0.6,0.3,1.3,102790.0,3.3,484.0,-3.7,2.1,0.034,4142.0,0.1,4.0,0.3,1.2,0.002,1.47,1.36,1.22,8.6,6.0,0.016,33,202,-21,18,203.0,547,-249,299,2.9,0.009499,3.79,0.8,0.41,0.34,0.3,0.22,-1,2000-09-28 09:00:00
2000,272,10,2282,71,71,15,15,4.9,4.8,-18.4,96.7,-0.5,4.5,-1.5,2.9,-3.7,0.1,0.9,0.3,0.4,0.7,77784.0,2.9,481.0,-3.9,3.0,0.036,9281.0,0.1,3.0,0.3,0.8,0.003,1.28,1.78,1.04,8.4,6.1,0.017,33,202,-24,18,203.0,574,-374,200,3.0,0.009499,4.32,0.87,0.5,0.41,0.36,0.27,-1,2000-09-28 10:00:00
2000,272,11,2282,71,71,15,15,4.8,4.2,-32.1,107.8,-1.1,3.4,-2.2,1.6,-3.7,0.1,2.0,0.7,1.3,1.3,64272.0,2.8,469.0,-2.3,4.3,0.043,4903.0,0.1,6.0,1.6,1.3,0.004,1.21,1.74,0.97,8.2,6.0,0.0178,33,202,-25,18,203.0,660,-400,261,4.6,0.009499,3.52,0.77,0.49,0.42,0.38,0.32,-1,2000-09-28 11:00:00
2000,272,12,2282,71,71,15,15,4.8,4.3,-26.9,88.9,0.1,3.9,-1.9,2.3,-3.7,0.1,1.5,1.1,0.5,0.9,52386.0,2.9,471.0,-3.0,4.4,0.048,2778.0,0.1,6.0,0.4,0.8,0.007,1.28,1.74,0.95,8.4,6.2,0.017,33,202,-29,18,203.0,533,-398,135,2.9,0.009499,3.19,0.77,0.52,0.47,0.39,0.28,-1,2000-09-28 12:00:00
2000,272,13,2282,71,71,15,15,4.5,3.5,-19.0,101.7,-0.7,3.2,-1.1,2.2,-2.6,0.4,2.6,1.5,1.3,1.8,61970.0,2.7,460.0,-2.1,4.2,0.047,17634.0,0.2,12.0,1.4,1.7,0.006,1.13,1.2,1.06,8.4,6.1,0.0169,33,202,-29,18,203.0,456,-322,134,2.9,0.009499,3.24,0.71,0.49,0.43,0.37,0.3,-1,2000-09-28 13:00:00
2000,272,14,2282,71,71,15,15,4.6,4.2,-53.5,80.5,0.4,2.4,-3.3,0.5,-4.0,0.1,1.4,1.0,0.7,0.5,54988.0,2.9,467.0,-1.4,6.4,0.058,6262.0,0.1,9.0,1.1,0.7,0.006,1.3,1.87,1.05,8.6,6.3,0.0159,33,202,-33,18,203.0,566,-413,152,3.0,0.009499,3.13,0.65,0.45,0.39,0.34,0.27,-1,2000-09-28 14:00:00
2000,272,15,2282,71,71,14,14,4.9,4.2,-10.7,107.6,-1.2,3.9,-0.8,3.1,-2.4,0.1,2.4,0.8,0.9,2.0,51193.0,2.9,448.0,-2.7,3.7,0.057,2816.0,0.4,7.0,1.5,2.1,0.007,1.19,1.08,0.9,7.8,5.8,0.0196,27,202,-42,12,203.0,566,-410,156,2.8,0.009499,2.73,0.64,0.46,0.41,0.35,0.27,-1,2000-09-28 15:00:00
2000,272,16,2282,71,71,15,15,4.9,4.8,18.1,118.2,-2.2,4.0,1.5,4.3,-0.2,0.1,1.0,0.5,0.4,0.7,55922.0,3.1,439.0,-3.3,1.1,0.049,3828.0,0.3,4.0,0.3,0.6,0.005,1.19,0.09,0.99,7.9,5.8,0.0191,27,202,-41,12,203.0,408,-283,125,1.8,0.009499,2.26,0.62,0.47,0.42,0.36,0.26,-1,2000-09-28 16:00:00
2000,272,17,2282,71,71,15,15,5.2,4.6,31.7,147.8,-3.3,2.1,2.4,2.8,1.5,0.2,2.3,0.7,1.6,1.5,62695.0,3.3,433.0,-1.6,0.7,0.044,6970.0,0.3,4.0,1.1,1.1,0.006,1.22,-0.65,0.97,7.6,5.6,0.0208,27,202,-34,12,203.0,228,-178,51,0.6,0.009499,2.26,0.59,0.44,0.39,0.34,0.26,-1,2000-09-28 17:00:00
2000,272,18,2282,71,71,12,12,5.0,4.8,27.1,133.4,-2.9,3.1,2.2,3.6,1.1,0.0,1.2,0.5,0.8,0.8,59817.0,3.3,435.0,-2.9,0.7,0.046,9084.0,0.2,4.0,0.9,0.6,0.005,1.23,-0.48,1.03,7.9,5.7,0.019,10,202,-26,4,203.0,96,-67,28,0.3,0.009499,2.08,0.59,0.46,0.41,0.36,0.29,-1,2000-09-28 18:00:00
2000,272,19,2282,71,71,15,15,4.9,4.6,11.1,139.6,-3.5,2.9,0.9,3.0,0.1,0.0,1.6,0.8,1.0,1.0,60236.0,3.4,427.0,-2.7,1.5,0.043,9068.0,0.3,8.0,0.9,1.1,0.005,1.21,-0.04,1.11,8.0,5.7,0.0184,10,202,-21,4,203.0,75,-43,31,0.7,0.009499,2.01,0.59,0.47,0.43,0.38,0.29,-1,2000-09-28 19:00:00
2000,272,20,2282,71,71,15,15,5.0,4.7,17.1,141.7,-3.5,2.8,1.4,3.1,0.7,0.1,1.5,0.9,1.1,0.6,60347.0,3.4,422.0,-2.5,1.4,0.051,9452.0,0.3,7.0,0.8,1.0,0.004,1.22,-0.3,1.07,7.8,5.6,0.0196,10,202,-22,4,203.0,94,-67,27,0.3,0.009499,2.3,1.05,0.95,0.92,0.88,0.7,-1,2000-09-28 20:00:00
2000,272,21,2282,71,71,15,15,4.9,4.7,11.9,137.5,-3.4,3.1,1.0,3.2,0.3,0.0,1.2,0.7,0.7,0.7,67981.0,3.3,420.0,-2.6,2.2,0.051,12732.0,0.3,6.0,0.5,0.7,0.004,1.17,-0.13,1.12,7.8,5.5,0.0196,7,202,-19,3,203.0,71,-47,25,0.5,0.009499,1.73,0.53,0.43,0.4,0.35,0.27,-1,2000-09-28 21:00:00
2000,272,22,2282,71,71,14,14,5.0,4.7,13.9,147.8,-3.8,2.4,1.1,2.6,0.5,0.1,1.5,0.4,1.0,1.0,80191.0,3.6,425.0,-1.5,2.7,0.046,12041.0,0.5,3.0,0.7,1.0,0.004,1.29,-0.21,1.25,8.1,5.6,0.0183,7,202,-16,3,203.0,61,-27,35,0.5,0.009499,1.71,0.53,0.44,0.4,0.36,0.28,-1,2000-09-28 22:00:00
2000,272,23,2282,71,71,15,15,4.8,4.6,5.7,150.8,-4.0,2.2,0.5,2.3,0.0,0.1,1.4,0.3,0.5,1.3,81328.0,3.6,420.0,-1.2,2.9,0.049,7924.0,0.5,2.0,0.4,1.1,0.004,1.27,-0.0,1.36,8.3,5.6,0.0173,7,202,-17,3,203.0,56,-22,33,0.5,0.009499,1.67,0.53,0.44,0.4,0.35,0.28,-1,2000-09-28 23:00:00
2000,273,0,2282,71,71,15,15,4.9,4.7,20.2,157.4,-4.1,1.7,1.6,2.0,1.1,0.0,1.0,0.3,0.5,0.8,64762.0,2.5,409.0,-2.7,1.3,0.043,11068.0,0.2,5.0,0.3,1.0,0.011,0.82,-0.45,0.84,6.6,5.0,0.0273,20,169,-21,7,192.6,48,-15,33,0.1,0.009428,1.62,0.52,0.43,0.39,0.34,0.26,-1,2000-09-29 00:00:00
2000,273,1,2282,71,71,15,15,4.9,4.7,-2.1,144.5,-3.8,2.7,-0.2,2.5,-0.9,0.1,1.2,0.3,0.6,1.0,62877.0,2.5,414.0,-2.6,3.0,0.032,11574.0,0.2,4.0,0.9,0.9,0.008,0.81,0.37,0.83,6.7,5.1,0.0267,20,169,-22,7,192.6,45,-12,32,0.6,0.009428,1.62,0.51,0.43,0.4,0.36,0.28,-1,2000-09-29 01:00:00
2000,273,2,2282,71,71,15,15,4.8,4.7,-14.8,155.3,-4.1,1.9,-1.2,1.4,-1.7,0.1,0.8,0.2,0.3,0.7,78363.0,3.0,409.0,-1.6,3.5,0.045,12180.0,0.3,3.0,0.4,0.5,0.008,0.99,0.7,1.12,7.4,5.3,0.0218,20,169,-24,7,192.6,135,-92,43,0.3,0.009428,1.42,0.52,0.44,0.41,0.37,0.28,-1,2000-09-29 02:00:00
2000,273,3,2282,71,71,15,15,4.7,4.4,4.0,171.7,-4.3,0.6,0.3,0.7,0.1,0.1,1.7,0.3,1.0,1.4,101792.0,3.2,415.0,-1.4,2.2,0.04,10132.0,0.4,4.0,0.4,1.3,0.008,1.07,-0.04,1.39,7.9,5.3,0.0191,23,169,-21,9,192.6,175,-121,54,0.6,0.009428,1.28,0.48,0.41,0.38,0.33,0.26,-1,2000-09-29 03:00:00
2000,273,4,2282,71,71,15,15,5.2,5.1,12.1,191.1,-4.9,-1.0,1.1,-0.5,1.4,0.2,0.7,0.2,0.6,0.4,82055.0,3.4,410.0,-1.6,1.5,0.034,8996.0,0.3,2.0,0.5,0.4,0.009,1.08,-0.57,1.1,7.3,5.2,0.0225,23,169,-19,9,192.6,72,-20,52,-0.1,0.009428,1.31,0.51,0.45,0.42,0.37,0.28,-1,2000-09-29 04:00:00
2000,273,5,2282,71,71,15,15,5.9,5.5,9.6,206.5,-4.9,-2.4,0.9,-1.8,1.9,0.2,1.8,0.5,0.6,1.6,69293.0,3.7,407.0,-0.9,0.9,0.04,5597.0,0.2,3.0,0.4,0.4,0.007,1.19,-0.77,0.87,6.6,5.0,0.027,23,169,-16,9,192.6,54,-16,37,-0.2,0.009428,1.19,0.49,0.43,0.4,0.35,0.27,-1,2000-09-29 05:00:00
2000,273,6,2282,71,71,15,15,6.5,5.8,14.4,216.8,-4.5,-3.4,1.4,-2.3,2.8,0.3,2.8,1.4,1.3,2.0,58956.0,3.8,406.0,-1.5,0.8,0.039,10351.0,0.8,3.0,0.3,0.5,0.008,1.21,-1.14,0.7,6.1,4.8,0.0321,7,169,-17,3,192.6,33,-18,15,-0.4,0.009428,1.16,0.52,0.47,0.44,0.39,0.3,-1,2000-09-29 06:00:00
2000,273,7,2282,71,71,14,14,6.2,6.0,17.2,210.9,-4.9,-2.9,1.8,-1.6,3.0,0.2,1.5,0.7,0.2,1.3,49204.0,4.0,398.0,-1.7,-0.1,0.052,11844.0,0.7,6.0,0.6,0.5,0.011,1.28,-1.19,0.77,6.4,5.0,0.0289,7,169,-18,3,192.6,38,-23,14,-0.7,0.009428,1.08,0.47,0.42,0.39,0.34,0.27,-1,2000-09-29 07:00:00
2000,273,8,2282,71,71,15,15,5.5,5.4,7.8,206.4,-4.8,-2.4,0.7,-1.7,1.9,0.3,1.0,0.5,0.5,0.8,76747.0,4.1,399.0,-1.2,-0.5,0.039,19512.0,1.0,7.0,0.7,0.3,0.007,1.26,-0.76,1.16,7.3,5.2,0.022,7,169,-16,3,192.6,37,-24,12,-0.9,0.009428,0.96,0.47,0.43,0.4,0.35,0.27,-1,2000-09-29 08:00:00
2000,273,9,2282,71,71,16,16,5.4,2.4,-9.3,178.2,-2.4,0.1,-0.4,-0.1,-0.4,0.4,4.8,4.1,2.4,0.7,58351.0,3.7,398.0,-1.5,-0.2,0.038,11912.0,0.9,15.0,0.7,0.6,0.008,1.13,0.16,0.99,7.1,5.2,0.0237,23,169,-14,9,192.6,38,-27,11,-0.7,0.009428,0.95,0.44,0.4,0.37,0.33,0.26,-1,2000-09-29 09:00:00
2000,273,10,2282,71,71,15,15,5.1,4.4,-4.0,42.9,3.2,3.0,-0.3,2.3,-1.9,0.6,2.4,1.8,0.7,1.3,39279.0,5.1,414.0,-2.3,0.6,0.031,8827.0,0.9,9.0,1.1,0.7,0.002,1.64,0.79,1.37,9.2,6.2,0.0142,23,169,-9,9,192.6,105,-30,75,0.6,0.009428,0.96,0.45,0.41,0.39,0.34,0.28,-1,2000-09-29 10:00:00
2000,273,11,2282,71,71,14,14,5.0,3.3,-38.3,183.1,-2.6,-0.1,-2.0,-1.2,-1.6,0.7,3.6,2.9,2.2,0.7,34897.0,6.6,384.0,-0.3,1.1,0.023,3916.0,2.5,17.0,1.3,0.8,0.004,1.77,0.61,1.79,9.9,6.2,0.0122,23,169,-13,9,192.6,174,-87,87,0.6,0.009428,0.9,0.45,0.41,0.38,0.33,0.25,-1,2000-09-29 11:00:00
2000,273,12,2282,71,71,15,15,5.4,5.3,-29.4,196.8,-4.4,-1.3,-2.6,-2.5,-1.5,0.1,0.4,0.1,0.4,0.2,9999999.0,999.9,370.0,0.3,1.4,0.028,9999999.0,999.9,2.0,0.4,0.7,0.002,99.99,0.56,999.99,999.9,99.9,9.9999,20,169,-18,7,192.6,250,-146,104,0.7,0.009428,0.87,0.46,0.42,0.39,0.35,0.27,-1,2000-09-29 12:00:00
2000,273,13,2282,71,71,14,14,5.7,5.6,-30.2,162.8,-4.6,1.4,-2.8,-0.2,-3.1,0.0,0.9,0.2,0.9,0.1,9999999.0,999.9,366.0,-1.3,2.9,0.033,9999999.0,999.9,2.0,0.7,0.6,0.003,99.99,1.13,999.99,999.9,99.9,9.9999,20,169,-17,7,192.6,217,-152,66,1.7,0.009428,0.82,0.46,0.42,0.4,0.35,0.28,-1,2000-09-29 13:00:00
2000,273,14,2282,71,71,15,15,5.7,5.6,-39.7,163.6,-4.1,1.2,-3.6,-0.7,-3.7,0.1,0.9,0.2,0.8,0.4,9999999.0,999.9,362.0,-0.5,3.8,0.029,9999999.0,999.9,6.0,0.7,0.9,0.003,99.99,1.34,999.99,999.9,99.9,9.9999,20,169,-16,7,192.6,320,-235,85,2.2,0.009428,0.8,0.46,0.42,0.39,0.35,0.27,-1,2000-09-29 14:00:00
2000,273,15,2282,71,71,15,15,5.7,5.6,-39.1,169.1,-4.3,0.8,-3.5,-0.8,-3.5,0.0,1.1,0.4,1.0,0.4,9999999.0,999.9,358.0,-0.5,3.8,0.027,9999999.0,999.9,7.0,0.8,1.0,0.004,99.99,1.25,999.99,999.9,99.9,9.9999,17,169,-17,6,192.6,405,-312,93,2.6,0.009428,0.75,0.44,0.4,0.38,0.33,0.25,-1,2000-09-29 15:00:00
2000,273,16,2282,71,71,15,15,6.1,6.0,-37.5,190.9,-4.7,-0.9,-3.7,-2.3,-3.0,0.2,0.7,0.4,0.5,0.3,9999999.0,999.9,356.0,0.9,3.2,0.028,9999999.0,999.9,5.0,0.8,0.4,0.003,99.99,1.07,999.99,999.9,99.9,9.9999,17,169,-20,6,192.6,379,-299,80,2.1,0.009428,0.76,0.48,0.44,0.41,0.36,0.28,-1,2000-09-29 16:00:00
2000,273,17,2282,71,71,15,15,5.7,5.7,-38.6,183.3,-4.4,-0.3,-3.5,-1.5,-3.2,0.2,0.8,0.2,0.7,0.3,9999999.0,999.9,350.0,-0.4,3.3,0.027,9999999.0,999.9,5.0,1.0,0.6,0.002,99.99,1.12,999.99,999.9,99.9,9.9999,17,169,-20,6,192.6,342,-248,94,2.3,0.009428,0.73,0.44,0.41,0.38,0.33,0.26,-1,2000-09-29 17:00:00
2000,273,18,2282,71,71,14,14,5.5,5.5,-33.9,180.0,-4.6,0.0,-3.1,-1.0,-2.9,0.1,0.3,0.1,0.2,0.1,9999999.0,999.9,341.0,-1.3,2.5,0.031,9999999.0,999.9,1.0,0.2,0.3,0.001,99.99,0.99,999.99,999.9,99.9,9.9999,17,169,-21,6,192.6,267,-177,90,1.8,0.009428,0.78,0.48,0.45,0.42,0.36,0.28,-1,2000-09-29 18:00:00
2000,273,19,2282,71,71,15,15,5.4,5.3,-24.3,176.4,-4.8,0.3,-2.2,-0.3,-2.2,0.1,0.7,0.2,0.6,0.3,9999999.0,999.9,338.0,-2.7,1.2,0.027,9999999.0,999.9,3.0,1.2,0.5,0.003,99.99,0.74,999.99,999.9,99.9,9.9999,17,169,-21,6,192.6,220,-140,80,1.6,0.009428,0.75,0.47,0.44,0.42,0.36,0.27,-1,2000-09-29 19:00:00
2000,273,20,2282,71,71,15,15,5.5,5.4,-34.3,178.3,-4.4,0.1,-3.0,-0.6,-2.9,0.1,0.8,0.4,0.5,0.5,9999999.0,999.9,341.0,-2.3,2.3,0.022,9999999.0,999.9,5.0,0.7,0.9,0.003,99.99,0.99,999.99,999.9,99.9,9.9999,17,169,-23,6,192.6,295,-184,111,1.7,0.009428,0.69,0.44,0.41,0.39,0.34,0.27,-1,2000-09-29 20:00:00
2000,273,21,2282,71,71,15,15,5.3,5.2,-35.5,185.0,-4.2,-0.4,-3.0,-1.1,-2.8,0.1,0.8,0.3,0.5,0.5,9999999.0,999.9,339.0,-2.2,2.4,0.028,9999999.0,999.9,5.0,0.8,0.7,0.01,99.99,0.95,999.99,999.9,99.9,9.9999,17,169,-25,6,192.6,338,-166,171,1.9,0.009428,0.71,0.46,0.43,0.41,0.36,0.27,-1,2000-09-29 21:00:00
2000,273,22,2282,71,71,15,15,5.4,5.3,-36.9,182.1,-4.2,-0.2,-3.2,-0.9,-3.1,0.1,0.6,0.2,0.4,0.4,9999999.0,999.9,336.0,-2.5,2.6,0.026,9999999.0,999.9,4.0,0.6,0.7,0.007,99.99,1.04,999.99,999.9,99.9,9.9999,17,169,-27,6,192.6,233,-94,139,1.5,0.009428,0.68,0.46,0.43,0.4,0.35,0.26,-1,2000-09-29 22:00:00
2000,273,23,2282,71,71,15,15,5.6,5.6,-47.8,162.6,-3.6,1.1,-4.1,0.1,-4.2,0.1,0.7,0.3,0.6,0.1,9999999.0,999.9,340.0,-2.6,2.4,0.031,9999999.0,999.9,5.0,0.4,0.6,0.005,99.99,1.43,999.99,999.9,99.9,9.9999,17,169,-30,6,192.6,318,-166,152,1.8,0.009428,0.72,0.47,0.44,0.42,0.36,0.29,-1,2000-09-29 23:00:00
2000,274,0,2282,71,71,16,16,5.8,5.8,-54.2,129.9,-2.2,2.6,-4.7,1.4,-5.2,0.1,0.6,0.4,0.4,0.2,9999999.0,999.9,351.0,-2.2,2.7,0.041,9999999.0,999.9,4.0,0.4,0.5,0.005,99.99,1.83,999.99,999.9,99.9,9.9999,33,142,-34,18,194.0,412,-241,171,1.9,0.009226,0.74,0.48,0.45,0.43,0.37,0.29,-1,2000-09-30 00:00:00
2000,274,1,2282,71,71,15,15,5.9,5.8,-53.6,128.0,-2.1,2.7,-4.7,1.3,-5.3,0.1,0.6,0.3,0.4,0.3,9999999.0,999.9,352.0,-1.6,2.2,0.038,9999999.0,999.9,2.0,0.5,0.3,0.003,99.99,1.87,999.99,999.9,99.9,9.9999,33,142,-36,18,194.0,442,-332,110,2.3,0.009226,0.68,0.44,0.41,0.38,0.33,0.26,-1,2000-09-30 01:00:00
2000,274,2,2282,71,71,15,15,5.9,5.8,-50.1,147.2,-3.1,2.0,-4.4,0.6,-4.8,0.1,1.1,0.6,0.7,0.5,9999999.0,999.9,347.0,-1.7,1.9,0.036,9999999.0,999.9,5.0,0.5,0.5,0.003,99.99,1.67,999.99,999.9,99.9,9.9999,33,142,-34,18,194.0,498,-384,114,3.0,0.009226,0.67,0.46,0.44,0.42,0.37,0.29,-1,2000-09-30 02:00:00
2000,274,3,2282,71,71,15,15,6.8,6.6,-60.0,169.4,-3.2,0.6,-5.7,-1.4,-5.6,0.6,1.6,0.7,1.4,0.4,9999999.0,999.9,354.0,-0.3,1.9,0.042,9999999.0,999.9,3.0,1.1,0.3,0.012,99.99,1.98,999.99,999.9,99.9,9.9999,40,142,-34,27,194.0,458,-362,96,2.5,0.009226,0.64,0.44,0.41,0.39,0.34,0.26,-1,2000-09-30 03:00:00
2000,274,4,2282,71,71,15,15,8.7,8.6,-42.5,210.8,-5.5,-3.3,-5.8,-5.3,-4.1,0.5,1.0,0.5,0.6,0.7,9999999.0,999.9,360.0,2.5,1.7,0.047,9999999.0,999.9,5.0,0.4,0.3,0.011,99.99,1.48,999.99,999.9,99.9,9.9999,40,142,-35,27,194.0,492,-288,204,2.8,0.009226,0.65,0.46,0.44,0.41,0.36,0.27,-1,2000-09-30 04:00:00
2000,274,5,2282,71,71,17,17,10.5,9.6,-60.4,73.4,1.3,4.5,-8.3,0.4,-9.4,0.5,4.2,3.4,2.2,0.8,21923.0,2.8,398.0,-0.8,-0.8,0.038,2441.0,0.7,22.0,1.6,2.3,0.008,0.85,3.74,0.16,3.2,3.0,0.1183,40,142,-37,27,194.0,552,-290,262,2.3,0.009226,0.65,0.45,0.42,0.4,0.35,0.25,-1,2000-09-30 05:00:00
2000,274,6,2282,71,71,16,16,10.7,10.5,-46.9,54.5,4.1,5.8,-7.6,1.5,-9.4,0.2,1.9,1.5,1.0,0.5,18139.0,3.8,410.0,-1.8,-1.8,0.046,2342.0,1.4,9.0,0.9,1.0,0.017,1.26,3.85,0.2,3.7,3.4,0.0853,53,142,-45,56,194.0,781,-547,234,5.4,0.009226,0.63,0.44,0.41,0.39,0.34,0.26,-1,2000-09-30 06:00:00
2000,274,7,2282,71,71,14,14,11.1,10.9,-20.7,82.5,1.3,10.2,-3.9,6.8,-8.5,0.3,1.5,0.6,0.4,1.4,29316.0,2.5,399.0,-3.4,-4.0,0.048,3609.0,0.5,4.0,1.7,1.0,0.01,0.79,3.39,0.13,2.8,2.7,0.1473,53,142,-64,56,194.0,741,-455,286,4.1,0.009226,0.66,0.45,0.43,0.41,0.36,0.27,-1,2000-09-30 07:00:00
2000,274,8,2282,71,71,14,14,9.4,7.6,-51.6,82.5,0.6,4.6,-5.9,0.7,-7.4,0.3,5.2,2.0,3.7,2.9,31461.0,3.9,389.0,-1.8,-1.2,0.083,4140.0,0.5,9.0,3.4,1.8,0.03,1.31,2.88,0.29,4.1,3.6,0.0712,53,142,-62,56,194.0,694,-472,222,4.0,0.009226,0.68,0.44,0.42,0.4,0.35,0.28,-1,2000-09-30 08:00:00
2000,274,9,2282,71,71,15,15,10.1,8.5,-71.5,186.5,-2.7,-0.3,-8.1,-4.7,-6.6,0.3,5.1,1.9,4.5,1.4,42153.0,3.6,380.0,1.0,-0.6,0.055,10657.0,0.7,6.0,1.8,1.9,0.013,1.06,2.51,0.25,3.6,3.2,0.0934,50,142,-48,48,194.0,750,-505,245,3.6,0.009226,0.63,0.45,0.43,0.41,0.36,0.28,-1,2000-09-30 09:00:00
2000,274,10,2282,71,71,16,16,11.3,10.9,-41.7,85.6,0.6,8.1,-7.2,2.7,-10.5,0.7,3.1,1.0,2.3,1.8,23480.0,6.4,383.0,-1.7,-0.4,0.043,5625.0,1.8,5.0,1.3,1.4,0.008,1.84,4.02,0.32,4.3,3.8,0.0647,50,142,-49,48,194.0,568,-385,183,4.2,0.009226,0.61,0.45,0.43,0.41,0.37,0.3,-1,2000-09-30 10:00:00
2000,274,11,2282,71,71,15,15,14.1,14.0,-23.3,78.4,2.6,12.6,-5.5,7.5,-11.5,1.7,2.1,0.7,1.8,0.8,23658.0,9.0,402.0,-3.1,-1.8,0.049,6347.0,1.6,9.0,0.5,0.5,0.003,2.9,4.62,0.29,4.3,3.8,0.065,50,142,-41,48,194.0,1290,-1051,239,6.7,0.009226,0.6,0.44,0.41,0.39,0.33,0.26,-1,2000-09-30 11:00:00
2000,274,12,2282,71,71,15,15,13.9,13.8,-17.9,78.7,2.6,12.9,-4.2,8.6,-10.5,1.0,1.4,0.6,1.0,0.8,22246.0,10.8,409.0,-2.6,-2.2,0.05,1572.0,1.7,1.0,0.5,0.4,0.011,3.62,4.29,0.35,4.8,4.2,0.0509,57,142,-54,67,194.0,881,-625,256,5.2,0.009226,0.6,0.47,0.45,0.43,0.37,0.3,-1,2000-09-30 12:00:00
2000,274,13,2282,71,71,15,15,11.9,11.6,-23.7,86.2,0.7,10.6,-4.6,6.7,-9.4,0.5,2.7,1.6,0.8,2.0,33823.0,12.0,412.0,-3.1,-2.4,0.072,2203.0,1.4,3.0,0.6,0.5,0.007,4.38,3.87,0.57,6.0,4.9,0.0331,57,142,-68,67,194.0,593,-276,318,3.2,0.009226,0.57,0.44,0.41,0.39,0.34,0.25,-1,2000-09-30 13:00:00
2000,274,14,2282,71,71,15,15,11.8,10.5,-7.1,111.3,-3.8,9.7,-1.3,7.9,-5.8,1.0,5.3,2.4,1.2,4.6,54837.0,9.5,409.0,-4.9,-3.3,0.068,19603.0,6.2,6.0,1.6,0.6,0.014,3.38,2.37,0.52,5.3,4.4,0.0417,57,142,-75,67,194.0,687,-392,294,2.7,0.009226,0.56,0.45,0.43,0.41,0.35,0.27,-1,2000-09-30 14:00:00
2000,274,15,2282,71,71,15,15,12.4,11.7,12.3,122.0,-6.1,9.7,2.5,9.8,-2.0,0.3,3.7,1.5,1.1,3.1,63940.0,3.8,403.0,-6.1,-0.9,0.077,17634.0,1.1,9.0,0.6,2.3,0.018,1.35,0.81,0.2,3.2,2.9,0.1185,50,142,-75,48,194.0,617,-370,247,2.2,0.009226,0.53,0.41,0.39,0.37,0.32,0.24,-1,2000-09-30 15:00:00
2000,274,16,2282,71,71,15,15,12.0,11.0,-9.6,126.6,-6.5,8.7,-1.8,7.3,-5.1,0.2,4.5,1.5,1.0,4.1,50573.0,3.7,397.0,-5.5,4.3,0.074,15497.0,1.2,8.0,1.8,4.2,0.013,1.26,2.02,0.19,3.2,2.9,0.1175,50,142,-74,48,194.0,365,-237,128,1.5,0.009226,0.55,0.44,0.42,0.4,0.35,0.27,-1,2000-09-30 16:00:00
2000,274,17,2282,71,71,16,16,6.8,5.1,45.3,162.4,-3.4,1.1,3.6,2.3,3.0,1.1,4.0,1.9,3.0,1.9,98428.0,17.8,435.0,2.4,4.6,0.056,22015.0,5.9,9.0,1.8,1.2,0.017,6.88,-1.3,3.63,13.5,6.6,0.0065,50,142,-53,48,194.0,676,-496,180,3.4,0.009226,0.55,0.44,0.42,0.4,0.34,0.27,-1,2000-09-30 17:00:00
2000,274,18,2282,71,71,15,15,6.5,5.7,30.1,218.0,-3.9,-3.0,2.9,-1.9,3.7,1.0,2.9,1.9,1.3,1.8,120151.0,13.8,439.0,2.9,4.8,0.036,16352.0,2.3,5.0,0.5,0.7,0.01,5.08,-1.62,3.38,12.5,6.3,0.0076,50,142,-43,48,194.0,160,-83,76,1.1,0.009226,0.56,0.49,0.47,0.45,0.39,0.3,-1,2000-09-30 18:00:00
2000,274,19,2282,71,71,16,16,11.4,10.8,-74.4,165.9,-2.8,0.7,-10.4,-2.2,-10.2,2.2,3.9,0.8,0.9,3.7,124843.0,3.8,441.0,4.5,7.4,0.049,49272.0,3.4,5.0,0.8,3.1,0.02,1.48,4.5,0.31,3.8,3.4,0.0837,50,142,-47,48,194.0,291,-166,125,2.0,0.009226,1.03,0.95,0.94,0.92,0.87,0.69,-1,2000-09-30 19:00:00
2000,274,20,2282,71,71,15,15,12.7,12.5,-75.4,165.5,-3.0,0.8,-12.1,-2.2,-11.9,0.3,2.2,0.9,1.9,0.4,98189.0,2.1,436.0,3.9,9.8,0.035,39531.0,0.6,9.0,2.7,2.6,0.009,0.76,5.19,0.12,2.5,2.4,0.1922,50,142,-59,48,194.0,786,-669,116,4.3,0.009226,0.54,0.46,0.43,0.41,0.37,0.29,-1,2000-09-30 20:00:00
2000,274,21,2282,71,71,13,13,12.7,12.6,-69.5,179.0,-4.4,0.1,-11.8,-2.6,-11.5,1.4,2.1,1.5,1.0,1.2,72769.0,2.5,436.0,5.8,7.9,0.033,37993.0,2.4,15.0,1.5,3.1,0.006,0.9,5.01,0.13,2.7,2.6,0.1615,63,142,-69,94,194.0,904,-766,138,4.5,0.009226,0.51,0.43,0.4,0.38,0.33,0.25,-1,2000-09-30 21:00:00
2000,274,22,2282,71,71,16,16,9.8,6.1,-49.3,160.4,-3.8,1.3,-4.6,0.2,-4.8,3.1,8.1,1.8,2.0,7.6,102173.0,8.8,426.0,3.5,5.4,0.037,28782.0,8.5,11.0,0.7,2.4,0.009,3.06,2.04,0.88,6.4,4.9,0.0286,63,142,-72,94,194.0,779,-598,181,4.1,0.009226,0.53,0.45,0.42,0.4,0.35,0.27,-1,2000-09-30 22:00:00
2000,274,23,2282,71,71,15,15,8.9,7.9,54.3,130.9,-3.0,3.5,6.4,4.9,5.4,1.2,4.1,1.2,3.0,2.6,110142.0,13.9,434.0,3.8,2.2,0.029,15221.0,2.6,6.0,1.5,1.4,0.009,4.88,-2.34,1.74,9.1,5.7,0.0144,63,142,-51,94,194.0,620,-348,272,3.5,0.009226,0.54,0.47,0.44,0.43,0.37,0.28,-1,2000-09-30 23:00:00
2000,275,0,2282,71,71,15,15,11.9,11.8,48.3,122.9,-4.3,6.6,8.8,8.5,6.9,0.9,1.4,0.5,0.7,1.1,111103.0,7.0,438.0,3.6,1.4,0.025,59368.0,3.1,8.0,2.3,2.4,0.006,2.47,-3.02,0.49,4.9,4.1,0.0502,40,164,-53,27,201.9,133,-65,69,0.2,0.009382,0.53,0.47,0.44,0.42,0.36,0.27,-1,2000-10-01 00:00:00
2000,275,1,2282,71,71,16,16,9.3,8.1,31.8,146.7,-5.8,3.8,4.3,4.8,3.1,1.7,4.5,1.7,2.1,3.6,126020.0,16.5,446.0,1.2,0.4,0.021,23190.0,7.9,15.0,0.8,2.6,0.004,5.94,-1.38,2.02,9.7,5.9,0.0125,40,164,-49,27,201.9,176,-56,120,0.7,0.009382,0.5,0.44,0.42,0.4,0.34,0.26,-1,2000-10-01 01:00:00
2000,275,2,2282,71,71,14,14,6.7,5.5,12.0,93.4,-0.3,5.4,1.2,5.5,-0.5,1.2,3.8,2.8,1.4,2.2,107556.0,16.5,448.0,0.2,4.2,0.023,9063.0,2.9,9.0,0.6,1.5,0.003,6.04,0.22,3.61,13.6,6.7,0.0064,40,164,-50,27,201.9,159,-83,76,1.3,0.009382,0.48,0.43,0.4,0.39,0.34,0.26,-1,2000-10-01 02:00:00
2000,275,3,2282,71,71,15,15,7.1,6.9,10.5,75.5,1.7,6.6,1.3,6.6,-1.1,0.5,1.3,1.0,0.5,0.6,91029.0,14.8,429.0,0.4,1.9,0.02,7235.0,2.8,3.0,1.0,0.3,0.002,4.91,0.47,2.68,11.6,6.4,0.0088,37,164,-52,22,201.9,275,-184,91,2.2,0.009382,0.5,0.46,0.44,0.42,0.37,0.3,-1,2000-10-01 03:00:00
2000,275,4,2282,71,71,15,15,8.4,8.0,17.4,75.9,1.9,7.4,2.4,7.8,-0.7,0.7,1.9,1.6,0.9,0.6,121533.0,7.0,422.0,-1.1,1.2,0.02,5785.0,1.8,11.0,0.7,0.5,0.004,2.25,0.3,1.03,6.6,4.8,0.0269,37,164,-57,22,201.9,278,-193,85,2.0,0.009382,0.48,0.43,0.41,0.39,0.34,0.25,-1,2000-10-01 04:00:00
2000,275,5,2282,71,71,15,15,10.1,9.9,6.0,64.8,4.2,8.9,1.0,8.5,-3.0,0.5,2.0,0.8,0.7,1.7,78706.0,5.2,437.0,-0.8,-0.1,0.022,24581.0,1.5,9.0,0.6,1.8,0.004,1.8,1.31,0.44,4.9,4.2,0.0489,37,164,-54,22,201.9,411,-273,138,2.6,0.009382,0.47,0.42,0.4,0.38,0.33,0.26,-1,2000-10-01 05:00:00
2000,275,6,2282,71,71,16,16,7.3,7.0,17.6,51.5,4.2,5.2,2.1,5.6,-0.6,1.1,2.1,1.1,1.0,1.5,47362.0,7.8,452.0,-0.6,-4.0,0.021,8615.0,1.6,4.0,0.9,0.7,0.003,2.88,0.27,1.07,8.6,6.2,0.0159,33,164,-46,18,201.9,454,-302,153,4.4,0.009382,0.51,0.45,0.43,0.41,0.36,0.28,-1,2000-10-01 06:00:00
2000,275,7,2282,71,71,15,15,3.9,3.7,11.1,59.2,1.9,3.1,0.7,3.0,-1.0,0.9,1.4,0.7,1.0,0.6,69959.0,6.5,451.0,1.5,-2.9,0.019,9918.0,1.0,6.0,0.5,0.7,0.001,2.38,0.45,3.53,14.7,7.3,0.0055,33,164,-47,18,201.9,311,-180,132,2.8,0.009382,0.51,0.47,0.45,0.43,0.38,0.29,-1,2000-10-01 07:00:00
2000,275,8,2282,71,71,15,15,3.5,2.0,-7.6,95.3,-0.2,2.0,-0.3,1.5,-1.3,0.7,2.8,2.5,0.8,1.1,54043.0,5.2,458.0,1.3,-4.0,0.014,10889.0,0.9,6.0,1.1,1.1,0.003,1.92,0.6,3.22,14.9,7.7,0.0053,33,164,-47,18,201.9,234,-110,124,1.4,0.009382,0.45,0.41,0.39,0.37,0.31,0.23,-1,2000-10-01 08:00:00
2000,275,9,2282,71,71,14,14,3.1,3.1,-25.8,174.5,-2.8,0.3,-1.3,-0.5,-1.3,0.2,0.5,0.2,0.4,0.2,26768.0,4.7,445.0,-0.7,-1.2,0.012,3286.0,0.3,3.0,0.2,0.4,0.001,1.63,0.58,3.16,15.6,8.1,0.0049,20,164,-48,7,201.9,210,-106,104,0.9,0.009382,0.49,0.45,0.43,0.41,0.36,0.27,-1,2000-10-01 09:00:00
2000,275,10,2282,71,71,15,15,3.1,3.1,-17.8,168.9,-2.9,0.6,-1.0,-0.1,-1.2,0.1,0.2,0.1,0.1,0.1,24607.0,3.8,439.0,-0.9,-0.8,0.011,1633.0,0.4,2.0,0.2,0.1,0.001,1.28,0.53,2.52,13.8,7.7,0.0062,20,164,-45,7,201.9,302,-212,90,0.8,0.009382,0.49,0.45,0.43,0.41,0.37,0.3,-1,2000-10-01 10:00:00
2000,275,11,2282,71,71,15,15,2.7,2.7,-22.9,168.1,-2.4,0.5,-1.0,-0.1,-1.1,0.1,0.4,0.2,0.3,0.1,31304.0,3.6,427.0,-0.8,-0.6,0.01,2953.0,0.2,5.0,0.3,0.4,0.001,1.14,0.47,3.28,15.0,7.7,0.0053,20,164,-39,7,201.9,300,-242,59,1.1,0.009382,0.47,0.43,0.41,0.4,0.33,0.25,-1,2000-10-01 11:00:00
2000,275,12,2282,71,71,14,14,1.8,1.3,-12.8,138.9,-0.9,0.8,-0.3,0.5,-0.7,0.4,1.3,1.0,0.5,0.7,36481.0,4.9,410.0,0.2,0.4,0.012,1615.0,0.5,4.0,0.2,0.3,0.001,1.44,0.29,10.37,25.2,8.0,0.0019,17,164,-37,6,201.9,221,-123,98,1.0,0.009382,0.48,0.44,0.42,0.4,0.36,0.28,-1,2000-10-01 12:00:00
2000,275,13,2282,71,71,15,15,1.7,1.5,-18.0,168.8,-1.4,0.3,-0.5,0.0,-0.6,0.4,0.7,0.4,0.3,0.4,33588.0,4.9,409.0,-0.1,0.8,0.015,2674.0,0.3,2.0,0.4,0.2,0.001,1.45,0.25,11.42,26.6,8.1,0.0017,17,164,-33,6,201.9,156,-87,68,1.0,0.009382,0.5,0.46,0.44,0.42,0.37,0.28,-1,2000-10-01 13:00:00
2000,275,14,2282,71,71,15,15,2.0,1.5,21.4,180.7,-1.4,0.0,0.6,0.3,0.5,0.4,1.2,0.4,1.1,0.4,32241.0,4.5,409.0,-0.3,0.8,0.016,2544.0,0.4,2.0,0.2,0.2,0.002,1.34,-0.2,7.52,21.7,7.9,0.0025,17,164,-34,6,201.9,101,-60,41,0.7,0.009382,0.48,0.43,0.41,0.4,0.35,0.28,-1,2000-10-01 14:00:00
2000,275,15,2282,71,71,15,15,1.9,1.5,-18.9,163.2,-1.3,0.4,-0.5,0.1,-0.6,0.4,1.2,0.3,1.1,0.4,25226.0,4.0,403.0,-0.9,1.6,0.016,4073.0,0.9,4.0,0.4,0.5,0.001,1.15,0.24,7.08,21.2,8.0,0.0026,27,164,-32,12,201.9,69,-46,23,0.6,0.009382,0.45,0.41,0.4,0.38,0.33,0.25,-1,2000-10-01 15:00:00
2000,275,16,2282,71,71,15,15,2.1,2.0,-13.7,133.3,-1.3,1.4,-0.5,1.1,-1.0,0.3,0.5,0.3,0.4,0.3,18085.0,4.0,396.0,-1.4,2.2,0.014,1600.0,0.5,3.0,0.3,0.2,0.001,1.11,0.4,5.53,18.9,7.9,0.0033,27,164,-29,12,201.9,106,-77,29,1.0,0.009382,0.51,0.46,0.44,0.43,0.37,0.28,-1,2000-10-01 16:00:00
2000,275,17,2282,71,71,14,14,1.4,0.5,10.9,159.9,-0.5,0.2,0.1,0.2,0.0,0.4,1.3,1.0,0.8,0.4,19918.0,4.7,394.0,-1.1,2.5,0.014,2346.0,0.3,4.0,0.1,0.3,0.001,1.29,-0.0,14.79,30.5,8.2,0.0013,27,164,-27,12,201.9,300,-268,32,1.0,0.009382,0.52,0.48,0.46,0.44,0.39,0.3,-1,2000-10-01 17:00:00
2000,275,18,2282,71,71,16,16,1.7,0.3,48.5,24.0,0.2,0.1,0.3,0.2,0.3,0.4,1.7,1.2,1.1,0.4,26281.0,4.3,389.0,-1.9,2.3,0.015,4112.0,0.5,2.0,0.5,0.5,0.002,1.15,-0.12,9.57,23.7,7.8,0.0021,17,164,-22,6,201.9,85,-53,32,0.3,0.009382,0.52,0.47,0.45,0.43,0.38,0.29,-1,2000-10-01 18:00:00
2000,275,19,2282,71,71,14,14,2.3,2.0,-3.8,96.6,-0.2,2.0,-0.1,1.9,-0.6,0.2,1.1,0.6,0.3,0.8,20088.0,4.2,387.0,-1.6,1.4,0.019,2877.0,0.3,1.0,0.2,0.3,0.005,1.13,0.23,4.9,17.2,7.5,0.004,17,164,-20,6,201.9,43,-23,20,0.3,0.009382,0.5,0.45,0.43,0.41,0.35,0.27,-1,2000-10-01 19:00:00
2000,275,20,2282,71,71,16,16,2.6,2.2,57.7,201.7,-1.1,-0.4,1.8,0.1,1.8,0.5,1.5,0.4,1.4,0.5,21760.0,4.4,389.0,-1.8,1.8,0.023,1363.0,0.2,2.0,0.3,0.2,0.003,1.21,-0.7,4.06,15.7,7.4,0.0048,17,164,-18,6,201.9,66,-49,17,-0.1,0.009382,999999.99,99999.99,99999.99,99999.99,99999.99,99999.99,0,2000-10-01 20:00:00
2000,275,21,2282,71,71,15,15,3.5,3.4,21.8,278.9,0.5,-3.1,1.3,-2.7,2.0,0.4,0.8,0.3,0.3,0.7,23006.0,5.3,392.0,-3.3,0.8,0.018,2097.0,1.0,1.0,0.7,0.5,0.003,1.46,-0.78,2.72,12.9,7.0,0.0072,10,164,-14,4,201.9,37,-20,17,-0.1,0.009382,999999.99,99999.99,99999.99,99999.99,99999.99,99999.99,0,2000-10-01 21:00:00
2000,275,22,2282,71,71,14,14,3.2,2.4,30.7,244.2,-0.9,-1.8,1.2,-1.5,1.6,0.3,1.9,1.3,1.1,1.0,25561.0,6.5,386.0,-4.1,-0.2,0.017,3227.0,0.5,5.0,0.7,0.4,0.005,1.73,-0.62,4.06,15.4,7.2,0.005,10,164,-14,4,201.9,47,-27,19,0.0,0.009382,999999.99,99999.99,99999.99,99999.99,99999.99,99999.99,0,2000-10-01 22:00:00
2000,275,23,2282,71,71,15,15,2.9,2.5,71.0,221.5,-0.6,-0.5,2.3,0.0,2.4,0.4,1.3,0.5,0.9,0.8,20442.0,6.6,377.0,-4.0,0.1,0.015,1343.0,0.9,3.0,0.7,0.8,0.005,1.66,-0.9,4.86,16.7,7.3,0.0043,10,164,-14,4,201.9,42,-16,26,-0.2,0.009382,999999.99,99999.99,99999.99,99999.99,99999.99,99999.99,0,2000-10-01 23:00:00
2000,276,0,2282,71,71,14,14,4.0,3.5,15.7,293.1,1.3,-3.1,1.0,-2.8,1.7,0.3,1.6,0.9,0.7,1.1,24258.0,6.1,368.0,-6.3,0.9,0.017,3160.0,0.6,4.0,0.6,0.7,0.003,1.47,-0.63,2.42,11.4,6.5,0.0092,3,218,-17,2,202.9,32,-17,15,-0.2,0.009452,999999.99,99999.99,99999.99,99999.99,99999.99,99999.99,0,2000-10-02 00:00:00
2000,276,1,2282,71,71,16,16,5.0,4.7,5.7,297.6,2.2,-4.1,0.5,-3.8,1.6,0.4,1.7,0.7,0.7,1.4,24675.0,7.5,365.0,-7.3,0.8,0.017,1286.0,0.6,4.0,0.3,0.9,0.003,1.78,-0.58,1.91,10.0,6.1,0.0119,3,218,-17,2,202.9,30,-15,15,-0.1,0.009452,999999.99,99999.99,99999.99,99999.99,99999.99,99999.99,0,2000-10-02 01:00:00
2000,276,2,2282,71,71,15,15,4.9,4.7,43.7,277.5,0.4,-3.4,3.2,-2.3,4.1,0.3,1.1,0.5,0.7,0.6,26666.0,8.7,368.0,-7.2,1.7,0.014,1615.0,0.6,1.0,0.4,0.3,0.002,2.08,-1.51,2.34,11.1,6.4,0.0097,3,218,-17,2,202.9,27,-14,13,-0.3,0.009452,999999.99,99999.99,99999.99,99999.99,99999.99,99999.99,0,2000-10-02 02:00:00
2000,276,3,2282,71,71,14,14,5.4,4.9,38.5,264.8,-0.3,-3.8,3.0,-2.5,4.1,0.2,2.1,1.6,0.7,1.2,25883.0,9.5,373.0,-7.0,2.0,0.014,2472.0,0.7,7.0,0.5,0.5,0.001,2.33,-1.53,2.09,10.6,6.4,0.0105,10,218,-16,4,202.9,21,-10,12,-0.3,0.009452,0.47,0.43,0.41,0.39,0.34,0.26,-1,2000-10-02 03:00:00
2000,276,4,2282,71,71,15,15,5.7,5.5,20.5,283.3,1.2,-5.0,1.9,-3.9,3.7,0.3,1.0,0.7,0.4,0.6,25483.0,9.2,366.0,-8.5,0.6,0.012,2503.0,0.7,3.0,0.6,0.8,0.001,2.16,-1.35,1.81,9.7,6.1,0.0125,10,218,-14,4,202.9,29,-9,21,-0.2,0.009452,0.48,0.44,0.42,0.4,0.35,0.26,-1,2000-10-02 04:00:00
2000,276,5,2282,71,71,16,16,3.9,3.1,-19.2,295.2,1.2,-2.6,-1.0,-2.8,0.2,1.6,2.7,1.5,2.0,1.1,35021.0,11.0,369.0,-5.3,0.1,0.023,4113.0,1.1,6.0,1.4,1.1,0.008,2.73,-0.07,4.92,15.7,6.9,0.0048,10,218,-8,4,202.9,34,-1,33,0.0,0.009452,0.49,0.45,0.43,0.41,0.36,0.28,-1,2000-10-02 05:00:00
2000,276,6,2282,71,71,15,15,2.7,1.9,25.6,133.0,-1.2,1.3,0.8,1.5,0.1,0.7,1.8,1.1,0.5,1.4,29578.0,13.4,375.0,-3.4,1.5,0.03,1723.0,0.8,2.0,0.3,0.8,0.007,3.52,-0.04,12.08,25.4,7.5,0.0018,13,218,-6,5,202.9,50,-10,40,0.2,0.009452,0.47,0.43,0.41,0.39,0.35,0.27,-1,2000-10-02 06:00:00
2000,276,7,2282,71,71,15,15,5.3,4.9,18.4,113.8,-1.9,4.3,1.6,4.5,-0.8,0.7,1.8,0.5,1.4,0.9,35157.0,8.4,377.0,-3.7,1.7,0.029,5940.0,1.8,3.0,1.0,0.7,0.009,2.23,0.3,2.03,10.3,6.2,0.0112,13,218,-13,5,202.9,42,-5,36,0.2,0.009452,0.49,0.46,0.44,0.42,0.37,0.29,-1,2000-10-02 07:00:00
2000,276,8,2282,71,71,15,15,4.6,4.2,-29.5,109.9,-1.3,3.5,-2.1,1.8,-3.6,0.6,1.7,1.0,0.8,1.1,53402.0,6.2,379.0,-1.5,2.6,0.038,5661.0,0.6,4.0,0.5,0.8,0.004,1.71,1.36,2.22,10.3,6.0,0.0113,13,218,-19,5,202.9,234,-127,107,1.3,0.009452,0.48,0.45,0.42,0.4,0.35,0.28,-1,2000-10-02 08:00:00
2000,276,9,2282,71,71,15,15,5.6,3.6,-52.2,162.7,-2.1,0.6,-2.8,-1.0,-2.7,0.5,4.0,1.1,3.3,2.0,48891.0,6.5,377.0,-1.6,3.0,0.035,7225.0,0.6,4.0,1.1,0.5,0.007,1.76,1.02,1.53,8.6,5.6,0.0162,17,218,-25,6,202.9,379,-271,108,1.5,0.009452,0.49,0.45,0.43,0.41,0.36,0.26,-1,2000-10-02 09:00:00
2000,276,10,2282,71,71,15,15,6.2,5.7,-18.0,131.3,-3.6,4.1,-1.8,2.4,-3.8,0.4,2.1,1.0,1.8,0.7,51088.0,6.0,373.0,-1.9,1.9,0.03,10529.0,0.4,2.0,0.6,0.8,0.002,1.56,1.42,1.17,7.4,5.2,0.0219,17,218,-25,6,202.9,478,-320,158,2.5,0.009452,0.53,0.49,0.47,0.45,0.39,0.3,-1,2000-10-02 10:00:00
2000,276,11,2282,71,71,15,15,6.9,6.6,1.7,104.1,-1.6,6.4,0.2,5.5,-3.3,0.3,1.7,0.6,0.4,1.5,29909.0,5.8,376.0,-2.6,2.0,0.032,3883.0,0.3,1.0,0.8,0.7,0.004,1.54,1.24,0.8,6.6,5.0,0.0276,17,218,-24,6,202.9,537,-305,232,2.8,0.009452,0.52,0.48,0.46,0.44,0.39,0.32,-1,2000-10-02 11:00:00
2000,276,12,2282,71,71,15,15,5.6,5.2,-12.9,93.1,-0.3,5.1,-1.2,3.7,-3.7,0.7,1.8,0.5,0.8,1.5,23343.0,10.0,378.0,-2.6,2.9,0.032,2771.0,3.5,3.0,1.6,1.1,0.011,2.69,1.4,2.01,10.7,6.5,0.0104,23,218,-18,9,202.9,473,-307,167,2.9,0.009452,0.49,0.46,0.43,0.41,0.36,0.27,-1,2000-10-02 12:00:00
2000,276,13,2282,71,71,15,15,5.3,3.0,-55.5,333.7,1.5,-0.8,-2.5,-2.0,-1.7,0.4,4.3,0.5,3.8,1.9,24181.0,13.5,378.0,-3.8,4.0,0.046,3761.0,1.6,2.0,0.4,0.6,0.021,3.81,0.64,3.05,13.1,6.9,0.0069,23,218,-16,9,202.9,372,-273,99,2.0,0.009452,0.47,0.42,0.4,0.38,0.34,0.26,-1,2000-10-02 13:00:00
2000,276,14,2282,71,71,15,15,6.3,4.7,-52.7,277.9,0.4,-2.8,-3.7,-4.2,-1.9,0.9,4.1,1.0,3.3,2.2,37611.0,9.5,383.0,-1.1,2.9,0.039,5660.0,2.0,2.0,1.1,0.5,0.012,2.69,0.73,1.65,9.4,6.0,0.0136,23,218,-18,9,202.9,265,-189,76,1.0,0.009452,0.52,0.47,0.44,0.41,0.37,0.28,-1,2000-10-02 14:00:00
2000,276,15,2282,71,71,15,15,7.8,7.7,-62.4,109.0,-1.2,3.4,-6.8,0.1,-7.6,0.2,0.7,0.3,0.5,0.4,26133.0,6.0,378.0,-2.0,2.8,0.036,3190.0,0.5,2.0,0.8,0.6,0.002,1.64,2.87,0.63,5.9,4.8,0.0338,43,218,-22,32,202.9,426,-272,155,3.0,0.009452,0.55,0.5,0.47,0.45,0.39,0.29,-1,2000-10-02 15:00:00
2000,276,16,2282,71,71,15,15,7.8,7.6,-43.0,96.6,-0.6,5.5,-5.2,3.0,-7.0,0.2,1.4,0.5,0.8,1.0,34669.0,6.6,378.0,-3.3,3.0,9.999,4151.0,0.6,2.0,1.1,0.3,9.999,1.89,2.65,0.74,6.2,4.9,0.0307,43,218,-27,32,202.9,941,-651,289,3.9,0.009452,0.5,0.45,0.43,0.41,0.35,0.28,-1,2000-10-02 16:00:00
2000,276,17,2282,71,71,15,15,6.7,6.1,-2.9,99.3,-1.0,6.0,-0.3,5.5,-2.4,0.8,2.6,0.4,1.3,2.2,50627.0,7.7,379.0,-2.8,0.8,9.999,8487.0,0.6,3.0,1.2,1.5,9.999,2.21,0.91,1.28,7.8,5.4,0.0193,43,218,-34,32,202.9,728,-480,248,3.1,0.009452,1.14,1.06,1.03,1.0,0.95,0.77,-1,2000-10-02 17:00:00
2000,276,18,2282,71,71,15,15,7.3,7.2,-3.9,114.3,-2.9,6.5,-0.5,6.0,-2.5,0.4,1.1,0.6,0.4,0.8,53799.0,6.4,382.0,-0.9,0.2,9.999,6547.0,0.4,1.0,0.4,0.4,9.999,1.87,0.95,0.91,6.6,5.0,0.0271,23,218,-32,9,202.9,326,-197,129,1.9,0.009452,0.55,0.46,0.43,0.41,0.37,0.29,-1,2000-10-02 18:00:00
2000,276,19,2282,71,71,15,15,7.0,6.8,0.8,114.5,-2.8,6.2,0.1,6.0,-1.6,0.5,1.2,1.0,0.4,0.5,58208.0,6.5,382.0,-1.5,-0.7,9.999,6676.0,0.5,4.0,0.4,0.4,9.999,1.9,0.61,1.03,7.0,5.1,0.0246,23,218,-27,9,202.9,247,-131,116,1.7,0.009452,0.6,0.47,0.44,0.41,0.37,0.29,-1,2000-10-02 19:00:00
2000,276,20,2282,71,71,15,15,8.0,8.0,-13.3,116.1,-3.4,7.0,-1.8,6.3,-3.5,0.4,0.7,0.4,0.3,0.4,39989.0,5.6,380.0,-3.4,0.4,0.041,6772.0,0.4,2.0,0.6,0.6,0.001,1.57,1.33,0.61,5.6,4.5,0.0377,23,218,-26,9,202.9,336,-225,111,1.7,0.009452,0.57,0.45,0.42,0.39,0.34,0.25,-1,2000-10-02 20:00:00
2000,276,21,2282,71,71,15,15,7.7,7.3,-21.1,118.4,-3.3,6.0,-2.6,5.3,-3.9,0.1,2.1,0.9,0.6,1.8,52280.0,5.7,383.0,-2.6,0.9,0.045,4182.0,0.2,1.0,0.4,0.9,0.009,1.65,1.49,0.72,5.9,4.7,0.0337,27,218,-30,12,202.9,336,-191,145,2.3,0.009452,0.61,0.48,0.44,0.42,0.37,0.28,-1,2000-10-02 21:00:00
2000,276,22,2282,71,71,15,15,7.4,6.2,-19.2,126.1,-3.4,4.7,-2.0,4.1,-3.0,0.1,3.9,1.5,0.7,3.5,78903.0,5.8,392.0,-0.6,0.8,0.055,17409.0,0.4,3.0,0.6,0.8,0.006,1.82,1.18,0.91,6.4,4.8,0.0292,27,218,-36,12,202.9,322,-167,154,2.2,0.009452,0.59,0.45,0.42,0.4,0.34,0.26,-1,2000-10-02 22:00:00
2000,276,23,2282,71,71,15,15,6.8,6.5,-12.5,127.7,-3.9,5.0,-1.4,4.6,-2.5,0.5,1.8,0.5,0.7,1.6,84063.0,5.9,392.0,-0.9,0.8,0.056,12978.0,0.5,3.0,0.2,1.1,0.004,1.85,0.98,1.13,7.0,5.0,0.0243,27,218,-42,12,202.9,449,-272,178,2.8,0.009452,0.59,0.45,0.42,0.4,0.35,0.28,-1,2000-10-02 23:00:00
2000,277,0,2282,71,71,16,16,5.5,4.6,-28.7,124.0,-2.2,3.3,-2.2,2.7,-2.9,0.4,2.5,1.9,1.1,1.2,85190.0,5.9,395.0,-1.1,0.5,0.059,15032.0,0.9,9.0,0.7,0.8,0.008,1.9,1.15,1.73,8.7,5.5,0.0156,43,227,-46,32,192.1,384,-198,186,2.6,0.009398,999999.99,99999.99,99999.99,99999.99,99999.99,99999.99,0,2000-10-03 00:00:00
2000,277,1,2282,71,71,17,17,9.4,7.9,-31.6,114.8,-2.8,6.1,-4.1,4.8,-5.6,1.6,4.6,2.3,2.4,3.2,149247.0,12.2,438.0,-3.7,-0.3,0.075,24806.0,1.9,12.0,1.9,1.3,0.01,5.08,2.45,1.59,8.1,5.3,0.018,43,227,-40,32,192.1,439,-228,211,3.2,0.009398,999999.99,99999.99,99999.99,99999.99,99999.99,99999.99,0,2000-10-03 01:00:00
2000,277,2,2282,71,71,15,15,11.4,10.0,-20.0,115.4,-4.0,8.5,-3.4,7.1,-5.8,1.0,5.0,3.4,2.7,2.6,116441.0,12.3,450.0,-3.3,0.3,0.055,13157.0,2.8,12.0,0.8,1.3,0.012,5.07,2.61,0.96,6.9,5.1,0.0248,43,227,-47,32,192.1,458,-289,169,4.1,0.009398,0.68,0.49,0.46,0.43,0.37,0.28,-1,2000-10-03 02:00:00
2000,277,3,2282,71,71,15,15,10.9,9.9,-4.1,120.4,-5.0,8.5,-0.7,7.7,-3.6,0.7,4.4,2.0,1.8,3.5,138904.0,12.2,453.0,-2.4,1.8,0.053,26853.0,0.7,3.0,1.0,1.4,0.007,5.07,1.63,1.14,7.3,5.1,0.0226,47,227,-51,39,192.1,870,-429,441,5.1,0.009398,999999.99,99999.99,99999.99,99999.99,99999.99,99999.99,0,2000-10-03 03:00:00
2000,277,4,2282,71,71,15,15,12.3,10.8,13.1,130.7,-6.8,7.9,2.4,8.2,-0.9,0.9,5.8,1.2,4.6,3.2,125358.0,9.7,459.0,-1.6,1.0,0.049,18635.0,2.0,8.0,1.2,1.3,0.01,4.08,0.41,0.68,5.8,4.6,0.0352,47,227,-54,39,192.1,507,-264,243,4.0,0.009398,0.65,0.45,0.41,0.39,0.35,0.28,-1,2000-10-03 04:00:00
2000,277,5,2282,71,71,15,15,13.1,12.7,-4.0,123.3,-7.0,10.6,-0.9,9.2,-5.4,0.4,2.6,1.0,0.9,2.2,88193.0,7.4,462.0,-1.8,4.9,0.036,8686.0,0.8,5.0,0.4,0.8,0.005,3.02,2.49,0.39,4.8,4.2,0.0517,47,227,-55,39,192.1,479,-280,199,3.9,0.009398,0.72,0.5,0.45,0.42,0.36,0.28,-1,2000-10-03 05:00:00
2000,277,6,2282,71,71,15,15,12.0,11.7,3.3,127.3,-7.1,9.3,0.7,8.5,-3.8,0.2,2.1,1.1,0.8,1.6,129421.0,7.5,457.0,-0.9,5.8,0.047,8148.0,0.4,7.0,0.6,1.1,0.007,3.11,1.74,0.56,5.2,4.3,0.0437,50,227,-62,48,192.1,605,-402,203,3.6,0.009398,0.75,0.51,0.45,0.42,0.36,0.28,-1,2000-10-03 06:00:00
2000,277,7,2282,71,71,15,15,13.3,13.1,-6.2,121.9,-6.9,11.1,-1.4,8.9,-6.8,0.4,2.1,1.2,0.9,1.4,92757.0,6.1,457.0,-1.3,7.4,0.043,9407.0,0.4,7.0,0.5,0.9,0.008,2.49,3.11,0.32,4.2,3.8,0.0661,50,227,-64,48,192.1,748,-534,214,4.2,0.009398,0.86,0.62,0.55,0.52,0.38,0.31,-1,2000-10-03 07:00:00
2000,277,8,2282,71,71,15,15,13.9,13.7,-10.7,118.5,-6.4,11.8,-2.5,8.7,-8.4,0.1,1.8,1.1,0.6,1.2,90506.0,6.3,459.0,-1.1,7.8,0.036,6498.0,0.3,5.0,0.5,0.9,0.002,2.54,3.86,0.3,4.1,3.7,0.0693,50,227,-65,48,192.1,894,-674,220,4.6,0.009398,0.78,0.56,0.49,0.47,0.41,0.31,-1,2000-10-03 08:00:00
2000,277,9,2282,71,71,15,15,14.1,13.9,-8.6,124.3,-7.8,11.4,-2.1,8.4,-8.0,0.1,1.8,1.2,0.5,1.2,82774.0,6.5,449.0,-0.7,7.4,0.039,8219.0,0.5,6.0,0.5,0.8,0.002,2.53,3.59,0.29,4.1,3.6,0.0722,40,227,-75,27,192.1,718,-542,177,4.7,0.009398,0.76,0.51,0.45,0.42,0.36,0.28,-1,2000-10-03 09:00:00
2000,277,10,2282,71,71,14,14,14.4,14.3,-12.6,117.6,-6.5,12.4,-3.1,8.6,-9.4,0.1,1.0,0.7,0.4,0.5,82190.0,6.4,448.0,-0.8,8.0,0.039,4858.0,0.2,4.0,0.4,0.2,0.002,2.48,4.21,0.27,3.9,3.5,0.0768,40,227,-70,27,192.1,721,-536,185,4.2,0.009398,0.94,0.55,0.46,0.42,0.36,0.29,-1,2000-10-03 10:00:00
2000,277,11,2282,71,71,15,15,15.2,14.9,-15.5,116.7,-6.4,12.8,-4.0,8.5,-10.4,0.3,2.5,1.5,0.5,1.9,31638.0,6.8,443.0,0.1,8.2,0.037,15819.0,0.6,8.0,0.3,0.9,0.003,2.56,4.61,0.2,3.8,3.5,0.0824,40,227,-72,27,192.1,765,-567,198,4.2,0.009398,1.04,0.55,0.44,0.4,0.35,0.27,-1,2000-10-03 11:00:00
2000,277,12,2282,71,71,15,15,15.5,15.4,-6.9,126.3,-9.1,12.3,-1.8,9.4,-8.1,0.1,1.3,0.7,0.7,0.7,23372.0,6.7,426.0,0.8,7.7,0.029,4386.0,0.4,5.0,0.8,0.5,0.002,2.27,3.45,0.18,3.6,3.3,0.094,53,227,-78,56,192.1,608,-360,248,3.2,0.009398,1.47,0.61,0.45,0.41,0.35,0.27,-1,2000-10-03 12:00:00
2000,277,13,2282,71,71,15,15,15.8,15.7,-2.4,128.2,-9.7,12.3,-0.7,10.2,-6.9,0.1,1.7,0.4,0.4,1.6,15824.0,6.8,423.0,2.2,7.9,0.032,3111.0,0.9,5.0,0.8,1.1,0.005,2.29,2.92,0.16,3.5,3.3,0.0976,53,227,-62,56,192.1,1016,-725,290,5.2,0.009398,3.5,0.86,0.52,0.44,0.36,0.28,-1,2000-10-03 13:00:00
2000,277,14,2282,71,71,14,14,16.1,16.1,10.7,124.8,-9.0,13.0,3.0,12.9,-3.6,0.2,0.8,0.2,0.2,0.7,14671.0,6.5,416.0,1.9,5.5,0.029,780.0,0.4,2.0,0.2,0.4,0.005,2.1,1.5,0.15,3.3,3.1,0.1096,53,227,-64,56,192.1,522,-326,196,3.0,0.009398,3.46,0.82,0.49,0.41,0.34,0.26,-1,2000-10-03 14:00:00
2000,277,15,2282,71,71,16,16,15.5,14.7,29.1,125.1,-7.4,10.5,7.1,12.5,1.8,0.7,4.5,2.5,2.7,2.7,30585.0,10.4,421.0,1.9,1.7,0.022,10962.0,2.0,16.0,2.0,2.0,0.009,3.35,-0.76,0.29,4.4,3.9,0.062,40,227,-64,27,192.1,342,-170,172,2.0,0.009398,3.15,0.8,0.47,0.39,0.34,0.25,-1,2000-10-03 15:00:00
2000,277,16,2282,71,71,15,15,16.0,15.7,31.2,318.2,10.0,-9.0,8.1,-5.1,11.0,0.3,2.3,0.9,1.3,1.6,13989.0,6.2,428.0,1.5,0.7,0.038,5606.0,1.6,2.0,0.7,1.3,0.016,2.18,-4.71,0.14,3.3,3.1,0.1072,40,227,-62,27,192.1,180,-91,89,-0.6,0.009398,4.01,0.84,0.48,0.39,0.33,0.25,-1,2000-10-03 16:00:00
2000,277,17,2282,71,71,15,15,16.0,15.9,42.0,327.8,10.0,-6.3,10.7,-2.1,12.2,0.1,1.6,0.1,1.4,0.6,14398.0,7.7,430.0,1.8,-1.6,0.054,880.0,0.5,1.0,0.6,0.4,0.009,2.89,-5.25,0.18,3.7,3.5,0.0855,40,227,-50,27,192.1,91,-47,44,-0.3,0.009398,2.94,0.76,0.49,0.41,0.36,0.28,-1,2000-10-03 17:00:00
2000,277,18,2282,71,71,14,14,16.3,16.3,50.0,328.9,9.0,-5.4,12.5,-1.3,13.6,0.2,0.9,0.5,0.5,0.5,13436.0,7.8,421.0,1.2,-2.4,0.038,662.0,0.8,6.0,0.4,0.6,0.003,2.66,-5.73,0.17,3.6,3.4,0.0914,13,227,-47,5,192.1,49,-21,28,-0.4,0.009398,2.24,0.7,0.48,0.42,0.36,0.28,-1,2000-10-03 18:00:00
2000,277,19,2282,71,71,15,15,16.7,16.7,56.2,325.5,7.6,-5.3,13.9,-1.3,14.8,0.4,1.2,0.6,0.9,0.6,12789.0,8.2,407.0,0.4,-2.5,0.034,2022.0,0.8,3.0,0.7,0.4,0.005,2.58,-6.02,0.17,3.5,3.3,0.0977,13,227,-45,5,192.1,41,-10,31,-0.3,0.009398,2.02,0.7,0.49,0.43,0.37,0.29,-1,2000-10-03 19:00:00
2000,277,20,2282,71,71,14,14,17.9,17.8,60.5,328.8,7.5,-4.6,15.5,-0.7,16.2,0.2,1.3,1.0,0.4,0.7,10741.0,9.6,397.0,0.2,-3.0,0.031,1841.0,1.4,6.0,0.1,0.4,0.005,2.84,-6.43,0.17,3.4,3.2,0.1008,13,227,-42,5,192.1,37,-7,30,-0.6,0.009398,2.12,0.7,0.48,0.42,0.36,0.29,-1,2000-10-03 20:00:00
2000,277,21,2282,71,71,15,15,18.1,18.0,66.9,343.2,6.8,-2.0,16.6,1.8,16.6,0.1,1.2,0.8,0.9,0.3,10781.0,12.1,383.0,-0.5,-4.1,0.027,692.0,0.5,2.0,0.2,0.6,0.002,3.28,-6.36,0.21,3.7,3.4,0.0878,20,227,-36,7,192.1,33,-3,30,-0.4,0.009398,2.74,0.69,0.44,0.38,0.32,0.25,-1,2000-10-03 21:00:00
2000,277,22,2282,71,71,16,16,18.4,18.4,60.5,355.6,9.0,-0.7,16.0,2.8,15.8,0.2,1.0,0.6,0.7,0.2,11907.0,10.9,392.0,0.3,-5.6,0.025,1005.0,1.3,6.0,0.5,0.4,0.004,3.08,-6.19,0.19,3.5,3.3,0.0962,20,227,-32,7,192.1,31,-5,27,-0.2,0.009398,2.37,0.68,0.46,0.4,0.34,0.27,-1,2000-10-03 22:00:00
2000,277,23,2282,71,71,15,15,18.3,18.0,50.7,24.1,10.4,4.6,13.9,7.6,12.5,0.2,2.9,0.3,2.7,1.0,21133.0,10.9,415.0,0.3,-5.9,0.03,1479.0,2.9,4.0,0.7,0.9,0.007,3.51,-5.19,0.2,3.7,3.5,0.0849,20,227,-26,7,192.1,46,-16,30,-0.1,0.009398,2.03,0.65,0.47,0.42,0.36,0.29,-1,2000-10-03 23:00:00
2000,278,0,2282,71,71,15,15,17.6,17.5,38.7,37.5,10.9,8.3,11.0,10.7,8.7,0.3,1.4,0.3,1.0,1.0,14531.0,7.4,418.0,-0.4,-3.8,0.031,1787.0,1.3,2.0,0.8,1.1,0.005,2.43,-3.64,0.14,3.2,3.0,0.114,20,214,-31,7,184.1,41,-15,26,0.3,0.009771,2.33,0.58,0.43,0.38,0.34,0.26,-1,2000-10-04 00:00:00
2000,278,1,2282,71,71,16,16,16.9,16.9,34.1,39.6,10.8,8.9,9.5,11.1,6.8,0.2,0.9,0.4,0.6,0.6,13653.0,9.3,421.0,-1.4,-2.0,0.031,579.0,0.5,2.0,0.3,0.4,0.003,3.09,-2.86,0.19,3.8,3.5,0.0824,20,214,-26,7,184.1,43,-17,25,0.4,0.009771,1.87,0.58,0.44,0.4,0.35,0.28,-1,2000-10-04 01:00:00
2000,278,2,2282,71,71,14,14,16.5,16.5,24.9,45.1,10.6,10.6,6.9,12.2,3.4,0.1,0.6,0.3,0.4,0.3,11077.0,8.8,415.0,-2.3,-0.3,0.028,714.0,0.5,2.0,0.2,0.4,0.002,2.81,-1.41,0.19,3.7,3.5,0.0855,20,214,-28,7,184.1,78,-56,22,0.5,0.009771,1.95,0.56,0.44,0.39,0.34,0.26,-1,2000-10-04 02:00:00
2000,278,3,2282,71,71,16,16,16.8,16.7,20.9,46.7,10.7,11.4,6.0,12.8,1.7,0.1,1.0,0.6,0.6,0.5,10223.0,8.5,413.0,-2.3,0.6,0.031,1006.0,1.2,2.0,0.2,0.4,0.007,2.72,-0.7,0.17,3.6,3.3,0.0926,33,214,-32,18,184.1,92,-55,38,0.7,0.009771,1.37,0.51,0.41,0.38,0.33,0.27,-1,2000-10-04 03:00:00
2000,278,4,2282,71,71,14,14,16.6,16.6,14.7,52.0,9.9,12.7,4.2,13.3,-1.0,0.1,1.0,0.3,0.3,0.9,10347.0,9.6,411.0,-2.0,0.7,0.042,949.0,1.0,2.0,0.1,0.4,0.013,3.16,0.41,0.2,3.8,3.5,0.0808,33,214,-35,18,184.1,305,-234,71,1.9,0.009771,1.54,0.54,0.43,0.4,0.35,0.28,-1,2000-10-04 04:00:00
2000,278,5,2282,71,71,15,15,15.9,15.8,3.0,56.1,8.8,13.1,0.8,12.2,-4.9,0.4,1.4,0.8,0.8,0.7,13068.0,10.9,404.0,-1.0,1.6,0.047,1545.0,1.0,2.0,0.5,0.4,0.003,3.53,1.98,0.25,4.2,3.8,0.0676,33,214,-37,18,184.1,530,-395,135,3.2,0.009771,2.01,0.57,0.46,0.42,0.37,0.29,-1,2000-10-04 05:00:00
2000,278,6,2282,71,71,15,15,15.9,15.8,-7.4,53.0,9.4,12.5,-2.0,10.1,-7.7,1.0,1.9,0.6,1.3,1.1,12607.0,9.3,397.0,0.6,3.5,0.039,2167.0,1.6,3.0,1.0,0.8,0.006,2.83,3.06,0.22,3.8,3.5,0.0821,50,214,-41,48,184.1,805,-543,263,4.7,0.009771,2.32,0.6,0.46,0.42,0.38,0.31,-1,2000-10-04 06:00:00
2000,278,7,2282,71,71,15,15,17.7,17.7,-3.0,61.7,8.4,15.5,-0.9,12.9,-8.6,0.5,1.6,1.0,0.8,1.0,17960.0,12.3,404.0,-0.0,3.7,0.042,1667.0,0.8,4.0,0.5,0.7,0.005,3.92,3.47,0.24,4.0,3.6,0.0742,50,214,-41,48,184.1,862,-555,307,6.6,0.009771,1.83,0.51,0.39,0.35,0.3,0.23,-1,2000-10-04 07:00:00
2000,278,8,2282,71,71,15,15,16.5,16.4,-4.7,60.4,8.1,14.3,-1.4,11.4,-8.8,0.1,1.0,0.4,0.2,0.8,14453.0,10.4,405.0,-0.4,3.0,0.037,1959.0,1.7,2.0,0.5,0.4,0.006,3.27,3.56,0.23,4.0,3.6,0.0759,50,214,-57,48,184.1,888,-509,379,4.9,0.009771,1.9,0.62,0.5,0.47,0.41,0.33,-1,2000-10-04 08:00:00
2000,278,9,2282,71,71,15,15,15.5,15.5,-7.6,63.4,6.9,13.7,-2.1,10.3,-9.2,0.3,0.7,0.3,0.3,0.5,13568.0,13.5,400.0,-1.1,3.0,0.044,805.0,1.3,1.0,0.3,0.2,0.004,4.24,3.68,0.33,4.7,4.2,0.0529,50,214,-63,48,184.1,569,-425,144,3.8,0.009771,1.89,0.57,0.45,0.41,0.36,0.28,-1,2000-10-04 09:00:00
2000,278,10,2282,71,71,15,15,14.8,14.8,-17.7,61.7,6.7,12.4,-4.5,7.9,-10.6,0.4,1.0,0.3,0.6,0.8,9793.0,9.5,394.0,-0.5,2.5,0.046,838.0,1.6,2.0,0.4,0.3,0.014,2.92,4.18,0.25,4.1,3.7,0.0707,50,214,-60,48,184.1,805,-631,173,6.0,0.009771,1.87,0.54,0.43,0.4,0.35,0.27,-1,2000-10-04 10:00:00
2000,278,11,2282,71,71,14,14,13.6,13.4,-27.1,69.3,4.2,11.1,-6.1,6.0,-11.2,0.4,2.3,1.6,0.9,1.4,9370.0,8.6,391.0,0.1,3.2,0.078,515.0,1.2,2.0,0.6,0.5,0.008,2.88,4.38,0.27,4.2,3.8,0.0669,50,214,-71,48,184.1,536,-378,158,3.5,0.009771,1.83,0.51,0.42,0.38,0.33,0.26,-1,2000-10-04 11:00:00
2000,278,12,2282,71,71,15,15,11.7,11.7,-44.3,84.3,0.8,8.3,-8.1,2.7,-11.3,0.5,1.0,0.7,0.4,0.5,10553.0,9.5,387.0,0.2,2.8,0.062,1146.0,1.3,2.0,0.7,0.5,0.01,2.97,4.37,0.4,5.1,4.4,0.0458,63,214,-74,94,184.1,968,-742,227,4.5,0.009771,1.9,0.51,0.41,0.37,0.32,0.24,-1,2000-10-04 12:00:00
2000,278,13,2282,71,71,16,16,11.7,11.6,-48.2,97.1,-1.0,7.7,-8.7,2.2,-11.4,0.3,0.8,0.5,0.6,0.3,17248.0,6.3,384.0,2.3,3.4,0.07,5123.0,1.4,7.0,1.2,1.2,0.011,1.99,4.38,0.28,4.1,3.7,0.0701,63,214,-93,94,184.1,657,-426,231,3.3,0.009771,1.44,0.51,0.43,0.4,0.35,0.27,-1,2000-10-04 13:00:00
2000,278,14,2282,71,71,16,16,13.2,13.1,-39.2,85.4,0.8,10.1,-8.3,4.9,-12.1,1.5,2.3,0.9,1.6,1.4,20234.0,7.5,412.0,-1.7,2.5,0.06,2829.0,2.7,14.0,0.8,0.6,0.009,2.64,4.99,0.27,4.3,3.9,0.0651,63,214,-70,94,184.1,1047,-758,289,6.7,0.009771,1.42,0.5,0.43,0.4,0.35,0.28,-1,2000-10-04 14:00:00
2000,278,15,2282,71,71,14,14,14.8,14.2,-48.9,97.4,-1.2,9.3,-10.7,3.7,-13.7,0.3,3.8,1.0,2.6,2.5,26438.0,8.3,421.0,-1.6,2.0,0.05,2637.0,1.3,5.0,2.0,1.6,0.007,2.95,5.77,0.24,4.1,3.7,0.0708,57,214,-87,67,184.1,945,-609,336,4.5,0.009771,1.69,0.47,0.4,0.37,0.31,0.23,-1,2000-10-04 15:00:00
2000,278,16,2282,71,71,16,16,13.9,13.7,-40.5,87.4,0.5,10.4,-8.9,6.0,-12.3,0.2,2.1,1.7,0.8,1.0,22901.0,9.8,423.0,-4.7,0.6,0.052,2872.0,0.8,5.0,0.9,0.8,0.008,3.54,5.2,0.32,4.8,4.2,0.0524,57,214,-101,67,184.1,837,-604,234,3.8,0.009771,1.62,0.47,0.4,0.38,0.33,0.26,-1,2000-10-04 16:00:00
2000,278,17,2282,71,71,14,14,12.9,12.8,-59.3,85.2,0.5,6.5,-11.0,2.2,-12.6,0.4,1.8,1.2,1.2,0.7,29297.0,8.5,414.0,-4.2,0.4,0.05,2324.0,1.4,2.0,0.8,0.8,0.006,2.92,5.22,0.34,4.7,4.1,0.0543,57,214,-110,67,184.1,565,-435,130,4.3,0.009771,1.39,0.45,0.39,0.37,0.32,0.24,-1,2000-10-04 17:00:00
2000,278,18,2282,71,71,15,15,12.9,12.8,-65.5,78.9,1.0,5.2,-11.6,1.4,-12.6,0.3,1.2,0.6,1.0,0.3,18281.0,7.9,410.0,-5.6,1.7,0.064,5292.0,1.1,3.0,0.6,0.7,0.009,2.79,5.17,0.29,4.5,4.0,0.0596,73,214,-122,154,184.1,981,-885,96,5.7,0.009771,1.23,0.46,0.41,0.39,0.35,0.27,-1,2000-10-04 18:00:00
2000,278,19,2282,71,71,15,15,12.1,12.0,-73.2,75.1,0.9,3.4,-11.5,0.1,-12.0,0.3,1.1,0.5,0.9,0.3,14713.0,8.1,398.0,-6.0,2.8,0.069,1989.0,0.8,5.0,0.6,0.4,0.008,2.73,4.78,0.33,4.7,4.1,0.0543,73,214,-141,154,184.1,587,-501,86,3.7,0.009771,1.0,0.45,0.41,0.39,0.34,0.25,-1,2000-10-04 19:00:00
2000,278,20,2282,71,71,15,15,10.8,10.6,-81.3,97.3,-0.2,1.6,-10.5,-1.0,-10.6,0.6,2.0,0.5,1.6,0.9,19404.0,8.3,389.0,-5.7,2.9,0.069,2763.0,1.8,2.0,1.1,1.1,0.009,2.68,4.12,0.44,5.2,4.4,0.0442,73,214,-143,154,184.1,640,-611,29,4.6,0.009771,0.95,0.46,0.42,0.39,0.33,0.25,-1,2000-10-04 20:00:00
2000,278,21,2282,71,71,14,14,10.0,9.8,-77.7,122.4,-1.1,1.8,-9.6,-0.4,-9.8,0.2,1.8,0.9,1.5,0.5,18938.0,7.7,381.0,-6.5,3.1,0.071,1212.0,1.0,5.0,1.5,0.5,0.007,2.4,3.73,0.47,5.3,4.5,0.0426,57,214,-139,67,184.1,560,-468,92,4.8,0.009771,1.12,0.48,0.43,0.41,0.37,0.29,-1,2000-10-04 21:00:00
2000,278,22,2282,71,71,15,15,9.5,9.4,-75.8,83.0,0.3,2.3,-9.1,0.3,-9.4,0.2,1.2,0.3,1.1,0.4,15977.0,7.3,380.0,-6.3,2.8,0.073,4042.0,1.1,4.0,1.2,0.4,0.01,2.27,3.57,0.49,5.4,4.5,0.0407,57,214,-118,67,184.1,782,-503,279,5.8,0.009771,1.19,0.46,0.42,0.4,0.34,0.26,-1,2000-10-04 22:00:00
2000,278,23,2282,71,71,15,15,8.7,8.7,-79.3,118.4,-0.8,1.4,-8.5,-0.5,-8.6,0.2,0.5,0.2,0.4,0.2,17724.0,7.8,377.0,-6.2,2.3,0.072,789.0,0.3,2.0,0.3,0.2,0.023,2.38,3.24,0.63,6.1,4.9,0.0325,57,214,-120,67,184.1,443,-319,124,3.6,0.009771,0.89,0.5,0.46,0.44,0.38,0.29,-1,2000-10-04 23:00:00
2000,279,0,2282,71,71,15,15,8.1,8.0,-81.7,167.4,-1.1,0.3,-8.0,-1.6,-7.8,0.1,1.0,0.5,0.9,0.1,19110.0,7.7,374.0,-6.5,1.9,0.081,666.0,0.5,2.0,0.5,0.2,0.011,2.38,2.92,0.72,6.4,5.0,0.029,53,183,-124,56,173.7,408,-331,77,3.4,0.00982,0.87,0.45,0.41,0.39,0.33,0.25,-1,2000-10-05 00:00:00
2000,279,1,2282,71,71,14,14,7.9,7.8,-83.7,164.6,-0.8,0.2,-7.7,-1.8,-7.5,0.2,1.2,0.7,1.0,0.2,17754.0,7.1,365.0,-5.9,2.0,0.081,890.0,0.7,3.0,0.7,0.4,0.008,2.09,2.74,0.69,6.2,4.9,0.0314,53,183,-122,56,173.7,346,-252,94,2.8,0.00982,1.09,0.45,0.41,0.39,0.34,0.26,-1,2000-10-05 01:00:00
2000,279,2,2282,71,71,15,15,7.5,7.3,-83.5,84.2,0.1,0.8,-7.3,-1.4,-7.2,0.1,1.2,0.8,0.9,0.2,19353.0,7.9,362.0,-6.1,1.7,0.078,1942.0,0.7,2.0,0.2,0.4,0.013,2.27,2.61,0.86,6.8,5.1,0.0259,53,183,-107,56,173.7,664,-455,209,5.5,0.00982,1.57,0.51,0.46,0.43,0.37,0.26,-1,2000-10-05 02:00:00
2000,279,3,2282,71,71,19,19,11.9,11.7,-79.4,212.7,-1.8,-1.2,-11.5,-5.1,-10.4,5.3,5.5,1.9,1.1,5.0,52161.0,9.9,403.0,-5.9,3.6,0.102,37970.0,5.2,53.0,1.3,2.1,0.023,3.78,4.19,0.53,5.3,4.4,0.0419,67,183,-91,111,173.7,639,-424,215,4.7,0.00982,5.96,0.95,0.46,0.37,0.32,0.24,-1,2000-10-05 03:00:00
2000,279,4,2282,71,71,15,15,23.5,23.2,-69.6,218.4,-6.4,-5.0,-21.8,-13.0,-18.2,2.2,3.6,0.6,3.0,1.8,84893.0,15.4,464.0,-2.7,4.6,0.11,6446.0,3.0,3.0,2.4,1.1,0.016,7.97,8.44,0.25,3.9,3.5,0.0792,67,183,-108,111,173.7,826,-741,84,7.5,0.00982,5.47,0.55,0.44,0.41,0.35,0.27,-1,2000-10-05 04:00:00
2000,279,5,2282,71,71,15,15,26.3,25.8,-72.9,218.6,-5.9,-4.7,-24.6,-14.8,-20.2,1.1,4.5,1.8,3.9,1.1,95899.0,13.6,474.0,-0.4,3.7,0.086,17759.0,1.8,6.0,0.9,1.0,0.013,6.86,9.57,0.18,3.3,3.1,0.1077,67,183,-142,111,173.7,709,-743,-35,7.2,0.00982,0.96,0.44,0.41,0.39,0.34,0.26,-1,2000-10-05 05:00:00
2000,279,6,2282,71,71,16,16,20.7,16.0,-66.3,152.5,-5.7,3.0,-14.7,-4.3,-14.4,7.1,13.8,1.9,12.2,6.1,164307.0,31.8,487.0,2.6,3.1,0.056,35832.0,21.8,11.0,1.4,3.4,0.02,15.42,7.01,0.9,6.6,5.0,0.027,77,183,-166,179,173.7,1263,-1262,1,10.0,0.00982,1.06,0.43,0.39,0.37,0.32,0.26,-1,2000-10-05 06:00:00
2000,279,7,2282,71,71,15,15,19.9,16.8,16.9,265.4,-1.3,-16.0,4.9,-11.3,12.3,1.8,9.8,4.2,2.2,8.6,256898.0,27.0,499.0,3.2,1.8,0.068,48297.0,12.2,11.0,0.9,2.1,0.022,14.28,-6.14,1.09,6.5,4.7,0.028,77,183,-175,179,173.7,678,-637,41,3.9,0.00982,0.98,0.46,0.42,0.4,0.36,0.29,-1,2000-10-05 07:00:00
2000,279,8,2282,71,71,15,15,21.0,19.0,16.7,270.6,0.2,-18.2,5.5,-12.5,14.3,0.7,7.9,5.1,3.0,5.2,255874.0,19.8,492.0,0.8,4.3,0.057,34291.0,2.3,17.0,2.5,1.3,0.011,9.83,-7.04,0.72,5.2,4.1,0.0438,77,183,-153,179,173.7,290,-104,186,0.6,0.00982,0.95,0.43,0.39,0.37,0.33,0.26,-1,2000-10-05 08:00:00
2000,279,9,2282,71,71,15,15,19.6,10.2,63.5,270.4,0.0,-4.6,9.2,1.2,10.2,1.0,16.0,2.0,9.3,12.9,209330.0,21.9,495.0,1.9,2.6,0.053,36733.0,4.9,4.0,1.1,2.4,0.014,10.86,-5.05,0.8,5.9,4.5,0.0341,73,183,-133,154,173.7,267,-82,185,1.3,0.00982,0.8,0.44,0.42,0.4,0.35,0.28,-1,2000-10-05 09:00:00
2000,279,10,2282,71,71,15,15,20.7,19.1,44.0,55.4,7.8,11.3,13.3,16.8,4.9,2.9,7.9,3.9,5.8,3.6,137609.0,27.8,511.0,-0.7,0.7,0.045,38293.0,3.3,6.0,2.2,1.2,0.011,14.3,-2.5,0.72,6.5,5.1,0.0281,73,183,-119,154,173.7,223,-56,168,1.9,0.00982,0.62,0.41,0.38,0.37,0.32,0.24,-1,2000-10-05 10:00:00
2000,279,11,2282,71,71,15,15,23.0,21.6,-29.2,57.2,10.2,15.9,-10.5,7.6,-17.5,1.0,7.3,1.8,3.3,6.2,112026.0,23.0,511.0,-1.1,-0.8,0.048,11005.0,2.2,7.0,1.5,0.4,0.009,11.96,8.94,0.43,5.3,4.5,0.0419,73,183,-117,154,173.7,1061,-884,177,5.6,0.00982,0.63,0.39,0.37,0.35,0.31,0.24,-1,2000-10-05 11:00:00
2000,279,12,2282,71,71,15,15,15.1,14.5,-61.9,2.3,6.8,0.3,-12.8,-6.5,-11.0,2.9,4.3,1.9,2.7,2.7,140634.0,21.9,511.0,0.1,-0.7,0.057,21935.0,2.2,5.0,0.8,0.5,0.006,11.73,5.62,1.07,7.9,5.7,0.019,77,183,-166,179,173.7,1456,-1507,-51,7.8,0.00982,0.7,0.42,0.4,0.38,0.34,0.28,-1,2000-10-05 12:00:00
2000,279,13,2282,71,71,16,16,11.8,10.8,-75.8,334.7,2.4,-1.1,-10.4,-6.2,-8.4,1.8,4.8,2.0,4.0,1.8,110403.0,18.4,524.0,1.1,-1.2,0.065,29082.0,3.4,10.0,0.6,0.5,0.014,10.63,4.4,1.31,9.5,6.5,0.0131,77,183,-181,179,173.7,633,-559,74,4.0,0.00982,0.7,0.43,0.41,0.39,0.34,0.25,-1,2000-10-05 13:00:00
2000,279,14,2282,71,71,14,14,9.9,8.2,-73.2,142.3,-1.9,1.4,-7.8,-2.5,-7.5,0.8,5.5,0.6,5.2,1.5,46100.0,13.2,531.0,-2.2,-2.1,0.062,8293.0,2.5,9.0,1.7,1.6,0.018,7.76,3.98,0.98,9.7,7.2,0.0125,77,183,-164,179,173.7,541,-400,140,4.2,0.00982,0.73,0.5,0.47,0.46,0.4,0.32,-1,2000-10-05 14:00:00
2000,279,15,2282,71,71,15,15,10.5,9.9,-45.4,255.4,-1.7,-6.7,-7.1,-9.1,-3.5,0.7,3.2,1.3,2.6,1.3,41876.0,11.7,518.0,-1.2,-0.0,0.048,6634.0,2.9,3.0,0.8,0.8,0.009,6.25,1.81,0.75,8.4,6.6,0.0167,67,183,-167,111,173.7,1042,-876,166,6.2,0.00982,0.55,0.42,0.4,0.38,0.34,0.25,-1,2000-10-05 15:00:00
2000,279,16,2282,71,71,12,12,9.2,8.0,-55.9,239.4,-2.3,-3.9,-6.6,-6.2,-4.5,2.4,4.8,1.7,4.2,1.5,64788.0,17.0,511.0,0.3,-1.0,0.068,8111.0,7.3,3.0,0.5,1.0,0.015,9.43,2.3,1.61,11.5,7.4,0.0091,67,183,-150,111,173.7,1179,-864,315,5.3,0.00982,0.57,0.45,0.43,0.42,0.36,0.28,-1,2000-10-05 16:00:00
2000,279,17,2282,71,71,15,15,6.8,6.1,-40.6,135.8,-3.3,3.2,-3.9,1.6,-4.8,1.8,3.4,1.3,2.7,1.6,81626.0,19.4,510.0,0.8,-2.4,0.046,5485.0,3.2,3.0,0.4,0.8,0.014,9.98,2.45,3.67,16.5,8.1,0.0044,67,183,-148,111,173.7,782,-575,207,3.7,0.00982,0.56,0.44,0.42,0.4,0.36,0.29,-1,2000-10-05 17:00:00
2000,279,18,2282,71,71,15,15,8.3,7.7,-23.9,137.8,-5.2,4.8,-3.1,3.6,-4.4,0.2,2.5,1.2,0.7,2.1,113295.0,12.6,515.0,1.7,-2.3,0.042,15312.0,3.3,11.0,1.1,0.7,0.011,6.52,2.27,1.84,11.0,6.8,0.0098,63,183,-143,94,173.7,525,-303,222,4.5,0.00982,0.59,0.44,0.43,0.41,0.36,0.27,-1,2000-10-05 18:00:00
2000,279,19,2282,71,71,15,15,8.4,8.2,-9.1,146.3,-6.8,4.5,-1.3,4.0,-2.5,0.1,1.3,0.5,0.5,1.0,136548.0,9.3,518.0,1.7,-1.0,0.036,14766.0,0.7,4.0,0.6,0.4,0.005,4.77,1.29,1.45,9.4,6.3,0.0135,63,183,-142,94,173.7,419,-201,218,2.8,0.00982,0.6,0.45,0.42,0.41,0.35,0.27,-1,2000-10-05 19:00:00
2000,279,20,2282,71,71,15,15,8.7,8.6,-17.4,148.3,-7.0,4.3,-2.6,3.5,-3.6,0.3,1.1,0.6,0.6,0.7,152824.0,8.1,511.0,1.1,-1.4,0.041,9860.0,1.1,3.0,0.3,0.4,0.003,4.11,1.84,1.25,8.4,5.8,0.017,63,183,-136,94,173.7,327,-158,169,2.5,0.00982,0.57,0.42,0.4,0.38,0.34,0.26,-1,2000-10-05 20:00:00
2000,279,21,2282,71,71,15,15,7.5,7.4,-17.3,155.0,-6.4,3.0,-2.2,2.4,-2.8,0.3,0.9,0.4,0.2,0.8,176230.0,6.8,512.0,1.3,-2.9,0.044,18320.0,0.6,3.0,0.4,0.6,0.004,3.5,1.43,1.53,8.9,5.8,0.015,50,183,-134,48,173.7,490,-334,156,3.0,0.00982,0.6,0.44,0.42,0.41,0.36,0.28,-1,2000-10-05 21:00:00
2000,279,22,2282,71,71,16,16,7.4,7.4,-18.3,161.6,-6.6,2.2,-2.3,1.7,-2.7,0.2,0.5,0.2,0.2,0.4,112589.0,4.4,529.0,1.9,-4.1,0.038,32500.0,0.6,5.0,0.3,0.3,0.004,2.37,1.43,0.81,7.5,5.8,0.0212,50,183,-115,48,173.7,459,-331,127,3.5,0.00982,0.61,0.44,0.42,0.4,0.35,0.28,-1,2000-10-05 22:00:00
2000,279,23,2282,71,71,15,15,7.0,7.0,-16.3,166.8,-6.5,1.5,-2.0,1.0,-2.3,0.3,0.6,0.1,0.3,0.5,79772.0,3.4,528.0,1.7,-3.7,0.043,10983.0,0.4,4.0,0.4,0.6,0.004,1.86,1.21,0.6,7.0,5.6,0.0246,50,183,-107,48,173.7,279,-146,134,2.5,0.00982,0.64,0.49,0.46,0.44,0.39,0.3,-1,2000-10-05 23:00:00
2000,280,0,2282,71,71,14,14,5.7,5.5,-6.7,171.7,-5.4,0.8,-0.6,0.6,-0.8,0.8,1.8,0.7,1.5,0.7,92028.0,3.9,516.0,1.2,-2.2,0.046,4798.0,0.5,6.0,1.5,1.0,0.003,2.05,0.41,1.1,8.9,6.4,0.0149,27,138,-104,12,157.9,215,-129,86,1.9,0.009621,0.6,0.45,0.43,0.41,0.36,0.29,-1,2000-10-06 00:00:00
2000,280,1,2282,71,71,15,15,5.2,4.9,11.2,193.7,-4.7,-1.1,1.0,-0.8,1.3,0.3,1.6,0.2,1.3,0.9,81619.0,3.1,512.0,-0.5,0.5,0.044,13015.0,0.4,2.0,1.3,1.4,0.003,1.6,-0.67,1.0,8.7,6.3,0.0158,27,138,-102,12,157.9,152,-89,62,1.1,0.009621,0.57,0.42,0.4,0.38,0.33,0.25,-1,2000-10-06 01:00:00
2000,280,2,2282,71,71,15,15,5.4,5.4,22.5,200.5,-4.6,-1.7,2.1,-1.0,2.5,0.1,0.4,0.2,0.3,0.1,60372.0,2.5,509.0,-1.3,2.5,0.036,7809.0,0.2,4.0,0.4,0.3,0.005,1.24,-1.27,0.67,7.5,5.9,0.0214,27,138,-96,12,157.9,77,-35,42,0.1,0.009621,0.59,0.45,0.42,0.41,0.35,0.27,-1,2000-10-06 02:00:00
2000,280,3,2282,71,71,15,15,5.4,5.3,22.0,212.4,-4.1,-2.6,2.0,-1.8,2.8,0.1,1.1,0.5,0.8,0.4,44095.0,2.5,495.0,-1.3,2.4,0.041,8017.0,0.2,6.0,1.0,0.6,0.003,1.19,-1.39,0.62,7.2,5.9,0.0226,7,138,-90,3,157.9,66,-40,26,-0.1,0.009621,0.57,0.42,0.4,0.38,0.33,0.26,-1,2000-10-06 03:00:00
2000,280,4,2282,71,71,15,15,5.3,5.1,4.8,217.7,-4.0,-3.1,0.4,-2.7,1.6,0.2,1.1,0.3,0.3,1.0,28760.0,2.8,492.0,-2.4,1.1,0.04,2948.0,0.3,2.0,0.2,0.8,0.002,1.31,-0.79,0.65,7.8,6.2,0.0197,7,138,-87,3,157.9,42,-25,17,-0.1,0.009621,0.55,0.42,0.41,0.39,0.35,0.28,-1,2000-10-06 04:00:00
2000,280,5,2282,71,71,15,15,4.8,4.7,0.5,208.2,-4.2,-2.2,0.0,-2.0,0.9,0.1,0.7,0.2,0.4,0.5,28507.0,2.8,491.0,-2.1,0.5,0.047,3665.0,0.2,3.0,0.3,0.6,0.007,1.34,-0.44,0.79,8.6,6.6,0.0162,7,138,-85,3,157.9,58,-38,20,-0.1,0.009621,0.55,0.44,0.42,0.4,0.35,0.26,-1,2000-10-06 05:00:00
2000,280,6,2282,71,71,14,14,4.7,4.4,8.4,204.7,-4.0,-1.8,0.6,-1.3,1.4,0.1,1.3,0.3,0.7,1.0,36269.0,3.2,481.0,-1.5,0.6,0.044,3121.0,0.2,4.0,0.8,0.8,0.007,1.45,-0.67,0.99,9.2,6.7,0.0142,7,138,-83,3,157.9,66,-45,22,0.1,0.009621,0.55,0.43,0.41,0.39,0.35,0.28,-1,2000-10-06 06:00:00
2000,280,7,2282,71,71,15,15,4.6,4.4,0.3,221.6,-3.3,-2.9,0.0,-2.5,1.5,0.1,0.6,0.2,0.2,0.5,34538.0,3.0,466.0,-3.1,0.3,0.045,3223.0,0.3,3.0,0.4,0.6,0.005,1.28,-0.7,0.96,8.8,6.5,0.0155,7,138,-83,3,157.9,41,-27,14,-0.2,0.009621,0.51,0.41,0.39,0.37,0.32,0.24,-1,2000-10-06 07:00:00
2000,280,8,2282,71,71,15,15,4.5,4.4,-4.7,237.6,-2.3,-3.7,-0.4,-3.4,1.6,0.0,1.0,0.7,0.4,0.6,26493.0,3.4,456.0,-4.2,0.8,0.05,2159.0,0.3,4.0,0.3,0.7,0.004,1.42,-0.73,1.08,9.3,6.7,0.0136,7,138,-83,3,157.9,26,-18,8,-0.3,0.009621,0.52,0.42,0.4,0.38,0.33,0.26,-1,2000-10-06 08:00:00
2000,280,9,2282,71,71,14,14,4.5,4.4,8.2,251.6,-1.4,-4.2,0.6,-3.2,2.8,0.1,0.8,0.6,0.2,0.5,22045.0,3.6,445.0,-4.9,1.8,0.051,2192.0,0.3,6.0,0.2,0.6,0.006,1.43,-1.25,1.11,9.4,6.7,0.0135,3,138,-80,2,157.9,31,-21,10,-0.3,0.009621,0.53,0.43,0.41,0.39,0.34,0.26,-1,2000-10-06 09:00:00
2000,280,10,2282,71,71,15,15,4.5,4.4,4.4,267.7,-0.2,-4.4,0.3,-3.5,2.7,0.0,0.5,0.4,0.1,0.2,21147.0,3.1,431.0,-5.0,0.5,0.049,760.0,0.3,4.0,0.2,0.4,0.005,1.15,-1.16,0.95,8.4,6.2,0.0167,3,138,-76,2,157.9,71,-67,5,-0.3,0.009621,0.5,0.41,0.4,0.38,0.33,0.26,-1,2000-10-06 10:00:00
2000,280,11,2282,71,71,14,14,4.4,4.2,-1.1,261.1,-0.7,-4.2,-0.1,-3.6,2.2,0.1,0.9,0.4,0.1,0.8,26947.0,3.4,436.0,-4.7,-0.5,0.04,2902.0,0.3,5.0,0.2,1.3,0.006,1.25,-0.96,1.13,9.1,6.5,0.0143,3,138,-71,2,157.9,48,-38,9,-0.2,0.009621,0.52,0.43,0.41,0.39,0.34,0.26,-1,2000-10-06 11:00:00
2000,280,12,2282,71,71,16,16,4.5,4.2,-21.1,292.5,1.5,-3.6,-1.5,-3.8,0.6,0.1,1.5,1.2,0.7,0.5,25087.0,3.2,415.0,-4.3,-3.2,0.037,5473.0,0.3,11.0,0.7,0.6,0.003,1.06,-0.25,1.01,8.2,6.0,0.0175,10,138,-68,4,157.9,52,-36,16,0.6,0.009621,0.54,0.45,0.43,0.41,0.35,0.26,-1,2000-10-06 12:00:00
2000,280,13,2282,71,71,15,15,4.4,4.1,-25.5,291.0,1.3,-3.5,-1.8,-3.9,0.2,0.1,1.2,0.6,0.5,0.9,26409.0,3.0,420.0,-3.5,-2.9,0.039,4856.0,0.3,5.0,0.8,1.5,0.005,1.02,-0.08,1.0,8.3,6.1,0.0174,10,138,-66,4,157.9,92,-63,30,1.4,0.009621,0.52,0.44,0.42,0.41,0.37,0.29,-1,2000-10-06 13:00:00
2000,280,14,2282,71,71,15,15,4.2,3.9,21.1,271.2,0.1,-3.7,1.4,-2.6,3.0,0.1,1.2,0.7,0.4,0.9,20805.0,3.2,430.0,-3.3,1.6,0.049,2439.0,0.6,5.0,0.8,0.5,0.005,1.18,-1.29,1.13,9.2,6.5,0.0142,10,138,-65,4,157.9,83,-59,24,0.1,0.009621,1.21,1.14,1.12,1.1,1.05,0.82,-1,2000-10-06 14:00:00
2000,280,15,2282,71,71,14,14,4.1,3.7,14.7,259.2,-0.7,-3.5,0.9,-2.8,2.3,0.1,1.5,1.4,0.3,0.5,25791.0,3.1,429.0,-3.3,1.7,0.033,3703.0,0.6,11.0,0.5,0.5,0.004,1.08,-0.99,1.18,9.2,6.5,0.014,3,138,-63,2,157.9,47,-39,7,0.3,0.009621,0.5,0.43,0.41,0.38,0.35,0.27,-1,2000-10-06 15:00:00
2000,280,16,2282,71,71,16,16,4.1,4.0,22.9,300.7,1.9,-3.2,1.6,-2.3,2.7,0.0,0.6,0.3,0.3,0.4,34308.0,3.3,412.0,-2.9,1.2,0.031,3074.0,0.4,4.0,0.5,0.4,0.004,1.05,-1.11,1.33,9.1,6.2,0.0143,3,138,-60,2,157.9,47,-41,7,0.5,0.009621,0.48,0.42,0.4,0.38,0.34,0.26,-1,2000-10-06 16:00:00
2000,280,17,2282,71,71,15,15,3.9,2.8,25.7,286.5,0.7,-2.4,1.2,-1.8,2.0,0.2,2.6,2.1,1.0,1.2,42723.0,3.5,424.0,-2.7,0.2,0.037,11590.0,0.8,12.0,1.0,1.1,0.008,1.21,-0.85,1.64,10.2,6.5,0.0115,3,138,-55,2,157.9,49,-47,2,0.3,0.009621,0.47,0.4,0.39,0.37,0.33,0.25,-1,2000-10-06 17:00:00
2000,280,18,2282,71,71,15,15,3.7,2.3,34.6,247.2,-0.7,-1.8,1.3,-1.3,1.8,0.2,2.7,2.0,1.6,0.9,41748.0,3.6,431.0,-2.1,0.3,0.048,10616.0,0.8,16.0,1.6,1.0,0.006,1.33,-0.78,1.86,11.1,6.8,0.0097,10,138,-50,4,157.9,51,-47,4,-0.3,0.009621,0.47,0.4,0.37,0.36,0.31,0.23,-1,2000-10-06 18:00:00
2000,280,19,2282,71,71,15,15,4.1,3.5,6.3,268.0,-0.1,-3.5,0.4,-3.3,1.3,0.2,2.0,0.5,0.7,1.8,24167.0,3.5,428.0,-3.7,-0.4,0.044,3161.0,0.5,3.0,0.7,2.1,0.003,1.26,-0.56,1.32,9.8,6.7,0.0125,10,138,-48,4,157.9,43,-42,0,-0.1,0.009621,0.51,0.44,0.42,0.4,0.35,0.28,-1,2000-10-06 19:00:00
2000,280,20,2282,71,71,14,14,4.0,3.4,29.6,302.2,1.6,-2.5,1.7,-2.0,2.3,0.2,1.9,1.0,0.6,1.5,36596.0,3.8,414.0,-2.2,0.7,0.043,6172.0,0.5,7.0,0.7,1.2,0.006,1.27,-0.95,1.63,10.1,6.5,0.0117,10,138,-48,4,157.9,59,-46,13,0.1,0.009621,0.55,0.48,0.47,0.45,0.39,0.29,-1,2000-10-06 20:00:00
2000,280,21,2282,71,71,16,16,3.5,3.1,64.3,249.1,-0.5,-1.3,2.8,-0.6,3.0,0.5,1.6,0.8,1.3,0.5,26826.0,5.0,427.0,-1.0,-0.0,0.042,9525.0,0.7,5.0,1.2,0.7,0.003,1.78,-1.28,2.64,13.6,7.5,0.0064,7,138,-46,3,157.9,36,-25,11,-0.4,0.009621,0.46,0.4,0.39,0.37,0.33,0.25,-1,2000-10-06 21:00:00
2000,280,22,2282,71,71,15,15,3.9,3.9,34.2,248.4,-1.2,-3.0,2.2,-2.5,2.8,0.1,0.4,0.2,0.2,0.3,12125.0,4.4,430.0,-2.0,-0.0,0.039,475.0,0.5,1.0,0.1,0.2,0.003,1.57,-1.2,1.69,11.6,7.4,0.0089,7,138,-45,3,157.9,27,-19,8,-0.4,0.009621,0.45,0.41,0.39,0.38,0.34,0.27,-1,2000-10-06 22:00:00
2000,280,23,2282,71,71,15,15,4.0,4.0,24.0,246.7,-1.5,-3.4,1.6,-3.0,2.3,0.1,0.3,0.1,0.2,0.2,11912.0,4.1,428.0,-2.3,-0.1,0.036,744.0,0.4,1.0,0.2,0.1,0.004,1.43,-0.98,1.5,10.8,7.2,0.0101,7,138,-44,3,157.9,24,-16,8,-0.4,0.009621,0.47,0.42,0.4,0.39,0.33,0.25,-1,2000-10-06 23:00:00
2000,281,0,2282,71,71,15,15,4.1,4.0,13.3,252.0,-1.2,-3.7,0.9,-3.4,1.7,0.1,0.7,0.4,0.2,0.5,14648.0,5.5,422.0,-2.3,-1.5,0.041,1225.0,0.7,3.0,0.1,0.8,0.006,1.9,-0.72,1.95,12.1,7.4,0.0082,0,94,-39,0,155.3,21,-12,9,-0.4,0.009389,0.47,0.43,0.41,0.39,0.34,0.26,-1,2000-10-07 00:00:00
2000,281,1,2282,71,71,14,14,4.1,4.0,-1.1,262.6,-0.5,-3.9,-0.1,-3.8,0.9,0.3,1.0,0.8,0.3,0.6,17174.0,6.1,416.0,-2.4,-2.4,0.058,2301.0,1.1,1.0,0.3,0.2,0.005,2.17,-0.37,2.2,12.5,7.4,0.0076,0,94,-35,0,155.3,22,-12,9,-0.2,0.009389,0.46,0.41,0.4,0.38,0.33,0.26,-1,2000-10-07 01:00:00
2000,281,2,2282,71,71,15,15,4.9,4.9,-14.4,279.2,0.8,-4.7,-1.2,-4.8,0.2,0.1,0.5,0.4,0.1,0.3,21471.0,4.1,410.0,-3.1,-2.5,0.066,3281.0,0.5,4.0,0.2,0.2,0.004,1.45,-0.08,1.06,8.5,6.1,0.0166,0,94,-36,0,155.3,41,-22,20,-0.0,0.009389,0.47,0.41,0.4,0.38,0.34,0.27,-1,2000-10-07 02:00:00
2000,281,3,2282,71,71,15,15,4.9,4.9,-22.3,276.8,0.5,-4.5,-1.9,-4.9,-0.3,0.1,0.5,0.4,0.2,0.3,28724.0,3.4,406.0,-3.5,-2.9,0.05,1303.0,0.2,1.0,0.2,0.3,0.003,1.12,0.12,0.93,7.6,5.7,0.0204,10,94,-37,4,155.3,42,-19,23,0.0,0.009389,0.51,0.45,0.43,0.41,0.36,0.28,-1,2000-10-07 03:00:00
2000,281,4,2282,71,71,15,15,4.3,4.2,-30.2,269.2,0.0,-3.6,-2.1,-4.1,-0.6,0.2,0.5,0.3,0.3,0.3,17568.0,5.1,407.0,-2.6,-3.3,0.055,3959.0,0.7,1.0,0.4,0.2,0.007,1.72,0.24,1.67,10.7,6.8,0.0104,10,94,-36,4,155.3,86,-46,40,0.3,0.009389,0.48,0.43,0.41,0.4,0.35,0.28,-1,2000-10-07 04:00:00
2000,281,5,2282,71,71,15,15,4.1,4.0,-33.5,261.5,-0.5,-3.3,-2.2,-3.9,-0.6,0.4,0.8,0.4,0.6,0.3,16025.0,5.4,408.0,-2.5,-3.1,0.052,1208.0,0.7,1.0,0.3,0.2,0.007,1.81,0.24,1.93,11.6,7.1,0.0089,10,94,-39,4,155.3,75,-35,40,0.4,0.009389,0.49,0.44,0.43,0.42,0.37,0.28,-1,2000-10-07 05:00:00
2000,281,6,2282,71,71,15,15,4.5,4.4,-36.7,258.8,-0.7,-3.5,-2.6,-4.3,-0.7,0.2,0.6,0.2,0.5,0.4,17620.0,5.1,405.0,-2.7,-3.3,0.05,598.0,0.5,1.0,0.3,0.2,0.008,1.68,0.28,1.53,10.2,6.7,0.0115,13,94,-42,5,155.3,101,-55,46,0.3,0.009389,0.45,0.4,0.39,0.38,0.32,0.24,-1,2000-10-07 06:00:00
2000,281,7,2282,71,71,15,15,4.2,3.3,-29.0,226.4,-2.0,-2.1,-1.6,-2.6,-0.3,0.3,2.5,1.6,0.6,1.7,25894.0,5.5,409.0,-2.1,-2.8,0.046,5922.0,0.5,6.0,0.5,1.0,0.008,1.82,0.12,2.0,11.4,6.9,0.0091,13,94,-44,5,155.3,159,-75,83,0.4,0.009389,0.48,0.43,0.42,0.4,0.35,0.26,-1,2000-10-07 07:00:00
2000,281,8,2282,71,71,15,15,4.6,4.5,-30.4,222.8,-2.9,-2.7,-2.3,-3.5,-0.5,0.2,0.6,0.4,0.3,0.4,25681.0,5.4,412.0,-2.2,-2.9,0.064,1582.0,0.3,2.0,0.3,0.3,0.006,1.92,0.21,1.64,10.4,6.7,0.011,13,94,-41,5,155.3,185,-101,84,1.0,0.009389,0.47,0.42,0.41,0.39,0.34,0.27,-1,2000-10-07 08:00:00
2000,281,9,2282,71,71,15,15,4.5,4.4,-37.9,231.7,-2.2,-2.7,-2.7,-3.7,-0.8,0.3,0.6,0.2,0.1,0.6,24680.0,5.1,409.0,-2.3,-3.0,0.07,2460.0,0.3,2.0,0.2,0.4,0.005,1.82,0.33,1.6,10.3,6.6,0.0113,10,94,-38,4,155.3,58,-26,32,0.3,0.009389,0.44,0.4,0.38,0.37,0.31,0.23,-1,2000-10-07 09:00:00
2000,281,10,2282,71,71,15,15,4.3,4.3,-49.7,229.5,-1.8,-2.1,-3.3,-3.6,-1.6,0.3,0.6,0.2,0.5,0.3,23449.0,5.3,404.0,-2.2,-2.7,0.055,815.0,0.2,2.0,0.3,0.4,0.007,1.76,0.65,1.81,10.8,6.8,0.0102,10,94,-37,4,155.3,69,-31,38,0.6,0.009389,0.47,0.43,0.41,0.4,0.35,0.27,-1,2000-10-07 10:00:00
2000,281,11,2282,71,71,15,15,3.9,3.8,-72.8,259.7,-0.2,-1.1,-3.7,-2.9,-2.5,0.2,0.7,0.4,0.5,0.2,21310.0,5.7,396.0,-1.8,-2.6,0.054,790.0,0.3,2.0,0.2,0.2,0.008,1.82,0.99,2.33,12.1,7.0,0.0081,10,94,-37,4,155.3,194,-123,71,1.0,0.009389,0.46,0.42,0.41,0.39,0.34,0.26,-1,2000-10-07 11:00:00
2000,281,12,2282,71,71,14,14,3.9,3.7,-68.6,70.0,0.5,1.3,-3.4,-0.7,-3.6,0.1,1.0,0.4,0.8,0.4,23064.0,5.7,391.0,-1.2,-2.5,0.053,1942.0,0.7,2.0,0.4,0.3,0.004,1.76,1.41,2.36,12.0,6.9,0.0083,23,94,-40,9,155.3,224,-173,51,1.6,0.009389,0.48,0.44,0.43,0.42,0.37,0.29,-1,2000-10-07 12:00:00
2000,281,13,2282,71,71,15,15,3.7,3.3,-47.0,46.1,1.6,1.6,-2.4,0.2,-2.9,0.2,1.4,0.3,1.2,0.7,31180.0,4.1,385.0,-1.1,-1.9,0.055,3724.0,0.4,2.0,0.7,0.4,0.002,1.24,1.12,1.99,10.5,6.4,0.0107,23,94,-42,9,155.3,221,-152,69,2.1,0.009389,0.47,0.43,0.42,0.4,0.35,0.26,-1,2000-10-07 13:00:00
2000,281,14,2282,71,71,15,15,3.2,2.7,-37.1,15.8,2.1,0.6,-1.6,-0.2,-1.7,0.3,1.7,0.3,1.5,0.7,40604.0,3.6,380.0,-1.5,-1.6,0.056,6766.0,0.1,2.0,0.5,0.6,0.004,1.06,0.65,2.47,11.3,6.4,0.0094,23,94,-44,9,155.3,217,-152,65,1.6,0.009389,0.45,0.41,0.4,0.39,0.33,0.24,-1,2000-10-07 14:00:00
2000,281,15,2282,71,71,15,15,2.4,1.9,-14.5,11.8,1.8,0.4,-0.5,0.1,-0.6,0.4,1.3,0.7,0.9,0.6,51090.0,3.6,381.0,-1.0,-0.8,0.061,8559.0,0.3,3.0,0.9,0.7,0.004,1.09,0.23,4.67,15.1,6.7,0.0052,17,94,-42,6,155.3,135,-94,41,0.9,0.009389,0.46,0.43,0.41,0.39,0.34,0.25,-1,2000-10-07 15:00:00
2000,281,16,2282,71,71,15,15,2.7,2.5,3.5,343.2,2.4,-0.7,0.2,-0.6,0.5,0.2,0.9,0.3,0.3,0.8,61498.0,3.2,376.0,-2.1,0.3,0.063,4988.0,0.2,3.0,0.3,0.6,0.003,0.95,-0.19,3.47,12.5,6.2,0.0077,17,94,-39,6,155.3,66,-56,10,0.4,0.009389,0.45,0.41,0.4,0.39,0.34,0.26,-1,2000-10-07 16:00:00
2000,281,17,2282,71,71,15,15,3.6,3.0,-45.7,294.9,0.9,-1.9,-2.2,-2.5,-1.4,0.3,1.8,1.0,0.6,1.4,35157.0,3.6,376.0,-2.6,-0.9,0.062,10374.0,0.2,2.0,0.2,0.6,0.005,1.06,0.53,1.89,9.9,6.1,0.0121,17,94,-37,6,155.3,115,-85,30,1.2,0.009389,0.48,0.45,0.44,0.42,0.37,0.28,-1,2000-10-07 17:00:00
2000,281,18,2282,71,71,15,15,3.5,3.4,20.6,291.9,1.2,-2.9,1.2,-2.4,2.0,0.0,0.5,0.4,0.2,0.3,29737.0,3.4,374.0,-2.8,0.6,0.062,4001.0,0.1,2.0,0.2,0.2,0.005,0.99,-0.75,1.83,9.9,6.1,0.0123,17,94,-34,6,155.3,153,-117,36,0.4,0.009389,0.44,0.42,0.4,0.38,0.34,0.27,-1,2000-10-07 18:00:00
2000,281,19,2282,71,71,15,15,3.4,3.2,7.0,284.5,0.8,-3.1,0.4,-2.9,1.2,0.1,0.8,0.5,0.2,0.6,9999999.0,999.9,369.0,-2.7,-0.1,0.054,9999999.0,999.9,1.0,0.2,0.4,0.005,99.99,-0.44,999.99,999.9,99.9,9.9999,17,94,-29,6,155.3,34,-16,18,-0.0,0.009389,0.46,0.43,0.41,0.4,0.34,0.26,-1,2000-10-07 19:00:00
2000,281,20,2282,71,71,14,14,3.6,3.3,29.8,298.6,1.4,-2.5,1.7,-2.0,2.2,0.2,1.2,0.7,0.6,0.8,9999999.0,999.9,365.0,-2.0,0.2,0.055,9999999.0,999.9,2.0,0.4,0.3,0.008,99.99,-0.8,999.99,999.9,99.9,9.9999,17,94,-27,6,155.3,43,-16,27,-0.3,0.009389,0.46,0.43,0.42,0.4,0.35,0.27,-1,2000-10-07 20:00:00
2000,281,21,2282,71,71,15,15,3.3,3.2,22.7,325.1,2.4,-1.7,1.2,-1.4,1.5,0.2,0.8,0.4,0.4,0.6,9999999.0,999.9,363.0,-1.9,-0.7,0.051,9999999.0,999.9,2.0,0.2,0.5,0.006,99.99,-0.54,999.99,999.9,99.9,9.9999,0,94,-26,0,155.3,41,-14,27,-0.5,0.009389,0.49,0.45,0.44,0.42,0.37,0.28,-1,2000-10-07 21:00:00
2000,281,22,2282,71,71,15,15,3.1,3.0,0.9,309.5,1.9,-2.3,0.0,-2.2,0.5,0.2,0.8,0.3,0.4,0.5,9999999.0,999.9,366.0,-2.3,-0.6,0.042,9999999.0,999.9,1.0,0.4,0.3,0.004,99.99,-0.18,999.99,999.9,99.9,9.9999,0,94,-25,0,155.3,35,-11,23,-0.3,0.009389,0.46,0.43,0.41,0.4,0.34,0.27,-1,2000-10-07 22:00:00
2000,281,23,2282,71,71,15,15,3.0,3.0,5.1,314.1,2.0,-2.1,0.3,-2.0,0.7,0.1,0.7,0.5,0.3,0.3,9999999.0,999.9,363.0,-2.3,-0.4,0.03,9999999.0,999.9,2.0,0.2,0.2,0.004,99.99,-0.25,999.99,999.9,99.9,9.9999,0,94,-26,0,155.3,35,-9,26,-0.3,0.009389,0.46,0.44,0.42,0.4,0.35,0.27,-1,2000-10-07 23:00:00
2000,282,0,2282,71,71,16,16,2.8,2.8,0.4,324.7,2.2,-1.6,0.0,-1.6,0.4,0.3,0.4,0.1,0.4,0.2,9999999.0,999.9,364.0,-2.0,-0.6,0.023,9999999.0,999.9,2.0,0.1,0.2,0.001,99.99,-0.15,999.99,999.9,99.9,9.9999,0,103,-26,0,148.6,32,-5,27,-0.3,0.00915,0.47,0.44,0.43,0.41,0.36,0.27,-1,2000-10-08 00:00:00
2000,282,1,2282,71,71,15,15,2.6,2.6,-4.9,334.4,2.3,-1.1,-0.2,-1.1,0.1,0.3,0.4,0.4,0.2,0.2,9999999.0,999.9,367.0,-1.7,-0.6,0.022,9999999.0,999.9,1.0,0.2,0.2,0.003,99.99,-0.04,999.99,999.9,99.9,9.9999,0,103,-24,0,148.6,35,-7,27,-0.3,0.00915,0.44,0.42,0.41,0.39,0.33,0.26,-1,2000-10-08 01:00:00
2000,282,2,2282,71,71,14,14,2.5,2.5,-10.3,317.7,1.8,-1.6,-0.4,-1.6,0.1,0.6,0.7,0.4,0.5,0.4,9999999.0,999.9,359.0,-2.3,-1.2,0.032,9999999.0,999.9,4.0,0.2,0.3,0.003,99.99,-0.04,999.99,999.9,99.9,9.9999,0,103,-22,0,148.6,39,-8,30,-0.3,0.00915,0.46,0.44,0.42,0.41,0.35,0.27,-1,2000-10-08 02:00:00
2000,282,3,2282,71,71,15,15,3.1,3.1,-2.4,324.8,2.5,-1.8,-0.1,-1.7,0.5,0.1,0.5,0.3,0.4,0.1,9999999.0,999.9,355.0,-2.1,-1.4,0.033,9999999.0,999.9,1.0,0.3,0.2,0.003,99.99,-0.18,999.99,999.9,99.9,9.9999,3,103,-22,2,148.6,60,-30,30,-0.1,0.00915,0.45,0.42,0.41,0.39,0.34,0.25,-1,2000-10-08 03:00:00
2000,282,4,2282,71,71,15,15,2.9,2.8,9.9,336.3,2.6,-1.1,0.5,-0.8,0.9,0.2,0.8,0.1,0.5,0.6,9999999.0,999.9,354.0,-1.4,-1.0,0.027,9999999.0,999.9,3.0,0.4,0.4,0.002,99.99,-0.32,999.99,999.9,99.9,9.9999,3,103,-23,2,148.6,45,-21,25,0.0,0.00915,0.47,0.45,0.44,0.42,0.37,0.29,-1,2000-10-08 04:00:00
2000,282,5,2282,71,71,15,15,2.4,2.1,-10.3,327.0,1.7,-1.1,-0.4,-1.2,0.1,0.5,1.2,0.9,0.2,0.8,9999999.0,999.9,355.0,-1.5,-1.0,0.03,9999999.0,999.9,2.0,0.2,0.2,0.004,99.99,-0.04,999.99,999.9,99.9,9.9999,3,103,-23,2,148.6,24,-3,21,-0.2,0.00915,0.44,0.42,0.4,0.39,0.34,0.26,-1,2000-10-08 05:00:00
2000,282,6,2282,71,71,14,14,2.7,2.7,-12.3,332.5,2.3,-1.2,-0.6,-1.3,0.0,0.4,0.4,0.4,0.2,0.1,9999999.0,999.9,349.0,-1.4,-1.2,0.033,9999999.0,999.9,3.0,0.1,0.2,0.002,99.99,-0.0,999.99,999.9,99.9,9.9999,3,103,-25,2,148.6,20,1,21,-0.2,0.00915,0.47,0.45,0.43,0.42,0.36,0.28,-1,2000-10-08 06:00:00
2000,282,7,2282,71,71,15,15,2.9,2.9,-5.9,338.4,2.7,-1.1,-0.3,-1.1,0.3,0.2,0.3,0.2,0.2,0.2,9999999.0,999.9,344.0,-1.1,-1.2,0.033,9999999.0,999.9,2.0,0.3,0.2,0.003,99.99,-0.1,999.99,999.9,99.9,9.9999,3,103,-26,2,148.6,26,0,26,-0.3,0.00915,0.44,0.41,0.4,0.38,0.34,0.26,-1,2000-10-08 07:00:00
2000,282,8,2282,71,71,16,16,2.9,2.9,11.3,351.4,2.8,-0.4,0.6,0.0,0.7,0.4,0.7,0.5,0.4,0.4,9999999.0,999.9,349.0,-0.8,-0.8,0.029,9999999.0,999.9,3.0,0.3,0.2,0.002,99.99,-0.24,999.99,999.9,99.9,9.9999,3,103,-25,2,148.6,36,-6,30,-0.2,0.00915,0.44,0.42,0.41,0.39,0.34,0.26,-1,2000-10-08 08:00:00
2000,282,9,2282,71,71,14,14,2.8,2.7,5.5,341.8,2.6,-0.8,0.3,-0.5,0.7,0.3,0.5,0.3,0.1,0.3,9999999.0,999.9,342.0,-1.3,-0.9,0.028,9999999.0,999.9,2.0,0.2,0.3,0.002,99.99,-0.24,999.99,999.9,99.9,9.9999,3,103,-24,2,148.6,63,-39,24,-0.3,0.00915,0.47,0.45,0.43,0.41,0.36,0.28,-1,2000-10-08 09:00:00
2000,282,10,2282,71,71,15,15,2.6,2.5,-0.8,343.6,2.4,-0.7,0.0,-0.6,0.4,0.2,0.6,0.2,0.1,0.5,9999999.0,999.9,342.0,-0.7,-0.8,0.027,9999999.0,999.9,3.0,0.2,0.3,0.003,99.99,-0.14,999.99,999.9,99.9,9.9999,3,103,-20,2,148.6,49,-29,20,-0.1,0.00915,0.44,0.42,0.4,0.39,0.35,0.27,-1,2000-10-08 10:00:00
2000,282,11,2282,71,71,16,16,2.6,2.6,9.4,349.3,2.5,-0.5,0.4,-0.2,0.6,0.4,0.6,0.4,0.3,0.3,9999999.0,999.9,345.0,-0.5,-0.2,0.032,9999999.0,999.9,5.0,0.4,0.2,0.004,99.99,-0.21,999.99,999.9,99.9,9.9999,3,103,-17,2,148.6,50,-32,18,0.0,0.00915,0.47,0.45,0.43,0.42,0.37,0.28,-1,2000-10-08 11:00:00
2000,282,12,2282,71,71,15,15,1.9,1.9,29.7,14.8,1.6,0.4,0.9,0.8,0.6,0.1,0.3,0.3,0.2,0.1,9999999.0,999.9,349.0,-1.0,0.0,0.028,9999999.0,999.9,1.0,0.2,0.1,0.004,99.99,-0.21,999.99,999.9,99.9,9.9999,3,103,-14,2,148.6,56,-34,22,0.2,0.00915,0.42,0.39,0.38,0.37,0.31,0.23,-1,2000-10-08 12:00:00
2000,282,13,2282,71,71,13,13,2.1,1.8,32.4,110.2,-0.5,1.4,1.0,1.7,0.2,0.6,1.2,1.0,0.6,0.3,9999999.0,999.9,332.0,-1.1,-0.4,0.03,9999999.0,999.9,9.0,0.4,0.4,0.005,99.99,-0.07,999.99,999.9,99.9,9.9999,3,103,-14,2,148.6,61,-38,23,0.2,0.00915,0.92,0.9,0.89,0.88,0.83,0.66,-1,2000-10-08 13:00:00
2000,282,14,2282,71,71,16,16,3.2,3.2,8.8,138.0,-2.3,2.1,0.5,2.1,-0.5,0.5,0.6,0.3,0.4,0.4,9999999.0,999.9,327.0,-1.8,-0.6,0.032,9999999.0,999.9,3.0,0.8,0.3,0.006,99.99,0.16,999.99,999.9,99.9,9.9999,3,103,-17,2,148.6,74,-38,36,0.4,0.00915,0.44,0.43,0.41,0.4,0.35,0.26,-1,2000-10-08 14:00:00
2000,282,15,2282,71,71,15,15,3.6,3.6,13.4,133.9,-2.4,2.5,0.8,2.6,-0.4,0.1,0.5,0.1,0.1,0.4,9999999.0,999.9,333.0,-2.9,-1.2,0.029,9999999.0,999.9,1.0,0.2,0.4,0.008,99.99,0.13,999.99,999.9,99.9,9.9999,3,103,-18,2,148.6,74,-41,33,0.3,0.00915,0.47,0.46,0.44,0.42,0.37,0.29,-1,2000-10-08 15:00:00
2000,282,16,2282,71,71,15,15,3.7,3.7,16.4,127.5,-2.2,2.8,1.1,3.0,-0.1,0.1,0.3,0.2,0.2,0.1,9999999.0,999.9,334.0,-3.3,-1.4,0.026,9999999.0,999.9,2.0,0.3,0.2,0.003,99.99,0.03,999.99,999.9,99.9,9.9999,3,103,-17,2,148.6,105,-65,40,0.3,0.00915,0.46,0.44,0.43,0.41,0.37,0.28,-1,2000-10-08 16:00:00
2000,282,17,2282,71,71,15,15,3.9,3.9,16.3,120.5,-1.9,3.2,1.1,3.4,-0.1,0.1,0.3,0.2,0.1,0.2,9999999.0,999.9,335.0,-3.1,-1.2,0.03,9999999.0,999.9,2.0,0.3,0.2,0.004,99.99,0.03,999.99,999.9,99.9,9.9999,3,103,-17,2,148.6,44,-30,15,0.1,0.00915,0.45,0.44,0.42,0.41,0.36,0.27,-1,2000-10-08 17:00:00
2000,282,18,2282,71,71,15,15,3.8,3.6,7.9,130.7,-2.4,2.7,0.5,2.7,-0.3,0.2,0.8,0.2,0.5,0.6,9999999.0,999.9,334.0,-3.3,-1.6,0.032,9999999.0,999.9,1.0,0.3,0.4,0.003,99.99,0.1,999.99,999.9,99.9,9.9999,7,103,-16,3,148.6,36,-19,17,0.0,0.00915,0.47,0.45,0.44,0.43,0.37,0.29,-1,2000-10-08 18:00:00
2000,282,19,2282,71,71,15,15,3.5,3.2,-14.4,127.4,-1.9,2.4,-0.8,2.1,-1.4,0.1,1.4,0.5,0.7,1.2,9999999.0,999.9,333.0,-2.6,-0.8,0.029,9999999.0,999.9,2.0,0.6,0.4,0.003,99.99,0.47,999.99,999.9,99.9,9.9999,7,103,-16,3,148.6,41,-15,25,0.4,0.00915,0.44,0.42,0.41,0.39,0.34,0.25,-1,2000-10-08 19:00:00
2000,282,20,2282,71,71,15,15,3.8,3.6,13.6,113.7,-1.4,3.2,0.8,3.3,0.0,0.1,1.2,0.4,0.3,1.1,9999999.0,999.9,337.0,-3.2,-1.7,0.03,9999999.0,999.9,2.0,0.3,0.3,0.002,99.99,-0.0,999.99,999.9,99.9,9.9999,7,103,-18,3,148.6,66,-36,29,0.2,0.00915,0.46,0.45,0.43,0.42,0.38,0.3,-1,2000-10-08 20:00:00
2000,282,21,2282,71,71,15,15,4.0,3.9,-17.1,123.9,-2.1,3.1,-1.1,2.8,-1.7,0.1,0.8,0.4,0.3,0.6,9999999.0,999.9,330.0,-2.9,-1.2,0.029,9999999.0,999.9,1.0,0.3,0.2,0.002,99.99,0.56,999.99,999.9,99.9,9.9999,20,103,-17,7,148.6,64,-39,25,0.6,0.00915,0.45,0.44,0.42,0.41,0.35,0.26,-1,2000-10-08 21:00:00
2000,282,22,2282,71,71,15,15,4.0,3.5,-42.4,133.1,-1.8,1.9,-2.4,1.4,-2.7,0.2,1.8,0.6,1.0,1.3,9999999.0,999.9,329.0,-2.4,-0.3,0.028,9999999.0,999.9,1.0,0.8,0.4,0.002,99.99,0.89,999.99,999.9,99.9,9.9999,20,103,-18,7,148.6,129,-88,41,0.7,0.00915,0.43,0.41,0.4,0.39,0.34,0.26,-1,2000-10-08 22:00:00
2000,282,23,2282,71,71,15,15,3.9,3.3,-18.2,111.5,-1.2,2.9,-1.0,2.6,-1.6,0.1,1.9,1.0,1.1,1.3,9999999.0,999.9,333.0,-3.5,-0.5,0.03,9999999.0,999.9,5.0,0.5,0.5,0.003,99.99,0.53,999.99,999.9,99.9,9.9999,20,103,-19,7,148.6,243,-190,53,1.7,0.00915,0.43,0.41,0.4,0.38,0.34,0.26,-1,2000-10-08 23:00:00
2000,283,0,2282,71,71,15,15,4.0,3.0,-17.7,115.4,-1.2,2.5,-0.9,2.2,-1.5,0.2,2.7,0.7,0.7,2.5,9999999.0,999.9,331.0,-3.5,-0.8,0.026,9999999.0,999.9,3.0,0.5,0.9,0.003,99.99,0.5,999.99,999.9,99.9,9.9999,7,101,-17,3,140.4,96,-52,44,1.1,0.00948,0.44,0.43,0.42,0.4,0.35,0.27,-1,2000-10-09 00:00:00
2000,283,1,2282,71,71,15,15,4.0,3.9,42.1,111.7,-1.1,2.7,2.6,3.3,1.8,0.3,0.8,0.5,0.3,0.6,9999999.0,999.9,332.0,-3.8,-1.9,0.037,9999999.0,999.9,2.0,0.4,0.3,0.004,99.99,-0.6,999.99,999.9,99.9,9.9999,7,101,-17,3,140.4,62,-15,47,0.0,0.00948,0.43,0.42,0.41,0.39,0.33,0.26,-1,2000-10-09 01:00:00
2000,283,2,2282,71,71,14,14,4.7,4.6,34.5,148.3,-3.2,2.0,2.6,2.7,1.9,0.1,1.1,0.8,0.3,0.7,9999999.0,999.9,328.0,-3.8,-2.6,0.036,9999999.0,999.9,2.0,0.3,0.3,0.003,99.99,-0.62,999.99,999.9,99.9,9.9999,7,101,-15,3,140.4,46,-3,43,-0.4,0.00948,0.45,0.43,0.42,0.4,0.35,0.26,-1,2000-10-09 02:00:00
2000,283,3,2282,71,71,15,15,4.8,4.6,50.4,152.4,-2.6,1.4,3.6,2.5,2.9,0.1,1.3,0.7,0.7,0.9,9999999.0,999.9,324.0,-3.1,-3.2,0.038,9999999.0,999.9,3.0,0.3,0.4,0.004,99.99,-0.94,999.99,999.9,99.9,9.9999,3,101,-12,2,140.4,39,-2,37,-0.3,0.00948,0.47,0.46,0.44,0.43,0.37,0.27,-1,2000-10-09 03:00:00
2000,283,4,2282,71,71,15,15,4.6,4.3,17.1,137.0,-3.0,2.8,1.3,3.1,0.1,0.1,1.6,0.4,0.6,1.5,9999999.0,999.9,321.0,-3.7,-2.7,0.036,9999999.0,999.9,2.0,0.4,0.4,0.004,99.99,-0.03,999.99,999.9,99.9,9.9999,3,101,-14,2,140.4,31,0,31,0.0,0.00948,0.44,0.43,0.41,0.4,0.35,0.28,-1,2000-10-09 04:00:00
2000,283,5,2282,71,71,15,15,5.0,4.4,39.4,137.2,-2.5,2.3,2.8,3.3,1.6,0.3,2.3,0.3,1.2,1.9,9999999.0,999.9,324.0,-3.0,-2.0,0.036,9999999.0,999.9,2.0,0.7,0.9,0.006,99.99,-0.52,999.99,999.9,99.9,9.9999,3,101,-16,2,140.4,20,3,24,0.0,0.00948,0.4,0.39,0.37,0.36,0.31,0.22,-1,2000-10-09 05:00:00
2000,283,6,2282,71,71,15,15,5.0,4.9,40.6,151.3,-3.2,1.8,3.2,3.1,2.0,0.1,1.2,0.5,0.8,0.8,9999999.0,999.9,325.0,-2.1,-1.6,0.049,9999999.0,999.9,2.0,0.6,0.5,0.002,99.99,-0.65,999.99,999.9,99.9,9.9999,3,101,-16,2,140.4,15,5,20,-0.1,0.00948,0.43,0.42,0.4,0.39,0.34,0.26,-1,2000-10-09 06:00:00
2000,283,7,2282,71,71,15,15,5.2,5.0,25.6,149.9,-3.9,2.3,2.2,3.1,0.8,0.1,1.1,0.4,0.7,0.8,9999999.0,999.9,322.0,-2.9,-1.8,0.05,9999999.0,999.9,2.0,0.4,0.6,0.004,99.99,-0.26,999.99,999.9,99.9,9.9999,3,101,-15,2,140.4,35,-6,29,-0.0,0.00948,0.43,0.41,0.4,0.38,0.34,0.25,-1,2000-10-09 07:00:00
2000,283,8,2282,71,71,15,15,5.5,5.3,30.6,158.7,-4.3,1.7,2.7,2.9,1.4,0.2,1.1,0.2,1.1,0.3,9999999.0,999.9,321.0,-2.4,-2.4,0.05,9999999.0,999.9,2.0,0.9,0.4,0.005,99.99,-0.45,999.99,999.9,99.9,9.9999,3,101,-15,2,140.4,50,-22,28,-0.1,0.00948,0.45,0.43,0.42,0.4,0.35,0.26,-1,2000-10-09 08:00:00
2000,283,9,2282,71,71,15,15,6.1,5.9,27.1,175.2,-5.2,0.4,2.7,1.8,2.1,0.3,1.3,0.5,1.0,0.7,9999999.0,999.9,323.0,-2.0,-2.2,0.057,9999999.0,999.9,2.0,0.4,0.3,0.01,99.99,-0.68,999.99,999.9,99.9,9.9999,3,101,-14,2,140.4,41,-20,21,-0.1,0.00948,0.42,0.41,0.39,0.38,0.33,0.26,-1,2000-10-09 09:00:00
2000,283,10,2282,71,71,15,15,6.2,5.9,7.4,147.4,-5.0,3.2,0.8,3.1,-1.1,0.2,1.7,0.7,1.2,0.9,9999999.0,999.9,321.0,-2.7,-2.2,0.049,9999999.0,999.9,2.0,0.6,0.4,0.008,99.99,0.35,999.99,999.9,99.9,9.9999,3,101,-12,2,140.4,44,-22,23,0.2,0.00948,0.45,0.43,0.42,0.41,0.36,0.29,-1,2000-10-09 10:00:00
2000,283,11,2282,71,71,15,15,5.7,5.0,45.1,146.9,-3.0,1.9,3.5,3.5,1.9,0.3,2.7,1.2,1.9,1.4,9999999.0,999.9,319.0,-2.3,-3.3,0.052,9999999.0,999.9,2.0,0.5,0.5,0.01,99.99,-0.61,999.99,999.9,99.9,9.9999,3,101,-11,2,140.4,49,-22,28,0.5,0.00948,0.38,0.37,0.35,0.34,0.3,0.23,-1,2000-10-09 11:00:00
2000,283,12,2282,71,71,15,15,5.1,4.7,24.6,170.9,-4.2,0.7,2.0,1.6,1.3,0.4,1.6,0.2,1.0,1.3,9999999.0,999.9,313.0,-1.7,-2.3,0.039,9999999.0,999.9,3.0,0.5,0.8,0.006,99.99,-0.41,999.99,999.9,99.9,9.9999,10,101,-10,4,140.4,53,-27,25,0.2,0.00948,0.43,0.42,0.41,0.39,0.34,0.26,-1,2000-10-09 12:00:00
2000,283,13,2282,71,71,15,15,4.6,4.2,-4.2,206.1,-3.7,-1.8,-0.3,-1.7,0.6,0.1,1.3,0.6,0.9,0.8,9999999.0,999.9,315.0,-0.2,-0.5,0.041,9999999.0,999.9,2.0,0.4,0.5,0.005,99.99,-0.19,999.99,999.9,99.9,9.9999,10,101,-9,4,140.4,70,-25,45,0.6,0.00948,24.5,24.5,24.5,24.5,24.4,5.23,-1,2000-10-09 13:00:00
2000,283,14,2282,71,71,14,14,4.2,3.9,3.9,202.0,-3.6,-1.5,0.3,-1.2,1.0,0.3,1.2,0.5,0.8,0.8,9999999.0,999.9,315.0,-0.9,-0.8,0.054,9999999.0,999.9,2.0,0.7,0.7,0.011,99.99,-0.32,999.99,999.9,99.9,9.9999,10,101,-7,4,140.4,72,-29,43,0.6,0.00948,0.38,0.37,0.36,0.35,0.32,0.27,-1,2000-10-09 14:00:00
2000,283,15,2282,71,71,15,15,4.2,3.7,-27.3,199.3,-3.1,-1.1,-1.7,-1.7,-1.1,0.4,1.9,0.6,1.4,1.2,9999999.0,999.9,315.0,-1.8,0.0,0.072,9999999.0,999.9,2.0,0.8,0.6,0.007,99.99,0.35,999.99,999.9,99.9,9.9999,10,101,-5,4,140.4,132,-106,26,1.2,0.00948,0.46,0.44,0.42,0.41,0.35,0.3,-1,2000-10-09 15:00:00
2000,283,16,2282,71,71,15,15,4.7,3.7,-44.3,160.3,-2.5,0.9,-2.6,-0.2,-2.7,0.3,2.6,0.9,2.0,1.5,9999999.0,999.9,317.0,-2.8,-0.5,0.073,9999999.0,999.9,2.0,0.7,0.4,0.004,99.99,0.86,999.99,999.9,99.9,9.9999,10,101,-6,4,140.4,210,-162,48,1.8,0.00948,0.52,0.51,0.49,0.49,0.42,0.38,-1,2000-10-09 16:00:00
2000,283,17,2282,71,71,15,15,5.2,4.6,-58.4,139.2,-1.8,1.6,-3.9,0.2,-4.2,0.3,2.2,0.8,1.8,0.8,9999999.0,999.9,316.0,-2.6,-0.6,0.06,9999999.0,999.9,3.0,0.7,0.5,0.007,99.99,1.33,999.99,999.9,99.9,9.9999,10,101,-9,4,140.4,321,-243,78,1.7,0.00948,999999.99,99999.99,99999.99,99999.99,99999.99,99999.99,0,2000-10-09 17:00:00
2000,283,18,2282,71,71,14,14,5.1,4.8,-45.4,166.7,-3.3,0.8,-3.4,-0.3,-3.5,0.2,1.7,1.0,1.3,0.4,9999999.0,999.9,310.0,-3.0,-0.2,0.043,9999999.0,999.9,4.0,0.4,0.3,0.009,99.99,1.08,999.99,999.9,99.9,9.9999,17,101,-14,6,140.4,363,-258,104,1.5,0.00948,999999.99,99999.99,99999.99,99999.99,99999.99,99999.99,0,2000-10-09 18:00:00
2000,283,19,2282,71,71,16,16,5.0,4.2,-20.3,232.1,-2.4,-3.1,-1.4,-3.4,-0.5,0.3,2.6,1.3,2.0,1.2,9999999.0,999.9,308.0,-2.3,-0.6,0.035,9999999.0,999.9,3.0,0.4,0.6,0.003,99.99,0.15,999.99,999.9,99.9,9.9999,17,101,-16,6,140.4,318,-209,109,1.1,0.00948,999999.99,99999.99,99999.99,99999.99,99999.99,99999.99,0,2000-10-09 19:00:00
2000,283,20,2282,71,71,16,16,4.9,4.5,-9.1,110.2,-1.5,4.2,-0.7,3.9,-1.7,0.6,1.9,0.7,1.2,1.2,9999999.0,999.9,325.0,-5.1,-1.4,0.038,9999999.0,999.9,5.0,0.5,0.6,0.006,99.99,0.55,999.99,999.9,99.9,9.9999,17,101,-13,6,140.4,111,-51,59,0.9,0.00948,999999.99,99999.99,99999.99,99999.99,99999.99,99999.99,0,2000-10-09 20:00:00
2000,283,21,2282,71,71,14,14,5.3,4.3,-7.2,128.0,-2.6,3.4,-0.5,3.2,-1.2,0.5,2.9,1.6,2.1,1.2,9999999.0,999.9,319.0,-5.1,-1.9,0.042,9999999.0,999.9,7.0,1.0,0.4,0.004,99.99,0.38,999.99,999.9,99.9,9.9999,20,101,-11,7,140.4,63,-6,58,0.7,0.00948,3.06,3.04,3.02,3.01,2.96,0.97,-1,2000-10-09 21:00:00
2000,283,22,2282,71,71,16,16,6.4,6.2,14.2,121.6,-3.2,5.1,1.5,5.3,0.4,0.6,1.4,0.6,0.9,0.9,9999999.0,999.9,324.0,-4.6,-2.9,0.046,9999999.0,999.9,5.0,1.0,0.3,0.005,99.99,-0.13,999.99,999.9,99.9,9.9999,20,101,-12,7,140.4,110,-54,56,0.5,0.00948,0.58,0.53,0.52,0.51,0.45,0.35,-1,2000-10-09 22:00:00
2000,283,23,2282,71,71,15,15,6.8,6.5,-1.2,99.9,-1.1,6.4,-0.1,6.2,-1.5,0.6,1.7,1.2,0.6,1.1,9999999.0,999.9,328.0,-4.7,-2.5,0.046,9999999.0,999.9,2.0,1.1,0.6,0.004,99.99,0.49,999.99,999.9,99.9,9.9999,20,101,-12,7,140.4,193,-134,59,1.1,0.00948,0.55,0.54,0.53,0.51,0.44,0.3,-1,2000-10-09 23:00:00
2000,284,0,2282,71,71,15,15,6.5,6.1,0.1,96.9,-0.7,6.1,0.0,5.9,-1.4,0.4,1.7,0.4,0.5,1.6,9999999.0,999.9,327.0,-5.9,-2.5,0.044,9999999.0,999.9,2.0,0.3,0.8,0.003,99.99,0.46,999.99,999.9,99.9,9.9999,20,81,-13,7,139.1,243,-173,70,1.8,0.008814,0.43,0.42,0.4,0.38,0.34,0.26,-1,2000-10-10 00:00:00
2000,284,1,2282,71,71,15,15,6.7,6.6,-11.7,104.7,-1.6,6.2,-1.3,5.7,-2.8,0.1,0.9,0.4,0.2,0.7,9999999.0,999.9,323.0,-6.3,-1.7,0.041,9999999.0,999.9,2.0,0.2,0.4,0.002,99.99,0.9,999.99,999.9,99.9,9.9999,20,81,-13,7,139.1,180,-95,85,1.6,0.008814,3.09,3.06,3.05,3.04,2.99,1.28,-1,2000-10-10 01:00:00
2000,284,2,2282,71,71,14,14,6.7,6.6,-11.7,96.1,-0.7,6.4,-1.3,5.7,-3.1,0.1,1.2,0.5,0.3,1.0,9999999.0,999.9,324.0,-5.8,-1.9,0.041,9999999.0,999.9,2.0,0.2,0.4,0.003,99.99,1.0,999.99,999.9,99.9,9.9999,20,81,-16,7,139.1,216,-116,100,1.4,0.008814,0.42,0.4,0.38,0.36,0.31,0.22,-1,2000-10-10 02:00:00
2000,284,3,2282,71,71,15,15,7.1,6.7,6.7,103.4,-1.5,6.5,0.8,6.4,-1.4,0.2,2.1,1.2,0.6,1.6,9999999.0,999.9,322.0,-4.3,-3.5,0.053,9999999.0,999.9,2.0,1.2,1.1,0.006,99.99,0.45,999.99,999.9,99.9,9.9999,23,81,-18,9,139.1,232,-137,95,1.4,0.008814,0.51,0.49,0.47,0.45,0.39,0.28,-1,2000-10-10 03:00:00
2000,284,4,2282,71,71,15,15,7.6,6.2,-2.5,113.4,-2.5,5.7,-0.3,5.2,-2.4,0.3,4.0,2.2,0.6,3.4,9999999.0,999.9,323.0,-2.7,-3.9,0.065,9999999.0,999.9,4.0,0.4,1.1,0.006,99.99,0.78,999.99,999.9,99.9,9.9999,23,81,-20,9,139.1,227,-128,99,1.3,0.008814,0.54,0.51,0.49,0.46,0.4,0.31,-1,2000-10-10 04:00:00
2000,284,5,2282,71,71,15,15,8.1,7.6,-4.9,120.0,-3.8,6.6,-0.6,5.7,-3.3,0.4,2.4,0.8,1.2,1.9,9999999.0,999.9,321.0,-3.4,-3.3,0.062,9999999.0,999.9,2.0,0.9,1.2,0.008,99.99,1.06,999.99,999.9,99.9,9.9999,23,81,-23,9,139.1,255,-115,140,1.8,0.008814,0.58,0.55,0.52,0.5,0.44,0.37,-1,2000-10-10 05:00:00
2000,284,6,2282,71,71,15,15,7.8,6.8,-73.1,220.7,-1.5,-1.3,-6.5,-4.2,-5.1,0.4,3.5,1.4,2.8,1.4,9999999.0,999.9,319.0,-1.4,1.8,0.072,9999999.0,999.9,5.0,1.0,1.0,0.006,99.99,1.63,999.99,999.9,99.9,9.9999,30,81,-24,15,139.1,355,-224,131,1.8,0.008814,0.47,0.43,0.39,0.37,0.32,0.26,-1,2000-10-10 06:00:00
2000,284,7,2282,71,71,16,16,7.3,5.4,-79.7,297.6,0.4,-0.9,-5.3,-3.4,-4.1,0.3,4.6,0.9,4.1,1.9,9999999.0,999.9,323.0,-2.7,-0.5,0.072,9999999.0,999.9,5.0,1.2,1.4,0.01,99.99,1.32,999.99,999.9,99.9,9.9999,30,81,-26,15,139.1,376,-232,143,1.7,0.008814,0.64,0.59,0.54,0.51,0.47,0.36,-1,2000-10-10 07:00:00
2000,284,8,2282,71,71,15,15,9.0,8.8,-70.8,353.3,2.9,-0.3,-8.3,-4.6,-6.9,0.3,1.6,0.5,1.6,0.3,9999999.0,999.9,329.0,-1.7,1.6,0.065,9999999.0,999.9,3.0,1.1,0.6,0.005,99.99,2.27,999.99,999.9,99.9,9.9999,30,81,-30,15,139.1,306,-159,147,1.7,0.008814,0.71,0.64,0.6,0.57,0.43,0.32,-1,2000-10-10 08:00:00
2000,284,9,2282,71,71,14,14,9.3,9.1,-66.6,26.7,3.2,1.6,-8.4,-3.2,-7.9,0.2,1.5,0.5,1.3,0.5,9999999.0,999.9,328.0,-0.1,0.8,0.077,9999999.0,999.9,4.0,0.5,0.5,0.008,99.99,2.59,999.99,999.9,99.9,9.9999,23,81,-28,9,139.1,623,-368,255,3.1,0.008814,0.62,0.49,0.45,0.42,0.35,0.26,-1,2000-10-10 09:00:00
2000,284,10,2282,71,71,15,15,8.2,7.5,-52.5,59.6,2.3,3.9,-5.9,0.1,-7.1,0.3,3.2,0.7,2.8,1.2,9999999.0,999.9,327.0,0.4,0.2,0.08,9999999.0,999.9,4.0,1.5,0.9,0.009,99.99,2.32,999.99,999.9,99.9,9.9999,23,81,-28,9,139.1,528,-260,268,3.5,0.008814,0.68,0.54,0.49,0.44,0.4,0.24,-1,2000-10-10 10:00:00
2000,284,11,2282,71,71,16,16,6.9,6.5,-66.4,8.9,2.6,0.4,-6.0,-2.9,-5.3,1.4,2.4,0.8,1.7,1.5,9999999.0,999.9,326.0,1.7,-0.3,0.081,9999999.0,999.9,4.0,0.6,0.7,0.011,99.99,1.73,999.99,999.9,99.9,9.9999,23,81,-30,9,139.1,539,-328,211,3.1,0.008814,0.73,0.58,0.54,0.47,0.38,0.27,-1,2000-10-10 11:00:00
2000,284,12,2282,71,71,15,15,4.6,3.3,-68.2,32.3,1.0,0.6,-3.0,-1.1,-2.9,0.7,3.0,1.4,2.2,1.6,9999999.0,999.9,330.0,1.8,-0.7,0.075,9999999.0,999.9,3.0,0.4,1.1,0.008,99.99,0.96,999.99,999.9,99.9,9.9999,17,81,-28,6,139.1,373,-219,154,2.3,0.008814,0.85,0.65,0.56,0.47,0.37,0.28,-1,2000-10-10 12:00:00
2000,284,13,2282,71,71,15,15,5.7,4.7,-19.8,92.7,-0.2,4.4,-1.6,3.0,-3.6,0.4,2.9,0.8,2.3,1.5,9999999.0,999.9,333.0,0.3,-0.9,0.078,9999999.0,999.9,3.0,0.7,1.0,0.005,99.99,1.2,999.99,999.9,99.9,9.9999,17,81,-25,6,139.1,237,-131,106,1.8,0.008814,0.84,0.68,0.59,0.51,0.4,0.3,-1,2000-10-10 13:00:00
2000,284,14,2282,71,71,15,15,5.3,4.8,-88.2,198.0,-0.1,0.0,-4.8,-2.2,-4.2,0.7,2.2,1.2,1.6,0.7,9999999.0,999.9,339.0,1.5,0.0,0.07,9999999.0,999.9,2.0,0.5,0.4,0.01,99.99,1.42,999.99,999.9,99.9,9.9999,17,81,-24,6,139.1,335,-226,109,1.9,0.008814,0.95,0.71,0.6,0.5,0.37,0.27,-1,2000-10-10 14:00:00
2000,284,15,2282,71,71,15,15,5.4,5.0,-86.0,320.5,0.3,-0.2,-5.0,-2.3,-4.4,0.2,1.9,0.6,1.8,0.4,9999999.0,999.9,340.0,2.4,0.9,0.062,9999999.0,999.9,2.0,0.2,1.0,0.005,99.99,1.5,999.99,999.9,99.9,9.9999,20,81,-28,7,139.1,332,-211,121,2.4,0.008814,1.01,0.73,0.58,0.46,0.35,0.26,-1,2000-10-10 15:00:00
2000,284,16,2282,71,71,15,15,5.4,4.9,-70.9,69.5,0.6,1.5,-4.6,-0.4,-4.8,0.6,1.9,0.5,1.0,1.6,9999999.0,999.9,340.0,2.6,0.5,0.055,9999999.0,999.9,3.0,0.5,1.4,0.004,99.99,1.63,999.99,999.9,99.9,9.9999,20,81,-28,7,139.1,451,-286,165,2.4,0.008814,1.12,0.84,0.68,0.55,0.4,0.3,-1,2000-10-10 16:00:00
2000,284,17,2282,71,71,15,15,5.6,5.3,56.6,147.1,-2.4,1.6,4.4,3.0,3.6,1.3,2.0,0.9,0.9,1.6,9999999.0,999.9,344.0,2.2,-1.6,0.061,9999999.0,999.9,3.0,0.4,1.1,0.009,99.99,-1.24,999.99,999.9,99.9,9.9999,20,81,-27,7,139.1,338,-202,136,1.0,0.008814,999999.99,99999.99,99999.99,99999.99,99999.99,99999.99,0,2000-10-10 17:00:00
2000,284,18,2282,71,71,15,15,6.7,6.6,37.7,128.9,-3.3,4.1,4.0,5.1,2.6,0.5,1.0,0.8,0.5,0.3,9999999.0,999.9,342.0,1.4,-1.1,0.067,9999999.0,999.9,2.0,0.3,0.5,0.006,99.99,-0.89,999.99,999.9,99.9,9.9999,10,81,-18,4,139.1,72,-22,50,-0.2,0.008814,999999.99,99999.99,99999.99,99999.99,99999.99,99999.99,0,2000-10-10 18:00:00
2000,284,19,2282,71,71,15,15,6.4,6.0,17.9,123.9,-3.2,4.7,1.8,5.0,0.5,0.5,2.2,1.0,0.4,1.8,9999999.0,999.9,343.0,1.1,-0.1,0.067,9999999.0,999.9,3.0,0.5,0.6,0.006,99.99,-0.17,999.99,999.9,99.9,9.9999,10,81,-13,4,139.1,62,-6,56,0.1,0.008814,1.41,1.02,0.83,0.68,0.52,0.36,-1,2000-10-10 19:00:00
2000,284,20,2282,71,71,16,16,6.3,5.4,-1.9,86.8,0.3,5.4,-0.2,5.2,-1.5,0.7,2.9,2.4,0.9,1.4,9999999.0,999.9,346.0,0.3,0.5,0.072,9999999.0,999.9,6.0,0.8,0.8,0.007,99.99,0.52,999.99,999.9,99.9,9.9999,10,81,-12,4,139.1,43,-3,40,0.6,0.008814,1.25,0.95,0.7,0.51,0.34,0.26,-1,2000-10-10 20:00:00
2000,284,21,2282,71,71,14,14,7.0,6.6,15.6,80.8,1.0,6.3,1.8,6.5,0.4,0.2,2.1,1.3,0.5,1.6,9999999.0,999.9,343.0,-0.9,-0.3,0.063,9999999.0,999.9,6.0,0.5,1.0,0.008,99.99,-0.14,999.99,999.9,99.9,9.9999,20,81,-14,7,139.1,107,-53,54,0.6,0.008814,3.09,2.75,2.46,2.26,2.07,1.01,-1,2000-10-10 21:00:00
2000,284,22,2282,71,71,15,15,7.9,7.8,23.9,106.6,-2.0,6.8,3.2,7.3,1.7,0.3,1.0,0.7,0.5,0.6,9999999.0,999.9,331.0,-1.8,-1.0,0.042,9999999.0,999.9,3.0,0.6,0.2,0.007,99.99,-0.56,999.99,999.9,99.9,9.9999,20,81,-14,7,139.1,131,-87,44,0.4,0.008814,1.5,1.16,0.87,0.65,0.45,0.35,-1,2000-10-10 22:00:00
2000,284,23,2282,71,71,14,14,7.2,6.2,31.1,101.7,-1.1,5.2,3.2,5.8,2.0,0.4,3.2,2.8,1.2,0.9,9999999.0,999.9,331.0,-3.3,-1.0,0.043,9999999.0,999.9,6.0,0.8,0.5,0.009,99.99,-0.66,999.99,999.9,99.9,9.9999,20,81,-10,7,139.1,55,-19,37,0.2,0.008814,1.84,1.26,0.79,0.51,0.33,0.24,-1,2000-10-10 23:00:00
2000,285,0,2282,71,71,15,15,7.3,6.5,-49.0,111.9,-1.6,3.9,-4.9,2.7,-5.7,0.1,3.2,0.7,2.4,2.0,9999999.0,999.9,326.0,-2.6,2.5,0.055,9999999.0,999.9,2.0,0.6,1.0,0.008,99.99,1.86,999.99,999.9,99.9,9.9999,40,117,-8,27,150.8,127,-66,60,0.7,0.008509,1.67,1.22,0.82,0.57,0.39,0.29,-1,2000-10-11 00:00:00
2000,285,1,2282,71,71,15,15,8.0,7.7,-69.3,234.4,-1.6,-2.2,-7.2,-4.0,-6.4,0.3,2.0,0.6,1.9,0.6,9999999.0,999.9,322.0,-1.2,1.7,0.042,9999999.0,999.9,2.0,0.8,0.6,0.008,99.99,2.06,999.99,999.9,99.9,9.9999,40,117,-13,27,150.8,499,-411,88,2.2,0.008509,2.03,1.39,0.88,0.59,0.39,0.3,-1,2000-10-11 01:00:00
2000,285,2,2282,71,71,15,15,7.1,5.6,-68.9,211.5,-1.7,-1.0,-5.2,-2.5,-4.7,0.7,3.9,0.9,3.5,1.5,9999999.0,999.9,324.0,-1.0,2.1,0.044,9999999.0,999.9,4.0,1.2,1.0,0.007,99.99,1.52,999.99,999.9,99.9,9.9999,40,117,-18,27,150.8,382,-264,118,2.7,0.008509,4.13,3.47,2.98,2.67,2.44,1.19,-1,2000-10-11 02:00:00
2000,285,3,2282,71,71,16,16,9.0,8.7,-70.1,142.2,-2.3,1.8,-8.2,-1.0,-8.3,0.4,2.0,0.8,1.7,0.5,9999999.0,999.9,326.0,-1.6,2.3,0.053,9999999.0,999.9,2.0,0.6,0.5,0.007,99.99,2.71,999.99,999.9,99.9,9.9999,47,117,-25,39,150.8,269,-156,113,1.2,0.008509,2.18,1.43,0.86,0.53,0.33,0.26,-1,2000-10-11 03:00:00
2000,285,4,2282,71,71,15,15,8.9,8.7,-55.8,120.4,-2.5,4.2,-7.2,1.2,-8.3,0.3,1.3,0.5,1.2,0.4,9999999.0,999.9,329.0,-1.9,2.2,0.06,9999999.0,999.9,2.0,0.4,0.2,0.005,99.99,2.73,999.99,999.9,99.9,9.9999,47,117,-31,39,150.8,649,-479,170,4.2,0.008509,2.73,1.69,0.96,0.59,0.38,0.28,-1,2000-10-11 04:00:00
2000,285,5,2282,71,71,15,15,9.5,9.2,-27.2,111.6,-3.0,7.6,-4.2,5.1,-7.0,0.2,2.2,0.5,1.0,1.8,9999999.0,999.9,330.0,-3.3,2.6,0.056,9999999.0,999.9,2.0,0.5,0.4,0.005,99.99,2.31,999.99,999.9,99.9,9.9999,47,117,-42,39,150.8,640,-324,316,3.7,0.008509,2.42,1.57,0.95,0.62,0.41,0.32,-1,2000-10-11 05:00:00
2000,285,6,2282,71,71,15,15,9.1,8.8,7.4,120.2,-4.4,7.6,1.1,7.2,-2.6,0.4,2.2,1.3,0.5,1.7,9999999.0,999.9,329.0,-4.8,2.5,0.064,9999999.0,999.9,3.0,0.5,0.3,0.008,99.99,0.86,999.99,999.9,99.9,9.9999,23,117,-46,9,150.8,488,-286,202,3.1,0.008509,2.34,1.49,0.89,0.57,0.38,0.29,-1,2000-10-11 06:00:00
2000,285,7,2282,71,71,14,14,8.8,8.7,2.1,104.4,-2.1,8.4,0.3,7.4,-3.9,0.2,1.4,0.8,0.5,1.1,9999999.0,999.9,331.0,-5.0,3.0,0.063,9999999.0,999.9,3.0,0.6,0.5,0.006,99.99,1.29,999.99,999.9,99.9,9.9999,23,117,-45,9,150.8,388,-200,188,3.2,0.008509,2.31,1.5,0.91,0.6,0.4,0.29,-1,2000-10-11 07:00:00
2000,285,8,2282,71,71,15,15,8.6,8.4,11.0,110.5,-2.9,7.7,1.6,7.4,-2.7,0.2,1.4,0.9,0.5,1.0,9999999.0,999.9,326.0,-5.6,2.5,0.06,9999999.0,999.9,4.0,0.3,0.7,0.002,99.99,0.88,999.99,999.9,99.9,9.9999,23,117,-45,9,150.8,283,-136,147,2.3,0.008509,2.53,1.54,0.89,0.56,0.36,0.27,-1,2000-10-11 08:00:00
2000,285,9,2282,71,71,16,16,8.1,7.7,18.8,105.1,-1.9,7.1,2.5,7.3,-1.7,0.2,2.0,0.9,0.6,1.7,9999999.0,999.9,328.0,-5.7,2.2,0.059,9999999.0,999.9,3.0,0.3,0.9,0.006,99.99,0.56,999.99,999.9,99.9,9.9999,17,117,-41,6,150.8,192,-89,102,1.7,0.008509,2.81,1.65,0.94,0.6,0.37,0.27,-1,2000-10-11 09:00:00
2000,285,10,2282,71,71,14,14,8.7,8.2,-67.5,294.3,1.3,-2.9,-7.6,-6.6,-4.8,0.5,2.4,0.4,2.1,1.0,9999999.0,999.9,325.0,-1.8,1.0,0.046,9999999.0,999.9,2.0,1.8,0.7,0.006,99.99,1.56,999.99,999.9,99.9,9.9999,17,117,-34,6,150.8,231,-110,121,1.8,0.008509,4.13,2.22,1.13,0.64,0.38,0.3,-1,2000-10-11 10:00:00
2000,285,11,2282,71,71,16,16,8.7,7.7,-59.0,291.6,1.5,-3.7,-6.6,-6.7,-3.6,0.5,3.9,1.6,3.6,0.5,9999999.0,999.9,328.0,0.4,1.7,0.056,9999999.0,999.9,5.0,0.8,0.3,0.013,99.99,1.18,999.99,999.9,99.9,9.9999,17,117,-33,6,150.8,237,-119,117,1.2,0.008509,6.11,2.85,1.29,0.69,0.41,0.3,-1,2000-10-11 11:00:00
2000,285,12,2282,71,71,17,17,7.0,6.7,-52.1,125.5,-2.4,3.3,-5.3,0.1,-6.2,0.8,2.0,0.8,0.9,1.6,9999999.0,999.9,352.0,0.6,-3.0,0.1,9999999.0,999.9,10.0,1.0,2.6,0.016,99.99,2.18,999.99,999.9,99.9,9.9999,27,117,-28,12,150.8,467,-398,69,2.7,0.008509,4.3,2.24,1.13,0.63,0.38,0.3,-1,2000-10-11 12:00:00
2000,285,13,2282,71,71,15,15,6.9,6.6,8.0,128.9,-4.1,5.0,0.9,4.8,-1.7,0.3,1.9,0.7,0.6,1.7,9999999.0,999.9,372.0,2.8,-1.1,0.097,9999999.0,999.9,3.0,0.3,0.9,0.007,99.99,0.63,999.99,999.9,99.9,9.9999,27,117,-29,12,150.8,363,-265,98,2.4,0.008509,5.05,2.53,1.22,0.67,0.4,0.31,-1,2000-10-11 13:00:00
2000,285,14,2282,71,71,16,16,6.8,6.6,12.2,137.6,-4.7,4.3,1.4,4.5,-0.8,0.2,1.6,0.8,0.9,1.0,155709.0,4.2,376.0,3.7,-1.4,0.069,4203.0,0.1,6.0,0.7,0.9,0.009,1.27,0.3,1.07,5.7,4.1,0.0371,27,117,-27,12,150.8,177,-120,57,0.9,0.008509,5.27,2.68,1.28,0.68,0.41,0.31,-1,2000-10-11 14:00:00
2000,285,15,2282,71,71,15,15,6.6,6.5,3.5,130.2,-4.2,4.9,0.4,4.6,-1.7,0.2,1.3,0.6,0.8,0.8,156857.0,3.6,388.0,5.0,-1.2,0.069,14795.0,0.2,2.0,0.7,0.5,0.01,1.15,0.66,0.98,5.6,4.1,0.0382,13,117,-27,5,150.8,97,-62,35,0.8,0.008509,5.26,2.62,1.21,0.64,0.38,0.29,-1,2000-10-11 15:00:00
2000,285,16,2282,71,71,15,15,6.7,6.4,7.6,147.1,-5.3,3.4,0.8,3.4,-0.6,0.3,1.8,0.4,1.1,1.4,177188.0,3.6,391.0,6.1,-1.1,0.083,16265.0,0.3,3.0,0.4,1.0,0.012,1.22,0.23,1.02,5.5,4.0,0.0388,13,117,-28,5,150.8,89,-58,31,0.4,0.008509,5.36,2.64,1.18,0.6,0.35,0.27,-1,2000-10-11 16:00:00
2000,285,17,2282,71,71,15,15,6.4,6.0,-25.9,130.8,-3.5,4.1,-2.6,3.0,-3.8,0.1,1.8,0.8,0.9,1.3,140749.0,4.0,399.0,5.9,0.6,0.09,10385.0,0.4,6.0,0.7,0.7,0.009,1.45,1.52,1.09,6.2,4.5,0.0306,13,117,-28,5,150.8,118,-82,36,0.9,0.008509,5.53,2.65,1.22,0.64,0.39,0.3,-1,2000-10-11 17:00:00
2000,285,18,2282,71,71,15,15,6.4,6.2,-14.6,148.7,-5.1,3.1,-1.6,2.5,-2.4,0.1,1.3,0.5,0.9,0.7,159430.0,3.7,390.0,6.4,-0.3,0.069,11792.0,0.1,2.0,1.0,0.7,0.011,1.2,0.94,1.08,5.9,4.2,0.0346,33,117,-28,18,150.8,261,-176,86,1.4,0.008509,5.53,2.61,1.21,0.64,0.4,0.31,-1,2000-10-11 18:00:00
2000,285,19,2282,71,71,14,14,6.6,6.5,-9.5,136.3,-4.6,4.4,-1.1,4.0,-2.2,0.1,0.9,0.4,0.5,0.6,133490.0,3.6,389.0,4.8,0.1,0.075,6351.0,0.3,4.0,0.7,0.3,0.009,1.18,0.86,0.9,5.6,4.2,0.038,33,117,-20,18,150.8,359,-271,88,2.8,0.008509,5.65,2.64,1.22,0.64,0.39,0.29,-1,2000-10-11 19:00:00
2000,285,20,2282,71,71,15,15,6.6,6.5,-17.1,138.7,-4.7,4.1,-1.9,3.6,-2.8,0.2,0.6,0.3,0.4,0.3,122168.0,3.5,388.0,5.2,1.0,0.054,13247.0,0.4,5.0,0.6,0.4,0.008,1.07,1.09,0.84,5.5,4.2,0.0393,33,117,-20,18,150.8,174,-100,75,2.0,0.008509,5.89,2.63,1.16,0.61,0.35,0.27,-1,2000-10-11 20:00:00
2000,285,21,2282,71,71,15,15,6.7,6.7,-11.5,137.6,-4.8,4.4,-1.3,4.0,-2.2,0.1,0.8,0.2,0.2,0.7,138432.0,2.9,380.0,4.5,0.6,0.042,8298.0,0.2,3.0,0.5,0.2,0.008,0.82,0.84,0.72,4.8,3.8,0.051,10,117,-22,4,150.8,146,-75,71,1.7,0.008509,5.81,2.6,1.11,0.54,0.32,0.25,-1,2000-10-11 21:00:00
2000,285,22,2282,71,71,15,15,7.1,7.1,-10.3,139.5,-5.3,4.5,-1.3,4.1,-2.2,0.1,0.4,0.1,0.1,0.4,9999999.0,999.9,372.0,3.7,0.9,0.048,9999999.0,999.9,4.0,0.4,0.3,0.007,99.99,0.82,999.99,999.9,99.9,9.9999,10,117,-22,4,150.8,120,-73,48,1.2,0.008509,6.17,2.66,1.17,0.6,0.36,0.27,-1,2000-10-11 22:00:00
2000,285,23,2282,71,71,15,15,6.7,6.7,-0.5,136.9,-4.9,4.5,-0.1,4.4,-1.0,0.2,0.7,0.3,0.1,0.6,9999999.0,999.9,370.0,3.8,1.2,0.049,9999999.0,999.9,2.0,0.3,0.3,0.006,99.99,0.37,999.99,999.9,99.9,9.9999,10,117,-23,4,150.8,130,-95,35,0.8,0.008509,6.62,2.75,1.23,0.66,0.42,0.32,-1,2000-10-11 23:00:00
2000,286,0,2282,71,71,15,15,6.1,6.0,0.1,149.2,-5.2,3.1,0.0,3.0,-0.7,0.2,1.1,0.3,0.8,0.7,9999999.0,999.9,374.0,4.1,1.3,0.047,9999999.0,999.9,3.0,0.8,0.5,0.008,99.99,0.26,999.99,999.9,99.9,9.9999,23,174,-20,9,161.9,253,-198,54,1.4,0.008636,6.11,2.6,1.1,0.57,0.35,0.26,-1,2000-10-12 00:00:00
2000,286,1,2282,71,71,15,15,6.6,6.6,3.4,143.9,-5.3,3.9,0.4,3.9,-0.6,0.1,0.6,0.2,0.4,0.4,9999999.0,999.9,373.0,3.2,1.6,0.048,9999999.0,999.9,3.0,0.7,0.3,0.008,99.99,0.22,999.99,999.9,99.9,9.9999,23,174,-20,9,161.9,75,-29,46,0.7,0.008636,6.45,2.69,1.17,0.62,0.37,0.29,-1,2000-10-12 01:00:00
2000,286,2,2282,71,71,14,14,6.3,6.3,4.6,144.7,-5.1,3.6,0.5,3.6,-0.6,0.2,0.5,0.4,0.2,0.2,9999999.0,999.9,370.0,2.9,2.4,0.055,9999999.0,999.9,3.0,0.6,0.4,0.008,99.99,0.22,999.99,999.9,99.9,9.9999,23,174,-22,9,161.9,50,-9,41,0.2,0.008636,6.92,2.64,1.11,0.59,0.37,0.28,-1,2000-10-12 02:00:00
2000,286,3,2282,71,71,16,16,6.1,6.0,8.0,143.9,-4.8,3.5,0.8,3.6,-0.4,0.2,0.9,0.2,0.5,0.7,9999999.0,999.9,372.0,2.7,2.5,0.038,9999999.0,999.9,5.0,0.5,0.5,0.004,99.99,0.15,999.99,999.9,99.9,9.9999,10,174,-21,4,161.9,37,-4,34,0.0,0.008636,6.48,2.6,1.14,0.6,0.37,0.28,-1,2000-10-12 03:00:00
2000,286,4,2282,71,71,14,14,5.8,5.8,4.3,137.7,-4.2,3.9,0.4,3.8,-1.1,0.2,0.8,0.3,0.5,0.6,9999999.0,999.9,371.0,2.7,3.0,0.046,9999999.0,999.9,3.0,0.3,0.6,0.007,99.99,0.41,999.99,999.9,99.9,9.9999,10,174,-21,4,161.9,43,-11,32,0.2,0.008636,6.39,2.59,1.14,0.61,0.38,0.29,-1,2000-10-12 04:00:00
2000,286,5,2282,71,71,15,15,5.4,5.3,14.7,153.7,-4.6,2.3,1.3,2.6,0.2,0.2,1.2,0.4,0.4,1.1,9999999.0,999.9,362.0,2.5,2.5,0.051,9999999.0,999.9,2.0,0.5,0.9,0.007,99.99,-0.07,999.99,999.9,99.9,9.9999,10,174,-22,4,161.9,126,-86,40,0.2,0.008636,5.89,2.55,1.13,0.62,0.39,0.29,-1,2000-10-12 05:00:00
2000,286,6,2282,71,71,15,15,6.0,5.9,-6.2,155.3,-5.3,2.5,-0.6,1.9,-1.7,0.2,0.6,0.2,0.3,0.4,9999999.0,999.9,364.0,3.6,4.5,0.049,9999999.0,999.9,2.0,0.5,0.4,0.007,99.99,0.62,999.99,999.9,99.9,9.9999,10,174,-21,4,161.9,110,-69,41,0.3,0.008636,6.39,2.64,1.14,0.61,0.39,0.3,-1,2000-10-12 06:00:00
2000,286,7,2282,71,71,14,14,6.0,6.0,-2.3,147.5,-5.0,3.2,-0.2,2.7,-1.8,0.0,0.5,0.2,0.2,0.4,9999999.0,999.9,364.0,3.1,4.9,0.058,9999999.0,999.9,3.0,0.3,0.4,0.015,99.99,0.66,999.99,999.9,99.9,9.9999,10,174,-23,4,161.9,108,-64,43,0.5,0.008636,6.26,2.57,1.1,0.58,0.37,0.29,-1,2000-10-12 07:00:00
2000,286,8,2282,71,71,15,15,5.9,5.7,7.9,142.6,-4.5,3.4,0.8,3.3,-1.1,0.1,1.2,0.3,0.4,1.0,9999999.0,999.9,362.0,2.8,3.9,0.037,9999999.0,999.9,3.0,0.4,0.8,0.003,99.99,0.4,999.99,999.9,99.9,9.9999,10,174,-22,4,161.9,174,-140,34,0.7,0.008636,4.87,2.29,1.06,0.6,0.38,0.29,-1,2000-10-12 08:00:00
2000,286,9,2282,71,71,14,14,5.5,5.1,-17.0,140.1,-3.7,3.1,-1.5,1.8,-2.9,0.3,2.1,0.5,1.2,1.7,9999999.0,999.9,349.0,1.8,5.5,0.043,9999999.0,999.9,10.0,1.4,0.9,0.013,99.99,1.01,999.99,999.9,99.9,9.9999,13,174,-20,5,161.9,174,-119,55,1.1,0.008636,4.97,2.31,1.06,0.59,0.39,0.31,-1,2000-10-12 09:00:00
2000,286,10,2282,71,71,15,15,5.3,4.9,-7.3,148.4,-4.2,2.6,-0.6,1.9,-1.9,0.1,1.5,0.5,0.7,1.2,9999999.0,999.9,333.0,-0.8,3.8,0.034,9999999.0,999.9,4.0,0.8,1.3,0.007,99.99,0.63,999.99,999.9,99.9,9.9999,13,174,-21,5,161.9,242,-176,65,1.2,0.008636,5.5,2.81,1.58,1.12,0.9,0.71,-1,2000-10-12 10:00:00
2000,286,11,2282,71,71,11,11,5.3,5.1,9.8,174.6,-5.0,0.5,0.9,0.9,0.5,0.1,1.5,0.2,1.4,0.4,9999999.0,999.9,323.0,1.7,2.2,0.049,9999999.0,999.9,4.0,1.9,1.1,0.009,99.99,-0.16,999.99,999.9,99.9,9.9999,13,174,-20,5,161.9,192,-138,53,0.8,0.008636,6.47,2.68,1.11,0.59,0.38,0.29,-1,2000-10-12 11:00:00
2000,286,12,2282,71,71,16,16,5.5,5.1,5.4,127.0,-3.1,4.0,0.5,3.7,-1.7,0.0,1.4,1.0,0.7,0.7,9999999.0,999.9,335.0,-2.5,3.8,0.047,9999999.0,999.9,6.0,0.6,0.8,0.007,99.99,0.57,999.99,999.9,99.9,9.9999,17,174,-15,6,161.9,91,-51,40,0.9,0.008636,7.94,2.99,1.14,0.57,0.35,0.26,-1,2000-10-12 12:00:00
2000,286,13,2282,71,71,15,15,5.5,4.8,-6.1,100.6,-0.9,4.7,-0.5,3.8,-2.8,0.0,2.2,1.0,0.4,2.0,9999999.0,999.9,346.0,-2.4,5.6,0.064,9999999.0,999.9,6.0,0.8,2.0,0.008,99.99,0.97,999.99,999.9,99.9,9.9999,17,174,-14,6,161.9,168,-131,37,1.4,0.008636,8.22,3.03,1.15,0.56,0.35,0.28,-1,2000-10-12 13:00:00
2000,286,14,2282,71,71,15,15,5.6,4.9,2.1,117.2,-2.2,4.3,0.2,3.9,-1.8,0.1,2.4,1.0,0.9,1.9,9999999.0,999.9,338.0,-2.4,4.9,0.043,9999999.0,999.9,7.0,1.0,2.1,0.006,99.99,0.61,999.99,999.9,99.9,9.9999,17,174,-16,6,161.9,271,-226,45,1.3,0.008636,8.63,3.13,1.19,0.61,0.38,0.29,-1,2000-10-12 14:00:00
2000,286,15,2282,71,71,15,15,5.6,4.9,-30.2,147.2,-3.6,2.3,-2.5,1.0,-3.2,0.0,2.5,0.6,1.8,1.7,9999999.0,999.9,328.0,-0.7,7.1,0.045,9999999.0,999.9,4.0,1.8,1.6,0.008,99.99,1.05,999.99,999.9,99.9,9.9999,10,174,-17,4,161.9,226,-185,42,1.3,0.008636,8.49,3.08,1.17,0.61,0.38,0.29,-1,2000-10-12 15:00:00
2000,286,16,2282,71,71,13,13,5.8,4.9,11.4,150.5,-4.2,2.4,1.0,2.6,0.0,0.1,2.9,0.9,0.8,2.6,9999999.0,999.9,323.0,-1.3,3.1,0.046,9999999.0,999.9,4.0,1.3,3.1,0.013,99.99,-0.0,999.99,999.9,99.9,9.9999,10,174,-20,4,161.9,207,-160,47,1.5,0.008636,8.46,3.0,1.13,0.56,0.36,0.28,-1,2000-10-12 16:00:00
2000,286,17,2282,71,71,11,11,5.7,5.3,19.4,132.3,-3.4,3.7,1.8,4.1,0.5,0.1,1.5,0.4,0.4,1.4,9999999.0,999.9,327.0,-2.7,0.8,0.048,9999999.0,999.9,4.0,0.4,1.4,0.007,99.99,-0.16,999.99,999.9,99.9,9.9999,10,174,-17,4,161.9,75,-48,27,0.4,0.008636,8.73,2.99,1.14,0.6,0.39,0.31,-1,2000-10-12 17:00:00
2000,286,18,2282,71,71,16,16,5.6,4.9,18.6,110.7,-1.6,4.3,1.6,4.6,0.3,0.2,2.5,1.1,0.5,2.1,9999999.0,999.9,333.0,-1.8,2.0,0.046,9999999.0,999.9,5.0,0.6,1.0,0.008,99.99,-0.1,999.99,999.9,99.9,9.9999,10,174,-12,4,161.9,92,-62,30,0.8,0.008636,10.3,3.18,1.17,0.61,0.4,0.3,-1,2000-10-12 18:00:00
2000,286,19,2282,71,71,15,15,6.0,5.8,30.6,95.3,-0.5,5.0,2.9,5.6,1.5,0.2,1.4,1.1,0.3,0.8,9999999.0,999.9,336.0,-2.3,2.2,0.031,9999999.0,999.9,6.0,0.7,0.8,0.006,99.99,-0.5,999.99,999.9,99.9,9.9999,10,174,-10,4,161.9,46,-13,33,0.2,0.008636,16.0,4.15,1.26,0.61,0.4,0.31,-1,2000-10-12 19:00:00
2000,286,20,2282,71,71,15,15,6.0,5.3,37.6,75.5,1.1,4.1,3.2,4.7,2.2,0.2,2.5,1.6,1.5,1.2,9999999.0,999.9,342.0,-2.6,2.7,0.033,9999999.0,999.9,9.0,0.8,0.7,0.006,99.99,-0.75,999.99,999.9,99.9,9.9999,10,174,-7,4,161.9,45,-15,30,0.0,0.008636,22.3,4.88,1.32,0.61,0.39,0.31,-1,2000-10-12 20:00:00
2000,286,21,2282,71,71,15,15,6.1,5.7,26.7,106.1,-1.4,4.9,2.6,5.3,1.5,0.3,2.0,0.4,0.9,1.7,9999999.0,999.9,330.0,-3.8,3.4,0.035,9999999.0,999.9,4.0,0.8,1.9,0.005,99.99,-0.49,999.99,999.9,99.9,9.9999,30,174,-6,15,161.9,33,-12,22,0.2,0.008636,24.6,5.21,1.32,0.58,0.36,0.28,-1,2000-10-12 21:00:00
2000,286,22,2282,71,71,20,20,10.4,10.1,40.3,96.6,-0.9,7.6,6.5,8.8,4.8,5.0,5.4,1.0,3.2,4.2,94936.0,13.5,368.0,-5.3,2.2,0.036,9934.0,1.4,57.0,1.6,1.6,0.004,3.49,-1.77,1.16,6.5,4.6,0.0281,30,174,5,15,161.9,58,-13,45,0.1,0.008636,51.3,9.05,1.67,0.59,0.34,0.25,-1,2000-10-12 22:00:00
2000,286,23,2282,71,71,15,15,18.4,16.8,28.5,103.5,-3.5,14.3,8.0,15.6,4.9,0.5,6.8,3.1,2.8,5.4,119863.0,10.2,455.0,-6.4,1.6,0.04,20974.0,1.1,7.0,1.2,2.4,0.009,4.09,-2.23,0.31,3.9,3.5,0.0763,30,174,16,15,161.9,102,-55,47,1.1,0.008636,123.0,15.7,2.15,0.65,0.35,0.27,-1,2000-10-12 23:00:00
2000,287,0,2282,71,71,15,15,20.5,19.5,-35.2,107.3,-4.7,15.2,-11.2,12.3,-14.3,0.7,5.7,0.9,3.7,4.3,110365.0,10.5,454.0,-5.3,6.6,0.052,13026.0,2.6,5.0,1.8,1.5,0.015,4.37,6.49,0.25,3.6,3.3,0.0924,60,173,2,80,167.2,437,-334,103,3.0,0.008536,58.9,9.2,1.68,0.65,0.37,0.28,-1,2000-10-13 00:00:00
2000,287,1,2282,71,71,15,15,17.0,14.9,-18.3,100.4,-2.5,13.9,-4.7,12.3,-8.0,2.4,8.1,2.1,3.4,7.0,114211.0,17.0,453.0,-6.6,4.8,0.041,15074.0,6.7,3.0,2.5,1.5,0.009,6.78,3.62,0.59,5.5,4.5,0.0394,60,173,-30,80,167.2,1133,-883,250,9.2,0.008536,27.1,6.16,1.4,0.56,0.34,0.26,-1,2000-10-13 01:00:00
2000,287,2,2282,71,71,15,15,15.5,11.0,27.7,71.2,3.2,9.2,5.1,10.3,2.3,1.0,10.4,4.0,5.0,8.2,95102.0,21.1,459.0,-7.3,3.8,0.05,8498.0,1.2,5.0,1.0,0.9,0.013,8.91,-1.06,0.82,6.8,5.2,0.0257,60,173,-44,80,167.2,848,-611,237,4.5,0.008536,131.0,22.4,2.91,0.74,0.38,0.29,-1,2000-10-13 02:00:00
2000,287,3,2282,71,71,15,15,15.4,14.0,-65.9,103.2,-1.3,5.6,-12.8,1.1,-13.9,1.3,5.6,0.9,5.1,2.2,122213.0,19.5,462.0,-5.8,4.2,0.075,30580.0,1.4,4.0,1.9,1.0,0.017,9.04,6.42,0.86,6.6,5.0,0.0271,67,173,-39,111,167.2,667,-494,174,5.6,0.008536,151.0,22.2,2.69,0.66,0.34,0.26,-1,2000-10-13 03:00:00
2000,287,4,2282,71,71,15,15,11.8,8.2,-44.2,116.3,-2.6,5.2,-5.7,2.7,-7.2,0.9,7.4,0.9,4.3,6.0,211679.0,22.7,456.0,-2.6,2.3,0.073,21876.0,1.4,5.0,0.7,0.5,0.013,10.18,3.28,2.31,9.2,5.3,0.014,67,173,-64,111,167.2,967,-596,372,8.6,0.008536,172.0,26.0,2.95,0.68,0.34,0.28,-1,2000-10-13 04:00:00
2000,287,5,2282,71,71,15,15,10.3,5.2,29.0,160.8,-4.3,1.5,2.5,2.4,1.6,1.1,8.3,4.1,5.8,4.3,260472.0,22.2,458.0,-2.6,0.1,0.045,8326.0,1.5,11.0,1.2,1.5,0.007,9.18,-0.73,3.38,10.5,5.3,0.0108,67,173,-71,111,167.2,669,-348,321,4.2,0.008536,99.3,13.7,1.88,0.63,0.38,0.3,-1,2000-10-13 05:00:00
2000,287,6,2282,71,71,15,15,14.8,13.4,80.5,71.4,0.7,2.1,13.2,7.9,10.7,2.6,5.6,1.4,4.2,3.4,235304.0,16.5,470.0,-2.6,-4.3,0.048,37596.0,2.6,4.0,1.3,1.7,0.009,7.26,-5.03,1.14,6.4,4.6,0.0286,30,173,-59,15,167.2,181,-91,91,1.7,0.008536,75.7,10.2,1.56,0.58,0.37,0.29,-1,2000-10-13 06:00:00
2000,287,7,2282,71,71,15,15,17.1,16.5,82.3,244.9,-0.9,-2.0,16.4,6.4,15.2,0.6,3.9,0.8,3.8,0.6,103670.0,22.5,467.0,-2.1,-3.5,0.041,10052.0,2.1,3.0,0.9,1.3,0.004,9.54,-7.1,0.74,6.5,5.1,0.0284,30,173,-51,15,167.2,102,-40,62,0.6,0.008536,52.8,6.81,1.18,0.5,0.33,0.25,-1,2000-10-13 07:00:00
2000,287,8,2282,71,71,15,15,17.3,17.1,80.1,109.1,-1.0,2.8,16.9,11.2,13.0,0.5,2.1,1.3,1.6,0.4,92257.0,20.9,467.0,-4.0,-2.5,0.037,8081.0,1.3,3.0,0.4,0.7,0.006,8.74,-6.07,0.64,6.2,5.0,0.0312,30,173,-52,15,167.2,66,-25,41,0.9,0.008536,34.7,4.81,0.98,0.48,0.33,0.25,-1,2000-10-13 08:00:00
2000,287,9,2282,71,71,15,15,18.0,17.3,80.3,65.9,1.2,2.7,17.0,11.4,12.9,0.7,4.6,2.2,3.6,1.9,68856.0,25.2,459.0,-2.7,0.2,0.03,9677.0,1.7,7.0,1.5,1.7,0.006,9.93,-5.92,0.64,6.4,5.1,0.029,23,173,-42,9,167.2,101,-41,61,1.0,0.008536,31.7,4.25,0.9,0.47,0.34,0.25,-1,2000-10-13 09:00:00
2000,287,10,2282,71,71,15,15,17.7,17.5,88.1,290.2,0.2,-0.5,17.5,9.0,15.0,1.2,2.5,1.6,1.4,1.3,57719.0,27.3,450.0,-0.9,-1.5,0.03,8734.0,3.1,3.0,0.4,1.7,0.003,10.34,-6.75,0.67,6.6,5.3,0.027,23,173,-30,9,167.2,84,-30,54,0.5,0.008536,25.6,3.31,0.85,0.48,0.37,0.29,-1,2000-10-13 10:00:00
2000,287,11,2282,71,71,14,14,14.4,14.2,65.9,283.4,1.3,-5.7,13.0,2.1,14.0,0.9,2.3,1.3,1.3,1.4,90527.0,24.3,453.0,1.5,-4.6,0.034,8191.0,1.5,4.0,0.7,0.3,0.008,9.46,-6.34,1.07,7.8,5.6,0.0198,23,173,-20,9,167.2,71,-25,46,0.5,0.008536,13.9,2.12,0.72,0.46,0.36,0.28,-1,2000-10-13 11:00:00
2000,287,12,2282,71,71,15,15,11.9,11.7,57.4,278.5,0.9,-6.3,9.9,-0.3,11.7,1.6,2.1,0.8,1.6,1.2,95998.0,25.7,446.0,0.2,-4.8,0.032,11368.0,3.7,3.0,1.4,0.2,0.004,9.63,-5.22,1.69,9.5,6.1,0.0132,40,173,-11,27,167.2,121,-53,68,0.3,0.008536,15.7,2.25,0.71,0.45,0.34,0.26,-1,2000-10-13 12:00:00
2000,287,13,2282,71,71,15,15,14.5,14.0,-1.1,270.0,0.0,-14.0,-0.3,-12.3,6.6,0.3,3.4,0.9,1.1,3.1,48097.0,22.0,439.0,0.0,-1.2,0.032,3054.0,2.2,4.0,1.1,1.2,0.006,7.99,-2.9,0.77,7.1,5.5,0.0236,40,173,-8,27,167.2,89,-30,59,0.6,0.008536,8.74,1.55,0.63,0.43,0.33,0.25,-1,2000-10-13 13:00:00
2000,287,14,2282,71,71,15,15,13.2,12.7,-14.6,277.3,1.6,-12.2,-3.2,-12.3,2.8,1.1,3.2,1.7,1.4,2.4,40709.0,20.3,439.0,0.3,0.3,0.033,2332.0,2.2,4.0,0.7,0.9,0.005,7.4,-1.23,0.82,7.5,5.7,0.0212,40,173,-7,27,167.2,103,-47,56,2.0,0.008536,4.8,1.19,0.61,0.45,0.37,0.29,-1,2000-10-13 14:00:00
2000,287,15,2282,71,71,15,15,9.6,9.2,-25.0,272.9,0.4,-8.3,-3.9,-9.2,0.0,1.4,2.8,1.5,1.4,1.8,43228.0,23.2,436.0,-0.9,3.0,0.037,3800.0,3.0,2.0,1.4,0.6,0.006,8.46,-0.0,1.8,10.9,6.8,0.0099,40,173,-13,27,167.2,130,-63,67,1.7,0.008536,5.35,1.26,0.61,0.44,0.36,0.28,-1,2000-10-13 15:00:00
2000,287,16,2282,71,71,14,14,10.1,7.6,18.9,217.7,-5.7,-4.4,2.4,-3.2,3.9,1.0,6.6,3.1,4.6,3.5,60029.0,21.4,422.0,0.5,1.1,0.034,17659.0,4.6,10.0,1.4,0.7,0.005,7.23,-1.65,1.64,9.7,6.2,0.0127,40,173,-23,27,167.2,183,-93,91,0.7,0.008536,5.65,1.28,0.61,0.44,0.36,0.28,-1,2000-10-13 16:00:00
2000,287,17,2282,71,71,16,16,11.8,10.7,7.2,117.7,-4.9,9.4,1.3,9.3,-1.9,0.8,5.0,2.5,3.7,2.3,36036.0,11.1,419.0,-0.2,1.5,0.043,22699.0,5.6,7.0,0.8,0.6,0.01,3.81,0.8,0.55,5.9,4.9,0.034,40,173,-23,27,167.2,230,-98,133,1.2,0.008536,5.26,1.22,0.62,0.47,0.38,0.3,-1,2000-10-13 17:00:00
2000,287,18,2282,71,71,14,14,12.3,12.2,9.3,118.3,-5.7,10.6,2.0,10.7,-1.2,0.3,1.4,0.6,0.6,1.1,14468.0,5.7,419.0,-0.3,1.6,0.07,1410.0,1.1,2.0,0.3,0.4,0.009,2.14,0.5,0.22,4.1,3.7,0.0719,30,173,-24,15,167.2,517,-327,190,1.7,0.008536,5.24,1.18,0.58,0.43,0.35,0.27,-1,2000-10-13 18:00:00
2000,287,19,2282,71,71,16,16,12.6,12.5,11.9,125.5,-7.1,9.9,2.6,10.2,0.0,0.3,1.8,1.4,0.5,1.0,13204.0,5.2,419.0,-0.5,1.1,0.073,1450.0,0.4,2.0,0.5,0.2,0.009,1.97,-0.0,0.19,3.8,3.5,0.0827,30,173,-32,15,167.2,357,-258,99,1.2,0.008536,3.9,1.06,0.58,0.45,0.37,0.29,-1,2000-10-13 19:00:00
2000,287,20,2282,71,71,14,14,12.1,12.0,12.2,110.2,-4.1,11.0,2.5,11.3,-0.1,0.2,1.2,0.9,0.4,0.6,12059.0,5.2,416.0,-0.6,1.1,0.075,1109.0,0.5,5.0,0.4,0.4,0.007,1.95,0.04,0.21,3.9,3.6,0.0774,30,173,-34,15,167.2,181,-107,75,1.1,0.008536,3.14,0.92,0.52,0.39,0.32,0.25,-1,2000-10-13 20:00:00
2000,287,21,2282,71,71,15,15,12.3,12.3,-0.1,105.6,-3.3,11.8,0.0,11.5,-2.4,0.1,0.8,0.6,0.1,0.5,11166.0,3.9,406.0,0.2,0.6,0.072,623.0,0.6,3.0,0.2,0.2,0.009,1.38,0.97,0.15,3.3,3.1,0.112,17,173,-40,6,167.2,248,-146,102,1.8,0.008536,2.85,0.92,0.56,0.45,0.37,0.29,-1,2000-10-13 21:00:00
2000,287,22,2282,71,71,15,15,12.2,12.2,-4.9,105.6,-3.3,11.7,-1.0,11.3,-3.3,0.2,0.4,0.2,0.1,0.2,13117.0,3.5,405.0,0.8,0.2,0.071,1456.0,0.4,2.0,0.3,0.3,0.007,1.23,1.34,0.14,3.1,2.9,0.1233,17,173,-44,6,167.2,320,-178,142,2.7,0.008536,2.63,0.84,0.54,0.44,0.38,0.29,-1,2000-10-13 22:00:00
2000,287,23,2282,71,71,15,15,12.3,12.3,-8.4,107.9,-3.7,11.6,-1.8,11.0,-4.1,0.1,0.6,0.4,0.1,0.4,8062.0,3.1,401.0,-0.2,-0.5,0.071,629.0,0.3,3.0,0.6,0.2,0.006,1.07,1.64,0.12,2.9,2.7,0.1444,17,173,-51,6,167.2,329,-167,163,2.2,0.008536,2.62,0.83,0.52,0.43,0.35,0.27,-1,2000-10-13 23:00:00
2000,288,0,2282,71,71,15,15,11.9,11.9,-14.1,106.2,-3.2,11.1,-2.9,10.2,-5.3,0.2,0.6,0.5,0.1,0.3,6727.0,2.5,403.0,-0.2,-0.7,0.075,551.0,0.1,2.0,0.4,0.4,0.004,0.88,2.14,0.1,2.7,2.6,0.1659,37,148,-56,22,162.3,330,-230,100,1.8,0.008564,2.79,0.84,0.51,0.42,0.35,0.28,-1,2000-10-14 00:00:00
2000,288,1,2282,71,71,15,15,11.8,11.7,-18.7,114.2,-4.6,10.1,-3.8,8.8,-6.2,0.1,1.6,1.3,0.8,0.5,6009.0,3.0,401.0,0.3,-1.3,0.065,507.0,1.3,5.0,0.9,0.7,0.012,1.02,2.49,0.12,2.9,2.8,0.1373,37,148,-57,22,162.3,429,-322,107,2.5,0.008564,3.08,0.88,0.53,0.43,0.37,0.28,-1,2000-10-14 01:00:00
2000,288,2,2282,71,71,15,15,11.9,11.9,-28.2,122.2,-5.6,8.9,-5.6,6.9,-7.9,0.1,0.6,0.4,0.2,0.5,5729.0,2.7,404.0,-0.1,-1.0,0.061,788.0,0.4,3.0,0.9,0.5,0.004,0.92,3.19,0.11,2.8,2.7,0.1529,37,148,-52,22,162.3,547,-358,190,4.0,0.008564,2.52,0.81,0.5,0.41,0.34,0.25,-1,2000-10-14 02:00:00
2000,288,3,2282,71,71,15,15,12.0,11.9,-31.2,116.5,-4.5,9.1,-6.2,6.6,-8.8,0.1,0.9,0.7,0.5,0.3,5431.0,3.3,401.0,-0.9,-1.3,0.054,632.0,0.8,5.0,0.7,0.3,0.005,1.08,3.53,0.13,3.0,2.9,0.1291,47,148,-57,39,162.3,526,-348,178,3.5,0.008564,2.28,0.9,0.61,0.52,0.44,0.35,-1,2000-10-14 03:00:00
2000,288,4,2282,71,71,14,14,12.0,11.9,-35.5,108.1,-3.0,9.2,-6.9,6.0,-9.8,0.2,0.9,0.5,0.4,0.7,5747.0,4.7,385.0,0.7,-1.3,0.058,617.0,0.3,3.0,0.3,0.7,0.009,1.43,3.77,0.18,3.5,3.2,0.0983,47,148,-65,39,162.3,832,-556,276,4.7,0.008564,2.47,0.8,0.49,0.4,0.33,0.26,-1,2000-10-14 04:00:00
2000,288,5,2282,71,71,15,15,12.1,12.1,-42.9,107.7,-2.7,8.5,-8.2,4.3,-11.0,0.1,0.5,0.5,0.2,0.2,4538.0,4.2,376.0,-0.6,-2.5,0.051,237.0,0.3,4.0,0.4,0.2,0.005,1.19,4.14,0.16,3.2,3.0,0.1173,47,148,-83,39,162.3,776,-553,222,4.0,0.008564,2.6,0.86,0.54,0.44,0.37,0.29,-1,2000-10-14 05:00:00
2000,288,6,2282,71,71,15,15,11.5,11.4,-46.8,111.1,-2.8,7.3,-8.3,2.7,-10.7,0.4,1.2,0.6,1.0,0.4,15577.0,4.5,376.0,-1.5,-0.8,0.051,9878.0,0.6,5.0,1.6,1.7,0.01,1.28,4.02,0.2,3.5,3.2,0.0989,57,148,-96,67,162.3,663,-478,185,3.5,0.008564,2.82,0.86,0.53,0.44,0.38,0.3,-1,2000-10-14 06:00:00
2000,288,7,2282,71,71,15,15,10.6,10.4,-43.3,141.5,-5.9,4.7,-7.1,0.6,-8.5,0.3,1.7,1.2,1.0,0.6,47835.0,7.3,386.0,-4.5,2.8,0.09,5025.0,1.1,7.0,1.1,0.9,0.018,2.47,3.28,0.48,4.9,4.1,0.0491,57,148,-87,67,162.3,790,-642,148,5.5,0.008564,2.82,0.86,0.53,0.43,0.36,0.27,-1,2000-10-14 07:00:00
2000,288,8,2282,71,71,16,16,12.0,11.8,-47.1,153.8,-7.2,3.6,-8.7,-1.4,-9.3,0.3,1.5,0.6,1.1,0.9,24692.0,5.4,398.0,-5.3,-0.0,0.07,15000.0,0.6,9.0,0.8,1.7,0.01,1.83,3.7,0.24,3.9,3.5,0.0801,57,148,-96,67,162.3,641,-475,166,3.9,0.008564,999999.99,99999.99,99999.99,99999.99,99999.99,99999.99,0,2000-10-14 08:00:00
2000,288,9,2282,71,71,15,15,12.5,12.2,-37.3,143.9,-7.8,5.7,-7.4,0.9,-9.3,0.3,2.4,1.2,1.3,1.6,27193.0,4.7,404.0,-3.8,1.9,0.07,13779.0,1.5,7.0,1.9,1.9,0.013,1.64,3.76,0.19,3.5,3.2,0.0969,50,148,-99,48,162.3,480,-394,86,2.7,0.008564,2.87,0.89,0.52,0.42,0.34,0.27,-1,2000-10-14 09:00:00
2000,288,10,2282,71,71,14,14,11.8,11.3,-68.2,157.6,-3.9,1.6,-10.5,-4.3,-9.7,0.5,3.4,2.3,2.0,1.4,20703.0,9.3,397.0,-7.6,-3.8,0.068,4735.0,2.8,6.0,1.0,0.8,0.011,3.11,3.85,0.41,5.1,4.4,0.0452,50,148,-80,48,162.3,853,-624,229,6.2,0.008564,2.84,0.84,0.52,0.43,0.37,0.29,-1,2000-10-14 10:00:00
2000,288,11,2282,71,71,17,17,12.5,12.2,-65.8,135.8,-3.6,3.5,-11.1,-2.9,-11.3,0.2,2.6,1.6,1.9,0.7,31727.0,4.4,411.0,-4.8,-2.8,0.069,4126.0,0.5,7.0,0.9,0.9,0.014,1.58,4.64,0.19,3.4,3.2,0.1,50,148,-87,48,162.3,490,-350,140,3.3,0.008564,2.3,0.81,0.55,0.47,0.4,0.32,-1,2000-10-14 11:00:00
2000,288,12,2282,71,71,15,15,12.9,12.9,-56.4,141.6,-5.6,4.4,-10.7,-1.8,-11.4,0.2,0.6,0.4,0.3,0.3,27572.0,5.1,420.0,-4.5,-1.7,0.08,7664.0,1.0,2.0,0.7,0.5,0.011,1.98,4.79,0.2,3.7,3.4,0.088,50,148,-92,48,162.3,502,-349,154,3.5,0.008564,2.13,0.73,0.49,0.42,0.36,0.28,-1,2000-10-14 12:00:00
2000,288,13,2282,71,71,14,14,13.1,12.8,-60.9,145.3,-5.1,3.5,-11.2,-2.4,-11.5,0.1,2.7,1.7,1.7,1.3,20495.0,6.1,426.0,-3.5,-1.1,0.065,7839.0,0.6,7.0,1.1,1.0,0.016,2.33,4.9,0.22,4.0,3.7,0.0738,50,148,-92,48,162.3,657,-547,109,4.5,0.008564,2.06,0.72,0.48,0.4,0.34,0.26,-1,2000-10-14 13:00:00
2000,288,14,2282,71,71,14,14,13.1,12.3,-44.5,147.9,-7.4,4.7,-8.6,0.2,-9.8,0.5,4.1,1.9,1.7,3.3,42363.0,5.3,413.0,-5.4,-4.3,0.071,30070.0,1.5,8.0,0.5,3.3,0.019,1.94,4.05,0.22,3.6,3.3,0.0903,50,148,-106,48,162.3,840,-688,152,4.4,0.008564,1.92,0.7,0.49,0.41,0.36,0.28,-1,2000-10-14 14:00:00
2000,288,15,2282,71,71,15,15,12.7,12.6,-70.8,259.9,-0.7,-4.1,-11.9,-8.7,-9.1,0.3,1.4,0.9,0.8,0.6,23868.0,5.9,376.0,-6.8,4.3,0.053,2838.0,1.0,3.0,0.7,0.7,0.012,1.69,3.42,0.23,3.6,3.3,0.092,53,148,-100,56,162.3,895,-659,236,3.5,0.008564,3.22,0.86,0.5,0.4,0.33,0.26,-1,2000-10-14 15:00:00
2000,288,16,2282,71,71,16,16,13.6,13.5,-78.1,253.3,-0.8,-2.7,-13.2,-7.5,-11.2,0.4,0.9,0.3,0.8,0.5,24816.0,3.6,387.0,-6.4,4.4,0.037,3100.0,1.1,8.0,1.2,0.7,0.007,1.03,4.33,0.12,2.7,2.6,0.1632,53,148,-105,56,162.3,835,-592,243,3.6,0.008564,4.98,1.09,0.55,0.42,0.35,0.28,-1,2000-10-14 16:00:00
2000,288,17,2282,71,71,16,16,13.5,12.2,-67.0,164.9,-4.6,1.2,-11.3,-2.6,-11.1,0.2,5.4,3.8,3.0,2.3,53351.0,3.2,402.0,-4.9,0.4,0.04,17941.0,0.6,8.0,1.2,2.2,0.017,1.0,4.46,0.13,2.7,2.5,0.1677,53,148,-91,56,162.3,913,-659,254,5.1,0.008564,3.48,0.88,0.52,0.42,0.35,0.26,-1,2000-10-14 17:00:00
2000,288,18,2282,71,71,15,15,11.6,7.3,1.4,310.0,4.7,-5.6,0.2,-5.3,1.8,0.7,8.7,3.9,3.7,6.9,103516.0,7.8,433.0,-2.3,-2.3,0.093,17226.0,1.4,6.0,1.7,1.3,0.036,3.35,-0.78,0.56,5.2,4.3,0.0438,43,148,-81,32,162.3,800,-501,298,4.2,0.008564,2.08,0.68,0.47,0.4,0.34,0.28,-1,2000-10-14 18:00:00
2000,288,19,2282,71,71,15,15,11.3,10.8,25.2,308.9,6.1,-7.6,4.6,-6.2,6.4,1.1,2.6,1.2,1.9,1.3,97258.0,8.3,437.0,-1.1,0.6,0.077,12827.0,2.0,7.0,1.4,0.8,0.015,3.46,-2.8,0.61,5.6,4.5,0.0383,43,148,-73,32,162.3,185,-31,153,0.3,0.008564,2.0,0.72,0.51,0.44,0.37,0.28,-1,2000-10-14 19:00:00
2000,288,20,2282,71,71,16,16,11.8,11.5,-1.3,318.1,8.5,-7.6,-0.3,-7.5,1.4,1.2,2.5,0.8,1.6,1.7,129210.0,6.0,443.0,-1.1,-0.5,0.08,34659.0,1.5,10.0,1.0,1.6,0.019,2.6,-0.62,0.46,4.6,3.9,0.0563,43,148,-67,32,162.3,91,-17,74,0.7,0.008564,2.12,0.7,0.48,0.41,0.34,0.26,-1,2000-10-14 20:00:00
2000,288,21,2282,71,71,15,15,9.3,7.7,-35.1,345.7,6.1,-1.6,-4.4,-2.5,-4.0,0.5,4.7,1.7,3.3,2.8,215831.0,8.0,464.0,1.8,-0.4,0.065,10777.0,1.0,8.0,1.5,2.7,0.018,3.62,1.86,1.32,7.1,4.8,0.0239,50,148,-67,48,162.3,297,-138,159,2.5,0.008564,1.82,0.67,0.48,0.41,0.35,0.28,-1,2000-10-14 21:00:00
2000,288,22,2282,71,71,15,15,10.3,9.1,-20.4,316.0,6.2,-5.9,-3.2,-6.4,-2.0,0.3,4.0,2.4,1.0,3.1,196103.0,7.5,464.0,0.4,1.8,0.064,17273.0,1.0,10.0,0.6,1.6,0.013,3.39,0.93,0.95,6.2,4.6,0.0313,50,148,-69,48,162.3,513,-363,150,3.1,0.008564,1.7,0.67,0.49,0.43,0.36,0.26,-1,2000-10-14 22:00:00
2000,288,23,2282,71,71,15,15,11.8,11.5,2.6,319.6,8.8,-7.5,0.5,-7.2,2.0,0.6,2.3,0.6,1.2,1.9,118881.0,6.0,459.0,1.3,1.7,0.06,20046.0,0.4,5.0,0.5,1.1,0.012,2.62,-0.92,0.44,4.8,4.1,0.0524,50,148,-61,48,162.3,334,-208,126,2.2,0.008564,1.71,0.7,0.51,0.44,0.37,0.27,-1,2000-10-14 23:00:00
2000,289,0,2282,71,71,15,15,12.0,11.8,21.6,315.8,7.8,-7.6,4.3,-6.5,5.9,0.1,2.3,0.6,0.6,2.1,109097.0,6.2,467.0,2.1,3.4,0.039,6355.0,0.5,4.0,0.8,1.0,0.004,2.61,-2.76,0.43,4.8,4.1,0.0507,20,118,-48,7,160.1,76,-8,68,0.1,0.008623,1.65,0.66,0.48,0.42,0.35,0.27,-1,2000-10-15 00:00:00
2000,289,1,2282,71,71,16,16,11.6,10.2,3.0,311.0,6.7,-7.7,0.5,-7.3,2.4,0.4,4.8,0.8,1.0,4.6,194201.0,5.2,495.0,3.6,0.9,0.046,38809.0,0.8,16.0,1.0,1.7,0.014,2.52,-1.19,0.52,4.9,4.0,0.0502,20,118,-41,7,160.1,93,-10,83,0.3,0.008623,1.57,0.64,0.47,0.41,0.34,0.27,-1,2000-10-15 01:00:00
2000,289,2,2282,71,71,15,15,10.6,9.8,9.4,306.5,5.8,-7.8,1.6,-7.0,3.7,0.4,3.2,1.1,0.8,2.9,251960.0,5.2,517.0,5.3,1.1,0.059,29798.0,0.5,9.0,0.9,2.3,0.026,2.87,-1.91,0.73,5.6,4.4,0.0385,20,118,-42,7,160.1,69,-8,61,0.1,0.008623,1.43,0.6,0.46,0.41,0.34,0.26,-1,2000-10-15 02:00:00
2000,289,3,2282,71,71,16,16,9.8,8.0,-3.8,315.9,5.7,-5.5,-0.5,-5.4,1.3,0.3,4.9,1.8,2.1,4.0,291822.0,5.2,512.0,5.7,-0.1,0.062,32646.0,0.7,11.0,1.4,2.6,0.019,2.84,-0.67,0.95,6.0,4.4,0.0335,30,118,-44,15,160.1,125,-45,80,0.6,0.008623,1.53,0.63,0.49,0.43,0.38,0.3,-1,2000-10-15 03:00:00
2000,289,4,2282,71,71,14,14,9.9,8.2,15.6,309.3,5.0,-6.1,2.2,-4.8,4.3,0.3,4.8,2.3,1.9,3.7,273175.0,5.0,509.0,4.6,0.8,0.059,22806.0,0.5,18.0,2.2,2.5,0.016,2.67,-2.19,0.85,5.7,4.4,0.036,30,118,-45,15,160.1,57,-18,40,-0.0,0.008623,1.56,0.64,0.51,0.46,0.39,0.3,-1,2000-10-15 04:00:00
2000,289,5,2282,71,71,15,15,10.2,8.7,28.7,298.8,3.7,-6.7,4.2,-4.3,6.6,0.2,4.6,2.2,1.7,3.7,244767.0,5.1,518.0,3.9,2.8,0.041,10657.0,0.4,20.0,2.2,2.5,0.01,2.66,-3.42,0.76,5.7,4.5,0.0362,30,118,-43,15,160.1,122,-63,59,0.1,0.008623,2.32,1.37,1.22,1.16,1.08,0.63,-1,2000-10-15 05:00:00
2000,289,6,2282,71,71,15,15,10.4,9.3,13.8,283.0,2.0,-8.8,2.2,-6.8,6.0,0.3,3.5,2.6,1.3,2.1,241769.0,5.0,527.0,1.4,1.4,0.035,19052.0,0.5,22.0,1.5,2.0,0.008,2.64,-3.16,0.71,5.7,4.5,0.0371,17,118,-41,6,160.1,57,-14,43,0.1,0.008623,1.65,0.63,0.49,0.44,0.38,0.29,-1,2000-10-15 06:00:00
2000,289,7,2282,71,71,16,16,10.4,9.5,20.9,307.2,5.4,-7.1,3.4,-4.5,6.5,0.4,3.7,2.7,2.0,1.4,199796.0,4.9,496.0,2.3,1.6,0.028,19296.0,0.5,21.0,1.9,1.5,0.005,2.24,-3.22,0.62,5.3,4.3,0.0427,17,118,-40,6,160.1,39,-4,35,-0.2,0.008623,1.63,0.63,0.49,0.44,0.37,0.29,-1,2000-10-15 07:00:00
2000,289,8,2282,71,71,14,14,10.3,9.6,19.5,283.0,2.0,-8.8,3.2,-5.9,7.3,0.3,3.0,2.3,1.3,1.5,196461.0,4.3,521.0,-0.3,2.4,0.027,17385.0,0.4,23.0,1.4,1.6,0.007,2.16,-3.8,0.55,5.2,4.3,0.0432,17,118,-39,6,160.1,34,-10,24,-0.4,0.008623,999999.99,99999.99,99999.99,99999.99,99999.99,99999.99,0,2000-10-15 08:00:00
2000,289,9,2282,71,71,16,16,8.7,7.9,23.9,319.7,5.5,-4.7,3.2,-2.3,5.2,0.4,3.2,1.4,2.2,1.9,157533.0,4.1,494.0,1.9,1.2,0.029,12274.0,0.5,17.0,3.1,1.5,0.004,1.86,-2.57,0.64,5.7,4.6,0.036,17,118,-36,6,160.1,42,-20,22,-0.3,0.008623,2.21,0.58,0.43,0.38,0.33,0.26,-1,2000-10-15 09:00:00
2000,289,10,2282,71,71,14,14,7.3,5.6,24.5,332.6,4.5,-2.3,2.3,-0.7,3.2,0.3,4.2,1.4,3.9,0.8,170884.0,3.5,520.0,1.0,0.9,0.031,6901.0,0.2,15.0,3.8,0.8,0.003,1.78,-1.66,0.82,6.7,5.1,0.0268,17,118,-34,6,160.1,51,-24,28,-0.2,0.008623,2.23,0.62,0.49,0.44,0.37,0.28,-1,2000-10-15 10:00:00
2000,289,11,2282,71,71,15,15,7.1,6.1,14.5,357.3,5.9,-0.3,1.5,0.5,1.4,0.2,3.3,0.9,3.0,0.9,165156.0,3.1,508.0,2.3,0.0,0.028,5234.0,0.2,8.0,3.1,1.1,0.002,1.49,-0.71,0.75,6.3,4.9,0.03,17,118,-34,6,160.1,55,-24,31,-0.2,0.008623,2.16,0.63,0.5,0.45,0.39,0.3,-1,2000-10-15 11:00:00
2000,289,12,2282,71,71,15,15,7.4,5.8,-1.3,335.0,5.2,-2.5,-0.1,-2.2,1.2,0.1,4.3,1.5,3.9,0.6,180306.0,3.2,515.0,0.2,-0.9,0.03,10941.0,0.2,12.0,3.3,1.0,0.002,1.59,-0.62,0.75,6.2,4.8,0.0307,20,118,-34,7,160.1,77,-26,50,-0.0,0.008623,2.13,0.58,0.45,0.4,0.34,0.26,-1,2000-10-15 12:00:00
2000,289,13,2282,71,71,15,15,7.2,6.4,14.0,337.4,5.7,-2.4,1.6,-1.3,2.6,0.1,2.8,1.2,2.2,1.2,169487.0,3.5,502.0,0.8,0.5,0.029,9690.0,0.4,12.0,2.0,1.3,0.004,1.64,-1.31,0.84,6.5,5.0,0.028,20,118,-34,7,160.1,198,-125,73,1.0,0.008623,1.93,0.64,0.52,0.47,0.41,0.31,-1,2000-10-15 13:00:00
2000,289,14,2282,71,71,16,16,7.7,7.2,10.0,301.6,3.7,-6.0,1.2,-4.8,3.8,0.1,2.3,1.5,1.0,1.4,172563.0,3.8,519.0,-1.9,0.6,0.027,5690.0,0.2,13.0,1.0,1.3,0.002,1.89,-1.97,0.8,6.6,5.0,0.0276,20,118,-33,7,160.1,145,-95,50,0.5,0.008623,1.88,0.63,0.5,0.45,0.4,0.31,-1,2000-10-15 14:00:00
2000,289,15,2282,71,71,15,15,8.1,7.6,9.1,285.0,1.9,-7.2,1.2,-6.0,4.1,0.2,2.2,1.6,1.0,1.2,167085.0,3.8,532.0,-2.5,0.7,0.028,12663.0,0.3,12.0,0.7,0.8,0.003,2.0,-2.18,0.71,6.4,5.0,0.029,17,118,-30,6,160.1,104,-78,26,0.8,0.008623,1.74,0.58,0.48,0.44,0.38,0.28,-1,2000-10-15 15:00:00
2000,289,16,2282,71,71,14,14,8.0,6.6,1.1,312.1,4.4,-4.9,0.1,-4.5,1.9,0.2,4.0,2.3,2.6,2.0,166061.0,3.8,509.0,-0.9,-0.7,0.028,12708.0,0.3,19.0,2.0,2.3,0.003,1.83,-0.97,0.73,6.2,4.9,0.0309,17,118,-27,6,160.1,67,-39,28,1.2,0.008623,1.84,0.54,0.45,0.41,0.34,0.27,-1,2000-10-15 16:00:00
2000,289,17,2282,71,71,15,15,8.3,7.5,-3.6,326.3,6.3,-4.2,-0.5,-4.1,0.9,0.3,3.0,0.5,2.1,2.0,168495.0,3.9,494.0,-0.0,-2.0,0.035,12483.0,0.3,8.0,1.7,2.0,0.005,1.81,-0.44,0.7,5.9,4.6,0.0344,17,118,-26,6,160.1,159,-111,48,1.4,0.008623,1.79,0.53,0.44,0.4,0.34,0.26,-1,2000-10-15 17:00:00
2000,289,18,2282,71,71,14,14,8.5,7.8,9.8,320.4,5.9,-4.9,1.3,-4.3,2.7,0.0,2.6,1.4,1.6,1.5,157619.0,4.0,491.0,-0.3,-0.0,0.032,12581.0,0.4,12.0,1.6,1.5,0.006,1.82,-1.33,0.66,5.8,4.6,0.0356,20,118,-24,7,160.1,71,-25,46,0.0,0.008623,1.69,0.54,0.45,0.41,0.35,0.28,-1,2000-10-15 18:00:00
2000,289,19,2282,71,71,15,15,8.4,7.7,-1.1,311.1,5.1,-5.8,-0.1,-5.6,1.4,0.1,2.6,0.9,0.9,2.3,169821.0,4.0,499.0,-1.7,-1.6,0.032,11312.0,0.4,8.0,0.8,1.7,0.006,1.88,-0.7,0.7,5.9,4.7,0.0337,20,118,-17,7,160.1,79,-35,44,1.1,0.008623,1.62,0.55,0.46,0.41,0.37,0.29,-1,2000-10-15 19:00:00
2000,289,20,2282,71,71,15,15,8.5,7.5,-7.9,306.1,4.4,-6.0,-1.0,-6.1,0.4,0.1,3.3,1.0,1.1,3.0,174177.0,3.9,504.0,-2.4,-2.0,0.035,14902.0,0.5,9.0,0.9,2.6,0.008,1.89,-0.2,0.68,5.9,4.6,0.0347,20,118,-17,7,160.1,133,-74,59,1.6,0.008623,1.49,0.54,0.44,0.4,0.34,0.27,-1,2000-10-15 20:00:00
2000,289,21,2282,71,71,15,15,8.8,7.9,-6.1,307.9,4.8,-6.2,-0.8,-6.2,0.5,0.2,2.9,0.8,1.2,2.5,183015.0,4.3,502.0,-2.5,-2.0,0.037,9782.0,0.4,8.0,0.9,2.2,0.004,2.08,-0.25,0.72,5.9,4.6,0.034,20,118,-20,7,160.1,150,-72,77,1.5,0.008623,1.41,0.54,0.45,0.42,0.35,0.27,-1,2000-10-15 21:00:00
2000,289,22,2282,71,71,15,15,9.5,8.0,5.9,312.8,5.4,-5.8,0.8,-5.5,1.9,0.1,4.5,1.7,1.7,3.8,191974.0,4.8,501.0,-1.3,-1.1,0.035,15506.0,0.5,13.0,1.8,3.3,0.005,2.29,-0.95,0.71,5.8,4.5,0.0356,20,118,-22,7,160.1,144,-49,95,0.9,0.008623,1.55,0.55,0.46,0.42,0.37,0.29,-1,2000-10-15 22:00:00
2000,289,23,2282,71,71,16,16,9.7,8.2,0.2,303.2,4.5,-6.9,0.0,-6.8,1.4,0.3,4.4,2.2,1.8,3.4,199381.0,4.4,509.0,-2.8,-2.5,0.037,22513.0,0.6,20.0,1.8,2.9,0.015,2.19,-0.71,0.64,5.5,4.4,0.0393,20,118,-21,7,160.1,114,-29,85,0.7,0.008623,1.6,0.58,0.5,0.46,0.4,0.31,-1,2000-10-15 23:00:00
2000,290,0,2282,71,71,15,15,8.9,3.7,-51.9,46.3,1.6,1.6,-2.9,0.9,-3.2,0.4,7.5,2.9,5.1,4.6,287851.0,4.3,554.0,2.3,-1.8,0.063,26984.0,0.7,12.0,1.8,1.3,0.016,2.76,1.77,0.94,6.5,4.8,0.0286,43,131,-21,32,159.8,239,-132,107,1.6,0.008674,1.38,0.54,0.45,0.41,0.36,0.28,-1,2000-10-16 00:00:00
2000,290,1,2282,71,71,15,15,7.0,4.3,-11.1,72.2,1.3,4.0,-0.8,3.7,-1.7,0.9,4.7,2.0,3.0,3.1,362919.0,4.0,569.0,2.3,0.1,0.061,17968.0,0.3,11.0,0.9,0.7,0.014,2.69,0.97,1.67,8.1,5.2,0.018,43,131,-37,32,159.8,533,-388,145,5.1,0.008674,1.42,0.55,0.46,0.42,0.36,0.26,-1,2000-10-16 01:00:00
2000,290,2,2282,71,71,15,15,6.2,3.6,-3.0,11.0,3.5,0.7,-0.2,0.6,-0.4,0.4,4.6,2.2,3.3,2.4,365596.0,3.1,575.0,1.8,-1.9,0.039,17416.0,0.4,7.0,1.9,1.1,0.006,1.98,0.23,1.66,8.2,5.2,0.0178,43,131,-40,32,159.8,300,-145,155,2.3,0.008674,1.25,0.51,0.42,0.39,0.34,0.26,-1,2000-10-16 02:00:00
2000,290,3,2282,71,71,15,15,7.0,6.3,4.3,298.3,3.0,-5.5,0.5,-5.0,2.2,0.3,2.6,1.5,1.1,1.8,319545.0,3.0,585.0,-1.1,-1.1,0.043,10778.0,0.3,8.0,0.5,1.2,0.005,2.01,-1.29,1.14,7.2,5.1,0.0227,20,131,-36,7,159.8,89,-12,77,0.2,0.008674,1.19,0.52,0.44,0.41,0.35,0.27,-1,2000-10-16 03:00:00
2000,290,4,2282,71,71,15,15,6.5,5.2,15.5,303.3,2.7,-4.2,1.4,-3.4,2.9,0.2,3.5,2.4,2.1,1.4,299596.0,3.0,584.0,0.1,-0.7,0.037,14059.0,0.3,16.0,1.5,1.0,0.005,1.96,-1.69,1.26,7.8,5.4,0.0196,20,131,-33,7,159.8,54,-11,43,-0.0,0.008674,1.15,0.5,0.43,0.4,0.34,0.26,-1,2000-10-16 04:00:00
2000,290,5,2282,71,71,15,15,6.0,5.1,7.3,347.9,4.9,-1.1,0.6,-0.8,1.0,0.1,2.6,0.7,2.1,1.4,281931.0,3.0,574.0,1.4,-2.0,0.035,18894.0,0.2,5.0,1.9,1.1,0.003,1.88,-0.57,1.42,8.3,5.5,0.0173,20,131,-35,7,159.8,53,-20,33,-0.1,0.008674,1.26,0.59,0.51,0.48,0.44,0.33,-1,2000-10-16 05:00:00
2000,290,6,2282,71,71,15,15,6.5,5.9,14.1,315.6,4.1,-4.0,1.4,-2.9,3.1,0.2,2.3,1.1,1.3,1.5,220576.0,2.9,582.0,-0.5,-1.1,0.033,10165.0,0.2,8.0,0.7,1.6,0.002,1.86,-1.8,1.0,7.6,5.6,0.0205,13,131,-36,5,159.8,36,-2,33,-0.1,0.008674,1.22,0.55,0.47,0.43,0.38,0.31,-1,2000-10-16 06:00:00
2000,290,7,2282,71,71,15,15,6.5,6.3,12.9,320.7,4.8,-3.9,1.4,-2.7,3.1,0.1,1.2,0.5,0.8,0.8,203074.0,2.9,577.0,-0.2,-0.7,0.036,13055.0,0.3,5.0,0.8,0.6,0.003,1.84,-1.79,0.95,7.6,5.6,0.0208,13,131,-36,5,159.8,44,-8,36,-0.2,0.008674,1.3,0.61,0.52,0.46,0.4,0.32,-1,2000-10-16 07:00:00
2000,290,8,2282,71,71,15,15,6.4,6.3,6.6,329.0,5.4,-3.2,0.7,-2.4,2.2,0.1,1.0,0.5,0.6,0.7,218386.0,2.9,568.0,0.3,-0.8,0.036,20715.0,0.4,3.0,0.6,0.8,0.003,1.79,-1.25,1.02,7.6,5.5,0.0208,13,131,-31,5,159.8,46,-14,32,-0.2,0.008674,1.45,0.9,0.79,0.7,0.52,0.35,-1,2000-10-16 08:00:00
2000,290,9,2282,71,71,15,15,6.5,6.0,13.8,334.1,5.3,-2.6,1.4,-1.5,2.6,0.1,1.9,0.9,1.3,1.1,214537.0,3.0,570.0,0.9,-0.5,0.038,15724.0,0.3,6.0,1.0,1.2,0.005,1.88,-1.48,1.01,7.6,5.5,0.0206,13,131,-29,5,159.8,71,-19,52,0.0,0.008674,999999.99,99999.99,99999.99,99999.99,99999.99,99999.99,0,2000-10-16 09:00:00
2000,290,10,2282,71,71,16,16,6.4,5.7,42.9,345.7,4.0,-1.0,3.9,1.2,3.8,0.1,2.7,1.4,1.8,1.4,192904.0,2.8,579.0,1.3,1.6,0.034,12693.0,0.2,10.0,1.5,1.0,0.002,1.78,-2.2,0.91,7.6,5.7,0.0208,13,131,-29,5,159.8,61,-18,43,-0.3,0.008674,16.0,14.9,10.8,6.57,2.22,0.74,-1,2000-10-16 10:00:00
2000,290,11,2282,71,71,14,14,6.4,6.1,45.0,5.3,4.3,0.4,4.3,2.6,3.4,0.3,1.5,0.9,1.1,0.6,176790.0,3.0,582.0,2.4,1.7,0.027,17023.0,0.2,7.0,0.9,0.5,0.002,1.88,-1.98,0.93,7.9,5.9,0.0192,13,131,-27,5,159.8,72,-23,50,-0.2,0.008674,24.1,22.0,15.3,8.91,2.5,0.98,-1,2000-10-16 11:00:00
2000,290,12,2282,71,71,15,15,6.1,5.2,49.7,77.4,0.7,3.3,4.0,4.9,1.7,0.2,3.1,2.5,0.9,1.5,178783.0,2.9,579.0,2.9,1.9,0.036,11353.0,0.2,8.0,0.7,0.7,0.005,1.86,-0.98,1.0,8.1,5.9,0.0182,17,131,-26,6,159.8,57,-18,39,0.2,0.008674,16.8,15.2,11.6,7.18,2.17,0.99,-1,2000-10-16 12:00:00
2000,290,13,2282,71,71,15,15,5.3,4.5,45.8,21.8,2.9,1.2,3.2,2.6,2.2,0.4,2.3,1.2,1.6,1.1,213597.0,2.9,567.0,1.4,2.1,0.052,31561.0,0.2,7.0,1.0,0.7,0.006,1.88,-1.25,1.47,9.1,6.0,0.0143,17,131,-26,6,159.8,137,-78,59,0.1,0.008674,25.2,21.9,15.3,8.56,2.08,0.83,-1,2000-10-16 13:00:00
2000,290,14,2282,71,71,15,15,5.8,5.5,34.2,24.4,4.2,1.9,3.1,3.1,1.9,0.1,1.2,0.7,0.6,0.8,187124.0,3.0,556.0,2.3,1.9,0.045,9406.0,0.2,6.0,0.5,0.6,0.005,1.83,-1.06,1.17,8.3,5.9,0.0173,17,131,-24,6,159.8,122,-78,44,0.3,0.008674,28.5,24.9,17.1,9.1,1.95,0.8,-1,2000-10-16 14:00:00
2000,290,15,2282,71,71,15,15,5.7,5.4,20.0,19.8,4.8,1.7,1.9,2.3,1.0,0.2,1.7,0.6,1.2,1.1,204618.0,2.8,552.0,2.2,1.0,0.046,15367.0,0.2,7.0,1.0,1.0,0.005,1.69,-0.55,1.19,8.1,5.7,0.0181,27,131,-22,12,159.8,106,-90,16,0.5,0.008674,38.6,32.4,20.6,9.73,1.93,0.75,-1,2000-10-16 15:00:00
2000,290,16,2282,71,71,15,15,5.6,5.3,6.1,28.8,4.6,2.5,0.6,2.5,-0.4,0.1,1.4,0.5,0.9,1.0,219649.0,2.6,551.0,1.9,0.5,0.051,15472.0,0.2,3.0,0.7,0.9,0.006,1.59,0.22,1.2,7.9,5.6,0.0189,27,131,-19,12,159.8,286,-230,56,1.4,0.008674,51.8,41.1,23.7,9.59,1.66,0.63,-1,2000-10-16 16:00:00
2000,290,17,2282,71,71,15,15,5.7,4.9,-5.3,10.4,4.8,0.9,-0.5,0.7,-0.8,0.2,2.8,0.4,2.6,0.9,221543.0,2.5,553.0,0.7,-0.1,0.05,22664.0,0.2,6.0,2.1,0.8,0.006,1.53,0.44,1.12,7.7,5.5,0.0202,27,131,-18,12,159.8,326,-274,52,1.4,0.008674,61.0,47.1,25.7,10.1,1.73,0.71,-1,2000-10-16 17:00:00
2000,290,18,2282,71,71,15,15,5.9,5.3,-0.4,13.1,5.2,1.2,0.0,1.2,-0.3,0.2,2.3,0.3,1.6,1.7,218123.0,2.5,548.0,0.9,0.2,0.043,26353.0,0.2,6.0,0.9,1.2,0.004,1.47,0.16,1.04,7.3,5.3,0.0221,20,131,-14,7,159.8,216,-167,49,1.9,0.008674,63.8,48.2,25.3,9.29,1.53,0.63,-1,2000-10-16 18:00:00
2000,290,19,2282,71,71,15,15,5.5,5.3,0.2,341.5,5.1,-1.7,0.0,-1.6,0.4,0.1,1.2,0.3,0.8,0.8,226080.0,2.5,540.0,-1.5,0.9,0.045,16555.0,0.2,3.0,0.8,0.6,0.004,1.44,-0.22,1.22,7.8,5.4,0.0197,20,131,-15,7,159.8,128,-81,47,0.5,0.008674,72.6,52.2,25.6,8.7,1.35,0.54,-1,2000-10-16 19:00:00
2000,290,20,2282,71,71,15,15,5.5,5.0,-1.2,8.6,4.9,0.8,-0.1,0.8,-0.3,0.2,2.2,0.5,2.1,0.6,214335.0,2.5,539.0,0.4,-0.5,0.047,15871.0,0.2,8.0,1.9,0.3,0.004,1.44,0.16,1.18,7.7,5.5,0.0198,20,131,-13,7,159.8,83,-38,45,0.8,0.008674,78.3,54.5,25.4,8.27,1.26,0.53,-1,2000-10-16 20:00:00
2000,290,21,2282,71,71,15,15,5.6,5.4,9.9,29.8,4.6,2.6,0.9,2.7,0.4,0.1,0.9,0.5,0.7,0.4,198557.0,2.6,548.0,2.0,-0.2,0.05,16408.0,0.2,7.0,0.8,0.4,0.008,1.56,-0.22,1.13,7.9,5.6,0.0191,20,131,-13,7,159.8,197,-141,57,1.1,0.008674,86.2,57.8,26.2,8.25,1.28,0.54,-1,2000-10-16 21:00:00
2000,290,22,2282,71,71,15,15,5.5,4.9,13.3,2.1,4.8,0.2,1.1,0.4,1.0,0.1,2.1,0.5,1.7,1.1,200315.0,2.8,537.0,0.1,0.5,0.047,16420.0,0.2,4.0,1.4,0.7,0.007,1.6,-0.54,1.27,8.2,5.6,0.0178,20,131,-12,7,159.8,147,-103,44,1.1,0.008674,88.4,57.9,25.3,7.65,1.12,0.47,-1,2000-10-16 22:00:00
2000,290,23,2282,71,71,15,15,5.2,4.9,-2.6,326.9,4.1,-2.7,-0.2,-2.7,0.3,0.1,1.3,0.4,0.7,1.1,208703.0,3.0,535.0,-1.9,-0.2,0.043,10574.0,0.2,4.0,0.6,0.8,0.008,1.68,-0.16,1.56,8.9,5.8,0.015,20,131,-13,7,159.8,98,-53,45,0.6,0.008674,88.8,55.7,23.6,7.15,1.15,0.54,-1,2000-10-16 23:00:00
2000,291,0,2282,71,71,15,15,5.0,3.5,-5.8,9.0,3.4,0.5,-0.4,0.4,-0.5,0.1,3.0,1.0,2.3,1.8,205218.0,3.3,542.0,0.9,-1.5,0.044,15970.0,0.3,9.0,1.9,1.8,0.005,1.9,0.27,1.83,9.8,6.1,0.0123,30,138,-12,15,153.0,80,-35,45,0.6,0.008655,90.3,54.7,22.5,6.7,1.05,0.46,-1,2000-10-17 00:00:00
2000,291,1,2282,71,71,15,15,5.5,4.1,-38.2,342.9,3.1,-0.9,-2.5,-1.5,-2.2,0.2,3.2,1.1,2.6,1.6,179010.0,3.2,546.0,-0.8,-3.0,0.046,10787.0,0.3,7.0,2.0,1.6,0.007,1.89,1.2,1.35,8.9,6.0,0.0151,30,138,-14,15,153.0,295,-214,81,1.8,0.008655,95.9,56.2,22.3,6.46,1.01,0.48,-1,2000-10-17 01:00:00
2000,291,2,2282,71,71,15,15,5.7,4.8,7.4,32.4,4.0,2.6,0.6,2.7,-0.1,0.2,2.7,0.5,1.5,2.1,168242.0,3.3,536.0,2.3,-1.1,0.04,8928.0,0.3,5.0,1.3,2.0,0.004,1.84,0.05,1.25,8.5,5.9,0.0163,30,138,-16,15,153.0,333,-247,86,3.3,0.008655,90.0,52.5,21.1,6.1,0.97,0.47,-1,2000-10-17 02:00:00
2000,291,3,2282,71,71,14,14,5.5,4.5,9.3,41.3,3.3,2.9,0.7,3.0,-0.3,0.0,3.0,2.3,1.6,1.1,159616.0,3.1,533.0,2.4,-1.4,0.038,9402.0,0.3,20.0,1.9,0.9,0.004,1.69,0.16,1.23,8.5,5.9,0.0163,30,138,-19,15,153.0,228,-164,65,2.4,0.008655,88.5,50.8,20.1,5.76,0.9,0.42,-1,2000-10-17 03:00:00
2000,291,4,2282,71,71,15,15,5.6,5.0,7.7,32.9,4.2,2.7,0.7,2.8,-0.3,0.1,2.1,1.4,1.4,0.7,158792.0,3.0,529.0,2.0,-1.1,0.037,7602.0,0.2,15.0,1.3,0.6,0.006,1.61,0.16,1.14,8.2,5.8,0.0178,30,138,-18,15,153.0,93,-39,54,0.5,0.008655,87.3,49.4,19.4,5.57,0.93,0.47,-1,2000-10-17 04:00:00
2000,291,5,2282,71,71,16,16,5.6,4.6,22.7,336.8,3.9,-1.7,1.8,-0.8,2.3,0.2,2.8,1.2,1.9,1.6,162249.0,3.3,523.0,-0.7,0.3,0.04,8671.0,0.4,9.0,2.0,1.4,0.007,1.75,-1.2,1.27,8.5,5.9,0.0165,30,138,-16,15,153.0,81,-30,51,0.6,0.008655,89.6,49.6,19.2,5.33,0.86,0.43,-1,2000-10-17 05:00:00
2000,291,6,2282,71,71,15,15,6.2,5.0,37.1,264.5,-0.4,-4.0,3.0,-2.2,4.5,0.2,3.2,2.3,1.9,1.2,141785.0,3.8,561.0,-2.3,1.0,0.039,12605.0,0.4,18.0,1.8,0.9,0.008,2.31,-2.52,1.11,8.8,6.3,0.0153,20,138,-12,7,153.0,54,-13,41,0.2,0.008655,84.0,46.7,18.3,5.16,0.89,0.46,-1,2000-10-17 06:00:00
2000,291,7,2282,71,71,14,14,6.1,4.4,20.3,327.2,3.5,-2.2,1.5,-1.2,2.4,0.3,3.6,1.9,2.6,1.5,169182.0,3.6,528.0,-1.3,-0.5,0.038,11270.0,0.3,19.0,2.2,1.3,0.004,1.93,-1.27,1.2,8.2,5.8,0.0176,20,138,-13,7,153.0,47,-4,43,0.2,0.008655,83.8,46.2,18.0,4.93,0.72,0.35,-1,2000-10-17 07:00:00
2000,291,8,2282,71,71,15,15,6.1,5.4,-1.4,310.2,3.5,-4.1,-0.1,-3.6,2.0,0.2,2.2,1.1,1.5,1.1,162517.0,3.3,521.0,-3.2,-2.2,0.041,11325.0,0.3,10.0,1.5,0.9,0.005,1.74,-1.04,1.07,7.8,5.6,0.0198,20,138,-14,7,153.0,103,-57,46,0.5,0.008655,87.0,46.5,17.7,4.87,0.78,0.38,-1,2000-10-17 08:00:00
2000,291,9,2282,71,71,15,15,5.9,5.1,28.3,9.5,4.5,0.7,2.4,1.9,1.7,0.3,2.5,1.1,1.4,1.8,171029.0,3.4,509.0,1.8,-0.7,0.047,20253.0,0.3,10.0,1.6,1.7,0.005,1.75,-0.87,1.22,8.0,5.6,0.0188,20,138,-10,7,153.0,268,-201,67,1.5,0.008655,97.7,51.2,18.6,4.59,0.43,0.22,-1,2000-10-17 09:00:00
2000,291,10,2282,71,71,16,16,6.2,5.2,-4.8,316.0,3.8,-3.6,-0.4,-3.3,1.6,0.1,3.0,1.3,1.5,2.3,149721.0,3.1,516.0,-2.3,-2.6,0.038,11453.0,0.2,10.0,1.3,2.1,0.006,1.59,-0.83,0.93,7.3,5.5,0.0222,20,138,-9,7,153.0,167,-117,50,1.0,0.008655,97.9,50.9,18.7,4.87,0.66,0.33,-1,2000-10-17 10:00:00
2000,291,11,2282,71,71,14,14,6.1,4.6,31.0,321.5,3.1,-2.5,2.4,-0.9,3.4,0.1,3.6,0.8,2.4,2.5,143873.0,3.3,514.0,-0.7,-0.3,0.037,9796.0,0.3,8.0,2.3,1.9,0.004,1.67,-1.75,1.0,7.7,5.6,0.0203,20,138,-10,7,153.0,87,-43,45,0.1,0.008655,88.5,47.1,17.9,4.86,0.74,0.34,-1,2000-10-17 11:00:00
2000,291,12,2282,71,71,15,15,6.2,5.4,36.8,334.2,3.9,-1.9,3.2,0.0,3.7,0.2,2.6,1.1,1.7,1.6,134757.0,3.4,500.0,-0.0,0.4,0.035,9618.0,0.3,11.0,1.8,1.2,0.004,1.62,-1.85,0.97,7.4,5.5,0.0215,20,138,-11,7,153.0,52,-24,28,0.1,0.008655,66.3,37.0,14.5,4.01,0.68,0.37,-1,2000-10-17 12:00:00
2000,291,13,2282,71,71,15,15,6.3,5.9,-5.7,329.8,5.1,-3.0,-0.6,-2.9,0.9,0.1,2.0,0.6,0.5,1.8,132704.0,3.4,490.0,-1.3,-2.0,0.031,5947.0,0.2,3.0,0.4,1.4,0.003,1.53,-0.44,0.93,7.2,5.3,0.0231,20,138,-9,7,153.0,64,-29,36,0.5,0.008655,52.4,30.1,12.0,3.41,0.63,0.38,-1,2000-10-17 13:00:00
2000,291,14,2282,71,71,14,14,5.7,4.7,-4.1,347.1,4.6,-1.1,-0.3,-1.1,0.2,0.1,2.7,0.9,1.0,2.3,153820.0,3.5,487.0,0.0,-1.3,0.039,6285.0,0.3,5.0,0.8,2.4,0.005,1.6,-0.1,1.26,8.0,5.5,0.0186,20,138,-11,7,153.0,118,-65,53,1.6,0.008655,48.7,28.3,11.5,3.29,0.64,0.35,-1,2000-10-17 14:00:00
2000,291,15,2282,71,71,15,15,6.0,5.5,6.8,340.3,5.2,-1.9,0.7,-1.4,1.4,0.1,2.0,0.5,1.0,1.7,127563.0,3.7,478.0,-1.0,-0.4,0.041,6390.0,0.4,5.0,1.1,1.6,0.004,1.64,-0.67,1.09,7.7,5.5,0.0203,20,138,-15,7,153.0,126,-81,45,0.7,0.008655,48.1,28.1,11.3,3.26,0.63,0.36,-1,2000-10-17 15:00:00
2000,291,16,2282,71,71,16,16,6.0,5.0,21.5,344.3,4.5,-1.3,1.8,-0.5,2.2,0.1,2.5,1.2,1.9,1.2,127057.0,3.7,480.0,-0.5,0.5,0.041,6043.0,0.5,11.0,1.6,1.3,0.005,1.66,-1.06,1.09,7.7,5.5,0.0201,20,138,-14,7,153.0,94,-64,30,0.3,0.008655,48.5,28.1,11.3,3.17,0.61,0.35,-1,2000-10-17 16:00:00
2000,291,17,2282,71,71,15,15,6.0,4.9,10.3,338.9,4.5,-1.7,0.9,-1.3,1.4,0.1,2.9,1.4,2.3,1.0,127411.0,3.4,480.0,-1.0,-0.0,0.048,7235.0,0.3,15.0,2.6,0.8,0.006,1.56,-0.67,1.0,7.4,5.4,0.0219,20,138,-13,7,153.0,65,-34,31,0.2,0.008655,47.4,27.5,11.0,3.07,0.59,0.36,-1,2000-10-17 17:00:00
2000,291,18,2282,71,71,14,14,6.2,4.6,14.4,336.7,4.1,-1.8,1.1,-1.4,1.6,0.3,3.9,1.9,2.9,1.8,128236.0,3.6,485.0,-0.5,0.1,0.044,10757.0,0.3,17.0,2.8,2.0,0.003,1.66,-0.78,1.0,7.4,5.4,0.0216,30,138,-9,15,153.0,46,-23,23,-0.2,0.008655,43.4,25.3,10.2,2.89,0.55,0.31,-1,2000-10-17 18:00:00
2000,291,19,2282,71,71,15,15,6.1,5.7,-13.2,24.9,5.0,2.3,-1.3,1.9,-1.8,0.1,2.0,0.5,1.0,1.6,127301.0,3.6,477.0,3.0,-2.3,0.036,5864.0,0.3,6.0,0.9,1.7,0.004,1.56,0.86,1.03,7.4,5.4,0.0216,30,138,-5,15,153.0,137,-59,78,1.2,0.008655,42.2,24.5,9.77,2.64,0.49,0.29,-1,2000-10-17 19:00:00
2000,291,20,2282,71,71,16,16,6.3,3.8,-21.4,14.6,3.5,0.9,-1.4,0.6,-1.6,0.1,4.8,1.3,4.3,1.7,110592.0,3.4,490.0,1.6,-2.1,0.036,5599.0,0.1,11.0,3.7,2.3,0.002,1.56,0.78,0.85,7.2,5.4,0.0231,30,138,-11,15,153.0,402,-286,116,2.1,0.008655,42.8,24.7,9.91,2.78,0.57,0.37,-1,2000-10-17 20:00:00
2000,291,21,2282,71,71,14,14,6.0,5.4,-3.0,339.9,5.1,-1.9,-0.3,-1.9,0.1,0.1,2.1,0.7,1.6,1.3,105844.0,3.6,471.0,-1.7,-0.4,0.04,11602.0,0.3,6.0,1.2,1.5,0.005,1.55,-0.05,0.97,7.4,5.5,0.0214,27,138,-15,12,153.0,237,-168,69,1.3,0.008655,42.7,24.5,9.69,2.66,0.54,0.33,-1,2000-10-17 21:00:00
2000,291,22,2282,71,71,15,15,6.0,5.9,2.6,326.8,4.9,-3.2,0.3,-3.1,0.9,0.2,1.1,0.5,0.8,0.5,88769.0,3.3,467.0,-2.5,0.2,0.038,11637.0,0.2,4.0,0.7,0.6,0.005,1.38,-0.42,0.83,7.1,5.4,0.0238,27,138,-15,12,153.0,111,-45,66,0.2,0.008655,41.6,24.0,9.45,2.57,0.53,0.34,-1,2000-10-17 22:00:00
2000,291,23,2282,71,71,15,15,5.6,5.1,-17.6,341.0,4.6,-1.6,-1.5,-1.9,-1.2,0.0,1.8,0.6,1.2,1.2,141959.0,3.5,476.0,-0.7,-1.5,0.038,7507.0,0.1,6.0,1.0,1.4,0.005,1.53,0.57,1.26,8.0,5.5,0.0188,27,138,-12,12,153.0,195,-117,78,1.0,0.008655,35.1,20.5,8.22,2.25,0.46,0.3,-1,2000-10-17 23:00:00
2000,292,0,2283,71,71,16,16,5.4,4.5,31.6,296.7,1.7,-3.4,2.4,-2.8,3.1,0.2,2.5,1.8,0.7,1.5,114203.0,3.9,494.0,-1.4,1.9,0.04,11804.0,0.3,15.0,0.7,1.5,0.007,1.84,-1.53,1.35,9.0,6.1,0.0146,30,135,-14,15,149.9,184,-119,65,0.6,0.008748,35.7,20.9,8.34,2.27,0.47,0.29,-1,2000-10-18 00:00:00
2000,292,1,2283,71,71,14,14,5.9,3.0,15.0,306.8,1.8,-2.3,0.8,-2.0,1.3,0.1,4.8,3.9,1.2,2.5,117087.0,3.8,494.0,-0.8,0.5,0.054,8610.0,0.2,28.0,0.7,2.0,0.008,1.88,-0.64,1.11,8.2,5.8,0.0179,30,135,-14,15,149.9,87,-27,59,0.5,0.008748,33.9,19.9,7.92,2.21,0.5,0.32,-1,2000-10-18 01:00:00
2000,292,2,2283,71,71,15,15,5.7,5.4,-7.2,351.2,5.3,-0.8,-0.7,-1.0,-0.5,0.1,1.6,0.4,1.2,1.0,107631.0,3.7,464.0,0.1,-0.9,0.056,5765.0,0.3,4.0,1.3,1.2,0.007,1.63,0.23,1.12,7.8,5.6,0.0194,30,135,-16,15,149.9,115,-39,76,0.6,0.008748,31.2,18.4,7.38,2.1,0.53,0.34,-1,2000-10-18 02:00:00
2000,292,3,2283,71,71,15,15,5.9,5.1,-9.3,325.2,4.1,-2.9,-0.8,-3.0,0.2,0.1,2.5,1.1,2.0,1.1,98544.0,3.6,474.0,-2.1,-0.6,0.05,3950.0,0.2,10.0,1.8,1.3,0.007,1.62,-0.09,0.98,7.6,5.6,0.0205,23,135,-13,9,149.9,183,-107,76,0.9,0.008748,28.0,16.6,6.72,1.93,0.47,0.31,-1,2000-10-18 03:00:00
2000,292,4,2283,71,71,15,15,5.9,5.3,-11.3,344.3,5.0,-1.4,-1.0,-1.7,-0.4,0.2,2.0,0.7,1.2,1.5,103523.0,3.9,466.0,-0.6,-1.3,0.05,9122.0,0.3,3.0,0.9,1.5,0.008,1.7,0.19,1.08,7.8,5.6,0.0196,23,135,-13,9,149.9,238,-126,112,1.5,0.008748,26.5,15.8,6.43,1.87,0.46,0.29,-1,2000-10-18 04:00:00
2000,292,5,2283,71,71,15,15,5.7,5.4,5.2,333.6,4.8,-2.4,0.5,-2.0,1.4,0.1,1.4,0.6,1.1,0.7,110743.0,4.1,467.0,-1.4,0.2,0.056,6831.0,0.4,4.0,1.1,0.8,0.01,1.83,-0.65,1.26,8.3,5.7,0.0173,23,135,-16,9,149.9,211,-114,97,1.2,0.008748,27.6,16.3,6.97,2.39,0.96,0.71,-1,2000-10-18 05:00:00
2000,292,6,2283,71,71,15,15,5.8,5.2,2.2,341.2,5.0,-1.7,0.2,-1.4,0.9,0.1,2.1,0.4,0.8,1.9,110509.0,4.2,466.0,-0.9,-0.5,0.05,4700.0,0.4,3.0,0.8,1.7,0.007,1.83,-0.42,1.24,8.2,5.7,0.0175,17,135,-13,6,149.9,125,-34,90,0.9,0.008748,24.7,14.8,6.02,1.75,0.46,0.3,-1,2000-10-18 06:00:00
2000,292,7,2283,71,71,15,15,5.9,5.2,23.9,312.9,3.2,-3.5,2.1,-2.0,3.5,0.1,2.4,1.4,1.6,1.0,96555.0,4.3,477.0,-2.0,1.3,0.047,8432.0,0.5,12.0,1.5,0.9,0.006,1.94,-1.67,1.16,8.4,5.9,0.0169,17,135,-10,6,149.9,69,1,70,0.2,0.008748,24.2,14.5,5.91,1.68,0.42,0.29,-1,2000-10-18 07:00:00
2000,292,8,2283,71,71,15,15,6.0,4.9,3.9,324.7,4.0,-2.8,0.3,-2.3,1.7,0.1,2.9,0.9,1.6,2.2,91112.0,4.4,468.0,-1.7,-0.5,0.049,4918.0,0.8,10.0,1.8,1.8,0.007,1.92,-0.8,1.12,8.2,5.8,0.0178,17,135,-11,6,149.9,72,-16,56,0.5,0.008748,23.7,13.9,5.68,1.71,0.42,0.25,-1,2000-10-18 08:00:00
2000,292,9,2283,71,71,15,15,6.0,5.7,-5.4,339.9,5.3,-1.9,-0.5,-1.9,0.6,0.1,1.7,0.5,1.2,1.1,98494.0,4.1,458.0,-1.1,-1.3,0.048,2871.0,0.2,4.0,0.8,1.0,0.007,1.71,-0.27,1.07,7.7,5.6,0.0199,20,135,-13,7,149.9,81,-26,56,0.5,0.008748,22.4,13.3,5.34,1.52,0.42,0.29,-1,2000-10-18 09:00:00
2000,292,10,2283,71,71,15,15,6.1,5.7,-4.8,330.9,5.0,-2.8,-0.5,-2.6,1.1,0.1,1.7,0.8,1.3,0.8,97329.0,4.1,458.0,-2.2,-1.2,0.044,8928.0,0.1,5.0,1.0,0.7,0.006,1.69,-0.5,1.03,7.6,5.5,0.0206,20,135,-13,7,149.9,335,-234,101,1.1,0.008748,22.3,13.2,5.27,1.56,0.44,0.32,-1,2000-10-18 10:00:00
2000,292,11,2283,71,71,16,16,6.1,5.1,-18.1,315.2,3.4,-3.4,-1.6,-3.7,0.4,0.3,2.7,2.0,1.7,0.9,91692.0,4.2,472.0,-3.1,-1.9,0.044,8207.0,0.3,16.0,1.3,1.1,0.008,1.84,-0.19,1.03,7.9,5.8,0.0189,20,135,-10,7,149.9,366,-290,76,1.4,0.008748,22.0,13.0,5.19,1.51,0.44,0.3,-1,2000-10-18 11:00:00
2000,292,12,2283,71,71,14,14,6.2,4.5,-31.1,351.0,3.8,-0.6,-2.3,-1.7,-1.7,0.2,4.0,1.3,3.7,1.1,86934.0,4.2,467.0,-0.2,-3.2,0.039,8345.0,0.2,10.0,3.2,1.5,0.003,1.77,0.79,0.98,7.7,5.7,0.02,27,135,-8,12,149.9,258,-178,80,1.5,0.008748,21.8,12.8,5.11,1.52,0.49,0.36,-1,2000-10-18 12:00:00
2000,292,13,2283,71,71,14,14,6.3,5.8,-30.6,3.4,5.0,0.3,-2.9,-1.1,-2.7,0.1,2.1,0.7,1.9,0.4,95540.0,3.9,455.0,0.8,-3.7,0.038,8696.0,0.3,6.0,1.6,0.5,0.003,1.55,1.23,0.92,7.1,5.3,0.0234,27,135,-7,12,149.9,342,-291,50,2.0,0.008748,20.8,12.2,4.86,1.42,0.45,0.32,-1,2000-10-18 13:00:00
2000,292,14,2283,71,71,15,15,6.2,5.8,-6.1,330.0,5.0,-2.9,-0.6,-2.9,0.8,0.2,1.9,0.7,1.2,1.3,110089.0,3.7,449.0,-0.9,-0.9,0.044,8101.0,0.4,4.0,1.1,1.3,0.006,1.46,-0.36,0.95,7.0,5.2,0.0245,27,135,-5,12,149.9,296,-262,34,1.9,0.008748,20.1,11.9,4.74,1.32,0.38,0.27,-1,2000-10-18 14:00:00
2000,292,15,2283,71,71,15,15,5.9,5.2,12.6,20.8,4.8,1.8,1.1,2.1,0.3,0.1,2.2,1.1,1.7,0.9,107373.0,4.8,454.0,3.0,-0.5,0.044,19472.0,0.4,7.0,1.3,0.7,0.004,1.94,-0.14,1.35,8.4,5.7,0.0167,17,135,-1,6,149.9,98,-61,37,1.1,0.008748,999999.99,99999.99,99999.99,99999.99,99999.99,99999.99,0,2000-10-18 15:00:00
2000,292,16,2283,71,71,13,13,5.7,5.2,-7.8,347.7,5.1,-1.1,-0.7,-1.3,-0.2,0.1,1.9,0.6,1.0,1.5,122302.0,4.3,447.0,0.6,-1.6,0.041,9546.0,0.5,5.0,1.1,1.5,0.003,1.67,0.09,1.38,8.1,5.5,0.018,17,135,-6,6,149.9,120,-87,33,0.8,0.008748,21.5,12.4,4.78,1.4,0.44,0.31,-1,2000-10-18 16:00:00
2000,292,17,2283,71,71,15,15,5.9,5.3,-8.0,348.9,5.2,-1.0,-0.7,-1.2,-0.3,0.1,2.2,0.5,2.0,0.8,120024.0,4.2,445.0,0.0,-2.7,0.04,12743.0,0.2,4.0,1.9,0.9,0.004,1.61,0.13,1.25,7.7,5.4,0.0199,17,135,-8,6,149.9,92,-52,39,0.9,0.008748,21.3,12.2,4.68,1.31,0.41,0.28,-1,2000-10-18 17:00:00
2000,292,18,2283,71,71,15,15,5.9,5.6,-2.8,7.5,5.5,0.7,-0.3,0.6,-0.5,0.2,1.5,0.2,1.4,0.6,127101.0,4.1,438.0,2.0,-2.2,0.039,8517.0,0.3,2.0,1.2,0.3,0.003,1.52,0.22,1.25,7.5,5.2,0.0211,17,135,-10,6,149.9,168,-112,56,1.4,0.008748,21.2,12.2,4.66,1.33,0.42,0.3,-1,2000-10-18 18:00:00
2000,292,19,2283,71,71,15,15,6.0,5.8,1.7,40.8,4.4,3.8,0.2,3.7,-0.7,0.2,1.4,0.4,0.8,1.1,96876.0,4.5,448.0,4.6,-2.0,0.043,10316.0,0.2,3.0,0.6,0.8,0.009,1.77,0.31,1.17,7.9,5.6,0.019,17,135,-10,6,149.9,147,-89,58,0.9,0.008748,21.2,12.0,4.52,1.26,0.38,0.26,-1,2000-10-18 19:00:00
2000,292,20,2283,71,71,15,15,6.0,5.3,-3.1,37.7,4.2,3.2,-0.3,3.1,-1.0,0.1,2.7,0.4,2.6,0.7,95095.0,4.6,446.0,3.8,-2.3,0.044,11358.0,0.4,4.0,2.1,0.5,0.008,1.8,0.45,1.19,8.0,5.6,0.0187,17,135,-12,6,149.9,166,-86,80,1.0,0.008748,21.6,12.2,4.6,1.28,0.39,0.28,-1,2000-10-18 20:00:00
2000,292,21,2283,71,71,15,15,6.1,5.4,-14.1,22.0,4.9,2.0,-1.3,1.7,-1.7,0.1,2.4,0.7,2.1,1.0,118337.0,4.4,440.0,3.2,-3.3,0.055,13316.0,0.3,6.0,1.6,0.7,0.01,1.74,0.75,1.21,7.6,5.3,0.0208,27,135,-12,12,149.9,289,-200,89,2.2,0.008748,20.8,11.7,4.37,1.23,0.42,0.3,-1,2000-10-18 21:00:00
2000,292,22,2283,71,71,15,15,6.1,5.4,-17.8,3.7,5.1,0.3,-1.7,0.0,-1.7,0.1,2.3,0.6,2.0,1.1,126474.0,4.6,436.0,2.3,-3.2,0.051,12886.0,0.2,4.0,1.8,0.9,0.009,1.76,0.74,1.31,7.7,5.2,0.0202,27,135,-12,12,149.9,399,-302,96,3.1,0.008748,20.4,11.5,4.31,1.26,0.43,0.31,-1,2000-10-18 22:00:00
2000,292,23,2283,71,71,15,15,6.0,5.7,7.2,339.0,5.3,-2.0,0.7,-1.8,1.1,0.1,1.2,0.3,1.1,0.4,119234.0,4.3,432.0,-0.0,-1.1,0.045,10150.0,0.3,2.0,1.2,0.5,0.005,1.58,-0.48,1.23,7.5,5.2,0.0213,27,135,-18,12,149.9,132,-77,55,0.9,0.008748,19.7,11.1,4.13,1.16,0.41,0.29,-1,2000-10-18 23:00:00
2000,293,0,2283,71,71,15,15,5.8,5.4,-3.6,4.8,5.4,0.4,-0.3,0.3,-0.4,0.2,1.7,0.2,1.6,0.5,122880.0,4.4,428.0,2.0,-2.4,0.039,5285.0,0.4,2.0,1.6,0.4,0.007,1.56,0.17,1.37,7.7,5.2,0.0199,27,128,-17,12,156.5,65,-18,47,0.4,0.00897,19.3,10.7,3.94,1.12,0.4,0.29,-1,2000-10-19 00:00:00
2000,293,1,2283,71,71,15,15,6.1,5.7,-15.4,18.4,5.3,1.7,-1.5,1.3,-1.9,0.2,1.6,0.5,1.3,0.9,116163.0,4.8,428.0,3.1,-3.3,0.048,10070.0,0.2,3.0,1.1,0.8,0.005,1.75,0.81,1.31,7.7,5.3,0.0201,27,128,-15,12,156.5,129,-61,68,0.9,0.00897,19.5,10.8,3.94,1.15,0.4,0.3,-1,2000-10-19 01:00:00
2000,293,2,2283,71,71,15,15,5.9,5.5,-3.3,10.1,5.4,1.0,-0.3,0.9,-0.6,0.1,2.0,0.6,1.2,1.4,104271.0,5.1,428.0,2.0,-2.2,0.048,5200.0,0.2,4.0,0.9,1.1,0.006,1.86,0.26,1.42,8.2,5.5,0.0177,27,128,-17,12,156.5,304,-206,98,1.9,0.00897,18.5,10.2,3.75,1.06,0.39,0.29,-1,2000-10-19 02:00:00
2000,293,3,2283,71,71,15,15,6.0,5.5,18.0,5.6,5.2,0.5,1.7,1.0,1.5,0.1,2.1,0.7,1.3,1.4,104642.0,5.2,426.0,1.9,-1.2,0.048,8900.0,0.5,4.0,1.2,0.9,0.005,1.88,-0.64,1.4,8.1,5.4,0.0182,27,128,-14,12,156.5,196,-105,91,1.1,0.00897,18.2,9.97,3.68,1.09,0.4,0.29,-1,2000-10-19 03:00:00
2000,293,4,2283,71,71,15,15,6.4,5.7,1.9,340.7,5.4,-1.9,0.2,-1.7,0.9,0.2,2.5,1.2,1.7,1.3,104739.0,5.9,428.0,-0.4,-2.4,0.052,12960.0,0.3,7.0,1.8,1.3,0.007,2.18,-0.39,1.4,8.1,5.5,0.018,27,128,-11,12,156.5,86,-19,66,0.8,0.00897,16.0,8.79,3.27,0.98,0.37,0.28,-1,2000-10-19 04:00:00
2000,293,5,2283,71,71,15,15,6.2,5.5,-8.5,331.7,4.8,-2.6,-0.8,-2.7,0.3,0.2,2.4,1.3,1.8,1.1,115099.0,6.0,432.0,-1.1,-2.6,0.056,17686.0,0.4,7.0,1.3,1.4,0.008,2.29,-0.13,1.58,8.5,5.5,0.0163,27,128,-9,12,156.5,239,-141,97,0.9,0.00897,15.6,8.67,3.23,0.99,0.37,0.26,-1,2000-10-19 05:00:00
2000,293,6,2283,71,71,15,15,6.3,4.4,-21.0,341.8,3.9,-1.3,-1.6,-1.9,-0.8,0.5,4.5,1.7,3.9,1.4,102947.0,6.0,438.0,0.2,-2.7,0.052,15399.0,0.3,10.0,3.3,1.3,0.005,2.32,0.35,1.45,8.5,5.7,0.0164,23,128,-7,9,156.5,188,-119,69,1.1,0.00897,14.5,8.0,2.96,0.93,0.38,0.28,-1,2000-10-19 06:00:00
2000,293,7,2283,71,71,15,15,6.6,5.8,-31.3,320.0,3.8,-3.2,-3.0,-4.3,-1.1,0.2,2.7,1.3,2.1,1.2,95943.0,5.6,434.0,-1.5,-3.7,0.054,10006.0,0.3,7.0,2.0,1.3,0.004,2.14,0.48,1.2,7.8,5.5,0.0196,23,128,-10,9,156.5,227,-122,105,1.1,0.00897,13.9,7.65,2.85,0.94,0.39,0.3,-1,2000-10-19 07:00:00
2000,293,8,2283,71,71,15,15,6.0,5.1,-8.0,340.5,4.7,-1.7,-0.7,-1.8,0.3,0.1,2.6,0.7,1.7,1.8,119116.0,5.7,429.0,-0.5,-1.7,0.052,13166.0,0.5,5.0,1.5,1.6,0.005,2.12,-0.13,1.63,8.5,5.5,0.0163,23,128,-11,9,156.5,247,-100,147,1.3,0.00897,13.2,7.24,2.71,0.88,0.35,0.26,-1,2000-10-19 08:00:00
2000,293,9,2283,71,71,15,15,6.3,4.2,-17.5,304.2,2.2,-3.3,-1.2,-3.4,0.7,0.3,4.4,2.4,3.4,1.5,95921.0,5.6,444.0,-1.7,-1.5,0.056,18833.0,0.4,11.0,2.9,1.1,0.006,2.26,-0.31,1.32,8.3,5.7,0.0171,20,128,-10,7,156.5,135,-15,120,0.6,0.00897,12.6,6.98,2.62,0.89,0.39,0.3,-1,2000-10-19 09:00:00
2000,293,10,2283,71,71,16,16,6.6,5.5,-0.4,284.1,1.3,-5.3,0.0,-4.5,2.8,0.4,3.2,1.2,1.6,2.5,79360.0,6.0,445.0,-3.0,-0.8,0.054,11086.0,0.6,6.0,1.3,1.7,0.007,2.41,-1.25,1.19,8.3,5.8,0.0174,20,128,-8,7,156.5,123,-27,96,0.3,0.00897,11.9,6.49,2.41,0.76,0.32,0.24,-1,2000-10-19 10:00:00
2000,293,11,2283,71,71,14,14,6.6,4.8,19.3,276.1,0.5,-4.5,1.6,-3.0,3.7,0.6,4.3,2.0,3.4,1.8,87858.0,6.3,448.0,-1.7,0.4,0.051,25730.0,0.7,12.0,2.6,1.6,0.005,2.54,-1.66,1.3,8.5,5.8,0.0164,20,128,-9,7,156.5,132,-65,67,0.1,0.00897,10.9,6.02,2.26,0.81,0.38,0.29,-1,2000-10-19 11:00:00
2000,293,12,2283,71,71,15,15,5.7,5.1,-14.2,24.2,4.5,2.0,-1.3,1.1,-2.1,0.7,2.3,1.0,1.7,1.2,122394.0,5.9,426.0,2.9,-2.4,0.05,10386.0,0.4,3.0,0.9,0.5,0.006,2.15,0.89,1.89,9.1,5.6,0.0144,30,128,-8,15,156.5,66,-29,37,0.5,0.00897,10.8,5.82,2.14,0.76,0.33,0.24,-1,2000-10-19 12:00:00
2000,293,13,2283,71,71,14,14,5.6,5.0,-6.8,16.5,4.8,1.4,-0.6,0.9,-1.2,0.1,2.2,0.7,1.7,1.3,128263.0,5.2,419.0,2.6,-1.9,0.047,7915.0,0.4,4.0,1.3,1.0,0.003,1.81,0.5,1.77,8.5,5.4,0.0163,30,128,-10,15,156.5,156,-120,37,1.0,0.00897,10.0,5.42,2.08,0.8,0.39,0.28,-1,2000-10-19 13:00:00
2000,293,14,2283,71,71,15,15,5.4,5.2,-10.2,10.7,5.0,0.9,-0.9,0.4,-1.2,0.2,1.1,0.3,0.8,0.8,130161.0,5.1,417.0,2.1,-2.1,0.046,9489.0,0.4,3.0,0.7,0.6,0.003,1.75,0.5,1.88,8.7,5.4,0.0156,30,128,-9,15,156.5,199,-170,29,1.1,0.00897,9.74,5.28,2.02,0.76,0.38,0.29,-1,2000-10-19 14:00:00
2000,293,15,2283,71,71,16,16,5.2,4.6,-10.5,25.3,4.1,2.0,-0.8,1.5,-1.5,0.1,2.0,0.5,1.4,1.3,115259.0,4.9,418.0,2.9,-2.2,0.052,11467.0,0.2,2.0,1.0,1.2,0.007,1.73,0.63,1.84,8.9,5.5,0.015,13,128,-9,5,156.5,119,-97,22,0.8,0.00897,9.49,5.13,1.98,0.78,0.36,0.27,-1,2000-10-19 15:00:00
2000,293,16,2283,71,71,15,15,5.4,4.9,26.9,303.7,2.4,-3.7,2.2,-2.7,3.4,0.1,1.8,0.8,1.1,1.1,67455.0,5.0,425.0,-1.8,0.8,0.054,7685.0,0.6,4.0,1.4,0.8,0.005,1.83,-1.45,1.4,8.8,5.9,0.0154,13,128,-5,5,156.5,141,-102,39,0.4,0.00897,9.21,5.02,1.92,0.74,0.37,0.29,-1,2000-10-19 16:00:00
2000,293,17,2283,71,71,14,14,4.9,4.5,6.4,319.4,3.4,-2.9,0.5,-2.6,1.4,0.3,1.5,0.7,1.1,0.8,91015.0,4.5,418.0,-2.0,-0.6,0.047,17547.0,0.5,3.0,1.0,1.0,0.004,1.56,-0.59,1.71,9.0,5.7,0.0145,13,128,-3,5,156.5,104,-78,26,0.7,0.00897,9.41,5.07,1.97,0.78,0.4,0.3,-1,2000-10-19 17:00:00
2000,293,18,2283,71,71,15,15,5.0,4.7,-11.7,341.5,4.4,-1.5,-1.0,-1.7,-0.5,0.0,1.6,0.6,1.2,0.9,120799.0,4.4,415.0,-1.0,-2.2,0.05,12937.0,0.2,2.0,1.0,0.7,0.004,1.52,0.21,1.82,8.7,5.4,0.0157,13,128,-2,5,156.5,79,-44,35,0.9,0.00897,9.17,4.82,1.82,0.71,0.38,0.29,-1,2000-10-19 18:00:00
2000,293,19,2283,71,71,15,15,5.1,4.1,5.7,22.6,3.7,1.6,0.4,1.6,0.0,0.2,2.8,1.1,2.1,1.5,99521.0,4.9,418.0,1.7,-1.4,0.05,15713.0,0.4,5.0,1.6,1.3,0.007,1.72,-0.0,1.79,9.1,5.7,0.0145,13,128,-4,5,156.5,50,-11,39,0.4,0.00897,8.97,4.76,1.79,0.71,0.36,0.27,-1,2000-10-19 19:00:00
2000,293,20,2283,71,71,16,16,5.4,2.9,22.0,311.5,1.8,-2.0,1.1,-1.7,1.5,0.2,4.3,3.8,1.6,1.0,97565.0,4.9,429.0,-1.4,-0.6,0.051,22399.0,0.4,22.0,1.6,0.9,0.004,1.81,-0.64,1.58,8.8,5.7,0.0154,13,128,-4,5,156.5,50,-15,35,0.3,0.00897,8.63,4.63,1.76,0.71,0.36,0.27,-1,2000-10-19 20:00:00
2000,293,21,2283,71,71,14,14,5.7,3.3,-8.9,328.6,2.8,-1.7,-0.5,-1.8,-0.2,0.2,4.4,2.7,2.6,2.2,80143.0,5.6,424.0,-1.3,-1.9,0.061,16779.0,0.5,14.0,2.0,2.0,0.008,2.09,0.08,1.5,8.8,5.8,0.0154,20,128,-2,7,156.5,71,-27,44,0.6,0.00897,8.53,4.49,1.7,0.68,0.37,0.29,-1,2000-10-19 21:00:00
2000,293,22,2283,71,71,16,16,5.6,4.8,74.6,258.0,-0.3,-1.3,4.7,-0.4,4.9,0.2,2.6,1.7,1.8,0.7,57982.0,6.6,438.0,-0.4,2.2,0.063,9788.0,0.9,10.0,1.4,0.8,0.008,2.65,-2.15,1.63,10.0,6.5,0.0118,20,128,-4,7,156.5,146,-66,80,0.4,0.00897,8.02,4.27,1.65,0.67,0.36,0.27,-1,2000-10-19 22:00:00
2000,293,23,2283,71,71,15,15,6.2,5.7,55.1,291.0,1.2,-3.1,4.7,-2.2,5.2,0.2,1.9,0.8,1.4,0.9,53751.0,7.0,431.0,-2.1,2.1,0.055,3906.0,0.6,4.0,1.2,0.5,0.003,2.65,-2.24,1.38,9.2,6.2,0.0141,20,128,-1,7,156.5,61,-24,37,-0.1,0.00897,7.26,3.87,1.55,0.7,0.41,0.31,-1,2000-10-19 23:00:00
2000,294,0,2283,71,71,15,15,6.5,5.9,73.5,229.8,-1.1,-1.3,5.6,-0.1,5.7,0.1,2.3,1.6,1.4,0.8,50683.0,6.4,442.0,-0.5,1.4,0.056,2922.0,0.7,7.0,1.1,0.5,0.004,2.56,-2.52,1.13,8.6,6.1,0.0161,7,134,3,3,159.3,27,-2,25,-0.1,0.008983,7.04,3.7,1.49,0.68,0.38,0.3,-1,2000-10-20 00:00:00
2000,294,1,2283,71,71,15,15,6.9,6.1,59.4,246.5,-1.2,-2.8,5.2,-1.5,5.7,0.1,2.4,1.4,1.6,1.1,50702.0,6.5,437.0,-2.2,0.9,0.053,5278.0,0.6,7.0,1.0,0.6,0.004,2.51,-2.49,1.02,8.1,5.9,0.0182,7,134,1,3,159.3,21,0,21,-0.2,0.008983,7.35,3.79,1.47,0.66,0.39,0.3,-1,2000-10-20 01:00:00
2000,294,2,2283,71,71,15,15,6.3,4.7,1.2,290.1,1.6,-4.5,0.1,-4.3,1.3,0.4,3.9,1.9,1.7,2.9,73534.0,6.3,428.0,-4.2,-1.6,0.054,9972.0,0.4,6.0,1.0,1.3,0.005,2.34,-0.56,1.33,8.5,5.8,0.0164,7,134,0,3,159.3,43,-5,39,0.0,0.008983,6.82,3.53,1.38,0.6,0.34,0.26,-1,2000-10-20 02:00:00
2000,294,3,2283,71,71,15,15,6.6,5.6,19.3,286.5,1.5,-5.1,1.9,-4.3,3.4,0.3,3.1,2.0,0.6,2.3,74270.0,6.1,431.0,-3.8,-0.5,0.048,8403.0,0.3,5.0,0.7,1.1,0.005,2.26,-1.47,1.18,8.1,5.7,0.0183,10,134,-1,4,159.3,35,-4,31,-0.2,0.008983,6.57,3.4,1.35,0.61,0.35,0.26,-1,2000-10-20 03:00:00
2000,294,4,2283,71,71,15,15,5.4,4.4,-21.1,330.1,3.6,-2.1,-1.6,-2.5,-0.7,0.5,2.9,1.6,2.1,1.2,113052.0,6.3,434.0,-2.6,-1.5,0.049,12902.0,0.3,4.0,1.3,1.0,0.005,2.37,0.3,2.17,10.1,5.9,0.0117,10,134,-1,4,159.3,45,-7,38,0.1,0.008983,6.94,3.48,1.33,0.57,0.31,0.23,-1,2000-10-20 04:00:00
2000,294,5,2283,71,71,15,15,5.3,4.7,26.8,243.7,-1.8,-3.7,2.1,-2.5,3.4,0.6,2.0,1.2,1.0,1.2,94120.0,5.8,446.0,-3.2,-0.1,0.047,10781.0,0.4,7.0,0.5,0.6,0.005,2.29,-1.52,1.91,10.1,6.2,0.0116,10,134,-1,4,159.3,84,-47,37,0.0,0.008983,5.98,3.07,1.26,0.65,0.43,0.34,-1,2000-10-20 05:00:00
2000,294,6,2283,71,71,15,15,5.7,5.4,29.0,254.6,-1.3,-4.6,2.6,-3.0,4.4,0.3,1.4,1.2,0.6,0.5,78858.0,5.8,443.0,-3.1,0.3,0.037,6431.0,0.3,6.0,0.8,0.3,0.004,2.18,-1.95,1.54,9.4,6.1,0.0136,3,134,0,2,159.3,49,-8,42,0.0,0.008983,6.07,3.11,1.23,0.58,0.35,0.26,-1,2000-10-20 06:00:00
2000,294,7,2283,71,71,15,15,5.7,4.3,20.0,271.8,0.1,-4.0,1.5,-2.8,3.2,0.3,3.3,2.4,1.2,1.8,89159.0,5.7,436.0,-2.4,-0.4,0.037,8117.0,0.5,12.0,0.8,1.4,0.005,2.08,-1.4,1.59,9.1,5.9,0.0143,3,134,0,2,159.3,45,-4,41,-0.0,0.008983,5.55,2.87,1.16,0.57,0.36,0.27,-1,2000-10-20 07:00:00
2000,294,8,2283,71,71,15,15,6.1,5.3,21.1,253.8,-1.4,-4.8,1.9,-3.2,4.1,0.2,2.7,1.8,0.7,1.8,78813.0,5.2,450.0,-2.6,0.7,0.037,6615.0,1.1,8.0,0.6,1.0,0.005,2.02,-1.84,1.2,8.4,5.9,0.0168,3,134,-2,2,159.3,35,-4,31,-0.2,0.008983,5.43,2.82,1.22,0.64,0.42,0.32,-1,2000-10-20 08:00:00
2000,294,9,2283,71,71,15,15,5.8,4.6,-21.4,263.1,-0.5,-4.3,-1.7,-4.6,0.8,0.5,3.3,2.4,0.9,2.1,93883.0,4.3,439.0,-2.0,-1.3,0.043,6515.0,0.3,5.0,1.0,0.4,0.008,1.62,-0.35,1.18,7.8,5.5,0.0193,7,134,-2,3,159.3,38,-4,34,-0.1,0.008983,5.28,2.74,1.16,0.62,0.4,0.31,-1,2000-10-20 09:00:00
2000,294,10,2283,71,71,15,15,5.7,4.8,35.3,216.8,-3.2,-2.4,2.8,-0.6,3.6,0.8,3.0,1.0,2.1,1.9,83401.0,4.3,443.0,-0.6,-0.0,0.033,7437.0,0.4,4.0,0.5,0.6,0.005,1.6,-1.59,1.17,8.1,5.7,0.0183,7,134,-3,3,159.3,44,-13,31,-0.2,0.008983,5.18,2.71,1.2,0.65,0.42,0.31,-1,2000-10-20 10:00:00
2000,294,11,2283,71,71,15,15,4.4,3.6,16.6,245.0,-1.5,-3.2,1.0,-2.2,2.5,0.5,2.2,1.1,1.6,1.0,81271.0,3.6,436.0,-1.6,-0.8,0.037,8978.0,0.7,10.0,0.8,0.9,0.004,1.31,-1.09,1.62,9.4,6.1,0.0135,7,134,-5,3,159.3,38,-17,21,-0.2,0.008983,4.4,2.25,0.94,0.48,0.3,0.22,-1,2000-10-20 11:00:00
2000,294,12,2283,71,71,15,15,4.2,4.1,-0.1,258.9,-0.8,-4.0,0.0,-3.5,2.0,0.5,1.0,0.7,0.5,0.6,80714.0,3.4,430.0,-2.3,-2.1,0.037,5358.0,0.3,2.0,0.4,0.2,0.004,1.21,-0.86,1.68,9.4,6.0,0.0133,3,134,-6,2,159.3,42,-22,20,-0.1,0.008983,4.38,2.33,1.05,0.57,0.36,0.27,-1,2000-10-20 12:00:00
2000,294,13,2283,71,71,15,15,4.3,3.8,17.2,230.5,-2.3,-2.8,1.1,-1.9,2.3,0.4,1.9,1.2,1.3,0.3,68297.0,3.7,443.0,-1.5,-1.1,0.04,10384.0,0.1,7.0,1.1,0.3,0.003,1.41,-1.02,1.64,9.9,6.4,0.0121,3,134,-3,2,159.3,51,-28,22,-0.0,0.008983,4.28,2.22,0.95,0.52,0.35,0.27,-1,2000-10-20 13:00:00
2000,294,14,2283,71,71,15,15,4.7,4.5,6.7,228.8,-3.0,-3.4,0.5,-2.8,2.0,0.2,0.9,0.5,0.3,0.7,49961.0,3.4,446.0,-1.5,-0.8,0.044,3512.0,0.3,4.0,0.5,0.5,0.005,1.33,-0.89,1.14,8.7,6.2,0.0155,3,134,0,2,159.3,48,-27,21,0.2,0.008983,4.25,2.25,1.02,0.57,0.39,0.29,-1,2000-10-20 14:00:00
2000,294,15,2283,71,71,15,15,4.2,3.9,-11.5,246.1,-1.5,-3.5,-0.8,-3.5,0.7,0.3,1.4,1.3,0.2,0.4,47361.0,3.2,438.0,-1.5,-1.1,0.051,6116.0,0.2,9.0,0.4,0.5,0.004,1.23,-0.31,1.33,9.3,6.4,0.0137,7,134,-1,3,159.3,54,-33,21,0.9,0.008983,4.0,2.17,0.99,0.58,0.39,0.3,-1,2000-10-20 15:00:00
2000,294,16,2283,71,71,15,15,4.0,3.8,-11.9,249.6,-1.3,-3.5,-0.8,-3.6,0.5,0.1,0.9,0.7,0.3,0.5,39461.0,3.0,429.0,-2.4,-0.6,0.053,3326.0,0.2,6.0,0.4,0.9,0.006,1.12,-0.21,1.31,9.3,6.4,0.0138,7,134,-2,3,159.3,60,-42,18,1.1,0.008983,3.92,2.11,0.97,0.54,0.35,0.28,-1,2000-10-20 16:00:00
2000,294,17,2283,71,71,14,14,4.1,3.4,15.6,271.8,0.1,-3.2,0.9,-2.8,1.9,0.4,2.1,1.3,1.2,1.2,37694.0,3.7,417.0,-3.2,1.2,0.046,5141.0,0.7,10.0,1.4,1.2,0.008,1.27,-0.79,1.52,9.8,6.4,0.0124,7,134,0,3,159.3,63,-44,19,0.6,0.008983,4.65,2.45,1.05,0.56,0.36,0.29,-1,2000-10-20 17:00:00
2000,294,18,2283,71,71,16,16,4.3,3.6,-22.2,319.5,2.5,-2.1,-1.3,-2.4,-0.7,0.6,2.2,1.5,1.1,1.1,75143.0,2.7,439.0,-0.0,1.1,0.06,21227.0,0.6,15.0,1.8,1.5,0.009,1.08,0.31,1.24,8.4,5.8,0.0169,10,134,-1,4,159.3,46,-22,24,0.7,0.008983,3.0,1.7,0.86,0.54,0.38,0.28,-1,2000-10-20 18:00:00
2000,294,19,2283,71,71,15,15,3.6,3.1,23.9,250.7,-0.9,-2.6,1.2,-2.2,1.8,0.3,1.7,1.4,0.6,0.6,108692.0,2.5,436.0,0.3,0.2,0.062,15990.0,0.2,6.0,0.7,0.8,0.007,0.99,-0.78,1.9,9.6,5.9,0.013,10,134,-2,4,159.3,40,-23,17,0.0,0.008983,2.7,1.54,0.8,0.52,0.36,0.28,-1,2000-10-20 19:00:00
2000,294,20,2283,71,71,14,14,3.4,2.9,31.8,266.2,-0.2,-2.5,1.5,-2.1,2.0,0.3,1.5,1.0,0.9,0.7,88098.0,2.4,430.0,-0.9,-0.7,0.046,9322.0,0.3,7.0,0.7,0.6,0.01,0.88,-0.86,1.87,9.8,6.1,0.0124,10,134,-4,4,159.3,28,-11,17,-0.2,0.008983,2.7,1.53,0.81,0.52,0.37,0.29,-1,2000-10-20 20:00:00
2000,294,21,2283,71,71,15,15,2.7,2.0,63.1,124.1,-0.5,0.8,1.8,1.1,1.6,0.4,1.5,1.0,0.9,0.6,88548.0,2.1,411.0,-1.1,0.1,0.057,13227.0,0.3,5.0,1.3,0.9,0.006,0.73,-0.66,2.6,11.0,6.1,0.0098,3,134,-7,2,159.3,29,-13,16,-0.2,0.008983,3.15,1.73,0.83,0.48,0.33,0.26,-1,2000-10-20 21:00:00
2000,294,22,2283,71,71,15,15,3.5,2.0,30.7,297.9,0.8,-1.6,1.0,-1.4,1.3,0.4,2.6,0.9,2.3,0.8,48968.0,3.0,406.0,-0.8,1.9,0.051,11131.0,0.5,5.0,3.0,0.7,0.004,0.99,-0.53,1.81,10.0,6.3,0.0118,3,134,-5,2,159.3,25,-9,15,-0.1,0.008983,3.99,2.12,0.95,0.54,0.38,0.3,-1,2000-10-20 22:00:00
2000,294,23,2283,71,71,14,14,4.1,4.0,0.9,259.4,-0.7,-3.9,0.1,-3.8,0.8,0.1,0.8,0.6,0.1,0.6,32693.0,3.3,408.0,-3.7,2.4,0.042,5438.0,0.4,7.0,0.4,0.5,0.005,1.07,-0.33,1.32,9.0,6.2,0.0146,3,134,-4,2,159.3,24,-6,18,-0.1,0.008983,3.72,2.02,0.93,0.54,0.37,0.29,-1,2000-10-20 23:00:00
2000,295,0,2283,71,71,15,15,4.4,4.3,-14.9,258.7,-0.8,-4.1,-1.1,-4.2,-0.3,0.1,0.7,0.6,0.2,0.4,20140.0,3.5,393.0,-3.2,2.6,0.039,2169.0,0.2,4.0,0.2,0.2,0.003,1.04,0.12,1.12,8.4,6.0,0.017,3,138,-3,2,156.5,31,-10,21,-0.0,0.008665,3.32,1.8,0.86,0.51,0.36,0.27,-1,2000-10-21 00:00:00
2000,295,1,2283,71,71,15,15,4.4,4.1,2.6,234.0,-2.4,-3.3,0.2,-3.2,0.9,0.0,1.5,1.1,0.5,1.0,23948.0,4.0,394.0,-3.4,2.5,0.041,3547.0,0.5,4.0,0.2,0.4,0.003,1.21,-0.35,1.31,9.0,6.1,0.0148,3,138,-4,2,156.5,30,-6,24,0.1,0.008665,3.52,1.89,0.86,0.5,0.35,0.27,-1,2000-10-21 01:00:00
2000,295,2,2283,71,71,15,15,4.4,4.4,3.8,242.1,-2.0,-3.9,0.3,-3.7,1.3,0.0,0.5,0.3,0.1,0.4,20212.0,4.2,391.0,-4.0,2.7,0.048,1683.0,0.3,2.0,0.2,0.3,0.004,1.28,-0.51,1.34,9.1,6.2,0.0143,3,138,-4,2,156.5,29,-4,25,0.2,0.008665,3.42,1.86,0.92,0.57,0.4,0.31,-1,2000-10-21 02:00:00
2000,295,3,2283,71,71,15,15,4.4,4.3,18.8,250.0,-1.4,-3.8,1.4,-3.2,2.5,0.1,1.0,0.4,0.4,0.8,20184.0,4.3,390.0,-4.0,3.1,0.049,1115.0,0.5,2.0,0.6,0.4,0.005,1.31,-0.97,1.37,9.2,6.2,0.0141,0,138,-2,0,156.5,26,-1,24,-0.1,0.008665,3.53,1.92,0.92,0.55,0.39,0.31,-1,2000-10-21 03:00:00
2000,295,4,2283,71,71,15,15,4.6,4.4,19.8,258.3,-0.8,-4.1,1.5,-3.3,2.9,0.1,1.1,0.6,0.3,0.8,21821.0,3.8,390.0,-3.8,2.8,0.057,2759.0,0.3,3.0,0.6,0.3,0.005,1.19,-1.13,1.12,8.3,5.9,0.0174,0,138,-2,0,156.5,20,0,20,-0.4,0.008665,3.12,1.7,0.83,0.51,0.36,0.29,-1,2000-10-21 04:00:00
2000,295,5,2283,71,71,15,15,4.5,4.0,15.9,253.5,-1.1,-3.7,1.1,-2.9,2.5,0.1,1.8,0.8,0.4,1.6,29957.0,4.0,390.0,-3.7,2.5,0.058,4650.0,0.4,3.0,0.5,0.9,0.008,1.25,-0.97,1.3,8.7,5.9,0.0158,0,138,1,0,156.5,24,-2,22,-0.4,0.008665,2.93,1.62,0.8,0.51,0.37,0.28,-1,2000-10-21 05:00:00
2000,295,6,2283,71,71,15,15,4.5,4.3,22.7,259.2,-0.7,-3.9,1.7,-2.7,3.3,0.1,1.1,0.8,0.3,0.7,31220.0,3.9,389.0,-4.3,2.8,0.054,3780.0,0.4,3.0,0.5,0.3,0.004,1.2,-1.28,1.28,8.5,5.9,0.0163,3,138,3,2,156.5,31,-7,24,-0.4,0.008665,2.86,1.57,0.79,0.5,0.36,0.28,-1,2000-10-21 06:00:00
2000,295,7,2283,71,71,15,15,4.1,3.3,-6.6,319.1,2.5,-2.1,-0.4,-2.0,0.7,0.4,2.4,1.8,1.0,1.3,83830.0,3.4,385.0,-2.0,0.8,0.065,26466.0,0.7,6.0,0.8,1.3,0.006,1.06,-0.27,1.79,8.7,5.4,0.0159,3,138,4,2,156.5,37,-7,30,-0.2,0.008665,2.65,1.48,0.78,0.52,0.39,0.3,-1,2000-10-21 07:00:00
2000,295,8,2283,71,71,16,16,3.9,2.7,28.1,271.8,0.1,-2.4,1.3,-1.4,2.3,0.3,2.7,2.4,0.6,0.9,59713.0,4.0,392.0,-2.4,1.2,0.072,14610.0,1.0,12.0,0.4,0.7,0.006,1.32,-0.9,2.06,10.1,6.0,0.0118,3,138,5,2,156.5,43,-9,34,-0.3,0.008665,2.43,1.37,0.74,0.49,0.37,0.28,-1,2000-10-21 08:00:00
2000,295,9,2283,71,71,14,14,3.7,2.1,22.2,303.6,1.1,-1.7,0.8,-1.0,1.6,0.3,2.9,2.2,0.8,1.7,61641.0,3.9,385.0,-1.9,0.5,0.069,15276.0,0.5,9.0,0.7,1.0,0.009,1.23,-0.62,2.25,10.3,6.0,0.0113,7,138,6,3,156.5,41,-10,30,-0.2,0.008665,2.06,1.21,0.69,0.49,0.37,0.29,-1,2000-10-21 09:00:00
2000,295,10,2283,71,71,15,15,3.8,3.4,32.1,262.0,-0.4,-2.8,1.8,-1.4,3.0,0.2,1.6,0.9,0.5,1.2,42986.0,4.4,391.0,-2.8,1.4,0.066,3959.0,0.3,3.0,0.4,0.7,0.005,1.42,-1.17,2.17,10.8,6.4,0.0102,7,138,8,3,156.5,42,-11,31,-0.3,0.008665,2.0,1.2,0.68,0.48,0.37,0.28,-1,2000-10-21 10:00:00
2000,295,11,2283,71,71,15,15,4.1,3.2,24.3,260.8,-0.5,-2.9,1.3,-1.8,2.6,0.1,2.3,1.6,1.0,1.2,45049.0,4.4,388.0,-3.1,1.2,0.066,12619.0,0.4,8.0,1.0,1.0,0.003,1.4,-1.01,1.89,9.9,6.1,0.0121,7,138,6,3,156.5,42,-15,27,-0.2,0.008665,2.02,1.21,0.71,0.51,0.4,0.32,-1,2000-10-21 11:00:00
2000,295,12,2283,71,71,14,14,3.6,2.7,-22.8,319.1,1.9,-1.6,-1.0,-1.9,-0.1,0.1,2.2,1.2,1.5,1.1,58555.0,3.9,377.0,-2.3,-1.3,0.066,13951.0,0.1,4.0,1.2,0.5,0.002,1.17,0.04,2.34,10.3,5.9,0.0111,17,138,4,6,156.5,48,-18,30,0.2,0.008665,2.03,1.22,0.72,0.52,0.41,0.3,-1,2000-10-21 12:00:00
2000,295,13,2283,71,71,15,15,3.7,3.4,-35.3,339.1,2.6,-1.0,-2.0,-1.8,-1.3,0.3,1.3,0.6,0.8,0.8,60730.0,4.1,372.0,-2.1,-1.9,0.065,8746.0,0.3,2.0,0.7,0.5,0.003,1.19,0.48,2.36,10.2,5.8,0.0115,17,138,2,6,156.5,88,-29,59,0.8,0.008665,1.93,1.15,0.67,0.48,0.37,0.28,-1,2000-10-21 13:00:00
2000,295,14,2283,71,71,15,15,4.2,3.9,5.6,349.5,3.9,-0.7,0.4,-0.5,0.7,0.1,1.3,0.3,0.5,1.2,58915.0,3.9,368.0,-2.2,-0.2,0.06,3112.0,0.1,1.0,0.4,0.8,0.003,1.09,-0.26,1.72,8.7,5.5,0.0159,17,138,-2,6,156.5,176,-115,61,0.9,0.008665,1.99,1.17,0.71,0.53,0.42,0.32,-1,2000-10-21 14:00:00
2000,295,15,2283,71,71,15,15,3.6,3.2,15.0,313.3,2.1,-2.2,0.8,-1.7,1.6,0.1,1.5,1.1,0.5,0.9,9999999.0,999.9,372.0,-3.2,1.0,0.057,9999999.0,999.9,4.0,0.3,0.9,0.003,99.99,-0.6,999.99,999.9,99.9,9.9999,13,138,0,5,156.5,90,-57,34,0.3,0.008665,999999.99,99999.99,99999.99,99999.99,99999.99,99999.99,0,2000-10-21 15:00:00
2000,295,16,2283,71,71,15,15,3.6,3.0,-16.5,317.5,2.2,-2.0,-0.9,-2.2,-0.1,0.1,1.9,1.0,0.8,1.4,9999999.0,999.9,367.0,-3.3,-0.7,0.052,9999999.0,999.9,3.0,0.3,0.8,0.006,99.99,0.04,999.99,999.9,99.9,9.9999,13,138,2,5,156.5,50,-34,16,0.8,0.008665,999999.99,99999.99,99999.99,99999.99,99999.99,99999.99,0,2000-10-21 16:00:00
2000,295,17,2283,71,71,15,15,3.7,3.4,-25.2,340.1,2.9,-1.0,-1.4,-1.4,-1.0,0.3,1.3,0.8,1.0,0.3,9999999.0,999.9,364.0,-2.6,-1.3,0.059,9999999.0,999.9,5.0,0.4,0.4,0.004,99.99,0.36,999.99,999.9,99.9,9.9999,13,138,3,5,156.5,112,-95,17,0.9,0.008665,999999.99,99999.99,99999.99,99999.99,99999.99,99999.99,0,2000-10-21 17:00:00
2000,295,18,2283,71,71,15,15,3.5,3.5,-13.6,359.0,3.4,-0.1,-0.8,-0.3,-0.7,0.2,0.6,0.2,0.5,0.2,9999999.0,999.9,362.0,-2.2,-1.2,0.056,9999999.0,999.9,4.0,0.3,0.2,0.004,99.99,0.25,999.99,999.9,99.9,9.9999,10,138,7,4,156.5,174,-152,22,0.6,0.008665,999999.99,99999.99,99999.99,99999.99,99999.99,99999.99,0,2000-10-21 18:00:00
2000,295,19,2283,71,71,15,15,3.4,1.7,7.8,308.6,1.1,-1.3,0.2,-1.2,0.5,0.4,2.7,2.6,0.6,0.7,9999999.0,999.9,366.0,-1.9,-0.5,0.054,9999999.0,999.9,9.0,0.8,0.9,0.002,99.99,-0.18,999.99,999.9,99.9,9.9999,10,138,13,4,156.5,85,-66,19,0.4,0.008665,1.77,1.03,0.64,0.48,0.38,0.29,-1,2000-10-21 19:00:00
2000,295,20,2283,71,71,15,15,3.2,3.0,14.0,313.2,2.0,-2.1,0.7,-1.9,1.1,0.2,1.0,0.5,0.5,0.7,9999999.0,999.9,355.0,-2.3,0.0,0.052,9999999.0,999.9,4.0,0.4,0.6,0.004,99.99,-0.39,999.99,999.9,99.9,9.9999,10,138,13,4,156.5,43,-16,27,0.1,0.008665,999999.99,99999.99,99999.99,99999.99,99999.99,99999.99,0,2000-10-21 20:00:00
2000,295,21,2283,71,71,15,15,3.4,3.2,26.8,288.7,0.9,-2.7,1.5,-2.4,2.0,0.1,0.8,0.3,0.4,0.6,9999999.0,999.9,363.0,-3.1,1.2,0.05,9999999.0,999.9,2.0,0.2,0.4,0.006,99.99,-0.73,999.99,999.9,99.9,9.9999,3,138,15,2,156.5,39,-11,28,-0.1,0.008665,999999.99,99999.99,99999.99,99999.99,99999.99,99999.99,0,2000-10-21 21:00:00
2000,295,22,2283,71,71,15,15,3.8,3.0,9.6,315.0,2.1,-2.1,0.5,-2.0,0.9,0.4,2.0,1.3,0.5,1.4,9999999.0,999.9,363.0,-3.0,0.7,0.053,9999999.0,999.9,3.0,0.3,0.6,0.004,99.99,-0.33,999.99,999.9,99.9,9.9999,3,138,15,2,156.5,26,-4,23,-0.2,0.008665,1.81,1.06,0.62,0.45,0.36,0.29,-1,2000-10-21 22:00:00
2000,295,23,2283,71,71,15,15,3.8,3.1,-11.8,335.9,2.7,-1.2,-0.6,-1.3,-0.4,0.2,2.1,0.4,0.4,2.0,9999999.0,999.9,359.0,-3.2,-0.1,0.053,9999999.0,999.9,1.0,0.3,0.4,0.005,99.99,0.14,999.99,999.9,99.9,9.9999,3,138,13,2,156.5,26,0,26,0.2,0.008665,999999.99,99999.99,99999.99,99999.99,99999.99,99999.99,0,2000-10-21 23:00:00
2000,296,0,2283,71,71,15,15,3.6,3.1,1.4,317.4,2.2,-2.1,0.1,-2.0,0.5,0.1,1.8,0.8,0.5,1.5,9999999.0,999.9,362.0,-4.3,0.6,0.055,9999999.0,999.9,3.0,0.3,0.9,0.005,99.99,-0.18,999.99,999.9,99.9,9.9999,7,127,10,3,158.6,25,-1,24,-0.1,0.009027,1.69,0.99,0.62,0.48,0.35,0.27,-1,2000-10-22 00:00:00
2000,296,1,2283,71,71,15,15,3.9,3.7,-7.8,323.7,3.0,-2.2,-0.5,-2.3,0.0,0.2,1.0,0.4,0.5,0.8,9999999.0,999.9,358.0,-4.6,0.9,0.056,9999999.0,999.9,2.0,0.1,0.5,0.006,99.99,-0.0,999.99,999.9,99.9,9.9999,7,127,8,3,158.6,22,0,22,-0.0,0.009027,1.66,0.97,0.62,0.46,0.36,0.26,-1,2000-10-22 01:00:00
2000,296,2,2283,71,71,15,15,4.5,4.0,-7.2,319.4,3.0,-2.6,-0.5,-2.6,0.2,0.2,1.9,1.0,0.3,1.6,9999999.0,999.9,361.0,-4.7,0.6,0.053,9999999.0,999.9,3.0,0.2,0.3,0.006,99.99,-0.07,999.99,999.9,99.9,9.9999,7,127,5,3,158.6,23,3,25,-0.0,0.009027,1.82,1.01,0.62,0.48,0.38,0.3,-1,2000-10-22 02:00:00
2000,296,3,2283,71,71,15,15,4.4,3.5,4.0,303.1,1.9,-2.9,0.2,-2.7,1.1,0.2,2.5,1.5,0.8,1.8,9999999.0,999.9,370.0,-4.7,2.1,0.052,9999999.0,999.9,4.0,0.3,0.6,0.006,99.99,-0.41,999.99,999.9,99.9,9.9999,7,127,4,3,158.6,25,6,31,-0.3,0.009027,1.79,0.96,0.58,0.43,0.34,0.27,-1,2000-10-22 03:00:00
2000,296,4,2283,71,71,15,15,3.9,2.1,46.0,267.4,-0.1,-1.4,1.5,-0.8,1.9,1.1,3.3,3.0,0.9,1.1,9999999.0,999.9,364.0,-6.0,1.5,0.05,9999999.0,999.9,8.0,0.5,0.9,0.009,99.99,-0.69,999.99,999.9,99.9,9.9999,7,127,5,3,158.6,26,10,36,-0.3,0.009027,1.84,1.08,0.66,0.52,0.42,0.35,-1,2000-10-22 04:00:00
2000,296,5,2283,71,71,16,16,5.8,4.8,67.1,297.2,0.9,-1.7,4.4,0.2,4.7,0.7,3.1,2.0,1.3,2.0,33784.0,6.9,374.0,-6.7,2.0,0.057,1925.0,0.6,3.0,0.6,0.4,0.007,1.98,-1.76,1.38,8.5,5.7,0.0166,7,127,9,3,158.6,31,11,42,-0.4,0.009027,1.72,0.91,0.57,0.43,0.33,0.25,-1,2000-10-22 05:00:00
2000,296,6,2283,71,71,15,15,7.3,7.0,39.9,294.8,2.2,-4.9,4.5,-2.4,6.2,0.4,2.0,1.5,0.7,1.2,36979.0,8.6,377.0,-8.0,2.4,0.052,4509.0,0.9,3.0,0.6,0.2,0.006,2.47,-2.34,1.11,7.6,5.4,0.0207,20,127,15,7,158.6,38,11,49,-0.4,0.009027,1.72,0.94,0.64,0.51,0.39,0.27,-1,2000-10-22 06:00:00
2000,296,7,2283,71,71,15,15,8.4,7.6,1.2,313.7,5.2,-5.5,0.2,-4.7,2.8,0.4,2.8,0.4,0.7,2.7,61557.0,12.6,380.0,-9.7,3.1,0.049,9090.0,1.5,2.0,0.3,0.9,0.005,3.63,-1.06,1.41,8.0,5.4,0.0185,20,127,19,7,158.6,30,13,43,-0.2,0.009027,1.77,0.93,0.6,0.47,0.39,0.32,-1,2000-10-22 07:00:00
2000,296,8,2283,71,71,16,16,8.1,5.3,20.9,304.9,2.9,-4.1,1.9,-2.6,3.7,1.6,6.1,3.5,4.6,1.8,43610.0,19.0,389.0,-10.0,2.5,0.039,3674.0,4.5,8.0,1.5,1.5,0.006,5.55,-1.44,2.07,10.5,6.3,0.0109,20,127,25,7,158.6,41,11,52,-0.2,0.009027,1.28,0.75,0.53,0.43,0.38,0.31,-1,2000-10-22 08:00:00
2000,296,9,2283,71,71,17,17,11.7,11.0,24.1,131.5,-6.7,7.5,4.5,8.7,0.0,2.5,4.0,2.2,2.5,2.3,102199.0,11.1,439.0,-2.5,4.9,0.032,37628.0,8.2,13.0,2.1,1.8,0.006,4.03,-0.0,0.78,6.3,4.8,0.0304,30,127,20,15,158.6,94,-29,65,0.8,0.009027,0.67,0.51,0.44,0.4,0.33,0.24,-1,2000-10-22 09:00:00
2000,296,10,2283,71,71,15,15,13.1,13.0,33.2,127.9,-6.7,8.6,7.1,11.0,1.6,0.2,1.8,1.1,0.6,1.3,192442.0,4.9,462.0,0.2,6.0,0.047,8153.0,0.3,5.0,0.7,0.9,0.017,2.07,-0.74,0.38,3.9,3.4,0.0781,30,127,7,15,158.6,145,-59,87,0.9,0.009027,0.65,0.54,0.48,0.44,0.38,0.31,-1,2000-10-22 10:00:00
2000,296,11,2283,71,71,15,15,11.9,11.5,6.1,135.6,-8.1,8.0,1.2,7.5,-3.1,0.3,2.4,0.7,0.5,2.2,230612.0,5.7,483.0,3.6,8.1,0.052,27449.0,0.4,10.0,1.1,1.3,0.01,2.68,1.5,0.6,4.8,3.9,0.0507,30,127,6,15,158.6,454,-305,149,1.9,0.009027,0.62,0.52,0.47,0.43,0.37,0.28,-1,2000-10-22 11:00:00
2000,296,12,2283,71,71,16,16,12.2,11.6,26.6,123.0,-5.7,8.7,5.2,10.1,0.2,0.3,3.1,1.4,1.7,2.2,310674.0,4.8,496.0,2.3,4.3,0.085,29905.0,0.5,11.0,0.8,1.2,0.02,2.64,-0.1,0.59,4.5,3.6,0.06,33,127,-1,18,158.6,471,-296,175,2.3,0.009027,0.57,0.5,0.44,0.41,0.36,0.29,-1,2000-10-22 12:00:00
2000,296,13,2283,71,71,15,15,10.9,9.8,-3.7,128.5,-6.1,7.6,-0.6,6.4,-4.1,0.8,4.0,1.9,2.8,2.2,329713.0,4.6,514.0,3.4,3.7,0.079,24761.0,0.4,14.0,1.6,1.4,0.019,2.67,2.11,0.74,5.1,4.0,0.0465,33,127,0,18,158.6,335,-242,93,2.6,0.009027,0.58,0.51,0.47,0.43,0.37,0.28,-1,2000-10-22 13:00:00
2000,296,14,2283,71,71,15,15,9.6,9.0,4.8,145.5,-7.4,5.1,0.8,4.9,-1.5,0.8,2.7,0.8,2.3,1.1,322478.0,4.2,535.0,2.8,0.2,0.046,22724.0,0.5,11.0,0.7,1.9,0.007,2.38,0.8,0.85,5.7,4.3,0.0365,33,127,-7,18,158.6,689,-481,208,2.9,0.009027,0.57,0.51,0.47,0.44,0.38,0.29,-1,2000-10-22 14:00:00
2000,296,15,2283,71,71,16,16,8.4,6.8,-12.6,168.3,-6.5,1.3,-1.5,0.6,-1.9,0.2,3.9,1.8,3.1,1.5,301435.0,4.3,553.0,3.6,-1.0,0.037,11583.0,0.3,12.0,2.5,0.8,0.014,2.52,1.05,1.09,6.8,4.9,0.0255,47,127,-14,39,158.6,448,-282,166,2.1,0.009027,0.55,0.49,0.45,0.42,0.35,0.26,-1,2000-10-22 15:00:00
2000,296,16,2283,71,71,15,15,8.3,6.7,-5.5,126.9,-4.0,5.4,-0.6,4.8,-2.5,0.2,4.2,1.9,2.6,2.6,331285.0,4.2,554.0,2.6,0.6,0.042,9286.0,0.4,14.0,2.1,1.4,0.005,2.51,1.39,1.17,6.8,4.8,0.0254,47,127,-15,39,158.6,502,-243,259,2.2,0.009027,0.64,0.59,0.55,0.52,0.46,0.34,-1,2000-10-22 16:00:00
2000,296,17,2283,71,71,15,15,8.3,5.8,-42.4,130.3,-2.7,3.2,-3.9,1.8,-4.7,0.2,4.8,3.4,2.8,1.8,327853.0,4.6,562.0,3.9,2.5,0.041,13803.0,0.3,22.0,2.1,1.3,0.004,2.82,2.64,1.27,7.3,5.0,0.0226,47,127,-27,39,158.6,682,-532,150,2.7,0.009027,999999.99,99999.99,99999.99,99999.99,99999.99,99999.99,0,2000-10-22 17:00:00
2000,296,18,2283,71,71,15,15,8.5,6.7,-22.4,108.1,-1.9,5.9,-2.6,5.0,-4.1,0.3,4.0,1.6,3.1,2.0,372524.0,4.4,562.0,2.1,2.1,0.055,28597.0,0.3,9.0,2.8,1.6,0.009,2.83,2.3,1.27,6.9,4.8,0.0247,43,127,-33,32,158.6,913,-746,167,5.2,0.009027,1.04,0.94,0.89,0.88,0.87,0.75,-1,2000-10-22 18:00:00
2000,296,19,2283,71,71,14,14,9.6,8.3,-16.8,92.8,-0.4,7.9,-2.4,7.1,-4.2,0.3,3.3,2.1,1.3,2.3,373637.0,4.5,560.0,1.2,1.8,0.055,16701.0,0.4,13.0,1.0,1.3,0.014,2.88,2.35,1.02,6.2,4.5,0.0311,43,127,-41,32,158.6,696,-475,221,3.8,0.009027,0.9,0.82,0.79,0.75,0.33,0.24,-1,2000-10-22 19:00:00
2000,296,20,2283,71,71,15,15,10.7,9.5,6.9,122.8,-5.1,7.9,1.1,8.0,-0.5,0.5,4.1,2.6,1.9,2.6,347035.0,4.2,505.0,2.3,-0.1,0.049,31061.0,0.4,16.0,1.4,1.6,0.014,2.14,0.25,0.73,4.8,3.8,0.0509,43,127,-37,32,158.6,509,-288,221,3.0,0.009027,999999.99,99999.99,99999.99,99999.99,99999.99,99999.99,0,2000-10-22 20:00:00
2000,296,21,2283,71,71,15,15,11.3,9.8,26.6,100.0,-1.5,8.6,4.4,9.3,2.8,0.3,4.5,2.5,1.5,3.4,395030.0,4.3,524.0,2.3,-1.7,0.049,19873.0,0.2,14.0,1.3,2.7,0.018,2.36,-1.47,0.73,4.8,3.8,0.0515,27,127,-35,12,158.6,244,-153,91,1.4,0.009027,999999.99,99999.99,99999.99,99999.99,99999.99,99999.99,0,2000-10-22 21:00:00
2000,296,22,2283,71,71,16,16,12.5,9.5,13.7,109.3,-3.0,8.7,2.2,8.9,0.7,0.4,7.3,3.5,1.2,6.2,389947.0,4.4,524.0,4.4,-0.5,0.054,31326.0,0.5,22.0,1.3,5.1,0.016,2.45,-0.37,0.61,4.4,3.6,0.0615,27,127,-36,12,158.6,323,-230,93,1.4,0.009027,0.56,0.49,0.45,0.43,0.37,0.29,-1,2000-10-22 22:00:00
2000,296,23,2283,71,71,13,13,11.7,11.0,-15.6,134.7,-7.5,7.5,-2.9,6.9,-4.2,0.4,3.0,0.7,1.4,2.5,305319.0,4.7,515.0,7.4,2.0,0.051,23992.0,0.7,6.0,2.2,2.5,0.023,2.51,2.16,0.62,4.8,3.9,0.0522,27,127,-37,12,158.6,376,-283,93,2.2,0.009027,0.54,0.47,0.44,0.41,0.35,0.28,-1,2000-10-22 23:00:00
2000,297,0,2283,71,71,16,16,10.9,10.4,3.8,124.7,-5.9,8.5,0.7,8.5,-1.0,0.8,2.6,1.6,1.0,1.8,290321.0,4.3,514.0,4.7,1.1,0.036,24652.0,0.6,9.0,1.7,1.6,0.008,2.17,0.51,0.63,4.9,3.9,0.0498,40,121,-41,27,164.8,412,-290,121,2.4,0.008967,0.57,0.49,0.45,0.42,0.37,0.31,-1,2000-10-23 00:00:00
2000,297,1,2283,71,71,15,15,9.5,8.9,45.0,87.6,0.3,6.3,6.3,7.5,4.7,0.2,2.9,2.2,1.3,1.4,318633.0,3.7,516.0,0.4,-0.9,0.058,15108.0,0.4,6.0,0.5,0.8,0.019,2.03,-2.43,0.76,5.2,4.1,0.0436,40,121,-36,27,164.8,367,-279,88,1.9,0.008967,0.73,0.54,0.47,0.44,0.38,0.28,-1,2000-10-23 01:00:00
2000,297,2,2283,71,71,15,15,8.5,7.3,48.6,77.1,1.1,4.7,5.5,6.0,4.1,0.4,3.3,2.1,1.6,2.0,314309.0,4.5,508.0,0.7,-0.0,0.082,15701.0,0.3,20.0,0.4,2.0,0.035,2.58,-2.08,1.15,6.3,4.5,0.0296,40,121,-24,27,164.8,261,-158,104,1.6,0.008967,0.82,0.57,0.46,0.43,0.4,0.31,-1,2000-10-23 02:00:00
2000,297,3,2283,71,71,15,15,8.5,5.8,6.3,90.4,0.0,5.8,0.6,5.7,-1.2,0.4,5.8,1.0,2.3,5.2,330253.0,5.5,514.0,1.7,2.1,0.062,12889.0,1.1,6.0,1.5,2.5,0.016,3.03,0.62,1.45,7.1,4.7,0.0237,33,121,-25,18,164.8,143,-61,82,0.8,0.008967,0.71,0.58,0.52,0.49,0.43,0.35,-1,2000-10-23 03:00:00
2000,297,4,2283,71,71,15,15,7.7,5.4,35.5,110.4,-1.5,4.1,3.1,4.9,1.5,0.7,4.8,1.8,1.8,4.1,311695.0,4.8,510.0,2.2,-0.2,0.052,12587.0,0.5,8.0,1.2,1.9,0.012,2.52,-0.77,1.48,7.3,4.8,0.0226,33,121,-36,18,164.8,193,-105,88,1.1,0.008967,0.61,0.48,0.43,0.39,0.33,0.25,-1,2000-10-23 04:00:00
2000,297,5,2283,71,71,15,15,8.0,7.3,-23.6,123.9,-3.7,5.5,-2.9,3.9,-4.8,0.3,2.9,1.4,1.2,2.2,260441.0,4.3,506.0,2.7,0.9,0.051,11120.0,0.5,8.0,1.5,1.3,0.014,2.21,2.43,1.09,6.6,4.7,0.0277,33,121,-38,18,164.8,330,-208,122,1.9,0.008967,0.58,0.49,0.45,0.42,0.37,0.28,-1,2000-10-23 05:00:00
2000,297,6,2283,71,71,16,16,6.2,5.7,-48.4,156.7,-3.5,1.5,-4.3,-0.5,-4.5,1.0,2.1,0.6,1.4,1.5,258297.0,3.6,530.0,4.1,0.8,0.04,12225.0,0.7,9.0,0.9,0.6,0.007,1.96,2.38,1.51,8.1,5.3,0.0181,37,121,-46,22,164.8,446,-310,137,2.5,0.008967,0.6,0.52,0.47,0.44,0.37,0.29,-1,2000-10-23 06:00:00
2000,297,7,2283,71,71,15,15,5.0,4.0,27.4,149.7,-3.1,1.8,1.8,2.4,0.7,0.3,2.8,1.6,1.1,2.0,220785.0,2.9,544.0,1.8,-1.7,0.039,12876.0,0.3,9.0,1.0,1.6,0.006,1.66,-0.38,1.68,9.3,5.9,0.0139,37,121,-53,22,164.8,465,-268,196,2.4,0.008967,0.58,0.5,0.46,0.44,0.39,0.31,-1,2000-10-23 07:00:00
2000,297,8,2283,71,71,14,14,4.8,4.4,13.0,174.9,-4.3,0.4,1.0,0.8,0.7,0.2,1.6,0.8,1.1,0.9,224771.0,2.6,533.0,3.4,-1.4,0.033,10915.0,0.1,4.0,1.1,0.6,0.004,1.4,-0.37,1.66,9.0,5.7,0.0148,37,121,-43,22,164.8,233,-86,147,1.2,0.008967,0.58,0.51,0.47,0.44,0.38,0.28,-1,2000-10-23 08:00:00
2000,297,9,2283,71,71,16,16,4.6,3.9,-8.2,164.0,-3.7,1.1,-0.6,0.6,-1.1,0.2,2.2,1.3,1.2,1.3,209982.0,2.7,536.0,2.7,-0.7,0.03,16968.0,0.2,11.0,1.1,0.8,0.003,1.45,0.59,1.8,9.6,6.0,0.013,37,121,-35,22,164.8,174,-81,93,0.9,0.008967,0.59,0.5,0.46,0.43,0.37,0.29,-1,2000-10-23 09:00:00
2000,297,10,2283,71,71,15,15,5.2,4.6,-7.9,84.9,0.4,4.5,-0.6,3.5,-2.8,0.5,2.2,1.1,0.9,1.7,159045.0,2.9,565.0,-0.4,-0.1,0.027,5950.0,0.3,8.0,1.2,0.9,0.003,1.71,1.58,1.28,9.3,6.4,0.0139,37,121,-28,22,164.8,510,-383,127,3.0,0.008967,0.59,0.5,0.47,0.44,0.37,0.28,-1,2000-10-23 10:00:00
2000,297,11,2283,71,71,14,14,4.4,3.2,-7.2,116.7,-1.4,2.9,-0.4,2.3,-1.8,0.4,2.7,2.5,0.8,0.7,179693.0,2.5,544.0,1.0,-0.6,0.036,21836.0,0.2,24.0,1.1,0.6,0.005,1.41,0.98,1.65,9.8,6.3,0.0124,37,121,-28,22,164.8,533,-362,171,3.5,0.008967,0.64,0.55,0.5,0.47,0.41,0.32,-1,2000-10-23 11:00:00
2000,297,12,2283,71,71,15,15,3.4,2.8,-22.2,112.2,-1.0,2.4,-1.1,1.5,-2.1,0.6,1.8,1.5,0.9,0.5,199049.0,3.3,519.0,1.5,-0.3,0.037,19008.0,0.5,7.0,0.5,0.4,0.006,1.7,1.09,3.89,13.9,6.6,0.0062,23,121,-24,9,164.8,359,-215,144,2.8,0.008967,0.62,0.53,0.49,0.46,0.4,0.31,-1,2000-10-23 12:00:00
2000,297,13,2283,71,71,15,15,4.9,3.1,40.9,102.9,-0.5,2.3,2.0,3.0,0.7,0.6,3.7,3.3,1.3,1.0,178793.0,3.3,519.0,1.0,-1.4,0.041,18769.0,0.2,13.0,0.4,0.6,0.006,1.73,-0.36,1.76,9.6,6.1,0.0129,23,121,-24,9,164.8,310,-194,115,1.7,0.008967,0.58,0.5,0.46,0.43,0.38,0.28,-1,2000-10-23 13:00:00
2000,297,14,2283,71,71,15,15,4.2,3.3,55.2,162.0,-1.8,0.6,2.7,1.7,2.2,0.6,2.3,1.8,0.3,1.5,201931.0,3.1,512.0,0.7,-1.8,0.037,17206.0,0.4,15.0,0.3,1.4,0.005,1.56,-1.13,2.41,10.7,6.1,0.0103,23,121,-28,9,164.8,137,-58,79,0.5,0.008967,0.59,0.52,0.49,0.45,0.39,0.3,-1,2000-10-23 14:00:00
2000,297,15,2283,71,71,15,15,3.6,2.5,67.6,320.3,0.7,-0.6,2.3,0.4,2.4,0.6,2.4,2.1,0.6,1.0,197728.0,3.0,511.0,1.1,-1.7,0.034,21918.0,0.2,16.0,0.5,0.7,0.006,1.49,-1.23,3.14,12.3,6.4,0.0079,17,121,-27,6,164.8,65,-36,29,0.3,0.008967,0.54,0.48,0.43,0.4,0.34,0.26,-1,2000-10-23 15:00:00
2000,297,16,2283,71,71,15,15,4.8,4.5,14.5,1.1,4.4,0.1,1.1,0.5,1.0,0.2,1.4,0.6,0.8,1.0,152297.0,2.5,525.0,0.4,-1.0,0.036,11301.0,0.2,3.0,0.6,0.7,0.008,1.32,-0.53,1.27,8.6,6.0,0.0159,17,121,-26,6,164.8,80,-63,17,0.6,0.008967,0.58,0.52,0.47,0.44,0.39,0.31,-1,2000-10-23 16:00:00
2000,297,17,2283,71,71,15,15,5.1,5.0,20.3,5.1,4.6,0.4,1.7,0.9,1.5,0.1,0.9,0.4,0.5,0.7,139338.0,2.3,527.0,0.3,-1.6,0.031,9044.0,0.1,3.0,0.4,0.7,0.004,1.2,-0.79,0.98,7.8,5.8,0.0194,17,121,-25,6,164.8,52,-32,21,0.0,0.008967,0.55,0.5,0.45,0.43,0.37,0.28,-1,2000-10-23 17:00:00
2000,297,18,2283,71,71,14,14,4.3,1.3,-10.5,157.4,-1.2,0.5,-0.2,0.4,-0.3,0.4,4.0,3.1,1.7,1.9,166080.0,3.0,481.0,0.9,-0.0,0.036,12575.0,0.6,21.0,1.4,1.3,0.006,1.33,0.14,1.99,9.7,5.9,0.0127,20,121,-19,7,164.8,88,-73,15,0.1,0.008967,0.56,0.5,0.46,0.43,0.38,0.3,-1,2000-10-23 18:00:00
2000,297,19,2283,71,71,15,15,4.0,2.3,34.4,165.5,-1.8,0.5,1.3,0.8,1.2,0.3,3.2,1.6,1.4,2.3,186197.0,3.0,475.0,1.1,-1.3,0.027,14613.0,0.2,11.0,1.2,1.5,0.002,1.25,-0.57,2.45,10.3,5.8,0.0112,20,121,-16,7,164.8,164,-124,40,0.3,0.008967,0.58,0.52,0.48,0.45,0.39,0.3,-1,2000-10-23 19:00:00
2000,297,20,2283,71,71,16,16,4.4,3.3,35.8,61.2,1.3,2.4,1.9,2.7,1.4,0.3,2.7,1.7,1.7,1.3,171854.0,2.9,495.0,-0.7,-1.5,0.034,15823.0,0.2,11.0,1.3,1.0,0.009,1.35,-0.69,1.87,9.6,5.9,0.013,20,121,-13,7,164.8,76,-45,31,0.2,0.008967,0.54,0.48,0.44,0.41,0.34,0.26,-1,2000-10-23 20:00:00
2000,297,21,2283,71,71,15,15,4.8,4.3,-13.3,61.1,2.0,3.6,-1.0,3.4,-1.6,0.4,1.9,0.8,0.8,1.5,128143.0,2.7,496.0,-0.6,0.5,0.044,29051.0,0.2,8.0,0.6,1.3,0.007,1.3,0.79,1.25,8.5,5.9,0.0165,23,121,-14,9,164.8,151,-115,37,0.7,0.008967,0.58,0.52,0.47,0.44,0.39,0.3,-1,2000-10-23 21:00:00
2000,297,22,2283,71,71,13,13,4.8,4.2,-16.7,106.9,-1.2,3.8,-1.2,3.5,-1.8,0.2,2.1,1.4,0.5,1.4,106359.0,2.8,471.0,-1.3,1.0,0.041,13120.0,0.3,12.0,0.8,1.2,0.006,1.21,0.85,1.19,8.2,5.8,0.0176,23,121,-19,9,164.8,333,-284,49,1.6,0.008967,0.58,0.52,0.47,0.44,0.37,0.28,-1,2000-10-23 22:00:00
2000,297,23,2283,71,71,15,15,4.8,4.2,-2.4,117.9,-2.0,3.7,-0.2,3.6,-0.8,0.3,1.6,1.0,0.6,1.1,120547.0,2.8,459.0,-1.9,0.5,0.041,13588.0,0.3,9.0,0.7,1.2,0.004,1.15,0.37,1.26,8.0,5.5,0.0186,23,121,-21,9,164.8,250,-216,34,1.1,0.008967,0.59,0.53,0.48,0.44,0.38,0.28,-1,2000-10-23 23:00:00
2000,298,0,2283,71,71,15,15,5.3,4.6,-24.4,145.6,-3.5,2.4,-1.9,2.0,-2.3,0.3,2.2,0.9,1.8,0.9,93963.0,2.9,447.0,-0.2,1.2,0.04,17849.0,0.2,6.0,1.9,1.6,0.006,1.12,1.03,0.95,7.2,5.3,0.0231,23,117,-19,9,157.5,319,-234,86,1.4,0.009245,0.55,0.49,0.45,0.42,0.36,0.28,-1,2000-10-24 00:00:00
2000,298,1,2283,71,71,15,15,5.3,4.9,-23.2,159.4,-4.2,1.6,-1.9,1.1,-2.2,0.1,1.8,0.6,1.4,0.9,106275.0,3.1,442.0,1.0,0.9,0.057,8927.0,0.4,4.0,1.7,1.0,0.019,1.24,0.97,1.08,7.3,5.3,0.0221,23,117,-20,9,157.5,399,-300,99,1.3,0.009245,1.14,1.09,1.04,1.01,0.96,0.75,-1,2000-10-24 01:00:00
2000,298,2,2283,71,71,15,15,5.3,4.7,-9.3,157.6,-4.3,1.8,-0.8,1.5,-1.2,0.2,2.0,1.1,1.6,0.5,121262.0,2.8,448.0,0.4,-0.3,0.066,14880.0,0.1,5.0,1.7,0.7,0.021,1.19,0.54,1.04,7.1,5.1,0.0238,23,117,-24,9,157.5,223,-146,77,0.8,0.009245,0.58,0.52,0.47,0.44,0.39,0.3,-1,2000-10-24 02:00:00
2000,298,3,2283,71,71,15,15,4.9,4.6,4.7,156.0,-4.2,1.9,0.4,1.9,-0.2,0.2,1.6,0.6,1.3,0.7,138483.0,2.5,443.0,-0.3,-1.3,0.043,25066.0,0.2,7.0,1.3,1.2,0.005,0.96,0.09,1.16,7.1,5.1,0.0233,17,117,-25,6,157.5,142,-107,35,0.3,0.009245,0.55,0.49,0.44,0.41,0.35,0.26,-1,2000-10-24 03:00:00
2000,298,4,2283,71,71,14,14,5.4,5.2,7.3,163.6,-5.0,1.5,0.7,1.6,0.1,0.1,1.2,0.4,1.0,0.5,96560.0,2.5,424.0,-0.5,-2.6,0.041,8149.0,0.1,5.0,1.2,0.6,0.005,0.87,-0.04,0.8,6.2,4.8,0.0309,17,117,-27,6,157.5,66,-14,52,0.1,0.009245,0.62,0.55,0.5,0.47,0.41,0.33,-1,2000-10-24 04:00:00
2000,298,5,2283,71,71,15,15,5.8,5.8,-0.9,190.0,-5.7,-1.0,-0.1,-1.0,0.3,0.1,0.6,0.1,0.5,0.3,100210.0,2.6,421.0,2.5,-2.5,0.03,5251.0,0.2,2.0,0.8,0.5,0.005,0.86,-0.13,0.73,5.9,4.6,0.0347,17,117,-28,6,157.5,41,-8,33,-0.0,0.009245,0.57,0.51,0.46,0.43,0.37,0.28,-1,2000-10-24 05:00:00
2000,298,6,2283,71,71,16,16,5.9,5.7,-28.3,160.8,-4.7,1.6,-2.7,0.3,-3.1,0.1,1.4,0.5,1.3,0.5,87402.0,3.0,426.0,-0.4,1.4,0.046,4748.0,0.3,5.0,1.4,1.1,0.009,1.08,1.32,0.77,6.3,4.8,0.0304,23,117,-27,9,157.5,65,-13,52,0.1,0.009245,0.57,0.51,0.46,0.43,0.37,0.29,-1,2000-10-24 06:00:00
2000,298,7,2283,71,71,14,14,5.7,4.6,-31.0,136.2,-2.8,2.7,-2.3,1.3,-3.3,0.2,2.7,1.5,2.1,0.6,95253.0,2.9,439.0,-0.4,0.8,0.046,14348.0,0.3,14.0,2.5,1.6,0.011,1.11,1.45,0.83,6.6,5.0,0.0277,23,117,-30,9,157.5,176,-104,72,1.1,0.009245,0.58,0.52,0.48,0.45,0.38,0.29,-1,2000-10-24 07:00:00
2000,298,8,2283,71,71,16,16,5.7,5.0,-30.5,141.5,-3.4,2.7,-2.6,1.1,-3.6,0.1,2.4,1.3,1.2,1.6,89148.0,3.0,428.0,-0.5,1.3,0.043,16984.0,0.4,10.0,1.3,1.9,0.007,1.08,1.54,0.84,6.5,5.0,0.0281,23,117,-31,9,157.5,426,-308,117,2.1,0.009245,0.61,0.55,0.5,0.47,0.4,0.31,-1,2000-10-24 08:00:00
2000,298,9,2283,71,71,15,15,5.7,5.1,-40.1,88.9,0.1,3.9,-3.3,1.7,-4.8,0.1,2.5,0.5,1.6,1.9,72634.0,3.0,455.0,-2.0,2.3,0.035,11029.0,0.5,5.0,2.0,1.6,0.008,1.18,2.18,0.77,6.9,5.4,0.0249,33,117,-25,18,157.5,524,-385,138,3.6,0.009245,0.58,0.53,0.48,0.45,0.39,0.3,-1,2000-10-24 09:00:00
2000,298,10,2283,71,71,15,15,5.5,5.5,-68.0,83.3,0.2,2.0,-5.1,-0.9,-5.4,0.1,0.5,0.4,0.3,0.1,92764.0,3.2,455.0,0.5,4.7,0.029,5180.0,0.2,3.0,0.5,0.4,0.002,1.23,2.46,0.97,7.4,5.5,0.0217,33,117,-31,18,157.5,621,-447,175,3.3,0.009245,0.58,0.52,0.47,0.43,0.37,0.29,-1,2000-10-24 10:00:00
2000,298,11,2283,71,71,15,15,5.5,5.1,-73.0,112.7,-0.6,1.4,-4.9,-1.3,-4.9,0.2,1.8,1.3,1.2,0.4,89808.0,2.9,447.0,1.1,3.9,0.033,12173.0,0.2,7.0,1.3,0.9,0.01,1.1,2.19,0.87,6.9,5.2,0.0248,33,117,-34,18,157.5,712,-513,199,3.9,0.009245,0.58,0.52,0.47,0.43,0.37,0.28,-1,2000-10-24 11:00:00
2000,298,12,2283,71,71,15,15,5.5,4.7,-54.0,116.2,-1.2,2.5,-3.8,0.3,-4.5,0.5,2.6,0.8,2.1,1.3,82329.0,3.0,438.0,0.6,4.0,0.034,15609.0,0.4,7.0,2.5,0.9,0.008,1.09,1.97,0.87,6.9,5.2,0.025,27,117,-39,12,157.5,456,-325,131,3.1,0.009245,0.58,0.53,0.48,0.44,0.38,0.29,-1,2000-10-24 12:00:00
2000,298,13,2283,71,71,15,15,4.5,3.4,-31.9,180.2,-2.9,0.0,-1.8,-0.8,-1.6,0.3,2.7,1.0,2.2,1.2,151193.0,2.8,434.0,2.4,0.7,0.074,16968.0,0.2,6.0,1.8,1.4,0.014,1.14,0.69,1.61,8.1,5.2,0.0183,27,117,-35,12,157.5,371,-300,71,2.3,0.009245,0.6,0.55,0.49,0.45,0.39,0.3,-1,2000-10-24 13:00:00
2000,298,14,2283,71,71,15,15,4.0,2.7,36.3,143.6,-1.7,1.3,1.6,1.9,0.9,0.3,2.8,1.3,2.4,0.5,177618.0,2.5,443.0,-0.4,-1.8,0.053,21820.0,0.1,7.0,2.1,0.6,0.016,0.99,-0.4,1.99,8.8,5.3,0.0155,27,117,-32,12,157.5,147,-71,76,0.9,0.009245,0.58,0.52,0.47,0.42,0.35,0.27,-1,2000-10-24 14:00:00
2000,298,15,2283,71,71,16,16,3.8,2.2,20.8,137.6,-1.5,1.4,0.8,1.6,0.2,0.4,2.9,1.9,1.3,1.8,179425.0,2.4,445.0,0.4,-1.5,0.078,13488.0,0.1,12.0,1.1,1.9,0.02,1.04,-0.09,2.13,9.1,5.4,0.0145,13,117,-28,5,157.5,86,-29,57,0.3,0.009245,0.6,0.54,0.49,0.45,0.39,0.3,-1,2000-10-24 15:00:00
2000,298,16,2283,71,71,14,14,3.7,2.2,5.4,186.0,-2.1,-0.2,0.2,-0.1,0.3,0.4,2.8,2.1,0.9,1.6,176138.0,2.3,434.0,2.4,-0.7,0.064,16963.0,0.1,18.0,1.0,1.9,0.008,0.91,-0.13,2.13,8.9,5.3,0.015,13,117,-28,5,157.5,71,-57,14,0.8,0.009245,0.58,0.52,0.47,0.43,0.38,0.29,-1,2000-10-24 16:00:00
2000,298,17,2283,71,71,11,11,4.2,3.1,22.8,79.1,0.5,2.8,1.2,3.0,0.3,0.3,2.7,2.0,0.7,1.7,133340.0,2.2,447.0,-1.6,-1.3,0.061,14093.0,0.3,21.0,1.0,1.6,0.012,0.91,-0.13,1.36,7.9,5.4,0.0191,13,117,-25,5,157.5,134,-110,24,0.3,0.009245,0.58,0.52,0.47,0.43,0.37,0.29,-1,2000-10-24 17:00:00
2000,298,18,2283,71,71,14,14,5.2,4.6,15.9,156.1,-4.1,1.8,1.3,2.1,0.8,0.3,2.2,0.4,1.5,1.5,78709.0,2.1,389.0,-0.6,-3.6,0.057,19780.0,0.3,7.0,2.5,2.8,0.009,0.65,-0.31,0.67,5.4,4.3,0.0405,17,117,-21,6,157.5,202,-181,21,0.4,0.009245,0.57,0.51,0.46,0.42,0.36,0.28,-1,2000-10-24 18:00:00
2000,298,19,2283,71,71,15,15,5.8,5.5,1.1,165.7,-5.3,1.4,0.1,1.4,-0.2,0.1,1.6,0.3,0.7,1.4,44036.0,2.0,373.0,0.7,-2.0,0.055,9644.0,0.2,5.0,1.2,2.4,0.011,0.57,0.07,0.43,4.5,3.9,0.0575,17,117,-18,6,157.5,121,-104,17,-0.2,0.009245,0.57,0.51,0.45,0.41,0.36,0.28,-1,2000-10-24 19:00:00
2000,298,20,2283,71,71,14,14,5.7,5.6,-16.4,159.8,-5.0,1.8,-1.6,1.5,-1.9,0.1,0.9,0.5,0.8,0.3,48833.0,1.8,368.0,-0.4,1.1,0.061,9199.0,0.1,10.0,1.5,0.6,0.012,0.51,0.7,0.41,4.3,3.7,0.0634,17,117,-19,6,157.5,94,-71,22,0.6,0.009245,0.59,0.54,0.48,0.44,0.37,0.28,-1,2000-10-24 20:00:00
2000,298,21,2283,71,71,16,16,5.5,5.4,-11.1,153.1,-4.7,2.4,-1.0,2.2,-1.4,0.1,1.1,0.6,0.7,0.6,65887.0,1.6,372.0,-2.5,0.3,0.039,8515.0,0.1,11.0,1.4,1.3,0.011,0.43,0.52,0.43,4.3,3.7,0.065,17,117,-21,6,157.5,130,-94,36,0.7,0.009245,0.57,0.51,0.45,0.4,0.35,0.28,-1,2000-10-24 21:00:00
2000,298,22,2283,71,71,15,15,4.7,4.3,-2.4,146.5,-3.6,2.4,-0.2,2.3,-0.6,0.2,1.7,1.1,0.9,0.8,144060.0,1.6,395.0,-0.5,-1.0,0.047,11639.0,0.1,13.0,1.7,1.4,0.009,0.5,0.24,0.82,5.3,4.1,0.0421,17,117,-24,6,157.5,233,-183,51,1.3,0.009245,0.6,0.53,0.46,0.41,0.35,0.27,-1,2000-10-24 22:00:00
2000,298,23,2283,71,71,15,15,4.9,4.8,-4.8,143.0,-3.8,2.9,-0.4,2.8,-0.9,0.1,1.0,0.6,0.7,0.3,134321.0,2.0,392.0,-1.7,-0.4,0.054,4861.0,0.1,6.0,1.1,0.5,0.007,0.62,0.35,0.91,5.7,4.2,0.0372,17,117,-24,6,157.5,135,-89,46,1.2,0.009245,0.58,0.52,0.46,0.42,0.37,0.28,-1,2000-10-24 23:00:00
2000,299,0,2283,71,71,17,17,4.8,4.3,8.4,93.8,-0.3,4.3,0.6,4.3,-0.2,0.3,2.0,1.9,0.4,0.5,112029.0,1.9,425.0,-4.4,-1.2,0.044,16210.0,0.2,20.0,0.9,0.8,0.006,0.67,0.09,0.82,6.1,4.7,0.0319,3,125,-23,2,162.0,76,-30,46,0.6,0.009433,0.63,0.56,0.5,0.46,0.4,0.31,-1,2000-10-25 00:00:00
2000,299,1,2283,71,71,15,15,5.1,4.9,16.5,75.2,1.2,4.5,1.4,4.7,0.4,0.1,1.1,0.9,0.4,0.6,80368.0,2.1,438.0,-4.7,-2.3,0.04,8276.0,0.2,9.0,0.8,1.1,0.012,0.78,-0.18,0.7,6.2,4.9,0.0307,3,125,-22,2,162.0,62,-14,48,0.6,0.009433,0.57,0.51,0.44,0.4,0.33,0.25,-1,2000-10-25 01:00:00
2000,299,2,2283,71,71,15,15,5.6,5.5,17.9,65.8,2.1,4.7,1.7,5.0,0.5,0.1,0.9,0.6,0.3,0.6,47886.0,2.1,452.0,-4.6,-2.7,0.03,8010.0,0.1,8.0,0.6,1.0,0.003,0.8,-0.23,0.49,5.8,4.9,0.0348,3,125,-22,2,162.0,50,-17,33,0.4,0.009433,0.59,0.52,0.47,0.43,0.37,0.28,-1,2000-10-25 02:00:00
2000,299,3,2283,71,71,14,14,5.9,5.5,31.8,79.9,0.8,4.6,2.9,5.3,1.4,0.1,1.5,1.2,0.5,0.7,46597.0,2.0,440.0,-5.0,-4.8,0.033,4167.0,0.3,13.0,0.8,1.4,0.003,0.73,-0.62,0.42,5.3,4.5,0.0428,7,125,-22,3,162.0,48,-23,25,0.4,0.009433,0.58,0.51,0.45,0.42,0.35,0.28,-1,2000-10-25 03:00:00
2000,299,4,2283,71,71,16,16,6.0,5.4,27.1,104.6,-1.2,4.7,2.5,5.3,0.7,0.1,2.0,1.4,1.1,0.9,45558.0,2.0,412.0,-5.5,-4.5,0.043,6741.0,0.2,19.0,2.1,2.2,0.01,0.66,-0.29,0.4,4.9,4.2,0.0505,7,125,-20,3,162.0,45,-22,23,0.2,0.009433,0.6,0.53,0.46,0.43,0.37,0.29,-1,2000-10-25 04:00:00
2000,299,5,2283,71,71,14,14,6.3,5.5,49.8,119.7,-1.7,3.1,4.2,4.5,2.7,0.1,2.9,1.6,2.2,1.0,35734.0,2.0,408.0,-2.5,-7.6,0.036,7840.0,0.2,20.0,4.3,2.0,0.005,0.64,-1.1,0.34,4.6,4.0,0.0567,7,125,-20,3,162.0,56,-31,25,0.5,0.009433,0.6,0.53,0.47,0.42,0.36,0.26,-1,2000-10-25 05:00:00
2000,299,6,2283,71,71,15,15,6.3,5.7,24.0,104.4,-1.3,5.0,2.3,5.5,-0.1,0.1,2.3,1.1,0.9,1.8,40213.0,2.0,412.0,-5.7,-3.1,0.035,4038.0,0.3,13.0,1.7,3.4,0.004,0.65,0.04,0.35,4.6,4.0,0.0556,20,125,-20,7,162.0,66,-39,28,0.5,0.009433,0.59,0.51,0.44,0.4,0.34,0.26,-1,2000-10-25 06:00:00
2000,299,7,2283,71,71,15,15,6.3,5.8,-10.5,104.2,-1.4,5.5,-1.1,4.3,-3.5,0.1,1.9,1.4,0.4,1.2,46032.0,2.1,409.0,-6.4,3.0,0.041,5849.0,0.5,17.0,0.8,2.0,0.007,0.68,1.43,0.38,4.7,4.1,0.0538,20,125,-21,7,162.0,213,-164,49,1.2,0.009433,0.63,0.56,0.49,0.44,0.38,0.3,-1,2000-10-25 07:00:00
2000,299,8,2283,71,71,12,12,6.1,4.6,-22.8,127.3,-2.6,3.4,-1.8,2.1,-3.2,0.1,3.5,1.5,2.4,2.1,72123.0,2.1,395.0,-2.6,3.4,0.057,20205.0,0.4,19.0,4.8,3.0,0.03,0.67,1.26,0.47,4.7,4.0,0.054,20,125,-25,7,162.0,371,-292,80,2.3,0.009433,0.61,0.54,0.47,0.43,0.36,0.28,-1,2000-10-25 08:00:00
2000,299,9,2283,71,71,18,18,6.3,5.2,-27.0,147.0,-3.9,2.5,-2.4,0.9,-3.3,0.1,3.1,1.7,1.8,1.9,83326.0,2.1,379.0,-0.3,3.4,0.05,21661.0,0.6,25.0,3.8,3.1,0.013,0.6,1.25,0.47,4.4,3.7,0.0626,20,125,-23,7,162.0,290,-187,103,2.3,0.009433,0.6,0.53,0.46,0.42,0.36,0.28,-1,2000-10-25 09:00:00
2000,299,10,2283,71,71,14,14,6.4,6.1,-7.7,108.7,-1.9,5.7,-0.8,4.5,-3.6,0.1,1.6,0.8,0.5,1.3,52811.0,2.2,399.0,-5.7,2.5,0.05,7130.0,0.4,8.0,1.7,1.5,0.01,0.7,1.44,0.4,4.6,4.0,0.0556,20,125,-23,7,162.0,441,-251,190,2.6,0.009433,0.57,0.49,0.42,0.38,0.33,0.26,-1,2000-10-25 10:00:00
2000,299,11,2283,71,71,15,15,6.3,5.9,-25.7,115.9,-2.3,4.8,-2.6,2.8,-4.7,0.1,1.8,0.7,0.9,1.4,60188.0,2.3,396.0,-3.2,4.5,0.041,9901.0,0.2,8.0,2.6,1.4,0.01,0.7,1.86,0.45,4.8,4.0,0.0524,20,125,-28,7,162.0,481,-289,192,2.3,0.009433,0.62,0.54,0.46,0.41,0.35,0.27,-1,2000-10-25 11:00:00
2000,299,12,2283,71,71,15,15,6.1,5.6,-36.3,122.2,-2.4,3.8,-3.3,1.7,-4.7,0.1,2.0,1.2,1.0,1.3,85434.0,2.4,401.0,-1.0,3.5,0.045,16279.0,0.3,11.0,1.9,2.2,0.007,0.76,1.88,0.57,5.1,4.2,0.0459,27,125,-32,12,162.0,680,-546,134,3.0,0.009433,0.66,0.57,0.49,0.44,0.38,0.29,-1,2000-10-25 12:00:00
2000,299,13,2283,71,71,16,16,5.6,3.3,34.2,116.7,-1.2,2.4,1.8,3.0,0.5,0.4,4.4,1.0,1.1,4.2,129244.0,2.6,409.0,-0.6,-3.3,0.034,22127.0,0.2,7.0,1.4,4.4,0.005,0.83,-0.2,0.89,5.9,4.4,0.0343,27,125,-29,12,162.0,549,-461,88,3.2,0.009433,0.82,0.69,0.58,0.5,0.38,0.29,-1,2000-10-25 13:00:00
2000,299,14,2283,71,71,15,15,5.3,4.9,66.8,67.1,0.8,1.8,4.5,3.6,3.3,0.1,1.6,1.1,1.1,0.3,138041.0,2.5,419.0,-1.0,-5.1,0.03,8215.0,0.1,10.0,1.4,0.5,0.002,0.82,-1.38,0.99,6.2,4.6,0.0304,27,125,-22,12,162.0,133,-87,46,0.7,0.009433,0.99,0.86,0.74,0.62,0.41,0.29,-1,2000-10-25 14:00:00
2000,299,15,2283,71,71,15,15,4.1,3.7,70.8,30.1,1.1,0.6,3.5,1.9,3.0,0.8,1.7,0.4,1.6,0.7,147401.0,3.0,424.0,0.4,-3.9,0.028,15344.0,0.3,3.0,1.9,0.7,0.004,1.0,-1.27,2.05,9.0,5.4,0.0148,10,125,-14,4,162.0,91,-39,52,0.2,0.009433,2.05,1.9,1.65,1.24,0.57,0.35,-1,2000-10-25 15:00:00
2000,299,16,2283,71,71,15,15,4.2,3.5,21.8,77.5,0.7,3.2,1.3,3.5,0.1,0.4,2.1,0.9,1.5,1.2,138361.0,3.1,419.0,-1.3,-1.2,0.025,9581.0,0.2,4.0,1.7,1.1,0.002,1.0,-0.04,1.95,8.8,5.4,0.0154,10,125,-13,4,162.0,50,-30,20,0.6,0.009433,6.06,5.63,4.32,2.55,0.76,0.44,-1,2000-10-25 16:00:00
2000,299,17,2283,71,71,15,15,4.4,4.1,-15.2,80.4,0.7,3.9,-1.1,3.4,-2.2,0.1,1.4,0.6,0.4,1.2,119271.0,2.9,420.0,-2.5,0.2,0.023,7895.0,0.2,3.0,0.4,0.7,0.003,0.93,0.92,1.54,8.1,5.3,0.018,10,125,-14,4,162.0,209,-187,22,1.0,0.009433,12.1,10.1,6.88,3.56,0.85,0.45,-1,2000-10-25 17:00:00
2000,299,18,2283,71,71,15,15,4.8,4.4,-9.0,93.8,-0.3,4.4,-0.7,4.1,-1.8,0.2,1.4,1.2,0.3,0.7,102963.0,2.9,408.0,-3.5,-0.4,0.024,7316.0,0.2,7.0,0.6,0.6,0.003,0.88,0.73,1.21,7.2,5.1,0.0227,17,125,-14,6,162.0,391,-344,47,1.9,0.009433,10.6,9.25,6.66,3.61,0.85,0.46,-1,2000-10-25 18:00:00
2000,299,19,2283,71,71,16,16,4.9,4.7,11.4,54.0,2.7,3.7,0.9,3.8,0.1,0.1,1.1,0.8,0.6,0.6,90648.0,3.1,427.0,-3.5,-1.2,0.02,2960.0,0.1,5.0,0.4,0.7,0.002,1.02,-0.04,1.18,7.7,5.4,0.0202,17,125,-11,6,162.0,204,-168,36,1.5,0.009433,12.5,10.9,7.8,4.08,0.84,0.44,-1,2000-10-25 19:00:00
2000,299,20,2283,71,71,14,14,4.9,4.6,13.5,82.6,0.6,4.4,1.1,4.5,0.2,0.1,1.5,1.1,0.4,1.0,87656.0,3.0,413.0,-4.3,-0.9,0.02,5016.0,0.2,7.0,0.2,1.0,0.002,0.92,-0.08,1.12,7.3,5.2,0.0223,17,125,-10,6,162.0,68,-47,21,0.3,0.009433,16.8,14.4,9.79,4.65,0.83,0.42,-1,2000-10-25 20:00:00
2000,299,21,2283,71,71,15,15,5.1,4.6,9.6,90.6,0.0,4.5,0.8,4.6,0.0,0.1,2.1,0.9,0.3,1.9,81830.0,2.9,411.0,-4.2,-1.6,0.02,7017.0,0.2,5.0,0.3,1.6,0.002,0.88,-0.0,0.97,6.9,5.1,0.0253,20,125,-11,7,162.0,54,-25,29,0.2,0.009433,24.2,19.3,12.0,5.3,0.84,0.41,-1,2000-10-25 21:00:00
2000,299,22,2283,71,71,15,15,5.2,4.8,-18.0,97.3,-0.6,4.5,-1.5,4.2,-2.2,0.1,1.6,0.6,0.4,1.4,70099.0,3.0,409.0,-4.6,0.4,0.021,2946.0,0.2,5.0,0.6,1.0,0.002,0.91,0.9,0.92,6.8,5.1,0.0256,20,125,-13,7,162.0,145,-89,56,1.1,0.009433,28.4,22.2,13.1,5.1,0.75,0.43,-1,2000-10-25 22:00:00
2000,299,23,2283,71,71,15,15,5.2,5.1,12.9,90.1,0.0,5.0,1.1,5.1,0.3,0.0,1.0,0.5,0.2,0.9,65594.0,3.0,410.0,-5.7,-1.4,0.018,3961.0,0.1,3.0,0.3,1.3,0.002,0.9,-0.12,0.9,6.8,5.1,0.0255,20,125,-23,7,162.0,213,-177,36,1.1,0.009433,29.8,22.2,12.2,4.61,0.7,0.37,-1,2000-10-25 23:00:00
2000,300,0,2283,71,71,15,15,5.3,5.2,-8.4,97.7,-0.7,5.1,-0.8,4.9,-1.7,0.0,1.1,0.5,0.2,0.9,52975.0,3.2,401.0,-5.9,0.5,0.019,4057.0,0.1,4.0,0.3,1.0,0.002,0.92,0.68,0.86,6.8,5.1,0.026,27,104,-23,12,168.9,173,-132,41,1.2,0.009299,35.7,25.8,14.1,5.36,1.26,0.85,-1,2000-10-26 00:00:00
2000,300,1,2283,71,71,14,14,5.3,5.1,2.9,101.1,-1.0,5.0,0.3,5.0,-0.8,0.1,1.2,0.3,0.3,1.1,46115.0,3.2,397.0,-6.1,-1.1,0.023,7259.0,0.2,3.0,0.3,1.3,0.003,0.92,0.32,0.83,6.7,5.1,0.0265,27,104,-20,12,168.9,214,-164,50,1.0,0.009299,37.8,27.2,14.1,4.59,0.66,0.36,-1,2000-10-26 01:00:00
2000,300,2,2283,71,71,15,15,5.5,5.4,-6.2,102.4,-1.2,5.2,-0.6,4.9,-1.9,0.1,1.2,0.4,0.3,1.2,37294.0,3.0,393.0,-6.7,-1.2,0.028,3894.0,0.3,4.0,0.2,1.3,0.004,0.86,0.75,0.68,6.2,4.9,0.0311,27,104,-18,12,168.9,271,-208,63,1.9,0.009299,54.4,36.6,17.6,5.09,0.69,0.41,-1,2000-10-26 02:00:00
2000,300,3,2283,71,71,15,15,5.5,5.1,-32.3,109.7,-1.5,4.1,-2.7,3.1,-3.8,0.1,1.4,0.8,0.8,0.8,28348.0,3.0,389.0,-5.0,0.4,0.045,5529.0,0.2,7.0,1.3,0.6,0.005,0.89,1.48,0.65,6.1,4.9,0.0317,23,104,-17,9,168.9,319,-218,101,2.1,0.009299,56.4,37.7,18.3,4.95,0.63,0.38,-1,2000-10-26 03:00:00
2000,300,4,2283,71,71,15,15,5.5,5.2,-34.6,99.8,-0.7,4.2,-2.9,3.0,-4.2,0.1,1.6,1.2,0.4,0.9,32988.0,3.4,390.0,-5.2,0.9,0.044,3347.0,0.3,8.0,0.6,0.4,0.004,1.02,1.64,0.75,6.5,5.1,0.0278,23,104,-21,9,168.9,401,-240,161,2.5,0.009299,86.3,54.7,23.8,5.44,0.68,0.42,-1,2000-10-26 04:00:00
2000,300,5,2283,71,71,15,15,5.7,5.4,-66.2,109.3,-0.7,2.1,-5.0,0.0,-5.4,0.1,1.6,1.1,1.0,0.6,33405.0,2.8,386.0,-2.5,1.8,0.041,3725.0,0.2,5.0,1.3,0.5,0.005,0.81,2.08,0.58,5.7,4.6,0.0371,23,104,-27,9,168.9,422,-311,112,2.7,0.009299,97.1,60.1,25.8,5.41,0.62,0.37,-1,2000-10-26 05:00:00
2000,300,6,2283,71,71,15,15,5.3,5.1,-72.7,67.0,0.6,1.4,-4.9,-0.8,-5.0,0.2,1.1,0.7,0.7,0.3,29212.0,3.2,394.0,-1.3,2.0,0.032,5497.0,0.4,6.0,1.0,0.4,0.002,0.94,1.97,0.75,6.6,5.2,0.0269,20,104,-31,7,168.9,532,-326,207,2.7,0.009299,102.0,62.0,25.5,4.99,0.55,0.36,-1,2000-10-26 06:00:00
2000,300,7,2283,71,71,14,14,4.9,4.1,-60.1,111.4,-0.7,1.9,-3.5,0.1,-4.0,0.3,2.4,1.3,1.4,1.3,35190.0,3.2,382.0,-1.6,1.4,0.044,11730.0,0.2,10.0,2.0,1.3,0.019,0.92,1.53,0.91,7.0,5.2,0.0245,20,104,-36,7,168.9,476,-251,226,3.0,0.009299,120.0,68.1,26.5,4.89,0.56,0.33,-1,2000-10-26 07:00:00
2000,300,8,2283,71,71,16,16,4.7,3.5,-28.4,152.8,-2.8,1.4,-1.7,0.4,-2.2,0.1,2.9,1.7,1.9,1.5,64524.0,3.2,366.0,-0.7,-0.5,0.068,18606.0,0.4,12.0,2.3,1.6,0.009,0.91,0.81,1.16,7.0,4.9,0.0245,20,104,-36,7,168.9,383,-135,248,2.3,0.009299,187.0,108.0,39.5,5.9,0.6,0.36,-1,2000-10-26 08:00:00
2000,300,9,2283,71,71,14,14,4.8,4.5,-20.8,100.7,-0.8,4.2,-1.6,2.8,-3.5,0.1,1.5,0.6,0.8,1.1,33651.0,2.7,377.0,-4.2,0.2,0.066,1997.0,0.2,4.0,1.2,1.2,0.005,0.81,1.32,0.79,6.5,5.0,0.0286,20,104,-29,7,168.9,279,-85,194,2.4,0.009299,219.0,120.0,41.4,5.67,0.54,0.35,-1,2000-10-26 09:00:00
2000,300,10,2283,71,71,15,15,4.7,3.7,-12.7,128.0,-2.2,2.9,-0.8,2.1,-2.2,0.1,2.8,0.6,2.0,1.8,42513.0,2.8,363.0,-2.6,-1.2,0.061,9058.0,0.4,4.0,2.7,1.7,0.008,0.77,0.8,0.9,6.5,4.8,0.0285,20,104,-28,7,168.9,308,-114,193,2.0,0.009299,220.0,119.0,40.2,5.31,0.56,0.36,-1,2000-10-26 10:00:00
2000,300,11,2283,71,71,15,15,4.5,4.4,-51.7,190.8,-2.7,-0.5,-3.4,-2.1,-2.7,0.1,0.9,0.5,0.6,0.4,54622.0,3.2,361.0,1.1,0.7,0.072,10679.0,0.4,3.0,0.9,0.5,0.009,0.9,0.97,1.2,7.2,5.0,0.0231,20,104,-29,7,168.9,525,-303,221,2.4,0.009299,244.0,128.0,39.9,4.89,0.51,0.34,-1,2000-10-26 11:00:00
2000,300,12,2283,71,71,15,15,4.6,3.6,-12.7,114.5,-1.5,3.2,-0.8,2.4,-2.3,0.2,2.5,1.0,1.6,1.6,45763.0,2.6,371.0,-3.9,-0.3,0.064,13467.0,0.4,7.0,2.2,1.7,0.008,0.75,0.85,0.89,6.5,4.9,0.0281,20,104,-28,7,168.9,334,-230,104,2.2,0.009299,223.0,114.0,35.5,4.31,0.47,0.3,-1,2000-10-26 12:00:00
2000,300,13,2283,71,71,15,15,4.6,4.3,2.8,124.9,-2.5,3.5,0.2,3.2,-1.4,0.1,1.6,1.0,0.7,1.0,49149.0,2.4,361.0,-4.6,-1.5,0.06,6895.0,0.3,8.0,1.1,1.5,0.005,0.65,0.51,0.84,6.1,4.6,0.0322,20,104,-20,7,168.9,416,-316,100,2.6,0.009299,261.0,124.0,35.6,4.3,0.45,0.3,-1,2000-10-26 13:00:00
2000,300,14,2283,71,71,15,15,4.6,4.2,-5.7,110.6,-1.5,3.9,-0.4,3.4,-2.0,0.1,1.8,1.0,0.6,1.3,44422.0,2.6,367.0,-5.1,-0.7,0.058,9394.0,0.3,7.0,1.2,1.3,0.008,0.72,0.73,0.88,6.4,4.8,0.0287,20,104,-18,7,168.9,187,-119,68,1.6,0.009299,279.0,130.0,35.9,4.18,0.51,0.35,-1,2000-10-26 14:00:00
2000,300,15,2283,71,71,15,15,4.7,4.1,-12.3,105.9,-1.1,3.9,-0.9,3.3,-2.3,0.0,2.0,1.2,1.0,1.2,40407.0,2.5,372.0,-4.8,0.4,0.056,11222.0,0.3,11.0,1.6,1.4,0.007,0.71,0.86,0.79,6.3,4.8,0.0304,10,104,-16,4,168.9,152,-118,34,1.5,0.009299,291.0,130.0,34.1,3.72,0.43,0.28,-1,2000-10-26 15:00:00
2000,300,16,2283,71,71,14,14,4.5,4.1,3.2,124.0,-2.3,3.4,0.2,3.3,-1.0,0.2,1.5,0.6,0.9,1.0,52665.0,2.4,359.0,-4.1,-1.2,0.059,11910.0,0.4,5.0,1.3,1.8,0.004,0.64,0.36,0.89,6.2,4.6,0.0311,10,104,-16,4,168.9,136,-116,20,1.0,0.009299,294.0,127.0,32.0,3.45,0.43,0.29,-1,2000-10-26 16:00:00
2000,300,17,2283,71,71,15,15,4.4,3.9,7.4,138.1,-2.9,2.6,0.5,2.6,-0.3,0.1,1.7,0.7,0.5,1.5,63468.0,2.4,354.0,-3.0,-2.3,0.066,16769.0,0.4,6.0,1.0,1.6,0.009,0.63,0.11,0.99,6.2,4.6,0.0306,10,104,-15,4,168.9,66,-52,14,0.4,0.009299,358.0,145.0,33.9,3.59,0.44,0.31,-1,2000-10-26 17:00:00
2000,300,18,2283,71,71,15,15,4.5,3.8,1.5,137.3,-2.8,2.6,0.1,2.5,-0.6,0.0,1.9,0.5,0.8,1.7,48539.0,2.6,355.0,-3.3,-1.7,0.062,6566.0,0.4,4.0,1.6,1.9,0.005,0.68,0.21,0.94,6.4,4.7,0.0294,17,104,-14,6,168.9,68,-50,18,0.7,0.009299,363.0,144.0,32.4,3.48,0.44,0.3,-1,2000-10-26 18:00:00
2000,300,19,2283,71,71,16,16,4.6,4.2,18.7,137.9,-2.9,2.6,1.3,2.8,0.7,0.1,1.6,0.8,0.5,1.3,42834.0,3.0,352.0,-3.8,-2.7,0.059,12702.0,0.5,7.0,1.0,1.4,0.006,0.77,-0.25,1.01,6.6,4.8,0.0271,17,104,-11,6,168.9,63,-44,19,0.1,0.009299,374.0,138.0,29.5,3.1,0.47,0.34,-1,2000-10-26 19:00:00
2000,300,20,2283,71,71,15,15,4.8,4.3,-41.0,102.1,-0.7,3.2,-2.8,2.6,-3.3,0.1,1.7,0.5,0.9,1.3,30802.0,2.3,369.0,-4.1,1.6,0.055,4611.0,0.2,3.0,1.3,1.1,0.006,0.64,1.22,0.66,5.8,4.7,0.035,17,104,-6,6,168.9,180,-141,39,1.1,0.009299,414.0,147.0,30.4,3.17,0.43,0.3,-1,2000-10-26 20:00:00
2000,300,21,2283,71,71,15,15,4.9,4.7,-64.6,90.7,0.0,2.0,-4.2,1.3,-4.5,0.2,1.3,0.5,1.1,0.5,28291.0,2.5,371.0,-2.3,2.6,0.052,2323.0,0.3,3.0,1.1,0.4,0.005,0.69,1.67,0.68,6.0,4.8,0.0332,23,104,-9,9,168.9,363,-296,67,2.0,0.009299,390.0,147.0,31.0,3.13,0.4,0.29,-1,2000-10-26 21:00:00
2000,300,22,2283,71,71,14,14,4.6,4.1,-37.1,111.6,-1.2,3.0,-2.5,2.6,-2.9,0.2,2.0,0.6,1.3,1.4,26935.0,2.3,363.0,-2.9,1.2,0.052,1465.0,0.2,4.0,1.2,0.9,0.004,0.61,1.05,0.7,6.0,4.7,0.0332,23,104,-18,9,168.9,413,-329,85,2.3,0.009299,341.0,125.0,25.8,2.74,0.39,0.27,-1,2000-10-26 22:00:00
2000,300,23,2283,71,71,15,15,4.6,4.4,-5.9,117.5,-2.0,3.8,-0.4,3.7,-1.0,0.2,1.2,0.7,0.3,0.9,9999999.0,999.9,356.0,-4.3,-0.4,0.052,9999999.0,999.9,4.0,0.9,1.0,0.003,99.99,0.36,999.99,999.9,99.9,9.9999,23,104,-23,9,168.9,249,-169,80,1.3,0.009299,335.0,113.0,22.6,2.56,0.43,0.3,-1,2000-10-26 23:00:00
2000,301,0,2283,71,71,16,16,4.6,4.3,-10.4,100.8,-0.8,4.2,-0.8,4.0,-1.5,0.1,1.5,0.9,0.5,1.1,9999999.0,999.9,356.0,-4.6,0.7,0.052,9999999.0,999.9,4.0,0.9,0.8,0.003,99.99,0.53,999.99,999.9,99.9,9.9999,23,114,-21,9,173.7,247,-168,80,1.3,0.009113,323.0,108.0,21.0,2.49,0.42,0.3,-1,2000-10-27 00:00:00
2000,301,1,2283,71,71,14,14,4.3,3.8,3.9,119.8,-1.9,3.3,0.3,3.3,-0.4,0.2,1.6,0.6,0.5,1.4,9999999.0,999.9,351.0,-4.5,-1.0,0.053,9999999.0,999.9,3.0,0.6,1.2,0.004,99.99,0.14,999.99,999.9,99.9,9.9999,23,114,-20,9,173.7,203,-116,88,1.6,0.009113,402.0,119.0,21.1,2.32,0.39,0.29,-1,2000-10-27 01:00:00
2000,301,2,2283,71,71,15,15,3.8,3.3,7.3,101.5,-0.6,3.2,0.4,3.2,-0.4,0.1,1.7,0.9,0.5,1.3,43949.0,2.4,360.0,-4.5,-1.4,0.049,1992.0,0.2,6.0,0.6,1.1,0.006,0.62,0.14,1.19,7.3,5.2,0.0221,23,114,-20,9,173.7,51,-11,40,0.5,0.009113,474.0,134.0,22.3,2.4,0.41,0.29,-1,2000-10-27 02:00:00
2000,301,3,2283,71,71,15,15,3.8,3.4,50.7,152.2,-1.9,1.0,2.6,1.7,2.2,0.1,1.4,0.7,1.1,0.5,58774.0,2.6,354.0,-2.7,-3.3,0.052,9194.0,0.2,2.0,1.0,0.7,0.008,0.66,-0.78,1.4,7.5,5.1,0.0211,3,114,-19,2,173.7,34,-5,29,0.1,0.009113,514.0,138.0,22.2,2.3,0.38,0.28,-1,2000-10-27 03:00:00
2000,301,4,2283,71,71,15,15,3.7,3.1,19.2,136.9,-2.1,2.0,1.0,2.2,0.3,0.1,1.9,0.6,0.6,1.7,53262.0,2.5,351.0,-2.6,-2.5,0.064,2896.0,0.2,2.0,1.0,1.2,0.01,0.65,-0.11,1.38,7.5,5.1,0.0211,3,114,-16,2,173.7,33,-3,30,0.1,0.009113,528.0,136.0,21.2,2.15,0.37,0.28,-1,2000-10-27 04:00:00
2000,301,5,2283,71,71,15,15,3.4,3.0,-9.9,155.2,-2.7,1.2,-0.5,0.9,-0.9,0.2,1.2,0.4,0.9,0.7,9999999.0,999.9,352.0,-1.7,-1.3,0.055,9999999.0,999.9,2.0,0.9,0.6,0.007,99.99,0.32,999.99,999.9,99.9,9.9999,3,114,-16,2,173.7,51,-2,49,0.6,0.009113,430.0,112.0,18.2,2.05,0.37,0.27,-1,2000-10-27 05:00:00
2000,301,6,2283,71,71,15,15,3.3,3.0,3.9,161.6,-2.8,0.9,0.2,0.9,-0.2,0.1,1.2,0.3,0.7,0.9,9999999.0,999.9,346.0,-1.4,-1.9,0.054,9999999.0,999.9,3.0,0.9,0.9,0.007,99.99,0.07,999.99,999.9,99.9,9.9999,13,114,-18,5,173.7,90,-38,52,0.5,0.009113,426.0,108.0,17.3,1.98,0.38,0.28,-1,2000-10-27 06:00:00
2000,301,7,2283,71,71,16,16,3.5,3.1,35.6,110.0,-0.9,2.4,1.8,3.0,0.5,0.1,1.4,0.9,0.7,0.8,48824.0,2.4,358.0,-4.2,-2.3,0.052,8267.0,0.2,6.0,0.8,1.0,0.007,0.62,-0.18,1.44,7.9,5.3,0.0189,13,114,-17,5,173.7,124,-84,40,0.7,0.009113,429.0,104.0,16.2,1.9,0.41,0.3,-1,2000-10-27 07:00:00
2000,301,8,2283,71,71,14,14,3.4,3.0,49.2,122.9,-1.1,1.6,2.3,2.5,1.2,0.2,1.3,0.8,0.5,0.8,54918.0,2.5,355.0,-3.8,-3.7,0.051,9413.0,0.3,5.0,0.5,0.9,0.013,0.63,-0.43,1.65,8.3,5.3,0.0175,13,114,-16,5,173.7,93,-52,40,0.5,0.009113,446.0,101.0,15.4,1.87,0.41,0.29,-1,2000-10-27 08:00:00
2000,301,9,2283,71,71,15,15,3.6,3.0,-45.8,127.1,-1.3,1.7,-2.2,0.4,-2.8,0.2,1.9,0.5,1.2,1.4,9999999.0,999.9,353.0,-2.5,0.7,0.048,9999999.0,999.9,3.0,1.2,1.2,0.006,99.99,0.99,999.99,999.9,99.9,9.9999,13,114,-13,5,173.7,97,-42,55,0.6,0.009113,430.0,95.3,14.5,1.79,0.41,0.31,-1,2000-10-27 09:00:00
2000,301,10,2283,71,71,15,15,3.8,3.5,-33.9,104.6,-0.7,2.8,-2.0,1.4,-3.1,0.1,1.0,0.7,0.4,0.6,9999999.0,999.9,354.0,-3.7,1.2,0.05,9999999.0,999.9,4.0,0.5,0.6,0.014,99.99,1.1,999.99,999.9,99.9,9.9999,13,114,-12,5,173.7,252,-168,83,1.7,0.009113,384.0,84.8,13.0,1.65,0.39,0.29,-1,2000-10-27 10:00:00
2000,301,11,2283,71,71,15,15,4.0,3.7,-26.8,132.0,-2.2,2.5,-1.7,1.3,-2.7,0.1,1.3,0.5,0.5,1.0,9999999.0,999.9,343.0,-3.0,0.6,0.043,9999999.0,999.9,4.0,0.8,1.1,0.004,99.99,0.93,999.99,999.9,99.9,9.9999,13,114,-16,5,173.7,316,-177,139,1.8,0.009113,342.0,75.1,11.8,1.55,0.38,0.28,-1,2000-10-27 11:00:00
2000,301,12,2283,71,71,15,15,3.7,3.4,32.5,155.1,-2.6,1.2,1.8,1.9,1.0,0.2,1.2,0.4,0.9,0.6,9999999.0,999.9,344.0,-2.8,-1.9,0.048,9999999.0,999.9,4.0,1.2,0.8,0.005,99.99,-0.34,999.99,999.9,99.9,9.9999,10,114,-19,4,173.7,295,-131,165,1.1,0.009113,330.0,71.8,11.4,1.59,0.42,0.33,-1,2000-10-27 12:00:00
2000,301,13,2283,71,71,15,15,3.4,3.3,27.7,158.0,-2.7,1.1,1.6,1.7,0.9,0.1,0.4,0.2,0.2,0.2,9999999.0,999.9,343.0,-2.5,-1.8,0.063,9999999.0,999.9,2.0,0.4,0.4,0.013,99.99,-0.31,999.99,999.9,99.9,9.9999,10,114,-16,4,173.7,107,-41,66,0.4,0.009113,324.0,67.8,10.6,1.54,0.4,0.31,-1,2000-10-27 13:00:00
2000,301,14,2283,71,71,15,15,3.4,3.2,21.0,151.3,-2.6,1.4,1.1,1.7,0.4,0.1,1.0,0.7,0.6,0.4,9999999.0,999.9,340.0,-2.5,-1.6,0.061,9999999.0,999.9,4.0,0.8,0.5,0.008,99.99,-0.14,999.99,999.9,99.9,9.9999,10,114,-12,4,173.7,45,-22,23,0.4,0.009113,313.0,63.8,10.0,1.47,0.4,0.3,-1,2000-10-27 14:00:00
2000,301,15,2283,71,71,15,15,3.3,2.8,-7.7,95.3,-0.3,2.8,-0.4,2.4,-1.4,0.1,1.5,1.2,0.5,0.7,9999999.0,999.9,348.0,-4.3,0.2,0.061,9999999.0,999.9,7.0,0.7,0.7,0.005,99.99,0.49,999.99,999.9,99.9,9.9999,10,114,-10,4,173.7,44,-30,14,0.7,0.009113,312.0,62.8,9.86,1.36,0.36,0.27,-1,2000-10-27 15:00:00
2000,301,16,2283,71,71,15,15,3.6,3.2,11.4,114.0,-1.3,2.9,0.6,2.9,-0.4,0.2,1.5,0.9,0.6,1.1,9999999.0,999.9,342.0,-4.6,-0.5,0.058,9999999.0,999.9,4.0,0.4,0.9,0.007,99.99,0.14,999.99,999.9,99.9,9.9999,10,114,-11,4,173.7,177,-154,23,0.7,0.009113,298.0,59.1,9.54,1.45,0.41,0.3,-1,2000-10-27 16:00:00
2000,301,17,2283,71,71,15,15,3.7,3.4,47.4,188.8,-2.3,-0.3,2.5,0.4,2.5,0.2,1.3,0.4,1.2,0.3,9999999.0,999.9,334.0,-2.4,-1.9,0.067,9999999.0,999.9,5.0,1.7,0.6,0.004,99.99,-0.83,999.99,999.9,99.9,9.9999,10,114,-7,4,173.7,72,-56,16,-0.0,0.009113,266.0,52.2,8.52,1.38,0.4,0.3,-1,2000-10-27 17:00:00
2000,301,18,2283,71,71,14,14,4.0,3.4,47.3,191.8,-2.2,-0.5,2.5,0.1,2.5,0.1,2.1,0.7,1.9,0.4,9999999.0,999.9,331.0,-1.8,-2.3,0.063,9999999.0,999.9,6.0,2.2,0.5,0.009,99.99,-0.83,999.99,999.9,99.9,9.9999,7,114,-3,3,173.7,42,-19,23,-0.1,0.009113,260.0,50.8,8.34,1.27,0.38,0.28,-1,2000-10-27 18:00:00
2000,301,19,2283,71,71,15,15,3.9,3.0,12.5,139.4,-2.2,1.9,0.7,2.0,0.3,0.1,2.1,0.6,0.6,2.0,9999999.0,999.9,327.0,-4.1,-0.1,0.066,9999999.0,999.9,5.0,0.6,2.4,0.017,99.99,-0.1,999.99,999.9,99.9,9.9999,7,114,1,3,173.7,47,-17,29,-0.1,0.009113,253.0,48.6,7.98,1.25,0.37,0.27,-1,2000-10-27 19:00:00
2000,301,20,2283,71,71,14,14,3.9,3.6,-8.9,149.8,-3.1,1.8,-0.6,1.7,-0.9,0.1,1.3,0.5,0.8,0.9,9999999.0,999.9,318.0,-3.6,0.7,0.058,9999999.0,999.9,6.0,1.2,0.9,0.01,99.99,0.29,999.99,999.9,99.9,9.9999,7,114,-1,3,173.7,53,-26,27,0.3,0.009113,221.0,43.8,7.47,1.31,0.35,0.26,-1,2000-10-27 20:00:00
2000,301,21,2283,71,71,13,13,3.9,3.8,9.6,175.8,-3.8,0.3,0.6,0.4,0.5,0.1,0.6,0.2,0.5,0.4,9999999.0,999.9,312.0,-1.9,-1.5,0.054,9999999.0,999.9,1.0,0.7,0.4,0.005,99.99,-0.16,999.99,999.9,99.9,9.9999,10,114,-6,4,173.7,60,-32,27,0.0,0.009113,205.0,41.0,7.13,1.26,0.42,0.32,-1,2000-10-27 21:00:00
2000,301,22,2283,71,71,15,15,3.9,3.6,3.1,135.7,-2.6,2.5,0.2,2.5,-0.2,0.1,1.4,0.9,0.6,0.7,9999999.0,999.9,315.0,-4.3,-0.7,0.056,9999999.0,999.9,6.0,1.1,1.0,0.005,99.99,0.06,999.99,999.9,99.9,9.9999,10,114,-8,4,173.7,69,-44,26,0.2,0.009113,197.0,39.3,7.03,1.46,0.57,0.4,-1,2000-10-27 22:00:00
2000,301,23,2283,71,71,15,15,3.9,3.7,-14.0,92.7,-0.2,3.6,-0.9,3.4,-1.5,0.0,1.1,0.8,0.2,0.7,9999999.0,999.9,327.0,-5.1,1.2,0.054,9999999.0,999.9,6.0,0.3,1.2,0.007,99.99,0.49,999.99,999.9,99.9,9.9999,10,114,-9,4,173.7,57,-31,26,0.9,0.009113,183.0,36.3,6.43,1.13,0.36,0.27,-1,2000-10-27 23:00:00
2000,302,0,2283,71,71,15,15,4.0,3.5,5.2,100.5,-0.6,3.5,0.3,3.5,-0.3,0.1,1.6,1.3,0.6,0.9,9999999.0,999.9,323.0,-5.4,-0.4,0.055,9999999.0,999.9,10.0,1.0,0.9,0.006,99.99,0.1,999.99,999.9,99.9,9.9999,7,151,-9,3,179.7,79,-51,28,1.1,0.009059,174.0,34.7,6.26,1.15,0.39,0.3,-1,2000-10-28 00:00:00
2000,302,1,2283,71,71,15,15,4.1,3.6,2.3,113.2,-1.4,3.3,0.1,3.3,-0.6,0.0,1.5,0.7,0.3,1.3,9999999.0,999.9,320.0,-5.7,-0.2,0.053,9999999.0,999.9,4.0,0.8,1.7,0.004,99.99,0.19,999.99,999.9,99.9,9.9999,7,151,-8,3,179.7,49,-20,29,0.5,0.009059,164.0,32.5,5.87,1.07,0.36,0.27,-1,2000-10-28 01:00:00
2000,302,2,2283,71,71,14,14,4.1,3.8,0.9,125.9,-2.2,3.1,0.1,3.0,-0.6,0.1,1.5,0.8,0.6,1.1,9999999.0,999.9,317.0,-5.6,-0.7,0.058,9999999.0,999.9,6.0,0.9,0.8,0.008,99.99,0.19,999.99,999.9,99.9,9.9999,7,151,-8,3,179.7,36,-5,30,0.5,0.009059,158.0,31.2,5.61,1.05,0.37,0.28,-1,2000-10-28 02:00:00
2000,302,3,2283,71,71,16,16,4.1,4.0,12.4,108.6,-1.2,3.7,0.8,3.8,-0.3,0.1,1.0,0.3,0.3,0.9,9999999.0,999.9,320.0,-6.1,-0.8,0.049,9999999.0,999.9,3.0,0.4,0.9,0.009,99.99,0.1,999.99,999.9,99.9,9.9999,7,151,-7,3,179.7,37,-4,33,0.5,0.009059,155.0,30.0,5.44,1.04,0.38,0.28,-1,2000-10-28 03:00:00
2000,302,4,2283,71,71,14,14,4.1,4.0,-3.8,99.6,-0.7,3.9,-0.3,3.6,-1.6,0.1,0.9,0.7,0.1,0.5,9999999.0,999.9,322.0,-5.3,0.4,0.066,9999999.0,999.9,6.0,0.4,0.8,0.017,99.99,0.52,999.99,999.9,99.9,9.9999,7,151,-8,3,179.7,46,-9,37,0.9,0.009059,150.0,29.0,5.32,1.04,0.37,0.29,-1,2000-10-28 04:00:00
2000,302,5,2283,71,71,15,15,4.3,3.8,2.2,118.9,-1.8,3.3,0.1,3.1,-1.2,0.2,2.0,1.0,1.4,0.9,9999999.0,999.9,314.0,-4.7,-0.8,0.073,9999999.0,999.9,5.0,1.2,1.0,0.014,99.99,0.38,999.99,999.9,99.9,9.9999,7,151,-10,3,179.7,67,-26,41,0.5,0.009059,142.0,27.6,5.07,1.04,0.42,0.32,-1,2000-10-28 05:00:00
2000,302,6,2283,71,71,18,18,4.9,4.7,-9.6,122.1,-2.5,3.9,-0.8,3.2,-2.4,0.8,1.2,0.5,0.7,0.9,96845.0,6.5,324.0,-5.4,0.7,0.054,13955.0,0.3,20.0,1.1,1.3,0.01,1.39,0.78,2.54,8.4,4.7,0.0167,23,151,-9,9,179.7,227,-168,60,1.5,0.009059,130.0,25.0,4.64,1.0,0.38,0.29,-1,2000-10-28 06:00:00
2000,302,7,2283,71,71,16,16,6.1,5.6,42.4,147.7,-3.5,2.2,3.8,3.7,2.4,0.6,1.7,0.8,1.0,1.1,127480.0,7.2,371.0,-7.1,1.0,0.04,14408.0,0.5,7.0,0.6,2.0,0.008,1.92,-0.89,2.06,8.2,4.9,0.0179,23,151,-8,9,179.7,225,-128,98,2.2,0.009059,111.0,22.4,4.3,0.97,0.41,0.31,-1,2000-10-28 07:00:00
2000,302,8,2283,71,71,14,14,6.9,6.6,17.6,120.4,-3.2,5.4,2.0,5.7,-0.9,0.6,2.0,0.6,1.2,1.4,95894.0,7.8,376.0,-7.8,3.6,0.035,21845.0,0.6,3.0,0.4,0.9,0.007,2.1,0.34,1.53,7.6,5.0,0.0205,23,151,-4,9,179.7,99,-10,89,1.7,0.009059,96.4,19.4,3.88,0.94,0.41,0.32,-1,2000-10-28 08:00:00
2000,302,9,2283,71,71,15,15,6.0,5.8,13.9,128.2,-3.5,4.4,1.4,4.5,-1.0,0.7,1.3,0.8,0.6,0.8,111283.0,8.4,372.0,-6.9,3.7,0.031,14435.0,0.7,3.0,0.5,0.6,0.002,2.18,0.37,2.33,9.0,5.2,0.0147,47,151,-1,39,179.7,108,-26,82,1.3,0.009059,116.0,19.9,3.81,0.86,0.35,0.26,-1,2000-10-28 09:00:00
2000,302,10,2283,71,71,17,17,12.0,11.7,-10.8,102.9,-2.6,11.2,-2.2,8.6,-7.5,3.0,3.7,1.2,2.9,1.9,97550.0,26.1,415.0,-4.8,6.8,0.031,26315.0,11.0,20.0,1.2,1.5,0.004,8.44,3.11,1.7,8.8,5.6,0.0152,47,151,15,39,179.7,659,-493,166,4.4,0.009059,92.2,18.6,3.78,0.99,0.43,0.32,-1,2000-10-28 10:00:00
2000,302,11,2283,71,71,15,15,10.7,10.3,-6.4,104.8,-2.6,9.9,-1.1,8.1,-5.9,2.3,3.4,1.3,1.9,2.5,63718.0,34.1,411.0,-6.1,6.7,0.021,5123.0,4.2,2.0,0.7,0.7,0.005,10.43,2.42,2.38,11.2,6.4,0.0095,47,151,-9,39,179.7,719,-637,82,4.5,0.009059,202.0,30.0,4.28,0.89,0.37,0.29,-1,2000-10-28 11:00:00
2000,302,12,2283,71,71,14,14,10.1,8.0,42.1,3.9,5.9,0.4,5.4,2.9,4.6,1.7,5.9,3.1,4.7,1.9,68194.0,37.0,396.0,-6.8,6.8,0.027,9256.0,2.7,6.0,1.1,0.5,0.005,10.74,-1.82,2.97,11.9,6.3,0.0084,40,151,-18,27,179.7,455,-361,95,1.9,0.009059,191.0,28.6,3.99,0.86,0.36,0.27,-1,2000-10-28 12:00:00
2000,302,13,2283,71,71,15,15,9.4,9.1,7.0,105.6,-2.4,8.7,1.1,8.3,-2.9,1.0,2.0,0.9,1.2,1.3,56784.0,37.1,384.0,-4.4,6.7,0.016,5059.0,3.4,3.0,0.5,0.3,0.003,9.72,1.11,3.23,12.4,6.4,0.0077,40,151,0,27,179.7,404,-286,118,2.8,0.009059,236.0,31.6,3.89,0.8,0.34,0.26,-1,2000-10-28 13:00:00
2000,302,14,2283,71,71,14,14,9.4,4.9,29.3,69.5,1.5,4.0,2.4,4.6,0.5,1.9,8.0,4.3,6.5,2.0,72551.0,31.4,377.0,-4.1,6.2,0.017,12191.0,4.8,4.0,0.3,0.7,0.004,7.96,-0.19,2.97,11.2,6.0,0.0094,40,151,-6,27,179.7,408,-227,181,2.5,0.009059,212.0,29.2,3.86,0.85,0.38,0.28,-1,2000-10-28 14:00:00
2000,302,15,2283,71,71,15,15,11.1,11.0,37.7,318.7,6.6,-5.7,6.7,-2.8,8.4,0.5,1.5,1.1,0.6,0.8,96881.0,25.5,374.0,-5.0,5.0,0.025,9905.0,1.5,2.0,0.1,0.4,0.003,6.55,-3.14,1.94,8.5,5.2,0.0164,23,151,-10,9,179.7,153,-80,73,0.1,0.009059,113.0,21.2,3.53,0.8,0.34,0.26,-1,2000-10-28 15:00:00
2000,302,16,2283,71,71,15,15,10.9,10.7,39.9,326.6,6.9,-4.5,6.9,-1.9,8.0,0.4,1.4,0.8,0.6,1.0,120706.0,29.1,376.0,-5.0,3.6,0.028,10128.0,1.7,3.0,0.2,0.3,0.002,7.64,-3.01,2.54,9.3,5.2,0.0137,23,151,-1,9,179.7,71,-16,55,0.2,0.009059,100.0,19.8,3.4,0.82,0.37,0.28,-1,2000-10-28 16:00:00
2000,302,17,2283,71,71,14,14,10.5,10.1,25.6,320.5,7.0,-5.8,4.4,-4.3,5.9,0.6,2.7,0.4,1.0,2.5,132997.0,28.5,368.0,-5.4,4.2,0.029,8294.0,1.0,7.0,0.4,0.3,0.001,7.19,-2.17,2.81,9.4,5.1,0.0136,23,151,1,9,179.7,61,-24,37,0.2,0.009059,97.9,19.5,3.38,0.81,0.37,0.28,-1,2000-10-28 17:00:00
2000,302,18,2283,71,71,14,14,8.8,8.5,6.6,318.5,6.4,-5.6,1.0,-5.2,2.3,0.3,1.8,1.0,1.3,0.7,135888.0,24.4,349.0,-5.9,3.6,0.034,13223.0,2.0,2.0,0.5,0.7,0.004,5.64,-0.8,3.46,9.8,4.9,0.0124,30,151,2,15,179.7,37,-15,22,0.1,0.009059,97.1,19.4,3.34,0.83,0.38,0.29,-1,2000-10-28 18:00:00
2000,302,19,2283,71,71,16,16,9.4,8.7,-13.2,324.8,6.9,-4.9,-2.0,-5.2,-0.9,1.0,3.6,1.9,2.7,1.5,151519.0,26.2,355.0,-4.7,-0.4,0.027,18847.0,4.0,10.0,0.4,1.8,0.002,6.11,0.32,3.45,9.7,4.8,0.0127,30,151,12,15,179.7,98,-48,50,1.0,0.009059,88.1,18.0,3.14,0.75,0.33,0.24,-1,2000-10-28 19:00:00
2000,302,20,2283,71,71,16,16,9.7,7.2,-26.7,325.5,5.3,-3.7,-3.3,-4.2,-2.6,2.1,6.1,2.6,4.4,3.4,115436.0,39.6,381.0,-4.4,-1.6,0.026,6161.0,3.6,9.0,2.0,1.7,0.002,10.6,0.99,4.27,12.4,5.7,0.0078,30,151,15,15,179.7,269,-146,123,1.8,0.009059,84.0,17.4,3.07,0.78,0.37,0.27,-1,2000-10-28 20:00:00
2000,302,21,2283,71,71,16,16,16.3,7.9,48.0,72.3,1.6,5.0,5.8,5.9,4.9,4.3,14.2,2.9,3.6,13.4,148959.0,23.6,404.0,-0.0,-2.5,0.036,12607.0,10.1,5.0,2.0,1.8,0.01,7.36,-1.98,1.02,6.0,4.4,0.0328,53,151,-1,56,179.7,305,-203,102,1.8,0.009059,59.0,13.9,2.71,0.77,0.39,0.3,-1,2000-10-28 21:00:00
2000,302,22,2283,71,71,15,15,18.1,17.9,-72.4,211.0,-4.7,-2.8,-17.1,-5.3,-16.5,2.9,3.5,1.3,1.8,2.7,109953.0,21.5,413.0,4.2,-3.4,0.03,30009.0,7.4,3.0,1.0,0.9,0.01,6.86,6.81,0.65,5.3,4.2,0.0425,53,151,-10,56,179.7,221,-131,90,1.7,0.009059,39.6,9.76,2.03,0.63,0.33,0.27,-1,2000-10-28 22:00:00
2000,302,23,2283,71,71,14,14,18.4,18.2,-63.2,142.9,-6.5,4.9,-16.2,2.3,-16.8,0.6,3.1,0.5,2.6,1.7,76341.0,17.9,405.0,5.0,-4.0,0.023,3457.0,2.1,4.0,0.5,0.6,0.005,5.35,6.8,0.45,4.7,4.0,0.0549,53,151,-52,56,179.7,341,-267,74,3.2,0.009059,25.9,6.55,1.58,0.6,0.34,0.27,-1,2000-10-28 23:00:00
2000,303,0,2283,71,71,16,16,18.8,18.5,-61.7,137.9,-6.5,5.9,-16.3,3.0,-17.1,0.5,3.1,0.2,2.9,1.0,37899.0,10.3,396.0,0.2,-4.6,0.025,11626.0,2.9,5.0,3.5,1.5,0.011,2.97,6.77,0.2,3.4,3.1,0.1041,60,161,-99,80,184.5,640,-578,62,5.4,0.009293,16.1,3.68,1.09,0.55,0.36,0.26,-1,2000-10-29 00:00:00
2000,303,1,2283,71,71,15,15,18.3,18.2,-64.2,144.7,-6.4,4.6,-16.4,1.2,-17.0,0.3,1.7,0.3,1.5,0.7,22799.0,6.6,404.0,-5.2,-6.5,0.056,2031.0,1.0,3.0,1.0,0.7,0.008,2.2,6.87,0.12,2.8,2.7,0.1479,60,161,-115,80,184.5,307,-279,28,3.8,0.009293,6.64,1.72,0.68,0.43,0.33,0.25,-1,2000-10-29 01:00:00
2000,303,2,2283,71,71,15,15,17.7,17.7,-53.2,128.8,-6.6,8.2,-14.2,4.6,-15.7,0.1,1.5,0.6,1.3,0.5,19337.0,5.7,405.0,-4.8,-6.7,0.06,6048.0,2.3,3.0,0.6,0.4,0.01,1.94,6.36,0.11,2.7,2.6,0.1594,60,161,-125,80,184.5,498,-472,26,3.8,0.009293,7.38,1.82,0.71,0.45,0.34,0.26,-1,2000-10-29 02:00:00
2000,303,3,2283,71,71,14,14,17.6,17.5,-50.4,123.1,-6.1,9.4,-13.5,5.2,-15.6,0.1,0.8,0.3,0.6,0.4,8717.0,3.6,404.0,-4.5,-7.4,0.052,1413.0,1.0,2.0,0.5,0.3,0.005,1.19,6.3,0.07,2.2,2.1,0.2508,60,161,-126,80,184.5,437,-375,62,3.1,0.009293,6.72,1.62,0.68,0.44,0.33,0.26,-1,2000-10-29 03:00:00
2000,303,4,2283,71,71,15,15,17.2,17.1,-43.6,114.6,-5.2,11.3,-11.8,6.8,-14.9,0.1,0.9,0.4,0.6,0.6,8189.0,2.9,399.0,-3.2,-7.3,0.046,539.0,0.3,2.0,0.4,0.2,0.007,0.91,5.95,0.06,2.0,1.9,0.3049,60,161,-108,80,184.5,631,-379,252,5.4,0.009293,6.39,1.47,0.61,0.39,0.3,0.23,-1,2000-10-29 04:00:00
2000,303,5,2283,71,71,15,15,16.7,16.7,-37.9,110.6,-4.6,12.3,-10.2,7.5,-14.1,0.1,0.8,0.3,0.3,0.7,10810.0,1.9,396.0,-3.3,-6.9,0.041,8187.0,0.4,3.0,0.6,0.6,0.007,0.58,5.58,0.04,1.6,1.6,0.4453,60,161,-110,80,184.5,405,-293,112,2.9,0.009293,5.77,1.43,0.62,0.42,0.33,0.25,-1,2000-10-29 05:00:00
2000,303,6,2283,71,71,15,15,16.2,16.2,-29.5,109.7,-4.7,13.2,-8.0,8.6,-12.8,0.1,1.0,0.7,0.4,0.6,8445.0,1.8,393.0,-2.7,-6.9,0.032,996.0,0.1,2.0,0.5,0.3,0.005,0.52,5.03,0.04,1.6,1.6,0.4491,37,161,-111,22,184.5,387,-256,131,2.8,0.009293,5.68,1.41,0.6,0.41,0.31,0.23,-1,2000-10-29 06:00:00
2000,303,7,2283,71,71,15,15,15.6,15.6,-22.9,105.0,-3.7,13.9,-6.1,9.6,-11.8,0.2,0.9,0.2,0.2,0.9,7335.0,2.1,386.0,-1.7,-6.8,0.032,871.0,0.3,5.0,0.7,0.5,0.005,0.59,4.55,0.05,1.8,1.8,0.37,37,161,-114,22,184.5,533,-368,165,3.6,0.009293,5.1,1.38,0.59,0.4,0.32,0.24,-1,2000-10-29 07:00:00
2000,303,8,2283,71,71,15,15,14.9,14.9,-17.1,108.6,-4.5,13.5,-4.4,9.7,-10.4,0.1,0.6,0.3,0.2,0.5,7537.0,2.3,391.0,-0.6,-7.4,0.034,1587.0,0.4,4.0,0.6,1.6,0.006,0.67,4.07,0.06,2.0,1.9,0.3004,37,161,-118,22,184.5,530,-374,156,3.4,0.009293,5.52,1.42,0.62,0.42,0.32,0.25,-1,2000-10-29 08:00:00
2000,303,9,2283,71,71,14,14,14.6,14.6,-20.7,107.7,-4.1,13.0,-5.1,8.8,-10.9,0.1,0.4,0.1,0.3,0.3,7769.0,1.6,384.0,0.4,-6.9,0.029,901.0,0.1,3.0,0.5,0.5,0.003,0.44,4.19,0.04,1.7,1.6,0.4299,40,161,-108,27,184.5,430,-360,70,3.1,0.009293,6.29,1.61,0.67,0.44,0.34,0.25,-1,2000-10-29 09:00:00
2000,303,10,2283,71,71,15,15,13.9,13.8,-18.4,107.2,-3.9,12.5,-4.4,8.6,-10.1,0.2,1.0,0.2,0.1,0.9,22090.0,2.2,377.0,-0.4,-4.6,0.033,7107.0,0.4,2.0,0.4,1.5,0.003,0.59,3.81,0.07,2.0,2.0,0.294,40,161,-81,27,184.5,588,-330,258,4.9,0.009293,7.21,1.69,0.64,0.4,0.3,0.22,-1,2000-10-29 10:00:00
2000,303,11,2283,71,71,15,15,13.6,13.6,-16.3,103.9,-3.1,12.6,-3.8,9.1,-9.5,0.1,0.8,0.6,0.1,0.5,16375.0,1.6,373.0,0.1,-3.5,0.033,2524.0,0.2,5.0,0.2,0.5,0.003,0.42,3.54,0.05,1.7,1.7,0.3953,40,161,-82,27,184.5,358,-270,88,2.5,0.009293,7.69,1.88,0.7,0.44,0.33,0.26,-1,2000-10-29 11:00:00
2000,303,12,2283,71,71,15,15,13.3,13.3,-12.5,101.9,-2.7,12.7,-2.9,9.8,-8.6,0.1,0.8,0.4,0.2,0.7,11916.0,1.7,373.0,-0.1,-2.0,0.032,3375.0,0.1,6.0,0.5,1.4,0.005,0.45,3.21,0.06,1.8,1.8,0.3558,30,161,-84,15,184.5,434,-359,75,2.2,0.009293,7.43,2.0,0.71,0.43,0.33,0.27,-1,2000-10-29 12:00:00
2000,303,13,2283,71,71,15,15,12.9,12.9,-14.7,101.1,-2.4,12.2,-3.3,9.4,-8.4,0.1,0.7,0.3,0.2,0.6,19342.0,1.8,380.0,-1.4,-2.1,0.029,2249.0,0.2,3.0,0.9,0.9,0.003,0.48,3.19,0.07,2.0,1.9,0.3046,30,161,-79,15,184.5,604,-475,129,3.8,0.009293,8.57,2.0,0.74,0.45,0.33,0.25,-1,2000-10-29 13:00:00
2000,303,14,2283,71,71,15,15,12.4,12.4,-18.5,95.0,-1.0,11.7,-3.9,9.0,-8.4,0.1,0.7,0.5,0.2,0.4,25660.0,3.0,373.0,-3.7,-2.0,0.027,2628.0,0.8,2.0,0.5,0.7,0.003,0.77,3.13,0.13,2.6,2.5,0.1753,30,161,-74,15,184.5,544,-428,117,3.7,0.009293,9.35,2.06,0.7,0.43,0.31,0.24,-1,2000-10-29 14:00:00
2000,303,15,2283,71,71,16,16,11.4,11.3,-17.4,96.0,-1.1,10.7,-3.4,8.7,-7.1,0.4,1.0,0.6,0.5,0.6,31344.0,6.1,381.0,-3.3,-1.6,0.032,4558.0,1.3,5.0,1.2,0.9,0.005,1.67,2.71,0.31,4.1,3.7,0.0698,33,161,-70,18,184.5,839,-596,244,4.0,0.009293,7.54,1.75,0.65,0.42,0.31,0.24,-1,2000-10-29 15:00:00
2000,303,16,2283,71,71,15,15,11.4,11.4,-19.4,91.0,-0.2,10.7,-3.8,8.9,-7.1,0.3,0.8,0.7,0.3,0.4,26649.0,5.5,383.0,-2.1,-2.1,0.031,4568.0,1.0,2.0,1.2,0.6,0.004,1.51,2.72,0.27,3.9,3.5,0.0766,33,161,-73,18,184.5,800,-502,298,3.9,0.009293,7.42,1.74,0.68,0.44,0.35,0.28,-1,2000-10-29 16:00:00
2000,303,17,2283,71,71,15,15,11.6,11.6,-17.2,86.0,0.8,11.0,-3.4,9.6,-6.4,0.1,0.4,0.2,0.1,0.3,18472.0,4.5,387.0,-1.0,-2.5,0.031,1716.0,0.4,2.0,0.3,0.2,0.004,1.27,2.48,0.2,3.5,3.3,0.095,33,161,-76,18,184.5,739,-463,276,3.4,0.009293,7.47,1.77,0.64,0.4,0.31,0.23,-1,2000-10-29 17:00:00
2000,303,18,2283,71,71,14,14,10.9,10.9,-12.4,88.0,0.4,10.7,-2.4,9.8,-4.9,0.3,0.6,0.4,0.3,0.2,17010.0,6.2,382.0,-1.8,-2.6,0.024,501.0,1.7,4.0,0.4,0.1,0.002,1.66,1.87,0.32,4.4,3.9,0.0625,33,161,-72,18,184.5,718,-469,249,3.5,0.009293,6.43,1.58,0.66,0.45,0.35,0.27,-1,2000-10-29 18:00:00
2000,303,19,2283,71,71,15,15,10.8,10.7,-8.8,90.8,-0.1,10.6,-1.6,10.1,-3.7,0.2,1.2,0.9,0.2,0.7,19114.0,5.4,370.0,-0.4,-4.3,0.025,2561.0,1.5,7.0,1.0,0.9,0.002,1.36,1.37,0.28,4.0,3.6,0.0751,33,161,-72,18,184.5,496,-357,140,2.9,0.009293,6.22,1.56,0.67,0.45,0.36,0.28,-1,2000-10-29 19:00:00
2000,303,20,2283,71,71,14,14,10.8,10.7,-0.2,97.8,-1.5,10.6,0.0,10.4,-1.9,0.1,0.7,0.4,0.1,0.6,17937.0,4.9,357.0,0.5,-4.8,0.024,848.0,0.3,4.0,0.1,0.7,0.002,1.14,0.68,0.26,3.7,3.3,0.0889,33,161,-64,18,184.5,435,-319,116,2.4,0.009293,5.69,1.61,0.68,0.44,0.34,0.26,-1,2000-10-29 20:00:00
2000,303,21,2283,71,71,15,15,10.4,10.4,-0.3,98.3,-1.5,10.3,-0.1,10.2,-1.7,0.1,0.5,0.2,0.1,0.5,19167.0,5.1,352.0,0.5,-5.5,0.02,1373.0,0.5,2.0,0.3,1.2,0.002,1.14,0.6,0.29,3.8,3.4,0.0814,27,161,-60,12,184.5,115,-73,42,1.3,0.009293,6.14,2.11,1.22,0.97,0.85,0.7,-1,2000-10-29 21:00:00
2000,303,22,2283,71,71,15,15,10.2,10.2,1.5,95.7,-1.0,10.1,0.3,10.0,-1.2,0.1,0.4,0.2,0.1,0.4,21648.0,5.8,346.0,0.0,-4.6,0.021,1589.0,0.5,2.0,0.3,0.5,0.002,1.26,0.42,0.35,4.1,3.6,0.0713,27,161,-57,12,184.5,129,-95,35,1.1,0.009293,5.52,1.52,0.66,0.44,0.34,0.26,-1,2000-10-29 22:00:00
2000,303,23,2283,71,71,15,15,8.7,8.1,-8.2,89.7,0.0,8.0,-1.2,7.7,-2.4,1.1,3.0,0.7,1.7,2.4,42134.0,6.4,351.0,0.1,-3.7,0.054,16733.0,0.6,2.0,1.2,2.9,0.02,1.6,0.84,0.6,5.1,4.1,0.0457,27,161,-55,12,184.5,276,-237,39,1.5,0.009293,5.45,1.5,0.69,0.46,0.34,0.25,-1,2000-10-29 23:00:00
2000,304,0,2283,71,71,15,15,8.3,7.7,24.8,71.3,2.2,6.6,3.2,7.0,2.1,0.6,2.6,0.7,0.9,2.4,63503.0,6.6,355.0,-1.6,-1.9,0.075,8771.0,0.6,2.0,0.8,0.5,0.01,1.81,-0.75,0.76,5.5,4.3,0.0394,50,154,-53,48,191.0,261,-224,37,1.8,0.009429,5.34,1.48,0.68,0.44,0.33,0.25,-1,2000-10-30 00:00:00
2000,304,1,2283,71,71,16,16,11.3,10.7,-55.0,53.9,3.6,5.0,-8.8,3.2,-9.6,0.5,3.3,1.7,1.8,2.2,52909.0,4.6,360.0,-0.9,-0.0,0.057,10898.0,1.6,7.0,0.9,1.5,0.009,1.22,3.46,0.27,3.4,3.1,0.1019,50,154,-53,48,191.0,273,-209,64,1.9,0.009429,4.44,1.31,0.64,0.44,0.34,0.26,-1,2000-10-30 01:00:00
2000,304,2,2283,71,71,16,16,10.9,8.2,-19.1,317.5,5.7,-5.2,-2.7,-5.7,-1.4,0.7,7.1,1.2,5.5,4.3,58839.0,5.8,373.0,-1.6,-1.3,0.074,9805.0,1.2,7.0,1.7,0.7,0.014,1.75,0.52,0.38,4.1,3.6,0.07,50,154,-51,48,191.0,544,-436,108,4.2,0.009429,5.16,1.41,0.64,0.41,0.31,0.24,-1,2000-10-30 02:00:00
2000,304,3,2283,71,71,15,15,12.9,12.6,-13.0,295.7,5.3,-11.1,-2.8,-11.4,0.4,0.5,2.7,1.0,1.2,2.1,54328.0,4.4,396.0,-3.6,-1.0,0.083,8470.0,0.5,3.0,0.5,0.8,0.013,1.53,-0.16,0.2,3.2,3.0,0.1147,37,154,-41,22,191.0,181,-86,95,1.1,0.009429,5.04,1.45,0.7,0.46,0.33,0.26,-1,2000-10-30 03:00:00
2000,304,4,2283,71,71,14,14,10.8,10.2,-17.6,318.7,7.3,-6.4,-3.1,-7.1,-0.8,0.5,3.6,1.8,2.8,1.3,75817.0,4.1,386.0,-5.3,0.0,0.094,9998.0,0.9,11.0,0.7,0.9,0.015,1.4,0.31,0.3,3.6,3.2,0.0908,37,154,-39,22,191.0,104,-34,69,0.3,0.009429,4.57,1.37,0.69,0.47,0.36,0.28,-1,2000-10-30 04:00:00
2000,304,5,2283,71,71,16,16,10.1,9.3,-5.4,327.1,7.7,-5.0,-0.9,-5.0,1.0,0.3,3.8,1.4,2.4,2.6,99354.0,4.2,390.0,-4.7,2.6,0.16,13613.0,0.9,13.0,1.0,1.7,0.059,1.75,-0.39,0.39,4.0,3.4,0.076,37,154,-44,22,191.0,122,-57,65,0.3,0.009429,4.62,1.38,0.73,0.5,0.38,0.31,-1,2000-10-30 05:00:00
2000,304,6,2283,71,71,15,15,9.4,9.2,-5.5,320.6,7.0,-5.8,-0.9,-5.6,1.6,0.2,1.6,0.4,0.4,1.5,77965.0,3.8,391.0,-6.1,2.0,0.136,10224.0,0.3,5.0,0.4,1.1,0.05,1.5,-0.63,0.37,4.1,3.5,0.0724,27,154,-43,12,191.0,112,-73,39,0.5,0.009429,4.13,1.26,0.66,0.44,0.33,0.26,-1,2000-10-30 06:00:00
2000,304,7,2283,71,71,14,14,9.3,9.1,-14.1,334.7,8.0,-3.8,-2.2,-4.4,-0.2,0.2,1.6,0.6,0.8,1.2,100888.0,3.6,384.0,-6.0,0.8,0.091,20805.0,0.6,5.0,0.7,1.3,0.02,1.21,0.08,0.4,3.9,3.4,0.0775,27,154,-38,12,191.0,80,-19,60,0.5,0.009429,4.29,1.38,0.74,0.5,0.36,0.28,-1,2000-10-30 07:00:00
2000,304,8,2283,71,71,16,16,9.6,9.3,-48.9,314.4,4.3,-4.4,-7.0,-7.2,-4.0,0.1,2.0,1.3,0.9,1.3,48429.0,5.5,382.0,-7.2,-2.2,0.099,7765.0,0.5,2.0,0.5,0.8,0.023,1.87,1.53,0.44,4.7,4.0,0.0546,27,154,-34,12,191.0,115,-36,79,0.7,0.009429,3.71,1.25,0.69,0.48,0.36,0.28,-1,2000-10-30 08:00:00
2000,304,9,2283,71,71,15,15,10.2,8.2,-62.5,310.0,2.4,-2.9,-7.3,-6.1,-4.9,0.5,5.8,4.0,2.5,3.5,42733.0,5.6,388.0,-4.9,-2.4,0.052,9753.0,0.9,4.0,0.5,1.0,0.01,1.7,1.9,0.38,4.5,3.9,0.0587,33,154,-37,18,191.0,339,-207,132,1.9,0.009429,3.27,1.2,0.7,0.48,0.36,0.28,-1,2000-10-30 09:00:00
2000,304,10,2283,71,71,15,15,10.2,9.6,-37.7,310.5,5.0,-5.8,-5.9,-8.0,-2.2,0.2,2.5,1.4,1.2,1.6,30536.0,6.7,394.0,-3.9,-1.0,0.054,3660.0,0.6,5.0,0.5,1.1,0.008,2.11,0.87,0.43,5.0,4.3,0.0476,33,154,-39,18,191.0,442,-218,224,2.5,0.009429,3.63,1.34,0.74,0.49,0.35,0.28,-1,2000-10-30 10:00:00
2000,304,11,2283,71,71,14,14,9.8,9.5,-32.0,317.7,6.0,-5.4,-5.0,-7.2,-1.7,0.1,2.1,1.6,0.9,1.1,41267.0,5.8,378.0,-3.1,0.1,0.04,8964.0,0.7,7.0,0.7,1.1,0.009,1.61,0.64,0.43,4.6,4.0,0.0551,33,154,-35,18,191.0,250,-83,167,1.3,0.009429,3.95,1.49,0.79,0.49,0.34,0.25,-1,2000-10-30 11:00:00
2000,304,12,2283,71,71,15,15,9.9,9.6,-28.9,318.2,6.3,-5.6,-4.6,-7.1,-1.4,0.1,1.6,1.0,0.8,1.0,40150.0,5.3,375.0,-3.1,0.9,0.047,9279.0,0.5,5.0,0.6,1.4,0.006,1.48,0.53,0.38,4.4,3.8,0.0626,17,154,-33,6,191.0,277,-101,175,0.9,0.009429,3.96,1.59,0.87,0.55,0.38,0.29,-1,2000-10-30 12:00:00
2000,304,13,2283,71,71,15,15,10.3,9.9,-27.4,323.4,7.0,-5.2,-4.6,-6.7,-1.8,0.2,2.3,1.1,1.2,1.6,20083.0,5.4,370.0,-2.0,-1.5,0.04,3842.0,0.8,4.0,0.9,1.3,0.008,1.43,0.67,0.31,4.2,3.7,0.0683,17,154,-34,6,191.0,252,-102,149,1.4,0.009429,4.82,1.87,0.95,0.54,0.33,0.26,-1,2000-10-30 13:00:00
2000,304,14,2283,71,71,15,15,10.3,10.1,-33.1,308.6,5.3,-6.6,-5.5,-8.3,-2.3,0.2,1.3,0.6,0.8,0.8,36220.0,3.8,371.0,-3.1,1.9,0.028,10179.0,0.4,7.0,0.9,1.7,0.007,0.97,0.85,0.25,3.5,3.2,0.0965,17,154,-37,6,191.0,153,-82,71,1.4,0.009429,5.97,2.55,1.25,0.6,0.35,0.27,-1,2000-10-30 14:00:00
2000,304,15,2283,71,71,15,15,10.1,9.7,-18.7,307.0,5.5,-7.3,-3.1,-7.9,-0.2,0.2,2.4,1.4,0.8,1.7,47449.0,4.4,367.0,-2.2,3.2,0.02,11025.0,0.4,9.0,1.4,1.8,0.002,1.07,0.07,0.32,3.8,3.4,0.0819,20,154,-39,7,191.0,248,-177,71,2.0,0.009429,6.63,2.94,1.45,0.68,0.37,0.28,-1,2000-10-30 15:00:00
2000,304,16,2283,71,71,15,15,10.4,9.9,-12.6,307.1,5.9,-7.7,-2.2,-8.0,0.4,0.4,2.4,0.9,1.3,1.8,51939.0,4.2,360.0,-2.2,2.8,0.026,10468.0,0.4,8.0,0.8,1.7,0.004,1.0,-0.14,0.29,3.5,3.2,0.0945,20,154,-36,7,191.0,144,-82,62,1.0,0.009429,7.68,3.72,1.76,0.72,0.33,0.25,-1,2000-10-30 16:00:00
2000,304,17,2283,71,71,15,15,10.5,9.9,-8.2,304.2,5.5,-8.1,-1.4,-8.2,0.9,0.2,3.1,1.6,1.6,2.1,38662.0,4.2,364.0,-2.9,1.7,0.027,8712.0,0.5,10.0,1.2,1.2,0.005,1.03,-0.33,0.26,3.6,3.2,0.0943,20,154,-31,7,191.0,64,-30,34,1.0,0.009429,10.1,4.89,2.16,0.81,0.37,0.29,-1,2000-10-30 17:00:00
2000,304,18,2283,71,71,13,13,10.8,10.6,-33.9,284.0,2.1,-8.5,-5.9,-9.7,-3.7,0.3,2.2,1.3,1.2,1.2,30298.0,5.2,371.0,-2.6,-1.2,0.025,8181.0,0.5,4.0,0.7,0.6,0.003,1.31,1.37,0.29,3.9,3.5,0.0775,17,154,-26,6,191.0,184,-130,55,2.1,0.009429,12.9,5.61,2.31,0.78,0.35,0.26,-1,2000-10-30 18:00:00
2000,304,19,2283,71,71,14,14,11.0,10.7,-12.7,283.5,2.4,-10.1,-2.3,-10.4,-0.2,0.1,2.1,1.2,0.5,1.7,27484.0,5.2,368.0,-3.5,-0.7,0.031,2614.0,0.5,8.0,0.3,1.3,0.003,1.32,0.07,0.28,3.8,3.4,0.0817,17,154,-29,6,191.0,237,-144,94,1.5,0.009429,14.7,6.11,2.42,0.83,0.36,0.28,-1,2000-10-30 19:00:00
2000,304,20,2283,71,71,15,15,11.0,10.5,-2.4,289.0,3.4,-9.9,-0.4,-9.8,1.3,0.2,2.9,1.5,0.6,2.5,25578.0,5.1,367.0,-3.0,0.1,0.034,2099.0,0.6,11.0,0.8,2.4,0.003,1.3,-0.48,0.27,3.8,3.4,0.0838,17,154,-30,6,191.0,226,-151,75,0.9,0.009429,15.5,6.78,2.73,0.88,0.37,0.28,-1,2000-10-30 20:00:00
2000,304,21,2283,71,71,15,15,10.8,10.7,5.8,295.1,4.5,-9.6,1.1,-9.3,2.5,0.0,1.1,0.5,0.3,1.0,24977.0,4.6,355.0,-2.3,1.7,0.035,2746.0,0.3,3.0,0.5,1.0,0.002,1.1,-0.89,0.25,3.5,3.2,0.0957,10,154,-30,4,191.0,89,-26,63,-0.3,0.009429,15.4,7.84,3.22,0.94,0.36,0.27,-1,2000-10-30 21:00:00
2000,304,22,2283,71,71,15,15,10.4,10.3,15.9,298.1,4.7,-8.8,2.8,-8.3,4.0,0.1,1.0,0.4,0.3,0.8,30242.0,4.6,353.0,-1.3,2.2,0.041,4290.0,0.3,3.0,0.4,1.0,0.004,1.11,-1.41,0.28,3.6,3.3,0.0898,10,154,-29,4,191.0,63,-5,58,-0.5,0.009429,15.5,7.86,3.23,0.94,0.36,0.28,-1,2000-10-30 22:00:00
2000,304,23,2283,71,71,15,15,10.4,10.3,32.3,290.5,3.0,-8.1,5.5,-7.2,6.6,0.1,1.4,0.6,0.5,1.1,19967.0,5.2,351.0,-2.3,1.1,0.046,1941.0,0.4,3.0,0.5,0.6,0.002,1.27,-2.32,0.3,3.8,3.4,0.0803,10,154,-28,4,191.0,42,-4,38,-0.5,0.009429,15.5,8.1,3.32,0.94,0.36,0.28,-1,2000-10-30 23:00:00
2000,305,0,2283,71,71,15,15,9.2,7.5,4.4,297.9,3.5,-6.6,0.6,-6.4,1.7,0.8,5.2,0.7,0.8,5.1,44950.0,6.3,351.0,-1.7,0.3,0.052,16633.0,1.2,3.0,0.6,1.4,0.011,1.57,-0.6,0.54,4.8,4.0,0.0519,27,158,-26,12,190.5,42,-3,38,-0.3,0.009426,15.7,8.14,3.31,0.94,0.36,0.26,-1,2000-10-31 00:00:00
2000,305,1,2283,71,71,15,15,8.7,8.4,-46.5,299.5,2.8,-5.0,-6.1,-6.1,-5.0,0.1,1.5,0.9,0.5,1.1,50093.0,7.3,355.0,-2.2,-0.1,0.065,7995.0,0.6,3.0,0.4,0.8,0.008,1.94,1.77,0.72,5.5,4.3,0.0391,27,158,-22,12,190.5,86,-25,60,0.3,0.009426,9.22,3.54,1.5,0.62,0.34,0.26,-1,2000-10-31 01:00:00
2000,305,2,2283,71,71,14,14,9.1,8.9,-44.2,291.1,2.3,-6.0,-6.2,-7.3,-4.7,0.3,1.3,1.1,0.6,0.6,43764.0,7.8,356.0,-2.1,0.7,0.056,8116.0,0.5,6.0,0.4,0.7,0.005,2.02,1.67,0.67,5.5,4.3,0.0399,27,158,-23,12,190.5,319,-201,118,2.0,0.009426,8.58,3.56,1.57,0.63,0.33,0.26,-1,2000-10-31 02:00:00
2000,305,3,2283,71,71,16,16,9.8,9.3,0.7,285.8,2.5,-8.9,0.1,-8.5,2.5,0.2,2.9,0.6,1.1,2.7,52597.0,6.6,360.0,-0.5,1.0,0.062,5549.0,1.0,3.0,0.7,0.5,0.011,1.78,-0.9,0.52,4.7,3.9,0.0534,27,158,-23,12,190.5,246,-98,148,1.8,0.009426,14.2,7.11,2.86,0.84,0.34,0.26,-1,2000-10-31 03:00:00
2000,305,4,2283,71,71,14,14,10.0,9.6,29.7,281.2,1.6,-8.2,4.8,-6.2,7.2,0.2,2.4,0.9,1.5,1.7,49741.0,6.6,357.0,-0.4,1.1,0.067,2677.0,0.4,4.0,0.5,0.4,0.01,1.78,-2.57,0.49,4.6,3.8,0.0566,27,158,-19,12,190.5,50,10,60,-0.1,0.009426,20.4,11.9,4.79,1.12,0.37,0.27,-1,2000-10-31 04:00:00
2000,305,5,2283,71,71,15,15,9.3,7.5,25.2,290.0,2.3,-6.4,3.2,-4.8,5.3,0.1,5.3,0.8,1.6,5.0,45747.0,6.2,353.0,-1.2,1.5,0.061,2384.0,0.8,2.0,1.3,0.5,0.009,1.61,-1.87,0.52,4.7,3.9,0.0533,27,158,-18,12,190.5,44,-1,43,-0.3,0.009426,17.2,10.1,4.06,1.01,0.36,0.28,-1,2000-10-31 05:00:00
2000,305,6,2283,71,71,15,15,7.7,6.6,-30.0,286.4,1.6,-5.5,-3.3,-6.4,-0.7,1.1,3.9,1.0,1.1,3.6,41458.0,11.9,355.0,-1.7,-0.1,0.039,4259.0,4.6,2.0,0.6,0.7,0.004,2.9,0.25,1.42,8.0,5.3,0.0188,17,158,-17,6,190.5,102,-13,89,0.3,0.009426,17.1,10.5,4.16,0.99,0.32,0.24,-1,2000-10-31 06:00:00
2000,305,7,2283,71,71,15,15,5.9,4.3,-64.0,155.4,-1.7,0.8,-3.9,-1.0,-3.8,0.3,3.8,1.2,3.4,1.4,27934.0,22.7,354.0,-1.3,-0.2,0.049,2429.0,2.0,2.0,0.9,0.7,0.008,5.68,1.35,4.24,14.3,6.6,0.0058,17,158,-16,6,190.5,92,-18,74,0.8,0.009426,23.5,14.8,5.75,1.3,0.4,0.31,-1,2000-10-31 07:00:00
2000,305,8,2283,71,71,15,15,7.4,6.8,15.9,115.4,-2.8,5.9,1.9,6.1,-1.1,0.9,2.8,1.5,1.0,2.1,33088.0,21.1,353.0,-1.9,-0.4,0.051,5205.0,3.9,3.0,0.4,0.3,0.007,5.29,0.39,2.59,11.0,6.1,0.0099,17,158,-18,6,190.5,182,-60,122,1.3,0.009426,27.9,17.0,6.32,1.33,0.37,0.29,-1,2000-10-31 08:00:00
2000,305,9,2283,71,71,16,16,8.5,7.8,13.4,117.6,-3.5,6.7,1.8,6.7,-1.7,0.3,3.0,0.9,0.6,2.8,56698.0,10.6,362.0,0.7,-0.8,0.049,12425.0,3.0,4.0,1.4,1.4,0.018,2.77,0.62,1.13,6.9,4.9,0.0247,23,158,-22,9,190.5,173,-55,118,0.9,0.009426,34.3,20.9,7.54,1.46,0.38,0.28,-1,2000-10-31 09:00:00
2000,305,10,2283,71,71,14,14,8.7,8.4,9.5,112.2,-3.1,7.7,1.4,7.4,-2.6,0.2,1.8,0.5,0.3,1.7,55217.0,6.4,361.0,-0.9,-0.9,0.069,5239.0,0.4,3.0,0.8,1.4,0.009,1.78,0.94,0.65,5.2,4.2,0.0432,23,158,-23,9,190.5,375,-260,115,1.9,0.009426,41.9,25.5,9.14,1.68,0.38,0.28,-1,2000-10-31 10:00:00
2000,305,11,2283,71,71,15,15,8.3,8.2,25.1,117.9,-3.5,6.6,3.5,7.5,-0.1,0.2,1.1,0.4,0.4,0.9,46770.0,6.0,355.0,-1.3,-2.3,0.061,3197.0,0.2,1.0,0.3,0.9,0.006,1.57,0.04,0.63,5.2,4.2,0.0433,23,158,-24,9,190.5,344,-208,136,2.0,0.009426,45.3,27.6,9.85,1.83,0.41,0.31,-1,2000-10-31 11:00:00
2000,305,12,2283,71,71,15,15,7.7,7.6,23.8,110.0,-2.4,6.5,3.1,7.2,-0.3,0.1,1.0,0.6,0.4,0.7,43675.0,5.7,357.0,-2.0,-2.0,0.057,2089.0,0.2,3.0,0.4,0.8,0.003,1.49,0.11,0.69,5.5,4.4,0.0388,20,158,-25,7,190.5,141,-53,88,1.0,0.009426,50.7,30.5,10.7,1.91,0.4,0.29,-1,2000-10-31 12:00:00
2000,305,13,2283,71,71,15,15,7.4,7.1,23.4,119.3,-3.2,5.7,2.8,6.4,0.0,0.1,1.7,1.0,0.7,1.2,48073.0,5.2,351.0,-1.3,-1.9,0.06,4487.0,0.3,5.0,0.7,1.2,0.003,1.33,-0.0,0.7,5.4,4.3,0.0407,20,158,-24,7,190.5,85,-48,38,1.0,0.009426,56.6,33.5,11.7,2.0,0.37,0.27,-1,2000-10-31 13:00:00
2000,305,14,2283,71,71,15,15,7.1,6.8,13.8,114.5,-2.7,6.0,1.6,6.1,-1.0,0.1,1.7,0.7,0.6,1.5,48574.0,5.1,353.0,-1.8,-0.7,0.054,3347.0,0.4,4.0,0.6,1.4,0.006,1.29,0.35,0.74,5.6,4.4,0.0377,20,158,-23,7,190.5,131,-113,18,1.3,0.009426,56.5,33.3,11.5,1.95,0.38,0.26,-1,2000-10-31 14:00:00
2000,305,15,2283,71,71,15,15,7.2,6.7,18.8,110.3,-2.2,6.0,2.2,6.4,-0.1,0.2,2.3,1.0,0.6,2.0,49838.0,5.2,355.0,-2.1,-1.7,0.056,7426.0,0.4,4.0,0.6,1.8,0.006,1.34,0.04,0.74,5.6,4.4,0.0376,40,158,-21,27,190.5,231,-200,31,1.5,0.009426,64.4,37.1,13.0,2.21,0.39,0.28,-1,2000-10-31 15:00:00
2000,305,16,2283,71,71,15,15,7.2,6.3,-0.5,107.6,-1.9,6.1,-0.1,5.7,-2.1,0.7,3.0,1.3,1.0,2.6,51831.0,5.3,357.0,-2.0,-0.5,0.058,8854.0,0.4,3.0,1.1,1.4,0.009,1.39,0.75,0.77,5.7,4.4,0.0365,40,158,-22,27,190.5,210,-168,42,1.6,0.009426,63.0,36.6,12.8,2.16,0.4,0.29,-1,2000-10-31 16:00:00
2000,305,17,2283,71,71,18,18,8.4,5.5,-10.9,161.3,-5.1,1.7,-1.0,1.4,-1.4,2.8,5.2,2.4,3.6,2.9,160170.0,12.3,387.0,0.9,2.7,0.089,57106.0,6.9,38.0,2.3,2.9,0.027,4.17,0.54,2.09,8.1,4.8,0.0182,40,158,-11,27,190.5,395,-281,115,2.3,0.009426,75.6,41.0,13.9,2.25,0.4,0.29,-1,2000-10-31 17:00:00
2000,305,18,2283,71,71,15,15,11.7,7.7,4.1,114.0,-3.1,7.1,0.6,7.0,-1.1,3.1,8.8,2.9,7.9,2.6,171960.0,14.4,428.0,-2.2,6.4,0.057,52400.0,1.7,13.0,3.9,3.1,0.015,5.41,0.47,1.31,6.9,4.7,0.0247,27,158,-11,12,190.5,340,-221,119,2.7,0.009426,80.4,41.5,13.5,2.16,0.39,0.28,-1,2000-10-31 18:00:00
2000,305,19,2283,71,71,15,15,13.0,12.0,-0.3,125.0,-6.9,9.9,-0.1,9.7,-2.0,1.3,4.5,1.9,2.5,3.2,149039.0,14.3,418.0,-3.6,8.4,0.061,24678.0,1.3,8.0,2.3,1.9,0.009,5.19,0.84,0.98,6.1,4.5,0.0322,27,158,-11,12,190.5,460,-292,168,2.5,0.009426,89.4,42.8,13.7,2.79,0.9,0.7,-1,2000-10-31 19:00:00
2000,305,20,2283,71,71,15,15,14.6,14.1,10.4,113.1,-5.4,12.7,2.5,12.9,0.4,0.2,2.9,1.0,0.9,2.5,102425.0,13.2,423.0,-4.9,4.9,0.047,11770.0,1.5,5.0,0.7,1.7,0.008,4.69,-0.17,0.59,5.3,4.3,0.0429,27,158,-14,12,190.5,451,-260,191,2.5,0.009426,81.8,38.8,11.9,1.93,0.36,0.27,-1,2000-10-31 20:00:00
2000,305,21,2283,71,71,15,15,14.3,14.0,0.6,118.6,-6.7,12.3,0.1,12.2,-1.7,0.3,2.1,1.2,0.8,1.5,101734.0,11.7,417.0,-5.1,6.0,0.048,8956.0,0.8,5.0,0.7,0.9,0.009,4.05,0.71,0.55,5.0,4.1,0.0478,33,158,-18,18,190.5,425,-316,109,1.8,0.009426,73.5,35.0,10.8,1.8,0.37,0.28,-1,2000-10-31 21:00:00
2000,305,22,2283,71,71,15,15,13.9,13.6,-4.6,123.9,-7.6,11.3,-1.1,11.0,-2.6,0.4,2.0,0.8,1.1,1.5,82906.0,11.2,413.0,-4.8,5.3,0.049,11141.0,0.9,4.0,0.8,0.5,0.005,3.82,1.07,0.51,5.0,4.1,0.0481,33,158,-20,18,190.5,438,-299,140,2.4,0.009426,80.7,37.0,11.2,1.78,0.37,0.27,-1,2000-10-31 22:00:00
2000,305,23,2283,71,71,15,15,11.8,11.5,-4.9,135.6,-8.2,8.0,-1.0,7.8,-2.1,0.8,2.1,1.3,1.4,0.9,95180.0,13.0,422.0,-4.7,2.6,0.04,12080.0,3.1,11.0,0.8,1.4,0.012,4.48,0.89,0.87,6.4,4.9,0.0286,33,158,-20,18,190.5,435,-330,106,3.2,0.009426,124.0,50.6,13.9,1.98,0.38,0.28,-1,2000-10-31 23:00:00
2000,306,0,2283,71,71,15,15,10.2,7.7,-15.9,144.5,-6.0,4.3,-2.1,3.9,-2.8,1.6,6.6,5.2,2.4,3.4,74298.0,14.2,430.0,-5.4,1.1,0.045,17836.0,2.1,9.0,0.9,1.5,0.003,5.17,1.2,1.15,7.9,5.6,0.0189,33,207,-16,18,201.2,342,-236,106,2.7,0.009825,143.0,56.0,14.7,2.04,0.4,0.31,-1,2000-11-01 00:00:00
2000,306,1,2283,71,71,16,16,7.2,6.6,17.4,340.9,6.0,-2.1,2.0,-1.7,2.4,1.0,2.5,0.6,1.7,1.7,200534.0,9.9,453.0,-4.2,-0.9,0.059,51055.0,3.1,19.0,0.8,1.3,0.008,4.19,-1.09,2.61,9.9,5.5,0.0121,33,207,-23,18,201.2,246,-167,79,1.2,0.009825,309.0,101.0,22.8,2.52,0.41,0.29,-1,2000-11-01 01:00:00
2000,306,2,2283,71,71,15,15,8.1,7.5,27.5,340.1,6.2,-2.3,3.5,-1.5,3.9,0.9,3.1,1.2,2.5,1.4,213487.0,7.5,460.0,-4.6,-0.7,0.051,21696.0,0.9,5.0,0.6,0.3,0.006,3.19,-1.79,1.63,7.8,5.0,0.0197,33,207,-23,18,201.2,133,-96,37,0.5,0.009825,426.0,133.0,28.2,2.87,0.39,0.29,-1,2000-11-01 02:00:00
2000,306,3,2283,71,71,15,15,7.5,5.8,-9.8,302.8,3.1,-4.8,-1.0,-4.9,0.3,1.0,4.2,2.2,2.6,2.5,171492.0,7.9,449.0,-3.4,1.0,0.053,13123.0,0.6,4.0,0.8,1.0,0.011,3.22,-0.13,1.75,8.4,5.3,0.0168,23,207,-21,9,201.2,127,-79,47,0.0,0.009825,401.0,126.0,26.2,2.59,0.35,0.27,-1,2000-11-01 03:00:00
2000,306,4,2283,71,71,14,14,7.5,6.8,-11.7,258.3,-1.4,-6.5,-1.4,-6.6,0.7,0.6,2.3,1.5,1.1,1.4,139198.0,7.1,437.0,-3.0,0.2,0.065,14244.0,0.6,6.0,0.3,0.8,0.008,2.85,-0.31,1.4,7.8,5.2,0.0197,23,207,-23,9,201.2,127,-38,89,-0.2,0.009825,394.0,122.0,25.3,2.58,0.37,0.27,-1,2000-11-01 04:00:00
2000,306,5,2283,71,71,16,16,6.1,5.7,-25.0,262.6,-0.7,-5.1,-2.4,-5.6,-0.4,1.7,2.5,1.3,2.0,0.9,114087.0,8.0,435.0,-3.0,-0.6,0.054,17989.0,2.2,5.0,0.7,0.4,0.009,3.07,0.17,2.17,10.1,5.9,0.0117,23,207,-21,9,201.2,182,-63,119,0.3,0.009825,290.0,94.1,20.6,2.25,0.37,0.26,-1,2000-11-01 05:00:00
2000,306,6,2283,71,71,15,15,6.4,5.4,11.2,327.2,4.4,-2.9,1.0,-2.2,2.1,2.2,3.8,3.1,1.1,2.0,136753.0,8.0,442.0,-2.3,-1.2,0.058,37301.0,3.3,8.0,0.4,0.5,0.006,3.22,-0.93,2.15,9.8,5.8,0.0125,20,207,-15,7,201.2,222,-103,119,1.7,0.009825,231.0,78.6,18.0,2.05,0.35,0.26,-1,2000-11-01 06:00:00
2000,306,7,2283,71,71,15,15,8.2,7.9,24.5,336.8,6.6,-2.8,3.3,-1.0,4.2,0.3,2.0,1.0,1.6,0.6,147735.0,5.5,458.0,-0.9,-2.4,0.047,17903.0,0.6,5.0,0.6,0.5,0.006,2.29,-1.92,0.94,6.5,4.9,0.0277,20,207,-17,7,201.2,85,-22,63,0.4,0.009825,363.0,111.0,22.6,2.4,0.38,0.29,-1,2000-11-01 07:00:00
2000,306,8,2283,71,71,15,15,7.5,7.3,22.6,322.5,5.3,-4.1,2.8,-2.3,4.4,0.1,1.5,0.9,1.1,0.5,115006.0,6.0,457.0,-1.3,-2.2,0.05,15314.0,0.2,2.0,1.2,0.3,0.003,2.51,-2.01,1.08,7.5,5.4,0.0214,20,207,-14,7,201.2,31,5,36,0.2,0.009825,397.0,120.0,23.9,2.31,0.4,0.29,-1,2000-11-01 08:00:00
2000,306,9,2283,71,71,15,15,7.4,7.1,28.7,341.4,5.9,-2.0,3.4,-0.1,3.9,0.1,1.8,0.7,1.6,0.5,100471.0,6.1,455.0,-0.7,-2.4,0.047,6668.0,0.4,3.0,0.9,0.3,0.003,2.51,-1.77,1.06,7.6,5.5,0.0206,3,207,-14,2,201.2,35,-3,33,0.1,0.009825,431.0,128.0,25.2,2.26,0.33,0.24,-1,2000-11-01 09:00:00
2000,306,10,2283,71,71,15,15,7.1,6.9,34.9,332.6,5.0,-2.6,4.0,-0.3,4.8,0.1,1.1,0.4,0.8,0.6,88961.0,6.2,447.0,-1.3,-1.8,0.047,8864.0,0.4,4.0,0.7,0.6,0.005,2.46,-2.15,1.11,7.8,5.6,0.0194,3,207,-15,2,201.2,35,-11,24,0.1,0.009825,403.0,120.0,23.6,2.21,0.36,0.26,-1,2000-11-01 10:00:00
2000,306,11,2283,71,71,14,14,6.3,5.9,32.4,335.6,4.6,-2.1,3.2,-0.3,3.8,0.4,1.9,0.4,1.1,1.4,98637.0,6.5,440.0,-1.0,-1.8,0.048,16794.0,0.5,4.0,0.8,0.5,0.005,2.51,-1.67,1.55,8.9,5.8,0.015,3,207,-17,2,201.2,39,-20,19,-0.0,0.009825,347.0,101.0,19.8,2.03,0.35,0.25,-1,2000-11-01 11:00:00
2000,306,12,2283,71,71,15,15,5.8,5.8,14.4,335.6,5.1,-2.3,1.4,-1.4,2.3,0.1,0.7,0.3,0.5,0.4,118953.0,6.8,430.0,-0.5,-2.5,0.037,7530.0,0.1,3.0,0.5,0.3,0.002,2.41,-0.99,2.08,9.7,5.8,0.0127,10,207,-17,4,201.2,52,-29,23,-0.0,0.009825,276.0,80.8,16.1,1.75,0.36,0.27,-1,2000-11-01 12:00:00
2000,306,13,2283,71,71,15,15,5.9,5.6,35.8,336.5,4.2,-1.8,3.3,-0.2,3.8,0.1,1.7,0.7,0.7,1.3,95177.0,6.2,423.0,0.1,-0.8,0.039,8996.0,0.4,4.0,0.6,1.1,0.003,2.14,-1.61,1.66,8.9,5.7,0.0149,10,207,-16,4,201.2,48,-34,14,-0.2,0.009825,269.0,77.3,15.2,1.69,0.36,0.26,-1,2000-11-01 13:00:00
2000,306,14,2283,71,71,15,15,5.6,4.9,9.5,326.3,4.0,-2.7,0.8,-2.2,1.8,0.1,2.3,0.9,0.9,1.9,101424.0,6.7,417.0,-1.4,-2.5,0.038,13615.0,0.4,3.0,0.8,1.0,0.002,2.24,-0.75,2.04,9.6,5.8,0.0128,10,207,-11,4,201.2,54,-36,18,-0.0,0.009825,249.0,71.0,14.0,1.6,0.35,0.26,-1,2000-11-01 14:00:00
2000,306,15,2283,71,71,14,14,5.6,5.2,-0.4,316.6,3.8,-3.6,0.0,-3.4,1.3,0.1,1.7,0.7,0.7,1.5,89278.0,6.2,411.0,-2.1,-2.5,0.042,9756.0,0.5,4.0,0.7,1.1,0.004,2.04,-0.53,1.79,9.1,5.7,0.0142,10,207,-11,4,201.2,60,-39,21,0.8,0.009825,240.0,68.4,13.6,1.57,0.35,0.26,-1,2000-11-01 15:00:00
2000,306,16,2283,71,71,15,15,5.4,4.4,-9.6,329.0,3.7,-2.2,-0.7,-2.3,0.0,0.4,3.0,2.2,1.4,1.6,92145.0,5.9,398.0,-0.9,-1.7,0.045,20284.0,0.5,4.0,0.7,0.3,0.005,1.84,-0.0,1.86,9.0,5.5,0.0148,10,207,-13,4,201.2,66,-46,20,1.1,0.009825,223.0,63.4,12.7,1.53,0.37,0.28,-1,2000-11-01 16:00:00
2000,306,17,2283,71,71,15,15,5.1,4.7,-37.2,278.9,0.6,-3.7,-2.9,-4.3,-1.8,0.3,1.4,1.2,0.6,0.5,57128.0,5.3,400.0,-1.9,-2.1,0.045,8132.0,0.4,5.0,0.4,0.5,0.006,1.67,0.72,1.57,9.0,5.9,0.0146,10,207,-15,4,201.2,255,-194,61,1.4,0.009825,187.0,53.9,11.0,1.39,0.34,0.25,-1,2000-11-01 17:00:00
2000,306,18,2283,71,71,15,15,4.8,3.7,-8.4,278.8,0.6,-3.6,-0.5,-3.6,0.3,0.1,2.7,0.8,0.9,2.4,44147.0,5.2,402.0,-2.2,-1.6,0.041,5172.0,0.5,2.0,0.5,0.5,0.003,1.63,-0.12,1.62,9.5,6.2,0.013,13,207,-15,5,201.2,259,-192,68,1.2,0.009825,173.0,49.8,10.1,1.39,0.37,0.28,-1,2000-11-01 18:00:00
2000,306,19,2283,71,71,15,15,4.6,4.2,-3.3,306.3,2.5,-3.4,-0.2,-3.4,0.5,0.1,1.6,0.9,0.8,1.1,51487.0,6.0,397.0,-2.3,-1.9,0.054,11195.0,0.2,1.0,0.4,0.7,0.004,1.92,-0.2,2.12,10.6,6.3,0.0106,13,207,-14,5,201.2,174,-101,74,0.5,0.009825,161.0,46.2,9.32,1.26,0.35,0.27,-1,2000-11-01 19:00:00
2000,306,20,2283,71,71,15,15,4.5,4.5,-43.8,327.2,2.7,-1.7,-3.1,-2.2,-2.8,0.1,0.6,0.4,0.4,0.3,58573.0,6.3,394.0,-2.1,-3.3,0.056,5639.0,0.1,2.0,0.1,0.2,0.002,2.0,1.1,2.42,11.0,6.3,0.0099,13,207,-12,5,201.2,109,-59,50,0.8,0.009825,152.0,43.5,8.89,1.25,0.34,0.26,-1,2000-11-01 20:00:00
2000,306,21,2283,71,71,15,15,4.4,4.0,-8.0,347.5,3.9,-0.9,-0.6,-1.0,-0.5,0.0,1.5,0.4,0.9,1.1,77090.0,6.2,389.0,-1.9,-2.0,0.054,6078.0,0.2,2.0,0.3,0.3,0.004,1.91,0.19,2.74,11.0,6.0,0.0098,23,207,-13,9,201.2,102,-50,52,0.9,0.009825,143.0,41.3,8.55,1.21,0.35,0.28,-1,2000-11-01 21:00:00
2000,306,22,2283,71,71,15,15,4.6,4.3,-51.0,327.0,2.3,-1.5,-3.4,-1.9,-3.2,0.2,1.5,0.8,0.8,0.9,55535.0,6.6,392.0,-2.7,-2.5,0.057,7467.0,0.3,2.0,0.3,0.7,0.003,2.08,1.25,2.39,10.9,6.3,0.0099,23,207,-16,9,201.2,223,-160,62,1.1,0.009825,136.0,39.5,8.09,1.15,0.34,0.26,-1,2000-11-01 22:00:00
2000,306,23,2283,71,71,15,15,4.4,3.9,-31.2,332.1,2.9,-1.6,-2.0,-1.9,-1.8,0.2,2.1,0.9,0.3,1.9,65730.0,6.6,393.0,-2.8,-1.3,0.047,6340.0,0.2,1.0,0.1,0.5,0.003,2.02,0.71,2.75,11.5,6.2,0.009,23,207,-19,9,201.2,392,-313,79,2.3,0.009825,127.0,37.4,7.8,1.12,0.33,0.26,-1,2000-11-01 23:00:00
2000,307,0,2283,71,71,15,15,4.6,4.0,-37.6,326.3,2.7,-1.8,-2.5,-2.2,-2.2,0.3,2.1,1.5,0.6,1.4,59387.0,6.4,391.0,-3.2,-1.6,0.053,10322.0,0.2,5.0,0.3,0.7,0.003,1.98,0.86,2.36,10.8,6.2,0.0103,27,218,-20,12,193.2,187,-119,68,1.0,0.009993,115.0,33.9,7.05,1.12,0.36,0.27,-1,2000-11-02 00:00:00
2000,307,1,2283,71,71,15,15,4.5,3.7,-83.3,328.6,0.4,-0.2,-3.6,-0.9,-3.5,0.5,2.6,1.7,1.2,1.6,46969.0,6.3,392.0,-2.9,-2.5,0.051,8294.0,0.4,4.0,0.4,0.9,0.004,1.95,1.37,2.27,10.9,6.4,0.01,27,218,-18,12,193.2,208,-103,105,1.3,0.009993,107.0,32.0,6.85,1.08,0.34,0.25,-1,2000-11-02 01:00:00
2000,307,2,2283,71,71,15,15,3.8,3.5,2.6,324.9,2.9,-2.0,0.2,-1.9,0.6,0.1,1.4,0.5,0.4,1.3,56387.0,5.5,387.0,-3.1,-1.5,0.056,6310.0,0.1,1.0,0.2,0.2,0.004,1.68,-0.23,2.93,11.9,6.4,0.0083,27,218,-20,12,193.2,166,-79,87,1.0,0.009993,105.0,30.9,6.52,1.05,0.34,0.26,-1,2000-11-02 02:00:00
2000,307,3,2283,71,71,15,15,3.8,3.6,2.5,321.8,2.8,-2.2,0.2,-2.1,0.8,0.1,1.1,0.4,0.4,1.0,55425.0,5.1,385.0,-3.3,-2.1,0.052,5536.0,0.1,1.0,0.2,0.3,0.002,1.53,-0.31,2.7,11.4,6.3,0.0091,7,218,-17,3,193.2,67,-10,57,0.4,0.009993,102.0,29.9,6.31,1.07,0.35,0.27,-1,2000-11-02 03:00:00
2000,307,4,2283,71,71,14,14,3.8,3.5,-0.1,321.0,2.7,-2.2,0.0,-2.1,0.7,0.1,1.2,0.3,0.6,1.0,55324.0,4.9,384.0,-3.2,-1.9,0.05,5778.0,0.1,2.0,0.2,0.5,0.002,1.45,-0.27,2.59,11.2,6.2,0.0095,7,218,-16,3,193.2,30,1,31,0.1,0.009993,94.4,28.2,5.95,1.05,0.37,0.28,-1,2000-11-02 04:00:00
2000,307,5,2283,71,71,15,15,3.7,3.6,-22.9,323.5,2.6,-2.0,-1.4,-2.4,-0.6,0.0,1.0,0.6,0.7,0.3,53332.0,4.6,379.0,-3.5,-2.5,0.055,6882.0,0.2,2.0,0.4,0.2,0.003,1.35,0.23,2.54,11.0,6.1,0.0099,7,218,-16,3,193.2,38,-1,37,0.2,0.009993,92.2,27.5,5.84,1.01,0.37,0.28,-1,2000-11-02 05:00:00
2000,307,6,2283,71,71,15,15,3.7,3.5,2.9,317.4,2.6,-2.4,0.2,-2.1,1.2,0.1,1.0,0.5,0.3,0.9,48988.0,4.4,378.0,-3.3,-1.9,0.058,6302.0,0.1,2.0,0.2,0.3,0.002,1.29,-0.45,2.37,10.7,6.1,0.0104,3,218,-17,2,193.2,33,-4,29,0.2,0.009993,90.4,26.7,5.68,0.99,0.36,0.29,-1,2000-11-02 06:00:00
2000,307,7,2283,71,71,15,15,3.6,3.5,15.6,322.3,2.7,-2.1,0.9,-1.5,1.7,0.1,0.7,0.2,0.3,0.6,48627.0,4.2,376.0,-3.0,-1.9,0.056,3321.0,0.1,2.0,0.3,0.1,0.003,1.21,-0.64,2.39,10.7,6.1,0.0104,3,218,-15,2,193.2,28,-4,24,0.0,0.009993,86.4,25.7,5.42,0.94,0.33,0.25,-1,2000-11-02 07:00:00
2000,307,8,2283,71,71,15,15,3.6,3.5,6.8,324.7,2.9,-2.0,0.4,-1.6,1.3,0.0,0.4,0.2,0.3,0.3,50666.0,4.1,372.0,-3.3,-2.0,0.055,3056.0,0.1,1.0,0.2,0.1,0.002,1.16,-0.48,2.36,10.5,6.0,0.0109,3,218,-13,2,193.2,37,-11,27,0.0,0.009993,76.9,23.2,4.99,0.9,0.32,0.24,-1,2000-11-02 08:00:00
2000,307,9,2283,71,71,15,15,3.6,3.5,-2.3,312.3,2.4,-2.6,-0.1,-2.3,1.2,0.0,0.4,0.2,0.2,0.3,40668.0,3.9,368.0,-3.2,-2.2,0.054,2538.0,0.1,1.0,0.1,0.1,0.002,1.07,-0.44,2.12,10.1,6.0,0.0117,3,218,-13,2,193.2,34,-15,19,0.0,0.009993,74.0,22.3,4.81,0.91,0.34,0.26,-1,2000-11-02 09:00:00
2000,307,10,2283,71,71,15,15,3.5,3.4,-19.5,312.8,2.2,-2.3,-1.1,-2.5,0.2,0.1,0.8,0.4,0.3,0.6,37176.0,4.1,365.0,-3.4,-2.7,0.056,3814.0,0.2,2.0,0.1,0.3,0.002,1.12,-0.07,2.3,10.6,6.1,0.0107,3,218,-14,2,193.2,40,-14,26,0.0,0.009993,71.3,21.7,4.75,0.88,0.33,0.26,-1,2000-11-02 10:00:00
2000,307,11,2283,71,71,14,14,3.4,3.4,-39.2,303.3,1.4,-2.2,-2.1,-2.9,-0.8,0.0,0.6,0.4,0.2,0.4,30541.0,4.4,365.0,-3.4,-3.3,0.057,2375.0,0.2,1.0,0.1,0.2,0.002,1.2,0.29,2.52,11.3,6.3,0.0094,3,218,-16,2,193.2,70,-31,39,0.2,0.009993,69.3,21.0,4.51,0.89,0.34,0.26,-1,2000-11-02 11:00:00
2000,307,12,2283,71,71,16,16,3.2,3.1,-55.8,323.2,1.4,-1.1,-2.6,-2.2,-1.8,0.1,0.5,0.2,0.4,0.2,29384.0,5.1,360.0,-3.0,-3.5,0.055,2137.0,0.3,1.0,0.2,0.2,0.002,1.35,0.65,3.27,12.7,6.5,0.0074,10,218,-16,4,193.2,117,-73,44,0.6,0.009993,64.3,19.7,4.29,0.89,0.35,0.27,-1,2000-11-02 12:00:00
2000,307,13,2283,71,71,14,14,3.2,3.0,-78.5,319.8,0.5,-0.4,-2.9,-1.6,-2.4,0.1,1.1,1.0,0.4,0.3,27960.0,5.3,361.0,-2.4,-3.7,0.05,3862.0,0.1,3.0,0.2,0.3,0.002,1.38,0.87,3.37,13.0,6.6,0.0071,10,218,-18,4,193.2,192,-114,78,0.9,0.009993,61.0,18.8,4.1,0.83,0.34,0.25,-1,2000-11-02 13:00:00
2000,307,14,2283,71,71,15,15,3.3,3.1,-12.8,341.3,2.8,-1.0,-0.7,-1.2,-0.2,0.1,1.0,0.4,0.6,0.7,49750.0,4.5,355.0,-2.2,-2.4,0.05,6155.0,0.4,2.0,0.2,0.3,0.002,1.14,0.07,3.06,11.4,6.0,0.0091,10,218,-16,4,193.2,234,-153,81,0.9,0.009993,61.4,18.6,3.98,0.79,0.32,0.24,-1,2000-11-02 14:00:00
2000,307,15,2283,71,71,15,15,3.2,2.9,-17.9,345.0,2.7,-0.7,-0.9,-1.0,-0.6,0.1,1.1,0.3,0.9,0.6,46763.0,5.0,354.0,-2.1,-2.6,0.05,2859.0,0.4,2.0,0.3,0.3,0.002,1.26,0.21,3.56,12.4,6.1,0.0078,7,218,-11,3,193.2,77,-38,39,1.0,0.009993,58.5,18.1,3.96,0.87,0.37,0.27,-1,2000-11-02 15:00:00
2000,307,16,2283,71,71,15,15,3.1,3.0,-14.4,314.6,2.0,-2.0,-0.7,-2.1,0.0,0.2,0.9,0.4,0.5,0.6,39445.0,5.0,355.0,-2.1,-2.6,0.052,3879.0,0.2,1.0,0.2,0.2,0.004,1.27,-0.0,3.63,12.8,6.3,0.0073,7,218,-8,3,193.2,56,-28,27,0.8,0.009993,57.0,17.8,3.88,0.85,0.37,0.28,-1,2000-11-02 16:00:00
2000,307,17,2283,71,71,15,15,3.0,2.8,5.4,1.5,2.8,0.1,0.3,0.2,0.3,0.2,1.0,0.3,0.7,0.6,52813.0,5.0,354.0,-1.5,-2.4,0.051,3311.0,0.2,1.0,0.2,0.1,0.004,1.26,-0.11,4.19,13.2,6.1,0.0068,7,218,-8,3,193.2,52,-34,18,0.7,0.009993,52.9,16.5,3.78,0.72,0.22,0.15,-1,2000-11-02 17:00:00
2000,307,18,2283,71,71,15,15,3.2,2.7,-29.6,354.9,2.4,-0.2,-1.3,-0.5,-1.2,0.1,1.5,0.8,1.2,0.4,46917.0,5.3,354.0,-1.5,-2.6,0.048,7360.0,0.2,1.0,0.4,0.2,0.003,1.32,0.42,3.77,12.7,6.2,0.0073,7,218,-6,3,193.2,51,-38,13,0.5,0.009993,88.2,49.1,37.0,33.3,0.84,0.49,-1,2000-11-02 18:00:00
2000,307,19,2283,71,71,15,15,3.2,1.7,-47.1,313.2,0.8,-0.8,-1.2,-1.0,-1.0,0.1,2.5,1.4,2.0,0.8,37940.0,5.3,356.0,-1.8,-1.8,0.048,5757.0,0.6,3.0,0.9,0.5,0.003,1.34,0.36,3.58,12.8,6.3,0.0073,7,218,-3,3,193.2,66,-49,17,0.6,0.009993,999999.99,99999.99,99999.99,99999.99,99999.99,99999.99,0,2000-11-02 19:00:00
2000,307,20,2283,71,71,15,15,3.2,2.5,5.3,2.9,2.5,0.1,0.2,0.1,0.2,0.2,1.9,1.1,1.4,0.7,47505.0,4.9,356.0,-1.0,-1.1,0.043,5869.0,0.4,1.0,0.8,0.2,0.003,1.22,-0.07,3.5,12.3,6.1,0.0078,7,218,-3,3,193.2,33,-22,10,0.1,0.009993,999999.99,99999.99,99999.99,99999.99,99999.99,99999.99,0,2000-11-02 20:00:00
2000,307,21,2283,71,71,15,15,3.3,2.6,15.2,319.6,1.9,-1.6,0.7,-1.5,0.9,0.3,2.0,1.1,1.0,1.4,43958.0,5.0,357.0,-1.1,-1.0,0.044,8287.0,0.2,2.0,0.2,0.2,0.004,1.25,-0.32,3.29,12.1,6.2,0.0081,7,218,3,3,193.2,34,-19,15,0.1,0.009993,999999.99,99999.99,99999.99,99999.99,99999.99,99999.99,0,2000-11-02 21:00:00
2000,307,22,2283,71,71,15,15,3.8,3.5,50.5,321.7,1.8,-1.4,2.7,-1.0,2.9,0.2,1.3,0.5,1.0,0.7,32004.0,5.1,357.0,-0.7,-1.2,0.046,2310.0,0.3,1.0,0.5,0.3,0.004,1.29,-1.04,2.36,10.6,6.1,0.0106,7,218,2,3,193.2,41,-15,26,-0.1,0.009993,43.7,13.7,3.02,0.69,0.32,0.24,-1,2000-11-02 22:00:00
2000,307,23,2283,71,71,15,15,3.7,3.0,12.4,357.8,2.9,-0.1,0.6,0.0,0.6,0.1,1.9,0.6,1.3,1.2,52747.0,5.8,354.0,-0.7,-2.2,0.046,9480.0,0.2,2.0,0.5,0.4,0.002,1.44,-0.21,3.19,11.5,5.9,0.009,7,218,0,3,193.2,33,-14,19,0.1,0.009993,44.4,14.2,3.13,0.73,0.33,0.25,-1,2000-11-02 23:00:00
2000,308,0,2283,71,71,15,15,3.7,3.3,15.2,346.1,3.1,-0.8,0.9,-0.7,1.0,0.1,1.4,0.5,1.1,0.6,53212.0,5.5,353.0,-0.8,-1.8,0.05,5215.0,0.3,2.0,0.6,0.4,0.005,1.37,-0.35,3.03,11.2,5.9,0.0095,0,209,-1,0,195.5,35,-14,20,-0.1,0.009959,45.2,16.2,3.26,0.74,0.34,0.26,-1,2000-11-03 00:00:00
2000,308,1,2283,71,71,15,15,3.9,3.8,33.2,313.6,2.2,-2.3,2.1,-1.9,2.5,0.1,1.0,0.5,0.3,0.8,40990.0,5.1,356.0,-0.8,-1.2,0.054,5170.0,0.3,1.0,0.3,0.5,0.005,1.31,-0.89,2.36,10.3,5.9,0.0112,0,209,-1,0,195.5,27,-10,17,-0.2,0.009959,55.6,20.5,3.64,0.76,0.34,0.25,-1,2000-11-03 01:00:00
2000,308,2,2283,71,71,15,15,4.0,3.8,25.7,338.8,3.2,-1.2,1.7,-0.8,1.9,0.1,1.1,0.6,0.7,0.6,52002.0,5.5,350.0,-0.3,-1.4,0.056,7075.0,0.2,2.0,0.3,0.4,0.004,1.38,-0.67,2.58,10.3,5.7,0.0113,0,209,-2,0,195.5,25,-9,16,-0.2,0.009959,74.4,26.7,4.26,0.81,0.35,0.27,-1,2000-11-03 02:00:00
2000,308,3,2283,71,71,15,15,4.2,4.0,10.6,306.8,2.4,-3.1,0.7,-2.8,1.5,0.1,1.3,0.7,0.8,0.7,46759.0,5.4,352.0,-1.4,-1.4,0.054,5942.0,0.2,2.0,0.5,0.3,0.005,1.36,-0.53,2.23,9.7,5.7,0.0125,0,209,-2,0,195.5,20,-7,13,-0.1,0.009959,89.0,30.7,4.51,0.77,0.31,0.21,-1,2000-11-03 03:00:00
2000,308,4,2283,71,71,15,15,4.8,4.6,21.8,284.6,1.1,-4.2,1.7,-3.5,2.9,0.2,1.0,0.6,0.2,0.8,41060.0,5.1,356.0,-2.2,-0.6,0.051,2207.0,0.4,2.0,0.3,0.5,0.005,1.3,-1.03,1.56,8.4,5.5,0.017,0,209,1,0,195.5,21,-3,17,-0.2,0.009959,74.4,25.7,4.16,0.76,0.32,0.25,-1,2000-11-03 04:00:00
2000,308,5,2283,71,71,15,15,4.8,4.7,39.6,294.1,1.5,-3.3,3.0,-2.0,4.0,0.1,0.6,0.5,0.3,0.3,41710.0,4.9,350.0,-1.8,-0.1,0.056,2497.0,0.2,3.0,0.2,0.3,0.005,1.23,-1.4,1.5,8.1,5.3,0.0183,0,209,4,0,195.5,18,-2,17,-0.3,0.009959,86.4,30.2,4.66,0.86,0.35,0.27,-1,2000-11-03 05:00:00
2000,308,6,2283,71,71,15,15,4.5,4.1,39.5,301.2,1.6,-2.7,2.6,-1.4,3.5,0.1,1.6,1.4,0.4,0.8,40897.0,5.0,348.0,-1.1,-0.8,0.063,3412.0,0.3,5.0,0.4,0.6,0.007,1.27,-1.22,1.74,8.6,5.5,0.0159,3,209,5,2,195.5,16,-1,15,-0.2,0.009959,144.0,48.2,5.8,0.88,0.35,0.28,-1,2000-11-03 06:00:00
2000,308,7,2283,71,71,15,15,4.3,4.3,24.1,319.8,3.0,-2.5,1.8,-1.5,2.7,0.1,0.4,0.2,0.2,0.3,9999999.0,999.9,341.0,-0.5,-2.0,0.06,9999999.0,999.9,1.0,0.1,0.2,0.006,99.99,-0.92,999.99,999.9,99.9,9.9999,3,209,7,2,195.5,23,-2,21,-0.2,0.009959,164.0,50.8,5.8,0.92,0.35,0.25,-1,2000-11-03 07:00:00
2000,308,8,2283,71,71,14,14,4.4,3.7,7.8,313.1,2.5,-2.7,0.5,-2.2,1.7,0.2,2.3,1.3,1.1,1.6,9999999.0,999.9,339.0,-0.5,-2.6,0.053,9999999.0,999.9,1.0,0.3,0.3,0.006,99.99,-0.58,999.99,999.9,99.9,9.9999,3,209,9,2,195.5,35,-6,28,-0.2,0.009959,145.0,44.3,5.07,0.85,0.36,0.28,-1,2000-11-03 08:00:00
2000,308,9,2283,71,71,15,15,4.5,4.1,18.1,309.8,2.5,-3.0,1.3,-2.0,2.6,0.0,1.7,0.8,1.0,1.1,9999999.0,999.9,337.0,-1.0,-2.6,0.053,9999999.0,999.9,2.0,0.4,0.2,0.009,99.99,-0.88,999.99,999.9,99.9,9.9999,3,209,9,2,195.5,32,-12,20,-0.2,0.009959,144.0,43.3,4.88,0.79,0.32,0.25,-1,2000-11-03 09:00:00
2000,308,10,2283,71,71,15,15,4.4,4.2,39.1,277.8,0.4,-3.2,2.6,-1.5,3.8,0.1,1.1,1.0,0.4,0.3,9999999.0,999.9,339.0,-1.3,-2.6,0.049,9999999.0,999.9,2.0,0.4,0.3,0.005,99.99,-1.29,999.99,999.9,99.9,9.9999,3,209,7,2,195.5,31,-14,16,-0.3,0.009959,140.0,40.1,4.51,0.81,0.35,0.28,-1,2000-11-03 10:00:00
2000,308,11,2283,71,71,15,15,4.3,3.3,35.6,346.8,2.6,-0.6,1.9,0.4,2.0,0.1,2.6,1.2,2.2,0.7,9999999.0,999.9,336.0,-0.5,-3.0,0.047,9999999.0,999.9,2.0,0.4,0.2,0.006,99.99,-0.67,999.99,999.9,99.9,9.9999,3,209,6,2,195.5,40,-20,20,-0.2,0.009959,164.0,44.3,4.64,0.81,0.36,0.28,-1,2000-11-03 11:00:00
2000,308,12,2283,71,71,16,16,4.2,2.0,-35.9,9.5,1.6,0.3,-1.2,-0.3,-1.2,0.3,3.6,2.2,1.0,2.7,33235.0,6.0,339.0,-0.8,-4.0,0.045,2662.0,0.4,6.0,0.8,1.1,0.007,1.36,0.41,2.29,9.9,5.7,0.0122,10,209,4,4,195.5,66,-32,34,0.6,0.009959,124.0,33.7,4.03,0.76,0.34,0.26,-1,2000-11-03 12:00:00
2000,308,13,2283,71,71,14,14,4.2,3.9,-71.3,123.7,-0.7,1.0,-3.6,-0.6,-3.7,0.2,1.5,0.7,1.3,0.5,30639.0,6.4,341.0,-1.1,-5.7,0.039,2047.0,0.2,3.0,0.7,0.2,0.005,1.44,1.26,2.4,10.3,5.9,0.0113,10,209,-2,4,195.5,217,-158,59,1.4,0.009959,148.0,39.4,5.05,0.92,0.42,0.27,-1,2000-11-03 13:00:00
2000,308,14,2283,71,71,16,16,4.0,3.2,-65.2,4.3,1.3,0.1,-2.9,-1.1,-2.7,0.2,2.3,0.7,1.9,0.9,39885.0,6.3,335.0,-1.4,-5.1,0.044,4444.0,0.3,3.0,1.0,0.5,0.004,1.39,0.9,2.76,10.5,5.7,0.0108,10,209,-4,4,195.5,270,-242,28,1.5,0.009959,999999.99,99999.99,99999.99,99999.99,99999.99,99999.99,0,2000-11-03 14:00:00
2000,308,15,2283,71,71,14,14,3.5,2.3,-16.3,251.7,-0.7,-2.1,-0.6,-2.2,0.2,0.6,2.5,2.0,0.9,1.1,45137.0,6.3,340.0,-2.7,-4.0,0.041,6591.0,0.5,6.0,0.3,0.7,0.003,1.42,-0.07,3.71,12.2,5.9,0.008,10,209,-6,4,195.5,192,-150,42,0.9,0.009959,999999.99,99999.99,99999.99,99999.99,99999.99,99999.99,0,2000-11-03 15:00:00
2000,308,16,2283,71,71,15,15,3.8,2.9,30.1,293.0,1.0,-2.3,1.5,-1.7,2.1,0.5,2.4,1.3,1.4,1.5,9999999.0,999.9,332.0,-2.4,-3.0,0.04,9999999.0,999.9,3.0,0.5,0.6,0.004,99.99,-0.7,999.99,999.9,99.9,9.9999,10,209,-4,4,195.5,68,-40,28,0.3,0.009959,999999.99,99999.99,99999.99,99999.99,99999.99,99999.99,0,2000-11-03 16:00:00
2000,308,17,2283,71,71,15,15,3.5,2.4,-5.3,316.6,1.8,-1.7,-0.2,-1.7,0.3,0.2,2.4,1.3,1.6,1.2,9999999.0,999.9,330.0,-2.2,-3.0,0.041,9999999.0,999.9,4.0,0.7,0.8,0.005,99.99,-0.1,999.99,999.9,99.9,9.9999,10,209,-2,4,195.5,32,-15,17,0.3,0.009959,999999.99,99999.99,99999.99,99999.99,99999.99,99999.99,0,2000-11-03 17:00:00
2000,308,18,2283,71,71,15,15,4.5,4.2,30.6,287.0,1.1,-3.5,2.2,-2.9,2.9,0.3,1.6,0.6,0.5,1.3,38654.0,7.4,335.0,-2.6,-1.7,0.039,2623.0,0.4,2.0,0.3,0.7,0.005,1.6,-0.97,2.54,10.1,5.7,0.0116,20,209,3,7,195.5,33,-13,20,-0.2,0.009959,999999.99,99999.99,99999.99,99999.99,99999.99,99999.99,0,2000-11-03 18:00:00
2000,308,19,2283,71,71,13,13,4.9,4.2,-51.2,33.6,2.2,1.4,-3.2,0.8,-3.4,0.3,2.4,0.5,1.8,1.5,38861.0,10.0,338.0,-2.3,-2.7,0.036,2851.0,0.9,2.0,0.4,0.3,0.004,2.18,1.15,2.9,10.9,5.8,0.01,20,209,10,7,195.5,47,-21,26,0.7,0.009959,269.0,78.0,8.75,0.89,0.33,0.28,-1,2000-11-03 19:00:00
2000,308,20,2283,71,71,15,15,5.2,5.2,-22.0,63.9,2.1,4.3,-1.9,4.0,-2.5,0.1,0.4,0.2,0.2,0.3,33354.0,10.9,332.0,-0.9,-3.2,0.037,2254.0,0.3,1.0,0.3,0.2,0.004,2.3,0.83,2.71,10.5,5.8,0.0107,20,209,7,7,195.5,135,-75,61,1.2,0.009959,283.0,77.4,7.9,1.06,0.38,0.34,-1,2000-11-03 20:00:00
2000,308,21,2283,71,71,15,15,5.0,4.3,-15.0,70.6,1.4,3.9,-1.1,3.7,-1.6,0.4,2.4,1.4,1.5,1.3,35336.0,11.4,333.0,-0.8,-2.9,0.038,11225.0,0.8,2.0,0.5,0.7,0.003,2.43,0.53,3.11,11.2,5.9,0.0094,20,209,5,7,195.5,325,-233,91,1.9,0.009959,336.0,87.8,12.1,4.88,3.67,1.46,-1,2000-11-03 21:00:00
2000,308,22,2283,71,71,16,16,5.4,4.9,4.6,304.8,2.8,-4.0,0.4,-3.9,0.9,0.6,1.8,0.4,1.2,1.3,50741.0,10.2,340.0,-4.4,-1.2,0.037,4696.0,0.8,4.0,0.9,0.8,0.006,2.26,-0.31,2.61,10.1,5.6,0.0118,20,209,1,7,195.5,207,-147,60,1.2,0.009959,383.0,87.2,7.38,1.0,0.4,0.3,-1,2000-11-03 22:00:00
2000,308,23,2283,71,71,15,15,6.6,6.2,9.9,299.6,3.0,-5.3,1.1,-5.1,1.8,0.6,2.2,0.6,1.9,1.0,44837.0,11.6,347.0,-4.5,0.2,0.036,7933.0,0.9,3.0,0.5,0.4,0.005,2.67,-0.62,1.92,9.0,5.5,0.0148,20,209,4,7,195.5,78,-32,46,0.5,0.009959,344.0,76.6,6.59,1.15,0.56,0.37,-1,2000-11-03 23:00:00
2000,309,0,2283,71,71,15,15,6.7,5.9,32.8,345.0,4.8,-1.3,3.2,-0.8,3.4,0.7,3.2,1.0,2.3,2.0,49843.0,12.4,346.0,-3.8,0.3,0.037,5137.0,1.0,3.0,0.4,0.3,0.007,2.85,-1.18,2.05,9.1,5.5,0.0144,30,192,6,15,191.4,43,-6,37,0.2,0.009668,402.0,86.1,6.8,0.9,0.34,0.24,-1,2000-11-04 00:00:00
2000,309,1,2283,71,71,15,15,8.0,6.6,27.8,324.1,4.7,-3.4,3.1,-2.8,3.6,0.5,4.2,2.1,2.7,2.5,54136.0,11.7,357.0,-6.2,-0.5,0.032,9674.0,1.5,9.0,1.9,1.0,0.004,2.81,-1.29,1.39,7.6,5.1,0.0204,30,192,9,15,191.4,35,-9,26,-0.1,0.009668,476.0,107.0,8.97,0.98,0.33,0.25,-1,2000-11-04 01:00:00
2000,309,2,2283,71,71,17,17,12.3,11.3,26.2,311.8,6.7,-7.5,5.0,-6.3,6.5,5.0,6.4,2.6,5.5,2.1,57288.0,25.9,379.0,-6.2,2.8,0.025,14600.0,17.8,26.0,1.5,2.7,0.007,6.83,-2.46,1.32,7.8,5.4,0.0193,30,192,27,15,191.4,39,-3,35,-0.2,0.009668,970.0,293.0,53.5,20.6,14.8,3.95,-1,2000-11-04 02:00:00
2000,309,3,2283,71,71,15,15,22.6,21.2,-26.4,285.1,5.0,-18.4,-9.4,-20.2,-4.4,1.6,7.7,4.9,1.5,5.8,66067.0,35.0,407.0,-8.4,5.2,0.028,4982.0,4.4,3.0,0.6,0.8,0.004,10.77,1.79,0.55,5.3,4.4,0.0419,50,192,36,48,191.4,178,-62,116,-0.2,0.009668,999999.99,99999.99,99999.99,99999.99,99999.99,99999.99,0,2000-11-04 03:00:00
2000,309,4,2283,71,71,15,15,21.3,20.6,-51.6,249.4,-4.5,-12.0,-16.1,-16.4,-11.6,1.6,5.3,3.4,3.9,1.4,54648.0,34.6,401.0,-8.0,2.9,0.024,4102.0,3.9,4.0,1.6,0.3,0.005,10.18,4.65,0.58,5.5,4.5,0.0388,50,192,13,48,191.4,189,-88,101,0.0,0.009668,197.0,37.0,3.37,0.71,0.34,0.28,-1,2000-11-04 04:00:00
2000,309,5,2283,71,71,16,16,18.7,13.4,-17.8,136.7,-9.3,8.7,-4.1,6.7,-6.9,2.4,12.9,1.8,8.8,9.3,67910.0,28.6,397.0,-4.5,1.7,0.032,18931.0,13.1,6.0,1.0,1.4,0.007,8.49,2.74,0.67,5.7,4.5,0.0369,50,192,-10,48,191.4,791,-442,350,6.6,0.009668,258.0,43.4,3.39,0.63,0.3,0.21,-1,2000-11-04 05:00:00
2000,309,6,2283,71,71,15,15,19.2,18.7,3.0,122.9,-10.1,15.7,1.0,14.8,-5.3,0.8,3.8,0.9,0.9,3.6,118444.0,10.5,417.0,-0.9,-0.9,0.044,5185.0,0.4,3.0,0.8,0.9,0.009,3.59,2.21,0.29,3.5,3.1,0.0961,40,192,-36,27,191.4,379,-129,250,4.8,0.009668,162.0,24.3,2.55,0.62,0.33,0.26,-1,2000-11-04 06:00:00
2000,309,7,2283,71,71,15,15,14.3,11.6,-21.1,139.8,-8.3,7.0,-4.2,4.5,-6.8,0.6,7.8,2.7,5.2,5.2,193155.0,12.9,423.0,0.7,-0.6,0.069,10605.0,2.0,7.0,1.3,1.2,0.024,4.92,2.88,0.84,5.3,4.0,0.0422,40,192,-32,27,191.4,465,-198,267,4.4,0.009668,102.0,16.3,2.06,0.59,0.33,0.25,-1,2000-11-04 07:00:00
2000,309,8,2283,71,71,15,15,14.7,14.3,3.3,110.7,-5.1,13.4,0.8,12.3,-5.5,0.3,2.8,1.6,0.9,2.1,175638.0,9.8,423.0,-2.2,-2.9,0.076,14099.0,0.7,4.0,1.3,1.1,0.015,3.82,2.33,0.57,4.5,3.7,0.0586,40,192,-46,27,191.4,548,-265,283,3.8,0.009668,85.3,13.5,1.83,0.54,0.3,0.23,-1,2000-11-04 08:00:00
2000,309,9,2283,71,71,14,14,12.8,10.7,-4.9,128.0,-6.5,8.4,-0.9,7.0,-4.8,0.5,6.9,2.9,3.7,5.0,193065.0,9.6,415.0,0.4,-4.4,0.067,9718.0,0.5,7.0,2.6,1.8,0.012,3.5,1.99,0.78,5.0,3.9,0.0471,40,192,-49,27,191.4,447,-186,261,3.5,0.009668,86.1,13.1,1.88,0.61,0.35,0.26,-1,2000-11-04 09:00:00
2000,309,10,2283,71,71,15,15,11.0,10.1,16.6,152.4,-8.6,4.5,2.9,5.3,0.4,0.5,3.6,1.6,2.9,1.5,180480.0,9.8,405.0,1.8,-6.1,0.062,10561.0,0.4,2.0,1.0,0.8,0.008,3.35,-0.16,1.04,5.8,4.2,0.0358,40,192,-41,27,191.4,406,-270,135,1.8,0.009668,91.9,13.4,1.82,0.57,0.34,0.26,-1,2000-11-04 10:00:00
2000,309,11,2283,71,71,15,15,11.0,10.5,-15.2,151.4,-8.9,4.8,-2.7,3.0,-4.6,0.5,3.2,1.4,2.1,2.0,157064.0,9.7,401.0,2.1,-4.5,0.062,3310.0,0.6,3.0,0.7,0.6,0.017,3.25,1.84,0.95,5.7,4.2,0.0369,40,192,-29,27,191.4,258,-173,85,1.4,0.009668,96.9,14.0,1.84,0.57,0.34,0.25,-1,2000-11-04 11:00:00
2000,309,12,2283,71,71,15,15,9.8,9.3,-18.1,132.9,-6.0,6.5,-2.9,4.5,-5.5,0.3,2.5,0.6,1.1,2.2,170328.0,7.5,408.0,2.4,-4.2,0.054,6613.0,0.6,6.0,0.9,0.8,0.009,2.54,2.24,0.97,5.7,4.2,0.0366,37,192,-29,22,191.4,451,-361,91,3.0,0.009668,83.2,12.6,1.76,0.58,0.34,0.26,-1,2000-11-04 12:00:00
2000,309,13,2283,71,71,16,16,9.7,9.1,-17.7,126.9,-5.2,6.9,-2.8,5.1,-5.5,0.6,3.1,1.6,1.0,2.5,172773.0,6.6,420.0,3.9,-2.5,0.061,10527.0,0.4,7.0,1.0,1.6,0.012,2.42,2.31,0.88,5.6,4.2,0.0385,37,192,-25,22,191.4,659,-478,181,4.3,0.009668,60.6,9.99,1.59,0.55,0.32,0.25,-1,2000-11-04 13:00:00
2000,309,14,2283,71,71,15,15,9.2,8.5,22.9,155.3,-7.1,3.3,3.3,4.3,1.8,0.5,2.6,0.6,2.0,1.6,164530.0,6.9,423.0,5.0,-5.8,0.059,9392.0,0.6,6.0,1.5,0.9,0.007,2.55,-0.76,0.99,6.0,4.4,0.0326,37,192,-29,22,191.4,289,-180,109,1.6,0.009668,47.7,8.12,1.44,0.55,0.34,0.26,-1,2000-11-04 14:00:00
2000,309,15,2283,71,71,16,16,8.9,8.4,12.7,162.1,-7.8,2.5,1.9,3.0,0.9,0.1,2.6,0.7,1.8,1.6,202826.0,4.9,437.0,5.3,-4.2,0.061,21682.0,0.7,5.0,1.6,1.6,0.012,1.94,-0.39,0.85,5.4,4.1,0.0403,40,192,-30,27,191.4,110,-45,66,0.1,0.009668,28.5,6.09,1.3,0.54,0.36,0.28,-1,2000-11-04 15:00:00
2000,309,16,2283,71,71,15,15,9.0,7.6,-22.2,153.2,-6.3,3.2,-2.9,2.2,-3.7,0.9,4.6,2.2,2.9,2.8,213379.0,4.8,454.0,4.8,-0.8,0.063,17528.0,0.4,12.0,2.0,1.5,0.025,2.07,1.68,0.84,5.5,4.2,0.039,40,192,-27,27,191.4,125,-74,50,1.0,0.009668,24.0,5.99,1.82,1.06,0.86,0.67,-1,2000-11-04 16:00:00
2000,309,17,2283,71,71,15,15,9.7,9.5,-10.7,127.9,-5.7,7.4,-1.8,6.7,-3.7,0.4,2.1,0.8,0.6,1.8,183039.0,4.6,458.0,0.9,-0.9,0.062,5238.0,0.4,3.0,1.0,0.8,0.01,2.01,1.69,0.63,5.1,4.1,0.0464,40,192,-34,27,191.4,606,-429,177,3.3,0.009668,22.2,5.38,1.23,0.51,0.34,0.26,-1,2000-11-04 17:00:00
2000,309,18,2283,71,71,16,16,9.0,8.1,-22.9,137.9,-5.5,5.0,-3.1,4.2,-4.1,0.3,3.5,1.4,1.7,2.7,223317.0,4.1,479.0,4.1,-1.5,0.084,26399.0,0.2,17.0,2.6,0.9,0.014,2.1,1.96,0.74,5.4,4.2,0.041,37,192,-32,22,191.4,695,-445,250,4.2,0.009668,20.2,4.85,1.11,0.47,0.3,0.23,-1,2000-11-04 18:00:00
2000,309,19,2283,71,71,15,15,9.8,9.2,-26.6,135.9,-5.9,5.7,-4.1,4.9,-5.0,0.3,2.8,1.1,0.9,2.4,242683.0,4.3,485.0,4.0,-3.3,0.073,17067.0,0.2,6.0,1.0,1.8,0.05,2.18,2.42,0.69,5.1,4.1,0.0452,37,192,-26,22,191.4,692,-454,238,4.0,0.009668,15.8,4.42,1.19,0.59,0.43,0.32,-1,2000-11-04 19:00:00
2000,309,20,2283,71,71,13,13,10.2,8.6,-0.9,130.0,-5.6,6.6,-0.1,6.5,-1.1,0.2,4.6,3.6,1.7,2.3,271571.0,4.4,496.0,2.4,-7.8,0.065,20637.0,0.3,24.0,1.9,1.9,0.054,2.28,0.55,0.7,5.1,4.0,0.0457,37,192,-38,22,191.4,754,-598,156,3.8,0.009668,15.7,4.28,1.08,0.51,0.35,0.28,-1,2000-11-04 20:00:00
2000,309,21,2283,71,71,17,17,10.0,7.5,56.9,125.4,-2.4,3.3,6.2,4.1,5.7,0.4,6.2,3.8,2.9,3.9,293156.0,4.1,532.0,5.4,-9.6,9.999,41222.0,0.3,41.0,3.3,1.6,9.999,2.32,-3.03,0.72,5.4,4.2,0.041,37,192,-42,22,191.4,450,-325,125,2.1,0.009668,14.2,4.0,1.04,0.5,0.34,0.26,-1,2000-11-04 21:00:00
2000,309,22,2283,71,71,14,14,10.4,10.0,83.1,115.7,-0.5,1.1,9.9,2.3,9.7,0.2,1.8,1.4,1.0,0.4,309767.0,4.1,560.0,8.0,-8.8,0.054,15159.0,0.3,12.0,0.8,0.3,0.017,2.61,-5.43,0.69,5.5,4.3,0.04,37,192,-34,22,191.4,206,-130,77,0.2,0.009668,11.7,3.51,0.95,0.47,0.33,0.25,-1,2000-11-04 22:00:00
2000,309,23,2283,71,71,15,15,9.4,8.2,44.4,148.4,-5.0,3.1,5.7,3.8,5.3,0.6,4.4,3.0,2.0,2.6,324328.0,4.6,529.0,6.9,-8.5,0.033,11322.0,0.5,14.0,1.7,1.1,0.007,2.43,-2.8,0.98,6.0,4.4,0.0327,37,192,-31,22,191.4,98,-46,52,-0.1,0.009668,10.7,3.22,0.92,0.49,0.34,0.27,-1,2000-11-04 23:00:00
2000,310,0,2283,71,71,13,13,10.8,10.2,13.8,134.5,-7.0,7.1,2.4,7.4,1.4,0.2,2.7,0.9,1.3,2.1,334130.0,4.3,507.0,5.1,-6.9,0.073,17213.0,0.5,11.0,2.0,2.2,0.025,2.38,-0.71,0.71,4.9,3.8,0.0502,37,197,-32,22,183.1,95,-55,41,0.5,0.010048,9.92,3.07,0.89,0.48,0.35,0.28,-1,2000-11-05 00:00:00
2000,310,1,2283,71,71,17,17,10.9,8.0,7.2,130.0,-5.1,6.1,1.0,6.2,0.0,1.0,5.8,2.1,3.8,3.8,404538.0,4.7,536.0,7.9,-5.5,0.106,41649.0,1.3,23.0,4.8,3.3,0.035,3.21,-0.0,0.88,5.3,4.0,0.0419,37,197,-29,22,183.1,344,-254,90,2.0,0.010048,9.5,2.95,0.85,0.45,0.33,0.26,-1,2000-11-05 01:00:00
2000,310,2,2283,71,71,14,14,13.3,9.5,0.2,139.5,-7.2,6.2,0.0,6.1,-1.3,0.6,7.6,3.1,5.0,4.8,464268.0,5.8,557.0,9.1,-4.5,0.104,22989.0,1.1,20.0,5.8,4.4,0.042,4.26,0.72,0.81,5.0,3.9,0.0468,37,197,-27,22,183.1,310,-244,66,1.3,0.010048,8.65,2.72,0.83,0.48,0.35,0.25,-1,2000-11-05 02:00:00
2000,310,3,2283,71,71,16,16,14.2,12.7,4.9,123.2,-6.9,10.6,1.1,10.5,-1.6,0.2,4.4,2.8,2.2,2.5,456196.0,5.6,544.0,3.6,-3.5,0.048,36778.0,0.4,20.0,1.5,2.7,0.02,3.3,0.87,0.68,4.5,3.6,0.0579,30,197,-27,15,183.1,165,-122,43,1.3,0.010048,8.67,2.71,0.82,0.45,0.33,0.25,-1,2000-11-05 03:00:00
2000,310,4,2283,71,71,14,14,14.0,11.6,33.0,111.5,-3.6,9.1,6.3,10.6,3.3,0.4,6.8,4.1,4.1,3.6,459347.0,5.4,564.0,3.7,-8.3,0.039,49936.0,0.7,25.0,3.8,3.2,0.006,3.32,-1.86,0.67,4.7,3.7,0.0543,30,197,-28,15,183.1,236,-158,78,1.6,0.010048,8.13,2.58,0.77,0.43,0.31,0.24,-1,2000-11-05 04:00:00
2000,310,5,2283,71,71,16,16,13.3,11.4,56.0,129.2,-4.0,4.9,9.4,7.9,7.1,0.3,5.6,4.3,2.7,2.4,451074.0,5.5,565.0,6.7,-11.4,0.031,41820.0,0.9,29.0,3.0,2.0,0.003,3.3,-4.01,0.75,5.0,3.9,0.0479,30,197,-26,15,183.1,235,-160,75,1.4,0.010048,7.52,2.43,0.79,0.46,0.35,0.27,-1,2000-11-05 05:00:00
2000,310,6,2283,71,71,15,15,12.9,12.7,64.7,96.1,-0.6,5.4,11.4,9.5,8.3,0.4,2.1,1.4,1.4,0.7,458846.0,4.4,585.0,4.8,-12.1,0.038,20299.0,0.4,13.0,1.4,0.8,0.011,2.9,-4.86,0.65,4.8,3.8,0.0526,20,197,-21,7,183.1,115,-72,43,1.4,0.010048,7.5,2.46,0.82,0.49,0.37,0.28,-1,2000-11-05 06:00:00
2000,310,7,2283,71,71,15,15,11.8,11.7,73.1,99.7,-0.6,3.4,11.2,7.9,8.6,0.1,1.0,0.7,0.7,0.2,398554.0,4.4,594.0,6.2,-12.1,0.031,14922.0,0.2,4.0,0.8,0.3,0.003,2.91,-5.11,0.69,5.3,4.2,0.0427,20,197,-19,7,183.1,48,-24,24,0.9,0.010048,6.96,2.33,0.81,0.49,0.38,0.29,-1,2000-11-05 07:00:00
2000,310,8,2283,71,71,15,15,11.3,11.1,78.7,122.7,-1.2,1.8,10.9,6.6,8.9,0.3,1.6,1.4,0.7,0.4,379037.0,4.2,593.0,7.0,-12.1,0.032,11459.0,0.2,9.0,0.5,0.6,0.002,2.78,-5.28,0.69,5.4,4.3,0.0411,20,197,-12,7,183.1,38,-14,24,0.6,0.010048,6.26,2.12,0.76,0.46,0.35,0.26,-1,2000-11-05 08:00:00
2000,310,9,2283,71,71,14,14,10.3,10.3,73.2,149.4,-2.5,1.5,9.8,5.9,7.9,0.3,1.2,1.0,0.4,0.5,347064.0,4.6,566.0,8.3,-11.7,0.032,6456.0,0.3,5.0,0.6,0.6,0.003,2.78,-4.47,0.86,5.9,4.5,0.0343,7,197,-6,3,183.1,58,-32,26,0.4,0.010048,5.97,2.05,0.72,0.44,0.34,0.26,-1,2000-11-05 09:00:00
2000,310,10,2283,71,71,15,15,9.7,9.6,55.1,162.8,-5.2,1.6,7.8,5.1,6.1,0.2,1.4,0.9,0.5,0.8,340920.0,5.1,548.0,8.7,-10.1,0.035,6198.0,0.3,10.0,0.5,0.8,0.003,2.92,-3.34,1.06,6.4,4.6,0.0292,7,197,-7,3,183.1,42,-23,19,0.3,0.010048,5.74,1.97,0.74,0.47,0.36,0.28,-1,2000-11-05 10:00:00
2000,310,11,2283,71,71,15,15,9.1,8.6,51.5,160.1,-5.1,1.8,6.8,4.8,5.2,0.2,2.3,1.6,1.5,0.7,310799.0,4.5,536.0,7.9,-9.1,0.04,24567.0,0.6,5.0,1.7,0.7,0.005,2.5,-2.79,0.99,6.2,4.6,0.0305,7,197,-10,3,183.1,44,-26,19,0.3,0.010048,5.71,2.0,0.75,0.48,0.37,0.28,-1,2000-11-05 11:00:00
2000,310,12,2283,71,71,14,14,8.9,8.6,61.6,161.5,-3.9,1.3,7.6,4.6,6.2,0.3,1.6,0.9,1.1,0.6,276164.0,4.3,530.0,8.2,-8.8,0.044,11344.0,0.4,8.0,1.2,1.0,0.008,2.37,-3.29,0.91,6.2,4.6,0.0312,30,197,-11,15,183.1,56,-32,24,0.4,0.010048,5.45,1.88,0.68,0.42,0.31,0.25,-1,2000-11-05 12:00:00
2000,310,13,2283,71,71,16,16,8.1,7.0,-3.6,172.6,-7.0,0.9,-0.4,0.6,-0.7,0.3,3.3,0.9,0.9,3.0,358298.0,4.5,511.0,8.9,-2.8,0.03,34555.0,0.3,7.0,0.7,1.6,0.004,2.2,0.36,1.39,6.7,4.5,0.0266,30,197,-15,15,183.1,143,-97,46,1.8,0.010048,5.74,1.97,0.73,0.46,0.35,0.27,-1,2000-11-05 13:00:00
2000,310,14,2283,71,71,14,14,7.5,7.1,-22.5,172.7,-6.5,0.8,-2.7,-0.3,-2.8,0.1,2.0,0.3,1.7,1.1,273982.0,4.5,511.0,7.7,-1.2,0.026,18739.0,0.5,6.0,1.4,0.3,0.003,2.17,1.43,1.34,7.2,4.9,0.0228,30,197,-24,15,183.1,312,-252,59,1.3,0.010048,5.27,1.81,0.71,0.45,0.34,0.26,-1,2000-11-05 14:00:00
2000,310,15,2283,71,71,15,15,7.0,6.2,-13.8,158.9,-5.7,2.2,-1.5,1.5,-2.2,0.2,2.6,0.8,1.2,2.2,237188.0,3.8,504.0,6.1,-0.5,0.029,12673.0,0.3,5.0,1.4,1.2,0.004,1.8,1.11,1.18,7.0,4.9,0.0242,33,197,-28,18,183.1,560,-403,156,2.6,0.010048,5.66,1.99,0.74,0.47,0.35,0.26,-1,2000-11-05 15:00:00
2000,310,16,2283,71,71,15,15,6.7,5.5,-3.5,161.1,-5.2,1.8,-0.3,1.6,-0.8,0.2,3.3,0.7,2.0,2.5,224143.0,3.8,496.0,5.4,-1.0,0.034,16239.0,0.2,5.0,2.0,2.0,0.006,1.77,0.4,1.24,7.2,5.0,0.0228,33,197,-30,18,183.1,344,-232,112,1.0,0.010048,5.61,1.93,0.75,0.49,0.39,0.3,-1,2000-11-05 16:00:00
2000,310,17,2283,71,71,15,15,7.1,6.5,-24.6,132.3,-4.0,4.4,-2.7,3.6,-3.7,0.1,2.0,0.8,1.3,1.4,187400.0,3.6,500.0,2.3,0.8,0.037,8439.0,0.1,7.0,1.5,0.9,0.004,1.73,1.85,0.94,6.7,5.0,0.0266,33,197,-24,18,183.1,280,-171,110,1.8,0.010048,5.52,1.92,0.71,0.45,0.34,0.26,-1,2000-11-05 17:00:00
2000,310,18,2283,71,71,15,15,7.7,7.3,-35.5,155.7,-5.4,2.4,-4.2,1.5,-4.6,0.2,2.4,1.0,2.0,1.0,160977.0,2.8,502.0,4.3,0.7,0.022,12160.0,0.4,4.0,1.7,0.3,0.005,1.28,2.31,0.57,5.5,4.5,0.04,33,197,-26,18,183.1,683,-506,177,3.8,0.010048,5.35,1.86,0.68,0.43,0.34,0.27,-1,2000-11-05 18:00:00
2000,310,19,2283,71,71,15,15,7.3,7.0,-22.8,157.0,-6.0,2.5,-2.7,2.0,-3.1,0.2,1.6,0.6,0.7,1.3,147294.0,2.5,493.0,3.6,0.5,0.023,5553.0,0.2,4.0,0.6,0.7,0.003,1.11,1.53,0.54,5.3,4.4,0.0417,33,197,-33,18,183.1,829,-669,159,3.7,0.010048,4.94,1.72,0.69,0.45,0.36,0.28,-1,2000-11-05 19:00:00
2000,310,20,2283,71,71,15,15,7.1,7.0,-6.9,177.8,-6.9,0.3,-0.8,0.2,-0.8,0.0,1.1,0.2,0.8,0.7,160321.0,2.5,497.0,4.6,-1.7,0.027,5171.0,0.1,3.0,0.6,0.5,0.005,1.14,0.4,0.6,5.5,4.5,0.0388,33,197,-40,18,183.1,675,-559,115,3.1,0.010048,5.14,1.73,0.63,0.41,0.32,0.24,-1,2000-11-05 20:00:00
2000,310,21,2283,71,71,15,15,6.9,6.8,-13.2,163.0,-6.3,1.9,-1.5,1.7,-1.7,0.2,1.3,0.2,1.0,0.8,142172.0,2.5,486.0,3.0,-0.7,0.028,17999.0,0.4,2.0,1.0,0.6,0.003,1.1,0.83,0.59,5.6,4.5,0.0384,33,197,-42,18,183.1,375,-289,86,1.6,0.010048,5.01,1.68,0.63,0.41,0.32,0.25,-1,2000-11-05 21:00:00
2000,310,22,2283,71,71,15,15,6.9,6.8,-14.3,145.8,-5.4,3.7,-1.7,3.5,-2.1,0.2,1.1,0.7,0.6,0.5,104035.0,2.1,485.0,0.9,-0.2,0.028,4995.0,0.1,3.0,1.2,0.5,0.004,0.92,1.02,0.43,5.1,4.4,0.0459,33,197,-42,18,183.1,437,-333,103,2.2,0.010048,4.87,1.69,0.66,0.44,0.34,0.26,-1,2000-11-05 22:00:00
2000,310,23,2283,71,71,15,15,6.3,5.9,-16.0,136.8,-4.2,3.9,-1.6,3.7,-2.0,0.2,2.0,1.0,1.6,0.7,95458.0,2.0,482.0,-0.6,0.3,0.027,7319.0,0.2,7.0,1.5,0.9,0.002,0.86,0.96,0.47,5.4,4.6,0.0406,33,197,-45,18,183.1,261,-180,81,1.6,0.010048,5.0,1.77,0.73,0.49,0.39,0.31,-1,2000-11-05 23:00:00
2000,311,0,2283,71,71,15,15,5.8,5.1,-38.4,135.8,-2.8,2.8,-3.1,2.4,-3.4,0.2,2.6,1.6,1.0,1.8,100169.0,1.8,492.0,-0.2,2.1,0.029,9214.0,0.1,15.0,1.5,2.2,0.004,0.81,1.67,0.51,5.7,4.7,0.0367,33,160,-39,18,174.9,465,-331,134,3.0,0.010106,4.79,1.64,0.63,0.41,0.32,0.24,-1,2000-11-06 00:00:00
2000,311,1,2283,71,71,14,14,5.5,5.2,-37.3,120.4,-2.1,3.6,-3.2,3.0,-3.7,0.0,1.1,0.7,0.6,0.4,94493.0,1.7,490.0,-2.2,2.1,0.028,8152.0,0.1,9.0,1.1,0.8,0.002,0.76,1.81,0.52,5.8,4.8,0.0353,33,160,-33,18,174.9,301,-175,125,2.8,0.010106,4.09,1.47,0.63,0.43,0.34,0.26,-1,2000-11-06 01:00:00
2000,311,2,2283,71,71,16,16,5.4,5.0,-21.9,110.3,-1.6,4.4,-1.9,3.9,-2.7,0.1,1.8,1.4,0.9,0.8,89507.0,1.7,491.0,-3.7,0.6,0.029,8447.0,0.1,15.0,1.4,0.9,0.002,0.76,1.33,0.53,5.9,4.9,0.0339,33,160,-37,18,174.9,304,-165,139,3.1,0.010106,3.92,1.45,0.64,0.45,0.36,0.28,-1,2000-11-06 02:00:00
2000,311,3,2283,71,71,15,15,5.4,5.0,-22.9,127.3,-2.8,3.7,-2.0,3.1,-2.9,0.1,1.7,0.6,0.7,1.5,70045.0,1.6,477.0,-2.7,0.7,0.024,6686.0,0.1,8.0,1.5,1.8,0.003,0.67,1.38,0.45,5.6,4.7,0.0381,37,160,-41,22,174.9,296,-158,138,2.6,0.010106,3.94,1.44,0.63,0.43,0.35,0.27,-1,2000-11-06 03:00:00
2000,311,4,2283,71,71,14,14,5.4,5.2,-28.8,129.7,-2.9,3.5,-2.5,2.6,-3.4,0.0,0.9,0.6,0.4,0.6,63718.0,1.6,471.0,-2.7,1.6,0.023,7137.0,0.1,6.0,1.0,0.9,0.002,0.65,1.6,0.44,5.5,4.7,0.0391,37,160,-43,22,174.9,318,-191,127,2.4,0.010106,4.08,1.48,0.65,0.46,0.36,0.27,-1,2000-11-06 04:00:00
2000,311,5,2283,71,71,16,16,5.3,5.1,-40.5,126.2,-2.3,3.1,-3.3,1.8,-4.2,0.1,1.0,0.6,0.5,0.6,75847.0,1.5,477.0,-2.3,3.0,0.022,7800.0,0.1,8.0,1.2,1.0,0.002,0.62,2.0,0.45,5.5,4.7,0.0392,37,160,-44,22,174.9,407,-314,94,2.9,0.010106,3.93,1.42,0.62,0.44,0.35,0.26,-1,2000-11-06 05:00:00
2000,311,6,2283,71,71,15,15,5.1,4.7,-25.1,133.0,-2.9,3.1,-2.0,2.1,-3.1,0.0,1.4,0.5,0.7,1.1,74786.0,1.6,465.0,-3.1,1.5,0.029,6331.0,0.1,8.0,1.7,1.5,0.004,0.64,1.44,0.52,5.8,4.8,0.0358,40,160,-44,27,174.9,415,-320,95,2.9,0.010106,3.79,1.35,0.58,0.4,0.31,0.25,-1,2000-11-06 06:00:00
2000,311,7,2283,71,71,14,14,5.2,4.7,0.1,148.2,-4.0,2.5,0.0,2.3,-1.1,0.0,1.6,0.5,0.7,1.3,81701.0,1.7,449.0,-2.3,-1.7,0.033,4719.0,0.1,5.0,1.0,2.0,0.004,0.65,0.49,0.55,5.6,4.6,0.0375,40,160,-41,27,174.9,327,-207,120,2.6,0.010106,4.0,1.44,0.64,0.45,0.35,0.26,-1,2000-11-06 07:00:00
2000,311,8,2283,71,71,15,15,5.1,4.6,-41.2,150.5,-3.0,1.7,-3.1,0.1,-3.5,0.1,1.3,0.7,0.8,0.9,77936.0,1.8,460.0,-0.2,2.3,0.034,6806.0,0.1,10.0,1.6,1.3,0.005,0.72,1.61,0.59,6.1,4.9,0.0325,40,160,-33,27,174.9,187,-124,64,1.6,0.010106,4.17,1.49,0.64,0.44,0.35,0.27,-1,2000-11-06 08:00:00
2000,311,9,2283,71,71,18,18,5.6,3.7,-15.3,122.3,-1.9,3.0,-1.0,2.2,-2.3,1.6,3.9,1.6,2.1,2.9,91904.0,2.0,479.0,-1.8,-1.1,0.039,28461.0,0.9,35.0,1.7,4.0,0.015,0.89,1.1,0.58,6.0,4.9,0.0325,50,160,-29,48,174.9,291,-200,91,1.8,0.010106,3.99,1.44,0.63,0.44,0.35,0.26,-1,2000-11-06 09:00:00
2000,311,10,2283,71,71,15,15,10.4,8.8,-44.9,86.6,0.4,6.2,-6.2,2.6,-8.4,0.7,4.0,2.3,1.4,3.0,342487.0,4.8,592.0,-0.3,1.8,0.09,71525.0,0.4,16.0,1.9,1.3,0.054,3.82,4.97,0.87,6.2,4.7,0.0306,50,160,-24,48,174.9,893,-724,168,5.5,0.010106,3.72,1.37,0.61,0.43,0.35,0.26,-1,2000-11-06 10:00:00
2000,311,11,2283,71,71,15,15,8.7,2.3,24.2,219.0,-1.6,-1.3,0.9,-0.7,1.4,1.6,7.4,2.5,5.6,4.1,437327.0,5.2,594.0,2.9,-4.1,0.049,37859.0,0.4,7.0,3.6,1.9,0.014,3.66,-0.83,1.62,7.8,5.0,0.0196,50,160,-34,48,174.9,818,-621,197,4.7,0.010106,3.46,1.28,0.59,0.42,0.34,0.26,-1,2000-11-06 11:00:00
2000,311,12,2283,71,71,15,15,10.7,6.7,-8.2,112.2,-2.5,6.1,-1.0,5.0,-3.6,0.7,7.5,2.5,4.2,5.7,405361.0,5.4,594.0,-1.3,-1.8,0.038,26116.0,0.4,13.0,3.5,2.8,0.01,3.67,2.14,1.05,6.5,4.7,0.0286,53,160,-29,56,174.9,591,-459,132,4.5,0.010106,2.63,1.03,0.52,0.4,0.32,0.24,-1,2000-11-06 12:00:00
2000,311,13,2283,71,71,16,16,11.9,9.2,-30.5,108.4,-2.5,7.5,-4.7,4.9,-7.4,0.4,6.6,2.9,1.9,5.6,348285.0,5.7,593.0,-2.2,0.6,0.029,22929.0,0.7,19.0,0.8,3.5,0.006,3.74,4.39,0.8,5.9,4.6,0.0336,53,160,-28,56,174.9,658,-490,168,4.0,0.010106,2.61,1.03,0.52,0.4,0.33,0.26,-1,2000-11-06 13:00:00
2000,311,14,2283,71,71,14,14,12.2,11.8,-46.1,92.0,-0.3,8.2,-8.5,4.3,-11.0,0.6,2.4,2.1,0.9,0.7,326276.0,6.0,607.0,-2.2,3.0,0.019,25373.0,0.7,7.0,0.7,1.3,0.005,3.97,6.68,0.76,6.1,4.7,0.032,53,160,-49,56,174.9,1154,-970,184,7.0,0.010106,2.56,0.99,0.53,0.41,0.34,0.27,-1,2000-11-06 14:00:00
2000,311,15,2283,71,71,15,15,14.5,14.4,-34.6,77.4,2.6,11.6,-8.2,8.1,-11.7,0.2,1.5,0.9,0.9,0.8,209128.0,4.2,610.0,-4.5,-0.2,0.01,8777.0,0.4,4.0,0.5,0.3,0.001,2.71,7.14,0.28,4.3,3.9,0.064,57,160,-80,67,174.9,685,-563,122,4.8,0.010106,2.97,1.48,1.07,0.95,0.87,0.69,-1,2000-11-06 15:00:00
2000,311,16,2283,71,71,15,15,14.5,14.4,-30.3,79.0,2.4,12.2,-7.3,9.5,-10.6,0.2,0.9,0.6,0.4,0.6,183175.0,5.0,609.0,-5.2,-0.4,0.009,15877.0,0.6,2.0,0.3,0.2,0.001,3.21,6.46,0.31,4.7,4.2,0.0539,57,160,-75,67,174.9,1093,-840,253,6.9,0.010106,2.59,0.93,0.5,0.4,0.34,0.25,-1,2000-11-06 16:00:00
2000,311,17,2283,71,71,15,15,14.3,14.3,-30.3,76.1,3.0,12.0,-7.2,9.8,-10.0,0.1,0.8,0.4,0.4,0.5,142792.0,5.5,605.0,-4.5,-0.1,0.014,13343.0,0.4,3.0,0.4,0.2,0.007,3.55,6.05,0.3,5.0,4.4,0.0483,57,160,-92,67,174.9,874,-685,190,4.7,0.010106,2.25,0.85,0.49,0.4,0.34,0.27,-1,2000-11-06 17:00:00
2000,311,18,2283,71,71,15,15,11.7,10.3,-28.9,69.0,3.2,8.4,-5.0,7.2,-6.6,1.8,5.3,1.3,3.4,3.9,56486.0,17.6,592.0,-0.5,-0.5,0.028,9749.0,6.4,2.0,0.7,0.9,0.009,11.45,3.91,0.99,10.6,7.8,0.0106,70,160,-81,132,174.9,919,-723,196,5.7,0.010106,2.43,0.81,0.46,0.38,0.31,0.24,-1,2000-11-06 18:00:00
2000,311,19,2283,71,71,15,15,12.4,12.2,-45.7,61.9,4.0,7.5,-8.7,5.9,-9.8,1.2,2.1,1.0,1.1,1.4,46515.0,14.0,590.0,-1.7,-0.4,0.019,8961.0,3.6,3.0,0.6,0.5,0.003,8.76,5.78,0.66,8.9,7.1,0.015,70,160,-115,132,174.9,900,-807,93,5.9,0.010106,2.41,0.7,0.46,0.4,0.34,0.27,-1,2000-11-06 19:00:00
2000,311,20,2283,71,71,15,15,10.5,9.8,-30.6,75.6,2.1,8.2,-5.0,7.4,-6.1,0.4,3.5,0.8,1.6,3.0,57954.0,17.3,579.0,-2.1,-0.4,0.012,2064.0,0.6,3.0,0.2,0.2,0.002,10.15,3.53,1.22,11.5,8.0,0.009,70,160,-140,132,174.9,818,-843,-25,7.3,0.010106,3.43,0.81,0.49,0.41,0.35,0.26,-1,2000-11-06 20:00:00
2000,311,21,2283,71,71,15,15,10.2,9.2,35.6,96.9,-0.9,7.4,5.3,8.0,4.4,0.2,4.3,1.2,2.3,3.3,59011.0,14.4,570.0,-2.9,-2.1,0.012,1729.0,1.9,5.0,0.3,1.1,0.001,8.19,-2.51,1.08,10.6,7.6,0.0106,57,160,-159,67,174.9,569,-382,187,3.8,0.010106,3.79,0.82,0.46,0.38,0.33,0.25,-1,2000-11-06 21:00:00
2000,311,22,2283,71,71,15,15,10.4,6.3,37.0,92.8,-0.2,5.1,3.8,5.5,3.2,1.5,8.3,1.5,3.1,7.6,61988.0,12.1,576.0,-3.4,-0.9,0.028,5764.0,4.7,10.0,0.8,3.2,0.019,7.46,-1.84,0.89,9.6,7.3,0.0128,57,160,-137,67,174.9,228,-149,78,0.8,0.010106,2.87,0.68,0.41,0.35,0.3,0.22,-1,2000-11-06 22:00:00
2000,311,23,2283,71,71,14,14,15.1,14.9,-51.7,86.3,0.6,9.2,-11.7,7.8,-12.7,0.6,2.0,1.0,1.6,0.6,28157.0,1.7,575.0,0.1,1.9,0.079,26644.0,0.6,11.0,1.9,1.9,0.024,1.24,7.3,0.05,2.5,2.4,0.193,57,160,-142,67,174.9,192,-124,68,1.7,0.010106,2.08,0.6,0.42,0.37,0.32,0.24,-1,2000-11-06 23:00:00
2000,312,0,2283,71,71,16,16,16.5,16.4,-42.8,81.3,1.8,11.9,-11.1,10.4,-12.5,0.5,1.9,1.4,1.0,0.7,12252.0,1.9,568.0,1.4,0.3,0.071,3509.0,0.6,15.0,1.5,1.9,0.022,1.31,7.1,0.04,2.4,2.3,0.2113,60,181,-149,80,176.6,432,-367,65,3.6,0.009452,2.18,0.61,0.43,0.38,0.32,0.25,-1,2000-11-07 00:00:00
2000,312,1,2283,71,71,15,15,17.3,16.8,-30.3,84.8,1.3,14.5,-8.5,13.0,-10.7,0.4,3.6,1.8,1.7,2.7,14642.0,2.2,567.0,-0.4,-0.9,0.069,1958.0,0.5,14.0,1.1,1.1,0.022,1.51,6.07,0.04,2.4,2.4,0.2013,60,181,-151,80,176.6,563,-446,117,4.1,0.009452,1.69,0.73,0.62,0.58,0.3,0.22,-1,2000-11-07 01:00:00
2000,312,2,2283,71,71,15,15,18.0,17.5,-36.7,92.1,-0.5,14.0,-10.5,11.7,-13.0,0.1,3.6,1.0,2.2,2.7,15114.0,2.0,586.0,-0.6,-0.2,0.045,2082.0,0.4,8.0,1.3,1.1,0.008,1.35,7.62,0.04,2.3,2.3,0.2244,60,181,-140,80,176.6,721,-668,53,5.8,0.009452,0.9,0.46,0.4,0.37,0.32,0.25,-1,2000-11-07 02:00:00
2000,312,3,2283,71,71,15,15,18.5,18.3,-26.4,90.9,-0.3,16.4,-8.1,13.9,-11.8,0.1,2.4,1.7,0.9,1.5,16001.0,1.6,596.0,-1.1,0.1,0.034,1375.0,0.1,13.0,0.5,0.9,0.009,1.08,7.03,0.03,2.0,2.0,0.2865,67,181,-128,111,176.6,839,-686,152,6.6,0.009452,0.8,0.46,0.41,0.38,0.34,0.26,-1,2000-11-07 03:00:00
2000,312,4,2283,71,71,14,14,18.4,18.3,-14.6,93.6,-1.1,17.6,-4.6,15.5,-9.5,0.1,1.5,0.8,0.4,1.2,15888.0,1.8,571.0,-2.0,-1.3,0.037,1819.0,0.3,8.0,0.8,0.5,0.007,1.13,5.42,0.03,2.1,2.1,0.2745,67,181,-115,111,176.6,1062,-877,185,8.0,0.009452,0.76,0.44,0.4,0.38,0.31,0.24,-1,2000-11-07 04:00:00
2000,312,5,2283,71,71,15,15,18.8,18.8,-13.1,101.2,-3.6,17.9,-4.2,15.4,-10.1,0.1,1.4,1.2,0.4,0.7,16206.0,2.0,551.0,-2.1,-0.9,0.043,2273.0,0.5,6.0,1.1,0.5,0.011,1.19,5.57,0.03,2.1,2.0,0.2769,67,181,-118,111,176.6,678,-524,154,5.1,0.009452,0.73,0.41,0.37,0.35,0.31,0.24,-1,2000-11-07 05:00:00
2000,312,6,2283,71,71,15,15,19.4,19.1,-7.1,100.7,-3.5,18.6,-2.3,16.3,-9.3,0.2,3.1,1.4,0.7,2.7,27835.0,2.5,537.0,-0.6,0.2,0.061,3858.0,0.5,9.0,0.8,1.5,0.011,1.5,4.99,0.04,2.2,2.1,0.2484,53,181,-114,56,176.6,741,-513,228,5.1,0.009452,0.73,0.44,0.39,0.37,0.32,0.24,-1,2000-11-07 06:00:00
2000,312,7,2283,71,71,15,15,20.2,20.1,0.2,104.0,-4.9,19.5,0.1,17.7,-8.2,0.3,1.7,1.2,0.5,1.1,15545.0,4.4,528.0,-1.5,-2.7,0.048,1480.0,1.1,9.0,0.4,0.7,0.008,2.44,4.33,0.06,2.7,2.7,0.1583,53,181,-113,56,176.6,912,-622,290,6.7,0.009452,0.77,0.44,0.38,0.36,0.31,0.24,-1,2000-11-07 07:00:00
2000,312,8,2283,71,71,15,15,21.3,21.3,4.9,102.6,-4.6,20.7,1.8,19.3,-7.7,0.3,1.5,1.0,0.3,1.0,14713.0,5.3,530.0,-2.0,-3.2,0.054,914.0,1.0,6.0,0.4,0.4,0.008,3.02,4.08,0.07,2.9,2.8,0.145,53,181,-107,56,176.6,831,-646,186,6.4,0.009452,0.91,0.46,0.4,0.37,0.31,0.23,-1,2000-11-07 08:00:00
2000,312,9,2283,71,71,15,15,22.8,22.6,8.8,103.8,-5.3,21.7,3.4,20.8,-7.0,0.4,1.9,0.8,0.4,1.7,15149.0,6.0,524.0,-2.1,-3.9,0.055,1268.0,1.0,2.0,0.3,0.6,0.004,3.36,3.67,0.07,2.8,2.7,0.1501,53,181,-103,56,176.6,908,-687,221,6.5,0.009452,0.83,0.43,0.37,0.35,0.3,0.22,-1,2000-11-07 09:00:00
2000,312,10,2283,71,71,15,15,24.5,24.4,25.0,104.4,-5.5,21.4,10.3,23.7,-0.9,0.3,1.9,0.5,0.6,1.8,15658.0,5.3,525.0,-1.7,-3.1,0.049,1872.0,1.4,4.0,0.2,1.2,0.007,2.92,0.47,0.05,2.5,2.4,0.1955,53,181,-104,56,176.6,470,-308,162,4.4,0.009452,0.8,0.45,0.38,0.36,0.32,0.25,-1,2000-11-07 10:00:00
2000,312,11,2283,71,71,15,15,24.5,24.4,24.2,106.6,-6.4,21.4,10.0,23.6,-0.9,0.1,1.1,0.6,0.3,0.8,21193.0,5.3,522.0,-1.6,-2.7,0.04,1155.0,0.3,5.0,0.2,0.6,0.005,2.8,0.47,0.05,2.5,2.4,0.1977,53,181,-95,56,176.6,532,-336,196,4.1,0.009452,0.78,0.43,0.37,0.34,0.29,0.22,-1,2000-11-07 11:00:00
2000,312,12,2283,71,71,14,14,24.1,24.0,28.8,107.7,-6.4,20.0,11.6,23.1,1.6,0.1,1.8,0.3,0.9,1.5,30103.0,5.6,521.0,-0.0,-0.8,0.02,5610.0,1.9,2.0,0.5,1.2,0.004,2.74,-0.83,0.06,2.6,2.5,0.1818,37,181,-90,22,176.6,571,-418,153,3.7,0.009452,0.87,0.46,0.41,0.38,0.34,0.25,-1,2000-11-07 12:00:00
2000,312,13,2283,71,71,15,15,23.8,23.8,37.8,110.8,-6.7,17.6,14.6,22.1,6.0,0.2,0.8,0.3,0.6,0.4,31951.0,2.2,510.0,-0.3,-0.0,0.022,3525.0,0.4,4.0,0.5,0.3,0.003,1.04,-3.06,0.03,1.6,1.6,0.471,37,181,-90,22,176.6,373,-276,98,2.3,0.009452,0.73,0.46,0.4,0.37,0.32,0.25,-1,2000-11-07 13:00:00
2000,312,14,2283,71,71,15,15,22.7,22.6,41.9,111.5,-6.2,15.7,15.1,20.2,8.1,0.5,1.1,0.5,0.8,0.6,28317.0,5.0,511.0,-0.6,-1.7,0.021,5103.0,2.3,7.0,0.8,1.3,0.005,2.36,-4.14,0.06,2.5,2.5,0.1878,37,181,-79,22,176.6,330,-262,68,1.5,0.009452,0.74,0.45,0.4,0.37,0.32,0.25,-1,2000-11-07 14:00:00
2000,312,15,2283,71,71,14,14,21.9,21.6,50.4,115.2,-5.8,12.4,16.6,17.3,11.5,0.1,3.6,2.1,1.9,2.1,21965.0,6.1,506.0,-2.0,-2.3,0.031,4809.0,1.4,21.0,1.5,2.4,0.007,2.93,-5.82,0.08,2.9,2.8,0.1461,27,181,-68,12,176.6,237,-207,29,2.0,0.009452,0.77,0.47,0.41,0.38,0.33,0.26,-1,2000-11-07 15:00:00
2000,312,16,2283,71,71,15,15,21.5,21.4,73.6,106.5,-1.7,5.8,20.6,11.5,18.0,0.3,1.0,0.6,0.7,0.5,16187.0,5.5,462.0,-6.8,4.0,0.028,1790.0,0.4,3.0,0.8,0.8,0.003,2.18,-8.32,0.07,2.5,2.4,0.1873,27,181,-64,12,176.6,136,-108,27,-0.3,0.009452,0.71,0.47,0.41,0.39,0.34,0.26,-1,2000-11-07 16:00:00
2000,312,17,2283,71,71,15,15,20.6,20.6,69.5,111.0,-2.6,6.7,19.3,11.2,17.1,0.4,1.0,0.6,0.6,0.5,25620.0,7.7,458.0,-6.4,2.0,0.028,11564.0,2.3,4.0,1.0,1.0,0.006,3.0,-7.83,0.12,3.1,2.9,0.125,27,181,-57,12,176.6,120,-86,34,-0.7,0.009452,0.68,0.45,0.39,0.36,0.3,0.22,-1,2000-11-07 17:00:00
2000,312,18,2283,71,71,15,15,19.7,18.5,72.4,299.4,2.7,-4.9,17.7,-1.2,18.3,1.1,6.4,3.6,4.9,1.8,74187.0,9.5,456.0,-4.4,-0.8,0.044,19839.0,6.5,7.0,1.2,1.1,0.02,3.88,-8.34,0.21,3.6,3.3,0.0935,40,181,-50,27,176.6,123,-82,41,-0.3,0.009452,0.88,0.49,0.42,0.39,0.34,0.26,-1,2000-11-07 18:00:00
2000,312,19,2283,71,71,15,15,16.8,15.6,60.3,286.2,2.2,-7.4,13.5,-5.1,14.5,1.4,5.8,2.7,4.1,3.1,76645.0,18.5,451.0,-1.0,0.0,0.042,8594.0,10.7,5.0,1.8,1.0,0.017,7.34,-6.54,0.56,5.8,4.7,0.0357,40,181,-34,27,176.6,127,-65,62,0.1,0.009452,0.82,0.42,0.36,0.33,0.29,0.23,-1,2000-11-07 19:00:00
2000,312,20,2283,71,71,15,15,17.1,16.5,70.3,349.1,5.4,-1.0,15.5,1.1,15.5,1.6,4.6,0.5,4.2,1.8,66879.0,12.7,451.0,-1.2,-1.5,0.044,16080.0,8.8,2.0,1.3,0.5,0.016,5.07,-6.99,0.35,4.7,4.1,0.0539,40,181,-34,27,176.6,104,-49,55,-0.2,0.009452,999999.99,99999.99,99999.99,99999.99,99999.99,99999.99,0,2000-11-07 20:00:00
2000,312,21,2283,71,71,15,15,18.8,18.7,64.6,312.6,5.4,-5.9,16.9,-4.0,17.5,0.3,0.7,0.4,0.5,0.3,43817.0,4.8,452.0,-2.5,-0.5,0.027,7127.0,1.9,3.0,1.2,0.3,0.006,1.81,-7.91,0.1,2.6,2.5,0.1715,20,181,-42,7,176.6,43,-24,20,-0.5,0.009452,999999.99,99999.99,99999.99,99999.99,99999.99,99999.99,0,2000-11-07 21:00:00
2000,312,22,2283,71,71,15,15,18.3,18.2,68.0,330.7,6.0,-3.3,16.9,-1.5,17.2,0.2,2.2,0.7,2.0,0.4,42332.0,4.6,449.0,-2.2,-1.0,0.026,8993.0,2.5,5.0,1.8,0.8,0.006,1.71,-7.72,0.1,2.6,2.5,0.1718,20,181,-42,7,176.6,39,-24,15,-0.5,0.009452,999999.99,99999.99,99999.99,99999.99,99999.99,99999.99,0,2000-11-07 22:00:00
2000,312,23,2283,71,71,15,15,18.3,18.3,70.1,355.6,6.2,-0.5,17.2,1.3,17.2,0.1,0.8,0.6,0.6,0.2,27460.0,4.1,449.0,-3.2,-0.1,0.037,5024.0,0.9,4.0,0.9,0.3,0.012,1.58,-7.72,0.08,2.5,2.4,0.1928,20,181,-43,7,176.6,27,-20,7,-0.3,0.009452,999999.99,99999.99,99999.99,99999.99,99999.99,99999.99,0,2000-11-07 23:00:00
2000,313,0,2283,71,71,14,14,17.7,17.7,70.6,6.0,5.8,0.6,16.7,2.7,16.5,0.1,1.2,0.3,1.1,0.2,24166.0,6.5,434.0,-1.6,-0.8,0.037,3743.0,0.8,7.0,0.9,0.8,0.009,2.35,-7.16,0.13,3.1,3.0,0.1217,20,188,-39,7,169.5,28,-16,11,-0.0,0.008734,999999.99,99999.99,99999.99,99999.99,99999.99,99999.99,0,2000-11-08 00:00:00
2000,313,1,2283,71,71,15,15,17.4,17.4,72.8,9.5,5.1,0.8,16.6,3.3,16.3,0.1,0.9,0.5,0.7,0.2,27024.0,5.2,428.0,-3.9,0.1,0.034,4333.0,1.3,5.0,1.8,0.8,0.009,1.81,-6.98,0.11,2.8,2.7,0.1512,20,188,-41,7,169.5,24,-17,7,0.1,0.008734,0.6,0.43,0.38,0.36,0.31,0.22,-1,2000-11-08 01:00:00
2000,313,2,2283,71,71,16,16,17.4,17.4,71.7,13.5,5.3,1.3,16.5,4.4,15.9,0.1,0.9,0.4,0.7,0.1,38473.0,5.2,443.0,-7.1,2.1,0.029,11873.0,1.0,3.0,1.8,0.7,0.008,1.9,-7.04,0.12,2.9,2.8,0.1412,20,188,-43,7,169.5,19,-16,3,0.0,0.008734,0.62,0.44,0.39,0.37,0.33,0.25,-1,2000-11-08 02:00:00
2000,313,3,2283,71,71,15,15,15.7,14.0,68.6,5.3,5.1,0.5,13.0,3.6,12.5,2.3,7.3,1.3,5.9,4.1,61057.0,13.8,438.0,-3.8,2.6,0.04,11504.0,15.2,6.0,4.8,2.0,0.042,5.13,-5.47,0.44,5.2,4.4,0.0443,37,188,-34,22,169.5,53,-19,34,0.3,0.008734,0.65,0.45,0.41,0.39,0.35,0.27,-1,2000-11-08 03:00:00
2000,313,4,2283,71,71,15,15,16.0,15.3,50.8,306.1,5.7,-7.8,11.8,-4.1,13.5,0.9,4.4,1.9,3.0,2.6,147461.0,9.0,445.0,3.8,-1.6,0.019,25508.0,4.6,6.0,1.9,1.3,0.004,3.2,-6.01,0.4,4.2,3.6,0.0683,37,188,-34,22,169.5,24,-16,9,-0.1,0.008734,0.67,0.45,0.41,0.38,0.34,0.27,-1,2000-11-08 04:00:00
2000,313,5,2283,71,71,15,15,17.3,17.2,54.0,319.1,7.6,-6.6,13.9,-1.5,15.3,1.0,2.4,0.7,1.5,1.7,114714.0,6.5,454.0,2.6,-2.4,0.019,33396.0,3.3,4.0,1.4,1.1,0.005,2.41,-6.95,0.22,3.3,3.1,0.1063,37,188,-35,22,169.5,18,-14,4,-0.0,0.008734,0.7,0.47,0.42,0.39,0.33,0.25,-1,2000-11-08 05:00:00
2000,313,6,2283,71,71,15,15,12.5,11.7,42.0,303.7,4.8,-7.3,7.9,-3.7,10.1,4.3,5.8,2.1,2.3,4.9,95257.0,20.2,459.0,4.2,-3.0,0.039,12162.0,19.6,4.0,1.0,1.4,0.032,8.22,-4.64,1.2,8.3,5.8,0.0175,47,188,-21,39,169.5,76,-34,41,0.5,0.008734,0.71,0.48,0.43,0.41,0.36,0.27,-1,2000-11-08 06:00:00
2000,313,7,2283,71,71,14,14,16.5,16.2,47.3,306.7,6.6,-8.8,11.9,-3.0,14.5,1.0,2.9,0.7,2.0,2.0,73658.0,7.0,451.0,2.6,-3.7,0.018,15569.0,7.2,5.0,1.5,0.9,0.008,2.55,-6.54,0.22,3.6,3.3,0.091,47,188,-30,39,169.5,27,-19,9,-0.2,0.008734,0.91,0.73,0.68,0.66,0.62,0.43,-1,2000-11-08 07:00:00
2000,313,8,2283,71,71,16,16,18.2,18.1,64.8,322.6,6.1,-4.7,16.4,3.1,16.8,0.6,1.6,0.7,1.3,0.5,73381.0,3.1,438.0,-1.3,-2.5,0.022,31035.0,2.0,4.0,1.7,0.5,0.005,1.08,-7.36,0.08,2.1,2.1,0.265,47,188,-29,39,169.5,46,-29,17,0.1,0.008734,0.55,0.4,0.37,0.35,0.3,0.22,-1,2000-11-08 08:00:00
2000,313,9,2283,71,71,14,14,19.2,19.0,59.1,324.1,7.9,-5.7,16.3,2.4,17.1,0.1,2.0,0.6,1.8,0.7,67575.0,3.0,441.0,-1.4,-1.8,0.021,19644.0,0.6,5.0,3.0,0.8,0.005,1.06,-7.54,0.07,2.0,1.9,0.3006,43,188,-29,32,169.5,25,-20,5,-0.0,0.008734,0.59,0.43,0.4,0.38,0.33,0.25,-1,2000-11-08 09:00:00
2000,313,10,2283,71,71,15,15,14.5,11.9,40.0,299.6,4.5,-7.9,7.6,-3.5,10.4,2.9,7.7,3.3,2.9,6.4,72496.0,22.4,436.0,0.0,-1.9,0.067,12168.0,13.4,5.0,2.0,0.8,0.033,9.02,-4.53,0.89,7.1,5.3,0.0235,43,188,-5,32,169.5,90,-35,55,0.4,0.008734,0.62,0.45,0.41,0.39,0.34,0.26,-1,2000-11-08 10:00:00
2000,313,11,2283,71,71,16,16,10.0,4.7,57.9,321.0,1.9,-1.6,4.0,0.4,4.3,3.9,9.2,2.4,5.7,6.8,73565.0,30.3,451.0,1.3,-3.2,0.055,24056.0,9.7,10.0,2.2,0.6,0.033,12.56,-1.94,2.55,12.4,6.9,0.0077,43,188,-2,32,169.5,96,-29,67,0.6,0.008734,0.64,0.45,0.4,0.38,0.34,0.26,-1,2000-11-08 11:00:00
2000,313,12,2283,71,71,15,15,9.0,5.3,-4.4,283.3,1.2,-5.2,-0.4,-4.9,1.9,1.7,7.2,2.8,3.1,5.9,56898.0,22.9,469.0,3.6,-3.9,0.046,11882.0,7.5,10.0,0.5,0.9,0.012,9.96,-0.89,2.18,12.5,7.3,0.0077,33,188,-10,18,169.5,124,-66,58,1.0,0.008734,0.72,0.48,0.43,0.4,0.34,0.25,-1,2000-11-08 12:00:00
2000,313,13,2283,71,71,15,15,7.6,7.5,37.2,339.5,5.6,-2.1,4.5,-0.1,5.0,1.1,1.8,0.6,0.5,1.6,103279.0,9.6,473.0,1.4,-6.3,0.068,12798.0,1.1,6.0,0.4,0.6,0.019,4.56,-2.37,1.6,9.6,6.2,0.0128,33,188,-27,18,169.5,102,-66,36,0.4,0.008734,1.3,1.08,1.04,1.02,0.97,0.77,-1,2000-11-08 13:00:00
2000,313,14,2283,71,71,16,16,3.8,3.7,9.4,1.4,3.6,0.1,0.6,0.3,0.5,0.9,1.3,0.6,0.6,1.0,55217.0,5.0,503.0,-0.7,-3.1,0.082,42974.0,1.7,13.0,0.3,1.4,0.011,2.81,-0.25,2.64,14.8,8.2,0.0054,33,188,-33,18,169.5,106,-95,10,0.4,0.008734,0.64,0.43,0.39,0.36,0.31,0.24,-1,2000-11-08 14:00:00
2000,313,15,2283,71,71,15,15,3.4,3.3,2.4,351.0,3.3,-0.5,0.1,-0.4,0.3,0.2,0.5,0.2,0.3,0.3,33843.0,4.7,503.0,-0.6,-2.5,0.065,3785.0,0.2,2.0,0.1,0.1,0.018,2.5,-0.15,2.74,16.0,8.7,0.0046,27,188,-33,12,169.5,118,-87,30,0.4,0.008734,0.7,0.48,0.43,0.4,0.35,0.27,-1,2000-11-08 15:00:00
2000,313,16,2283,71,71,15,15,3.5,3.4,6.3,336.0,3.1,-1.4,0.4,-1.2,0.8,0.2,0.7,0.3,0.2,0.6,47658.0,4.9,499.0,-0.3,-2.6,0.035,3298.0,0.4,4.0,0.2,0.2,0.013,2.32,-0.4,2.93,15.8,8.4,0.0048,27,188,-35,12,169.5,102,-79,23,0.3,0.008734,0.66,0.45,0.41,0.38,0.32,0.25,-1,2000-11-08 16:00:00
2000,313,17,2283,71,71,15,15,2.3,2.1,20.8,332.5,1.8,-0.9,0.8,-0.7,1.0,0.6,0.9,0.6,0.6,0.4,35607.0,7.0,485.0,-1.2,-2.2,0.025,2311.0,1.2,3.0,0.4,0.2,0.002,3.02,-0.48,9.03,27.9,9.4,0.0015,27,188,-30,12,169.5,145,-117,29,0.1,0.008734,0.68,0.46,0.41,0.38,0.33,0.26,-1,2000-11-08 17:00:00
2000,313,18,2283,71,71,14,14,1.2,0.6,46.6,20.1,0.4,0.1,0.4,0.2,0.4,0.3,1.1,0.5,0.5,0.8,36038.0,8.0,479.0,-2.6,-1.8,0.036,1723.0,0.3,2.0,0.5,0.1,0.005,3.51,-0.19,38.0,56.5,9.7,0.0004,17,188,-25,6,169.5,183,-139,44,0.2,0.008734,0.64,0.42,0.37,0.35,0.3,0.24,-1,2000-11-08 18:00:00
2000,313,19,2283,71,71,15,15,4.1,3.5,-0.1,310.2,2.2,-2.6,0.0,-2.6,0.4,1.1,2.2,1.0,1.2,1.5,31433.0,4.5,464.0,-5.6,-1.4,0.04,3209.0,1.6,5.0,0.7,0.9,0.011,1.88,-0.19,1.78,12.0,7.5,0.0083,17,188,-29,6,169.5,114,-94,20,0.1,0.008734,0.69,0.5,0.45,0.43,0.38,0.29,-1,2000-11-08 19:00:00
2000,313,20,2283,71,71,15,15,4.6,4.0,-19.4,325.2,3.1,-2.1,-1.3,-2.2,-1.0,0.1,2.1,1.2,0.8,1.6,35359.0,4.0,460.0,-5.7,-2.2,0.033,7342.0,0.2,8.0,0.5,1.3,0.003,1.6,0.46,1.29,10.0,6.9,0.0119,17,188,-28,6,169.5,176,-153,23,1.0,0.008734,0.57,0.43,0.39,0.37,0.32,0.25,-1,2000-11-08 20:00:00
2000,313,21,2283,71,71,15,15,4.8,4.7,-6.6,320.9,3.6,-2.9,-0.5,-2.9,-0.2,0.2,1.0,0.3,0.8,0.5,39577.0,4.1,457.0,-6.6,-0.7,0.037,3414.0,0.3,3.0,0.5,0.5,0.003,1.64,0.09,1.24,9.6,6.7,0.0128,23,188,-30,9,169.5,202,-161,41,0.5,0.008734,0.59,0.44,0.4,0.37,0.32,0.25,-1,2000-11-08 21:00:00
2000,313,22,2283,71,71,15,15,5.5,5.2,9.4,328.0,4.4,-2.7,0.9,-2.6,1.2,0.2,1.3,0.4,0.5,1.2,32831.0,5.4,449.0,-6.5,1.1,0.036,8545.0,0.6,5.0,0.5,0.7,0.006,2.08,-0.54,1.2,9.5,6.7,0.0132,23,188,-30,9,169.5,156,-119,36,0.4,0.008734,0.59,0.44,0.41,0.38,0.33,0.25,-1,2000-11-08 22:00:00
2000,313,23,2283,71,71,15,15,6.1,5.8,-13.0,315.7,4.1,-4.0,-1.3,-4.1,-0.9,0.2,1.6,0.6,0.3,1.5,31073.0,5.6,448.0,-7.4,1.2,0.032,2995.0,0.6,3.0,0.4,0.8,0.004,2.12,0.4,1.0,8.7,6.4,0.0158,23,188,-27,9,169.5,142,-90,51,0.4,0.008734,68.7,68.5,60.6,57.6,53.8,52.5,-1,2000-11-08 23:00:00
2000,314,0,2283,71,71,15,15,6.6,6.2,-23.3,322.5,4.5,-3.5,-2.5,-3.8,-2.1,0.5,1.7,1.0,0.9,1.0,28063.0,5.4,446.0,-7.2,0.6,0.041,4010.0,0.9,7.0,0.8,0.9,0.006,2.09,0.94,0.81,7.9,6.0,0.0193,27,141,-28,12,163.0,178,-94,84,0.7,0.008684,2200.0,2180.0,2030.0,1720.0,1090.0,629.0,-1,2000-11-09 00:00:00
2000,314,1,2283,71,71,14,14,7.4,7.0,-11.9,307.0,4.1,-5.5,-1.4,-5.6,-0.6,0.2,1.8,1.0,0.8,1.3,34800.0,6.7,443.0,-7.2,2.5,0.044,6533.0,1.4,6.0,0.6,0.7,0.002,2.58,0.27,0.83,7.7,5.9,0.0198,27,141,-29,12,163.0,203,-90,113,0.6,0.008684,5680.0,5630.0,5210.0,4290.0,2320.0,1020.0,-1,2000-11-09 01:00:00
2000,314,2,2283,71,71,15,15,7.4,7.1,-10.2,306.0,4.1,-5.7,-1.3,-5.8,-0.2,0.2,1.7,0.7,0.5,1.5,46688.0,8.9,439.0,-7.2,2.9,9.999,6485.0,1.0,4.0,0.4,1.1,9.999,3.43,0.09,1.18,8.8,6.2,0.0152,27,141,-27,12,163.0,206,-81,125,0.8,0.008684,7330.0,7200.0,6650.0,5520.0,2890.0,1160.0,-1,2000-11-09 02:00:00
2000,314,3,2283,71,71,16,16,7.0,6.5,-4.6,293.2,2.6,-6.0,-0.5,-6.0,0.9,0.1,2.3,1.1,0.7,1.9,53831.0,9.9,444.0,-7.0,3.4,9.999,6164.0,0.9,4.0,0.6,0.6,9.999,3.9,-0.4,1.53,10.0,6.5,0.0119,20,141,-21,7,163.0,174,-12,162,0.2,0.008684,8330.0,8150.0,7580.0,6280.0,3150.0,1220.0,-1,2000-11-09 03:00:00
2000,314,4,2283,71,71,14,14,7.0,6.7,-0.9,280.2,1.2,-6.6,-0.1,-6.4,1.8,0.1,1.7,1.0,0.3,1.3,55803.0,10.9,445.0,-7.0,3.3,9.999,5678.0,0.6,4.0,0.5,0.7,9.999,4.32,-0.8,1.7,10.5,6.7,0.0108,20,141,-18,7,163.0,108,8,116,-0.9,0.008684,9110.0,8930.0,8320.0,6860.0,3220.0,1200.0,-1,2000-11-09 04:00:00
2000,314,5,2283,71,71,15,15,7.1,6.5,-1.2,299.5,3.2,-5.7,-0.1,-5.4,1.8,0.3,2.4,1.3,1.0,1.8,56455.0,10.3,435.0,-7.2,3.0,9.999,9139.0,0.9,7.0,0.8,0.8,9.999,3.9,-0.78,1.57,9.8,6.4,0.0123,20,141,-15,7,163.0,135,0,135,-1.2,0.008684,9400.0,9200.0,8560.0,6990.0,3130.0,1130.0,-1,2000-11-09 05:00:00
2000,314,6,2283,71,71,15,15,6.8,6.5,-5.7,327.5,5.5,-3.5,-0.6,-3.5,0.8,0.1,1.6,0.5,0.6,1.4,82437.0,9.0,419.0,-6.8,2.6,9.999,8451.0,1.0,4.0,0.7,0.6,9.999,3.16,-0.34,1.71,9.2,5.9,0.0139,17,141,-16,6,163.0,85,-1,84,0.1,0.008684,9700.0,9490.0,8820.0,7120.0,3010.0,1050.0,-1,2000-11-09 06:00:00
2000,314,7,2283,71,71,15,15,7.3,6.9,-17.9,297.9,3.1,-5.8,-2.1,-6.1,0.5,0.2,1.7,1.3,0.8,0.7,54062.0,10.2,433.0,-7.9,2.0,9.999,5772.0,1.0,7.0,0.7,0.6,9.999,3.82,-0.22,1.45,9.5,6.3,0.0133,17,141,-13,6,163.0,150,-10,140,0.3,0.008684,10200.0,9940.0,9160.0,7270.0,2910.0,998.0,-1,2000-11-09 07:00:00
2000,314,8,2283,71,71,15,15,7.5,7.2,-18.3,299.5,3.4,-6.0,-2.3,-6.4,0.6,0.1,1.9,1.3,0.7,1.1,53119.0,9.9,431.0,-8.5,1.3,9.999,7814.0,0.7,7.0,0.8,1.2,9.999,3.68,-0.26,1.33,9.0,6.2,0.0146,17,141,-10,6,163.0,198,-49,149,0.6,0.008684,10500.0,10200.0,9320.0,7310.0,2790.0,934.0,-1,2000-11-09 08:00:00
2000,314,9,2283,71,71,14,14,7.9,7.6,-12.3,324.9,6.0,-4.2,-1.6,-4.5,0.5,0.1,1.8,0.8,1.4,0.9,65208.0,9.4,416.0,-7.7,1.8,9.999,6124.0,0.8,5.0,1.0,1.1,9.999,3.25,-0.21,1.21,8.1,5.6,0.0183,10,141,-14,4,163.0,131,-20,111,0.6,0.008684,10500.0,10200.0,9240.0,7180.0,2630.0,868.0,-1,2000-11-09 09:00:00
2000,314,10,2283,71,71,16,16,7.4,6.9,-5.5,326.2,5.7,-3.8,-0.7,-3.7,1.1,0.3,2.0,1.3,1.1,1.0,58233.0,11.2,414.0,-6.7,2.5,9.999,13319.0,1.0,4.0,0.9,0.3,9.999,3.84,-0.46,1.59,9.4,6.1,0.0136,10,141,-15,4,163.0,146,-24,122,0.1,0.008684,10600.0,10200.0,9260.0,7130.0,2520.0,820.0,-1,2000-11-09 10:00:00
2000,314,11,2283,71,71,15,15,7.5,7.3,-11.5,301.4,3.7,-6.1,-1.5,-6.1,1.4,0.4,1.4,0.7,0.6,1.0,40087.0,13.3,422.0,-7.8,1.9,9.999,3223.0,1.0,4.0,0.3,0.7,9.999,4.74,-0.59,1.66,10.3,6.6,0.0113,10,141,-14,4,163.0,211,-54,156,0.3,0.008684,11000.0,10600.0,9570.0,7290.0,2430.0,783.0,-1,2000-11-09 11:00:00
2000,314,12,2283,71,71,15,15,9.6,9.4,-25.8,309.9,5.4,-6.5,-4.1,-7.6,-0.9,1.0,1.6,0.8,0.9,1.0,47855.0,14.4,425.0,-8.6,-0.0,9.999,2821.0,1.9,5.0,0.6,0.8,9.999,5.2,0.38,1.15,8.4,6.0,0.0169,30,141,-11,15,163.0,312,-139,173,0.5,0.008684,11300.0,10900.0,9730.0,7300.0,2320.0,741.0,-1,2000-11-09 12:00:00
2000,314,13,2283,71,71,15,15,11.0,10.6,-40.2,310.6,5.3,-6.2,-6.9,-8.5,-3.8,0.5,2.0,0.9,1.3,1.3,49454.0,18.3,436.0,-8.4,-2.2,9.999,4330.0,1.6,4.0,0.6,1.0,9.999,6.96,1.66,1.12,8.5,6.0,0.0165,30,141,-9,15,163.0,632,-395,237,3.0,0.008684,12300.0,11700.0,10300.0,7530.0,2290.0,736.0,-1,2000-11-09 13:00:00
2000,314,14,2283,71,71,16,16,10.7,9.2,-20.1,277.1,1.1,-8.6,-3.2,-9.2,0.2,0.6,5.2,2.3,1.2,4.5,57248.0,21.0,455.0,-8.7,-0.7,9.999,5269.0,2.5,6.0,1.0,1.7,9.999,8.7,-0.09,1.42,9.7,6.5,0.0125,30,141,-7,15,163.0,590,-372,218,2.7,0.008684,13300.0,12600.0,10900.0,7730.0,2170.0,703.0,-1,2000-11-09 14:00:00
2000,314,15,2283,71,71,11,11,11.9,9.4,-3.0,301.6,4.9,-8.0,-0.5,-7.7,2.1,0.8,6.7,2.0,2.4,5.9,67054.0,18.1,449.0,-9.9,-1.0,9.999,18202.0,2.0,3.0,1.2,1.6,9.999,7.3,-0.94,1.04,8.0,5.8,0.0185,33,141,-16,18,163.0,504,-291,213,2.5,0.008684,13700.0,12800.0,10800.0,7230.0,1750.0,572.0,-1,2000-11-09 15:00:00
2000,314,16,2283,51,99,60,999,11.0,10.2,20.4,321.3,7.4,-6.0,3.5,-4.8,5.0,1.1,4.2,1.5,2.8,2.8,9999999.0,999.9,9999.0,999.9,999.9,9.999,9999999.0,999.9,9999.0,999.9,999.9,9.999,99.99,999.99,999.99,999.9,99.9,9.9999,33,141,-14,18,163.0,162,-48,114,-1.5,0.008684,13400.0,12300.0,9750.0,5820.0,1170.0,391.0,-1,2000-11-09 16:00:00
2000,314,17,2283,51,99,60,999,9.9,8.9,-3.1,324.6,7.2,-5.1,-0.5,-5.1,0.7,0.8,4.1,1.6,1.8,3.4,9999999.0,999.9,9999.0,999.9,999.9,9.999,9999999.0,999.9,9999.0,999.9,999.9,9.999,99.99,999.99,999.99,999.9,99.9,9.9999,33,141,-12,18,163.0,170,-71,99,-0.5,0.008684,14700.0,13200.0,9880.0,5260.0,923.0,318.0,-1,2000-11-09 17:00:00
2000,314,18,2283,51,50,60,3,9.0,8.5,-3.9,332.4,7.5,-3.9,-0.6,-3.9,0.2,0.3,2.8,1.2,1.1,2.2,305090.0,7.4,549.0,2.0,2.2,9.999,71239.0,0.9,9.0,0.2,1.8,9.999,4.46,-0.11,1.65,8.3,5.3,0.0173,30,141,-20,15,163.0,352,-149,203,0.6,0.008684,15200.0,13600.0,9990.0,5110.0,860.0,298.0,-1,2000-11-09 18:00:00
2000,314,19,2283,51,52,60,16,9.5,8.2,21.0,305.2,4.4,-6.3,2.9,-5.8,3.8,0.5,4.3,1.6,1.4,3.7,225826.0,6.8,565.0,2.3,2.4,0.045,24005.0,0.7,13.0,1.4,2.2,0.007,4.28,-2.15,1.11,7.8,5.5,0.0198,30,141,-20,15,163.0,466,-273,193,1.2,0.008684,16300.0,14400.0,10300.0,5050.0,810.0,284.0,-1,2000-11-09 19:00:00
2000,314,20,2283,51,52,61,37,9.4,8.8,24.3,332.3,7.1,-3.7,3.6,-3.2,4.0,0.5,3.0,2.0,0.9,2.0,285020.0,7.7,582.0,4.7,1.8,0.057,14185.0,0.5,9.0,0.5,0.8,0.007,5.35,-2.33,1.5,8.6,5.7,0.0161,30,141,-13,15,163.0,402,-211,191,0.4,0.008684,16700.0,14300.0,9750.0,4490.0,694.0,242.0,-1,2000-11-09 20:00:00
2000,314,21,2283,51,52,59,36,10.2,8.9,9.7,324.9,7.1,-5.0,1.5,-4.8,2.0,0.4,4.8,1.0,2.3,4.1,269482.0,8.2,583.0,4.3,0.6,0.057,14261.0,0.6,7.0,1.4,2.3,0.007,5.72,-1.17,1.3,8.2,5.6,0.0178,40,141,-11,27,163.0,468,-285,183,1.5,0.008684,16800.0,14000.0,9120.0,3940.0,595.0,210.0,-1,2000-11-09 21:00:00
2000,314,22,2283,51,52,60,35,11.1,10.0,21.4,331.6,8.2,-4.4,3.7,-4.0,4.1,0.6,4.2,1.5,2.9,2.6,282649.0,8.2,579.0,4.6,1.8,0.059,33855.0,0.8,9.0,1.9,1.9,0.008,5.67,-2.37,1.14,7.5,5.3,0.0213,40,141,-13,27,163.0,476,-271,205,3.2,0.008684,17500.0,14000.0,8520.0,3450.0,504.0,174.0,-1,2000-11-09 22:00:00
2000,314,23,2283,51,52,61,36,11.9,9.9,-6.7,329.0,8.4,-5.1,-1.2,-5.2,-0.7,0.5,6.1,2.3,4.1,3.8,280295.0,7.8,571.0,5.0,-1.2,0.057,32171.0,0.8,16.0,2.6,2.9,0.007,5.22,0.4,0.94,6.7,5.0,0.0265,40,141,-19,27,163.0,599,-317,282,5.7,0.008684,19100.0,14500.0,8060.0,2960.0,432.0,153.0,-1,2000-11-09 23:00:00
2000,315,0,2283,51,52,59,33,12.8,10.5,12.7,317.0,7.5,-7.0,2.3,-6.7,3.1,0.8,6.7,2.2,4.1,4.7,270441.0,7.5,580.0,4.6,0.9,0.06,48525.0,0.8,12.0,2.9,2.9,0.011,5.22,-1.8,0.76,6.2,4.8,0.0309,40,149,-12,27,150.4,635,-326,309,3.2,0.008077,17800.0,13000.0,7090.0,2620.0,386.0,134.0,-1,2000-11-10 00:00:00
2000,315,1,2283,51,52,60,35,11.2,9.0,19.5,306.3,5.0,-6.9,3.0,-6.4,3.9,0.7,5.9,3.3,2.7,4.0,364989.0,9.1,615.0,4.6,0.4,0.063,50391.0,0.9,22.0,1.6,1.9,0.011,7.2,-2.4,1.49,8.3,5.5,0.0173,40,149,-4,27,150.4,277,-79,198,3.3,0.008077,17800.0,11300.0,5380.0,1910.0,292.0,99.0,-1,2000-11-10 01:00:00
2000,315,2,2283,51,52,60,36,9.9,8.3,20.2,297.9,3.7,-6.9,2.9,-6.3,4.1,0.3,4.8,1.7,2.6,3.6,348485.0,9.3,624.0,3.4,0.1,0.057,31971.0,0.7,12.0,1.4,2.2,0.007,7.43,-2.56,1.88,9.6,5.9,0.0129,40,149,-6,27,150.4,301,-94,207,2.6,0.008077,20100.0,11500.0,4870.0,1640.0,250.0,83.9,-1,2000-11-10 02:00:00
2000,315,3,2283,51,52,60,36,10.6,9.0,-11.8,338.2,8.2,-3.3,-1.9,-3.6,-1.1,0.4,4.7,2.2,2.9,3.1,365082.0,9.0,599.0,6.0,-1.8,0.062,112873.0,0.8,17.0,2.0,2.0,0.011,6.73,0.66,1.64,8.5,5.4,0.0166,40,149,-16,27,150.4,337,-107,230,0.9,0.008077,20400.0,11100.0,4410.0,1460.0,225.0,75.3,-1,2000-11-10 03:00:00
2000,315,4,2283,51,52,60,37,10.4,7.8,-18.3,326.5,6.2,-4.1,-2.5,-4.6,-1.3,0.7,6.2,2.9,3.8,4.0,328884.0,9.1,614.0,5.0,-2.4,0.049,45689.0,1.0,19.0,2.3,2.3,0.011,6.85,0.8,1.6,8.9,5.8,0.015,40,149,-25,27,150.4,515,-258,257,2.0,0.008077,22800.0,11400.0,4170.0,1320.0,202.0,68.0,-1,2000-11-10 04:00:00
2000,315,5,2283,51,52,60,36,9.9,8.6,17.7,283.8,2.0,-8.0,2.6,-6.7,5.1,0.4,3.8,1.8,1.7,2.9,287509.0,6.8,645.0,1.3,1.0,0.051,42345.0,0.8,14.0,1.3,1.8,0.009,5.69,-3.29,1.2,8.5,6.0,0.0165,40,149,-31,27,150.4,386,-211,174,0.8,0.008077,26100.0,12000.0,4000.0,1230.0,185.0,62.7,-1,2000-11-10 05:00:00
2000,315,6,2283,51,52,63,28,16.6,13.3,31.0,313.6,7.9,-8.3,6.8,-5.2,9.4,6.0,10.1,4.4,4.9,7.7,1051240.0,12.3,752.0,4.1,2.5,0.047,913338.0,6.4,128.0,2.9,2.0,0.007,13.8,-7.07,2.19,7.9,4.7,0.0188,60,149,1,80,150.4,362,-140,221,1.8,0.008077,24900.0,10400.0,3290.0,1010.0,156.0,54.5,-1,2000-11-10 06:00:00
2000,315,7,2283,51,52,60,25,16.5,12.4,-18.7,279.2,1.9,-11.6,-4.0,-12.2,1.1,3.0,10.2,6.3,4.5,6.6,1970351.0,18.0,908.0,5.0,-3.4,0.032,232281.0,1.7,21.0,1.0,0.8,0.002,27.96,-1.0,5.77,11.7,4.8,0.0087,60,149,8,80,150.4,843,-463,380,1.6,0.008077,17000.0,6360.0,1930.0,596.0,94.5,33.3,-1,2000-11-10 07:00:00
2000,315,8,2283,51,52,60,26,12.4,9.3,-40.2,352.3,7.1,-1.0,-6.0,-3.5,-5.0,2.2,7.9,3.7,4.1,5.6,1858208.0,14.8,896.0,9.3,-4.0,9.999,162054.0,1.5,10.0,0.8,1.1,9.999,23.76,4.48,7.95,13.9,5.0,0.0062,60,149,-12,80,150.4,659,-326,333,5.1,0.008077,11100.0,4190.0,1370.0,433.0,68.7,24.4,-1,2000-11-10 08:00:00
2000,315,9,2283,51,52,60,38,11.1,9.6,-15.4,350.5,9.1,-1.5,-2.6,-2.5,-1.6,1.4,5.6,2.3,2.4,4.5,1651758.0,11.9,866.0,10.7,-3.8,0.009,80647.0,1.0,9.0,0.6,0.7,0.0,15.44,1.39,7.15,13.5,5.0,0.0066,63,149,-37,94,150.4,678,-442,236,7.0,0.008077,14600.0,5820.0,1880.0,563.0,84.4,30.6,-1,2000-11-10 09:00:00
2000,315,10,2283,51,52,60,37,9.2,6.6,-17.8,337.0,5.7,-2.4,-2.0,-3.0,-0.7,1.3,6.4,2.0,3.5,5.0,1434631.0,9.5,865.0,8.8,-4.0,0.04,106699.0,0.6,10.0,1.1,0.7,0.002,13.77,0.61,7.3,14.5,5.4,0.0057,63,149,-72,94,150.4,906,-719,187,6.4,0.008077,13800.0,5490.0,1780.0,527.0,79.0,28.5,-1,2000-11-10 10:00:00
2000,315,11,2283,51,52,60,37,13.2,9.7,-56.4,33.6,4.5,3.0,-8.0,-0.9,-8.5,1.3,8.9,4.1,7.3,3.2,1163299.0,7.0,889.0,5.8,-0.9,0.02,123538.0,1.1,18.0,2.4,1.0,0.004,9.98,7.56,2.16,8.9,5.3,0.015,63,149,-82,94,150.4,959,-611,348,8.9,0.008077,10800.0,4560.0,1560.0,466.0,70.8,26.1,-1,2000-11-10 11:00:00
2000,315,12,2283,51,52,60,38,12.7,12.1,-2.6,335.8,11.0,-5.0,-0.6,-4.8,1.6,1.3,3.8,1.1,2.5,2.6,1049036.0,4.3,865.0,1.3,0.8,0.011,134995.0,0.5,11.0,0.7,0.7,0.0,5.61,-1.38,1.31,7.1,4.8,0.0239,53,149,-95,56,150.4,1081,-669,412,6.7,0.008077,13100.0,5870.0,2000.0,567.0,83.4,31.3,-1,2000-11-10 12:00:00
2000,315,13,2283,51,52,59,38,13.0,12.5,26.1,331.5,9.9,-5.4,5.5,-2.8,7.2,0.7,3.4,1.0,3.1,1.1,870639.0,3.4,867.0,1.4,1.1,9.999,80528.0,0.3,9.0,0.9,0.7,9.999,5.11,-6.24,0.84,6.1,4.7,0.0315,53,149,-81,56,150.4,403,-261,142,-0.6,0.008077,12300.0,5570.0,1910.0,541.0,78.9,29.2,-1,2000-11-10 13:00:00
2000,315,14,2283,51,52,61,38,11.3,10.4,42.5,334.9,6.9,-3.2,7.0,-0.4,7.7,0.5,3.9,1.9,3.0,1.5,590887.0,2.9,887.0,1.2,0.8,0.03,141378.0,0.3,16.0,1.0,0.9,0.0,4.27,-6.83,0.68,6.7,5.3,0.0266,53,149,-75,56,150.4,250,-152,97,-0.9,0.008077,9800.0,4310.0,1490.0,431.0,64.9,23.8,-1,2000-11-10 14:00:00
2000,315,15,2283,51,52,60,37,9.4,8.5,41.5,325.0,5.2,-3.7,5.6,-1.7,6.5,0.6,3.4,2.3,1.8,1.7,419401.0,2.2,896.0,-0.2,1.6,9.999,67796.0,0.2,19.0,0.9,1.1,9.999,3.53,-5.82,0.57,7.1,5.8,0.0238,33,149,-78,18,150.4,216,-118,98,-1.5,0.008077,9120.0,4090.0,1430.0,412.0,62.2,22.3,-1,2000-11-10 15:00:00
2000,315,16,2283,51,52,60,38,7.4,6.2,51.6,317.6,2.8,-2.6,4.8,-1.2,5.3,0.6,3.7,3.2,1.3,1.4,352626.0,1.9,905.0,-0.3,2.6,0.031,75072.0,0.2,21.0,0.7,1.1,0.0,2.92,-4.8,0.69,8.4,6.7,0.0167,33,149,-77,18,150.4,124,-65,59,-1.5,0.008077,8470.0,3740.0,1290.0,376.0,58.3,21.0,-1,2000-11-10 16:00:00
2000,315,17,2283,51,52,59,37,6.6,5.8,27.1,346.2,5.0,-1.2,2.6,-0.6,2.8,0.4,2.8,1.3,1.8,1.7,283286.0,1.9,869.0,-0.1,1.5,0.026,38000.0,0.2,10.0,1.0,0.9,0.006,2.65,-2.43,0.75,9.1,7.1,0.0144,33,149,-74,18,150.4,170,-91,78,-0.8,0.008077,7710.0,3390.0,1180.0,349.0,55.7,20.3,-1,2000-11-10 17:00:00
2000,315,18,2283,51,52,60,37,6.1,5.1,16.1,354.3,4.9,-0.5,1.4,-0.2,1.5,0.2,3.2,0.9,2.4,2.0,262489.0,1.7,855.0,-0.2,1.1,0.026,28817.0,0.1,8.0,1.2,0.8,0.004,2.29,-1.28,0.74,9.1,7.1,0.0142,30,149,-73,15,150.4,341,-210,130,0.6,0.008077,7300.0,3220.0,1120.0,337.0,55.5,20.2,-1,2000-11-10 18:00:00
2000,315,19,2283,51,52,60,38,6.0,5.5,15.8,335.6,4.8,-2.2,1.5,-2.0,1.8,0.2,2.2,0.6,1.3,1.7,255155.0,1.6,840.0,-1.1,0.8,0.029,32962.0,0.1,6.0,0.8,0.9,0.002,2.1,-1.51,0.71,8.9,7.0,0.0152,30,149,-68,15,150.4,444,-301,143,0.7,0.008077,6940.0,3060.0,1080.0,331.0,55.7,19.7,-1,2000-11-10 19:00:00
2000,315,20,2283,51,52,60,37,6.1,5.6,14.5,341.2,5.1,-1.7,1.4,-1.5,1.6,0.1,2.4,0.5,2.0,1.1,217496.0,1.4,829.0,-0.5,1.0,0.035,20059.0,0.1,7.0,1.7,1.0,0.0,1.83,-1.33,0.54,8.0,6.6,0.0184,30,149,-65,15,150.4,221,-139,81,0.2,0.008077,6600.0,2910.0,1030.0,316.0,53.8,19.1,-1,2000-11-10 20:00:00
2000,315,21,2283,51,52,59,38,5.9,5.4,15.8,337.9,4.8,-2.0,1.5,-1.8,1.7,0.1,2.1,0.6,1.6,1.3,188560.0,1.2,819.0,-0.7,1.1,0.048,31969.0,0.1,9.0,1.7,1.4,0.0,1.6,-1.39,0.45,7.6,6.4,0.0206,30,149,-62,15,150.4,138,-78,60,0.4,0.008077,5980.0,2620.0,933.0,293.0,50.5,18.0,-1,2000-11-10 21:00:00
2000,315,22,2283,71,71,2,2,5.9,5.7,8.9,3.1,5.6,0.3,0.9,0.4,0.9,0.0,1.5,0.0,1.4,0.4,269737.0,1.1,780.0,-0.5,-1.0,0.034,15960.0,0.2,5.0,0.6,0.3,0.006,1.27,-0.7,0.52,6.9,5.8,0.0247,30,149,-61,15,150.4,173,-115,58,1.2,0.008077,5420.0,2330.0,828.0,263.0,46.5,16.9,-1,2000-11-10 22:00:00
2000,315,23,2283,71,71,7,7,5.7,5.3,20.3,349.4,4.9,-0.9,1.8,-0.7,1.9,0.1,1.9,0.3,1.5,1.1,231367.0,1.0,777.0,0.4,-0.4,0.04,29278.0,0.1,7.0,1.5,0.7,0.013,1.17,-1.48,0.46,6.8,5.8,0.0256,30,149,-61,15,150.4,288,-230,58,0.5,0.008077,4730.0,1990.0,717.0,235.0,42.1,14.8,-1,2000-11-10 23:00:00
2000,316,0,2283,71,71,13,13,5.8,5.0,31.2,345.6,4.2,-1.1,2.6,-0.8,2.7,0.1,2.5,0.9,2.1,1.1,156087.0,1.0,783.0,0.4,0.7,0.054,35344.0,0.1,15.0,2.2,1.1,0.006,1.25,-2.11,0.35,6.8,5.9,0.0261,23,133,-57,9,146.6,262,-187,75,1.5,0.007973,4350.0,1820.0,657.0,217.0,39.6,14.0,-1,2000-11-11 00:00:00
2000,316,1,2283,71,71,13,13,5.6,4.5,3.7,302.3,2.4,-3.8,0.3,-3.7,0.8,0.1,2.5,1.4,1.4,1.6,114149.0,1.0,804.0,-3.1,-1.3,0.056,15525.0,0.0,22.0,1.6,1.9,0.008,1.32,-0.64,0.32,7.2,6.4,0.0231,23,133,-52,9,146.6,169,-112,57,0.3,0.007973,3890.0,1630.0,592.0,196.0,35.7,12.9,-1,2000-11-11 01:00:00
2000,316,2,2283,71,71,14,14,5.4,4.3,5.8,2.4,4.3,0.2,0.4,0.3,0.4,0.1,2.8,0.5,2.2,1.7,164800.0,1.0,773.0,1.8,-1.3,0.052,28773.0,0.1,6.0,2.6,2.2,0.005,1.21,-0.31,0.42,7.2,6.1,0.0232,23,133,-52,9,146.6,178,-93,85,1.9,0.007973,3690.0,1530.0,555.0,184.0,33.6,12.2,-1,2000-11-11 02:00:00
2000,316,3,2283,71,71,15,15,5.3,4.6,19.5,340.4,4.1,-1.5,1.6,-1.1,1.9,0.1,2.0,0.9,1.5,1.1,145564.0,0.9,762.0,-0.2,0.2,0.063,12692.0,0.0,12.0,1.6,1.3,0.011,1.09,-1.45,0.37,6.8,5.9,0.0256,33,133,-52,18,146.6,198,-144,54,1.6,0.007973,3410.0,1410.0,516.0,173.0,31.5,11.2,-1,2000-11-11 03:00:00
2000,316,4,2283,71,71,16,16,7.3,6.2,21.1,325.2,4.7,-3.3,2.2,-2.6,3.0,2.3,3.4,1.3,1.9,2.5,333145.0,1.5,812.0,-0.4,0.9,0.088,166171.0,0.7,52.0,1.7,2.2,0.0,2.23,-2.44,0.54,6.8,5.6,0.0256,33,133,-45,18,146.6,234,-154,80,0.5,0.007973,2920.0,1220.0,458.0,158.0,29.7,10.6,-1,2000-11-11 04:00:00
2000,316,5,2283,71,71,16,16,10.3,8.0,17.4,297.5,3.5,-6.8,2.4,-5.7,4.5,0.4,5.0,2.8,2.8,3.1,562655.0,2.1,894.0,0.4,1.2,9.999,33802.0,0.3,20.0,2.0,1.9,9.999,3.36,-4.02,0.57,6.3,5.1,0.0301,33,133,-34,18,146.6,311,-227,84,0.7,0.007973,1460.0,666.0,276.0,104.0,20.9,7.62,-1,2000-11-11 05:00:00
2000,316,6,2283,71,71,15,15,9.4,8.0,20.3,282.1,1.6,-7.4,2.8,-5.8,5.3,0.2,3.6,2.0,1.5,2.6,537476.0,2.2,905.0,0.2,1.4,0.029,41394.0,0.3,14.0,1.3,1.3,0.0,3.36,-4.8,0.69,7.1,5.7,0.0233,17,133,-31,6,146.6,107,-42,66,-0.7,0.007973,912.0,437.0,193.0,77.0,16.2,5.89,-1,2000-11-11 06:00:00
2000,316,7,2283,71,71,14,14,9.4,9.2,36.4,297.0,3.4,-6.6,5.5,-3.8,7.7,0.4,1.7,1.2,0.9,0.9,457234.0,2.2,885.0,1.1,2.8,9.999,19737.0,0.2,9.0,1.3,0.3,9.999,3.45,-6.81,0.61,7.0,5.7,0.0244,17,133,-30,6,146.6,46,-7,39,-0.7,0.007973,418.0,215.0,103.0,45.7,10.7,4.15,-1,2000-11-11 07:00:00
2000,316,8,2283,71,71,15,15,9.6,9.4,45.8,318.2,4.9,-4.4,6.8,-1.0,8.0,0.2,1.8,0.3,1.6,0.8,311347.0,2.7,883.0,3.2,1.2,0.037,44089.0,0.2,2.0,1.0,1.1,0.003,4.04,-7.06,0.54,7.6,6.2,0.0208,17,133,-25,6,146.6,46,-15,31,-0.1,0.007973,211.0,112.0,57.9,28.2,7.38,3.01,-1,2000-11-11 08:00:00
2000,316,9,2283,71,71,15,15,10.2,9.8,39.7,313.0,5.2,-5.5,6.3,-2.1,8.1,0.3,2.3,1.1,1.8,0.9,176295.0,3.0,877.0,1.6,-0.5,0.026,29117.0,0.6,7.0,0.7,0.2,0.005,4.25,-7.1,0.37,7.4,6.5,0.0215,23,133,-24,9,146.6,47,-18,28,-0.2,0.007973,156.0,69.4,32.8,16.6,4.82,2.02,-1,2000-11-11 09:00:00
2000,316,10,2283,71,71,15,15,10.0,9.0,-0.8,293.2,3.5,-8.3,-0.1,-7.5,3.6,0.4,4.2,2.3,1.6,3.1,100019.0,3.9,864.0,0.1,-1.5,0.029,35518.0,0.4,4.0,1.0,0.7,0.013,5.43,-3.11,0.37,8.5,7.4,0.0163,23,133,-23,9,146.6,144,-78,67,0.4,0.007973,143.0,50.1,21.0,10.8,3.4,1.51,-1,2000-11-11 10:00:00
2000,316,11,2283,71,71,15,15,8.9,8.9,-12.0,285.5,2.3,-8.4,-1.8,-8.3,2.1,0.4,0.8,0.5,0.5,0.5,57165.0,3.5,850.0,-0.5,-2.2,0.037,3200.0,0.5,6.0,0.7,0.4,0.011,4.85,-1.78,0.34,8.9,7.9,0.0149,23,133,-26,9,146.6,246,-149,97,0.6,0.007973,139.0,47.2,19.5,10.1,3.22,1.45,-1,2000-11-11 11:00:00
2000,316,12,2283,71,71,15,15,8.1,8.0,-9.8,301.1,4.1,-6.8,-1.4,-6.8,1.6,0.2,0.8,0.4,0.4,0.6,75876.0,2.5,827.0,0.4,-1.7,0.018,7619.0,0.2,4.0,0.2,0.3,0.002,3.06,-1.32,0.32,8.1,7.1,0.0183,33,133,-28,18,146.6,418,-282,136,1.1,0.007973,150.0,51.4,21.8,11.1,3.45,1.58,-1,2000-11-11 12:00:00
2000,316,13,2283,71,71,15,15,8.0,7.0,-20.8,308.4,4.1,-5.1,-2.5,-5.7,-0.3,0.2,3.5,1.4,2.5,2.0,95540.0,1.7,833.0,1.1,-1.4,0.032,15427.0,0.6,8.0,0.9,0.5,0.009,2.22,0.25,0.25,6.8,6.2,0.0258,33,133,-30,18,146.6,415,-294,121,2.5,0.007973,111.0,42.6,19.8,10.5,3.33,1.49,-1,2000-11-11 13:00:00
2000,316,14,2283,71,71,15,15,7.0,6.7,-0.9,308.5,4.1,-5.2,-0.1,-4.9,1.8,0.3,1.9,0.9,1.2,1.2,150400.0,1.5,809.0,0.4,-0.8,0.039,23305.0,0.2,9.0,0.4,0.6,0.004,1.9,-1.46,0.35,7.1,6.2,0.0237,33,133,-33,18,146.6,384,-325,59,1.1,0.007973,106.0,47.1,23.6,12.5,3.72,1.58,-1,2000-11-11 14:00:00
2000,316,15,2283,71,71,14,14,6.5,5.4,-14.0,338.1,4.9,-2.0,-1.3,-2.3,-0.6,0.2,3.4,1.5,2.9,1.2,176580.0,1.5,802.0,0.4,-1.6,0.038,11834.0,0.2,9.0,1.4,0.4,0.004,1.86,0.48,0.45,7.6,6.4,0.0208,40,133,-28,27,146.6,359,-286,73,2.7,0.007973,113.0,57.6,30.2,15.7,4.46,1.91,-1,2000-11-11 15:00:00
2000,316,16,2283,71,71,16,16,6.1,5.5,-13.5,335.6,4.9,-2.2,-1.3,-2.5,-0.7,0.2,2.5,1.2,1.8,1.2,156671.0,1.4,786.0,0.2,-1.5,0.038,16224.0,0.1,6.0,1.4,0.6,0.004,1.66,0.55,0.45,7.6,6.5,0.0205,40,133,-36,27,146.6,302,-225,77,0.8,0.007973,117.0,60.0,31.6,16.4,4.53,1.88,-1,2000-11-11 16:00:00
2000,316,17,2283,71,71,15,15,6.0,5.4,-25.8,323.4,3.9,-2.9,-2.3,-3.3,-1.6,0.1,2.3,1.5,1.4,1.2,144547.0,1.3,779.0,-0.5,-2.1,0.047,7583.0,0.1,21.0,1.4,1.1,0.005,1.57,1.25,0.41,7.4,6.4,0.0217,40,133,-36,27,146.6,499,-387,113,2.9,0.007973,108.0,57.0,30.8,16.2,4.6,1.98,-1,2000-11-11 17:00:00
2000,316,18,2283,71,71,14,14,6.0,5.5,-17.3,328.0,4.4,-2.8,-1.6,-3.0,-1.1,0.1,2.0,1.2,1.3,0.9,133612.0,1.1,758.0,-0.4,-1.2,0.046,7775.0,0.1,16.0,1.1,0.9,0.004,1.25,0.83,0.33,6.6,5.8,0.0271,40,133,-31,27,146.6,410,-349,61,3.3,0.007973,103.0,54.8,29.8,15.7,4.45,1.85,-1,2000-11-11 18:00:00
2000,316,19,2283,71,71,15,15,5.8,5.6,-15.0,336.0,4.9,-2.2,-1.4,-2.4,-1.1,0.1,1.1,0.4,0.9,0.5,117405.0,1.1,743.0,-0.5,-0.9,0.052,7126.0,0.1,6.0,0.7,0.5,0.005,1.23,0.82,0.33,6.7,5.9,0.0264,40,133,-36,27,146.6,385,-278,108,1.5,0.007973,93.1,50.8,28.1,15.0,4.29,1.83,-1,2000-11-11 19:00:00
2000,316,20,2283,71,71,15,15,5.7,5.5,-7.8,346.9,5.3,-1.2,-0.8,-1.3,-0.7,0.1,0.8,0.2,0.6,0.5,109176.0,1.1,730.0,-0.1,-0.4,0.052,4102.0,0.0,4.0,0.7,0.5,0.007,1.18,0.51,0.33,6.7,5.9,0.0264,40,133,-32,27,146.6,425,-292,133,2.9,0.007973,93.8,51.6,28.6,15.2,4.29,1.78,-1,2000-11-11 20:00:00
2000,316,21,2283,71,71,15,15,5.8,5.6,-20.7,345.3,5.0,-1.3,-2.0,-1.5,-1.9,0.1,1.1,0.3,0.6,0.9,102575.0,1.1,722.0,-0.3,-1.1,0.051,5564.0,0.1,6.0,0.8,1.0,0.005,1.15,1.37,0.31,6.5,5.8,0.0279,30,133,-33,15,146.6,287,-161,126,2.0,0.007973,106.0,59.2,32.3,16.5,4.45,1.83,-1,2000-11-11 21:00:00
2000,316,22,2283,71,71,14,14,5.7,5.2,-19.6,335.1,4.5,-2.1,-1.8,-2.2,-1.6,0.1,1.7,0.7,1.0,1.3,111783.0,1.1,710.0,-0.7,-0.9,0.044,9633.0,0.1,13.0,1.2,1.3,0.007,1.09,1.14,0.34,6.5,5.7,0.0279,30,133,-35,15,146.6,259,-145,114,1.3,0.007973,97.6,56.4,31.3,16.3,4.36,1.79,-1,2000-11-11 22:00:00
2000,316,23,2283,71,71,15,15,5.5,4.7,-34.6,341.6,3.7,-1.2,-2.7,-1.4,-2.6,0.1,2.5,0.9,2.1,1.0,156236.0,1.1,712.0,-0.3,-2.1,0.061,28166.0,0.1,13.0,2.1,1.3,0.008,1.16,1.85,0.43,6.8,5.8,0.0258,30,133,-31,15,146.6,360,-191,169,2.0,0.007973,99.0,58.6,32.8,16.8,4.54,1.92,-1,2000-11-11 23:00:00
2000,317,0,2283,71,71,15,15,5.3,4.9,-14.9,20.6,4.4,1.7,-1.2,1.6,-1.4,0.1,1.8,0.4,1.6,0.8,210030.0,1.1,698.0,2.9,-0.5,0.07,17569.0,0.1,6.0,1.8,0.9,0.012,1.15,0.98,0.55,6.9,5.7,0.0249,30,107,-32,15,143.6,469,-315,155,5.0,0.007975,101.0,59.2,32.9,16.8,4.38,1.84,-1,2000-11-12 00:00:00
2000,317,1,2283,71,71,15,15,5.0,4.5,-7.7,356.4,4.5,-0.3,-0.6,-0.4,-0.6,0.0,1.7,0.5,1.5,0.7,208045.0,1.2,684.0,0.7,0.0,0.064,13040.0,0.1,6.0,1.5,0.7,0.007,1.18,0.41,0.67,7.5,6.0,0.0212,30,107,-33,15,143.6,338,-188,149,2.8,0.007975,92.9,55.1,30.8,15.8,4.24,1.77,-1,2000-11-12 01:00:00
2000,317,2,2283,71,71,15,15,5.0,4.7,0.8,355.1,4.7,-0.4,0.1,-0.4,0.2,0.0,1.1,0.3,0.8,0.7,195403.0,1.4,677.0,0.8,0.6,0.063,10475.0,0.1,3.0,0.8,0.8,0.007,1.34,-0.14,0.75,8.0,6.2,0.0185,30,107,-33,15,143.6,240,-119,121,1.7,0.007975,88.7,52.7,29.7,15.4,4.07,1.71,-1,2000-11-12 02:00:00
2000,317,3,2283,71,71,14,14,5.1,4.3,-2.8,4.6,4.3,0.3,-0.2,0.2,-0.3,0.1,2.4,0.7,1.8,1.5,189039.0,1.4,678.0,1.5,0.5,0.055,14237.0,0.1,12.0,1.6,1.7,0.008,1.31,0.2,0.71,7.9,6.2,0.0192,40,107,-39,27,143.6,375,-247,128,1.9,0.007975,87.5,51.9,29.2,15.0,3.88,1.62,-1,2000-11-12 03:00:00
2000,317,4,2283,71,71,15,15,5.2,4.5,-33.8,337.4,3.4,-1.4,-2.5,-2.0,-2.0,0.1,2.0,1.2,0.9,1.3,140023.0,1.5,677.0,-1.1,-2.2,0.054,10019.0,0.2,16.0,1.1,1.6,0.004,1.4,1.35,0.62,8.0,6.4,0.0187,40,107,-40,27,143.6,410,-289,121,4.4,0.007975,83.3,49.7,28.2,14.6,3.91,1.6,-1,2000-11-12 04:00:00
2000,317,5,2283,71,71,15,15,4.9,3.8,-37.4,335.0,2.7,-1.3,-2.3,-2.0,-1.8,0.1,2.5,1.0,1.8,1.4,168386.0,1.5,681.0,-0.9,-1.7,0.064,15893.0,0.2,13.0,1.6,1.4,0.007,1.46,1.23,0.77,8.5,6.6,0.0164,40,107,-39,27,143.6,298,-179,119,2.9,0.007975,82.6,49.6,28.1,14.5,3.79,1.55,-1,2000-11-12 05:00:00
2000,317,6,2283,71,71,15,15,4.9,4.1,-37.5,27.2,2.9,1.5,-2.5,0.5,-2.9,0.1,2.2,0.8,1.9,1.0,178300.0,1.6,673.0,1.8,-1.8,0.059,10618.0,0.2,11.0,2.0,1.0,0.006,1.5,1.95,0.85,8.7,6.6,0.0158,40,107,-40,27,143.6,316,-211,104,2.1,0.007975,79.4,48.4,27.6,14.3,3.81,1.64,-1,2000-11-12 06:00:00
2000,317,7,2283,71,71,15,15,4.5,3.9,-4.4,7.5,3.9,0.5,-0.3,0.3,-0.5,0.2,1.8,0.5,1.3,1.2,195544.0,1.8,652.0,0.9,0.4,0.056,9605.0,0.2,6.0,1.4,1.1,0.007,1.56,0.33,1.2,9.7,6.8,0.0126,40,107,-38,27,143.6,425,-287,138,3.1,0.007975,78.0,47.7,27.3,14.1,3.77,1.59,-1,2000-11-12 07:00:00
2000,317,8,2283,71,71,15,15,4.4,3.3,-18.0,336.9,2.8,-1.2,-1.0,-1.5,-0.4,0.2,2.4,0.7,1.3,1.8,172503.0,1.8,657.0,-0.9,-0.3,0.053,13617.0,0.1,8.0,1.3,1.9,0.005,1.57,0.26,1.16,10.0,7.1,0.0119,40,107,-32,27,143.6,150,-77,73,1.4,0.007975,72.7,44.7,25.8,13.5,3.58,1.53,-1,2000-11-12 08:00:00
2000,317,9,2283,71,71,15,15,4.4,3.1,-35.4,318.0,1.9,-1.7,-1.8,-2.3,-0.9,0.2,2.4,1.4,1.3,1.4,162876.0,1.8,665.0,-1.7,-1.5,0.043,13153.0,0.1,17.0,1.1,1.5,0.007,1.56,0.6,1.13,10.1,7.2,0.0116,37,107,-32,22,143.6,379,-257,121,2.2,0.007975,72.0,44.1,25.2,13.1,3.52,1.51,-1,2000-11-12 09:00:00
2000,317,10,2283,71,71,15,15,4.5,3.3,-9.2,340.5,3.1,-1.1,-0.5,-1.2,0.0,0.3,2.6,1.3,2.0,1.1,149876.0,2.0,651.0,-0.5,-1.4,0.051,30183.0,0.2,16.0,1.8,1.0,0.008,1.7,-0.0,1.14,10.2,7.3,0.0114,37,107,-31,22,143.6,590,-463,127,3.7,0.007975,83.0,50.6,28.4,14.3,3.87,1.82,-1,2000-11-12 10:00:00
2000,317,11,2283,71,71,15,15,4.2,2.9,20.8,299.8,1.3,-2.3,1.0,-1.6,1.9,0.2,2.6,1.1,2.0,1.2,150820.0,1.7,673.0,-1.1,-0.4,0.049,24562.0,0.2,14.0,1.8,0.9,0.004,1.54,-1.28,1.12,10.4,7.4,0.0109,37,107,-31,22,143.6,242,-142,100,1.6,0.007975,83.2,50.7,28.3,14.3,3.62,1.52,-1,2000-11-12 11:00:00
2000,317,12,2283,71,71,15,15,4.2,3.3,49.1,299.3,1.1,-1.9,2.5,-0.7,3.1,0.3,2.1,1.0,1.2,1.3,137883.0,1.7,679.0,-0.2,0.5,0.055,13128.0,0.1,12.0,0.9,1.1,0.006,1.6,-2.1,1.07,10.5,7.6,0.0107,33,107,-25,18,143.6,121,-54,68,0.4,0.007975,75.8,47.3,26.7,13.5,3.41,1.44,-1,2000-11-12 12:00:00
2000,317,13,2283,71,71,15,15,4.2,3.6,-5.8,9.0,3.5,0.6,-0.4,0.4,-0.6,0.1,1.9,0.4,1.2,1.4,144104.0,2.1,657.0,1.3,-2.1,0.051,8531.0,0.1,4.0,1.2,1.3,0.004,1.82,0.39,1.35,11.3,7.7,0.0093,33,107,-23,18,143.6,104,-64,40,0.9,0.007975,73.4,46.1,26.1,13.2,3.39,1.46,-1,2000-11-12 13:00:00
2000,317,14,2283,71,71,15,15,4.0,3.0,-18.8,9.5,2.8,0.5,-1.0,0.1,-1.1,0.2,2.3,0.7,1.8,1.3,145980.0,2.0,656.0,0.7,-2.5,0.049,10575.0,0.2,8.0,1.6,1.1,0.004,1.72,0.72,1.43,11.6,7.8,0.0088,33,107,-25,18,143.6,379,-300,79,1.9,0.007975,73.4,46.0,25.9,13.1,3.3,1.36,-1,2000-11-12 14:00:00
2000,317,15,2283,71,71,15,15,3.7,2.8,11.7,10.9,2.7,0.5,0.6,0.7,0.4,0.1,2.2,0.6,1.1,1.8,147454.0,2.0,654.0,1.3,-1.5,0.052,7038.0,0.2,9.0,1.1,1.7,0.005,1.73,-0.26,1.68,12.5,8.0,0.0076,40,107,-25,27,143.6,705,-598,107,3.1,0.007975,70.3,44.1,24.9,12.6,3.21,1.35,-1,2000-11-12 15:00:00
2000,317,16,2283,71,71,15,15,3.8,3.1,32.2,9.0,2.6,0.4,1.6,0.8,1.4,0.1,1.9,0.3,1.8,0.4,141634.0,2.1,651.0,1.4,-0.6,0.05,4714.0,0.1,3.0,1.5,0.3,0.005,1.78,-0.91,1.63,12.4,8.0,0.0077,40,107,-28,27,143.6,372,-265,107,1.4,0.007975,68.3,42.9,24.3,12.3,3.14,1.35,-1,2000-11-12 16:00:00
2000,317,17,2283,71,71,15,15,4.2,3.3,6.5,316.9,2.4,-2.2,0.4,-2.1,0.9,0.1,2.5,1.0,1.9,1.2,117060.0,2.2,648.0,-0.9,-1.6,0.045,7854.0,0.1,7.0,1.8,0.9,0.004,1.82,-0.58,1.27,11.4,7.9,0.0091,40,107,-23,27,143.6,343,-261,83,1.1,0.007975,68.6,42.9,24.1,12.2,3.14,1.34,-1,2000-11-12 17:00:00
2000,317,18,2283,71,71,15,15,4.2,3.4,-7.4,296.9,1.5,-3.0,-0.4,-3.0,0.1,0.1,2.2,1.4,1.1,1.2,106215.0,2.1,648.0,-1.7,-2.2,0.048,7841.0,0.2,16.0,1.2,1.1,0.005,1.76,-0.06,1.16,11.2,7.9,0.0095,23,107,-23,9,143.6,227,-184,43,1.5,0.007975,67.9,42.0,23.5,11.9,3.09,1.35,-1,2000-11-12 18:00:00
2000,317,19,2283,71,71,14,14,4.3,4.0,-11.4,343.5,3.7,-1.1,-0.8,-1.2,-0.6,0.1,1.4,0.6,1.0,0.8,104376.0,2.3,619.0,-0.0,-2.7,0.04,6028.0,0.1,7.0,1.1,0.7,0.006,1.71,0.37,1.2,10.9,7.6,0.01,23,107,-27,9,143.6,179,-121,59,0.9,0.007975,61.0,37.9,21.4,10.8,2.78,1.19,-1,2000-11-12 19:00:00
2000,317,20,2283,71,71,15,15,4.5,3.6,-10.0,310.3,2.3,-2.7,-0.6,-2.7,-0.3,0.4,2.5,1.4,1.6,1.3,96819.0,2.0,628.0,-1.8,-2.3,0.04,18310.0,0.2,17.0,1.8,1.4,0.007,1.53,0.19,0.93,9.9,7.4,0.0122,23,107,-29,9,143.6,216,-151,65,0.8,0.007975,57.4,35.8,20.4,10.5,2.6,1.1,-1,2000-11-12 20:00:00
2000,317,21,2283,71,71,15,15,4.5,4.0,11.2,287.9,1.2,-3.7,0.8,-3.6,1.1,0.1,1.6,1.3,0.5,0.8,100169.0,2.0,636.0,-2.2,-1.0,0.046,8828.0,0.1,15.0,0.4,0.8,0.007,1.6,-0.7,0.94,10.0,7.4,0.0119,27,107,-23,12,143.6,293,-222,71,1.6,0.007975,42.5,27.4,16.3,8.68,2.31,1.03,-1,2000-11-12 21:00:00
2000,317,22,2283,71,71,15,15,4.3,3.7,5.7,313.2,2.5,-2.7,0.4,-2.7,0.6,0.1,1.7,1.2,0.8,0.8,118075.0,2.1,616.0,-1.0,-1.4,0.051,7691.0,0.2,12.0,0.9,0.8,0.004,1.6,-0.37,1.16,10.4,7.3,0.011,27,107,-21,12,143.6,187,-121,67,1.2,0.007975,38.1,25.1,15.1,8.19,2.29,1.04,-1,2000-11-12 22:00:00
2000,317,23,2283,71,71,15,15,4.1,3.1,7.8,8.2,3.1,0.4,0.4,0.4,0.4,0.1,2.2,0.6,1.6,1.4,147458.0,2.3,616.0,1.9,-1.7,0.052,8637.0,0.2,7.0,1.8,1.4,0.004,1.76,-0.25,1.57,11.4,7.4,0.0092,27,107,-22,12,143.6,109,-46,63,0.5,0.007975,36.0,24.1,14.7,8.07,2.17,0.98,-1,2000-11-12 23:00:00
2000,318,0,2283,71,71,15,15,4.3,4.0,14.0,292.7,1.5,-3.6,1.0,-3.5,1.3,0.1,1.2,0.9,0.5,0.6,129273.0,2.1,623.0,-1.8,-1.1,0.048,8049.0,0.1,9.0,0.7,0.6,0.004,1.62,-0.81,1.22,10.5,7.3,0.0108,17,104,-20,6,140.6,64,-23,41,-0.1,0.008277,36.7,24.1,14.5,7.86,2.26,1.04,-1,2000-11-13 00:00:00
2000,318,1,2283,71,71,15,15,4.3,3.9,21.9,288.1,1.1,-3.4,1.4,-3.2,1.8,0.1,1.5,0.9,0.5,1.1,115975.0,2.1,621.0,-1.5,-0.6,0.048,7474.0,0.1,9.0,0.7,1.0,0.004,1.61,-1.12,1.15,10.5,7.4,0.0109,17,104,-20,6,140.6,48,-10,37,-0.1,0.008277,33.4,22.3,13.5,7.38,2.06,0.89,-1,2000-11-13 01:00:00
2000,318,2,2283,71,71,15,15,4.0,3.6,12.6,330.8,3.0,-1.7,0.8,-1.5,1.1,0.1,1.6,0.4,0.9,1.2,131225.0,2.2,598.0,0.0,-1.4,0.049,6071.0,0.1,5.0,1.0,1.1,0.003,1.57,-0.66,1.48,11.1,7.3,0.0097,17,104,-22,6,140.6,67,-30,37,0.4,0.008277,31.9,21.4,13.1,7.22,2.05,0.98,-1,2000-11-13 02:00:00
2000,318,3,2283,71,71,16,16,4.2,3.4,-1.2,317.9,2.5,-2.3,-0.1,-2.3,0.4,0.2,2.4,1.7,1.4,1.0,121876.0,2.3,600.0,-0.8,-2.3,0.039,11295.0,0.2,17.0,1.4,1.0,0.005,1.6,-0.24,1.36,10.8,7.3,0.0101,30,104,-23,15,140.6,93,-45,48,0.4,0.008277,31.9,21.1,12.8,6.99,1.96,0.86,-1,2000-11-13 03:00:00
2000,318,4,2283,71,71,14,14,4.5,3.3,-26.1,288.8,1.0,-2.8,-1.5,-3.1,-0.7,0.1,2.5,1.5,1.0,1.7,112022.0,2.5,615.0,-1.5,-3.3,0.044,10237.0,0.2,16.0,1.0,1.6,0.006,1.86,0.43,1.23,10.8,7.5,0.0102,30,104,-23,15,140.6,158,-83,75,1.3,0.008277,31.9,21.2,12.9,7.08,2.04,0.95,-1,2000-11-13 04:00:00
2000,318,5,2283,71,71,15,15,4.4,4.1,39.4,314.4,2.2,-2.3,2.6,-1.4,3.2,0.2,1.2,0.8,0.7,0.5,104760.0,2.2,597.0,-0.5,0.3,0.043,9930.0,0.1,8.0,0.8,0.5,0.004,1.53,-1.91,1.1,10.1,7.2,0.0117,30,104,-24,15,140.6,104,-37,67,0.8,0.008277,32.1,21.1,12.8,7.04,2.03,0.96,-1,2000-11-13 05:00:00
2000,318,6,2283,71,71,15,15,4.4,3.9,37.8,303.6,1.7,-2.6,2.4,-1.6,3.2,0.1,1.6,1.2,0.8,0.7,100957.0,2.3,596.0,-0.5,0.0,0.045,6868.0,0.1,10.0,1.0,0.7,0.005,1.61,-1.91,1.13,10.3,7.3,0.0113,13,104,-20,5,140.6,53,1,54,0.1,0.008277,31.5,20.7,12.5,6.88,1.95,0.92,-1,2000-11-13 06:00:00
2000,318,7,2283,71,71,15,15,4.5,4.0,40.6,335.8,2.8,-1.2,2.6,-0.1,2.9,0.1,1.7,1.0,1.2,0.6,102671.0,2.4,587.0,0.4,-0.3,0.043,3798.0,0.1,9.0,1.2,0.6,0.004,1.62,-1.7,1.14,10.1,7.2,0.0117,13,104,-17,5,140.6,40,-2,39,0.2,0.008277,31.0,20.2,12.2,6.67,1.87,0.87,-1,2000-11-13 07:00:00
2000,318,8,2283,71,71,15,15,4.3,3.2,-10.9,337.2,2.9,-1.2,-0.6,-1.3,0.0,0.1,2.7,1.0,1.2,2.2,120355.0,2.5,583.0,-0.2,-2.6,0.043,14848.0,0.2,9.0,1.4,1.8,0.004,1.66,-0.0,1.4,10.7,7.2,0.0104,13,104,-17,5,140.6,37,-9,28,0.4,0.008277,30.0,19.6,11.9,6.52,1.85,0.85,-1,2000-11-13 08:00:00
2000,318,9,2283,71,71,14,14,4.2,3.2,31.6,337.1,2.5,-1.1,1.7,-0.2,2.0,0.2,2.5,0.9,2.2,0.7,111331.0,2.5,585.0,0.7,-0.7,0.047,9729.0,0.2,10.0,1.7,0.6,0.009,1.7,-1.17,1.41,11.0,7.4,0.0098,27,104,-17,12,140.6,50,-24,26,0.3,0.008277,28.5,18.8,11.4,6.28,1.76,0.8,-1,2000-11-13 09:00:00
2000,318,10,2283,71,71,16,16,4.5,3.9,24.6,309.4,2.3,-2.7,1.6,-1.7,2.6,0.1,1.8,0.7,1.2,1.2,94933.0,2.5,584.0,-1.0,-0.3,0.046,6967.0,0.2,7.0,1.4,1.1,0.005,1.69,-1.52,1.15,10.3,7.3,0.0113,27,104,-19,12,140.6,75,-46,29,0.1,0.008277,27.6,18.1,11.0,6.07,1.69,0.79,-1,2000-11-13 10:00:00
